{
    "animation": [
        {
            "name": "Root",
            "time": [0.0, 0.0417, 0.0833, 0.125, 0.1667, 0.2083, 0.25, 0.2917, 0.3333, 0.375, 0.4167, 0.4583, 0.5, 0.5417, 0.5833, 0.625, 0.6667, 0.7083, 0.75, 0.7917, 0.8333, 0.875, 0.9167, 0.9583, 1.0, 1.0417, 1.0833, 1.125, 1.1667, 1.2083, 1.25, 1.2916],
            "transform": [
                [1.0, -0.0, -0.0, -0.463858, -0.0, -0.0, -1.0, 0.089518, 0.0, 1.0, -0.0, 0.573053, 0.0, 0.0, 0.0, 1.0],
                [1.0, -0.0, -0.0, -0.43125, -0.0, -0.0, -1.0, 0.559346, 0.0, 1.0, -0.0, 0.573053, 0.0, 0.0, 0.0, 1.0],
                [1.0, -0.0, -0.0, -0.429384, -0.0, -0.0, -1.0, 0.997881, 0.0, 1.0, -0.0, 0.573053, 0.0, 0.0, 0.0, 1.0],
                [1.0, -0.0, -0.0, -0.433651, -0.0, -0.0, -1.0, 1.390806, 0.0, 1.0, -0.0, 0.642391, 0.0, 0.0, 0.0, 1.0],
                [1.0, -0.0, -0.0, -0.439133, -0.0, -0.0, -1.0, 1.717081, 0.0, 1.0, -0.0, 0.789126, 0.0, 0.0, 0.0, 1.0],
                [1.0, -0.0, -0.0, -0.44131, -0.0, -0.0, -1.0, 2.038553, 0.0, 1.0, -0.0, 0.875251, 0.0, 0.0, 0.0, 1.0],
                [1.0, -0.0, -0.0, -0.432486, -0.0, -0.0, -1.0, 2.659965, 0.0, 1.0, -0.0, 1.035302, 0.0, 0.0, 0.0, 1.0],
                [1.0, -0.0, -0.0, -0.45176, -0.0, -0.0, -1.0, 3.354495, 0.0, 1.0, -0.0, 0.781065, 0.0, 0.0, 0.0, 1.0],
                [1.0, -0.0, -0.0, -0.461319, -0.0, -0.0, -1.0, 3.519538, 0.0, 1.0, -0.0, 0.341929, 0.0, 0.0, 0.0, 1.0],
                [1.0, -0.0, -0.0, -0.472212, -0.0, -0.0, -1.0, 3.633604, 0.0, 1.0, -0.0, 0.133917, 0.0, 0.0, 0.0, 1.0],
                [1.0, -0.0, -0.0, -0.485324, -0.0, -0.0, -1.0, 3.748106, 0.0, 1.0, -0.0, 0.087692, 0.0, 0.0, 0.0, 1.0],
                [1.0, -0.0, -0.0, -0.484996, -0.0, -0.0, -1.0, 3.816496, 0.0, 1.0, -0.0, 0.018355, 0.0, 0.0, 0.0, 1.0],
                [1.0, -0.0, -0.0, -0.480759, -0.0, -0.0, -1.0, 3.858818, 0.0, 1.0, -0.0, 0.087692, 0.0, 0.0, 0.0, 1.0],
                [1.0, -0.0, -0.0, -0.480544, -0.0, -0.0, -1.0, 3.905717, 0.0, 1.0, -0.0, 0.226367, 0.0, 0.0, 0.0, 1.0],
                [1.0, -0.0, -0.0, -0.47636, -0.0, -0.0, -1.0, 3.949502, 0.0, 1.0, -0.0, 0.295704, 0.0, 0.0, 0.0, 1.0],
                [1.0, -0.0, -0.0, -0.465959, -0.0, -0.0, -1.0, 3.983071, 0.0, 1.0, -0.0, 0.434379, 0.0, 0.0, 0.0, 1.0],
                [1.0, -0.0, -0.0, -0.459753, -0.0, -0.0, -1.0, 4.011487, 0.0, 1.0, -0.0, 0.548067, 0.0, 0.0, 0.0, 1.0],
                [1.0, -0.0, -0.0, -0.465441, -0.0, -0.0, -1.0, 4.046431, 0.0, 1.0, -0.0, 0.573053, 0.0, 0.0, 0.0, 1.0],
                [1.0, -0.0, -0.0, -0.49509, -0.0, -0.0, -1.0, 4.099134, 0.0, 1.0, -0.0, 0.573053, 0.0, 0.0, 0.0, 1.0],
                [1.0, -0.0, -0.0, -0.518679, -0.0, -0.0, -1.0, 4.146046, 0.0, 1.0, -0.0, 0.573053, 0.0, 0.0, 0.0, 1.0],
                [1.0, -0.0, -0.0, -0.527738, -0.0, -0.0, -1.0, 4.179331, 0.0, 1.0, -0.0, 0.573053, 0.0, 0.0, 0.0, 1.0],
                [1.0, -0.0, -0.0, -0.533524, -0.0, -0.0, -1.0, 4.209672, 0.0, 1.0, -0.0, 0.573053, 0.0, 0.0, 0.0, 1.0],
                [1.0, -0.0, -0.0, -0.538921, -0.0, -0.0, -1.0, 4.240167, 0.0, 1.0, -0.0, 0.573053, 0.0, 0.0, 0.0, 1.0],
                [1.0, -0.0, -0.0, -0.544214, -0.0, -0.0, -1.0, 4.264751, 0.0, 1.0, -0.0, 0.573053, 0.0, 0.0, 0.0, 1.0],
                [1.0, -0.0, -0.0, -0.54733, -0.0, -0.0, -1.0, 4.279458, 0.0, 1.0, -0.0, 0.573053, 0.0, 0.0, 0.0, 1.0],
                [1.0, -0.0, -0.0, -0.548068, -0.0, -0.0, -1.0, 4.287921, 0.0, 1.0, -0.0, 0.573053, 0.0, 0.0, 0.0, 1.0],
                [1.0, -0.0, -0.0, -0.546045, -0.0, -0.0, -1.0, 4.288515, 0.0, 1.0, -0.0, 0.573053, 0.0, 0.0, 0.0, 1.0],
                [1.0, -0.0, -0.0, -0.542954, -0.0, -0.0, -1.0, 4.288401, 0.0, 1.0, -0.0, 0.573053, 0.0, 0.0, 0.0, 1.0],
                [1.0, -0.0, -0.0, -0.539451, -0.0, -0.0, -1.0, 4.288287, 0.0, 1.0, -0.0, 0.573053, 0.0, 0.0, 0.0, 1.0],
                [1.0, -0.0, -0.0, -0.536483, -0.0, -0.0, -1.0, 4.288153, 0.0, 1.0, -0.0, 0.573053, 0.0, 0.0, 0.0, 1.0],
                [1.0, -0.0, -0.0, -0.536237, -0.0, -0.0, -1.0, 4.28802, 0.0, 1.0, -0.0, 0.573053, 0.0, 0.0, 0.0, 1.0],
                [1.0, -0.0, -0.0, -0.536237, -0.0, -0.0, -1.0, 4.28802, 0.0, 1.0, -0.0, 0.573053, 0.0, 0.0, 0.0, 1.0]
            ]
        },
        {
            "name": "Thigh_R",
            "time": [0.0, 0.0417, 0.0833, 0.125, 0.1667, 0.2083, 0.25, 0.2917, 0.3333, 0.375, 0.4167, 0.4583, 0.5, 0.5417, 0.5833, 0.625, 0.6667, 0.7083, 0.75, 0.7917, 0.8333, 0.875, 0.9167, 0.9583, 1.0, 1.0417, 1.0833, 1.125, 1.1667, 1.2083, 1.25, 1.2916],
            "transform": [
                [0.886889, 0.168989, 0.42997, 0.069756, 0.38808, -0.777465, -0.494917, 0.064176, 0.250651, 0.605799, -0.755104, -0.002264, 0.0, 0.0, 0.0, 1.0],
                [0.925073, 0.069671, 0.373347, 0.145615, 0.379766, -0.181405, -0.907122, -4.4e-05, 0.004527, 0.980938, -0.19427, -0.088248, 0.0, 0.0, 0.0, 1.0],
                [0.972976, 0.06132, 0.22262, 0.14191, 0.22589, -0.052805, -0.97272, 0.011685, -0.047891, 0.996722, -0.065229, -0.080468, 0.0, 0.0, 0.0, 1.0],
                [0.990586, 0.063529, 0.121263, 0.138205, 0.122167, -0.010535, -0.992453, 0.023413, -0.061773, 0.997925, -0.018196, -0.072688, 0.0, 0.0, 0.0, 1.0],
                [0.995006, 0.069029, 0.072115, 0.1345, 0.071638, 0.009373, -0.997387, 0.035142, -0.069525, 0.997571, 0.004382, -0.064908, 0.0, 0.0, 0.0, 1.0],
                [0.995096, 0.081489, 0.056082, 0.134773, 0.05331, 0.0358, -0.997936, 0.022409, -0.083329, 0.996032, 0.031281, -0.056484, 0.0, 0.0, 0.0, 1.0],
                [0.979257, 0.164245, 0.118664, 0.135046, 0.089018, 0.177372, -0.980109, 0.009677, -0.182026, 0.970342, 0.159072, -0.04806, 0.0, 0.0, 0.0, 1.0],
                [0.947447, 0.275754, 0.162192, 0.135319, -0.091193, 0.718739, -0.689273, -0.003056, -0.306644, 0.638259, 0.706113, -0.039637, 0.0, 0.0, 0.0, 1.0],
                [0.930249, 0.348943, 0.113484, 0.135591, -0.192874, 0.728105, -0.65777, -0.015788, -0.312153, 0.590002, 0.74462, -0.031213, 0.0, 0.0, 0.0, 1.0],
                [0.948136, 0.316053, 0.033932, 0.135864, -0.276765, 0.873316, -0.400902, -0.028521, -0.156339, 0.370718, 0.915493, -0.022789, 0.0, 0.0, 0.0, 1.0],
                [0.94224, 0.332601, -0.039531, 0.13386, -0.331096, 0.942744, 0.040114, -0.006718, 0.05061, -0.024709, 0.998412, -0.019519, 0.0, 0.0, 0.0, 1.0],
                [0.948871, 0.306386, -0.075986, 0.131855, -0.255657, 0.887084, 0.384344, 0.015086, 0.185164, -0.345266, 0.920058, -0.016248, 0.0, 0.0, 0.0, 1.0],
                [0.964034, 0.255414, -0.073519, 0.129851, -0.111032, 0.638332, 0.761712, 0.036889, 0.241481, -0.726153, 0.643731, -0.012978, 0.0, 0.0, 0.0, 1.0],
                [0.972585, 0.23126, -0.024463, 0.127846, -0.018448, 0.181594, 0.983201, 0.058692, 0.231818, -0.955795, 0.180881, -0.009708, 0.0, 0.0, 0.0, 1.0],
                [0.978515, 0.202924, 0.036516, 0.12867, 0.019111, -0.265607, 0.963892, 0.067186, 0.205296, -0.942484, -0.263779, 0.006445, 0.0, 0.0, 0.0, 1.0],
                [0.987388, 0.143207, 0.067529, 0.129493, 0.026233, -0.568581, 0.822209, 0.07568, 0.156142, -0.810067, -0.565166, 0.022598, 0.0, 0.0, 0.0, 1.0],
                [0.990375, 0.108011, 0.086569, 0.130317, 0.028403, -0.770662, 0.636612, 0.084174, 0.135477, -0.628025, -0.76631, 0.03875, 0.0, 0.0, 0.0, 1.0],
                [0.983188, 0.120472, 0.137227, 0.13114, 0.048297, -0.896293, 0.440825, 0.092667, 0.176103, -0.426786, -0.887041, 0.054902, 0.0, 0.0, 0.0, 1.0],
                [0.937503, 0.19032, 0.291324, 0.121817, 0.127993, -0.967089, 0.219903, 0.087092, 0.323588, -0.168872, -0.931006, 0.058395, 0.0, 0.0, 0.0, 1.0],
                [0.876219, 0.212557, 0.432506, 0.112494, 0.204495, -0.976661, 0.065697, 0.081516, 0.436376, 0.030881, -0.899234, 0.061887, 0.0, 0.0, 0.0, 1.0],
                [0.833964, 0.201172, 0.513844, 0.10317, 0.250006, -0.967873, -0.02683, 0.07594, 0.491939, 0.15084, -0.857464, 0.06538, 0.0, 0.0, 0.0, 1.0],
                [0.791239, 0.185601, 0.582662, 0.093847, 0.292464, -0.951644, -0.094021, 0.070365, 0.537037, 0.244801, -0.807258, 0.068872, 0.0, 0.0, 0.0, 1.0],
                [0.737846, 0.178842, 0.650846, 0.084524, 0.334854, -0.934221, -0.122903, 0.064789, 0.586054, 0.308622, -0.749195, 0.072365, 0.0, 0.0, 0.0, 1.0],
                [0.670986, 0.215091, 0.709588, 0.075201, 0.35611, -0.932885, -0.053958, 0.059213, 0.65036, 0.288896, -0.702548, 0.075858, 0.0, 0.0, 0.0, 1.0],
                [0.613498, 0.274813, 0.740337, 0.065877, 0.350634, -0.934811, 0.056441, 0.053638, 0.707587, 0.224961, -0.669862, 0.07935, 0.0, 0.0, 0.0, 1.0],
                [0.610894, 0.262697, 0.74686, 0.065053, 0.312496, -0.946761, 0.077405, 0.054639, 0.727433, 0.186105, -0.660461, 0.081448, 0.0, 0.0, 0.0, 1.0],
                [0.62142, 0.231185, 0.748594, 0.064229, 0.280149, -0.95787, 0.06326, 0.05564, 0.731682, 0.170407, -0.660004, 0.083545, 0.0, 0.0, 0.0, 1.0],
                [0.597138, 0.235069, 0.766923, 0.063405, 0.279992, -0.957042, 0.075337, 0.056641, 0.751688, 0.169746, -0.637302, 0.085643, 0.0, 0.0, 0.0, 1.0],
                [0.565992, 0.247887, 0.786261, 0.062581, 0.277692, -0.955316, 0.101289, 0.057642, 0.776237, 0.16101, -0.609536, 0.08774, 0.0, 0.0, 0.0, 1.0],
                [0.535922, 0.258446, 0.803738, 0.061757, 0.273868, -0.953732, 0.124066, 0.058643, 0.798616, 0.153629, -0.581905, 0.089839, 0.0, 0.0, 0.0, 1.0],
                [0.533313, 0.259242, 0.805216, 0.060932, 0.273473, -0.953606, 0.125891, 0.059644, 0.800496, 0.153066, -0.579465, 0.091936, 0.0, 0.0, 0.0, 1.0],
                [0.533313, 0.259242, 0.805216, 0.060932, 0.273473, -0.953606, 0.125891, 0.059644, 0.800496, 0.153066, -0.579465, 0.091936, 0.0, 0.0, 0.0, 1.0]
            ]
        },
        {
            "name": "Leg_R",
            "time": [0.0, 0.0417, 0.0833, 0.125, 0.1667, 0.2083, 0.25, 0.2917, 0.3333, 0.375, 0.4167, 0.4583, 0.5, 0.5417, 0.5833, 0.625, 0.6667, 0.7083, 0.75, 0.7917, 0.8333, 0.875, 0.9167, 0.9583, 1.0, 1.0417, 1.0833, 1.125, 1.1667, 1.2083, 1.25, 1.2916],
            "transform": [
                [1.0, -0.0, 1e-06, -0.0, -0.0, 0.866901, 0.498481, 0.37472, -1e-06, -0.498482, 0.8669, -0.0, 0.0, 0.0, 0.0, 1.0],
                [1.0, -0.0, 1e-06, -0.0, -0.0, 0.962227, 0.272251, 0.37472, -1e-06, -0.272251, 0.962226, -0.0, 0.0, 0.0, 0.0, 1.0],
                [1.0, -0.0, 1e-06, -0.0, -0.0, 0.980484, 0.196597, 0.37472, -1e-06, -0.196597, 0.980484, 0.0, 0.0, 0.0, 0.0, 1.0],
                [0.999999, -0.0, 1e-06, 0.0, -0.0, 0.958262, 0.285893, 0.37472, -1e-06, -0.285894, 0.958261, -0.0, 0.0, 0.0, 0.0, 1.0],
                [0.999999, -0.0, 1e-06, 0.0, -0.0, 0.889974, 0.456012, 0.37472, -1e-06, -0.456012, 0.889973, -0.0, 0.0, 0.0, 0.0, 1.0],
                [0.999999, -0.0, 1e-06, 0.0, -0.0, 0.742125, 0.670262, 0.37472, -1e-06, -0.670262, 0.742124, -0.0, 0.0, 0.0, 0.0, 1.0],
                [1.0, -1e-06, 0.0, -0.0, -0.0, 0.329198, 0.94426, 0.37472, -1e-06, -0.944261, 0.329198, 0.0, 0.0, 0.0, 0.0, 1.0],
                [1.0, -0.0, 0.0, 0.0, -0.0, 0.046033, 0.998939, 0.37472, -0.0, -0.998941, 0.046033, 0.0, 0.0, 0.0, 0.0, 1.0],
                [1.0, -0.0, -0.0, 0.0, 0.0, -0.262596, 0.964905, 0.37472, -0.0, -0.964907, -0.262595, 0.0, 0.0, 0.0, 0.0, 1.0],
                [0.999999, -0.0, -0.0, -0.0, 0.0, -0.451778, 0.89213, 0.37472, -0.0, -0.892132, -0.451777, 0.0, 0.0, 0.0, 0.0, 1.0],
                [1.0, -0.0, -0.0, -0.0, 0.0, -0.688459, 0.725276, 0.37472, -0.0, -0.725277, -0.688458, 0.0, 0.0, 0.0, 0.0, 1.0],
                [1.0, -0.0, -0.0, 0.0, 0.0, -0.799679, 0.600429, 0.37472, -0.0, -0.600429, -0.799678, 0.0, 0.0, 0.0, 0.0, 1.0],
                [0.999999, -0.0, -0.0, 0.0, 0.0, -0.809918, 0.586544, 0.37472, -0.0, -0.586544, -0.809918, 0.0, 0.0, 0.0, 0.0, 1.0],
                [1.0, -0.0, -0.0, -0.0, 0.0, -0.7206, 0.693352, 0.37472, -0.0, -0.693352, -0.720599, 0.0, 0.0, 0.0, 0.0, 1.0],
                [1.0, -0.0, -0.0, 0.0, 0.0, -0.504851, 0.863206, 0.374721, -0.0, -0.863207, -0.50485, 0.0, 0.0, 0.0, 0.0, 1.0],
                [1.0, -0.0, -0.0, -0.0, -0.0, -0.199885, 0.979819, 0.37472, -0.0, -0.97982, -0.199885, 0.0, 0.0, 0.0, 0.0, 1.0],
                [1.0, -0.0, 0.0, 0.0, -0.0, 0.107703, 0.994182, 0.37472, -0.0, -0.994184, 0.107703, 0.0, 0.0, 0.0, 0.0, 1.0],
                [1.0, -0.0, 0.0, -0.0, -0.0, 0.393383, 0.919374, 0.37472, -0.0, -0.919375, 0.393382, 0.0, 0.0, 0.0, 0.0, 1.0],
                [1.0, -0.0, 1e-06, -0.0, -0.0, 0.656877, 0.753997, 0.37472, -1e-06, -0.753998, 0.656876, -0.0, 0.0, 0.0, 0.0, 1.0],
                [0.999999, -0.0, 1e-06, 0.0, -0.0, 0.805612, 0.592444, 0.37472, -1e-06, -0.592445, 0.805611, -0.0, 0.0, 0.0, 0.0, 1.0],
                [1.0, -0.0, 1e-06, 0.0, -0.0, 0.8704, 0.492346, 0.37472, -1e-06, -0.492347, 0.870399, 0.0, 0.0, 0.0, 0.0, 1.0],
                [1.0, -0.0, 1e-06, -0.0, -0.0, 0.9089, 0.417015, 0.37472, -1e-06, -0.417016, 0.908899, -0.0, 0.0, 0.0, 0.0, 1.0],
                [1.0, -0.0, 1e-06, 0.0, -0.0, 0.929327, 0.369259, 0.37472, -1e-06, -0.369259, 0.929326, -0.0, 0.0, 0.0, 0.0, 1.0],
                [1.0, -0.0, 1e-06, -0.0, -0.0, 0.907981, 0.419011, 0.37472, -1e-06, -0.419012, 0.90798, 0.0, 0.0, 0.0, 0.0, 1.0],
                [1.0, -0.0, 1e-06, 0.0, -0.0, 0.862775, 0.505588, 0.37472, -1e-06, -0.505588, 0.862774, -0.0, 0.0, 0.0, 0.0, 1.0],
                [1.0, -0.0, 1e-06, 0.0, -0.0, 0.888919, 0.458063, 0.37472, -1e-06, -0.458064, 0.888918, -0.0, 0.0, 0.0, 0.0, 1.0],
                [1.0, -0.0, 1e-06, -0.0, -0.0, 0.925306, 0.379221, 0.37472, -1e-06, -0.379222, 0.925305, -0.0, 0.0, 0.0, 0.0, 1.0],
                [1.0, -0.0, 1e-06, 0.0, -0.0, 0.925078, 0.379777, 0.37472, -1e-06, -0.379778, 0.925077, -0.0, 0.0, 0.0, 0.0, 1.0],
                [1.0, -0.0, 1e-06, -0.0, -0.0, 0.918044, 0.396478, 0.37472, -1e-06, -0.396479, 0.918043, 0.0, 0.0, 0.0, 0.0, 1.0],
                [1.0, -0.0, 1e-06, -0.0, -0.0, 0.911648, 0.410972, 0.37472, -1e-06, -0.410973, 0.911647, 0.0, 0.0, 0.0, 0.0, 1.0],
                [1.0, -0.0, 1e-06, -0.0, -0.0, 0.911237, 0.411883, 0.37472, -1e-06, -0.411883, 0.911236, 0.0, 0.0, 0.0, 0.0, 1.0],
                [1.0, -0.0, 1e-06, -0.0, -0.0, 0.911237, 0.411883, 0.37472, -1e-06, -0.411883, 0.911236, 0.0, 0.0, 0.0, 0.0, 1.0]
            ]
        },
        {
            "name": "Knee_R",
            "time": [0.0, 1.2916],
            "transform": [
                [1.0, 0.0, -0.0, -0.0, -0.0, 1e-06, -1.0, 0.37472, -0.0, 1.0, 1e-06, -0.0, 0.0, 0.0, 0.0, 1.0],
                [1.0, 0.0, -0.0, -0.0, -0.0, 1e-06, -1.0, 0.37472, -0.0, 1.0, 1e-06, 0.0, 0.0, 0.0, 0.0, 1.0]
            ]
        },
        {
            "name": "Thigh_L",
            "time": [0.0, 0.0417, 0.0833, 0.125, 0.1667, 0.2083, 0.25, 0.2917, 0.3333, 0.375, 0.4167, 0.4583, 0.5, 0.5417, 0.5833, 0.625, 0.6667, 0.7083, 0.75, 0.7917, 0.8333, 0.875, 0.9167, 0.9583, 1.0, 1.0417, 1.0833, 1.125, 1.1667, 1.2083, 1.25, 1.2916],
            "transform": [
                [0.969206, -0.237023, -0.066741, -0.103789, -0.225555, -0.963302, 0.145527, 0.089832, -0.098784, -0.125992, -0.9871, -0.016131, 0.0, 0.0, 0.0, 1.0],
                [0.972601, -0.067401, -0.222485, -0.146279, -0.226611, -0.061385, -0.972048, 0.023157, 0.05186, 0.995838, -0.074976, 0.023863, 0.0, 0.0, 0.0, 1.0],
                [0.980289, -0.020881, -0.196449, -0.135059, -0.193386, 0.101768, -0.975829, 0.022615, 0.040369, 0.994592, 0.095725, 0.00877, 0.0, 0.0, 0.0, 1.0],
                [0.989157, -0.009436, -0.146542, -0.102036, -0.144334, 0.121254, -0.982071, 0.03362, 0.027035, 0.99258, 0.118577, 0.01645, 0.0, 0.0, 0.0, 1.0],
                [0.996141, -0.008436, -0.087318, -0.11915, -0.085375, 0.135539, -0.987086, 0.043025, 0.020162, 0.990739, 0.134296, 0.04177, 0.0, 0.0, 0.0, 1.0],
                [0.999319, -0.018756, -0.031691, -0.121432, -0.028191, 0.16401, -0.986055, 0.067727, 0.023692, 0.986283, 0.163369, 0.017731, 0.0, 0.0, 0.0, 1.0],
                [0.997376, -0.070324, 0.01703, -0.117709, 0.039227, 0.327748, -0.94395, 0.07154, 0.060801, 0.942147, 0.329647, -0.023276, 0.0, 0.0, 0.0, 1.0],
                [0.99068, -0.133066, 0.029021, -0.125772, 0.121659, 0.768851, -0.62775, 0.049983, 0.061219, 0.625433, 0.777873, -0.042821, 0.0, 0.0, 0.0, 1.0],
                [0.990406, -0.093479, 0.101748, -0.079209, 0.133462, 0.837824, -0.529378, 0.06429, -0.035761, 0.537881, 0.842262, -0.04667, 0.0, 0.0, 0.0, 1.0],
                [0.969419, -0.22069, 0.107326, -0.11382, 0.235893, 0.958582, -0.159617, -0.032713, -0.067655, 0.180054, 0.981327, -0.002125, 0.0, 0.0, 0.0, 1.0],
                [0.910394, -0.315213, 0.26799, -0.099344, 0.334452, 0.941992, -0.0282, 0.007651, -0.243555, 0.115303, 0.963008, 0.0837, 0.0, 0.0, 0.0, 1.0],
                [0.816832, -0.352901, 0.456337, -0.160984, 0.208257, 0.918103, 0.337221, -0.06611, -0.537968, -0.180419, 0.823431, -0.039842, 0.0, 0.0, 0.0, 1.0],
                [0.758635, -0.573954, 0.308299, -0.141644, -0.006171, 0.466854, 0.884313, 0.043656, -0.651483, -0.672777, 0.350629, -0.004917, 0.0, 0.0, 0.0, 1.0],
                [0.793569, -0.607611, 0.032493, -0.137217, -0.151816, -0.146004, 0.977565, 0.095384, -0.589232, -0.780702, -0.20811, 0.016848, 0.0, 0.0, 0.0, 1.0],
                [0.837886, -0.533232, -0.116652, -0.14231, -0.208569, -0.510261, 0.834345, 0.102416, -0.504421, -0.67476, -0.538757, 0.014795, 0.0, 0.0, 0.0, 1.0],
                [0.876524, -0.449374, -0.17253, -0.118553, -0.22479, -0.699081, 0.67879, 0.094193, -0.425641, -0.556195, -0.713776, -0.00659, 0.0, 0.0, 0.0, 1.0],
                [0.911738, -0.369816, -0.178792, -0.113984, -0.235039, -0.826653, 0.511276, 0.0891, -0.336876, -0.424129, -0.840612, -0.016755, 0.0, 0.0, 0.0, 1.0],
                [0.946418, -0.294717, -0.132022, -0.109416, -0.21691, -0.883019, 0.416211, 0.084006, -0.239241, -0.365274, -0.899632, -0.02692, 0.0, 0.0, 0.0, 1.0],
                [0.978389, -0.205728, 0.020606, -0.104847, -0.181797, -0.808529, 0.559672, 0.078913, -0.098479, -0.551327, -0.828457, -0.037085, 0.0, 0.0, 0.0, 1.0],
                [0.986485, -0.085088, 0.140006, -0.100279, -0.160609, -0.670943, 0.723907, 0.073819, 0.03234, -0.736614, -0.675541, -0.047249, 0.0, 0.0, 0.0, 1.0],
                [0.979034, -0.067217, 0.192272, -0.099806, -0.179122, -0.733514, 0.655647, 0.069595, 0.096963, -0.676345, -0.730176, -0.058937, 0.0, 0.0, 0.0, 1.0],
                [0.965044, -0.054662, 0.256315, -0.099334, -0.198794, -0.789983, 0.580009, 0.065371, 0.170779, -0.610692, -0.773234, -0.070625, 0.0, 0.0, 0.0, 1.0],
                [0.940933, -0.037802, 0.336467, -0.098862, -0.222102, -0.818978, 0.529102, 0.061146, 0.255557, -0.572584, -0.778999, -0.082313, 0.0, 0.0, 0.0, 1.0],
                [0.965149, -0.076219, 0.250347, -0.098389, -0.19603, -0.844324, 0.498691, 0.056922, 0.173363, -0.530389, -0.829839, -0.094002, 0.0, 0.0, 0.0, 1.0],
                [0.985052, -0.129709, 0.113325, -0.088372, -0.167486, -0.874846, 0.454529, 0.055273, 0.040185, -0.466718, -0.883493, -0.089112, 0.0, 0.0, 0.0, 1.0],
                [0.985758, -0.158938, 0.054907, -0.078355, -0.167487, -0.898992, 0.40468, 0.053624, -0.014959, -0.408115, -0.912808, -0.084221, 0.0, 0.0, 0.0, 1.0],
                [0.981977, -0.144487, 0.121823, -0.068338, -0.180276, -0.909597, 0.37435, 0.051976, 0.056721, -0.389566, -0.91925, -0.079331, 0.0, 0.0, 0.0, 1.0],
                [0.966927, -0.114556, 0.22787, -0.058321, -0.192701, -0.913426, 0.358502, 0.050327, 0.167073, -0.390558, -0.90529, -0.074441, 0.0, 0.0, 0.0, 1.0],
                [0.935349, -0.080242, 0.344498, -0.05331, -0.205325, -0.91622, 0.344073, 0.049602, 0.288026, -0.392564, -0.87346, -0.078588, 0.0, 0.0, 0.0, 1.0],
                [0.896594, -0.053336, 0.439625, -0.048298, -0.215178, -0.920126, 0.327217, 0.048878, 0.387057, -0.387981, -0.836455, -0.082735, 0.0, 0.0, 0.0, 1.0],
                [0.892959, -0.051255, 0.447206, -0.043287, -0.215883, -0.920549, 0.32556, 0.048153, 0.394986, -0.387258, -0.833076, -0.086883, 0.0, 0.0, 0.0, 1.0],
                [0.892959, -0.051255, 0.447206, -0.043287, -0.215883, -0.920549, 0.32556, 0.048153, 0.394986, -0.387258, -0.833076, -0.086883, 0.0, 0.0, 0.0, 1.0]
            ]
        },
        {
            "name": "Leg_L",
            "time": [0.0, 0.0417, 0.0833, 0.125, 0.1667, 0.2083, 0.25, 0.2917, 0.3333, 0.375, 0.4167, 0.4583, 0.5, 0.5417, 0.5833, 0.625, 0.6667, 0.7083, 0.75, 0.7917, 0.8333, 0.875, 0.9167, 0.9583, 1.0, 1.0417, 1.0833, 1.125, 1.1667, 1.2083, 1.25, 1.2916],
            "transform": [
                [0.999998, -0.0, -0.0, 0.0, 1e-06, 0.405753, 0.913984, 0.37472, -0.0, -0.913984, 0.405753, 0.0, 0.0, 0.0, 0.0, 1.0],
                [0.999998, -0.0, -0.0, 0.0, 0.0, 0.915503, 0.402311, 0.37472, 0.0, -0.40231, 0.915505, 0.0, 0.0, 0.0, 0.0, 1.0],
                [0.999997, -0.0, -0.0, -0.0, 0.0, 0.856748, 0.515735, 0.37472, 0.0, -0.515733, 0.856751, 0.0, 0.0, 0.0, 0.0, 1.0],
                [0.999997, -0.0, -0.0, -0.0, 1e-06, 0.69809, 0.716011, 0.37472, -0.0, -0.71601, 0.698091, -0.0, 0.0, 0.0, 0.0, 1.0],
                [0.999997, -0.0, -0.0, 0.0, 0.0, 0.490114, 0.87166, 0.37472, -0.0, -0.871659, 0.490114, -0.0, 0.0, 0.0, 0.0, 1.0],
                [0.999998, -0.0, -0.0, 0.0, 0.0, 0.218011, 0.975946, 0.37472, -0.0, -0.975947, 0.218011, 0.0, 0.0, 0.0, 0.0, 1.0],
                [0.999998, -0.0, -1e-06, -0.0, 0.0, -0.186652, 0.982426, 0.37472, -0.0, -0.982427, -0.186652, -0.0, 0.0, 0.0, 0.0, 1.0],
                [0.999998, -0.0, -1e-06, 0.0, 0.0, -0.490476, 0.871456, 0.37472, -1e-06, -0.871456, -0.490476, -0.0, 0.0, 0.0, 0.0, 1.0],
                [0.999997, -0.0, -1e-06, 0.0, 0.0, -0.710676, 0.703521, 0.37472, -1e-06, -0.70352, -0.710677, 0.0, 0.0, 0.0, 0.0, 1.0],
                [0.999997, -0.0, -1e-06, 0.0, 0.0, -0.732628, 0.68063, 0.37472, -1e-06, -0.680629, -0.732629, -0.0, 0.0, 0.0, 0.0, 1.0],
                [0.999997, -0.0, -1e-06, 0.0, 0.0, -0.86448, 0.502668, 0.37472, -1e-06, -0.502667, -0.864482, 0.0, 0.0, 0.0, 0.0, 1.0],
                [0.999997, -0.0, -1e-06, 0.0, 0.0, -0.936022, 0.351941, 0.37472, -1e-06, -0.35194, -0.936024, -0.0, 0.0, 0.0, 0.0, 1.0],
                [0.999997, -0.0, -1e-06, -0.0, 0.0, -0.893468, 0.449127, 0.37472, -1e-06, -0.449126, -0.89347, -0.0, 0.0, 0.0, 0.0, 1.0],
                [0.999997, -0.0, -1e-06, 0.0, 0.0, -0.747319, 0.664466, 0.37472, -1e-06, -0.664466, -0.74732, 0.0, 0.0, 0.0, 0.0, 1.0],
                [0.999998, -0.0, -1e-06, 0.0, 0.0, -0.492201, 0.870483, 0.37472, -1e-06, -0.870483, -0.492201, 0.0, 0.0, 0.0, 0.0, 1.0],
                [0.999998, -0.0, -0.0, 0.0, 0.0, -0.18962, 0.981858, 0.37472, -0.0, -0.98186, -0.18962, 0.0, 0.0, 0.0, 0.0, 1.0],
                [0.999998, -0.0, -1e-06, -0.0, 1e-06, 0.09005, 0.995937, 0.37472, -0.0, -0.995939, 0.090049, 0.0, 0.0, 0.0, 0.0, 1.0],
                [0.999997, -0.0, -0.0, -0.0, 0.0, 0.217446, 0.976073, 0.37472, -0.0, -0.976074, 0.217446, -0.0, 0.0, 0.0, 0.0, 1.0],
                [0.999997, -0.0, -0.0, -0.0, 0.0, 0.023167, 0.999732, 0.37472, -0.0, -0.999733, 0.023167, -0.0, 0.0, 0.0, 0.0, 1.0],
                [0.999997, -0.0, -0.0, 0.0, 0.0, 0.156549, 0.98767, 0.374721, -0.0, -0.987672, 0.156549, 0.0, 0.0, 0.0, 0.0, 1.0],
                [0.999997, -0.0, -0.0, 0.0, 0.0, 0.551347, 0.834277, 0.37472, -0.0, -0.834277, 0.551347, 0.0, 0.0, 0.0, 0.0, 1.0],
                [0.999997, -0.0, -0.0, 0.0, 0.0, 0.761034, 0.648713, 0.37472, -0.0, -0.648713, 0.761035, -0.0, 0.0, 0.0, 0.0, 1.0],
                [0.999997, -0.0, -0.0, 0.0, 0.0, 0.774347, 0.632762, 0.37472, -0.0, -0.632762, 0.774348, -0.0, 0.0, 0.0, 0.0, 1.0],
                [0.999998, -0.0, -0.0, 0.0, 0.0, 0.775595, 0.631232, 0.37472, -0.0, -0.631231, 0.775596, 0.0, 0.0, 0.0, 0.0, 1.0],
                [0.999998, -0.0, -0.0, 0.0, 0.0, 0.813703, 0.581282, 0.37472, -0.0, -0.581281, 0.813705, 0.0, 0.0, 0.0, 0.0, 1.0],
                [0.999997, -0.0, -0.0, 0.0, 0.0, 0.849906, 0.526934, 0.37472, -0.0, -0.526933, 0.849909, -1e-06, 0.0, 0.0, 0.0, 1.0],
                [0.999997, -0.0, -0.0, -0.0, 0.0, 0.86073, 0.509062, 0.37472, -0.0, -0.50906, 0.860733, 0.0, 0.0, 0.0, 0.0, 1.0],
                [0.999997, -0.0, -0.0, 0.0, 0.0, 0.861646, 0.50751, 0.37472, -0.0, -0.507509, 0.861648, -0.0, 0.0, 0.0, 0.0, 1.0],
                [0.999997, -0.0, -0.0, 0.0, 0.0, 0.861391, 0.507942, 0.37472, -0.0, -0.507941, 0.861394, 1e-06, 0.0, 0.0, 0.0, 1.0],
                [0.999997, -0.0, -0.0, -0.0, 0.0, 0.862246, 0.50649, 0.37472, -0.0, -0.506489, 0.862248, 0.0, 0.0, 0.0, 0.0, 1.0],
                [0.999997, -0.0, -0.0, 0.0, 0.0, 0.862454, 0.506136, 0.37472, -0.0, -0.506135, 0.862456, -0.0, 0.0, 0.0, 0.0, 1.0],
                [0.999997, -0.0, -0.0, 0.0, 0.0, 0.862454, 0.506136, 0.37472, -0.0, -0.506135, 0.862456, -0.0, 0.0, 0.0, 0.0, 1.0]
            ]
        },
        {
            "name": "Knee_L",
            "time": [0.0, 1.2916],
            "transform": [
                [1.0, 0.0, -0.0, 0.0, -0.0, 1e-06, -1.0, 0.37472, -0.0, 1.0, 1e-06, 0.0, 0.0, 0.0, 0.0, 1.0],
                [1.0, 0.0, -0.0, 0.0, -0.0, 1e-06, -1.0, 0.37472, -0.0, 1.0, 1e-06, -0.0, 0.0, 0.0, 0.0, 1.0]
            ]
        },
        {
            "name": "Torso",
            "time": [0.0, 0.0417, 0.0833, 0.125, 0.1667, 0.2083, 0.25, 0.2917, 0.3333, 0.375, 0.4167, 0.4583, 0.5, 0.5417, 0.5833, 0.625, 0.6667, 0.7083, 0.75, 0.7917, 0.8333, 0.875, 0.9167, 0.9583, 1.0, 1.0417, 1.0833, 1.125, 1.1667, 1.2083, 1.25, 1.2916],
            "transform": [
                [0.994003, 0.06426, -0.088503, 0.0, 0.016743, 0.710253, 0.703747, 0.05, 0.108083, -0.701006, 0.704917, 0.0, 0.0, 0.0, 0.0, 1.0],
                [0.999859, 0.006998, -0.015373, 0.0, 0.01348, 0.217759, 0.975909, 0.05, 0.010177, -0.975977, 0.217634, -0.0, 0.0, 0.0, 0.0, 1.0],
                [0.998609, -0.052678, 0.002877, -0.0, 0.000225, 0.058774, 0.998271, 0.05, -0.052756, -0.99688, 0.058704, -0.0, 0.0, 0.0, 0.0, 1.0],
                [0.996709, -0.081034, -0.002923, 0.0, -0.000681, -0.044417, 0.999013, 0.05, -0.081084, -0.995721, -0.044326, 0.0, 0.0, 0.0, 0.0, 1.0],
                [0.996212, -0.084791, -0.01939, 0.0, 0.00841, -0.127981, 0.991741, 0.05, -0.086572, -0.988145, -0.126782, 0.0, 0.0, 0.0, 0.0, 1.0],
                [0.996858, -0.074969, -0.025613, -0.0, 0.003749, -0.2783, 0.960486, 0.05, -0.079135, -0.957563, -0.277145, 0.0, 0.0, 0.0, 0.0, 1.0],
                [0.99925, -0.036243, 0.013738, -0.0, -0.035107, -0.696109, 0.717077, 0.05, -0.016426, -0.71702, -0.696859, 0.0, 0.0, 0.0, 0.0, 1.0],
                [0.999366, 0.03037, 0.018687, 0.0, 0.032179, -0.993879, -0.10567, 0.05, 0.015363, 0.106204, -0.994225, 0.0, 0.0, 0.0, 0.0, 1.0],
                [0.9986, -0.029119, -0.044211, 0.0, -0.050572, -0.771643, -0.634041, 0.05, -0.015653, 0.635387, -0.772035, 0.0, 0.0, 0.0, 0.0, 1.0],
                [0.999668, 0.024785, 0.00725, 0.0, 0.012071, -0.200291, -0.979662, 0.05, -0.022828, 0.979422, -0.200524, 0.0, 0.0, 0.0, 0.0, 1.0],
                [0.998912, 0.036667, -0.028858, 0.0, -0.043671, 0.516836, -0.854969, 0.05, -0.016435, 0.855298, 0.517875, 0.0, 0.0, 0.0, 0.0, 1.0],
                [0.999455, 0.031105, 0.011223, 0.0, -0.021682, 0.872677, -0.487814, 0.05, -0.024967, 0.487304, 0.872875, 0.0, 0.0, 0.0, 0.0, 1.0],
                [0.99927, 0.001618, 0.038199, 0.0, 0.004702, 0.986319, -0.164777, 0.05, -0.037943, 0.164836, 0.985591, 0.0, 0.0, 0.0, 0.0, 1.0],
                [0.999139, 0.011295, -0.039966, 0.0, -0.004819, 0.987337, 0.158559, 0.05, 0.041251, -0.158229, 0.98654, 0.0, 0.0, 0.0, 0.0, 1.0],
                [0.993271, 0.03486, -0.110459, 0.0, 0.002392, 0.947259, 0.320459, 0.05, 0.115804, -0.318566, 0.9408, 0.0, 0.0, 0.0, 0.0, 1.0],
                [0.990753, 0.030321, -0.132258, 0.0, 0.014276, 0.946011, 0.323819, 0.05, 0.134936, -0.322712, 0.93683, 0.0, 0.0, 0.0, 0.0, 1.0],
                [0.987846, 0.027953, -0.152912, 0.0, 0.021128, 0.950426, 0.310229, 0.05, 0.154003, -0.309688, 0.938284, 0.0, 0.0, 0.0, 0.0, 1.0],
                [0.97687, 0.039626, -0.210138, 0.0, 0.02068, 0.960568, 0.277272, 0.05, 0.21284, -0.275203, 0.93753, 0.0, 0.0, 0.0, 0.0, 1.0],
                [0.936199, 0.073945, -0.343608, 0.0, -0.002614, 0.979055, 0.203572, 0.05, 0.351465, -0.189685, 0.916784, 0.0, 0.0, 0.0, 0.0, 1.0],
                [0.889718, 0.073737, -0.45052, -0.0, -0.015039, 0.991067, 0.13251, 0.05, 0.456267, -0.111121, 0.882878, 0.0, 0.0, 0.0, 0.0, 1.0],
                [0.863954, 0.042285, -0.501794, -0.0, -0.00211, 0.996762, 0.080362, 0.05, 0.503569, -0.06837, 0.861246, 0.0, 0.0, 0.0, 0.0, 1.0],
                [0.841792, 0.002029, -0.539801, -0.0, 0.016866, 0.999405, 0.030057, 0.05, 0.539542, -0.034406, 0.841256, 0.0, 0.0, 0.0, 0.0, 1.0],
                [0.81239, -0.037529, -0.581907, -0.0, 0.031544, 0.999293, -0.020409, 0.05, 0.582263, -0.001776, 0.812999, 0.0, 0.0, 0.0, 0.0, 1.0],
                [0.770833, -0.058199, -0.634375, 0.0, 0.028214, 0.997959, -0.057273, 0.05, 0.636414, 0.02625, 0.770902, 0.0, 0.0, 0.0, 0.0, 1.0],
                [0.730286, -0.063885, -0.680149, 0.0, 0.016562, 0.99698, -0.075861, 0.05, 0.682943, 0.044136, 0.729138, 0.0, 0.0, 0.0, 0.0, 1.0],
                [0.699974, -0.062894, -0.711394, 0.0, 0.007048, 0.996673, -0.081181, 0.05, 0.714135, 0.051811, 0.698089, 0.0, 0.0, 0.0, 0.0, 1.0],
                [0.691895, -0.061938, -0.719337, 0.0, 0.004692, 0.996677, -0.081306, 0.05, 0.721985, 0.05288, 0.689887, 0.0, 0.0, 0.0, 0.0, 1.0],
                [0.693431, -0.062296, -0.717826, 0.0, 0.005256, 0.996665, -0.081419, 0.05, 0.720506, 0.052685, 0.691446, 0.0, 0.0, 0.0, 0.0, 1.0],
                [0.698341, -0.062931, -0.712995, 0.0, 0.006572, 0.996648, -0.081531, 0.05, 0.715737, 0.05225, 0.696413, 0.0, 0.0, 0.0, 0.0, 1.0],
                [0.701087, -0.063347, -0.710257, 0.0, 0.007322, 0.996632, -0.081661, 0.05, 0.71304, 0.052051, 0.69919, 0.0, 0.0, 0.0, 0.0, 1.0],
                [0.701265, -0.063443, -0.710074, 0.0, 0.007345, 0.996621, -0.081792, 0.05, 0.712865, 0.052142, 0.699361, 0.0, 0.0, 0.0, 0.0, 1.0],
                [0.701265, -0.063443, -0.710074, 0.0, 0.007345, 0.996621, -0.081792, 0.05, 0.712865, 0.052142, 0.699361, 0.0, 0.0, 0.0, 0.0, 1.0]
            ]
        },
        {
            "name": "Chest",
            "time": [0.0, 0.0417, 0.0833, 0.125, 0.1667, 0.2083, 0.25, 0.2917, 0.3333, 0.375, 0.4167, 0.4583, 0.5, 0.5417, 0.5833, 0.625, 0.6667, 0.7083, 0.75, 0.7917, 0.8333, 0.875, 0.9167, 0.9583, 1.0, 1.0417, 1.0833, 1.125, 1.1667, 1.2083, 1.25, 1.2916],
            "transform": [
                [0.998843, -0.047451, -0.008108, -0.0, 0.048129, 0.987779, 0.148235, 0.3, 0.000975, -0.148453, 0.988919, -0.0, 0.0, 0.0, 0.0, 1.0],
                [0.999414, 0.028198, -0.01953, -0.0, -0.027302, 0.998624, 0.044754, 0.3, 0.020765, -0.044194, 0.998807, -0.0, 0.0, 0.0, 0.0, 1.0],
                [0.997547, 0.068746, 0.013283, -0.0, -0.070016, 0.978416, 0.194417, 0.3, 0.000369, -0.19487, 0.980829, 0.0, 0.0, 0.0, 0.0, 1.0],
                [0.995964, 0.089659, 0.004582, -0.0, -0.08703, 0.951702, 0.294428, 0.3, 0.022037, -0.293638, 0.955662, -0.0, 0.0, 0.0, 0.0, 1.0],
                [0.994278, 0.099261, -0.03952, -0.0, -0.080401, 0.938758, 0.335063, 0.3, 0.070359, -0.329968, 0.941366, 0.0, 0.0, 0.0, 0.0, 1.0],
                [0.992333, 0.093967, -0.080307, 0.0, -0.060332, 0.935243, 0.348825, 0.3, 0.107885, -0.341305, 0.933741, 0.0, 0.0, 0.0, 0.0, 1.0],
                [0.995696, 0.054976, -0.074644, -0.0, -0.02673, 0.941242, 0.33667, 0.3, 0.088768, -0.333224, 0.938659, -0.0, 0.0, 0.0, 0.0, 1.0],
                [0.989505, 0.024128, 0.142484, -0.0, -0.123117, 0.657024, 0.743747, 0.3, -0.07567, -0.753481, 0.6531, 0.0, 0.0, 0.0, 0.0, 1.0],
                [0.99249, -0.037639, 0.116412, 0.0, -0.073045, 0.581013, 0.81061, 0.3, -0.098147, -0.813021, 0.5739, -0.0, 0.0, 0.0, 0.0, 1.0],
                [0.999199, 0.017008, -0.036276, 0.0, 0.011274, 0.749477, 0.661933, 0.3, 0.038446, -0.661809, 0.748686, 0.0, 0.0, 0.0, 0.0, 1.0],
                [0.998392, -0.032568, 0.046441, -0.0, 0.001753, 0.836066, 0.548624, 0.3, -0.056695, -0.547658, 0.834779, -0.0, 0.0, 0.0, 0.0, 1.0],
                [0.983967, -0.12572, 0.126517, 0.0, 0.024097, 0.796537, 0.604108, 0.3, -0.176725, -0.591372, 0.786796, 0.0, 0.0, 0.0, 0.0, 1.0],
                [0.966332, -0.206127, 0.154008, 0.0, 0.053619, 0.746713, 0.662981, 0.3, -0.251659, -0.632399, 0.732625, -0.0, 0.0, 0.0, 0.0, 1.0],
                [0.952242, -0.256921, 0.165016, 0.0, 0.111503, 0.79567, 0.595378, 0.3, -0.284264, -0.548542, 0.786317, 0.0, 0.0, 0.0, 0.0, 1.0],
                [0.962326, -0.247795, 0.111939, 0.0, 0.166281, 0.862043, 0.478781, 0.3, -0.215136, -0.442128, 0.870769, -0.0, 0.0, 0.0, 0.0, 1.0],
                [0.980325, -0.197302, -0.006251, 0.0, 0.185483, 0.909831, 0.371217, 0.3, -0.067555, -0.365072, 0.928525, -0.0, 0.0, 0.0, 0.0, 1.0],
                [0.982202, -0.152661, -0.109447, -0.0, 0.178108, 0.94201, 0.284416, 0.3, 0.059681, -0.298847, 0.952433, -0.0, 0.0, 0.0, 0.0, 1.0],
                [0.978029, -0.131241, -0.161987, -0.0, 0.165197, 0.961836, 0.218125, 0.3, 0.127178, -0.240092, 0.962383, -0.0, 0.0, 0.0, 0.0, 1.0],
                [0.982322, -0.137478, -0.127072, 0.0, 0.159366, 0.970249, 0.182255, 0.3, 0.098236, -0.199283, 0.975005, -0.0, 0.0, 0.0, 0.0, 1.0],
                [0.983011, -0.129374, -0.130211, -0.0, 0.148759, 0.977085, 0.152228, 0.3, 0.107533, -0.169011, 0.97973, -0.0, 0.0, 0.0, 0.0, 1.0],
                [0.97469, -0.106234, -0.196721, -0.0, 0.132069, 0.983551, 0.123215, 0.3, 0.180396, -0.146076, 0.972686, -0.0, 0.0, 0.0, 0.0, 1.0],
                [0.956813, -0.081102, -0.279169, 0.0, 0.112089, 0.988965, 0.09686, 0.3, 0.268233, -0.123968, 0.955344, -0.0, 0.0, 0.0, 0.0, 1.0],
                [0.93187, -0.056976, -0.358298, -0.0, 0.085693, 0.994213, 0.064772, 0.3, 0.352535, -0.091063, 0.931357, 0.0, 0.0, 0.0, 0.0, 1.0],
                [0.929665, -0.044218, -0.365749, 0.0, 0.052215, 0.998563, 0.011997, 0.3, 0.364694, -0.030251, 0.930635, -0.0, 0.0, 0.0, 0.0, 1.0],
                [0.940849, -0.032462, -0.337274, -0.0, 0.033396, 0.999436, -0.003036, 0.3, 0.337184, -0.008407, 0.941401, -0.0, 0.0, 0.0, 0.0, 1.0],
                [0.951407, -0.02569, -0.306871, -0.0, 0.029014, 0.999558, 0.006271, 0.3, 0.306575, -0.014869, 0.95173, 0.0, 0.0, 0.0, 0.0, 1.0],
                [0.955944, -0.035672, -0.291383, -0.0, 0.040003, 0.999158, 0.008917, 0.3, 0.290821, -0.020181, 0.956564, -0.0, 0.0, 0.0, 0.0, 1.0],
                [0.958277, -0.048488, -0.281706, 0.0, 0.05357, 0.998509, 0.010361, 0.3, 0.280785, -0.02502, 0.959444, 0.0, 0.0, 0.0, 0.0, 1.0],
                [0.959912, -0.062733, -0.2732, 0.0, 0.0685, 0.997582, 0.011611, 0.3, 0.271812, -0.029859, 0.961886, -0.0, 0.0, 0.0, 0.0, 1.0],
                [0.961283, -0.075354, -0.265071, -0.0, 0.081655, 0.996577, 0.012815, 0.3, 0.263199, -0.033963, 0.964143, 0.0, 0.0, 0.0, 0.0, 1.0],
                [0.961411, -0.076449, -0.264289, 0.0, 0.082794, 0.996481, 0.012934, 0.3, 0.262372, -0.034316, 0.964356, 0.0, 0.0, 0.0, 0.0, 1.0],
                [0.961411, -0.076449, -0.264289, 0.0, 0.082794, 0.996481, 0.012934, 0.3, 0.262372, -0.034316, 0.964356, 0.0, 0.0, 0.0, 0.0, 1.0]
            ]
        },
        {
            "name": "Head",
            "time": [0.0, 0.0417, 0.0833, 0.125, 0.1667, 0.2083, 0.25, 0.2917, 0.3333, 0.375, 0.4167, 0.4583, 0.5, 0.5417, 0.5833, 0.625, 0.6667, 0.7083, 0.75, 0.7917, 0.8333, 0.875, 0.9167, 0.9583, 1.0, 1.0417, 1.0833, 1.125, 1.1667, 1.2083, 1.25, 1.2916],
            "transform": [
                [0.992949, 0.108116, 0.048573, 0.0, -0.031898, 0.638443, -0.769009, 0.4, -0.114153, 0.762035, 0.637395, 0.0, 0.0, 0.0, 0.0, 1.0],
                [0.993985, 0.100286, 0.043942, 0.0, 0.006159, 0.349482, -0.936927, 0.4, -0.109317, 0.931558, 0.346765, -0.0, 0.0, 0.0, 0.0, 1.0],
                [0.95772, 0.272782, 0.09143, 0.0, 0.002675, 0.30934, -0.95095, 0.4, -0.287684, 0.910985, 0.295534, -0.0, 0.0, 0.0, 0.0, 1.0],
                [0.928476, 0.349431, 0.125808, -0.0, -0.004746, 0.349884, -0.936784, 0.4, -0.371359, 0.86918, 0.32652, -0.0, 0.0, 0.0, 0.0, 1.0],
                [0.928704, 0.347791, 0.128637, -0.0, -0.019907, 0.393159, -0.919258, 0.4, -0.370283, 0.851154, 0.372055, -0.0, 0.0, 0.0, 0.0, 1.0],
                [0.942589, 0.292107, 0.161852, 0.0, -0.111619, 0.732358, -0.671709, 0.4, -0.314744, 0.615077, 0.722923, -0.0, 0.0, 0.0, 0.0, 1.0],
                [0.993002, 0.080693, 0.086209, -0.0, -0.117407, 0.596784, 0.793768, 0.4, 0.012603, -0.798331, 0.602086, -0.0, 0.0, 0.0, 0.0, 1.0],
                [0.971141, 0.178725, -0.15792, 0.0, -0.133693, 0.956278, 0.260108, 0.4, 0.197502, -0.231488, 0.952581, 0.0, 0.0, 0.0, 0.0, 1.0],
                [0.975534, 0.205893, -0.077056, 0.0, -0.118717, 0.788391, 0.60361, 0.4, 0.185029, -0.579692, 0.793551, 0.0, 0.0, 0.0, 0.0, 1.0],
                [0.993445, 0.107014, 0.040117, -0.0, -0.112861, 0.973896, 0.196939, 0.4, -0.017995, -0.200175, 0.979598, 0.0, 0.0, 0.0, 0.0, 1.0],
                [0.991928, 0.115062, -0.053243, -0.0, -0.121974, 0.98064, -0.153183, 0.4, 0.034587, 0.15844, 0.986766, -0.0, 0.0, 0.0, 0.0, 1.0],
                [0.955039, 0.196586, -0.221927, 0.0, -0.275411, 0.865384, -0.418637, 0.4, 0.109754, 0.460934, 0.880624, -0.0, 0.0, 0.0, 0.0, 1.0],
                [0.914111, 0.274258, -0.298635, 0.0, -0.389649, 0.797888, -0.459942, 0.4, 0.112134, 0.536798, 0.836227, -0.0, 0.0, 0.0, 0.0, 1.0],
                [0.942883, 0.322139, -0.084825, 0.0, -0.325146, 0.945356, -0.024027, 0.4, 0.07245, 0.050235, 0.996109, -0.0, 0.0, 0.0, 0.0, 1.0],
                [0.95167, 0.254889, 0.171328, 0.0, -0.292262, 0.923026, 0.250208, 0.4, -0.094365, -0.288187, 0.952915, 0.0, 0.0, 0.0, 0.0, 1.0],
                [0.922782, 0.278313, 0.266482, 0.0, -0.298654, 0.953593, 0.038256, 0.4, -0.243468, -0.114888, 0.963083, 0.0, 0.0, 0.0, 0.0, 1.0],
                [0.924909, 0.251838, 0.284814, 0.0, -0.227221, 0.96679, -0.116976, 0.4, -0.304814, 0.043476, 0.951421, 0.0, 0.0, 0.0, 0.0, 1.0],
                [0.920546, 0.214578, 0.326419, -0.0, -0.152589, 0.966752, -0.205193, 0.4, -0.359596, 0.139082, 0.922687, -0.0, 0.0, 0.0, 0.0, 1.0],
                [0.898562, 0.17041, 0.404407, 0.0, -0.083599, 0.971119, -0.223464, 0.4, -0.430807, 0.166988, 0.886862, -0.0, 0.0, 0.0, 0.0, 1.0],
                [0.85669, 0.148453, 0.494007, -0.0, -0.053597, 0.978124, -0.20099, 0.4, -0.513038, 0.145708, 0.84591, -0.0, 0.0, 0.0, 0.0, 1.0],
                [0.798802, 0.153015, 0.581809, 0.0, -0.06757, 0.983811, -0.165972, 0.4, -0.597786, 0.093266, 0.796213, -0.0, 0.0, 0.0, 0.0, 1.0],
                [0.729023, 0.15421, 0.666892, -0.0, -0.098253, 0.987776, -0.121004, 0.4, -0.6774, 0.02269, 0.735265, -1e-06, 0.0, 0.0, 0.0, 1.0],
                [0.647567, 0.126095, 0.751504, 0.0, -0.132687, 0.989805, -0.051744, 0.4, -0.750368, -0.066207, 0.657697, 0.0, 0.0, 0.0, 0.0, 1.0],
                [0.597983, 0.020479, 0.801247, -0.0, -0.143676, 0.986219, 0.082021, 0.4, -0.788527, -0.164167, 0.592685, -0.0, 0.0, 0.0, 0.0, 1.0],
                [0.573727, -0.031345, 0.818447, 0.0, -0.126289, 0.98393, 0.126211, 0.4, -0.809253, -0.175771, 0.560549, 0.0, 0.0, 0.0, 0.0, 1.0],
                [0.557304, -0.032915, 0.829656, 0.0, -0.101772, 0.98897, 0.107599, 0.4, -0.824049, -0.144401, 0.547807, 0.0, 0.0, 0.0, 0.0, 1.0],
                [0.552579, -0.0216, 0.833181, -0.0, -0.102168, 0.990368, 0.093434, 0.4, -0.827176, -0.136754, 0.54505, -0.0, 0.0, 0.0, 0.0, 1.0],
                [0.550838, -0.008599, 0.834568, -0.0, -0.107398, 0.990902, 0.081095, 0.4, -0.827675, -0.134301, 0.544902, 0.0, 0.0, 0.0, 0.0, 1.0],
                [0.549839, 0.006425, 0.835246, -0.0, -0.114541, 0.991102, 0.067778, 0.4, -0.827381, -0.132936, 0.545683, 0.0, 0.0, 0.0, 0.0, 1.0],
                [0.547884, 0.018865, 0.836342, 0.0, -0.119853, 0.991201, 0.056157, 0.4, -0.827926, -0.131005, 0.545324, 0.0, 0.0, 0.0, 0.0, 1.0],
                [0.547576, 0.019763, 0.836523, -0.0, -0.120136, 0.991219, 0.055221, 0.4, -0.828088, -0.130734, 0.545142, -0.0, 0.0, 0.0, 0.0, 1.0],
