{
    "animation": [
        {
            "name": "Root",
            "time": [0.0, 0.0417, 0.0833, 0.125, 0.1667, 0.2083, 0.25, 0.2917, 0.3333, 0.375, 0.4167, 0.4583, 0.5, 0.5417, 0.5833, 0.625, 0.6667, 0.7083, 0.75, 0.7917, 0.8333, 0.875, 0.9167, 0.9583, 1.0, 1.0417, 1.0833, 1.125, 1.1667, 1.2083, 1.25, 1.2917, 1.3333, 1.375, 1.4167, 1.4583, 1.5, 1.5417, 1.5833, 1.625, 1.6667, 10.4583],
            "transform": [
                [1.0, -0.0, -0.0, -0.374486, -0.0, -0.0, -1.0, 0.038428, 0.0, 1.0, -0.0, 0.939247, 0.0, 0.0, 0.0, 1.0],
                [1.0, -0.0, -0.0, -0.230975, -0.0, -0.0, -1.0, -0.412149, 0.0, 1.0, -0.0, 1.40359, 0.0, 0.0, 0.0, 1.0],
                [1.0, -0.0, -0.0, -0.197261, -0.0, -0.0, -1.0, -0.828137, 0.0, 1.0, -0.0, 1.867932, 0.0, 0.0, 0.0, 1.0],
                [1.0, -0.0, -0.0, -0.230823, -0.0, -0.0, -1.0, -1.298994, 0.0, 1.0, -0.0, 2.332274, 0.0, 0.0, 0.0, 1.0],
                [1.0, -0.0, -0.0, -0.23313, -0.0, -0.0, -1.0, -1.715524, 0.0, 1.0, -0.0, 2.796616, 0.0, 0.0, 0.0, 1.0],
                [1.0, -0.0, -0.0, -0.218679, -0.0, -0.0, -1.0, -2.031372, 0.0, 1.0, -0.0, 2.785568, 0.0, 0.0, 0.0, 1.0],
                [1.0, -0.0, -0.0, -0.249392, -0.0, -0.0, -1.0, -2.353255, 0.0, 1.0, -0.0, 2.774519, 0.0, 0.0, 0.0, 1.0],
                [1.0, -0.0, -0.0, -0.277425, -0.0, -0.0, -1.0, -2.683532, 0.0, 1.0, -0.0, 2.763471, 0.0, 0.0, 0.0, 1.0],
                [1.0, -0.0, -0.0, -0.279908, -0.0, -0.0, -1.0, -3.027884, 0.0, 1.0, -0.0, 2.752423, 0.0, 0.0, 0.0, 1.0],
                [1.0, -0.0, -0.0, -0.220551, -0.0, -0.0, -1.0, -3.498452, 0.0, 1.0, -0.0, 2.498307, 0.0, 0.0, 0.0, 1.0],
                [1.0, -0.0, -0.0, -0.204366, -0.0, -0.0, -1.0, -3.909228, 0.0, 1.0, -0.0, 2.244193, 0.0, 0.0, 0.0, 1.0],
                [1.0, -0.0, -0.0, -0.240737, -0.0, -0.0, -1.0, -4.196459, 0.0, 1.0, -0.0, 0.936099, 0.0, 0.0, 0.0, 1.0],
                [1.0, -0.0, -0.0, -0.309194, -0.0, -0.0, -1.0, -4.470842, 0.0, 1.0, -0.0, 0.45074, 0.0, 0.0, 0.0, 1.0],
                [1.0, -0.0, -0.0, -0.449018, -0.0, -0.0, -1.0, -4.704619, 0.0, 1.0, -0.0, 0.217438, 0.0, 0.0, 0.0, 1.0],
                [1.0, -0.0, -0.0, -0.45808, -0.0, -0.0, -1.0, -4.826732, 0.0, 1.0, -0.0, 0.171122, 0.0, 0.0, 0.0, 1.0],
                [1.0, -0.0, -0.0, -0.441262, -0.0, -0.0, -1.0, -4.850381, 0.0, 1.0, -0.0, 0.187907, 0.0, 0.0, 0.0, 1.0],
                [1.0, -0.0, -0.0, -0.438738, -0.0, -0.0, -1.0, -4.848394, 0.0, 1.0, -0.0, 0.204691, 0.0, 0.0, 0.0, 1.0],
                [1.0, -0.0, -0.0, -0.437117, -0.0, -0.0, -1.0, -4.84669, 0.0, 1.0, -0.0, 0.221475, 0.0, 0.0, 0.0, 1.0],
                [1.0, -0.0, -0.0, -0.434814, -0.0, -0.0, -1.0, -4.844985, 0.0, 1.0, -0.0, 0.23826, 0.0, 0.0, 0.0, 1.0],
                [1.0, -0.0, -0.0, -0.43086, -0.0, -0.0, -1.0, -4.843282, 0.0, 1.0, -0.0, 0.255044, 0.0, 0.0, 0.0, 1.0],
                [1.0, -0.0, -0.0, -0.426877, -0.0, -0.0, -1.0, -4.841578, 0.0, 1.0, -0.0, 0.271409, 0.0, 0.0, 0.0, 1.0],
                [1.0, -0.0, -0.0, -0.422699, -0.0, -0.0, -1.0, -4.83764, 0.0, 1.0, -0.0, 0.287773, 0.0, 0.0, 0.0, 1.0],
                [1.0, -0.0, -0.0, -0.415258, -0.0, -0.0, -1.0, -4.826284, 0.0, 1.0, -0.0, 0.304138, 0.0, 0.0, 0.0, 1.0],
                [1.0, -0.0, -0.0, -0.402358, -0.0, -0.0, -1.0, -4.806226, 0.0, 1.0, -0.0, 0.320502, 0.0, 0.0, 0.0, 1.0],
                [1.0, -0.0, -0.0, -0.380242, -0.0, -0.0, -1.0, -4.77028, 0.0, 1.0, -0.0, 0.336866, 0.0, 0.0, 0.0, 1.0],
                [1.0, -0.0, -0.0, -0.353526, -0.0, -0.0, -1.0, -4.727396, 0.0, 1.0, -0.0, 0.353231, 0.0, 0.0, 0.0, 1.0],
                [1.0, -0.0, -0.0, -0.328057, -0.0, -0.0, -1.0, -4.688594, 0.0, 1.0, -0.0, 0.390297, 0.0, 0.0, 0.0, 1.0],
                [1.0, -0.0, -0.0, -0.297668, -0.0, -0.0, -1.0, -4.646396, 0.0, 1.0, -0.0, 0.427363, 0.0, 0.0, 0.0, 1.0],
                [1.0, -0.0, -0.0, -0.268697, -0.0, -0.0, -1.0, -4.606179, 0.0, 1.0, -0.0, 0.464429, 0.0, 0.0, 0.0, 1.0],
                [1.0, -0.0, -0.0, -0.249658, -0.0, -0.0, -1.0, -4.575646, 0.0, 1.0, -0.0, 0.500759, 0.0, 0.0, 0.0, 1.0],
                [1.0, -0.0, -0.0, -0.238773, -0.0, -0.0, -1.0, -4.548484, 0.0, 1.0, -0.0, 0.537089, 0.0, 0.0, 0.0, 1.0],
                [1.0, -0.0, -0.0, -0.233971, -0.0, -0.0, -1.0, -4.524999, 0.0, 1.0, -0.0, 0.573418, 0.0, 0.0, 0.0, 1.0],
                [1.0, -0.0, -0.0, -0.231316, -0.0, -0.0, -1.0, -4.509699, 0.0, 1.0, -0.0, 0.609748, 0.0, 0.0, 0.0, 1.0],
                [1.0, -0.0, -0.0, -0.228031, -0.0, -0.0, -1.0, -4.510051, 0.0, 1.0, -0.0, 0.602989, 0.0, 0.0, 0.0, 1.0],
                [1.0, -0.0, -0.0, -0.226061, -0.0, -0.0, -1.0, -4.512346, 0.0, 1.0, -0.0, 0.596229, 0.0, 0.0, 0.0, 1.0],
                [1.0, -0.0, -0.0, -0.224974, -0.0, -0.0, -1.0, -4.514313, 0.0, 1.0, -0.0, 0.58947, 0.0, 0.0, 0.0, 1.0],
                [1.0, -0.0, -0.0, -0.223845, -0.0, -0.0, -1.0, -4.516281, 0.0, 1.0, -0.0, 0.582711, 0.0, 0.0, 0.0, 1.0],
                [1.0, -0.0, -0.0, -0.222772, -0.0, -0.0, -1.0, -4.518637, 0.0, 1.0, -0.0, 0.575951, 0.0, 0.0, 0.0, 1.0],
                [1.0, -0.0, -0.0, -0.221882, -0.0, -0.0, -1.0, -4.523721, 0.0, 1.0, -0.0, 0.569192, 0.0, 0.0, 0.0, 1.0],
                [1.0, -0.0, -0.0, -0.221027, -0.0, -0.0, -1.0, -4.528757, 0.0, 1.0, -0.0, 0.562432, 0.0, 0.0, 0.0, 1.0],
                [1.0, -0.0, -0.0, -0.220524, -0.0, -0.0, -1.0, -4.529275, 0.0, 1.0, -0.0, 0.555673, 0.0, 0.0, 0.0, 1.0],
                [1.0, -0.0, -0.0, -0.220524, -0.0, -0.0, -1.0, -4.529275, 0.0, 1.0, -0.0, 0.555673, 0.0, 0.0, 0.0, 1.0]
            ]
        },
        {
            "name": "Thigh_R",
            "time": [0.0, 0.0417, 0.0833, 0.125, 0.1667, 0.2083, 0.25, 0.2917, 0.3333, 0.375, 0.4167, 0.4583, 0.5, 0.5417, 0.5833, 0.625, 0.6667, 0.7083, 0.75, 0.7917, 0.8333, 0.875, 0.9167, 0.9583, 1.0, 1.0417, 1.0833, 1.125, 1.1667, 1.2083, 1.25, 1.2917, 1.3333, 1.375, 1.4167, 1.4583, 1.5, 1.5417, 1.5833, 1.625, 1.6667, 10.4583],
            "transform": [
                [-0.686837, 0.423676, 0.590555, -0.074354, -0.382854, -0.90156, 0.201526, 0.045144, 0.617804, -0.08768, 0.781429, 0.092564, 0.0, 0.0, 0.0, 1.0],
                [-0.988166, 0.096965, 0.118862, -0.071865, -0.152478, -0.705586, -0.692026, 0.081574, 0.016765, -0.70196, 0.712019, 0.069398, 0.0, 0.0, 0.0, 1.0],
                [-0.790508, 0.010693, -0.61236, -0.069376, 0.577523, -0.319827, -0.751118, 0.118005, -0.203882, -0.947417, 0.246649, 0.046232, 0.0, 0.0, 0.0, 1.0],
                [-0.286574, -0.271853, -0.918679, -0.066886, 0.888305, 0.283794, -0.361078, 0.154435, 0.358876, -0.919542, 0.160161, 0.023066, 0.0, 0.0, 0.0, 1.0],
                [0.384207, -0.429406, -0.817311, 0.033998, 0.463247, 0.855416, -0.23166, 0.092603, 0.798618, -0.289611, 0.527576, 0.039759, 0.0, 0.0, 0.0, 1.0],
                [0.840789, -0.3061, -0.446518, 0.134882, -0.065679, 0.761032, -0.645381, 0.030771, 0.537366, 0.571956, 0.619762, 0.056453, 0.0, 0.0, 0.0, 1.0],
                [0.973152, -0.090758, -0.211521, 0.133905, -0.141724, 0.487837, -0.861353, 0.049533, 0.181362, 0.868204, 0.461876, 0.041672, 0.0, 0.0, 0.0, 1.0],
                [0.998612, 0.040442, -0.033778, 0.132927, -0.043141, 0.259478, -0.964785, 0.068295, -0.030253, 0.964903, 0.260862, 0.026892, 0.0, 0.0, 0.0, 1.0],
                [0.993032, 0.046818, 0.108162, 0.13195, 0.106603, 0.03461, -0.993699, 0.087057, -0.050266, 0.998305, 0.029378, 0.012111, 0.0, 0.0, 0.0, 1.0],
                [0.985074, 0.005154, 0.172062, 0.130973, 0.157413, -0.431495, -0.888275, 0.105819, 0.069666, 0.902101, -0.425865, -0.002669, 0.0, 0.0, 0.0, 1.0],
                [0.949255, 0.14816, 0.27743, 0.099831, 0.277307, -0.810453, -0.516011, 0.102187, 0.148392, 0.566759, -0.81041, 0.030967, 0.0, 0.0, 0.0, 1.0],
                [0.906684, 0.060808, 0.417409, 0.068689, 0.246371, -0.879565, -0.407022, 0.098554, 0.342388, 0.471877, -0.812467, 0.064604, 0.0, 0.0, 0.0, 1.0],
                [0.087069, 0.314957, 0.945104, 0.037548, 0.772106, -0.620826, 0.13576, 0.094922, 0.629504, 0.717899, -0.297234, 0.09824, 0.0, 0.0, 0.0, 1.0],
                [-0.145391, 0.864361, 0.481397, 0.006406, 0.776176, -0.202079, 0.597257, 0.09129, 0.613526, 0.460484, -0.641514, 0.131877, 0.0, 0.0, 0.0, 1.0],
                [-0.336628, 0.92031, 0.199281, -0.02994, 0.519289, 0.004895, 0.854585, 0.088562, 0.785508, 0.391161, -0.479554, 0.123915, 0.0, 0.0, 0.0, 1.0],
                [-0.469621, 0.868006, 0.161317, -0.066286, 0.338375, 0.008194, 0.940976, 0.085834, 0.815452, 0.496487, -0.297559, 0.115954, 0.0, 0.0, 0.0, 1.0],
                [-0.528733, 0.836006, 0.146753, -0.102632, 0.285087, 0.012061, 0.958426, 0.083106, 0.799481, 0.548588, -0.244711, 0.107993, 0.0, 0.0, 0.0, 1.0],
                [-0.551029, 0.822662, 0.139984, -0.079266, 0.260794, 0.010421, 0.965338, 0.079755, 0.79269, 0.568435, -0.220288, 0.105699, 0.0, 0.0, 0.0, 1.0],
                [-0.508936, 0.845405, 0.162101, -0.055899, 0.304613, 0.000747, 0.952476, 0.076403, 0.805107, 0.534127, -0.257902, 0.103405, 0.0, 0.0, 0.0, 1.0],
                [-0.450183, 0.868578, 0.207149, -0.032533, 0.365169, -0.03262, 0.93037, 0.073051, 0.814857, 0.49448, -0.302492, 0.101111, 0.0, 0.0, 0.0, 1.0],
                [-0.427423, 0.868033, 0.252646, -0.009166, 0.393596, -0.072912, 0.916387, 0.069699, 0.813877, 0.491125, -0.31049, 0.098817, 0.0, 0.0, 0.0, 1.0],
                [-0.406002, 0.864755, 0.295571, 0.0142, 0.420494, -0.110386, 0.900555, 0.066347, 0.811389, 0.489912, -0.318807, 0.096523, 0.0, 0.0, 0.0, 1.0],
                [-0.389834, 0.850212, 0.353794, 0.037566, 0.450744, -0.158854, 0.878405, 0.062996, 0.803034, 0.501902, -0.321301, 0.094229, 0.0, 0.0, 0.0, 1.0],
                [-0.383652, 0.811081, 0.441542, 0.060933, 0.483996, -0.230603, 0.844139, 0.059644, 0.786488, 0.537559, -0.304088, 0.091935, 0.0, 0.0, 0.0, 1.0],
                [-0.394056, 0.712921, 0.580055, 0.060933, 0.521053, -0.346611, 0.779978, 0.059644, 0.757118, 0.609593, -0.234885, 0.091935, 0.0, 0.0, 0.0, 1.0],
                [-0.357736, 0.561185, 0.746389, 0.060933, 0.578094, -0.494625, 0.648964, 0.059644, 0.733374, 0.66364, -0.147473, 0.091935, 0.0, 0.0, 0.0, 1.0],
                [-0.163335, 0.441903, 0.882068, 0.060933, 0.663194, -0.612749, 0.429783, 0.059644, 0.73041, 0.65518, -0.192984, 0.091935, 0.0, 0.0, 0.0, 1.0],
                [0.344627, 0.510151, 0.788022, 0.060933, 0.678772, -0.715291, 0.166219, 0.059644, 0.648463, 0.477604, -0.592784, 0.091934, 0.0, 0.0, 0.0, 1.0],
                [0.562443, 0.516219, 0.645892, 0.060933, 0.598971, -0.792884, 0.112117, 0.059644, 0.569995, 0.323811, -0.755151, 0.091935, 0.0, 0.0, 0.0, 1.0],
                [0.616981, 0.496302, 0.610754, 0.060933, 0.530485, -0.835535, 0.143068, 0.059644, 0.581312, 0.235725, -0.778788, 0.091935, 0.0, 0.0, 0.0, 1.0],
                [0.63856, 0.455646, 0.620185, 0.060933, 0.46819, -0.8696, 0.156829, 0.059644, 0.610772, 0.19022, -0.768619, 0.091935, 0.0, 0.0, 0.0, 1.0],
                [0.629989, 0.40185, 0.664554, 0.060933, 0.393313, -0.902953, 0.173154, 0.059644, 0.669644, 0.152293, -0.726901, 0.091935, 0.0, 0.0, 0.0, 1.0],
                [0.60491, 0.30557, 0.735331, 0.060933, 0.314261, -0.940096, 0.13214, 0.059644, 0.731661, 0.151153, -0.664701, 0.091935, 0.0, 0.0, 0.0, 1.0],
                [0.591073, 0.259883, 0.763607, 0.060933, 0.290539, -0.951727, 0.099015, 0.059644, 0.752479, 0.163332, -0.638045, 0.091935, 0.0, 0.0, 0.0, 1.0],
                [0.58361, 0.238872, 0.776106, 0.060933, 0.29324, -0.953257, 0.072889, 0.059644, 0.757241, 0.185047, -0.626376, 0.091935, 0.0, 0.0, 0.0, 1.0],
                [0.574453, 0.213769, 0.790132, 0.060933, 0.301003, -0.952828, 0.038948, 0.059644, 0.761187, 0.215458, -0.611698, 0.091934, 0.0, 0.0, 0.0, 1.0],
                [0.566716, 0.192901, 0.801014, 0.060933, 0.299995, -0.953782, 0.017446, 0.059644, 0.767358, 0.230414, -0.598392, 0.091936, 0.0, 0.0, 0.0, 1.0],
                [0.558726, 0.196883, 0.805645, 0.060933, 0.287451, -0.957172, 0.034563, 0.059644, 0.777947, 0.212272, -0.591389, 0.091935, 0.0, 0.0, 0.0, 1.0],
                [0.548417, 0.212604, 0.808727, 0.060933, 0.28027, -0.957932, 0.061771, 0.059644, 0.78784, 0.192786, -0.584931, 0.091935, 0.0, 0.0, 0.0, 1.0],
                [0.536186, 0.232426, 0.811471, 0.060933, 0.273853, -0.957243, 0.093229, 0.059644, 0.798444, 0.172235, -0.576909, 0.091936, 0.0, 0.0, 0.0, 1.0],
                [0.531062, 0.240675, 0.812434, 0.060933, 0.269537, -0.956992, 0.107312, 0.059644, 0.803322, 0.161992, -0.573092, 0.091936, 0.0, 0.0, 0.0, 1.0],
                [0.531062, 0.240675, 0.812434, 0.060933, 0.269537, -0.956992, 0.107312, 0.059644, 0.803322, 0.161992, -0.573092, 0.091936, 0.0, 0.0, 0.0, 1.0]
            ]
        },
        {
            "name": "Leg_R",
            "time": [0.0, 0.0417, 0.0833, 0.125, 0.1667, 0.2083, 0.25, 0.2917, 0.3333, 0.375, 0.4167, 0.4583, 0.5, 0.5417, 0.5833, 0.625, 0.6667, 0.7083, 0.75, 0.7917, 0.8333, 0.875, 0.9167, 0.9583, 1.0, 1.0417, 1.0833, 1.125, 1.1667, 1.2083, 1.25, 1.2917, 1.3333, 1.375, 1.4167, 1.4583, 1.5, 1.5417, 1.5833, 1.625, 1.6667, 10.4583],
            "transform": [
                [1.0, -0.0, -1e-06, 0.0, 1e-06, 0.840269, 0.542171, 0.37472, 1e-06, -0.542171, 0.840268, 0.0, 0.0, 0.0, 0.0, 1.0],
                [1.0, -1e-06, -0.0, -0.0, 1e-06, 0.998137, -0.061005, 0.37472, 1e-06, 0.061005, 0.998137, -0.0, 0.0, 0.0, 0.0, 1.0],
                [1.0, -1e-06, -0.0, -0.0, 1e-06, 0.996557, -0.082907, 0.37472, 1e-06, 0.082907, 0.996557, 0.0, 0.0, 0.0, 0.0, 1.0],
                [1.0, -1e-06, -1e-06, 0.0, 1e-06, 0.992969, 0.11837, 0.37472, 0.0, -0.11837, 0.99297, -0.0, 0.0, 0.0, 0.0, 1.0],
                [1.0, -0.0, -1e-06, 0.0, 1e-06, 0.874624, 0.484803, 0.37472, 1e-06, -0.484803, 0.874623, -0.0, 0.0, 0.0, 0.0, 1.0],
                [0.999999, 0.0, -1e-06, 0.0, 1e-06, 0.630615, 0.776096, 0.37472, 1e-06, -0.776097, 0.630614, -0.0, 0.0, 0.0, 0.0, 1.0],
                [1.0, -0.0, -1e-06, -0.0, 1e-06, 0.755461, 0.655193, 0.37472, 1e-06, -0.655194, 0.75546, 0.0, 0.0, 0.0, 0.0, 1.0],
                [1.0, -0.0, -1e-06, -0.0, 1e-06, 0.874297, 0.485393, 0.37472, 1e-06, -0.485394, 0.874296, -0.0, 0.0, 0.0, 0.0, 1.0],
                [1.0, -0.0, -1e-06, 0.0, 1e-06, 0.87573, 0.482802, 0.37472, 1e-06, -0.482802, 0.875729, -0.0, 0.0, 0.0, 0.0, 1.0],
                [1.0, -0.0, -1e-06, 0.0, 1e-06, 0.717684, 0.696369, 0.37472, 1e-06, -0.69637, 0.717683, 0.0, 0.0, 0.0, 0.0, 1.0],
                [1.0, 0.0, -1e-06, -0.0, 1e-06, 0.303088, 0.952962, 0.37472, 1e-06, -0.952964, 0.303087, -0.0, 0.0, 0.0, 0.0, 1.0],
                [1.0, -0.0, -1e-06, 0.0, 1e-06, 0.750531, 0.660836, 0.37472, 1e-06, -0.660837, 0.750529, -0.0, 0.0, 0.0, 0.0, 1.0],
                [1.0, -0.0, -1e-06, 0.0, 1e-06, 0.888755, 0.458384, 0.37472, 1e-06, -0.458385, 0.888753, 0.0, 0.0, 0.0, 0.0, 1.0],
                [0.999999, 1e-06, -1e-06, 0.0, 1e-06, 0.269024, 0.963133, 0.37472, 1e-06, -0.963134, 0.269023, 0.0, 0.0, 0.0, 0.0, 1.0],
                [1.0, 1e-06, -1e-06, -0.0, 1e-06, -0.027783, 0.999613, 0.37472, 1e-06, -0.999615, -0.027783, -0.0, 0.0, 0.0, 0.0, 1.0],
                [1.0, 1e-06, -1e-06, 0.0, 1e-06, -0.034019, 0.99942, 0.37472, 1e-06, -0.999423, -0.034019, 0.0, 0.0, 0.0, 0.0, 1.0],
                [0.999999, 1e-06, -1e-06, -1e-06, 1e-06, -0.019393, 0.999811, 0.37472, 1e-06, -0.999813, -0.019393, 0.0, 0.0, 0.0, 0.0, 1.0],
                [0.999999, 1e-06, -1e-06, 1e-06, 1e-06, -0.011462, 0.999933, 0.37472, 1e-06, -0.999935, -0.011462, 0.0, 0.0, 0.0, 0.0, 1.0],
                [1.0, 1e-06, -1e-06, 1e-06, 1e-06, -0.015125, 0.999885, 0.37472, 1e-06, -0.999886, -0.015125, 0.0, 0.0, 0.0, 0.0, 1.0],
                [1.0, 1e-06, -1e-06, -0.0, 1e-06, -0.007011, 0.999974, 0.37472, 1e-06, -0.999976, -0.007011, -0.0, 0.0, 0.0, 0.0, 1.0],
                [1.0, 1e-06, -1e-06, 0.0, 1e-06, 0.018787, 0.999823, 0.37472, 1e-06, -0.999824, 0.018787, -0.0, 0.0, 0.0, 0.0, 1.0],
                [1.0, 1e-06, -1e-06, -0.0, 1e-06, 0.043685, 0.999045, 0.37472, 1e-06, -0.999046, 0.043685, -0.0, 0.0, 0.0, 0.0, 1.0],
                [1.0, 1e-06, -1e-06, -0.0, 1e-06, 0.092553, 0.995706, 0.37472, 1e-06, -0.995708, 0.092553, 0.0, 0.0, 0.0, 0.0, 1.0],
                [1.0, 1e-06, -1e-06, 0.0, 1e-06, 0.192568, 0.981282, 0.37472, 1e-06, -0.981284, 0.192568, 0.0, 0.0, 0.0, 0.0, 1.0],
                [1.0, 0.0, -1e-06, -0.0, 1e-06, 0.393996, 0.919111, 0.37472, 1e-06, -0.919113, 0.393995, 0.0, 0.0, 0.0, 0.0, 1.0],
                [1.0, 0.0, -1e-06, 0.0, 1e-06, 0.66145, 0.749989, 0.37472, 1e-06, -0.749989, 0.661449, 0.0, 0.0, 0.0, 0.0, 1.0],
                [1.0, -0.0, -1e-06, 0.0, 1e-06, 0.829625, 0.558321, 0.37472, 1e-06, -0.558322, 0.829624, 0.0, 0.0, 0.0, 0.0, 1.0],
                [1.0, 0.0, -1e-06, 0.0, 1e-06, 0.729139, 0.684365, 0.37472, 1e-06, -0.684366, 0.729138, 0.0, 0.0, 0.0, 0.0, 1.0],
                [1.0, 0.0, -1e-06, 1e-06, 1e-06, 0.621596, 0.783337, 0.37472, 1e-06, -0.783338, 0.621595, -0.0, 0.0, 0.0, 0.0, 1.0],
                [1.0, 0.0, -1e-06, -0.0, 1e-06, 0.589495, 0.807771, 0.37472, 1e-06, -0.807773, 0.589494, 0.0, 0.0, 0.0, 0.0, 1.0],
                [1.0, 0.0, -1e-06, 0.0, 1e-06, 0.652178, 0.758065, 0.37472, 1e-06, -0.758066, 0.652177, 0.0, 0.0, 0.0, 0.0, 1.0],
                [1.0, -0.0, -1e-06, 0.0, 1e-06, 0.749163, 0.662385, 0.37472, 1e-06, -0.662386, 0.749162, 0.0, 0.0, 0.0, 0.0, 1.0],
                [1.0, -0.0, -1e-06, 0.0, 1e-06, 0.878448, 0.477838, 0.37472, 1e-06, -0.477838, 0.878447, -0.0, 0.0, 0.0, 0.0, 1.0],
                [1.0, -1e-06, -1e-06, -0.0, 1e-06, 0.923814, 0.382842, 0.37472, 1e-06, -0.382842, 0.923813, 0.0, 0.0, 0.0, 0.0, 1.0],
                [1.0, -0.0, -1e-06, -0.0, 1e-06, 0.936228, 0.351393, 0.37472, 1e-06, -0.351393, 0.936227, -0.0, 0.0, 0.0, 0.0, 1.0],
                [1.0, -0.0, -1e-06, 0.0, 1e-06, 0.95331, 0.301995, 0.37472, 1e-06, -0.301995, 0.953309, -0.0, 0.0, 0.0, 0.0, 1.0],
                [1.0, -1e-06, -1e-06, -0.0, 1e-06, 0.965172, 0.261616, 0.37472, 1e-06, -0.261616, 0.965171, 0.0, 0.0, 0.0, 0.0, 1.0],
                [1.0, -1e-06, -1e-06, -0.0, 1e-06, 0.95938, 0.282115, 0.37472, 1e-06, -0.282116, 0.95938, 0.0, 0.0, 0.0, 0.0, 1.0],
                [1.0, -1e-06, -1e-06, 0.0, 1e-06, 0.949468, 0.313863, 0.37472, 1e-06, -0.313863, 0.949467, -0.0, 0.0, 0.0, 0.0, 1.0],
                [1.0, -0.0, -1e-06, 0.0, 1e-06, 0.93688, 0.349649, 0.37472, 1e-06, -0.349649, 0.93688, -0.0, 0.0, 0.0, 0.0, 1.0],
                [1.0, -0.0, -1e-06, -0.0, 1e-06, 0.930891, 0.365296, 0.37472, 1e-06, -0.365297, 0.930891, -0.0, 0.0, 0.0, 0.0, 1.0],
                [1.0, -0.0, -1e-06, -0.0, 1e-06, 0.930891, 0.365296, 0.37472, 1e-06, -0.365297, 0.930891, -0.0, 0.0, 0.0, 0.0, 1.0]
            ]
        },
        {
            "name": "Knee_R",
            "time": [0.0, 10.4583],
            "transform": [
                [1.0, 0.0, -0.0, -0.0, -0.0, 1e-06, -1.0, 0.37472, -0.0, 1.0, 1e-06, 0.0, 0.0, 0.0, 0.0, 1.0],
                [1.0, 0.0, -0.0, -1e-06, -0.0, 1e-06, -1.0, 0.37472, -0.0, 1.0, 1e-06, -0.0, 0.0, 0.0, 0.0, 1.0]
            ]
        },
        {
            "name": "Thigh_L",
            "time": [0.0, 0.0417, 0.0833, 0.125, 0.1667, 0.2083, 0.25, 0.2917, 0.3333, 0.375, 0.4167, 0.4583, 0.5, 0.5417, 0.5833, 0.625, 0.6667, 0.7083, 0.75, 0.7917, 0.8333, 0.875, 0.9167, 0.9583, 1.0, 1.0417, 1.0833, 1.125, 1.1667, 1.2083, 1.25, 1.2917, 1.3333, 1.375, 1.4167, 1.4583, 1.5, 1.5417, 1.5833, 1.625, 1.6667, 10.4583],
            "transform": [
                [0.159773, 0.257682, 0.952928, 0.035248, -0.591263, -0.748037, 0.301411, 0.061755, 0.790491, -0.611591, 0.032841, -0.130701, 0.0, 0.0, 0.0, 1.0],
                [-0.634894, -0.119253, 0.763339, 0.009302, -0.604735, -0.538197, -0.587059, 0.055862, 0.480833, -0.834342, 0.269582, -0.132052, 0.0, 0.0, 0.0, 1.0],
                [-0.995672, -0.040284, 0.083724, -0.016644, -0.077618, -0.134647, -0.987848, 0.049969, 0.051068, -0.990076, 0.130938, -0.133403, 0.0, 0.0, 0.0, 1.0],
                [-0.810951, -0.05284, -0.58272, -0.04259, 0.515658, 0.406081, -0.754449, 0.044076, 0.276496, -0.91231, -0.302064, -0.134754, 0.0, 0.0, 0.0, 1.0],
                [0.106949, -0.135684, -0.984963, -0.068536, 0.541393, 0.838851, -0.05677, 0.038184, 0.833937, -0.527183, 0.163172, -0.136105, 0.0, 0.0, 0.0, 1.0],
                [0.878165, -0.159014, -0.451152, -0.094482, 0.047494, 0.967458, -0.248544, 0.032291, 0.47599, 0.196836, 0.857139, -0.137456, 0.0, 0.0, 0.0, 1.0],
                [0.919738, -0.1623, -0.357401, -0.099918, -0.185104, 0.623585, -0.759525, 0.038351, 0.346139, 0.764725, 0.543493, -0.122518, 0.0, 0.0, 0.0, 1.0],
                [0.923442, -0.154567, -0.351226, -0.105355, -0.345501, 0.063356, -0.936276, 0.044412, 0.166969, 0.985951, 0.005103, -0.10758, 0.0, 0.0, 0.0, 1.0],
                [0.995716, -0.050169, -0.077639, -0.110791, -0.092268, -0.488635, -0.867595, 0.050472, 0.00559, 0.871047, -0.491171, -0.092641, 0.0, 0.0, 0.0, 1.0],
                [0.997995, 0.005026, 0.063054, -0.116228, 0.042018, -0.797794, -0.601465, 0.056532, 0.047281, 0.602912, -0.796406, -0.077702, 0.0, 0.0, 0.0, 1.0],
                [0.985402, 0.018559, 0.169215, -0.121664, 0.085083, -0.914666, -0.395157, 0.062593, 0.147441, 0.403788, -0.902893, -0.062764, 0.0, 0.0, 0.0, 1.0],
                [0.933818, 0.210791, 0.289046, -0.127101, 0.171362, -0.972811, 0.155813, 0.068654, 0.31403, -0.09597, -0.944549, -0.047825, 0.0, 0.0, 0.0, 1.0],
                [0.655392, 0.524909, 0.543075, -0.098378, -0.160707, -0.605651, 0.779333, 0.069952, 0.73799, -0.598049, -0.312582, -0.059269, 0.0, 0.0, 0.0, 1.0],
                [0.509393, 0.742035, 0.435779, -0.069655, -0.639004, -0.013003, 0.769091, 0.071251, 0.576357, -0.670239, 0.467539, -0.070713, 0.0, 0.0, 0.0, 1.0],
                [0.245794, 0.71066, 0.659204, -0.040932, -0.831478, -0.194969, 0.520217, 0.072549, 0.498219, -0.675984, 0.542976, -0.082157, 0.0, 0.0, 0.0, 1.0],
                [0.052685, 0.64306, 0.764003, -0.012209, -0.847748, -0.37554, 0.37455, 0.073848, 0.52777, -0.667419, 0.525367, -0.093601, 0.0, 0.0, 0.0, 1.0],
                [-0.003064, 0.634896, 0.772593, 0.016513, -0.836027, -0.425535, 0.346375, 0.075146, 0.548675, -0.644851, 0.532093, -0.105045, 0.0, 0.0, 0.0, 1.0],
                [-0.043856, 0.62666, 0.778059, 0.00784, -0.82677, -0.459961, 0.323856, 0.081219, 0.560822, -0.629077, 0.538276, -0.111696, 0.0, 0.0, 0.0, 1.0],
                [-0.062855, 0.623837, 0.779024, -0.000834, -0.824199, -0.472619, 0.311968, 0.087291, 0.562796, -0.622466, 0.543873, -0.118348, 0.0, 0.0, 0.0, 1.0],
                [-0.037868, 0.626788, 0.77827, -0.009507, -0.820683, -0.463856, 0.333637, 0.093364, 0.570122, -0.626083, 0.53196, -0.124999, 0.0, 0.0, 0.0, 1.0],
                [0.014645, 0.633592, 0.773529, -0.018181, -0.811869, -0.444035, 0.379075, 0.099437, 0.583651, -0.63356, 0.507891, -0.13165, 0.0, 0.0, 0.0, 1.0],
                [0.070256, 0.638836, 0.76613, -0.026854, -0.801358, -0.421226, 0.424724, 0.105509, 0.59404, -0.643787, 0.482343, -0.138301, 0.0, 0.0, 0.0, 1.0],
                [0.115725, 0.63821, 0.761116, -0.035259, -0.783069, -0.412789, 0.465193, 0.094129, 0.611068, -0.649845, 0.451992, -0.125468, 0.0, 0.0, 0.0, 1.0],
                [0.134549, 0.630856, 0.764146, -0.043664, -0.751259, -0.437909, 0.493804, 0.082748, 0.646142, -0.640517, 0.415015, -0.112634, 0.0, 0.0, 0.0, 1.0],
                [0.100995, 0.618682, 0.779124, -0.052068, -0.691918, -0.519038, 0.501844, 0.071368, 0.714873, -0.589777, 0.375657, -0.0998, 0.0, 0.0, 0.0, 1.0],
                [0.117008, 0.596188, 0.794274, -0.060473, -0.607443, -0.58976, 0.532161, 0.059988, 0.785695, -0.544746, 0.293143, -0.086966, 0.0, 0.0, 0.0, 1.0],
                [0.30163, 0.549839, 0.778907, -0.068878, -0.517251, -0.591909, 0.618138, 0.048607, 0.800915, -0.589344, 0.105867, -0.074132, 0.0, 0.0, 0.0, 1.0],
                [0.605973, 0.441423, 0.661771, -0.068878, -0.38975, -0.560464, 0.730735, 0.048607, 0.693459, -0.700736, -0.167582, -0.074133, 0.0, 0.0, 0.0, 1.0],
                [0.832911, 0.278853, 0.478014, -0.068878, -0.260388, -0.564707, 0.783137, 0.048607, 0.488316, -0.776757, -0.39774, -0.074133, 0.0, 0.0, 0.0, 1.0],
                [0.922689, 0.153367, 0.353722, -0.068877, -0.188047, -0.621913, 0.760173, 0.048607, 0.336568, -0.767924, -0.544992, -0.074134, 0.0, 0.0, 0.0, 1.0],
                [0.953031, 0.075434, 0.29332, -0.068878, -0.150345, -0.722899, 0.6744, 0.048607, 0.262912, -0.686827, -0.677604, -0.074133, 0.0, 0.0, 0.0, 1.0],
                [0.962544, 0.027805, 0.269687, -0.068878, -0.126906, -0.832815, 0.53881, 0.048607, 0.23958, -0.552856, -0.798093, -0.074133, 0.0, 0.0, 0.0, 1.0],
                [0.963963, -0.006099, 0.265957, -0.068877, -0.114747, -0.911486, 0.395005, 0.048607, 0.240006, -0.41129, -0.879339, -0.074134, 0.0, 0.0, 0.0, 1.0],
                [0.961199, -0.024722, 0.274736, -0.068878, -0.115547, -0.940472, 0.319633, 0.048607, 0.250479, -0.338977, -0.906837, -0.074133, 0.0, 0.0, 0.0, 1.0],
                [0.954335, -0.013486, 0.298426, -0.068877, -0.119911, -0.932262, 0.341337, 0.048607, 0.273607, -0.361536, -0.891308, -0.074133, 0.0, 0.0, 0.0, 1.0],
                [0.948104, 0.00171, 0.317948, -0.068878, -0.126979, -0.914743, 0.383568, 0.048607, 0.291495, -0.404037, -0.867055, -0.074133, 0.0, 0.0, 0.0, 1.0],
                [0.944551, 0.006642, 0.32829, -0.068877, -0.135539, -0.90276, 0.408237, 0.048607, 0.299078, -0.430098, -0.851802, -0.074133, 0.0, 0.0, 0.0, 1.0],
                [0.937888, 0.010669, 0.346767, -0.068877, -0.153066, -0.88426, 0.4412, 0.048607, 0.311338, -0.466876, -0.827705, -0.074133, 0.0, 0.0, 0.0, 1.0],
                [0.924265, -0.002396, 0.381737, -0.068877, -0.177032, -0.888643, 0.423056, 0.048607, 0.338213, -0.458598, -0.821766, -0.074134, 0.0, 0.0, 0.0, 1.0],
                [0.902325, -0.032825, 0.4298, -0.068877, -0.203821, -0.911078, 0.358324, 0.048607, 0.379818, -0.410929, -0.828779, -0.074133, 0.0, 0.0, 0.0, 1.0],
                [0.892174, -0.051811, 0.448706, -0.068877, -0.216922, -0.920491, 0.325028, 0.048607, 0.396189, -0.387318, -0.832477, -0.074133, 0.0, 0.0, 0.0, 1.0],
                [0.892174, -0.051811, 0.448706, -0.068877, -0.216922, -0.920491, 0.325028, 0.048607, 0.396189, -0.387318, -0.832477, -0.074133, 0.0, 0.0, 0.0, 1.0]
            ]
        },
        {
            "name": "Leg_L",
            "time": [0.0, 0.0417, 0.0833, 0.125, 0.1667, 0.2083, 0.25, 0.2917, 0.3333, 0.375, 0.4167, 0.4583, 0.5, 0.5417, 0.5833, 0.625, 0.6667, 0.7083, 0.75, 0.7917, 0.8333, 0.875, 0.9167, 0.9583, 1.0, 1.0417, 1.0833, 1.125, 1.1667, 1.2083, 1.25, 1.2917, 1.3333, 1.375, 1.4167, 1.4583, 1.5, 1.5417, 1.5833, 1.625, 1.6667, 10.4583],
            "transform": [
                [0.999997, -0.0, -1e-06, -0.0, 0.0, 0.697074, 0.717, 0.37472, 0.0, -0.716999, 0.697075, -0.0, 0.0, 0.0, 0.0, 1.0],
                [0.999998, -0.0, -1e-06, 0.0, 0.0, 0.986123, 0.166007, 0.37472, 1e-06, -0.166006, 0.986128, -0.0, 0.0, 0.0, 0.0, 1.0],
                [0.999998, -0.0, -1e-06, -0.0, 1e-06, 0.953941, 0.299993, 0.37472, 1e-06, -0.299991, 0.953945, -0.0, 0.0, 0.0, 0.0, 1.0],
                [0.999997, -0.0, -1e-06, -0.0, 0.0, 0.840282, 0.54215, 0.37472, 1e-06, -0.542148, 0.840284, 0.0, 0.0, 0.0, 0.0, 1.0],
                [0.999997, -0.0, -1e-06, 0.0, 1e-06, 0.703267, 0.710927, 0.37472, 0.0, -0.710925, 0.703269, 0.0, 0.0, 0.0, 0.0, 1.0],
                [0.999997, 0.0, -1e-06, -0.0, 0.0, 0.571604, 0.820531, 0.37472, 0.0, -0.82053, 0.571605, 0.0, 0.0, 0.0, 0.0, 1.0],
                [0.999997, 0.0, -0.0, -0.0, 0.0, 0.260985, 0.965344, 0.37472, 0.0, -0.965344, 0.260985, -0.0, 0.0, 0.0, 0.0, 1.0],
                [0.999998, -0.0, -0.0, 0.0, 0.0, 0.409107, 0.912488, 0.37472, 0.0, -0.912487, 0.409107, -0.0, 0.0, 0.0, 0.0, 1.0],
                [0.999997, -0.0, -1e-06, 0.0, 0.0, 0.969891, 0.243535, 0.37472, 1e-06, -0.243534, 0.969896, 0.0, 0.0, 0.0, 0.0, 1.0],
                [0.999997, -0.0, -1e-06, -0.0, 0.0, 0.987567, -0.157189, 0.37472, 1e-06, 0.157189, 0.987572, 0.0, 0.0, 0.0, 0.0, 1.0],
                [0.999998, -0.0, -1e-06, 0.0, 0.0, 0.975365, 0.220596, 0.37472, 1e-06, -0.220595, 0.975368, -0.0, 0.0, 0.0, 0.0, 1.0],
                [0.999998, 0.0, -1e-06, 0.0, 0.0, 0.50019, 0.865916, 0.37472, 0.0, -0.865916, 0.50019, -0.0, 0.0, 0.0, 0.0, 1.0],
                [0.999997, 0.0, -0.0, 0.0, 0.0, -0.16363, 0.986522, 0.37472, -0.0, -0.986523, -0.16363, -0.0, 0.0, 0.0, 0.0, 1.0],
                [0.999997, -0.0, -0.0, -0.0, 0.0, -0.402007, 0.915638, 0.37472, -0.0, -0.915638, -0.402007, 0.0, 0.0, 0.0, 0.0, 1.0],
                [0.999997, 0.0, -0.0, -0.0, 0.0, -0.040858, 0.999165, 0.37472, 0.0, -0.999166, -0.040858, -0.0, 0.0, 0.0, 0.0, 1.0],
                [0.999997, 0.0, -0.0, 0.0, 0.0, 0.151823, 0.988408, 0.37472, 0.0, -0.988409, 0.151823, -0.0, 0.0, 0.0, 0.0, 1.0],
                [0.999998, 0.0, -0.0, 0.0, 0.0, 0.168503, 0.985702, 0.37472, 0.0, -0.985703, 0.168503, 0.0, 0.0, 0.0, 0.0, 1.0],
                [0.999998, 0.0, -0.0, -0.0, 0.0, 0.179085, 0.983835, 0.37472, 0.0, -0.983835, 0.179085, -0.0, 0.0, 0.0, 0.0, 1.0],
                [0.999997, 0.0, -0.0, -0.0, 0.0, 0.178015, 0.984029, 0.37472, 0.0, -0.984029, 0.178015, -0.0, 0.0, 0.0, 0.0, 1.0],
                [0.999997, 0.0, -0.0, 0.0, 0.0, 0.175209, 0.984532, 0.37472, 0.0, -0.984533, 0.175209, -0.0, 0.0, 0.0, 0.0, 1.0],
                [0.999997, 0.0, -0.0, 0.0, 0.0, 0.170132, 0.985422, 0.37472, 0.0, -0.985422, 0.170132, 0.0, 0.0, 0.0, 0.0, 1.0],
                [0.999997, -0.0, -0.0, 0.0, 0.0, 0.163018, 0.986624, 0.37472, 0.0, -0.986624, 0.163018, 0.0, 0.0, 0.0, 0.0, 1.0],
                [0.999997, -0.0, -0.0, -0.0, 0.0, 0.152687, 0.988275, 0.37472, 0.0, -0.988276, 0.152687, -0.0, 0.0, 0.0, 0.0, 1.0],
                [0.999998, 0.0, -0.0, 0.0, 0.0, 0.13923, 0.99026, 0.37472, 0.0, -0.990261, 0.13923, 0.0, 0.0, 0.0, 0.0, 1.0],
                [0.999998, 0.0, -0.0, -0.0, 0.0, 0.123032, 0.992403, 0.37472, 0.0, -0.992404, 0.123032, 0.0, 0.0, 0.0, 0.0, 1.0],
                [0.999998, 0.0, -0.0, 0.0, 0.0, 0.115929, 0.993258, 0.37472, 0.0, -0.993259, 0.115929, 0.0, 0.0, 0.0, 0.0, 1.0],
                [0.999997, 0.0, -0.0, -0.0, 0.0, 0.118972, 0.992898, 0.37472, 0.0, -0.992899, 0.118972, -0.0, 0.0, 0.0, 0.0, 1.0],
                [0.999997, -0.0, -0.0, -0.0, 0.0, 0.119118, 0.99288, 0.37472, 0.0, -0.992882, 0.119118, 0.0, 0.0, 0.0, 0.0, 1.0],
                [0.999997, 0.0, -0.0, 0.0, 0.0, 0.146227, 0.989252, 0.37472, 0.0, -0.989252, 0.146227, -0.0, 0.0, 0.0, 0.0, 1.0],
                [0.999997, 0.0, -0.0, 0.0, 0.0, 0.224183, 0.974548, 0.37472, 0.0, -0.974548, 0.224183, 0.0, 0.0, 0.0, 0.0, 1.0],
                [0.999997, -0.0, -1e-06, -0.0, 1e-06, 0.374417, 0.927261, 0.37472, 0.0, -0.927261, 0.374417, -0.0, 0.0, 0.0, 0.0, 1.0],
                [0.999997, -0.0, -0.0, 0.0, 0.0, 0.575827, 0.817573, 0.37472, 0.0, -0.817572, 0.575828, 0.0, 0.0, 0.0, 0.0, 1.0],
                [0.999997, -0.0, -1e-06, -0.0, 0.0, 0.751987, 0.659179, 0.37472, 0.0, -0.659177, 0.751989, 0.0, 0.0, 0.0, 0.0, 1.0],
                [0.999998, -0.0, -1e-06, 0.0, 0.0, 0.826117, 0.563499, 0.37472, 0.0, -0.563497, 0.82612, 0.0, 0.0, 0.0, 0.0, 1.0],
                [0.999997, -0.0, -1e-06, 0.0, 0.0, 0.800164, 0.599783, 0.37472, 0.0, -0.599781, 0.800166, 0.0, 0.0, 0.0, 0.0, 1.0],
                [0.999997, -0.0, -1e-06, -0.0, 0.0, 0.75422, 0.656623, 0.37472, 0.0, -0.656621, 0.754222, -0.0, 0.0, 0.0, 0.0, 1.0],
                [0.999997, -0.0, -1e-06, 0.0, 1e-06, 0.731282, 0.682077, 0.37472, 0.0, -0.682075, 0.731283, 0.0, 0.0, 0.0, 0.0, 1.0],
                [0.999997, -0.0, -1e-06, -0.0, 0.0, 0.70846, 0.705753, 0.374721, 0.0, -0.705751, 0.708462, 0.0, 0.0, 0.0, 0.0, 1.0],
                [0.999997, -0.0, -1e-06, -0.0, 0.0, 0.748265, 0.663401, 0.37472, 0.0, -0.6634, 0.748266, 0.0, 0.0, 0.0, 0.0, 1.0],
                [0.999997, -0.0, -1e-06, 0.0, 0.0, 0.832479, 0.554057, 0.37472, 0.0, -0.554055, 0.832482, 0.0, 0.0, 0.0, 0.0, 1.0],
                [0.999998, -0.0, -1e-06, -0.0, 0.0, 0.868704, 0.495331, 0.37472, 0.0, -0.495329, 0.868707, 0.0, 0.0, 0.0, 0.0, 1.0],
                [0.999998, -0.0, -1e-06, -0.0, 0.0, 0.868704, 0.495331, 0.37472, 0.0, -0.495329, 0.868707, 0.0, 0.0, 0.0, 0.0, 1.0]
            ]
        },
        {
            "name": "Knee_L",
            "time": [0.0, 10.4583],
            "transform": [
                [1.0, 0.0, -0.0, 0.0, -0.0, 1e-06, -1.0, 0.37472, -0.0, 1.0, 1e-06, 0.0, 0.0, 0.0, 0.0, 1.0],
                [1.0, 0.0, -0.0, 0.0, -0.0, 1e-06, -1.0, 0.37472, 0.0, 1.0, 1e-06, 0.0, 0.0, 0.0, 0.0, 1.0]
            ]
        },
        {
            "name": "Torso",
            "time": [0.0, 0.0417, 0.0833, 0.125, 0.1667, 0.2083, 0.25, 0.2917, 0.3333, 0.375, 0.4167, 0.4583, 0.5, 0.5417, 0.5833, 0.625, 0.6667, 0.7083, 0.75, 0.7917, 0.8333, 0.875, 0.9167, 0.9583, 1.0, 1.0417, 1.0833, 1.125, 1.1667, 1.2083, 1.25, 1.2917, 1.3333, 1.375, 1.4167, 1.4583, 1.5, 1.5417, 1.5833, 1.625, 1.6667, 10.4583],
            "transform": [
                [-0.209324, 0.066862, -0.975558, 0.0, -0.245693, 0.962057, 0.118654, 0.05, 0.946479, 0.264524, -0.184954, 0.0, 0.0, 0.0, 0.0, 1.0],
                [-0.781027, 0.084533, -0.618751, 0.0, -0.412899, 0.673433, 0.613189, 0.05, 0.468524, 0.734397, -0.491066, -0.0, 0.0, 0.0, 0.0, 1.0],
                [-0.955797, 0.045014, 0.290566, -0.0, 0.293713, 0.192183, 0.936375, 0.05, -0.013692, 0.980325, -0.196909, -0.0, 0.0, 0.0, 0.0, 1.0],
                [-0.428512, 0.054824, 0.901871, 0.0, 0.825069, -0.383119, 0.415309, 0.05, 0.368294, 0.922069, 0.118938, -0.0, 0.0, 0.0, 0.0, 1.0],
                [0.272241, -0.024927, 0.961906, -0.0, 0.558616, -0.809861, -0.179087, 0.05, 0.783477, 0.58609, -0.206552, 0.0, 0.0, 0.0, 0.0, 1.0],
                [0.731528, -0.06624, 0.678587, 0.0, 0.085359, -0.978541, -0.187538, 0.05, 0.67645, 0.195112, -0.710175, 0.0, 0.0, 0.0, 0.0, 1.0],
                [0.964046, -0.038138, 0.26299, -0.0, -0.04335, -0.998961, 0.014045, 0.05, 0.262182, -0.024941, -0.964696, 0.0, 0.0, 0.0, 0.0, 1.0],
                [0.998927, 0.004094, -0.04616, 0.0, 0.018286, -0.950081, 0.311465, 0.05, -0.042581, -0.311974, -0.949136, -0.0, 0.0, 0.0, 0.0, 1.0],
                [0.991523, 0.019017, -0.12855, 0.0, 0.102054, -0.72635, 0.679705, 0.05, -0.080446, -0.68706, -0.722133, -0.0, 0.0, 0.0, 0.0, 1.0],
                [0.978854, 0.054013, -0.19731, -0.0, 0.19887, -0.025161, 0.979703, 0.05, 0.047953, -0.998222, -0.035371, 0.0, 0.0, 0.0, 0.0, 1.0],
                [0.943171, 0.104085, -0.315591, -0.0, 0.217089, 0.526044, 0.822283, 0.05, 0.251603, -0.844062, 0.473554, -0.0, 0.0, 0.0, 0.0, 1.0],
                [0.885291, 0.138361, -0.443981, -0.0, 0.212052, 0.729577, 0.650192, 0.05, 0.413881, -0.669754, 0.616548, -0.0, 0.0, 0.0, 0.0, 1.0],
                [0.747391, 0.158057, -0.645311, 0.0, 0.19878, 0.873599, 0.444196, 0.05, 0.633952, -0.460262, 0.621502, 0.0, 0.0, 0.0, 0.0, 1.0],
                [0.302658, 0.144753, -0.942043, 0.0, 0.17625, 0.962851, 0.204576, 0.05, 0.936663, -0.227951, 0.265902, 0.0, 0.0, 0.0, 0.0, 1.0],
                [-0.020243, 0.203394, -0.978887, 0.0, 0.17923, 0.963965, 0.196588, 0.05, 0.9836, -0.171466, -0.055968, 0.0, 0.0, 0.0, 0.0, 1.0],
                [-0.109106, 0.266805, -0.957555, 0.0, 0.171708, 0.953882, 0.246218, 0.05, 0.979089, -0.137555, -0.149887, 0.0, 0.0, 0.0, 0.0, 1.0],
                [-0.125795, 0.308019, -0.943027, 0.0, 0.138363, 0.946734, 0.290773, 0.05, 0.982362, -0.093902, -0.161713, 0.0, 0.0, 0.0, 0.0, 1.0],
                [-0.139704, 0.337791, -0.930796, 0.0, 0.115003, 0.939187, 0.323576, 0.05, 0.983494, -0.061839, -0.170055, 0.0, 0.0, 0.0, 0.0, 1.0],
                [-0.135144, 0.350764, -0.926661, 0.0, 0.098022, 0.935385, 0.339772, 0.05, 0.985967, -0.044915, -0.160794, 0.0, 0.0, 0.0, 0.0, 1.0],
                [-0.085356, 0.336211, -0.937911, 0.0, 0.08888, 0.940161, 0.32893, 0.05, 0.99238, -0.055285, -0.11013, 0.0, 0.0, 0.0, 0.0, 1.0],
                [-0.012245, 0.303049, -0.952896, 0.0, 0.085044, 0.949829, 0.300981, 0.05, 0.996303, -0.077353, -0.037403, 0.0, 0.0, 0.0, 0.0, 1.0],
                [0.063032, 0.263794, -0.962517, -0.0, 0.081369, 0.959865, 0.268396, 0.05, 0.99469, -0.095236, 0.039038, 0.0, 0.0, 0.0, 0.0, 1.0],
                [0.132182, 0.225457, -0.965245, 0.0, 0.079716, 0.968216, 0.237068, 0.05, 0.988016, -0.108281, 0.110009, 0.0, 0.0, 0.0, 0.0, 1.0],
                [0.190983, 0.193392, -0.962354, 0.0, 0.081328, 0.97391, 0.211855, 0.05, 0.97822, -0.118726, 0.170272, 0.0, 0.0, 0.0, 0.0, 1.0],
                [0.253408, 0.161467, -0.953789, 0.0, 0.087199, 0.978143, 0.188758, 0.05, 0.963423, -0.131002, 0.233789, 0.0, 0.0, 0.0, 0.0, 1.0],
                [0.322763, 0.128722, -0.937686, 0.0, 0.098804, 0.980712, 0.168639, 0.05, 0.94131, -0.147078, 0.30382, 0.0, 0.0, 0.0, 0.0, 1.0],
                [0.405851, 0.093655, -0.909129, 0.0, 0.120979, 0.980476, 0.155012, 0.05, 0.905898, -0.172897, 0.386597, 0.0, 0.0, 0.0, 0.0, 1.0],
                [0.540525, 0.044517, -0.84015, 0.0, 0.178163, 0.969894, 0.166017, 0.05, 0.822248, -0.23942, 0.516321, 0.0, 0.0, 0.0, 0.0, 1.0],
                [0.667907, -0.01402, -0.744113, 0.0, 0.23403, 0.95306, 0.192106, 0.05, 0.706493, -0.302453, 0.639837, 0.0, 0.0, 0.0, 0.0, 1.0],
                [0.735149, -0.054622, -0.675703, -0.0, 0.249279, 0.948694, 0.19452, 0.05, 0.630412, -0.311439, 0.711047, 0.0, 0.0, 0.0, 0.0, 1.0],
                [0.759276, -0.070092, -0.646985, -0.0, 0.217528, 0.964332, 0.150809, 0.05, 0.613339, -0.255242, 0.747441, 0.0, 0.0, 0.0, 0.0, 1.0],
                [0.758822, -0.067835, -0.647757, 0.0, 0.154219, 0.98499, 0.07751, 0.05, 0.632778, -0.158713, 0.757894, 0.0, 0.0, 0.0, 0.0, 1.0],
                [0.751182, -0.062651, -0.657117, -0.0, 0.094635, 0.995422, 0.013275, 0.05, 0.653278, -0.072158, 0.753672, -0.0, 0.0, 0.0, 0.0, 1.0],
                [0.747344, -0.060563, -0.661673, -0.0, 0.066336, 0.997662, -0.016391, 0.05, 0.66112, -0.031643, 0.749614, -0.0, 0.0, 0.0, 0.0, 1.0],
                [0.741347, -0.057835, -0.668626, -0.0, 0.061522, 0.99794, -0.018107, 0.05, 0.668298, -0.027712, 0.743378, -0.0, 0.0, 0.0, 0.0, 1.0],
                [0.734681, -0.055837, -0.676112, 0.0, 0.062055, 0.997959, -0.014987, 0.05, 0.675571, -0.030945, 0.736646, -0.0, 0.0, 0.0, 0.0, 1.0],
                [0.727994, -0.055861, -0.683305, 0.0, 0.055589, 0.998202, -0.022381, 0.05, 0.683328, -0.021691, 0.72979, -0.0, 0.0, 0.0, 0.0, 1.0],
                [0.720595, -0.058117, -0.690918, -0.0, 0.043118, 0.998307, -0.039004, 0.05, 0.692017, -0.001685, 0.721881, -0.0, 0.0, 0.0, 0.0, 1.0],
                [0.712715, -0.061643, -0.698741, -0.0, 0.028811, 0.997862, -0.058645, 0.05, 0.700863, 0.021666, 0.712967, -0.0, 0.0, 0.0, 0.0, 1.0],
                [0.70433, -0.065905, -0.706807, -0.0, 0.013161, 0.996721, -0.079823, 0.05, 0.709752, 0.04692, 0.702888, -0.0, 0.0, 0.0, 0.0, 1.0],
                [0.700348, -0.067934, -0.710563, -0.0, 0.005577, 0.99595, -0.089722, 0.05, 0.713782, 0.058873, 0.69789, -0.0, 0.0, 0.0, 0.0, 1.0],
                [0.700348, -0.067934, -0.710563, -0.0, 0.005577, 0.99595, -0.089722, 0.05, 0.713782, 0.058873, 0.69789, -0.0, 0.0, 0.0, 0.0, 1.0]
            ]
        },
        {
            "name": "Chest",
            "time": [0.0, 0.0417, 0.0833, 0.125, 0.1667, 0.2083, 0.25, 0.2917, 0.3333, 0.375, 0.4167, 0.4583, 0.5, 0.5417, 0.5833, 0.625, 0.6667, 0.7083, 0.75, 0.7917, 0.8333, 0.875, 0.9167, 0.9583, 1.0, 1.0417, 1.0833, 1.125, 1.1667, 1.2083, 1.25, 1.2917, 1.3333, 1.375, 1.4167, 1.4583, 1.5, 1.5417, 1.5833, 1.625, 1.6667, 10.4583],
            "transform": [
                [0.979686, 0.200547, 2e-06, 0.0, -0.192625, 0.940977, 0.278308, 0.3, 0.055812, -0.272654, 0.960491, -0.0, 0.0, 0.0, 0.0, 1.0],
                [0.986105, 0.164008, -0.026518, -0.0, -0.157849, 0.974676, 0.158396, 0.3, 0.051825, -0.152008, 0.987019, -0.0, 0.0, 0.0, 0.0, 1.0],
