{
    "animation": [
        {
            "name": "Root",
            "time": [0.0, 0.0417, 0.0833, 0.125, 0.1667, 0.2083, 0.25, 0.2917, 0.3333, 0.375, 0.4167, 0.4583, 0.5, 0.5417, 0.5833, 0.625, 0.6667, 0.7083, 0.75, 0.7917, 0.8333, 0.875, 0.9167, 0.9583, 1.0, 1.0417, 1.0833, 1.125, 1.1667, 1.2083, 1.25, 1.2917, 1.3333, 1.375, 1.4167, 1.4583, 1.5, 1.5417, 1.5833, 1.625, 1.6667, 10.4583],
            "transform": [
                [1.0, -0.0, -0.0, -0.590618, -0.0, -0.0, -1.0, 0.510931, 0.0, 1.0, -0.0, 0.545867, 0.0, 0.0, 0.0, 1.0],
                [1.0, -0.0, -0.0, -0.797782, -0.0, -0.0, -1.0, 0.550053, 0.0, 1.0, -0.0, 0.554824, 0.0, 0.0, 0.0, 1.0],
                [1.0, -0.0, -0.0, -1.28342, -0.0, -0.0, -1.0, 0.472343, 0.0, 1.0, -0.0, 0.574528, 0.0, 0.0, 0.0, 1.0],
                [1.0, -0.0, -0.0, -1.825603, -0.0, -0.0, -1.0, 0.358612, 0.0, 1.0, -0.0, 0.594232, 0.0, 0.0, 0.0, 1.0],
                [1.0, -0.0, -0.0, -2.36453, -0.0, -0.0, -1.0, 0.29963, 0.0, 1.0, -0.0, 0.603188, 0.0, 0.0, 0.0, 1.0],
                [1.0, -0.0, -0.0, -2.907875, -0.0, -0.0, -1.0, 0.295119, 0.0, 1.0, -0.0, 0.429301, 0.0, 0.0, 0.0, 1.0],
                [1.0, -0.0, -0.0, -3.37224, -0.0, -0.0, -1.0, 0.330275, 0.0, 1.0, -0.0, 0.255413, 0.0, 0.0, 0.0, 1.0],
                [1.0, -0.0, -0.0, -3.820292, -0.0, -0.0, -1.0, 0.36603, 0.0, 1.0, -0.0, 0.2711, 0.0, 0.0, 0.0, 1.0],
                [1.0, -0.0, -0.0, -4.253326, -0.0, -0.0, -1.0, 0.401562, 0.0, 1.0, -0.0, 0.320349, 0.0, 0.0, 0.0, 1.0],
                [1.0, -0.0, -0.0, -4.576678, -0.0, -0.0, -1.0, 0.438621, 0.0, 1.0, -0.0, 0.399312, 0.0, 0.0, 0.0, 1.0],
                [1.0, -0.0, -0.0, -4.884666, -0.0, -0.0, -1.0, 0.476648, 0.0, 1.0, -0.0, 0.475639, 0.0, 0.0, 0.0, 1.0],
                [1.0, -0.0, -0.0, -5.231781, -0.0, -0.0, -1.0, 0.491981, 0.0, 1.0, -0.0, 0.509854, 0.0, 0.0, 0.0, 1.0],
                [1.0, -0.0, -0.0, -5.551615, -0.0, -0.0, -1.0, 0.438276, 0.0, 1.0, -0.0, 0.467094, 0.0, 0.0, 0.0, 1.0],
                [1.0, -0.0, -0.0, -5.831882, -0.0, -0.0, -1.0, 0.364715, 0.0, 1.0, -0.0, 0.373022, 0.0, 0.0, 0.0, 1.0],
                [1.0, -0.0, -0.0, -6.02235, -0.0, -0.0, -1.0, 0.34992, 0.0, 1.0, -0.0, 0.27895, 0.0, 0.0, 0.0, 1.0],
                [1.0, -0.0, -0.0, -6.171277, -0.0, -0.0, -1.0, 0.375408, 0.0, 1.0, -0.0, 0.23619, 0.0, 0.0, 0.0, 1.0],
                [1.0, -0.0, -0.0, -6.307952, -0.0, -0.0, -1.0, 0.406822, 0.0, 1.0, -0.0, 0.238762, 0.0, 0.0, 0.0, 1.0],
                [1.0, -0.0, -0.0, -6.386441, -0.0, -0.0, -1.0, 0.415754, 0.0, 1.0, -0.0, 0.244821, 0.0, 0.0, 0.0, 1.0],
                [1.0, -0.0, -0.0, -6.42243, -0.0, -0.0, -1.0, 0.417473, 0.0, 1.0, -0.0, 0.251875, 0.0, 0.0, 0.0, 1.0],
                [1.0, -0.0, -0.0, -6.444027, -0.0, -0.0, -1.0, 0.418927, 0.0, 1.0, -0.0, 0.257436, 0.0, 0.0, 0.0, 1.0],
                [1.0, -0.0, -0.0, -6.454114, -0.0, -0.0, -1.0, 0.419459, 0.0, 1.0, -0.0, 0.260024, 0.0, 0.0, 0.0, 1.0],
                [1.0, -0.0, -0.0, -6.463029, -0.0, -0.0, -1.0, 0.420562, 0.0, 1.0, -0.0, 0.262209, 0.0, 0.0, 0.0, 1.0],
                [1.0, -0.0, -0.0, -6.474701, -0.0, -0.0, -1.0, 0.424125, 0.0, 1.0, -0.0, 0.267569, 0.0, 0.0, 0.0, 1.0],
                [1.0, -0.0, -0.0, -6.464915, -0.0, -0.0, -1.0, 0.425515, 0.0, 1.0, -0.0, 0.279686, 0.0, 0.0, 0.0, 1.0],
                [1.0, -0.0, -0.0, -6.42719, -0.0, -0.0, -1.0, 0.424752, 0.0, 1.0, -0.0, 0.322769, 0.0, 0.0, 0.0, 1.0],
                [1.0, -0.0, -0.0, -6.376231, -0.0, -0.0, -1.0, 0.415383, 0.0, 1.0, -0.0, 0.398782, 0.0, 0.0, 0.0, 1.0],
                [1.0, -0.0, -0.0, -6.325187, -0.0, -0.0, -1.0, 0.391953, 0.0, 1.0, -0.0, 0.477934, 0.0, 0.0, 0.0, 1.0],
                [1.0, -0.0, -0.0, -6.268307, -0.0, -0.0, -1.0, 0.362921, 0.0, 1.0, -0.0, 0.536142, 0.0, 0.0, 0.0, 1.0],
                [1.0, -0.0, -0.0, -6.206027, -0.0, -0.0, -1.0, 0.351917, 0.0, 1.0, -0.0, 0.572175, 0.0, 0.0, 0.0, 1.0],
                [1.0, -0.0, -0.0, -6.148491, -0.0, -0.0, -1.0, 0.372189, 0.0, 1.0, -0.0, 0.590511, 0.0, 0.0, 0.0, 1.0],
                [1.0, -0.0, -0.0, -6.110875, -0.0, -0.0, -1.0, 0.39884, 0.0, 1.0, -0.0, 0.595628, 0.0, 0.0, 0.0, 1.0],
                [1.0, -0.0, -0.0, -6.095154, -0.0, -0.0, -1.0, 0.421446, 0.0, 1.0, -0.0, 0.595358, 0.0, 0.0, 0.0, 1.0],
                [1.0, -0.0, -0.0, -6.089465, -0.0, -0.0, -1.0, 0.441141, 0.0, 1.0, -0.0, 0.594625, 0.0, 0.0, 0.0, 1.0],
                [1.0, -0.0, -0.0, -6.086797, -0.0, -0.0, -1.0, 0.460499, 0.0, 1.0, -0.0, 0.593546, 0.0, 0.0, 0.0, 1.0],
                [1.0, -0.0, -0.0, -6.083594, -0.0, -0.0, -1.0, 0.481467, 0.0, 1.0, -0.0, 0.592236, 0.0, 0.0, 0.0, 1.0],
                [1.0, -0.0, -0.0, -6.080392, -0.0, -0.0, -1.0, 0.497801, 0.0, 1.0, -0.0, 0.59081, 0.0, 0.0, 0.0, 1.0],
                [1.0, -0.0, -0.0, -6.076774, -0.0, -0.0, -1.0, 0.507545, 0.0, 1.0, -0.0, 0.589384, 0.0, 0.0, 0.0, 1.0],
                [1.0, -0.0, -0.0, -6.072948, -0.0, -0.0, -1.0, 0.511182, 0.0, 1.0, -0.0, 0.588073, 0.0, 0.0, 0.0, 1.0],
                [1.0, -0.0, -0.0, -6.069758, -0.0, -0.0, -1.0, 0.5112, 0.0, 1.0, -0.0, 0.586994, 0.0, 0.0, 0.0, 1.0],
                [1.0, -0.0, -0.0, -6.067797, -0.0, -0.0, -1.0, 0.509783, 0.0, 1.0, -0.0, 0.586262, 0.0, 0.0, 0.0, 1.0],
                [1.0, -0.0, -0.0, -6.067678, -0.0, -0.0, -1.0, 0.508367, 0.0, 1.0, -0.0, 0.585992, 0.0, 0.0, 0.0, 1.0],
                [1.0, -0.0, -0.0, -6.067678, -0.0, -0.0, -1.0, 0.508367, 0.0, 1.0, -0.0, 0.585992, 0.0, 0.0, 0.0, 1.0]
            ]
        },
        {
            "name": "Thigh_R",
            "time": [0.0, 0.0417, 0.0833, 0.125, 0.1667, 0.2083, 0.25, 0.2917, 0.3333, 0.375, 0.4167, 0.4583, 0.5, 0.5417, 0.5833, 0.625, 0.6667, 0.7083, 0.75, 0.7917, 0.8333, 0.875, 0.9167, 0.9583, 1.0, 1.0417, 1.0833, 1.125, 1.1667, 1.2083, 1.25, 1.2917, 1.3333, 1.375, 1.4167, 1.4583, 1.5, 1.5417, 1.5833, 1.625, 1.6667, 10.4583],
            "transform": [
                [-0.905931, -0.401651, 0.134046, 0.069756, 0.398498, -0.701717, 0.590587, 0.064176, -0.143148, 0.588448, 0.795762, -0.002264, 0.0, 0.0, 0.0, 1.0],
                [-0.885719, -0.455957, -0.087219, -0.007743, 0.253884, -0.633068, 0.731279, -0.012315, -0.388647, 0.625564, 0.676479, -0.067944, 0.0, 0.0, 0.0, 1.0],
                [-0.711839, 0.136695, -0.688913, -0.04724, -0.441002, -0.850403, 0.286939, -0.05077, -0.54663, 0.508067, 0.665631, -0.03915, 0.0, 0.0, 0.0, 1.0],
                [-0.201567, 0.746483, -0.63414, -0.042269, -0.438048, -0.647777, -0.623298, -0.048691, -0.876063, 0.152148, 0.457565, 0.025209, 0.0, 0.0, 0.0, 1.0],
                [0.609436, 0.785261, -0.109338, 0.025079, 0.547056, -0.516309, -0.658905, 0.001, -0.573866, 0.341746, -0.744237, 0.071678, 0.0, 0.0, 0.0, 1.0],
                [0.424814, 0.722021, 0.546094, 0.087781, 0.882553, -0.195983, -0.427427, 0.087115, -0.201586, 0.663533, -0.720477, 0.045994, 0.0, 0.0, 0.0, 1.0],
                [0.179389, 0.587797, 0.788869, 0.016011, 0.955036, 0.08837, -0.28302, 0.103878, -0.236071, 0.804167, -0.545514, -0.113267, 0.0, 0.0, 0.0, 1.0],
                [-0.675158, 0.215251, 0.70557, 0.057322, 0.662441, 0.59774, 0.451531, 0.102025, -0.324556, 0.772253, -0.546159, -0.106314, 0.0, 0.0, 0.0, 1.0],
                [-0.887702, -0.450206, 0.096454, 0.07317, -0.092008, 0.37872, 0.920926, 0.086793, -0.451136, 0.808633, -0.377612, -0.094462, 0.0, 0.0, 0.0, 1.0],
                [-0.529617, -0.757656, -0.381399, 0.087661, -0.571525, -0.013515, 0.820474, 0.067559, -0.626792, 0.652515, -0.425861, -0.093529, 0.0, 0.0, 0.0, 1.0],
                [0.084753, -0.772928, -0.628807, 0.094129, -0.646825, -0.52271, 0.555331, 0.057124, -0.757916, 0.359662, -0.54425, -0.09819, 0.0, 0.0, 0.0, 1.0],
                [0.681903, -0.528509, -0.505656, 0.087448, -0.41729, -0.848865, 0.324495, 0.060438, -0.600734, -0.010269, -0.799384, -0.113855, 0.0, 0.0, 0.0, 1.0],
                [0.976961, -0.212194, -0.022883, 0.082095, -0.207575, -0.969636, 0.1293, 0.064346, -0.049625, -0.12157, -0.991342, -0.120935, 0.0, 0.0, 0.0, 1.0],
                [0.853531, 0.250002, 0.457151, 0.08804, 0.056984, -0.916898, 0.395032, 0.073251, 0.51792, -0.311121, -0.796846, -0.074604, 0.0, 0.0, 0.0, 1.0],
                [0.549707, 0.730992, 0.404319, 0.105419, 0.22119, -0.594101, 0.773382, 0.085909, 0.805542, -0.335702, -0.488269, -0.066647, 0.0, 0.0, 0.0, 1.0],
                [0.277707, 0.958141, 0.069615, 0.124793, 0.267954, -0.146845, 0.952175, 0.099405, 0.922541, -0.245772, -0.297517, -0.065362, 0.0, 0.0, 0.0, 1.0],
                [0.099108, 0.96832, -0.229203, 0.137547, 0.253816, 0.198119, 0.946745, 0.104323, 0.962163, -0.152006, -0.22614, -0.060325, 0.0, 0.0, 0.0, 1.0],
                [0.044753, 0.977625, -0.205544, 0.129308, 0.2148, 0.191522, 0.957696, 0.086688, 0.975633, -0.087011, -0.201423, -0.048298, 0.0, 0.0, 0.0, 1.0],
                [0.009115, 0.996018, -0.088695, 0.120843, 0.179168, 0.085637, 0.980084, 0.071555, 0.983777, -0.024824, -0.177674, -0.034333, 0.0, 0.0, 0.0, 1.0],
                [-0.003506, 0.999924, -0.011887, 0.110793, 0.148314, 0.012276, 0.988864, 0.073941, 0.988935, 0.001704, -0.148346, -0.006808, 0.0, 0.0, 0.0, 1.0],
                [-0.016627, 0.999312, 0.033175, 0.102229, 0.129504, -0.030747, 0.991102, 0.078014, 0.991441, 0.020775, -0.128904, 0.017745, 0.0, 0.0, 0.0, 1.0],
                [-0.036086, 0.998007, 0.051785, 0.093667, 0.116825, -0.04725, 0.992028, 0.082088, 0.992498, 0.041848, -0.114887, 0.042297, 0.0, 0.0, 0.0, 1.0],
                [-0.051875, 0.997452, 0.049006, 0.083118, 0.121004, -0.042432, 0.991745, 0.081675, 0.991297, 0.057376, -0.118495, 0.066224, 0.0, 0.0, 0.0, 1.0],
                [-0.054683, 0.997519, 0.044347, 0.072024, 0.134091, -0.036674, 0.99029, 0.070659, 0.989461, 0.060098, -0.131753, 0.07908, 0.0, 0.0, 0.0, 1.0],
                [-0.032103, 0.981741, 0.187497, 0.062165, 0.133524, -0.1817, 0.974246, 0.060868, 0.990527, 0.056311, -0.125253, 0.090507, 0.0, 0.0, 0.0, 1.0],
                [-0.016769, 0.921714, 0.387508, 0.060931, 0.141029, -0.381507, 0.913544, 0.059644, 0.989865, 0.069969, -0.123591, 0.091935, 0.0, 0.0, 0.0, 1.0],
                [0.057434, 0.852109, 0.520204, 0.060931, 0.163931, -0.52204, 0.837018, 0.059644, 0.9848, 0.037205, -0.16967, 0.091935, 0.0, 0.0, 0.0, 1.0],
                [0.181745, 0.747725, 0.638651, 0.060931, 0.181136, -0.663811, 0.725634, 0.059644, 0.966521, -0.016197, -0.256084, 0.091935, 0.0, 0.0, 0.0, 1.0],
                [0.291795, 0.614499, 0.732971, 0.060932, 0.187863, -0.788214, 0.586026, 0.059643, 0.937852, -0.033301, -0.345438, 0.091935, 0.0, 0.0, 0.0, 1.0],
                [0.34541, 0.512316, 0.786273, 0.060932, 0.194506, -0.858729, 0.47408, 0.059644, 0.918076, -0.010817, -0.396261, 0.091935, 0.0, 0.0, 0.0, 1.0],
                [0.384028, 0.442465, 0.8104, 0.060932, 0.20656, -0.896624, 0.39166, 0.059644, 0.899922, 0.016988, -0.435724, 0.091935, 0.0, 0.0, 0.0, 1.0],
                [0.426406, 0.399981, 0.811292, 0.060932, 0.222486, -0.915741, 0.334541, 0.059644, 0.876745, 0.037851, -0.479467, 0.091935, 0.0, 0.0, 0.0, 1.0],
                [0.465831, 0.377358, 0.800378, 0.060932, 0.237333, -0.924649, 0.297819, 0.059644, 0.852455, 0.051223, -0.520289, 0.091935, 0.0, 0.0, 0.0, 1.0],
                [0.501962, 0.36313, 0.784966, 0.060932, 0.252756, -0.929559, 0.268391, 0.059644, 0.827135, 0.063683, -0.558387, 0.091935, 0.0, 0.0, 0.0, 1.0],
                [0.536491, 0.349806, 0.767994, 0.060932, 0.266959, -0.933659, 0.238777, 0.059644, 0.800571, 0.076921, -0.594283, 0.091935, 0.0, 0.0, 0.0, 1.0],
                [0.554663, 0.333313, 0.7624, 0.060931, 0.276103, -0.938074, 0.209246, 0.059644, 0.784933, 0.09444, -0.612343, 0.091935, 0.0, 0.0, 0.0, 1.0],
                [0.551693, 0.312608, 0.773248, 0.060932, 0.278325, -0.942961, 0.182643, 0.059644, 0.786241, 0.114452, -0.607231, 0.091935, 0.0, 0.0, 0.0, 1.0],
                [0.548372, 0.297528, 0.781516, 0.060931, 0.2772, -0.946399, 0.165796, 0.059644, 0.788956, 0.125718, -0.601453, 0.091936, 0.0, 0.0, 0.0, 1.0],
                [0.546824, 0.286902, 0.786558, 0.060932, 0.274568, -0.948951, 0.155254, 0.059644, 0.790949, 0.131067, -0.597683, 0.091935, 0.0, 0.0, 0.0, 1.0],
                [0.545882, 0.274691, 0.791555, 0.060932, 0.271287, -0.951785, 0.143208, 0.059644, 0.792729, 0.136564, -0.594082, 0.091936, 0.0, 0.0, 0.0, 1.0],
                [0.545038, 0.257995, 0.79773, 0.060932, 0.267927, -0.955182, 0.125862, 0.059644, 0.794451, 0.145134, -0.589734, 0.091935, 0.0, 0.0, 0.0, 1.0],
                [0.545038, 0.257995, 0.79773, 0.060932, 0.267927, -0.955182, 0.125862, 0.059644, 0.794451, 0.145134, -0.589734, 0.091935, 0.0, 0.0, 0.0, 1.0]
            ]
        },
        {
            "name": "Leg_R",
            "time": [0.0, 0.0417, 0.0833, 0.125, 0.1667, 0.2083, 0.25, 0.2917, 0.3333, 0.375, 0.4167, 0.4583, 0.5, 0.5417, 0.5833, 0.625, 0.6667, 0.7083, 0.75, 0.7917, 0.8333, 0.875, 0.9167, 0.9583, 1.0, 1.0417, 1.0833, 1.125, 1.1667, 1.2083, 1.25, 1.2917, 1.3333, 1.375, 1.4167, 1.4583, 1.5, 1.5417, 1.5833, 1.625, 1.6667, 10.4583],
            "transform": [
                [1.0, -0.0, 1e-06, 0.0, -1e-06, 0.555008, 0.831845, 0.37472, -1e-06, -0.831846, 0.555008, -0.0, 0.0, 0.0, 0.0, 1.0],
                [0.999999, -0.0, 1e-06, -0.0, -0.0, 0.322596, 0.946536, 0.37472, -0.0, -0.946538, 0.322595, -0.0, 0.0, 0.0, 0.0, 1.0],
                [1.0, -0.0, 1e-06, 0.0, -0.0, 0.598603, 0.801045, 0.37472, -0.0, -0.801046, 0.598602, -0.0, 0.0, 0.0, 0.0, 1.0],
                [1.0, 0.0, 1e-06, 0.0, -0.0, 0.999997, -0.002472, 0.37472, -1e-06, 0.002472, 0.999997, 0.0, 0.0, 0.0, 0.0, 1.0],
                [1.0, 0.0, 1e-06, 0.0, -0.0, 0.979723, 0.200359, 0.37472, -1e-06, -0.200359, 0.979722, 0.0, 0.0, 0.0, 0.0, 1.0],
                [1.0, -0.0, 1e-06, 0.0, -0.0, 0.768772, 0.639523, 0.37472, -1e-06, -0.639524, 0.768771, 0.0, 0.0, 0.0, 0.0, 1.0],
                [0.999999, -0.0, 1e-06, 0.0, -0.0, 0.3719, 0.928272, 0.37472, -0.0, -0.928274, 0.371899, -0.0, 0.0, 0.0, 0.0, 1.0],
                [1.0, -0.0, 1e-06, -0.0, -1e-06, 0.179839, 0.983695, 0.37472, -0.0, -0.983697, 0.179839, 0.0, 0.0, 0.0, 0.0, 1.0],
                [1.0, -0.0, 0.0, -0.0, -0.0, 0.219812, 0.975541, 0.37472, -0.0, -0.975544, 0.219812, 0.0, 0.0, 0.0, 0.0, 1.0],
                [1.0, -0.0, 1e-06, -0.0, -0.0, 0.14856, 0.988902, 0.37472, -0.0, -0.988905, 0.14856, 0.0, 0.0, 0.0, 0.0, 1.0],
                [0.999999, -0.0, 1e-06, 0.0, -0.0, 0.274112, 0.961697, 0.37472, -0.0, -0.9617, 0.274111, 0.0, 0.0, 0.0, 0.0, 1.0],
                [1.0, -0.0, 1e-06, 0.0, -0.0, 0.536894, 0.843649, 0.37472, -1e-06, -0.843651, 0.536892, -0.0, 0.0, 0.0, 0.0, 1.0],
                [1.0, 0.0, 1e-06, -0.0, -0.0, 0.846593, 0.532242, 0.37472, -0.0, -0.532243, 0.846591, -0.0, 0.0, 0.0, 0.0, 1.0],
                [0.999999, -0.0, 1e-06, -0.0, -0.0, 0.649388, 0.760457, 0.37472, -0.0, -0.760457, 0.649388, 0.0, 0.0, 0.0, 0.0, 1.0],
                [0.999999, -0.0, 0.0, 0.0, -0.0, 0.272831, 0.962062, 0.37472, -0.0, -0.962063, 0.272831, 0.0, 0.0, 0.0, 0.0, 1.0],
                [1.0, -0.0, 0.0, -0.0, -0.0, -0.01161, 0.999932, 0.37472, -0.0, -0.999933, -0.01161, -0.0, 0.0, 0.0, 0.0, 1.0],
                [1.0, -0.0, 0.0, 0.0, -0.0, -0.039642, 0.999213, 0.37472, -0.0, -0.999215, -0.039642, -0.0, 0.0, 0.0, 0.0, 1.0],
                [0.999999, -0.0, 0.0, -0.0, -0.0, 0.065821, 0.997831, 0.37472, -0.0, -0.997832, 0.065821, 0.0, 0.0, 0.0, 0.0, 1.0],
                [0.999999, -0.0, 0.0, -0.0, -0.0, 0.159623, 0.987177, 0.37472, -0.0, -0.987178, 0.159623, -0.0, 0.0, 0.0, 0.0, 1.0],
                [1.0, -0.0, 0.0, 0.0, -0.0, 0.275012, 0.96144, 0.37472, -0.0, -0.961441, 0.275012, 0.0, 0.0, 0.0, 0.0, 1.0],
                [1.0, -0.0, 0.0, -0.0, -0.0, 0.329055, 0.94431, 0.37472, -0.0, -0.944311, 0.329054, -0.0, 0.0, 0.0, 0.0, 1.0],
                [1.0, -0.0, 0.0, 0.0, -0.0, 0.353888, 0.935287, 0.374721, -0.0, -0.935289, 0.353887, 0.0, 0.0, 0.0, 0.0, 1.0],
                [0.999999, -0.0, 0.0, -0.0, -0.0, 0.369707, 0.929148, 0.37472, -0.0, -0.929149, 0.369707, -0.0, 0.0, 0.0, 0.0, 1.0],
                [1.0, -0.0, 0.0, -0.0, -0.0, 0.330028, 0.94397, 0.37472, -0.0, -0.943972, 0.330027, -0.0, 0.0, 0.0, 0.0, 1.0],
                [1.0, -0.0, 0.0, 0.0, -0.0, 0.388173, 0.921585, 0.37472, -0.0, -0.921587, 0.388173, 0.0, 0.0, 0.0, 0.0, 1.0],
                [1.0, -0.0, 1e-06, 0.0, -0.0, 0.498272, 0.86702, 0.37472, -0.0, -0.867021, 0.498271, -0.0, 0.0, 0.0, 0.0, 1.0],
                [1.0, -0.0, 1e-06, 0.0, -0.0, 0.552306, 0.833641, 0.37472, -0.0, -0.833641, 0.552306, 0.0, 0.0, 0.0, 0.0, 1.0],
                [1.0, -0.0, 1e-06, -0.0, -0.0, 0.621187, 0.783662, 0.37472, -0.0, -0.783662, 0.621186, -0.0, 0.0, 0.0, 0.0, 1.0],
                [1.0, -0.0, 1e-06, -0.0, -0.0, 0.702785, 0.711402, 0.37472, -0.0, -0.711402, 0.702785, 0.0, 0.0, 0.0, 0.0, 1.0],
                [1.0, 0.0, 1e-06, 0.0, -0.0, 0.745637, 0.666352, 0.37472, -0.0, -0.666352, 0.745637, -0.0, 0.0, 0.0, 0.0, 1.0],
                [1.0, 0.0, 1e-06, 0.0, -0.0, 0.77416, 0.63299, 0.374721, -0.0, -0.632989, 0.77416, -0.0, 0.0, 0.0, 0.0, 1.0],
                [1.0, 0.0, 1e-06, -0.0, -0.0, 0.799139, 0.601145, 0.37472, -0.0, -0.601146, 0.799139, -0.0, 0.0, 0.0, 0.0, 1.0],
                [1.0, 0.0, 1e-06, -0.0, -0.0, 0.813108, 0.582112, 0.37472, -0.0, -0.582112, 0.813108, 0.0, 0.0, 0.0, 0.0, 1.0],
                [1.0, 0.0, 1e-06, 0.0, -0.0, 0.822666, 0.568524, 0.37472, -1e-06, -0.568524, 0.822666, 1e-06, 0.0, 0.0, 0.0, 1.0],
                [1.0, 0.0, 1e-06, 0.0, -0.0, 0.832592, 0.553886, 0.37472, -0.0, -0.553886, 0.832592, 0.0, 0.0, 0.0, 0.0, 1.0],
                [1.0, 0.0, 1e-06, -0.0, -0.0, 0.845493, 0.533985, 0.37472, -0.0, -0.533985, 0.845494, 0.0, 0.0, 0.0, 0.0, 1.0],
                [1.0, 0.0, 1e-06, 0.0, -0.0, 0.861565, 0.507646, 0.37472, -0.0, -0.507646, 0.861565, 0.0, 0.0, 0.0, 0.0, 1.0],
                [1.0, 0.0, 1e-06, -0.0, -0.0, 0.874349, 0.485297, 0.37472, -0.0, -0.485297, 0.874349, -0.0, 0.0, 0.0, 0.0, 1.0],
                [1.0, 0.0, 1e-06, -0.0, -0.0, 0.884303, 0.466913, 0.37472, -1e-06, -0.466913, 0.884303, 0.0, 0.0, 0.0, 0.0, 1.0],
                [1.0, 0.0, 1e-06, 0.0, -0.0, 0.896063, 0.443926, 0.37472, -1e-06, -0.443926, 0.896063, -1e-06, 0.0, 0.0, 0.0, 1.0],
                [1.0, 0.0, 1e-06, 0.0, -0.0, 0.910849, 0.412739, 0.374721, -1e-06, -0.412739, 0.910849, 0.0, 0.0, 0.0, 0.0, 1.0],
                [1.0, 0.0, 1e-06, 0.0, -0.0, 0.910849, 0.412739, 0.374721, -1e-06, -0.412739, 0.910849, 0.0, 0.0, 0.0, 0.0, 1.0]
            ]
        },
        {
            "name": "Knee_R",
            "time": [0.0, 10.4583],
            "transform": [
                [1.0, 0.0, -0.0, 0.0, -0.0, 1e-06, -1.0, 0.37472, -0.0, 1.0, 1e-06, -0.0, 0.0, 0.0, 0.0, 1.0],
                [1.0, 0.0, -0.0, 0.0, -0.0, 1e-06, -1.0, 0.374721, -0.0, 1.0, 1e-06, 0.0, 0.0, 0.0, 0.0, 1.0]
            ]
        },
        {
            "name": "Thigh_L",
            "time": [0.0, 0.0417, 0.0833, 0.125, 0.1667, 0.2083, 0.25, 0.2917, 0.3333, 0.375, 0.4167, 0.4583, 0.5, 0.5417, 0.5833, 0.625, 0.6667, 0.7083, 0.75, 0.7917, 0.8333, 0.875, 0.9167, 0.9583, 1.0, 1.0417, 1.0833, 1.125, 1.1667, 1.2083, 1.25, 1.2917, 1.3333, 1.375, 1.4167, 1.4583, 1.5, 1.5417, 1.5833, 1.625, 1.6667, 10.4583],
            "transform": [
                [-0.902662, 0.366166, 0.226099, -0.105772, -0.051514, -0.613549, 0.787975, 0.078334, 0.427251, 0.699631, 0.572689, 0.059832, 0.0, 0.0, 0.0, 1.0],
                [-0.881581, 0.471995, 0.00568, -0.002891, -0.230196, -0.440402, 0.867788, 0.106481, 0.412091, 0.763722, 0.496901, 0.10531, 0.0, 0.0, 0.0, 1.0],
                [-0.759915, 0.590589, -0.271536, 0.030736, -0.64609, -0.732123, 0.215786, 0.150936, -0.071357, 0.339418, 0.937925, -0.038366, 0.0, 0.0, 0.0, 1.0],
                [-0.278371, 0.846941, -0.452995, -0.052528, -0.630628, -0.516904, -0.578893, 0.09547, -0.724439, 0.124526, 0.677996, -0.087905, 0.0, 0.0, 0.0, 1.0],
                [0.427091, 0.521462, -0.738695, -0.092774, -0.206003, -0.739354, -0.64103, 0.049676, -0.880426, 0.425954, -0.208348, -0.075279, 0.0, 0.0, 0.0, 1.0],
                [0.798175, 0.592643, -0.108114, -0.078199, 0.398734, -0.654253, -0.642623, -0.03321, -0.451579, 0.469819, -0.758516, 0.02076, 0.0, 0.0, 0.0, 1.0],
                [0.467938, 0.536236, 0.702485, -0.06167, 0.878146, -0.371567, -0.30132, 0.008095, 0.099441, 0.757887, -0.644764, 0.108637, 0.0, 0.0, 0.0, 1.0],
                [-0.351159, 0.366111, 0.861771, -0.042787, 0.77082, -0.409447, 0.488045, 0.075392, 0.531526, 0.835656, -0.138424, 0.140753, 0.0, 0.0, 0.0, 1.0],
                [-0.778533, 0.525063, 0.343793, -0.013485, 0.1578, -0.366423, 0.916969, 0.110431, 0.607438, 0.768146, 0.202417, 0.113726, 0.0, 0.0, 0.0, 1.0],
                [-0.893068, 0.361136, -0.26834, 0.010127, -0.341716, -0.156482, 0.926683, 0.144944, 0.292668, 0.919292, 0.263154, 0.093713, 0.0, 0.0, 0.0, 1.0],
                [-0.59891, 0.041798, -0.799724, 0.031272, -0.800748, -0.018497, 0.598713, 0.171791, 0.010233, 0.998957, 0.044547, 0.087963, 0.0, 0.0, 0.0, 1.0],
                [-0.020884, -0.37523, -0.926697, 0.049491, -0.998824, 0.048343, 0.002934, 0.164127, 0.043699, 0.925673, -0.375798, 0.091024, 0.0, 0.0, 0.0, 1.0],
                [0.204008, -0.845793, -0.492968, 0.026646, -0.940902, -0.030349, -0.33731, 0.162266, 0.270333, 0.532651, -0.801999, 0.103547, 0.0, 0.0, 0.0, 1.0],
                [0.220219, -0.941207, 0.256196, -0.04419, -0.853818, -0.312999, -0.41596, 0.125082, 0.471692, -0.127143, -0.872547, 0.125276, 0.0, 0.0, 0.0, 1.0],
                [0.28548, -0.660276, 0.69465, -0.097632, -0.73985, -0.612562, -0.27819, 0.100286, 0.609196, -0.434521, -0.663378, 0.132392, 0.0, 0.0, 0.0, 1.0],
                [0.286338, -0.406332, 0.867701, -0.125259, -0.571538, -0.79929, -0.185688, 0.088652, 0.768993, -0.442756, -0.461101, 0.093194, 0.0, 0.0, 0.0, 1.0],
                [0.063691, -0.256686, 0.964394, -0.132414, -0.422957, -0.882219, -0.206879, 0.078101, 0.903906, -0.394723, -0.164756, 0.025483, 0.0, 0.0, 0.0, 1.0],
                [-0.011615, -0.154704, 0.987892, -0.146267, -0.324877, -0.93378, -0.150048, 0.075865, 0.945682, -0.322687, -0.039414, 0.004295, 0.0, 0.0, 0.0, 1.0],
                [-0.010249, -0.078567, 0.996856, -0.13989, -0.275242, -0.958179, -0.078347, 0.074769, 0.961318, -0.275181, -0.011805, -0.025245, 0.0, 0.0, 0.0, 1.0],
                [0.002486, -0.039844, 0.999202, -0.118472, -0.259994, -0.964871, -0.037828, 0.071918, 0.965604, -0.259693, -0.012758, -0.052339, 0.0, 0.0, 0.0, 1.0],
                [0.017776, -0.020521, 0.999631, -0.098769, -0.260014, -0.965487, -0.015196, 0.06662, 0.965438, -0.259649, -0.022498, -0.058034, 0.0, 0.0, 0.0, 1.0],
                [0.02473, -0.000751, 0.999694, -0.098162, -0.258925, -0.965883, 0.00568, 0.061558, 0.965578, -0.258987, -0.024081, -0.063944, 0.0, 0.0, 0.0, 1.0],
                [0.028407, 0.047714, 0.998457, -0.089208, -0.2685, -0.961789, 0.053601, 0.057084, 0.962858, -0.26961, -0.01451, -0.06767, 0.0, 0.0, 0.0, 1.0],
                [0.033759, 0.02531, 0.999109, -0.079044, -0.266489, -0.963261, 0.033406, 0.052846, 0.963244, -0.26738, -0.025774, -0.070902, 0.0, 0.0, 0.0, 1.0],
                [0.062941, -0.100236, 0.99297, -0.070008, -0.225075, -0.97074, -0.083724, 0.049078, 0.972304, -0.218224, -0.08366, -0.073775, 0.0, 0.0, 0.0, 1.0],
                [0.097625, -0.155212, 0.983045, -0.068878, -0.233499, -0.963767, -0.128978, 0.048607, 0.967441, -0.21695, -0.13033, -0.074134, 0.0, 0.0, 0.0, 1.0],
                [0.209811, -0.032474, 0.977202, -0.068878, -0.314741, -0.948495, 0.036058, 0.048607, 0.925696, -0.315132, -0.209225, -0.074134, 0.0, 0.0, 0.0, 1.0],
                [0.378144, 0.116344, 0.918406, -0.068879, -0.40947, -0.868731, 0.278646, 0.048607, 0.830263, -0.48143, -0.280866, -0.074134, 0.0, 0.0, 0.0, 1.0],
                [0.529359, 0.156506, 0.833836, -0.068879, -0.440116, -0.789589, 0.427608, 0.048607, 0.725308, -0.593346, -0.349095, -0.074134, 0.0, 0.0, 0.0, 1.0],
                [0.615316, 0.08613, 0.783559, -0.068878, -0.404482, -0.818681, 0.407624, 0.048607, 0.676591, -0.567756, -0.46891, -0.074134, 0.0, 0.0, 0.0, 1.0],
                [0.682414, 0.005432, 0.730944, -0.068879, -0.373441, -0.857034, 0.355018, 0.048607, 0.628369, -0.515236, -0.582823, -0.074134, 0.0, 0.0, 0.0, 1.0],
                [0.730373, -0.052729, 0.681008, -0.068879, -0.364437, -0.87333, 0.323238, 0.048607, 0.577698, -0.484271, -0.657073, -0.074134, 0.0, 0.0, 0.0, 1.0],
                [0.765049, -0.0853, 0.638295, -0.068878, -0.350321, -0.886819, 0.30138, 0.048607, 0.540342, -0.454181, -0.708342, -0.074134, 0.0, 0.0, 0.0, 1.0],
                [0.800865, -0.108259, 0.588976, -0.068879, -0.334769, -0.896425, 0.290438, 0.048607, 0.496529, -0.429775, -0.754156, -0.074134, 0.0, 0.0, 0.0, 1.0],
                [0.842004, -0.123847, 0.52506, -0.068879, -0.314607, -0.903376, 0.291439, 0.048607, 0.438231, -0.410582, -0.799609, -0.074134, 0.0, 0.0, 0.0, 1.0],
                [0.8675, -0.142578, 0.476562, -0.068879, -0.303371, -0.910894, 0.279718, 0.048607, 0.394214, -0.387232, -0.833454, -0.074134, 0.0, 0.0, 0.0, 1.0],
                [0.872959, -0.151973, 0.463513, -0.068879, -0.300342, -0.916208, 0.265256, 0.048607, 0.384361, -0.370771, -0.845455, -0.074134, 0.0, 0.0, 0.0, 1.0],
                [0.874216, -0.165039, 0.456623, -0.068879, -0.301482, -0.921707, 0.244066, 0.048607, 0.380591, -0.351031, -0.855527, -0.074134, 0.0, 0.0, 0.0, 1.0],
                [0.874075, -0.180419, 0.451042, -0.068878, -0.305441, -0.926098, 0.221475, 0.048607, 0.377749, -0.331353, -0.864586, -0.074133, 0.0, 0.0, 0.0, 1.0],
                [0.873146, -0.199577, 0.444726, -0.068879, -0.311714, -0.930028, 0.194642, 0.048607, 0.37476, -0.308579, -0.874261, -0.074134, 0.0, 0.0, 0.0, 1.0],
                [0.872515, -0.218868, 0.436819, -0.068879, -0.316186, -0.934536, 0.163316, 0.048607, 0.372477, -0.280613, -0.884599, -0.074134, 0.0, 0.0, 0.0, 1.0],
                [0.872515, -0.218868, 0.436819, -0.068879, -0.316186, -0.934536, 0.163316, 0.048607, 0.372477, -0.280613, -0.884599, -0.074134, 0.0, 0.0, 0.0, 1.0]
            ]
        },
        {
            "name": "Leg_L",
            "time": [0.0, 0.0417, 0.0833, 0.125, 0.1667, 0.2083, 0.25, 0.2917, 0.3333, 0.375, 0.4167, 0.4583, 0.5, 0.5417, 0.5833, 0.625, 0.6667, 0.7083, 0.75, 0.7917, 0.8333, 0.875, 0.9167, 0.9583, 1.0, 1.0417, 1.0833, 1.125, 1.1667, 1.2083, 1.25, 1.2917, 1.3333, 1.375, 1.4167, 1.4583, 1.5, 1.5417, 1.5833, 1.625, 1.6667, 10.4583],
            "transform": [
                [0.999998, -1e-06, 0.0, -0.0, -0.0, 0.312143, 0.950036, 0.37472, -1e-06, -0.950037, 0.312142, 0.0, 0.0, 0.0, 0.0, 1.0],
                [0.999997, -1e-06, 0.0, 0.0, 0.0, 0.297362, 0.954765, 0.37472, -1e-06, -0.954766, 0.297362, 0.0, 0.0, 0.0, 0.0, 1.0],
                [0.999997, -0.0, 0.0, -0.0, 0.0, 0.788335, 0.615247, 0.37472, -0.0, -0.615245, 0.788337, 0.0, 0.0, 0.0, 0.0, 1.0],
                [0.999997, -0.0, 0.0, -0.0, -0.0, 0.863658, 0.504078, 0.37472, -0.0, -0.504076, 0.863661, 0.0, 0.0, 0.0, 0.0, 1.0],
                [0.999997, -1e-06, -0.0, 0.0, -0.0, -0.266284, 0.963896, 0.37472, -1e-06, -0.963896, -0.266284, 0.0, 0.0, 0.0, 0.0, 1.0],
                [0.999997, -1e-06, -1e-06, 0.0, -0.0, -0.816297, 0.577633, 0.37472, -1e-06, -0.577631, -0.8163, 0.0, 0.0, 0.0, 0.0, 1.0],
                [0.999997, -1e-06, -1e-06, -0.0, -0.0, -0.82671, 0.562629, 0.37472, -1e-06, -0.562627, -0.826712, -0.0, 0.0, 0.0, 0.0, 1.0],
                [0.999998, -1e-06, -0.0, 0.0, -0.0, -0.743416, 0.668831, 0.37472, -1e-06, -0.66883, -0.743417, 0.0, 0.0, 0.0, 0.0, 1.0],
                [0.999997, -1e-06, -0.0, 0.0, -0.0, -0.461382, 0.887202, 0.37472, -1e-06, -0.887202, -0.461382, 0.0, 0.0, 0.0, 0.0, 1.0],
                [0.999997, -1e-06, 0.0, 0.0, -0.0, -0.122229, 0.992502, 0.37472, -1e-06, -0.992504, -0.122229, -0.0, 0.0, 0.0, 0.0, 1.0],
                [0.999997, -1e-06, 0.0, 0.0, 0.0, 0.25332, 0.967383, 0.37472, -1e-06, -0.967384, 0.253319, 0.0, 0.0, 0.0, 0.0, 1.0],
                [0.999998, -0.0, 0.0, -0.0, 0.0, 0.654017, 0.756481, 0.37472, -0.0, -0.75648, 0.654017, -1e-06, 0.0, 0.0, 0.0, 1.0],
                [0.999997, 0.0, 0.0, 0.0, -0.0, 0.920376, 0.391033, 0.37472, -0.0, -0.391032, 0.920379, 0.0, 0.0, 0.0, 0.0, 1.0],
                [0.999997, 0.0, 0.0, -0.0, -0.0, 0.895005, 0.446056, 0.37472, -0.0, -0.446055, 0.895007, 0.0, 0.0, 0.0, 0.0, 1.0],
                [0.999997, -0.0, 0.0, -0.0, -0.0, 0.709497, 0.70471, 0.37472, -0.0, -0.70471, 0.709497, -0.0, 0.0, 0.0, 0.0, 1.0],
                [0.999997, -0.0, 0.0, -0.0, 0.0, 0.515729, 0.856753, 0.37472, -1e-06, -0.856753, 0.515729, 1e-06, 0.0, 0.0, 0.0, 1.0],
                [0.999997, -1e-06, 0.0, 0.0, -0.0, 0.180317, 0.983609, 0.37472, -1e-06, -0.983611, 0.180317, 1e-06, 0.0, 0.0, 0.0, 1.0],
                [0.999997, -1e-06, 0.0, 0.0, -0.0, 0.059783, 0.998211, 0.37472, -1e-06, -0.998214, 0.059783, -0.0, 0.0, 0.0, 0.0, 1.0],
                [0.999997, -1e-06, 0.0, 0.0, -0.0, 0.120489, 0.992715, 0.37472, -1e-06, -0.992717, 0.120489, 1e-06, 0.0, 0.0, 0.0, 1.0],
                [0.999997, -1e-06, 0.0, -0.0, -0.0, 0.122231, 0.992502, 0.37472, -1e-06, -0.992504, 0.12223, -0.0, 0.0, 0.0, 0.0, 1.0],
                [0.999997, -1e-06, 0.0, -0.0, -0.0, 0.119001, 0.992894, 0.37472, -1e-06, -0.992896, 0.119001, -0.0, 0.0, 0.0, 0.0, 1.0],
                [0.999997, -1e-06, 0.0, 0.0, -0.0, 0.094879, 0.995489, 0.37472, -1e-06, -0.99549, 0.094879, 1e-06, 0.0, 0.0, 0.0, 1.0],
                [0.999997, -1e-06, 0.0, -0.0, -0.0, 0.017809, 0.999842, 0.37472, -1e-06, -0.999843, 0.017809, -0.0, 0.0, 0.0, 0.0, 1.0],
                [0.999997, -1e-06, 0.0, 0.0, -0.0, 0.031151, 0.999515, 0.37472, -1e-06, -0.999516, 0.031151, 0.0, 0.0, 0.0, 0.0, 1.0],
                [0.999997, -1e-06, 0.0, 0.0, 0.0, 0.276801, 0.960927, 0.37472, -1e-06, -0.960929, 0.276801, 1e-06, 0.0, 0.0, 0.0, 1.0],
                [0.999997, -0.0, 0.0, 0.0, -0.0, 0.500317, 0.865843, 0.37472, -1e-06, -0.865844, 0.500316, 0.0, 0.0, 0.0, 0.0, 1.0],
                [0.999997, -1e-06, 0.0, -0.0, 0.0, 0.471457, 0.88189, 0.37472, -1e-06, -0.88189, 0.471457, -0.0, 0.0, 0.0, 0.0, 1.0],
                [0.999997, -1e-06, 0.0, -0.0, -0.0, 0.360117, 0.932908, 0.37472, -1e-06, -0.932909, 0.360116, 0.0, 0.0, 0.0, 0.0, 1.0],
                [0.999997, -1e-06, 0.0, 0.0, -0.0, 0.343333, 0.939214, 0.37472, -1e-06, -0.939215, 0.343333, 0.0, 0.0, 0.0, 0.0, 1.0],
                [0.999997, -1e-06, 0.0, 0.0, 0.0, 0.483675, 0.875249, 0.37472, -1e-06, -0.875248, 0.483675, 0.0, 0.0, 0.0, 0.0, 1.0],
                [0.999997, -0.0, 0.0, 0.0, -0.0, 0.634812, 0.772667, 0.37472, -0.0, -0.772666, 0.634813, 0.0, 0.0, 0.0, 0.0, 1.0],
                [0.999997, -0.0, 0.0, -0.0, 0.0, 0.749175, 0.662373, 0.37472, -0.0, -0.662372, 0.749177, -0.0, 0.0, 0.0, 0.0, 1.0],
                [0.999997, -0.0, 0.0, 0.0, 0.0, 0.822286, 0.569076, 0.37472, -0.0, -0.569075, 0.822288, 0.0, 0.0, 0.0, 0.0, 1.0],
                [0.999998, -0.0, 0.0, -0.0, -0.0, 0.858775, 0.512354, 0.37472, -1e-06, -0.512352, 0.858778, 0.0, 0.0, 0.0, 0.0, 1.0],
                [0.999997, -0.0, 0.0, 0.0, -0.0, 0.868709, 0.495323, 0.37472, -0.0, -0.495321, 0.868712, 0.0, 0.0, 0.0, 0.0, 1.0],
                [0.999997, -0.0, 0.0, 1e-06, -0.0, 0.877007, 0.480477, 0.37472, -0.0, -0.480475, 0.87701, -0.0, 0.0, 0.0, 0.0, 1.0],
                [0.999997, -0.0, 0.0, -1e-06, -0.0, 0.885911, 0.463855, 0.37472, -0.0, -0.463854, 0.885914, 0.0, 0.0, 0.0, 0.0, 1.0],
                [0.999997, -0.0, 0.0, -1e-06, -0.0, 0.90111, 0.43359, 0.37472, -0.0, -0.433588, 0.901113, -0.0, 0.0, 0.0, 0.0, 1.0],
                [0.999997, -0.0, 0.0, -0.0, -0.0, 0.917584, 0.39754, 0.37472, -0.0, -0.397538, 0.917588, -0.0, 0.0, 0.0, 0.0, 1.0],
                [0.999997, -0.0, 0.0, -0.0, -0.0, 0.936115, 0.351693, 0.37472, -0.0, -0.351691, 0.936119, -0.0, 0.0, 0.0, 0.0, 1.0],
                [0.999997, -0.0, 0.0, 1e-06, 0.0, 0.95464, 0.297758, 0.37472, -0.0, -0.297757, 0.954644, -0.0, 0.0, 0.0, 0.0, 1.0],
                [0.999997, -0.0, 0.0, 1e-06, 0.0, 0.95464, 0.297758, 0.37472, -0.0, -0.297757, 0.954644, -0.0, 0.0, 0.0, 0.0, 1.0]
            ]
        },
        {
            "name": "Knee_L",
            "time": [0.0, 10.4583],
            "transform": [
                [1.0, 0.0, -0.0, -0.0, -0.0, 1e-06, -1.0, 0.37472, -0.0, 1.0, 1e-06, 0.0, 0.0, 0.0, 0.0, 1.0],
                [1.0, 0.0, -0.0, 1e-06, -0.0, 1e-06, -1.0, 0.37472, -0.0, 1.0, 1e-06, -0.0, 0.0, 0.0, 0.0, 1.0]
            ]
        },
        {
            "name": "Torso",
            "time": [0.0, 0.0417, 0.0833, 0.125, 0.1667, 0.2083, 0.25, 0.2917, 0.3333, 0.375, 0.4167, 0.4583, 0.5, 0.5417, 0.5833, 0.625, 0.6667, 0.7083, 0.75, 0.7917, 0.8333, 0.875, 0.9167, 0.9583, 1.0, 1.0417, 1.0833, 1.125, 1.1667, 1.2083, 1.25, 1.2917, 1.3333, 1.375, 1.4167, 1.4583, 1.5, 1.5417, 1.5833, 1.625, 1.6667, 10.4583],
            "transform": [
                [-0.965171, 0.196952, -0.172212, 0.0, 0.095091, 0.87731, 0.470407, 0.05, 0.243731, 0.437646, -0.865483, -0.0, 0.0, 0.0, 0.0, 1.0],
                [-0.988582, 0.002107, -0.150679, -0.0, -0.075111, 0.859954, 0.504812, 0.05, 0.130641, 0.510365, -0.849976, -0.0, 0.0, 0.0, 0.0, 1.0],
                [-0.901526, -0.370414, 0.223708, -0.0, -0.215012, 0.832083, 0.511279, 0.05, -0.37553, 0.412831, -0.829788, 0.0, 0.0, 0.0, 0.0, 1.0],
                [-0.383411, -0.687906, 0.616264, -0.0, -0.300888, 0.723889, 0.620847, 0.05, -0.873193, 0.052613, -0.48453, 0.0, 0.0, 0.0, 0.0, 1.0],
                [0.504241, -0.742375, 0.441157, 0.0, -0.14604, 0.430192, 0.890846, 0.05, -0.851126, -0.513627, 0.108504, 0.0, 0.0, 0.0, 0.0, 1.0],
                [0.77656, -0.526507, -0.346043, 0.0, 0.476275, 0.131007, 0.869482, 0.05, -0.412456, -0.840015, 0.352497, -0.0, 0.0, 0.0, 0.0, 1.0],
                [0.229849, -0.138313, -0.963348, 0.0, 0.967606, -0.073767, 0.241455, 0.05, -0.10446, -0.987636, 0.116877, 0.0, 0.0, 0.0, 0.0, 1.0],
                [-0.535788, 0.312206, -0.784512, 0.0, 0.843062, 0.146419, -0.517504, 0.05, -0.0467, -0.938663, -0.341658, -0.0, 0.0, 0.0, 0.0, 1.0],
                [-0.901809, 0.339546, -0.267306, 0.0, 0.39009, 0.37347, -0.841636, 0.05, -0.185944, -0.863265, -0.469251, 0.0, 0.0, 0.0, 0.0, 1.0],
                [-0.880898, 0.422548, 0.213248, 0.0, -0.036788, 0.388059, -0.9209, 0.05, -0.471878, -0.819062, -0.326295, 0.0, 0.0, 0.0, 0.0, 1.0],
                [-0.595206, 0.551022, 0.584897, 0.0, -0.438791, 0.386911, -0.811026, 0.05, -0.673198, -0.739373, 0.011492, 0.0, 0.0, 0.0, 0.0, 1.0],
                [-0.067824, 0.702521, 0.708423, 0.0, -0.768, 0.416482, -0.48654, 0.05, -0.636852, -0.577066, 0.511288, 0.0, 0.0, 0.0, 0.0, 1.0],
                [0.406195, 0.825337, 0.392204, 0.0, -0.874022, 0.476149, -0.096792, 0.05, -0.266634, -0.303477, 0.914772, 0.0, 0.0, 0.0, 0.0, 1.0],
                [0.580005, 0.801427, -0.145977, 0.0, -0.770395, 0.597878, 0.221437, 0.05, 0.264743, -0.015974, 0.964187, 0.0, 0.0, 0.0, 0.0, 1.0],
                [0.564854, 0.692482, -0.448786, 0.0, -0.567443, 0.720817, 0.398035, 0.05, 0.599126, 0.029829, 0.8001, -0.0, 0.0, 0.0, 0.0, 1.0],
                [0.526265, 0.597516, -0.604997, 0.0, -0.313002, 0.797659, 0.515529, 0.05, 0.790619, -0.081939, 0.606803, 0.0, 0.0, 0.0, 0.0, 1.0],
                [0.445447, 0.522671, -0.726906, -0.0, -0.07034, 0.829826, 0.553571, 0.05, 0.892542, -0.195456, 0.406408, 0.0, 0.0, 0.0, 0.0, 1.0],
                [0.341411, 0.484624, -0.805343, -0.0, -0.035989, 0.862938, 0.504026, 0.05, 0.939226, -0.143096, 0.312057, 0.0, 0.0, 0.0, 0.0, 1.0],
                [0.270401, 0.452374, -0.849848, -0.0, -0.090201, 0.890751, 0.445449, 0.05, 0.958514, -0.043793, 0.281664, 0.0, 0.0, 0.0, 0.0, 1.0],
                [0.251413, 0.410321, -0.876601, 0.0, -0.098164, 0.91183, 0.398658, 0.05, 0.96289, -0.014177, 0.269525, 0.0, 0.0, 0.0, 0.0, 1.0],
                [0.246221, 0.376302, -0.893181, 0.0, -0.097446, 0.926493, 0.363474, 0.05, 0.964304, -0.002458, 0.264791, 0.0, 0.0, 0.0, 0.0, 1.0],
                [0.241969, 0.349724, -0.905066, 0.0, -0.096538, 0.936832, 0.336191, 0.05, 0.965471, 0.006026, 0.260446, 0.0, 0.0, 0.0, 0.0, 1.0],
                [0.246914, 0.342529, -0.906481, 0.0, -0.097316, 0.93948, 0.328492, 0.05, 0.96414, 0.007106, 0.265304, 0.0, 0.0, 0.0, 0.0, 1.0],
                [0.259403, 0.316652, -0.912383, 0.0, -0.086818, 0.948541, 0.304518, 0.05, 0.96186, 0.000218, 0.273546, 0.0, 0.0, 0.0, 0.0, 1.0],
                [0.278201, 0.252431, -0.92676, 0.0, -0.060796, 0.967541, 0.245289, 0.05, 0.958598, -0.011897, 0.284517, 0.0, 0.0, 0.0, 0.0, 1.0],
                [0.300873, 0.189697, -0.934608, 0.0, -0.042498, 0.981709, 0.185576, 0.05, 0.952718, -0.016116, 0.303431, 0.0, 0.0, 0.0, 0.0, 1.0],
                [0.386282, 0.149442, -0.910195, 0.0, -0.042632, 0.988625, 0.144226, 0.05, 0.921396, -0.016908, 0.388259, 0.0, 0.0, 0.0, 0.0, 1.0],
                [0.501556, 0.119549, -0.856826, 0.0, -0.047221, 0.992712, 0.110868, 0.05, 0.863836, -0.015147, 0.503546, 0.0, 0.0, 0.0, 0.0, 1.0],
                [0.583706, 0.111226, -0.804312, 0.0, -0.046854, 0.993536, 0.103391, 0.05, 0.810614, -0.022665, 0.585144, -0.0, 0.0, 0.0, 0.0, 1.0],
                [0.604969, 0.141523, -0.783572, 0.0, -0.045044, 0.988584, 0.143775, 0.05, 0.794975, -0.051684, 0.604438, -0.0, 0.0, 0.0, 0.0, 1.0],
                [0.617329, 0.155712, -0.771142, 0.0, -0.042861, 0.985416, 0.164668, 0.05, 0.785538, -0.068602, 0.615, 0.0, 0.0, 0.0, 0.0, 1.0],
                [0.637894, 0.130826, -0.758931, 0.0, -0.039, 0.989688, 0.137825, 0.05, 0.769138, -0.058319, 0.636418, 0.0, 0.0, 0.0, 0.0, 1.0],
                [0.658208, 0.099721, -0.746203, 0.0, -0.034292, 0.99413, 0.102605, 0.05, 0.752056, -0.041946, 0.657764, 0.0, 0.0, 0.0, 0.0, 1.0],
                [0.677808, 0.064531, -0.732403, 0.0, -0.028194, 0.997689, 0.061812, 0.05, 0.7347, -0.021248, 0.67806, 0.0, 0.0, 0.0, 0.0, 1.0],
                [0.697638, 0.023531, -0.716065, 0.0, -0.019752, 0.999711, 0.013608, 0.05, 0.716179, 0.004651, 0.697902, 0.0, 0.0, 0.0, 0.0, 1.0],
                [0.711315, -0.009613, -0.702809, 0.0, -0.011607, 0.999609, -0.02542, 0.05, 0.702779, 0.026239, 0.710925, 0.0, 0.0, 0.0, 0.0, 1.0],
                [0.712776, -0.030926, -0.700711, 0.0, -0.005439, 0.998753, -0.049614, 0.05, 0.701373, 0.039175, 0.711718, -0.0, 0.0, 0.0, 0.0, 1.0],
                [0.712432, -0.04378, -0.700375, 0.0, -0.001246, 0.997971, -0.063651, 0.05, 0.701742, 0.04622, 0.710932, -0.0, 0.0, 0.0, 0.0, 1.0],
                [0.712132, -0.050523, -0.700226, 0.0, 0.001214, 0.997493, -0.070738, 0.05, 0.702046, 0.049525, 0.710408, -0.0, 0.0, 0.0, 0.0, 1.0],
                [0.711837, -0.055363, -0.70016, 0.0, 0.003149, 0.997129, -0.075643, 0.05, 0.702339, 0.051641, 0.709968, -0.0, 0.0, 0.0, 0.0, 1.0],
                [0.711528, -0.060188, -0.700076, 0.0, 0.00505, 0.996736, -0.08056, 0.05, 0.702641, 0.053785, 0.70951, -0.0, 0.0, 0.0, 0.0, 1.0],
                [0.711528, -0.060188, -0.700076, 0.0, 0.00505, 0.996736, -0.08056, 0.05, 0.702641, 0.053785, 0.70951, -0.0, 0.0, 0.0, 0.0, 1.0]
            ]
        },
        {
            "name": "Chest",
            "time": [0.0, 0.0417, 0.0833, 0.125, 0.1667, 0.2083, 0.25, 0.2917, 0.3333, 0.375, 0.4167, 0.4583, 0.5, 0.5417, 0.5833, 0.625, 0.6667, 0.7083, 0.75, 0.7917, 0.8333, 0.875, 0.9167, 0.9583, 1.0, 1.0417, 1.0833, 1.125, 1.1667, 1.2083, 1.25, 1.2917, 1.3333, 1.375, 1.4167, 1.4583, 1.5, 1.5417, 1.5833, 1.625, 1.6667, 10.4583],
            "transform": [
                [0.914446, -0.001358, 0.40471, -0.0, -0.307653, 0.647381, 0.697314, 0.3, -0.262949, -0.762163, 0.591576, 0.0, 0.0, 0.0, 0.0, 1.0],
                [0.917844, 0.26817, 0.292662, 0.0, -0.396368, 0.57936, 0.712203, 0.3, 0.021435, -0.76969, 0.638056, 0.0, 0.0, 0.0, 0.0, 1.0],
                [0.841156, 0.53363, -0.087734, -0.0, -0.319666, 0.621475, 0.715249, 0.3, 0.436205, -0.573589, 0.69334, -0.0, 0.0, 0.0, 0.0, 1.0],
