{
    "animation": [
        {
            "name": "Root",
            "time": [0.0, 0.0417, 0.0833, 0.125, 0.1667, 0.2083, 0.25, 0.2917, 0.3333, 0.375, 0.4167, 0.4583, 0.5, 0.5417, 0.5833, 0.625, 0.6667, 0.7083, 0.75, 0.7917, 0.8333, 0.875, 0.9167, 0.9583, 1.0, 1.0417, 1.0833, 1.125, 1.1667, 1.2083, 1.25, 1.2916],
            "transform": [
                [1.0, -0.0, -0.0, 0.081125, -0.0, -0.0, -1.0, 0.602491, 0.0, 1.0, -0.0, 0.613186, 0.0, 0.0, 0.0, 1.0],
                [1.0, -0.0, -0.0, 0.385241, -0.0, -0.0, -1.0, 0.658355, 0.0, 1.0, -0.0, 0.788401, 0.0, 0.0, 0.0, 1.0],
                [1.0, -0.0, -0.0, 0.783271, -0.0, -0.0, -1.0, 0.660422, 0.0, 1.0, -0.0, 0.934414, 0.0, 0.0, 0.0, 1.0],
                [1.0, -0.0, -0.0, 1.137753, -0.0, -0.0, -1.0, 0.658735, 0.0, 1.0, -0.0, 1.022022, 0.0, 0.0, 0.0, 1.0],
                [1.0, -0.0, -0.0, 1.393705, -0.0, -0.0, -1.0, 0.650873, 0.0, 1.0, -0.0, 1.022022, 0.0, 0.0, 0.0, 1.0],
                [1.0, -0.0, -0.0, 1.628059, -0.0, -0.0, -1.0, 0.634131, 0.0, 1.0, -0.0, 1.022022, 0.0, 0.0, 0.0, 1.0],
                [1.0, -0.0, -0.0, 1.904105, -0.0, -0.0, -1.0, 0.494509, 0.0, 1.0, -0.0, 1.022022, 0.0, 0.0, 0.0, 1.0],
                [1.0, -0.0, -0.0, 2.10445, -0.0, -0.0, -1.0, 0.370934, 0.0, 1.0, -0.0, 1.022023, 0.0, 0.0, 0.0, 1.0],
                [1.0, -0.0, -0.0, 2.316807, -0.0, -0.0, -1.0, 0.377279, 0.0, 1.0, -0.0, 0.99282, 0.0, 0.0, 0.0, 1.0],
                [1.0, -0.0, -0.0, 2.615926, -0.0, -0.0, -1.0, 0.379182, 0.0, 1.0, -0.0, 0.861572, 0.0, 0.0, 0.0, 1.0],
                [1.0, -0.0, -0.0, 2.844992, -0.0, -0.0, -1.0, 0.381193, 0.0, 1.0, -0.0, 0.704649, 0.0, 0.0, 0.0, 1.0],
                [1.0, -0.0, -0.0, 2.988884, -0.0, -0.0, -1.0, 0.392705, 0.0, 1.0, -0.0, 0.466848, 0.0, 0.0, 0.0, 1.0],
                [1.0, -0.0, -0.0, 3.042805, -0.0, -0.0, -1.0, 0.402218, 0.0, 1.0, -0.0, 0.357094, 0.0, 0.0, 0.0, 1.0],
                [1.0, -0.0, -0.0, 3.099758, -0.0, -0.0, -1.0, 0.343389, 0.0, 1.0, -0.0, 0.192462, 0.0, 0.0, 0.0, 1.0],
                [1.0, -0.0, -0.0, 3.168272, -0.0, -0.0, -1.0, 0.241816, 0.0, 1.0, -0.0, 0.174051, 0.0, 0.0, 0.0, 1.0],
                [1.0, -0.0, -0.0, 3.211053, -0.0, -0.0, -1.0, 0.191332, 0.0, 1.0, -0.0, 0.261659, 0.0, 0.0, 0.0, 1.0],
                [1.0, -0.0, -0.0, 3.22554, -0.0, -0.0, -1.0, 0.210427, 0.0, 1.0, -0.0, 0.288442, 0.0, 0.0, 0.0, 1.0],
                [1.0, -0.0, -0.0, 3.23397, -0.0, -0.0, -1.0, 0.2829, 0.0, 1.0, -0.0, 0.380892, 0.0, 0.0, 0.0, 1.0],
                [1.0, -0.0, -0.0, 3.24215, -0.0, -0.0, -1.0, 0.36469, 0.0, 1.0, -0.0, 0.450229, 0.0, 0.0, 0.0, 1.0],
                [1.0, -0.0, -0.0, 3.249157, -0.0, -0.0, -1.0, 0.455499, 0.0, 1.0, -0.0, 0.496454, 0.0, 0.0, 0.0, 1.0],
                [1.0, -0.0, -0.0, 3.256225, -0.0, -0.0, -1.0, 0.558643, 0.0, 1.0, -0.0, 0.542679, 0.0, 0.0, 0.0, 1.0],
                [1.0, -0.0, -0.0, 3.261089, -0.0, -0.0, -1.0, 0.637661, 0.0, 1.0, -0.0, 0.542679, 0.0, 0.0, 0.0, 1.0],
                [1.0, -0.0, -0.0, 3.265037, -0.0, -0.0, -1.0, 0.71563, 0.0, 1.0, -0.0, 0.542679, 0.0, 0.0, 0.0, 1.0],
                [1.0, -0.0, -0.0, 3.269363, -0.0, -0.0, -1.0, 0.804726, 0.0, 1.0, -0.0, 0.565791, 0.0, 0.0, 0.0, 1.0],
                [1.0, -0.0, -0.0, 3.272662, -0.0, -0.0, -1.0, 0.872347, 0.0, 1.0, -0.0, 0.565791, 0.0, 0.0, 0.0, 1.0],
                [1.0, -0.0, -0.0, 3.275877, -0.0, -0.0, -1.0, 0.928388, 0.0, 1.0, -0.0, 0.588904, 0.0, 0.0, 0.0, 1.0],
                [1.0, -0.0, -0.0, 3.278968, -0.0, -0.0, -1.0, 0.96627, 0.0, 1.0, -0.0, 0.588904, 0.0, 0.0, 0.0, 1.0],
                [1.0, -0.0, -0.0, 3.280802, -0.0, -0.0, -1.0, 0.987899, 0.0, 1.0, -0.0, 0.588904, 0.0, 0.0, 0.0, 1.0],
                [1.0, -0.0, -0.0, 3.280739, -0.0, -0.0, -1.0, 0.998402, 0.0, 1.0, -0.0, 0.588904, 0.0, 0.0, 0.0, 1.0],
                [1.0, -0.0, -0.0, 3.280688, -0.0, -0.0, -1.0, 0.996782, 0.0, 1.0, -0.0, 0.588904, 0.0, 0.0, 0.0, 1.0],
                [1.0, -0.0, -0.0, 3.280646, -0.0, -0.0, -1.0, 0.99156, 0.0, 1.0, -0.0, 0.588904, 0.0, 0.0, 0.0, 1.0],
                [1.0, -0.0, -0.0, 3.280646, -0.0, -0.0, -1.0, 0.99156, 0.0, 1.0, -0.0, 0.588904, 0.0, 0.0, 0.0, 1.0]
            ]
        },
        {
            "name": "Thigh_R",
            "time": [0.0, 0.0417, 0.0833, 0.125, 0.1667, 0.2083, 0.25, 0.2917, 0.3333, 0.375, 0.4167, 0.4583, 0.5, 0.5417, 0.5833, 0.625, 0.6667, 0.7083, 0.75, 0.7917, 0.8333, 0.875, 0.9167, 0.9583, 1.0, 1.0417, 1.0833, 1.125, 1.1667, 1.2083, 1.25, 1.2916],
            "transform": [
                [0.677785, -0.583026, 0.447985, 0.090866, -0.649436, -0.760385, -0.007023, -0.038674, 0.344736, -0.286177, -0.894014, 0.008128, 0.0, 0.0, 0.0, 1.0],
                [0.443295, -0.884792, 0.143644, 0.057609, -0.874688, -0.462017, -0.146501, -0.068834, 0.19599, -0.0607, -0.978725, 0.003545, 0.0, 0.0, 0.0, 1.0],
                [0.078215, -0.995261, 0.057792, 0.024353, -0.978135, -0.087816, -0.188527, -0.098994, 0.19271, -0.041783, -0.980366, -0.001038, 0.0, 0.0, 0.0, 1.0],
                [-0.044894, -0.997859, -0.04759, -0.010414, -0.974163, 0.054283, -0.219232, -0.098548, 0.221346, 0.036518, -0.974511, -0.011031, 0.0, 0.0, 0.0, 1.0],
                [-0.116976, -0.9887, -0.093759, -0.045181, -0.95398, 0.13811, -0.266177, -0.098103, 0.276119, 0.058308, -0.959353, -0.021024, 0.0, 0.0, 0.0, 1.0],
                [-0.301637, -0.948577, -0.096012, -0.081675, -0.869351, 0.314988, -0.380805, -0.071735, 0.391466, -0.031397, -0.919657, 0.00174, 0.0, 0.0, 0.0, 1.0],
                [-0.627198, -0.770923, 0.11091, -0.118169, -0.664804, 0.455705, -0.59192, -0.045366, 0.405783, -0.444985, -0.798329, 0.024503, 0.0, 0.0, 0.0, 1.0],
                [-0.855196, -0.499078, 0.139867, -0.080496, -0.319438, 0.295001, -0.900519, 0.043032, 0.408169, -0.814798, -0.411707, 0.04274, 0.0, 0.0, 0.0, 1.0],
                [-0.903257, -0.407511, -0.134405, -0.042822, 0.203981, -0.1322, -0.970007, 0.131431, 0.37752, -0.903581, 0.202534, 0.060977, 0.0, 0.0, 0.0, 1.0],
                [-0.754924, -0.613847, -0.230834, -0.005149, 0.476336, -0.271299, -0.836362, 0.21983, 0.450773, -0.741344, 0.497206, 0.079213, 0.0, 0.0, 0.0, 1.0],
                [-0.499912, -0.529604, -0.685281, -0.005804, 0.48898, 0.48048, -0.728037, 0.199843, 0.714835, -0.699043, 0.018769, 0.076953, 0.0, 0.0, 0.0, 1.0],
                [-0.290581, 0.1884, -0.93812, -0.006461, 0.603161, 0.797172, -0.026734, 0.179856, 0.742807, -0.573605, -0.345278, 0.074692, 0.0, 0.0, 0.0, 1.0],
                [0.206373, 0.738235, -0.6422, -0.007117, 0.672372, 0.369832, 0.641203, 0.159868, 0.710865, -0.564123, -0.420044, 0.072432, 0.0, 0.0, 0.0, 1.0],
                [0.565573, 0.576987, -0.589249, 0.045202, 0.567577, 0.246047, 0.785696, 0.155297, 0.59832, -0.778812, -0.188327, 0.063336, 0.0, 0.0, 0.0, 1.0],
                [0.828897, 0.456263, -0.32366, 0.09752, 0.309176, 0.108528, 0.944792, 0.150726, 0.466201, -0.883202, -0.051108, 0.05424, 0.0, 0.0, 0.0, 1.0],
                [0.903087, 0.426561, -0.049823, 0.108212, 0.093973, -0.083074, 0.992103, 0.140106, 0.419054, -0.900636, -0.115108, 0.050239, 0.0, 0.0, 0.0, 1.0],
                [0.914064, 0.397922, 0.078399, 0.118904, 0.046955, -0.295834, 0.954085, 0.129486, 0.402845, -0.868413, -0.289095, 0.046238, 0.0, 0.0, 0.0, 1.0],
                [0.915201, 0.368347, 0.163491, 0.129596, 0.045415, -0.497368, 0.86635, 0.118865, 0.400433, -0.785459, -0.47192, 0.042237, 0.0, 0.0, 0.0, 1.0],
                [0.908543, 0.354473, 0.221136, 0.132443, 0.051672, -0.620567, 0.782449, 0.108245, 0.414586, -0.699462, -0.582127, 0.032367, 0.0, 0.0, 0.0, 1.0],
                [0.897836, 0.340399, 0.279322, 0.135289, 0.061357, -0.724871, 0.686147, 0.097625, 0.436036, -0.598909, -0.6717, 0.022496, 0.0, 0.0, 0.0, 1.0],
                [0.879495, 0.317034, 0.354937, 0.140953, 0.068328, -0.822197, 0.565088, 0.085874, 0.470981, -0.472739, -0.744779, 0.021973, 0.0, 0.0, 0.0, 1.0],
                [0.858746, 0.294709, 0.41917, 0.146618, 0.074129, -0.880896, 0.467471, 0.074124, 0.507013, -0.370365, -0.778311, 0.02145, 0.0, 0.0, 0.0, 1.0],
                [0.834815, 0.272365, 0.478439, 0.131979, 0.087652, -0.923718, 0.372911, 0.07171, 0.543511, -0.269375, -0.795005, 0.047055, 0.0, 0.0, 0.0, 1.0],
                [0.801988, 0.247373, 0.543712, 0.117342, 0.11545, -0.957249, 0.265229, 0.069297, 0.586079, -0.149938, -0.79626, 0.072661, 0.0, 0.0, 0.0, 1.0],
                [0.772119, 0.217812, 0.596987, 0.105146, 0.132371, -0.973945, 0.184143, 0.066884, 0.621542, -0.063156, -0.780832, 0.076697, 0.0, 0.0, 0.0, 1.0],
                [0.734602, 0.202916, 0.647446, 0.09295, 0.161923, -0.979091, 0.123136, 0.06447, 0.658896, 0.014381, -0.752097, 0.080734, 0.0, 0.0, 0.0, 1.0],
                [0.677349, 0.213423, 0.704025, 0.080754, 0.210877, -0.973162, 0.092126, 0.062057, 0.704793, 0.086061, -0.704175, 0.08477, 0.0, 0.0, 0.0, 1.0],
                [0.615062, 0.227316, 0.755002, 0.075799, 0.2512, -0.964139, 0.085644, 0.061454, 0.747396, 0.13698, -0.650106, 0.086561, 0.0, 0.0, 0.0, 1.0],
                [0.568887, 0.233435, 0.788592, 0.070843, 0.272655, -0.958175, 0.086943, 0.06085, 0.775906, 0.165553, -0.60874, 0.088353, 0.0, 0.0, 0.0, 1.0],
                [0.548542, 0.236187, 0.802072, 0.065888, 0.274597, -0.956954, 0.093997, 0.060247, 0.789748, 0.168685, -0.589784, 0.090144, 0.0, 0.0, 0.0, 1.0],
                [0.535358, 0.239281, 0.810023, 0.060932, 0.272577, -0.956664, 0.10245, 0.059644, 0.799436, 0.165946, -0.577379, 0.091935, 0.0, 0.0, 0.0, 1.0],
                [0.535358, 0.239281, 0.810023, 0.060932, 0.272577, -0.956664, 0.10245, 0.059644, 0.799436, 0.165946, -0.577379, 0.091935, 0.0, 0.0, 0.0, 1.0]
            ]
        },
        {
            "name": "Leg_R",
            "time": [0.0, 0.0417, 0.0833, 0.125, 0.1667, 0.2083, 0.25, 0.2917, 0.3333, 0.375, 0.4167, 0.4583, 0.5, 0.5417, 0.5833, 0.625, 0.6667, 0.7083, 0.75, 0.7917, 0.8333, 0.875, 0.9167, 0.9583, 1.0, 1.0417, 1.0833, 1.125, 1.1667, 1.2083, 1.25, 1.2916],
            "transform": [
                [0.999999, 1e-06, 0.0, 0.0, -1e-06, 0.853064, 0.521808, 0.37472, 0.0, -0.521808, 0.853063, 0.0, 0.0, 0.0, 0.0, 1.0],
                [0.999999, 1e-06, 0.0, -0.0, -1e-06, 0.949386, 0.314114, 0.37472, 0.0, -0.314114, 0.949385, 0.0, 0.0, 0.0, 0.0, 1.0],
                [1.0, 1e-06, 0.0, 0.0, -1e-06, 0.786404, 0.617713, 0.37472, 0.0, -0.617713, 0.786403, -0.0, 0.0, 0.0, 0.0, 1.0],
                [1.0, 1e-06, 0.0, -0.0, -1e-06, 0.814526, 0.580127, 0.37472, 0.0, -0.580127, 0.814526, -0.0, 0.0, 0.0, 0.0, 1.0],
                [1.0, 1e-06, -0.0, 0.0, -1e-06, 0.867555, 0.497342, 0.37472, 0.0, -0.497342, 0.867555, -0.0, 0.0, 0.0, 0.0, 1.0],
                [0.999999, 1e-06, -0.0, 0.0, -1e-06, 0.868588, 0.495535, 0.37472, 0.0, -0.495535, 0.868588, 0.0, 0.0, 0.0, 0.0, 1.0],
                [0.999999, 1e-06, 0.0, 0.0, -1e-06, 0.516884, 0.856056, 0.37472, 0.0, -0.856056, 0.516883, 0.0, 0.0, 0.0, 0.0, 1.0],
                [0.999999, 1e-06, 1e-06, 0.0, -1e-06, -0.161798, 0.986823, 0.37472, 1e-06, -0.986825, -0.161798, 0.0, 0.0, 0.0, 0.0, 1.0],
                [0.999999, 0.0, 1e-06, 0.0, -0.0, -0.773962, 0.633232, 0.37472, 1e-06, -0.633233, -0.773961, -0.0, 0.0, 0.0, 0.0, 1.0],
                [0.999999, 0.0, 1e-06, 0.0, -0.0, -0.871979, 0.489545, 0.37472, 1e-06, -0.489545, -0.871978, 0.0, 0.0, 0.0, 0.0, 1.0],
                [0.999999, 0.0, 1e-06, -0.0, -1e-06, -0.412727, 0.910855, 0.37472, 1e-06, -0.910856, -0.412726, 0.0, 0.0, 0.0, 0.0, 1.0],
                [0.999999, 1e-06, 1e-06, -0.0, -1e-06, 0.096389, 0.995343, 0.37472, 1e-06, -0.995345, 0.096389, -0.0, 0.0, 0.0, 0.0, 1.0],
                [0.999999, 1e-06, 0.0, -0.0, -1e-06, 0.294369, 0.955691, 0.37472, 1e-06, -0.955693, 0.294369, -0.0, 0.0, 0.0, 0.0, 1.0],
                [0.999999, 1e-06, 1e-06, -0.0, -1e-06, -0.152036, 0.988374, 0.37472, 1e-06, -0.988376, -0.152035, 0.0, 0.0, 0.0, 0.0, 1.0],
                [0.999999, 0.0, 1e-06, -0.0, -1e-06, -0.259693, 0.96569, 0.37472, 1e-06, -0.965692, -0.259693, -0.0, 0.0, 0.0, 0.0, 1.0],
                [0.999999, 1e-06, 1e-06, -0.0, -1e-06, -0.134903, 0.990858, 0.37472, 1e-06, -0.99086, -0.134903, 0.0, 0.0, 0.0, 0.0, 1.0],
                [0.999999, 1e-06, 1e-06, 0.0, -1e-06, 0.053263, 0.99858, 0.37472, 1e-06, -0.998581, 0.053263, 0.0, 0.0, 0.0, 0.0, 1.0],
                [0.999999, 1e-06, 1e-06, -0.0, -1e-06, 0.220973, 0.975279, 0.37472, 1e-06, -0.975281, 0.220972, -0.0, 0.0, 0.0, 0.0, 1.0],
                [0.999999, 1e-06, 1e-06, -0.0, -1e-06, 0.306991, 0.951712, 0.37472, 1e-06, -0.951714, 0.30699, -0.0, 0.0, 0.0, 0.0, 1.0],
                [0.999999, 1e-06, 0.0, -0.0, -1e-06, 0.386578, 0.922256, 0.37472, 0.0, -0.922257, 0.386578, 0.0, 0.0, 0.0, 0.0, 1.0],
                [1.0, 1e-06, 0.0, -0.0, -1e-06, 0.486956, 0.873426, 0.37472, 1e-06, -0.873427, 0.486956, 0.0, 0.0, 0.0, 0.0, 1.0],
                [0.999999, 1e-06, 0.0, 0.0, -1e-06, 0.572324, 0.820027, 0.37472, 1e-06, -0.820027, 0.572324, 0.0, 0.0, 0.0, 0.0, 1.0],
                [1.0, 1e-06, 0.0, -0.0, -1e-06, 0.654415, 0.756135, 0.37472, 1e-06, -0.756136, 0.654415, 0.0, 0.0, 0.0, 0.0, 1.0],
                [1.0, 1e-06, 0.0, -0.0, -1e-06, 0.744235, 0.667918, 0.37472, 0.0, -0.667918, 0.744235, -0.0, 0.0, 0.0, 0.0, 1.0],
                [1.0, 1e-06, 0.0, 0.0, -1e-06, 0.806751, 0.590891, 0.37472, 0.0, -0.590892, 0.806751, 0.0, 0.0, 0.0, 0.0, 1.0],
                [1.0, 1e-06, 0.0, -0.0, -1e-06, 0.853334, 0.521365, 0.37472, 0.0, -0.521365, 0.853334, 0.0, 0.0, 0.0, 0.0, 1.0],
                [1.0, 1e-06, -0.0, 0.0, -1e-06, 0.884916, 0.465751, 0.37472, 1e-06, -0.465751, 0.884915, -0.0, 0.0, 0.0, 0.0, 1.0],
                [1.0, 1e-06, -0.0, 0.0, -1e-06, 0.905431, 0.424492, 0.37472, 0.0, -0.424493, 0.905431, 0.0, 0.0, 0.0, 0.0, 1.0],
                [1.0, 1e-06, -0.0, -0.0, -1e-06, 0.920755, 0.39014, 0.37472, 0.0, -0.39014, 0.920755, 0.0, 0.0, 0.0, 0.0, 1.0],
                [1.0, 1e-06, -0.0, -0.0, -1e-06, 0.926932, 0.375228, 0.37472, 0.0, -0.375228, 0.926932, -0.0, 0.0, 0.0, 0.0, 1.0],
                [1.0, 1e-06, -0.0, 0.0, -1e-06, 0.931015, 0.36498, 0.37472, 0.0, -0.36498, 0.931015, -0.0, 0.0, 0.0, 0.0, 1.0],
                [1.0, 1e-06, -0.0, 0.0, -1e-06, 0.931015, 0.36498, 0.37472, 0.0, -0.36498, 0.931015, -0.0, 0.0, 0.0, 0.0, 1.0]
            ]
        },
        {
            "name": "Knee_R",
            "time": [0.0, 1.2916],
            "transform": [
                [1.0, 0.0, -0.0, 0.0, -0.0, 1e-06, -1.0, 0.37472, -0.0, 1.0, 1e-06, 0.0, 0.0, 0.0, 0.0, 1.0],
                [1.0, 0.0, -0.0, 0.0, -0.0, 1e-06, -1.0, 0.37472, -0.0, 1.0, 1e-06, -0.0, 0.0, 0.0, 0.0, 1.0]
            ]
        },
        {
            "name": "Thigh_L",
            "time": [0.0, 0.0417, 0.0833, 0.125, 0.1667, 0.2083, 0.25, 0.2917, 0.3333, 0.375, 0.4167, 0.4583, 0.5, 0.5417, 0.5833, 0.625, 0.6667, 0.7083, 0.75, 0.7917, 0.8333, 0.875, 0.9167, 0.9583, 1.0, 1.0417, 1.0833, 1.125, 1.1667, 1.2083, 1.25, 1.2916],
            "transform": [
                [0.663761, -0.560575, 0.495152, -0.072343, -0.735446, -0.368666, 0.568509, 0.18824, -0.136146, -0.741515, -0.656978, 0.037041, 0.0, 0.0, 0.0, 1.0],
                [0.414438, -0.45537, 0.787958, -0.024298, -0.897695, -0.062228, 0.436197, 0.184197, -0.149597, -0.888127, -0.434573, 0.064903, 0.0, 0.0, 0.0, 1.0],
                [0.122548, -0.410148, 0.903748, 0.023748, -0.989975, 0.013874, 0.140538, 0.180154, -0.070179, -0.911915, -0.404337, 0.092764, 0.0, 0.0, 0.0, 1.0],
                [-0.031388, -0.44386, 0.895547, 0.067237, -0.998582, 0.052425, -0.009016, 0.168003, -0.042946, -0.894565, -0.444876, 0.113689, 0.0, 0.0, 0.0, 1.0],
                [-0.151318, -0.48928, 0.858899, 0.110238, -0.988049, 0.100589, -0.116771, 0.159922, -0.029262, -0.866309, -0.498654, 0.100736, 0.0, 0.0, 0.0, 1.0],
                [-0.381158, -0.459322, 0.802335, 0.153239, -0.924338, 0.205953, -0.321214, 0.15184, -0.017702, -0.864066, -0.503069, 0.087784, 0.0, 0.0, 0.0, 1.0],
                [-0.760087, -0.129433, 0.636799, 0.145871, -0.641456, 0.306158, -0.70342, 0.068253, -0.103915, -0.943143, -0.315732, 0.122026, 0.0, 0.0, 0.0, 1.0],
                [-0.954402, 0.195029, 0.226002, 0.114123, -0.217067, 0.06632, -0.973901, 0.040085, -0.204926, -0.978555, -0.020961, 0.099927, 0.0, 0.0, 0.0, 1.0],
                [-0.936839, 0.169547, -0.305913, 0.082376, 0.244768, -0.306954, -0.91971, 0.011917, -0.249835, -0.936502, 0.246066, 0.077829, 0.0, 0.0, 0.0, 1.0],
                [-0.774201, 0.07238, -0.628786, 0.043388, 0.607975, -0.191201, -0.770588, -0.035124, -0.175999, -0.97888, 0.104023, 0.060702, 0.0, 0.0, 0.0, 1.0],
                [-0.366511, 0.252929, -0.895374, 0.004401, 0.895209, -0.16634, -0.413433, -0.082165, -0.253506, -0.953079, -0.165459, 0.043575, 0.0, 0.0, 0.0, 1.0],
                [0.099436, 0.573244, -0.813329, -0.040066, 0.958611, -0.274336, -0.076156, -0.064816, -0.266781, -0.772098, -0.576797, 0.052845, 0.0, 0.0, 0.0, 1.0],
                [0.11337, 0.508904, -0.853325, -0.084532, 0.956396, -0.288571, -0.045032, -0.047467, -0.269161, -0.811017, -0.519429, 0.062115, 0.0, 0.0, 0.0, 1.0],
                [0.313496, -0.079474, -0.946257, -0.097376, 0.892395, -0.315948, 0.322187, -0.002209, -0.324573, -0.945444, -0.028126, 0.074411, 0.0, 0.0, 0.0, 1.0],
                [0.824495, -0.46033, -0.329093, -0.11022, 0.301783, -0.13426, 0.943875, 0.04305, -0.478676, -0.877539, 0.028222, 0.086706, 0.0, 0.0, 0.0, 1.0],
                [0.8944, -0.424614, -0.140528, -0.123065, 0.034343, -0.248071, 0.968132, 0.088309, -0.445942, -0.870728, -0.207293, 0.099002, 0.0, 0.0, 0.0, 1.0],
                [0.942707, -0.323018, -0.083421, -0.122387, -0.066918, -0.428058, 0.90127, 0.089986, -0.326834, -0.844056, -0.425149, 0.080685, 0.0, 0.0, 0.0, 1.0],
                [0.974969, -0.222033, -0.011536, -0.121709, -0.133727, -0.62709, 0.767382, 0.091664, -0.177617, -0.746635, -0.641085, 0.062368, 0.0, 0.0, 0.0, 1.0],
                [0.975229, -0.221171, 0.002682, -0.121297, -0.171822, -0.749891, 0.63886, 0.089129, -0.139286, -0.623499, -0.769317, 0.040886, 0.0, 0.0, 0.0, 1.0],
                [0.968605, -0.248426, -0.009211, -0.120886, -0.208425, -0.831731, 0.514573, 0.086593, -0.135494, -0.496501, -0.857396, 0.019403, 0.0, 0.0, 0.0, 1.0],
                [0.975175, -0.214236, 0.055975, -0.120475, -0.210378, -0.817572, 0.536021, 0.084058, -0.069071, -0.534493, -0.842346, -0.002079, 0.0, 0.0, 0.0, 1.0],
                [0.980492, -0.139945, 0.138006, -0.108297, -0.196071, -0.745201, 0.637364, 0.075704, 0.013646, -0.651993, -0.758103, -0.016837, 0.0, 0.0, 0.0, 1.0],
                [0.976283, -0.077607, 0.202102, -0.096119, -0.187962, -0.767052, 0.613436, 0.06735, 0.107415, -0.636877, -0.763446, -0.031596, 0.0, 0.0, 0.0, 1.0],
                [0.959613, -0.038582, 0.278656, -0.084986, -0.198458, -0.794889, 0.573382, 0.063107, 0.199378, -0.60553, -0.770443, -0.048173, 0.0, 0.0, 0.0, 1.0],
                [0.946621, -0.062069, 0.316311, -0.073853, -0.209848, -0.863529, 0.458567, 0.058865, 0.24468, -0.500469, -0.830459, -0.06475, 0.0, 0.0, 0.0, 1.0],
                [0.931289, -0.077951, 0.355837, -0.066105, -0.213808, -0.907845, 0.360702, 0.056181, 0.294927, -0.412001, -0.862132, -0.079611, 0.0, 0.0, 0.0, 1.0],
                [0.91719, -0.083673, 0.38956, -0.058357, -0.215791, -0.926218, 0.309125, 0.053498, 0.334951, -0.367592, -0.867573, -0.094471, 0.0, 0.0, 0.0, 1.0],
                [0.908347, -0.085027, 0.409478, -0.047545, -0.218668, -0.931176, 0.291719, 0.050814, 0.356491, -0.354523, -0.864422, -0.085074, 0.0, 0.0, 0.0, 1.0],
                [0.900398, -0.079447, 0.427748, -0.036734, -0.219425, -0.931907, 0.288802, 0.048131, 0.375676, -0.353897, -0.856518, -0.075676, 0.0, 0.0, 0.0, 1.0],
                [0.897028, -0.062073, 0.43759, -0.047641, -0.214121, -0.927175, 0.307413, 0.048955, 0.386639, -0.369456, -0.844991, -0.069914, 0.0, 0.0, 0.0, 1.0],
                [0.894818, -0.04629, 0.444021, -0.058548, -0.209221, -0.922104, 0.325506, 0.049779, 0.394364, -0.384169, -0.834799, -0.064151, 0.0, 0.0, 0.0, 1.0],
                [0.894818, -0.04629, 0.444021, -0.058548, -0.209221, -0.922104, 0.325506, 0.049779, 0.394364, -0.384169, -0.834799, -0.064151, 0.0, 0.0, 0.0, 1.0]
            ]
        },
        {
            "name": "Leg_L",
            "time": [0.0, 0.0417, 0.0833, 0.125, 0.1667, 0.2083, 0.25, 0.2917, 0.3333, 0.375, 0.4167, 0.4583, 0.5, 0.5417, 0.5833, 0.625, 0.6667, 0.7083, 0.75, 0.7917, 0.8333, 0.875, 0.9167, 0.9583, 1.0, 1.0417, 1.0833, 1.125, 1.1667, 1.2083, 1.25, 1.2916],
            "transform": [
                [0.999998, -1e-06, -0.0, 0.0, 0.0, -0.200451, 0.979704, 0.37472, -1e-06, -0.979705, -0.200451, -0.0, 0.0, 0.0, 0.0, 1.0],
                [0.999998, -1e-06, -1e-06, 0.0, -0.0, -0.544517, 0.838751, 0.37472, -1e-06, -0.838751, -0.544517, 0.0, 0.0, 0.0, 0.0, 1.0],
                [0.999998, -1e-06, -1e-06, 0.0, 0.0, -0.519233, 0.854634, 0.37472, -2e-06, -0.854634, -0.519233, 0.0, 0.0, 0.0, 0.0, 1.0],
                [0.999997, -1e-06, -1e-06, 0.0, 0.0, -0.419749, 0.907641, 0.37472, -2e-06, -0.907641, -0.419749, 0.0, 0.0, 0.0, 0.0, 1.0],
                [0.999998, -1e-06, -0.0, 0.0, 0.0, -0.301812, 0.953368, 0.37472, -1e-06, -0.953369, -0.301811, -0.0, 0.0, 0.0, 0.0, 1.0],
                [0.999997, -1e-06, -0.0, 0.0, -0.0, -0.211601, 0.977357, 0.37472, -1e-06, -0.977357, -0.211601, -0.0, 0.0, 0.0, 0.0, 1.0],
                [0.999998, -1e-06, -0.0, -0.0, -0.0, -0.267166, 0.96365, 0.37472, -1e-06, -0.963651, -0.267166, 0.0, 0.0, 0.0, 0.0, 1.0],
                [0.999998, -1e-06, -1e-06, 0.0, -0.0, -0.483309, 0.875451, 0.37472, -1e-06, -0.875451, -0.483309, -0.0, 0.0, 0.0, 0.0, 1.0],
                [0.999998, -1e-06, -1e-06, -0.0, -0.0, -0.76477, 0.644305, 0.37472, -2e-06, -0.644303, -0.764772, -0.0, 0.0, 0.0, 0.0, 1.0],
                [0.999998, -1e-06, -1e-06, -0.0, -0.0, -0.774589, 0.632466, 0.37472, -2e-06, -0.632464, -0.77459, 0.0, 0.0, 0.0, 0.0, 1.0],
                [0.999998, -1e-06, -1e-06, -0.0, -0.0, -0.500086, 0.865977, 0.37472, -2e-06, -0.865977, -0.500086, -0.0, 0.0, 0.0, 0.0, 1.0],
                [0.999998, -1e-06, -0.0, 0.0, 0.0, -0.016744, 0.99986, 0.37472, -1e-06, -0.999861, -0.016744, -0.0, 0.0, 0.0, 0.0, 1.0],
                [0.999998, -1e-06, -0.0, 0.0, -0.0, -0.375925, 0.926651, 0.37472, -1e-06, -0.926651, -0.375924, -0.0, 0.0, 0.0, 0.0, 1.0],
                [0.999998, -1e-06, -1e-06, 0.0, -0.0, -0.852513, 0.522707, 0.37472, -2e-06, -0.522706, -0.852514, -0.0, 0.0, 0.0, 0.0, 1.0],
                [0.999997, -1e-06, -1e-06, -0.0, -0.0, -0.785252, 0.619177, 0.37472, -2e-06, -0.619176, -0.785253, 0.0, 0.0, 0.0, 0.0, 1.0],
                [0.999997, -1e-06, -1e-06, 0.0, 0.0, -0.459153, 0.888358, 0.37472, -2e-06, -0.888359, -0.459152, 0.0, 0.0, 0.0, 0.0, 1.0],
                [0.999997, -1e-06, -0.0, -0.0, 0.0, -0.199054, 0.979988, 0.37472, -1e-06, -0.979991, -0.199054, 0.0, 0.0, 0.0, 0.0, 1.0],
                [0.999997, -1e-06, -0.0, 0.0, 0.0, 0.028628, 0.99959, 0.37472, -1e-06, -0.999592, 0.028628, 0.0, 0.0, 0.0, 0.0, 1.0],
                [0.999998, -1e-06, 0.0, 0.0, 0.0, 0.174007, 0.984744, 0.37472, -1e-06, -0.984747, 0.174007, -0.0, 0.0, 0.0, 0.0, 1.0],
                [0.999997, -1e-06, 0.0, 0.0, 0.0, 0.287159, 0.957883, 0.37472, -1e-06, -0.957885, 0.287158, -0.0, 0.0, 0.0, 0.0, 1.0],
                [0.999998, -1e-06, 0.0, 1e-06, 0.0, 0.260637, 0.965437, 0.37472, -1e-06, -0.965439, 0.260637, -0.0, 0.0, 0.0, 0.0, 1.0],
                [0.999998, -1e-06, 0.0, 0.0, 0.0, 0.206764, 0.978391, 0.37472, -1e-06, -0.978392, 0.206764, 0.0, 0.0, 0.0, 0.0, 1.0],
                [0.999997, -1e-06, 0.0, 0.0, 0.0, 0.432388, 0.901689, 0.37472, -1e-06, -0.901689, 0.432388, -0.0, 0.0, 0.0, 0.0, 1.0],
                [0.999997, -1e-06, 1e-06, -0.0, 0.0, 0.780517, 0.625136, 0.37472, -1e-06, -0.625135, 0.780518, 0.0, 0.0, 0.0, 0.0, 1.0],
                [0.999997, -1e-06, 1e-06, -0.0, 0.0, 0.858891, 0.512159, 0.37472, -1e-06, -0.512157, 0.858893, 0.0, 0.0, 0.0, 0.0, 1.0],
                [0.999998, -0.0, 1e-06, -0.0, -0.0, 0.907528, 0.419992, 0.37472, -1e-06, -0.419991, 0.90753, 0.0, 0.0, 0.0, 0.0, 1.0],
                [0.999998, -0.0, 1e-06, -0.0, -0.0, 0.912019, 0.410147, 0.37472, -1e-06, -0.410146, 0.912022, 0.0, 0.0, 0.0, 0.0, 1.0],
                [0.999998, -0.0, 1e-06, 0.0, -0.0, 0.905824, 0.423654, 0.37472, -1e-06, -0.423653, 0.905827, 0.0, 0.0, 0.0, 0.0, 1.0],
                [0.999998, -0.0, 1e-06, -0.0, -0.0, 0.896341, 0.443366, 0.37472, -1e-06, -0.443364, 0.896343, -0.0, 0.0, 0.0, 0.0, 1.0],
                [0.999998, -0.0, 1e-06, -0.0, -0.0, 0.879556, 0.475794, 0.37472, -1e-06, -0.475793, 0.879559, 0.0, 0.0, 0.0, 0.0, 1.0],
                [0.999998, -1e-06, 1e-06, 0.0, 0.0, 0.865636, 0.500674, 0.37472, -1e-06, -0.500673, 0.865638, 0.0, 0.0, 0.0, 0.0, 1.0],
                [0.999998, -1e-06, 1e-06, 0.0, 0.0, 0.865636, 0.500674, 0.37472, -1e-06, -0.500673, 0.865638, 0.0, 0.0, 0.0, 0.0, 1.0]
            ]
        },
        {
            "name": "Knee_L",
            "time": [0.0, 1.2916],
            "transform": [
                [1.0, 0.0, -0.0, 0.0, -0.0, 1e-06, -1.0, 0.37472, -0.0, 1.0, 1e-06, -0.0, 0.0, 0.0, 0.0, 1.0],
                [1.0, 0.0, -0.0, 0.0, -0.0, 1e-06, -1.0, 0.37472, -0.0, 1.0, 1e-06, 0.0, 0.0, 0.0, 0.0, 1.0]
            ]
        },
        {
            "name": "Torso",
            "time": [0.0, 0.0417, 0.0833, 0.125, 0.1667, 0.2083, 0.25, 0.2917, 0.3333, 0.375, 0.4167, 0.4583, 0.5, 0.5417, 0.5833, 0.625, 0.6667, 0.7083, 0.75, 0.7917, 0.8333, 0.875, 0.9167, 0.9583, 1.0, 1.0417, 1.0833, 1.125, 1.1667, 1.2083, 1.25, 1.2916],
            "transform": [
                [0.65928, 0.749682, 0.057678, 0.0, -0.751204, 0.653427, 0.093423, 0.05, 0.032349, -0.10492, 0.993955, -0.0, 0.0, 0.0, 0.0, 1.0],
                [0.301694, 0.94814, 0.100049, 0.0, -0.94934, 0.30843, -0.060226, 0.05, -0.08796, -0.07681, 0.993158, 0.0, 0.0, 0.0, 0.0, 1.0],
                [0.05419, 0.9922, 0.112257, -0.0, -0.995174, 0.062878, -0.075353, 0.05, -0.081824, -0.107631, 0.990818, 0.0, 0.0, 0.0, 0.0, 1.0],
                [-0.152057, 0.982162, 0.110616, 0.0, -0.984522, -0.140642, -0.104586, 0.05, -0.087164, -0.124807, 0.988345, -0.0, 0.0, 0.0, 0.0, 1.0],
                [-0.336833, 0.936905, 0.093554, 0.0, -0.938253, -0.325659, -0.116743, 0.05, -0.07891, -0.1271, 0.988746, 0.0, 0.0, 0.0, 0.0, 1.0],
                [-0.599614, 0.798393, 0.05507, 0.0, -0.798819, -0.592919, -0.101668, 0.05, -0.048519, -0.104952, 0.993293, -0.0, 0.0, 0.0, 0.0, 1.0],
                [-0.920634, 0.390171, 0.014191, -0.0, -0.389819, -0.916548, -0.089333, 0.05, -0.021849, -0.087775, 0.9959, 0.0, 0.0, 0.0, 0.0, 1.0],
                [-0.999271, -0.035879, 0.01319, -0.0, 0.035374, -0.998699, -0.036699, 0.05, 0.01449, -0.036205, 0.999239, -0.0, 0.0, 0.0, 0.0, 1.0],
                [-0.957353, -0.270343, 0.101946, -0.0, 0.279983, -0.955158, 0.096336, 0.05, 0.071331, 0.120771, 0.990114, 0.0, 0.0, 0.0, 0.0, 1.0],
                [-0.671718, -0.691428, 0.265938, -0.0, 0.72387, -0.688934, 0.037173, 0.05, 0.157512, 0.217474, 0.963273, 0.0, 0.0, 0.0, 0.0, 1.0],
                [-0.247338, -0.928384, 0.277353, 0.0, 0.953966, -0.283442, -0.098039, 0.05, 0.169632, 0.240336, 0.955753, 0.0, 0.0, 0.0, 0.0, 1.0],
                [0.149903, -0.974889, 0.164677, 0.0, 0.972944, 0.115833, -0.199918, 0.05, 0.175823, 0.190189, 0.965875, 0.0, 0.0, 0.0, 0.0, 1.0],
                [0.449125, -0.893122, -0.024869, 0.0, 0.866418, 0.442154, -0.231998, 0.05, 0.218199, 0.082649, 0.972398, 0.0, 0.0, 0.0, 0.0, 1.0],
                [0.645847, -0.757984, -0.091332, -0.0, 0.747183, 0.652107, -0.128353, 0.05, 0.156848, 0.014654, 0.987514, -0.0, 0.0, 0.0, 0.0, 1.0],
                [0.889051, -0.455188, -0.048934, 0.0, 0.457129, 0.888472, 0.040607, 0.05, 0.024992, -0.058471, 0.997976, 0.0, 0.0, 0.0, 0.0, 1.0],
                [0.981892, -0.188082, 0.022699, 0.0, 0.183819, 0.974843, 0.126051, 0.05, -0.045836, -0.119596, 0.991764, 0.0, 0.0, 0.0, 0.0, 1.0],
                [0.99126, -0.119499, 0.055913, 0.0, 0.110525, 0.983578, 0.142678, 0.05, -0.072045, -0.135251, 0.988189, 0.0, 0.0, 0.0, 0.0, 1.0],
                [0.994657, -0.094844, 0.040798, 0.0, 0.087763, 0.984818, 0.149763, 0.05, -0.054383, -0.145382, 0.98788, 0.0, 0.0, 0.0, 0.0, 1.0],
                [0.996832, -0.079556, -0.000444, 0.0, 0.078554, 0.983361, 0.163791, 0.05, -0.012594, -0.163307, 0.986495, 0.0, 0.0, 0.0, 0.0, 1.0],
                [0.996102, -0.066276, -0.058242, 0.0, 0.075463, 0.981996, 0.173169, 0.05, 0.045717, -0.176889, 0.983169, 0.0, 0.0, 0.0, 0.0, 1.0],
                [0.987675, -0.048336, -0.148879, 0.0, 0.072213, 0.984566, 0.159412, 0.05, 0.138876, -0.168198, 0.975922, 0.0, 0.0, 0.0, 0.0, 1.0],
                [0.96865, -0.038401, -0.24545, 0.0, 0.06961, 0.990358, 0.119764, 0.05, 0.238484, -0.133094, 0.961983, 0.0, 0.0, 0.0, 0.0, 1.0],
                [0.933338, -0.040973, -0.356657, 0.0, 0.067257, 0.995831, 0.061603, 0.05, 0.352647, -0.081483, 0.932203, 0.0, 0.0, 0.0, 0.0, 1.0],
                [0.871968, -0.057571, -0.486168, 0.0, 0.058377, 0.998202, -0.013503, 0.05, 0.486073, -0.016607, 0.873761, 0.0, 0.0, 0.0, 0.0, 1.0],
                [0.813601, -0.071686, -0.576989, -0.0, 0.040042, 0.996921, -0.067398, 0.05, 0.580045, 0.031731, 0.813967, 0.0, 0.0, 0.0, 0.0, 1.0],
                [0.764241, -0.082354, -0.639653, -0.0, 0.024244, 0.99478, -0.099111, 0.05, 0.644477, 0.060236, 0.762248, 0.0, 0.0, 0.0, 0.0, 1.0],
                [0.735716, -0.084178, -0.67204, -0.0, 0.017414, 0.994268, -0.105476, 0.05, 0.677068, 0.065897, 0.732965, 0.0, 0.0, 0.0, 0.0, 1.0],
                [0.722212, -0.077767, -0.687288, -0.0, 0.012208, 0.994936, -0.09975, 0.05, 0.691566, 0.06365, 0.719504, 0.0, 0.0, 0.0, 0.0, 1.0],
                [0.709179, -0.074821, -0.701048, -0.0, 0.010098, 0.995328, -0.096013, 0.05, 0.704958, 0.061011, 0.706621, 0.0, 0.0, 0.0, 0.0, 1.0],
                [0.704666, -0.072248, -0.705852, -0.0, 0.010064, 0.995719, -0.091871, 0.05, 0.709469, 0.057635, 0.702377, 0.0, 0.0, 0.0, 0.0, 1.0],
                [0.701947, -0.069892, -0.708793, -0.0, 0.010036, 0.996044, -0.088279, 0.05, 0.71216, 0.054854, 0.699872, 0.0, 0.0, 0.0, 0.0, 1.0],
                [0.701947, -0.069892, -0.708793, -0.0, 0.010036, 0.996044, -0.088279, 0.05, 0.71216, 0.054854, 0.699872, 0.0, 0.0, 0.0, 0.0, 1.0]
            ]
        },
        {
            "name": "Chest",
            "time": [0.0, 0.0417, 0.0833, 0.125, 0.1667, 0.2083, 0.25, 0.2917, 0.3333, 0.375, 0.4167, 0.4583, 0.5, 0.5417, 0.5833, 0.625, 0.6667, 0.7083, 0.75, 0.7917, 0.8333, 0.875, 0.9167, 0.9583, 1.0, 1.0417, 1.0833, 1.125, 1.1667, 1.2083, 1.25, 1.2916],
            "transform": [
                [0.978178, 0.111151, 0.175552, -0.0, -0.111012, 0.99376, -0.010644, 0.3, -0.17564, -0.009076, 0.984412, -0.0, 0.0, 0.0, 0.0, 1.0],
                [0.986687, 0.101374, 0.12719, -0.0, -0.09044, 0.991916, -0.088995, 0.3, -0.135184, 0.076307, 0.987877, 0.0, 0.0, 0.0, 0.0, 1.0],
                [0.98871, 0.096586, 0.114577, 0.0, -0.094626, 0.995259, -0.022433, 0.3, -0.116201, 0.011338, 0.99316, 0.0, 0.0, 0.0, 0.0, 1.0],
                [0.991591, 0.071469, 0.107904, 0.0, -0.08069, 0.993221, 0.08366, 0.3, -0.101194, -0.091663, 0.990634, 0.0, 0.0, 0.0, 0.0, 1.0],
                [0.993583, 0.045591, 0.103535, 0.0, -0.064284, 0.980614, 0.185098, 0.3, -0.09309, -0.190565, 0.97725, 0.0, 0.0, 0.0, 0.0, 1.0],
                [0.996822, 0.018509, 0.077513, 0.0, -0.042735, 0.945127, 0.323891, 0.3, -0.067265, -0.326173, 0.942913, 0.0, 0.0, 0.0, 0.0, 1.0],
                [0.997451, 0.027288, -0.065959, 0.0, 0.022433, 0.757395, 0.65257, 0.3, 0.067765, -0.652384, 0.754852, 0.0, 0.0, 0.0, 0.0, 1.0],
                [0.986078, 0.07828, -0.146718, 0.0, 0.078203, 0.56034, 0.824562, 0.3, 0.146759, -0.824553, 0.546417, -0.0, 0.0, 0.0, 0.0, 1.0],
                [0.999539, 0.007611, -0.029467, 0.0, 0.015065, 0.717544, 0.696349, 0.3, 0.026443, -0.696469, 0.717098, 0.0, 0.0, 0.0, 0.0, 1.0],
                [0.984719, -0.173537, 0.014754, 0.0, 0.114843, 0.71067, 0.694087, 0.3, -0.130935, -0.681784, 0.71974, -0.0, 0.0, 0.0, 0.0, 1.0],
                [0.982435, -0.171663, -0.073196, 0.0, 0.165756, 0.622478, 0.764883, 0.3, -0.08574, -0.763577, 0.639998, 0.0, 0.0, 0.0, 0.0, 1.0],
                [0.978747, -0.169557, -0.115363, -0.0, 0.199958, 0.664026, 0.720476, 0.3, -0.045558, -0.728228, 0.683818, 0.0, 0.0, 0.0, 0.0, 1.0],
                [0.972711, -0.217585, -0.08059, 0.0, 0.225541, 0.805069, 0.548628, 0.3, -0.054493, -0.55183, 0.832173, 0.0, 0.0, 0.0, 0.0, 1.0],
                [0.963396, -0.258935, -0.069455, -0.0, 0.253767, 0.797242, 0.547727, 0.3, -0.086454, -0.545302, 0.833769, -0.0, 0.0, 0.0, 0.0, 1.0],
                [0.964764, -0.26285, -0.012017, 0.0, 0.205282, 0.723318, 0.659294, 0.3, -0.164604, -0.638527, 0.751789, 0.0, 0.0, 0.0, 0.0, 1.0],
                [0.971337, -0.227011, 0.070528, -0.0, 0.108461, 0.687237, 0.71829, 0.3, -0.211531, -0.690049, 0.69216, -0.0, 0.0, 0.0, 0.0, 1.0],
                [0.977332, -0.140121, 0.158723, -0.0, -0.01248, 0.710241, 0.703846, 0.3, -0.211357, -0.689869, 0.692392, -0.0, 0.0, 0.0, 0.0, 1.0],
                [0.984336, -0.054563, 0.16766, -0.0, -0.067733, 0.760926, 0.645293, 0.3, -0.162786, -0.646538, 0.74531, -0.0, 0.0, 0.0, 0.0, 1.0],
                [0.996396, -0.011702, 0.084042, 0.0, -0.038762, 0.818292, 0.573493, 0.3, -0.075482, -0.574681, 0.814888, 0.0, 0.0, 0.0, 0.0, 1.0],
                [0.999634, 0.009767, -0.025327, 0.0, 0.003751, 0.874371, 0.48524, 0.3, 0.026885, -0.485155, 0.874014, -0.0, 0.0, 0.0, 0.0, 1.0],
                [0.992053, 0.013856, -0.125076, -0.0, 0.035981, 0.921192, 0.387437, 0.3, 0.120588, -0.388857, 0.913372, 0.0, 0.0, 0.0, 0.0, 1.0],
                [0.985782, 0.008986, -0.167806, 0.0, 0.047154, 0.943659, 0.327538, 0.3, 0.161296, -0.330793, 0.929816, -0.0, 0.0, 0.0, 0.0, 1.0],
                [0.981784, -0.002992, -0.18999, -0.0, 0.056958, 0.95853, 0.279237, 0.3, 0.181276, -0.284971, 0.941238, 0.0, 0.0, 0.0, 0.0, 1.0],
                [0.978895, -0.021497, -0.203243, 0.0, 0.068553, 0.971376, 0.227433, 0.3, 0.192537, -0.236566, 0.952347, 0.0, 0.0, 0.0, 0.0, 1.0],
                [0.976103, -0.036997, -0.214146, -0.0, 0.077446, 0.979924, 0.183706, 0.3, 0.203051, -0.1959, 0.959371, -0.0, 0.0, 0.0, 0.0, 1.0],
                [0.971877, -0.05173, -0.229749, 0.0, 0.083677, 0.987768, 0.131561, 0.3, 0.220134, -0.147085, 0.964316, -0.0, 0.0, 0.0, 0.0, 1.0],
                [0.967057, -0.06541, -0.246022, 0.0, 0.08484, 0.993987, 0.069211, 0.3, 0.240017, -0.087803, 0.966789, 0.0, 0.0, 0.0, 0.0, 1.0],
                [0.962623, -0.07557, -0.2601, 0.0, 0.082744, 0.996429, 0.016725, 0.3, 0.257909, -0.037622, 0.965436, 0.0, 0.0, 0.0, 0.0, 1.0],
                [0.96056, -0.080115, -0.266292, 0.0, 0.081762, 0.996638, -0.004918, 0.3, 0.265792, -0.017048, 0.963879, -0.0, 0.0, 0.0, 0.0, 1.0],
                [0.960395, -0.079103, -0.267187, -0.0, 0.082022, 0.996629, -0.00024, 0.3, 0.266306, -0.021684, 0.963644, -0.0, 0.0, 0.0, 0.0, 1.0],
                [0.961267, -0.076865, -0.264694, 0.0, 0.082647, 0.996519, 0.010757, 0.3, 0.262948, -0.032217, 0.964272, -0.0, 0.0, 0.0, 0.0, 1.0],
                [0.961267, -0.076865, -0.264694, 0.0, 0.082647, 0.996519, 0.010757, 0.3, 0.262948, -0.032217, 0.964272, -0.0, 0.0, 0.0, 0.0, 1.0]
            ]
        },
        {
            "name": "Head",
            "time": [0.0, 0.0417, 0.0833, 0.125, 0.1667, 0.2083, 0.25, 0.2917, 0.3333, 0.375, 0.4167, 0.4583, 0.5, 0.5417, 0.5833, 0.625, 0.6667, 0.7083, 0.75, 0.7917, 0.8333, 0.875, 0.9167, 0.9583, 1.0, 1.0417, 1.0833, 1.125, 1.1667, 1.2083, 1.25, 1.2916],
            "transform": [
                [0.942615, 0.317764, -0.102473, -0.0, -0.236474, 0.418727, -0.876785, 0.4, -0.235703, 0.850697, 0.469845, 0.0, 0.0, 0.0, 0.0, 1.0],
                [0.836268, 0.54466, 0.063238, 0.0, -0.105665, 0.273245, -0.956127, 0.4, -0.538043, 0.79289, 0.28606, 0.0, 0.0, 0.0, 0.0, 1.0],
                [0.966839, 0.247432, -0.063224, 0.0, -0.155001, 0.371793, -0.915287, 0.4, -0.202964, 0.89473, 0.397819, 0.0, 0.0, 0.0, 0.0, 1.0],
                [0.979948, 0.171703, -0.101083, 0.0, -0.18848, 0.634318, -0.749745, 0.4, -0.064614, 0.753761, 0.653965, 0.0, 0.0, 0.0, 0.0, 1.0],
                [0.980329, 0.170406, -0.099565, -0.0, -0.197326, 0.836788, -0.510732, 0.4, -0.003717, 0.520331, 0.853958, 0.0, 0.0, 0.0, 0.0, 1.0],
                [0.983943, 0.166981, -0.063014, 0.0, -0.177611, 0.950823, -0.253745, 0.4, 0.017545, 0.260862, 0.965218, -0.0, 0.0, 0.0, 0.0, 1.0],
                [0.994722, 0.066314, 0.078279, -0.0, -0.052899, 0.98529, -0.162485, 0.4, -0.087902, 0.157486, 0.983603, 0.0, 0.0, 0.0, 0.0, 1.0],
                [0.9929, -0.073982, 0.093134, -0.0, 0.080447, 0.994457, -0.06768, 0.4, -0.08761, 0.074692, 0.993353, 0.0, 0.0, 0.0, 0.0, 1.0],
                [0.980322, -0.01352, -0.196932, -0.0, 0.097614, 0.90033, 0.424117, 0.4, 0.171569, -0.434994, 0.883938, -0.0, 0.0, 0.0, 0.0, 1.0],
                [0.984236, 0.155449, 0.084341, -0.0, -0.168095, 0.970485, 0.172918, 0.4, -0.054972, -0.184368, 0.981321, -0.0, 0.0, 0.0, 0.0, 1.0],
                [0.796843, 0.377481, 0.471752, 0.0, 0.021644, 0.762466, -0.646665, 0.4, -0.603799, 0.525498, 0.599399, -0.0, 0.0, 0.0, 0.0, 1.0],
                [0.670394, 0.578654, 0.464467, 0.0, 0.18827, 0.472821, -0.860813, 0.4, -0.717724, 0.664523, 0.208035, -0.0, 0.0, 0.0, 0.0, 1.0],
                [0.769168, 0.540905, 0.340295, -0.0, -0.057478, 0.588899, -0.806161, 0.4, -0.636457, 0.60051, 0.484055, 0.0, 0.0, 0.0, 0.0, 1.0],
                [0.881167, 0.407621, 0.23956, 0.0, -0.135819, 0.703548, -0.697548, 0.4, -0.452877, 0.582116, 0.67531, 0.0, 0.0, 0.0, 0.0, 1.0],
                [0.932318, 0.220135, 0.286918, 0.0, -0.0905, 0.910162, -0.404243, 0.4, -0.350129, 0.350916, 0.868487, -0.0, 0.0, 0.0, 0.0, 1.0],
                [0.951794, 0.118638, 0.282863, -0.0, -0.081902, 0.986987, -0.138371, 0.4, -0.295598, 0.108533, 0.949129, 0.0, 0.0, 0.0, 0.0, 1.0],
                [0.982293, 0.16188, 0.094304, 0.0, -0.15066, 0.98176, -0.115953, 0.4, -0.111354, 0.099692, 0.98877, 0.0, 0.0, 0.0, 0.0, 1.0],
                [0.984498, 0.17499, -0.011806, -0.0, -0.17503, 0.975971, -0.129778, 0.4, -0.011188, 0.129832, 0.991475, -0.0, 0.0, 0.0, 0.0, 1.0],
                [0.988917, 0.145677, 0.028597, -0.0, -0.141354, 0.982837, -0.118524, 0.4, -0.045372, 0.113168, 0.992541, 0.0, 0.0, 0.0, 0.0, 1.0],
                [0.986881, 0.111203, 0.117035, -0.0, -0.099051, 0.989527, -0.104987, 0.4, -0.127484, 0.092017, 0.987565, -0.0, 0.0, 0.0, 0.0, 1.0],
                [0.966993, 0.078871, 0.242285, -0.0, -0.059828, 0.994583, -0.084985, 0.4, -0.247675, 0.067685, 0.966478, 0.0, 0.0, 0.0, 0.0, 1.0],
                [0.933549, 0.060276, 0.353344, 0.0, -0.039276, 0.997024, -0.066311, 0.4, -0.356289, 0.048027, 0.933142, 0.0, 0.0, 0.0, 0.0, 1.0],
                [0.8788, 0.046651, 0.474905, -0.0, -0.027148, 0.998484, -0.047847, 0.4, -0.476417, 0.029155, 0.878737, 0.0, 0.0, 0.0, 0.0, 1.0],
                [0.790134, 0.035552, 0.611902, 0.0, -0.024229, 0.999346, -0.026777, 0.4, -0.612455, 0.006332, 0.790481, 0.0, 0.0, 0.0, 0.0, 1.0],
                [0.707982, 0.030571, 0.705569, -0.0, -0.031875, 0.999426, -0.011319, 0.4, -0.705511, -0.014477, 0.708551, -0.0, 0.0, 0.0, 0.0, 1.0],
                [0.637354, 0.029703, 0.769999, -0.0, -0.053161, 0.998569, 0.005482, 0.4, -0.768736, -0.044428, 0.638022, 0.0, 0.0, 0.0, 0.0, 1.0],
                [0.592948, 0.02855, 0.804734, -0.0, -0.092097, 0.995216, 0.032552, 0.4, -0.799958, -0.093415, 0.592741, -0.0, 0.0, 0.0, 0.0, 1.0],
                [0.569078, 0.026061, 0.82187, -0.0, -0.129133, 0.989927, 0.058024, 0.4, -0.812082, -0.13915, 0.566711, 0.0, 0.0, 0.0, 0.0, 1.0],
                [0.551838, 0.023719, 0.833614, -0.0, -0.141432, 0.987776, 0.06552, 0.4, -0.821872, -0.154055, 0.548447, -0.0, 0.0, 0.0, 0.0, 1.0],
