{
    "animation": [
        {
            "name": "Root",
            "time": [0.0, 0.0417, 0.0833, 0.125, 0.1667, 0.2083, 0.25, 0.2917, 0.3333, 0.375, 0.4167, 0.4583, 0.5, 0.5417, 0.5833, 0.625, 0.6667, 0.7083, 0.75, 0.7917, 0.8333, 0.875, 0.9167, 0.9583, 1.0, 1.0417, 1.0833, 1.125, 1.1667, 1.2083, 1.25, 1.2917, 1.3333, 1.375, 1.4167, 1.4583, 1.5, 1.5417, 1.5833, 1.625, 1.6667, 10.4583],
            "transform": [
                [1.0, -0.0, -0.0, 0.027498, -0.0, -0.0, -1.0, 0.517458, 0.0, 1.0, -0.0, 0.381117, 0.0, 0.0, 0.0, 1.0],
                [1.0, -0.0, -0.0, 0.532703, -0.0, -0.0, -1.0, 0.554184, 0.0, 1.0, -0.0, 0.381229, 0.0, 0.0, 0.0, 1.0],
                [1.0, -0.0, -0.0, 0.982971, -0.0, -0.0, -1.0, 0.570005, 0.0, 1.0, -0.0, 0.38201, 0.0, 0.0, 0.0, 1.0],
                [1.0, -0.0, -0.0, 1.361839, -0.0, -0.0, -1.0, 0.578558, 0.0, 1.0, -0.0, 0.38413, 0.0, 0.0, 0.0, 1.0],
                [1.0, -0.0, -0.0, 1.733824, -0.0, -0.0, -1.0, 0.586187, 0.0, 1.0, -0.0, 0.42825, 0.0, 0.0, 0.0, 1.0],
                [1.0, -0.0, -0.0, 2.140906, -0.0, -0.0, -1.0, 0.596415, 0.0, 1.0, -0.0, 0.507031, 0.0, 0.0, 0.0, 1.0],
                [1.0, -0.0, -0.0, 2.475365, -0.0, -0.0, -1.0, 0.605393, 0.0, 1.0, -0.0, 0.549142, 0.0, 0.0, 0.0, 1.0],
                [1.0, -0.0, -0.0, 2.874676, -0.0, -0.0, -1.0, 0.617306, 0.0, 1.0, -0.0, 0.433341, 0.0, 0.0, 0.0, 1.0],
                [1.0, -0.0, -0.0, 3.255626, -0.0, -0.0, -1.0, 0.631083, 0.0, 1.0, -0.0, 0.31754, 0.0, 0.0, 0.0, 1.0],
                [1.0, -0.0, -0.0, 3.626835, -0.0, -0.0, -1.0, 0.636625, 0.0, 1.0, -0.0, 0.353663, 0.0, 0.0, 0.0, 1.0],
                [1.0, -0.0, -0.0, 3.998129, -0.0, -0.0, -1.0, 0.62461, 0.0, 1.0, -0.0, 0.42075, 0.0, 0.0, 0.0, 1.0],
                [1.0, -0.0, -0.0, 4.3357, -0.0, -0.0, -1.0, 0.606947, 0.0, 1.0, -0.0, 0.456874, 0.0, 0.0, 0.0, 1.0],
                [1.0, -0.0, -0.0, 4.625661, -0.0, -0.0, -1.0, 0.593861, 0.0, 1.0, -0.0, 0.455134, 0.0, 0.0, 0.0, 1.0],
                [1.0, -0.0, -0.0, 4.886313, -0.0, -0.0, -1.0, 0.584596, 0.0, 1.0, -0.0, 0.442957, 0.0, 0.0, 0.0, 1.0],
                [1.0, -0.0, -0.0, 5.131258, -0.0, -0.0, -1.0, 0.587325, 0.0, 1.0, -0.0, 0.409905, 0.0, 0.0, 0.0, 1.0],
                [1.0, -0.0, -0.0, 5.353345, -0.0, -0.0, -1.0, 0.615025, 0.0, 1.0, -0.0, 0.313368, 0.0, 0.0, 0.0, 1.0],
                [1.0, -0.0, -0.0, 5.516232, -0.0, -0.0, -1.0, 0.646792, 0.0, 1.0, -0.0, 0.240316, 0.0, 0.0, 0.0, 1.0],
                [1.0, -0.0, -0.0, 5.582004, -0.0, -0.0, -1.0, 0.670843, 0.0, 1.0, -0.0, 0.249015, 0.0, 0.0, 0.0, 1.0],
                [1.0, -0.0, -0.0, 5.617202, -0.0, -0.0, -1.0, 0.687657, 0.0, 1.0, -0.0, 0.268152, 0.0, 0.0, 0.0, 1.0],
                [1.0, -0.0, -0.0, 5.631383, -0.0, -0.0, -1.0, 0.687358, 0.0, 1.0, -0.0, 0.287289, 0.0, 0.0, 0.0, 1.0],
                [1.0, -0.0, -0.0, 5.638556, -0.0, -0.0, -1.0, 0.680174, 0.0, 1.0, -0.0, 0.295988, 0.0, 0.0, 0.0, 1.0],
                [1.0, -0.0, -0.0, 5.643614, -0.0, -0.0, -1.0, 0.667788, 0.0, 1.0, -0.0, 0.292844, 0.0, 0.0, 0.0, 1.0],
                [1.0, -0.0, -0.0, 5.648288, -0.0, -0.0, -1.0, 0.648733, 0.0, 1.0, -0.0, 0.285927, 0.0, 0.0, 0.0, 1.0],
                [1.0, -0.0, -0.0, 5.652962, -0.0, -0.0, -1.0, 0.613908, 0.0, 1.0, -0.0, 0.27901, 0.0, 0.0, 0.0, 1.0],
                [1.0, -0.0, -0.0, 5.662488, -0.0, -0.0, -1.0, 0.567148, 0.0, 1.0, -0.0, 0.275866, 0.0, 0.0, 0.0, 1.0],
                [1.0, -0.0, -0.0, 5.675277, -0.0, -0.0, -1.0, 0.53368, 0.0, 1.0, -0.0, 0.282784, 0.0, 0.0, 0.0, 1.0],
                [1.0, -0.0, -0.0, 5.691178, -0.0, -0.0, -1.0, 0.538579, 0.0, 1.0, -0.0, 0.302152, 0.0, 0.0, 0.0, 1.0],
                [1.0, -0.0, -0.0, 5.711535, -0.0, -0.0, -1.0, 0.570258, 0.0, 1.0, -0.0, 0.331893, 0.0, 0.0, 0.0, 1.0],
                [1.0, -0.0, -0.0, 5.729567, -0.0, -0.0, -1.0, 0.607958, 0.0, 1.0, -0.0, 0.369932, 0.0, 0.0, 0.0, 1.0],
                [1.0, -0.0, -0.0, 5.751726, -0.0, -0.0, -1.0, 0.662407, 0.0, 1.0, -0.0, 0.414192, 0.0, 0.0, 0.0, 1.0],
                [1.0, -0.0, -0.0, 5.77131, -0.0, -0.0, -1.0, 0.716868, 0.0, 1.0, -0.0, 0.462596, 0.0, 0.0, 0.0, 1.0],
                [1.0, -0.0, -0.0, 5.785256, -0.0, -0.0, -1.0, 0.764715, 0.0, 1.0, -0.0, 0.512204, 0.0, 0.0, 0.0, 1.0],
                [1.0, -0.0, -0.0, 5.795034, -0.0, -0.0, -1.0, 0.812357, 0.0, 1.0, -0.0, 0.556623, 0.0, 0.0, 0.0, 1.0],
                [1.0, -0.0, -0.0, 5.800721, -0.0, -0.0, -1.0, 0.860624, 0.0, 1.0, -0.0, 0.588596, 0.0, 0.0, 0.0, 1.0],
                [1.0, -0.0, -0.0, 5.806409, -0.0, -0.0, -1.0, 0.906769, 0.0, 1.0, -0.0, 0.600866, 0.0, 0.0, 0.0, 1.0],
                [1.0, -0.0, -0.0, 5.809698, -0.0, -0.0, -1.0, 0.947437, 0.0, 1.0, -0.0, 0.598509, 0.0, 0.0, 0.0, 1.0],
                [1.0, -0.0, -0.0, 5.812387, -0.0, -0.0, -1.0, 0.97969, 0.0, 1.0, -0.0, 0.592617, 0.0, 0.0, 0.0, 1.0],
                [1.0, -0.0, -0.0, 5.815075, -0.0, -0.0, -1.0, 1.000219, 0.0, 1.0, -0.0, 0.584957, 0.0, 0.0, 0.0, 1.0],
                [1.0, -0.0, -0.0, 5.817763, -0.0, -0.0, -1.0, 1.015701, 0.0, 1.0, -0.0, 0.577296, 0.0, 0.0, 0.0, 1.0],
                [1.0, -0.0, -0.0, 5.819915, -0.0, -0.0, -1.0, 1.028591, 0.0, 1.0, -0.0, 0.571404, 0.0, 0.0, 0.0, 1.0],
                [1.0, -0.0, -0.0, 5.820453, -0.0, -0.0, -1.0, 1.032192, 0.0, 1.0, -0.0, 0.569047, 0.0, 0.0, 0.0, 1.0],
                [1.0, -0.0, -0.0, 5.820453, -0.0, -0.0, -1.0, 1.032192, 0.0, 1.0, -0.0, 0.569047, 0.0, 0.0, 0.0, 1.0]
            ]
        },
        {
            "name": "Thigh_R",
            "time": [0.0, 0.0417, 0.0833, 0.125, 0.1667, 0.2083, 0.25, 0.2917, 0.3333, 0.375, 0.4167, 0.4583, 0.5, 0.5417, 0.5833, 0.625, 0.6667, 0.7083, 0.75, 0.7917, 0.8333, 0.875, 0.9167, 0.9583, 1.0, 1.0417, 1.0833, 1.125, 1.1667, 1.2083, 1.25, 1.2917, 1.3333, 1.375, 1.4167, 1.4583, 1.5, 1.5417, 1.5833, 1.625, 1.6667, 10.4583],
            "transform": [
                [0.798597, -0.571552, 0.188608, 0.154958, -0.513522, -0.483611, 0.708813, -0.009534, -0.313911, -0.66291, -0.679714, -0.019388, 0.0, 0.0, 0.0, 1.0],
                [0.392585, -0.833454, -0.388887, 0.153277, -0.646244, -0.550839, 0.528154, 0.007339, -0.654406, 0.04397, -0.754864, -0.013623, 0.0, 0.0, 0.0, 1.0],
                [-0.404976, -0.831487, -0.380295, 0.151595, -0.484864, -0.157331, 0.860322, 0.024213, -0.77518, 0.532802, -0.339443, -0.007857, 0.0, 0.0, 0.0, 1.0],
                [-0.722205, -0.474976, 0.502811, 0.149914, 0.502867, 0.138572, 0.853184, 0.041086, -0.474918, 0.869021, 0.138772, -0.002092, 0.0, 0.0, 0.0, 1.0],
                [0.121651, -0.11789, 0.985547, 0.148232, 0.992573, 0.012828, -0.120983, 0.057959, 0.001619, 0.992944, 0.118575, 0.003674, 0.0, 0.0, 0.0, 1.0],
                [0.794941, -0.118572, 0.594989, 0.146551, 0.545679, -0.288883, -0.786628, 0.074832, 0.265154, 0.949993, -0.164942, 0.009439, 0.0, 0.0, 0.0, 1.0],
                [0.950803, -0.298073, 0.084431, 0.112279, -0.031728, -0.364791, -0.930549, 0.089006, 0.308172, 0.882089, -0.356301, 0.025743, 0.0, 0.0, 0.0, 1.0],
                [0.633585, -0.333086, -0.698302, 0.078007, -0.769672, -0.179679, -0.612635, 0.103181, 0.078591, 0.925618, -0.370209, 0.042047, 0.0, 0.0, 0.0, 1.0],
                [-0.351794, -0.073623, -0.933178, 0.043735, -0.925526, -0.121915, 0.358526, 0.117355, -0.140164, 0.989807, -0.025251, 0.058352, 0.0, 0.0, 0.0, 1.0],
                [-0.966992, 0.106548, -0.231465, 0.009463, -0.242952, -0.111614, 0.963596, 0.13153, 0.076835, 0.988023, 0.133815, 0.074656, 0.0, 0.0, 0.0, 1.0],
                [-0.896703, 0.181681, 0.403632, -0.024808, 0.37729, -0.163143, 0.911612, 0.145704, 0.231472, 0.969731, 0.077744, 0.09096, 0.0, 0.0, 0.0, 1.0],
                [-0.614481, 0.175314, 0.769207, -0.00746, 0.770219, -0.077797, 0.633019, 0.13216, 0.170819, 0.981434, -0.087225, 0.054695, 0.0, 0.0, 0.0, 1.0],
                [-0.149604, 0.376692, 0.914178, 0.009888, 0.98864, 0.070607, 0.132695, 0.118616, -0.014562, 0.923644, -0.382976, 0.018429, 0.0, 0.0, 0.0, 1.0],
                [0.244902, 0.714967, 0.654863, 0.027237, 0.90424, 0.075271, -0.420341, 0.105072, -0.349823, 0.695094, -0.628067, -0.017836, 0.0, 0.0, 0.0, 1.0],
                [0.340778, 0.939243, 0.041152, 0.044586, 0.628349, -0.194982, -0.753101, 0.091529, -0.699322, 0.282498, -0.656617, -0.054101, 0.0, 0.0, 0.0, 1.0],
                [0.260931, 0.628325, -0.732887, 0.061934, 0.481059, -0.74284, -0.465587, 0.077985, -0.836959, -0.231076, -0.496091, -0.090366, 0.0, 0.0, 0.0, 1.0],
                [0.11999, 0.453501, -0.883142, 0.062861, 0.393808, -0.838331, -0.376985, 0.073816, -0.911329, -0.302553, -0.279183, -0.095865, 0.0, 0.0, 0.0, 1.0],
                [0.160623, 0.454392, -0.876201, 0.063787, 0.328579, -0.86171, -0.386643, 0.069647, -0.930719, -0.225797, -0.287714, -0.101365, 0.0, 0.0, 0.0, 1.0],
                [0.206743, 0.401098, -0.8924, 0.064714, 0.296776, -0.894842, -0.333442, 0.065478, -0.932301, -0.195906, -0.304038, -0.106864, 0.0, 0.0, 0.0, 1.0],
                [0.200472, 0.342986, -0.917699, 0.065641, 0.280517, -0.917591, -0.281667, 0.061309, -0.938682, -0.200963, -0.280164, -0.112363, 0.0, 0.0, 0.0, 1.0],
                [0.17333, 0.278738, -0.944597, 0.066567, 0.28094, -0.933257, -0.22384, 0.05714, -0.943945, -0.226576, -0.24007, -0.117862, 0.0, 0.0, 0.0, 1.0],
                [0.162789, 0.209369, -0.964191, 0.067494, 0.302505, -0.940754, -0.153207, 0.052971, -0.939145, -0.266732, -0.216479, -0.123361, 0.0, 0.0, 0.0, 1.0],
                [0.198397, 0.144621, -0.969393, 0.07886, 0.36057, -0.930463, -0.065019, 0.069308, -0.911389, -0.336634, -0.236747, -0.113744, 0.0, 0.0, 0.0, 1.0],
                [0.318899, 0.094505, -0.943066, 0.090226, 0.443391, -0.894297, 0.060314, 0.085645, -0.837682, -0.43738, -0.327092, -0.104126, 0.0, 0.0, 0.0, 1.0],
                [0.506878, 0.081901, -0.858119, 0.101593, 0.514782, -0.827237, 0.22512, 0.101981, -0.691431, -0.555852, -0.461468, -0.094509, 0.0, 0.0, 0.0, 1.0],
                [0.687026, 0.112926, -0.717806, 0.112958, 0.524893, -0.760241, 0.382782, 0.118318, -0.502479, -0.639752, -0.581578, -0.084892, 0.0, 0.0, 0.0, 1.0],
                [0.815568, 0.173974, -0.551892, 0.119923, 0.481601, -0.732803, 0.480688, 0.117953, -0.320801, -0.657824, -0.681435, -0.073416, 0.0, 0.0, 0.0, 1.0],
                [0.902708, 0.238712, -0.357964, 0.126887, 0.406465, -0.745973, 0.527552, 0.117588, -0.141099, -0.621724, -0.770422, -0.061941, 0.0, 0.0, 0.0, 1.0],
                [0.938838, 0.291627, -0.183139, 0.133851, 0.344124, -0.774637, 0.530582, 0.117223, 0.012866, -0.561152, -0.827613, -0.050466, 0.0, 0.0, 0.0, 1.0],
                [0.938876, 0.342429, 0.035458, 0.140815, 0.279391, -0.818086, 0.502669, 0.116858, 0.201136, -0.462036, -0.863752, -0.03899, 0.0, 0.0, 0.0, 1.0],
                [0.898113, 0.37319, 0.232649, 0.147779, 0.236785, -0.856154, 0.459275, 0.116493, 0.37058, -0.357392, -0.857287, -0.027515, 0.0, 0.0, 0.0, 1.0],
                [0.833938, 0.386555, 0.39386, 0.138129, 0.215776, -0.885274, 0.411985, 0.110176, 0.50793, -0.258583, -0.821671, -0.014242, 0.0, 0.0, 0.0, 1.0],
                [0.756484, 0.385796, 0.528106, 0.12848, 0.208856, -0.907707, 0.363932, 0.10386, 0.61977, -0.16501, -0.767241, -0.00097, 0.0, 0.0, 0.0, 1.0],
                [0.676324, 0.373522, 0.634877, 0.11883, 0.212378, -0.924174, 0.317486, 0.097543, 0.705326, -0.079889, -0.704369, 0.012302, 0.0, 0.0, 0.0, 1.0],
                [0.605776, 0.345603, 0.716656, 0.10918, 0.213936, -0.938313, 0.271661, 0.091227, 0.766335, -0.011247, -0.642344, 0.025574, 0.0, 0.0, 0.0, 1.0],
                [0.54719, 0.318084, 0.774214, 0.099531, 0.222588, -0.946969, 0.231743, 0.08491, 0.806872, 0.045524, -0.588972, 0.038846, 0.0, 0.0, 0.0, 1.0],
                [0.516201, 0.293182, 0.804725, 0.091812, 0.234359, -0.952077, 0.196535, 0.079857, 0.823781, 0.087143, -0.560173, 0.049464, 0.0, 0.0, 0.0, 1.0],
                [0.518519, 0.272873, 0.810358, 0.084092, 0.245766, -0.955283, 0.164419, 0.074804, 0.818988, 0.113904, -0.562395, 0.060082, 0.0, 0.0, 0.0, 1.0],
                [0.528586, 0.253079, 0.810278, 0.076373, 0.255393, -0.957712, 0.132523, 0.06975, 0.809553, 0.136889, -0.570867, 0.0707, 0.0, 0.0, 0.0, 1.0],
                [0.539674, 0.238126, 0.807496, 0.068654, 0.26289, -0.958866, 0.107069, 0.064697, 0.799778, 0.1545, -0.580076, 0.081317, 0.0, 0.0, 0.0, 1.0],
                [0.54301, 0.233705, 0.806551, 0.060934, 0.263867, -0.959327, 0.100327, 0.059644, 0.797194, 0.158343, -0.582591, 0.091935, 0.0, 0.0, 0.0, 1.0],
                [0.54301, 0.233705, 0.806551, 0.060934, 0.263867, -0.959327, 0.100327, 0.059644, 0.797194, 0.158343, -0.582591, 0.091935, 0.0, 0.0, 0.0, 1.0]
            ]
        },
        {
            "name": "Leg_R",
            "time": [0.0, 0.0417, 0.0833, 0.125, 0.1667, 0.2083, 0.25, 0.2917, 0.3333, 0.375, 0.4167, 0.4583, 0.5, 0.5417, 0.5833, 0.625, 0.6667, 0.7083, 0.75, 0.7917, 0.8333, 0.875, 0.9167, 0.9583, 1.0, 1.0417, 1.0833, 1.125, 1.1667, 1.2083, 1.25, 1.2917, 1.3333, 1.375, 1.4167, 1.4583, 1.5, 1.5417, 1.5833, 1.625, 1.6667, 10.4583],
            "transform": [
                [0.999999, -0.0, 0.0, 0.0, -0.0, 0.021651, 0.999765, 0.37472, 0.0, -0.999766, 0.021651, -0.0, 0.0, 0.0, 0.0, 1.0],
                [0.999999, 0.0, 0.0, 0.0, -0.0, 0.958733, 0.284307, 0.37472, -0.0, -0.284307, 0.958733, -0.0, 0.0, 0.0, 0.0, 1.0],
                [0.999999, 0.0, 0.0, 0.0, -0.0, 0.855823, 0.517269, 0.37472, -0.0, -0.51727, 0.855822, 0.0, 0.0, 0.0, 0.0, 1.0],
                [0.999999, -0.0, 0.0, 0.0, -0.0, 0.609795, 0.792559, 0.37472, -0.0, -0.79256, 0.609794, 0.0, 0.0, 0.0, 0.0, 1.0],
                [0.999999, -0.0, 0.0, 0.0, -0.0, 0.225988, 0.97413, 0.37472, -0.0, -0.974131, 0.225988, -0.0, 0.0, 0.0, 0.0, 1.0],
                [0.999999, -0.0, 0.0, -0.0, -0.0, -0.292844, 0.95616, 0.37472, -0.0, -0.956161, -0.292844, -0.0, 0.0, 0.0, 0.0, 1.0],
                [0.999999, -0.0, 0.0, -0.0, -0.0, -0.654967, 0.755658, 0.37472, 0.0, -0.755659, -0.654966, 0.0, 0.0, 0.0, 0.0, 1.0],
                [0.999999, -0.0, 0.0, 0.0, -0.0, -0.83029, 0.557332, 0.37472, 0.0, -0.557333, -0.83029, 0.0, 0.0, 0.0, 0.0, 1.0],
                [0.999999, -0.0, 0.0, 0.0, -0.0, -0.834605, 0.55085, 0.37472, 0.0, -0.550851, -0.834604, -0.0, 0.0, 0.0, 0.0, 1.0],
                [0.999999, -0.0, 0.0, -0.0, -0.0, -0.743187, 0.669084, 0.37472, 0.0, -0.669085, -0.743186, 0.0, 0.0, 0.0, 0.0, 1.0],
                [0.999999, -0.0, 1e-06, -0.0, -0.0, -0.525092, 0.851045, 0.37472, 0.0, -0.851047, -0.52509, 0.0, 0.0, 0.0, 0.0, 1.0],
                [0.999999, 0.0, 0.0, 0.0, -0.0, -0.168485, 0.985703, 0.37472, 0.0, -0.985706, -0.168485, 0.0, 0.0, 0.0, 0.0, 1.0],
                [0.999999, -0.0, 0.0, -0.0, -0.0, 0.242413, 0.970173, 0.37472, -0.0, -0.970174, 0.242413, 0.0, 0.0, 0.0, 0.0, 1.0],
                [0.999999, 0.0, 0.0, 0.0, -0.0, 0.603905, 0.797057, 0.37472, -0.0, -0.797058, 0.603904, 0.0, 0.0, 0.0, 0.0, 1.0],
                [1.0, 0.0, 0.0, 0.0, -0.0, 0.737501, 0.675346, 0.374721, -0.0, -0.675347, 0.7375, -0.0, 0.0, 0.0, 0.0, 1.0],
                [0.999999, 0.0, 0.0, -0.0, -0.0, 0.454851, 0.890567, 0.37472, -0.0, -0.890569, 0.45485, 0.0, 0.0, 0.0, 0.0, 1.0],
                [0.999999, 0.0, 1e-06, -0.0, -0.0, 0.482197, 0.876063, 0.37472, -0.0, -0.876064, 0.482197, 0.0, 0.0, 0.0, 0.0, 1.0],
                [0.999999, 0.0, 0.0, -0.0, -0.0, 0.548528, 0.836132, 0.37472, -0.0, -0.836133, 0.548527, -0.0, 0.0, 0.0, 0.0, 1.0],
                [0.999999, 0.0, 0.0, -0.0, -0.0, 0.572756, 0.819725, 0.37472, -0.0, -0.819726, 0.572756, 0.0, 0.0, 0.0, 0.0, 1.0],
                [0.999999, 0.0, 0.0, 0.0, -0.0, 0.506903, 0.862003, 0.37472, -0.0, -0.862004, 0.506902, 0.0, 0.0, 0.0, 0.0, 1.0],
                [0.999999, 0.0, 0.0, -0.0, -0.0, 0.392443, 0.919776, 0.37472, -0.0, -0.919777, 0.392442, -0.0, 0.0, 0.0, 0.0, 1.0],
                [0.999999, 0.0, 0.0, 0.0, -0.0, 0.269295, 0.963058, 0.37472, -0.0, -0.963059, 0.269295, -1e-06, 0.0, 0.0, 0.0, 1.0],
                [0.999999, -0.0, 0.0, 0.0, -0.0, 0.187244, 0.982313, 0.37472, -0.0, -0.982314, 0.187244, -0.0, 0.0, 0.0, 0.0, 1.0],
                [0.999999, 0.0, 0.0, -0.0, -0.0, 0.151069, 0.988523, 0.37472, -0.0, -0.988524, 0.151069, -1e-06, 0.0, 0.0, 0.0, 1.0],
                [1.0, 0.0, 0.0, -0.0, -0.0, 0.150962, 0.988539, 0.37472, -0.0, -0.98854, 0.150962, 0.0, 0.0, 0.0, 0.0, 1.0],
                [0.999999, 0.0, 0.0, -0.0, -0.0, 0.171224, 0.985232, 0.37472, -0.0, -0.985233, 0.171224, -0.0, 0.0, 0.0, 0.0, 1.0],
                [1.0, 0.0, 0.0, 0.0, -0.0, 0.205129, 0.978734, 0.37472, 0.0, -0.978735, 0.205129, -0.0, 0.0, 0.0, 0.0, 1.0],
                [1.0, 0.0, 0.0, -0.0, -0.0, 0.255424, 0.966829, 0.37472, 0.0, -0.96683, 0.255424, 0.0, 0.0, 0.0, 0.0, 1.0],
                [1.0, 0.0, 0.0, -0.0, -0.0, 0.312406, 0.949948, 0.37472, -0.0, -0.949949, 0.312406, -0.0, 0.0, 0.0, 0.0, 1.0],
                [1.0, 0.0, 0.0, 0.0, -0.0, 0.397041, 0.917801, 0.37472, -0.0, -0.917801, 0.397041, 0.0, 0.0, 0.0, 0.0, 1.0],
                [1.0, -0.0, 0.0, -0.0, -0.0, 0.480418, 0.87704, 0.37472, -0.0, -0.877039, 0.480418, 0.0, 0.0, 0.0, 0.0, 1.0],
                [0.999999, 0.0, 0.0, -0.0, -0.0, 0.565202, 0.824952, 0.37472, -0.0, -0.824952, 0.565203, 0.0, 0.0, 0.0, 0.0, 1.0],
                [1.0, 0.0, 0.0, 0.0, -0.0, 0.653996, 0.756498, 0.37472, -0.0, -0.756497, 0.653996, 0.0, 0.0, 0.0, 0.0, 1.0],
                [1.0, 0.0, 0.0, -0.0, -0.0, 0.738946, 0.673764, 0.37472, -0.0, -0.673764, 0.738946, -0.0, 0.0, 0.0, 0.0, 1.0],
                [1.0, 0.0, 0.0, -0.0, -0.0, 0.811777, 0.583967, 0.37472, -0.0, -0.583967, 0.811777, -1e-06, 0.0, 0.0, 0.0, 1.0],
                [1.0, 0.0, 0.0, 0.0, -0.0, 0.866219, 0.499663, 0.37472, -0.0, -0.499663, 0.86622, 0.0, 0.0, 0.0, 0.0, 1.0],
                [1.0, 0.0, 0.0, 0.0, -0.0, 0.900349, 0.435167, 0.37472, -0.0, -0.435167, 0.90035, 0.0, 0.0, 0.0, 0.0, 1.0],
                [1.0, 0.0, 0.0, -0.0, -0.0, 0.915428, 0.402482, 0.37472, -0.0, -0.402481, 0.915428, -0.0, 0.0, 0.0, 0.0, 1.0],
                [1.0, 0.0, 0.0, -0.0, -0.0, 0.923355, 0.383947, 0.37472, -0.0, -0.383947, 0.923355, 0.0, 0.0, 0.0, 0.0, 1.0],
                [0.999999, 0.0, 0.0, 0.0, -0.0, 0.930105, 0.367293, 0.37472, -0.0, -0.367293, 0.930105, 0.0, 0.0, 0.0, 0.0, 1.0],
                [1.0, 0.0, 0.0, -0.0, -0.0, 0.9322, 0.361941, 0.37472, -0.0, -0.361941, 0.932201, -1e-06, 0.0, 0.0, 0.0, 1.0],
                [1.0, 0.0, 0.0, -0.0, -0.0, 0.9322, 0.361941, 0.37472, -0.0, -0.361941, 0.932201, -1e-06, 0.0, 0.0, 0.0, 1.0]
            ]
        },
        {
            "name": "Knee_R",
            "time": [0.0, 10.4583],
            "transform": [
                [1.0, 0.0, -0.0, 0.0, -0.0, 1e-06, -1.0, 0.37472, -0.0, 1.0, 1e-06, -0.0, 0.0, 0.0, 0.0, 1.0],
                [1.0, 0.0, -0.0, -0.0, -0.0, 1e-06, -1.0, 0.37472, -0.0, 1.0, 1e-06, -1e-06, 0.0, 0.0, 0.0, 1.0]
            ]
        },
        {
            "name": "Thigh_L",
            "time": [0.0, 0.0417, 0.0833, 0.125, 0.1667, 0.2083, 0.25, 0.2917, 0.3333, 0.375, 0.4167, 0.4583, 0.5, 0.5417, 0.5833, 0.625, 0.6667, 0.7083, 0.75, 0.7917, 0.8333, 0.875, 0.9167, 0.9583, 1.0, 1.0417, 1.0833, 1.125, 1.1667, 1.2083, 1.25, 1.2917, 1.3333, 1.375, 1.4167, 1.4583, 1.5, 1.5417, 1.5833, 1.625, 1.6667, 10.4583],
            "transform": [
                [0.611564, -0.690684, 0.385933, -0.073669, -0.551416, -0.022276, 0.833931, 0.106795, -0.567385, -0.722816, -0.394478, 0.138093, 0.0, 0.0, 0.0, 1.0],
                [0.09423, -0.73269, 0.674008, -0.081198, -0.54025, 0.531031, 0.652791, 0.104662, -0.836209, -0.425648, -0.345797, 0.127256, 0.0, 0.0, 0.0, 1.0],
                [-0.577816, 0.193757, 0.792834, -0.099152, 0.407885, 0.909958, 0.074888, 0.097712, -0.706933, 0.366658, -0.604818, 0.099365, 0.0, 0.0, 0.0, 1.0],
                [-0.033958, 0.716796, 0.696458, -0.120581, 0.967352, 0.198686, -0.15732, 0.08512, -0.251142, 0.668381, -0.70014, 0.061349, 0.0, 0.0, 0.0, 1.0],
                [0.727674, 0.491746, 0.478199, -0.138535, 0.675119, -0.390234, -0.626043, 0.066063, -0.121244, 0.7784, -0.61595, 0.020139, 0.0, 0.0, 0.0, 1.0],
                [0.989545, 0.105032, -0.098816, -0.146063, -0.025983, -0.544158, -0.838581, 0.039715, -0.141849, 0.832384, -0.535739, -0.017336, 0.0, 0.0, 0.0, 1.0],
                [0.788933, -0.130014, -0.600565, -0.127778, -0.58965, -0.435183, -0.680387, 0.006334, -0.172895, 0.890907, -0.419993, -0.045568, 0.0, 0.0, 0.0, 1.0],
                [-0.032802, -0.265701, -0.963497, -0.084175, -0.986436, -0.146508, 0.073984, -0.029494, -0.160817, 0.95286, -0.257291, -0.064737, 0.0, 0.0, 0.0, 1.0],
                [-0.912059, -0.016851, -0.409708, -0.032132, -0.392737, 0.323194, 0.860989, -0.062102, 0.117906, 0.946185, -0.30139, -0.076445, 0.0, 0.0, 0.0, 1.0],
                [-0.735937, 0.661764, 0.143058, 0.011471, 0.570276, 0.491995, 0.657818, -0.085823, 0.364935, 0.565697, -0.739466, -0.082295, 0.0, 0.0, 0.0, 1.0],
                [-0.017605, 0.996393, 0.083037, 0.029756, 0.973592, -0.001821, 0.228278, -0.09499, 0.227605, 0.084864, -0.970048, -0.083889, 0.0, 0.0, 0.0, 1.0],
                [0.542971, 0.824453, -0.159567, 0.027909, 0.829708, -0.556003, -0.049427, -0.086986, -0.12947, -0.105557, -0.985948, -0.059298, 0.0, 0.0, 0.0, 1.0],
                [0.62237, 0.376923, -0.68599, 0.023504, 0.404766, -0.90512, -0.130094, -0.06628, -0.669936, -0.196699, -0.715885, -0.000658, 0.0, 0.0, 0.0, 1.0],
                [0.555559, -0.23901, -0.796383, 0.018247, 0.166767, -0.906304, 0.388335, -0.037826, -0.814579, -0.348555, -0.463647, 0.069331, 0.0, 0.0, 0.0, 1.0],
                [0.406593, -0.731504, -0.547343, 0.013842, -0.022101, -0.606802, 0.794545, -0.006582, -0.913339, -0.310961, -0.262888, 0.127971, 0.0, 0.0, 0.0, 1.0],
                [0.250667, -0.96209, -0.107483, 0.011995, -0.139155, -0.145685, 0.979495, 0.022496, -0.958018, -0.230571, -0.170398, 0.152562, 0.0, 0.0, 0.0, 1.0],
                [0.167161, -0.982227, 0.085387, 0.019069, -0.207348, 0.049646, 0.977006, 0.045402, -0.963878, -0.181023, -0.195364, 0.152412, 0.0, 0.0, 0.0, 1.0],
                [0.128115, -0.991476, -0.023797, 0.035938, -0.202641, -0.049659, 0.977992, 0.061928, -0.970834, -0.120474, -0.207276, 0.151863, 0.0, 0.0, 0.0, 1.0],
                [0.105657, -0.981005, -0.162693, 0.056072, -0.192322, -0.18068, 0.964554, 0.072814, -0.975625, -0.070623, -0.207759, 0.150772, 0.0, 0.0, 0.0, 1.0],
                [0.119589, -0.977281, -0.174999, 0.07294, -0.205952, -0.19685, 0.958557, 0.078803, -0.971225, -0.078592, -0.224814, 0.148991, 0.0, 0.0, 0.0, 1.0],
                [0.140527, -0.980769, -0.135455, 0.080015, -0.220917, -0.164426, 0.961331, 0.080634, -0.965113, -0.105169, -0.239775, 0.146376, 0.0, 0.0, 0.0, 1.0],
                [0.166093, -0.982657, -0.082489, 0.069777, -0.245237, -0.122184, 0.961732, 0.077818, -0.955127, -0.139508, -0.261277, 0.142888, 0.0, 0.0, 0.0, 1.0],
                [0.190831, -0.980352, -0.04997, 0.043257, -0.274415, -0.102155, 0.956169, 0.070575, -0.942483, -0.168755, -0.288518, 0.13891, 0.0, 0.0, 0.0, 1.0],
                [0.221339, -0.974377, -0.040018, 0.006739, -0.296449, -0.106322, 0.949111, 0.060708, -0.929043, -0.198214, -0.312387, 0.134935, 0.0, 0.0, 0.0, 1.0],
                [0.25806, -0.964686, -0.052824, -0.033493, -0.312135, -0.134993, 0.940397, 0.050025, -0.914315, -0.226192, -0.335949, 0.131452, 0.0, 0.0, 0.0, 1.0],
                [0.294746, -0.951048, -0.092931, -0.071152, -0.350814, -0.198157, 0.915238, 0.040328, -0.888847, -0.237163, -0.392047, 0.128953, 0.0, 0.0, 0.0, 1.0],
                [0.367746, -0.926646, -0.078054, -0.101134, -0.458597, -0.253736, 0.851648, 0.033052, -0.808979, -0.277396, -0.518268, 0.127591, 0.0, 0.0, 0.0, 1.0],
                [0.57558, -0.793231, 0.19873, -0.12306, -0.624247, -0.269234, 0.733366, 0.02814, -0.528222, -0.54617, -0.650138, 0.126165, 0.0, 0.0, 0.0, 1.0],
                [0.749124, -0.562711, 0.349526, -0.13773, -0.615568, -0.396423, 0.681118, 0.025162, -0.244712, -0.725403, -0.643357, 0.123137, 0.0, 0.0, 0.0, 1.0],
                [0.849565, -0.38521, 0.360346, -0.145945, -0.519546, -0.493061, 0.697826, 0.02369, -0.091136, -0.780069, -0.619021, 0.11697, 0.0, 0.0, 0.0, 1.0],
                [0.905229, -0.261833, 0.334664, -0.148505, -0.424904, -0.551346, 0.717965, 0.023295, -0.003471, -0.792127, -0.610348, 0.106125, 0.0, 0.0, 0.0, 1.0],
                [0.932064, -0.209499, 0.295573, -0.146237, -0.358199, -0.655124, 0.665211, 0.028492, 0.054276, -0.725897, -0.685659, 0.073485, 0.0, 0.0, 0.0, 1.0],
                [0.947258, -0.137124, 0.289649, -0.140095, -0.295561, -0.723164, 0.624242, 0.040885, 0.123865, -0.67693, -0.725551, 0.015459, 0.0, 0.0, 0.0, 1.0],
                [0.937047, -0.072505, 0.341588, -0.131069, -0.260843, -0.795693, 0.546658, 0.055677, 0.232163, -0.601348, -0.764514, -0.049203, 0.0, 0.0, 0.0, 1.0],
                [0.897009, -0.041367, 0.440068, -0.120149, -0.249553, -0.869148, 0.426974, 0.068071, 0.364821, -0.492823, -0.789956, -0.10175, 0.0, 0.0, 0.0, 1.0],
                [0.845298, -0.029143, 0.533496, -0.108326, -0.245461, -0.908084, 0.339317, 0.073268, 0.474569, -0.417778, -0.774755, -0.123432, 0.0, 0.0, 0.0, 1.0],
                [0.824633, -0.050423, 0.563413, -0.09658, -0.237167, -0.935068, 0.263445, 0.070703, 0.513544, -0.35087, -0.783046, -0.118305, 0.0, 0.0, 0.0, 1.0],
                [0.839281, -0.055204, 0.540884, -0.08584, -0.231815, -0.936209, 0.264154, 0.064587, 0.491797, -0.347086, -0.79854, -0.106079, 0.0, 0.0, 0.0, 1.0],
                [0.864571, -0.043842, 0.50059, -0.07703, -0.221998, -0.927027, 0.302226, 0.057288, 0.450809, -0.372428, -0.811213, -0.091487, 0.0, 0.0, 0.0, 1.0],
                [0.887987, -0.043756, 0.457777, -0.071068, -0.214025, -0.920405, 0.327187, 0.051172, 0.407023, -0.388516, -0.826672, -0.07926, 0.0, 0.0, 0.0, 1.0],
                [0.893783, -0.045094, 0.446222, -0.068877, -0.211298, -0.919936, 0.330265, 0.048607, 0.395601, -0.389473, -0.831751, -0.074133, 0.0, 0.0, 0.0, 1.0],
                [0.893783, -0.045094, 0.446222, -0.068877, -0.211298, -0.919936, 0.330265, 0.048607, 0.395601, -0.389473, -0.831751, -0.074133, 0.0, 0.0, 0.0, 1.0]
            ]
        },
        {
            "name": "Leg_L",
            "time": [0.0, 0.0417, 0.0833, 0.125, 0.1667, 0.2083, 0.25, 0.2917, 0.3333, 0.375, 0.4167, 0.4583, 0.5, 0.5417, 0.5833, 0.625, 0.6667, 0.7083, 0.75, 0.7917, 0.8333, 0.875, 0.9167, 0.9583, 1.0, 1.0417, 1.0833, 1.125, 1.1667, 1.2083, 1.25, 1.2917, 1.3333, 1.375, 1.4167, 1.4583, 1.5, 1.5417, 1.5833, 1.625, 1.6667, 10.4583],
            "transform": [
                [0.999998, -2e-06, 0.0, 0.0, -0.0, 0.012168, 0.999926, 0.37472, -2e-06, -0.999928, 0.012168, 0.0, 0.0, 0.0, 0.0, 1.0],
                [0.999998, -2e-06, -0.0, 0.0, -0.0, -0.402543, 0.915401, 0.37472, -2e-06, -0.915402, -0.402543, -0.0, 0.0, 0.0, 0.0, 1.0],
                [0.999998, -2e-06, -0.0, 0.0, -1e-06, -0.349554, 0.936917, 0.37472, -2e-06, -0.936918, -0.349554, 0.0, 0.0, 0.0, 0.0, 1.0],
                [0.999997, -2e-06, 1e-06, 0.0, -0.0, 0.140874, 0.990028, 0.37472, -2e-06, -0.990029, 0.140874, -0.0, 0.0, 0.0, 0.0, 1.0],
                [0.999998, -1e-06, 1e-06, 0.0, -0.0, 0.587963, 0.808889, 0.37472, -1e-06, -0.808889, 0.587964, 0.0, 0.0, 0.0, 0.0, 1.0],
                [0.999997, -1e-06, 1e-06, -0.0, -0.0, 0.729797, 0.683665, 0.37472, -1e-06, -0.683663, 0.729799, -0.0, 0.0, 0.0, 0.0, 1.0],
                [0.999997, -0.0, 1e-06, 0.0, -1e-06, 0.749088, 0.662472, 0.37472, -1e-06, -0.66247, 0.74909, 0.0, 0.0, 0.0, 0.0, 1.0],
                [0.999998, -1e-06, 1e-06, -0.0, -0.0, 0.722358, 0.69152, 0.37472, -1e-06, -0.691519, 0.722359, -0.0, 0.0, 0.0, 0.0, 1.0],
                [0.999998, -1e-06, 1e-06, -0.0, -0.0, 0.619791, 0.784768, 0.37472, -1e-06, -0.784767, 0.619792, 0.0, 0.0, 0.0, 0.0, 1.0],
                [0.999998, -1e-06, 1e-06, 0.0, -0.0, 0.55785, 0.829943, 0.37472, -2e-06, -0.829942, 0.557851, -0.0, 0.0, 0.0, 0.0, 1.0],
                [0.999998, -1e-06, 1e-06, -0.0, -0.0, 0.652652, 0.757659, 0.37472, -1e-06, -0.757658, 0.652652, -0.0, 0.0, 0.0, 0.0, 1.0],
                [0.999998, -1e-06, 1e-06, 0.0, -0.0, 0.792971, 0.609261, 0.37472, -1e-06, -0.60926, 0.792972, -0.0, 0.0, 0.0, 0.0, 1.0],
                [0.999997, -0.0, 1e-06, 0.0, -0.0, 0.800315, 0.599581, 0.37472, -1e-06, -0.59958, 0.800316, 0.0, 0.0, 0.0, 0.0, 1.0],
                [0.999998, -1e-06, 1e-06, 0.0, -0.0, 0.315862, 0.948805, 0.37472, -2e-06, -0.948807, 0.315862, -0.0, 0.0, 0.0, 0.0, 1.0],
                [0.999998, -2e-06, 0.0, 0.0, -0.0, -0.010896, 0.99994, 0.37472, -2e-06, -0.999942, -0.010896, 0.0, 0.0, 0.0, 0.0, 1.0],
                [0.999998, -2e-06, 0.0, 0.0, -0.0, -0.117586, 0.993062, 0.374721, -2e-06, -0.993065, -0.117586, 0.0, 0.0, 0.0, 0.0, 1.0],
                [0.999998, -2e-06, 0.0, -0.0, -0.0, 0.07631, 0.997084, 0.37472, -2e-06, -0.997086, 0.07631, -0.0, 0.0, 0.0, 0.0, 1.0],
                [0.999998, -1e-06, 1e-06, 0.0, -0.0, 0.340159, 0.940368, 0.374719, -2e-06, -0.940369, 0.340159, 0.0, 0.0, 0.0, 0.0, 1.0],
                [0.999998, -1e-06, 1e-06, -0.0, -0.0, 0.549025, 0.835807, 0.37472, -2e-06, -0.835808, 0.549024, 0.0, 0.0, 0.0, 0.0, 1.0],
                [0.999998, -1e-06, 1e-06, -0.0, -0.0, 0.58825, 0.80868, 0.374721, -2e-06, -0.808681, 0.58825, 0.0, 0.0, 0.0, 0.0, 1.0],
                [0.999997, -1e-06, 1e-06, 0.0, -0.0, 0.547454, 0.836836, 0.374719, -2e-06, -0.836837, 0.547454, 0.0, 0.0, 0.0, 0.0, 1.0],
                [0.999998, -1e-06, 1e-06, -0.0, -0.0, 0.488966, 0.872303, 0.374721, -2e-06, -0.872305, 0.488966, 0.0, 0.0, 0.0, 0.0, 1.0],
                [0.999998, -1e-06, 1e-06, 0.0, -0.0, 0.463434, 0.886132, 0.37472, -2e-06, -0.886133, 0.463434, 0.0, 0.0, 0.0, 0.0, 1.0],
                [0.999998, -1e-06, 1e-06, 0.0, -0.0, 0.474126, 0.880457, 0.37472, -2e-06, -0.880458, 0.474126, 0.0, 0.0, 0.0, 0.0, 1.0],
                [0.999997, -1e-06, 1e-06, 0.0, -0.0, 0.515569, 0.856849, 0.37472, -2e-06, -0.856849, 0.515569, -0.0, 0.0, 0.0, 0.0, 1.0],
                [0.999997, -1e-06, 1e-06, 0.0, -0.0, 0.598524, 0.801106, 0.374719, -2e-06, -0.801106, 0.598524, -0.0, 0.0, 0.0, 0.0, 1.0],
                [0.999997, -1e-06, 1e-06, 0.0, -0.0, 0.610016, 0.79239, 0.374719, -2e-06, -0.79239, 0.610016, 0.0, 0.0, 0.0, 0.0, 1.0],
                [0.999997, -2e-06, 1e-06, -0.0, -0.0, 0.209043, 0.977907, 0.37472, -2e-06, -0.977908, 0.209042, -0.0, 0.0, 0.0, 0.0, 1.0],
                [0.999997, -2e-06, 0.0, 0.0, -1e-06, -0.058494, 0.998288, 0.37472, -2e-06, -0.998289, -0.058494, 0.0, 0.0, 0.0, 0.0, 1.0],
                [0.999997, -2e-06, 0.0, -0.0, -0.0, -0.078446, 0.996919, 0.37472, -2e-06, -0.99692, -0.078446, 0.0, 0.0, 0.0, 0.0, 1.0],
                [0.999997, -2e-06, 0.0, 0.0, -0.0, 0.012219, 0.999925, 0.37472, -2e-06, -0.999927, 0.012219, -0.0, 0.0, 0.0, 0.0, 1.0],
                [0.999998, -2e-06, 1e-06, -0.0, -0.0, 0.260644, 0.965435, 0.37472, -2e-06, -0.965437, 0.260643, 0.0, 0.0, 0.0, 0.0, 1.0],
                [0.999997, -1e-06, 1e-06, 0.0, -0.0, 0.492162, 0.870504, 0.37472, -2e-06, -0.870504, 0.492162, 0.0, 0.0, 0.0, 0.0, 1.0],
                [0.999997, -1e-06, 1e-06, 0.0, -0.0, 0.696977, 0.717094, 0.37472, -2e-06, -0.717093, 0.696978, -0.0, 0.0, 0.0, 0.0, 1.0],
                [0.999997, -0.0, 2e-06, 0.0, -0.0, 0.842749, 0.538308, 0.37472, -1e-06, -0.538306, 0.842751, -0.0, 0.0, 0.0, 0.0, 1.0],
                [0.999997, -0.0, 1e-06, -0.0, -0.0, 0.890341, 0.455294, 0.37472, -1e-06, -0.455292, 0.890344, 0.0, 0.0, 0.0, 0.0, 1.0],
                [0.999997, -0.0, 2e-06, 0.0, -0.0, 0.920362, 0.391067, 0.37472, -1e-06, -0.391066, 0.920365, -0.0, 0.0, 0.0, 0.0, 1.0],
                [0.999997, -0.0, 1e-06, 0.0, -0.0, 0.913368, 0.407134, 0.37472, -1e-06, -0.407133, 0.913371, 1e-06, 0.0, 0.0, 0.0, 1.0],
                [0.999997, -0.0, 2e-06, 0.0, -0.0, 0.885485, 0.464669, 0.37472, -1e-06, -0.464668, 0.885487, 0.0, 0.0, 0.0, 0.0, 1.0],
                [0.999998, -0.0, 2e-06, -0.0, -0.0, 0.865731, 0.50051, 0.37472, -1e-06, -0.500509, 0.865733, 0.0, 0.0, 0.0, 0.0, 1.0],
                [0.999998, -0.0, 1e-06, 0.0, -0.0, 0.862454, 0.506135, 0.37472, -1e-06, -0.506134, 0.862456, -0.0, 0.0, 0.0, 0.0, 1.0],
                [0.999998, -0.0, 1e-06, 0.0, -0.0, 0.862454, 0.506135, 0.37472, -1e-06, -0.506134, 0.862456, -0.0, 0.0, 0.0, 0.0, 1.0]
            ]
        },
        {
            "name": "Knee_L",
            "time": [0.0, 10.4583],
            "transform": [
                [1.0, 0.0, -0.0, 0.0, -0.0, 1e-06, -1.0, 0.37472, -0.0, 1.0, 1e-06, 0.0, 0.0, 0.0, 0.0, 1.0],
                [1.0, 0.0, -0.0, 0.0, -0.0, 1e-06, -1.0, 0.37472, -0.0, 1.0, 1e-06, -0.0, 0.0, 0.0, 0.0, 1.0]
            ]
        },
        {
            "name": "Torso",
            "time": [0.0, 0.0417, 0.0833, 0.125, 0.1667, 0.2083, 0.25, 0.2917, 0.3333, 0.375, 0.4167, 0.4583, 0.5, 0.5417, 0.5833, 0.625, 0.6667, 0.7083, 0.75, 0.7917, 0.8333, 0.875, 0.9167, 0.9583, 1.0, 1.0417, 1.0833, 1.125, 1.1667, 1.2083, 1.25, 1.2917, 1.3333, 1.375, 1.4167, 1.4583, 1.5, 1.5417, 1.5833, 1.625, 1.6667, 10.4583],
            "transform": [
                [0.709894, 0.537238, 0.455441, 0.0, -0.634238, 0.768811, 0.081689, 0.05, -0.306262, -0.346847, 0.88651, -0.0, 0.0, 0.0, 0.0, 1.0],
                [0.047238, 0.781712, 0.621848, 0.0, -0.68412, 0.478935, -0.550093, 0.05, -0.72784, -0.399432, 0.557408, -0.0, 0.0, 0.0, 0.0, 1.0],
                [-0.782422, 0.622607, -0.013365, 0.0, 0.139836, 0.154735, -0.97801, 0.05, -0.606849, -0.767083, -0.20813, -0.0, 0.0, 0.0, 0.0, 1.0],
                [-0.292301, 0.365147, -0.883871, 0.0, 0.951432, 0.017633, -0.307358, 0.05, -0.096645, -0.930782, -0.352566, -0.0, 0.0, 0.0, 0.0, 1.0],
                [0.611293, 0.159752, -0.775114, 0.0, 0.783106, 0.019378, 0.621588, 0.05, 0.11432, -0.986966, -0.113257, -0.0, 0.0, 0.0, 0.0, 1.0],
                [0.966455, 0.083527, -0.242879, 0.0, 0.237179, 0.072633, 0.968747, 0.05, 0.098558, -0.993854, 0.050386, -0.0, 0.0, 0.0, 0.0, 1.0],
                [0.982333, 0.039749, 0.182881, 0.0, -0.184814, 0.052064, 0.981393, 0.05, 0.029487, -0.997852, 0.05849, -0.0, 0.0, 0.0, 0.0, 1.0],
                [0.636104, -0.162769, 0.754241, 0.0, -0.761927, 0.021835, 0.647296, 0.05, -0.121829, -0.986421, -0.110128, -0.0, 0.0, 0.0, 0.0, 1.0],
                [-0.175132, -0.470547, 0.86482, -0.0, -0.977645, 0.186939, -0.096266, 0.05, -0.116371, -0.862344, -0.492767, 0.0, 0.0, 0.0, 0.0, 1.0],
                [-0.83913, -0.50095, 0.211926, -0.0, -0.4525, 0.426699, -0.783054, 0.05, 0.301843, -0.752978, -0.584735, -0.0, 0.0, 0.0, 0.0, 1.0],
                [-0.576421, -0.371578, -0.727784, 0.0, 0.63444, 0.357808, -0.685172, 0.05, 0.515004, -0.856679, 0.029496, -0.0, 0.0, 0.0, 0.0, 1.0],
                [0.206865, -0.536221, -0.818336, 0.0, 0.977629, 0.145877, 0.151544, 0.05, 0.038116, -0.831375, 0.554402, -0.0, 0.0, 0.0, 0.0, 1.0],
                [0.493118, -0.724107, -0.482185, 0.0, 0.808793, 0.177417, 0.560696, 0.05, -0.320457, -0.666475, 0.67314, -0.0, 0.0, 0.0, 0.0, 1.0],
                [0.518724, -0.841395, -0.151591, 0.0, 0.676359, 0.295411, 0.674739, 0.05, -0.522941, -0.452532, 0.722321, -0.0, 0.0, 0.0, 0.0, 1.0],
                [0.496681, -0.842119, 0.210101, 0.0, 0.487378, 0.47091, 0.735328, 0.05, -0.718174, -0.262824, 0.644322, -0.0, 0.0, 0.0, 0.0, 1.0],
                [0.422953, -0.681298, 0.597447, -0.0, 0.157835, 0.704634, 0.691794, 0.05, -0.892301, -0.198298, 0.405559, 0.0, 0.0, 0.0, 0.0, 1.0],
                [0.285494, -0.515292, 0.808064, -0.0, -0.057297, 0.832469, 0.5511, 0.05, -0.956668, -0.203634, 0.208141, -0.0, 0.0, 0.0, 0.0, 1.0],
                [0.237215, -0.493657, 0.836679, -0.0, -0.057396, 0.852634, 0.519345, 0.05, -0.969762, -0.171218, 0.173924, -0.0, 0.0, 0.0, 0.0, 1.0],
                [0.23959, -0.503905, 0.829865, -0.0, -0.01241, 0.8531, 0.521598, 0.05, -0.970797, -0.135268, 0.19814, -0.0, 0.0, 0.0, 0.0, 1.0],
                [0.275189, -0.48739, 0.828687, -0.0, -0.007113, 0.86091, 0.508705, 0.05, -0.961366, -0.145884, 0.233446, -0.0, 0.0, 0.0, 0.0, 1.0],
                [0.325357, -0.4675, 0.821941, -0.0, -0.006674, 0.868076, 0.496384, 0.05, -0.945569, -0.166987, 0.279315, -0.0, 0.0, 0.0, 0.0, 1.0],
                [0.394837, -0.442671, 0.805076, -0.0, -0.003051, 0.875633, 0.482965, 0.05, -0.918748, -0.193148, 0.344381, -0.0, 0.0, 0.0, 0.0, 1.0],
                [0.48288, -0.417857, 0.769561, -0.0, 0.033009, 0.886868, 0.460841, 0.05, -0.875066, -0.197128, 0.442044, -0.0, 0.0, 0.0, 0.0, 1.0],
                [0.594851, -0.397895, 0.69845, -0.0, 0.116998, 0.902498, 0.414496, 0.05, -0.795278, -0.164846, 0.583405, -0.0, 0.0, 0.0, 0.0, 1.0],
                [0.715312, -0.388728, 0.580707, -0.0, 0.227403, 0.915253, 0.332563, 0.05, -0.660773, -0.105832, 0.743089, -0.0, 0.0, 0.0, 0.0, 1.0],
                [0.809843, -0.384711, 0.442893, -0.0, 0.306972, 0.921242, 0.238916, 0.05, -0.499926, -0.057528, 0.864156, -0.0, 0.0, 0.0, 0.0, 1.0],
                [0.871307, -0.366463, 0.326392, -0.0, 0.322573, 0.928911, 0.181848, 0.05, -0.369831, -0.05316, 0.927578, -0.0, 0.0, 0.0, 0.0, 1.0],
                [0.914491, -0.331683, 0.231723, -0.0, 0.299398, 0.939951, 0.163862, 0.05, -0.272159, -0.080473, 0.958882, -0.0, 0.0, 0.0, 0.0, 1.0],
                [0.941527, -0.293603, 0.165305, -0.0, 0.266589, 0.949156, 0.167426, 0.05, -0.206057, -0.113567, 0.971928, -0.0, 0.0, 0.0, 0.0, 1.0],
                [0.967638, -0.238355, 0.082858, -0.0, 0.221127, 0.959109, 0.176666, 0.05, -0.121579, -0.152626, 0.980777, 0.0, 0.0, 0.0, 0.0, 1.0],
                [0.983221, -0.182076, -0.011291, -0.0, 0.181122, 0.966929, 0.179558, 0.05, -0.021776, -0.178589, 0.983683, 0.0, 0.0, 0.0, 0.0, 1.0],
                [0.981596, -0.133175, -0.136879, 0.0, 0.154313, 0.975363, 0.157648, 0.05, 0.112512, -0.175869, 0.977963, 0.0, 0.0, 0.0, 0.0, 1.0],
                [0.950552, -0.090337, -0.297141, 0.0, 0.128923, 0.985205, 0.112901, 0.05, 0.282546, -0.145626, 0.948136, 0.0, 0.0, 0.0, 0.0, 1.0],
                [0.881597, -0.059152, -0.468283, 0.0, 0.097026, 0.993638, 0.05715, 0.05, 0.461925, -0.095819, 0.881728, 0.0, 0.0, 0.0, 0.0, 1.0],
                [0.785518, -0.043092, -0.617338, -0.0, 0.058361, 0.998284, 0.004577, 0.05, 0.616083, -0.039624, 0.786685, 0.0, 0.0, 0.0, 0.0, 1.0],
                [0.692721, -0.039409, -0.720129, -0.0, 0.021095, 0.999185, -0.034388, 0.05, 0.720898, 0.00863, 0.692988, 0.0, 0.0, 0.0, 0.0, 1.0],
                [0.642956, -0.041512, -0.764778, -0.0, -0.002909, 0.998389, -0.056638, 0.05, 0.765899, 0.038641, 0.6418, 0.0, 0.0, 0.0, 0.0, 1.0],
                [0.650935, -0.049023, -0.75755, -0.0, -0.005421, 0.997586, -0.069215, 0.05, 0.759115, 0.04916, 0.649099, -0.0, 0.0, 0.0, 0.0, 1.0],
                [0.675362, -0.058394, -0.735172, -0.0, 0.00114, 0.996941, -0.078139, 0.05, 0.737487, 0.051934, 0.673363, -0.0, 0.0, 0.0, 0.0, 1.0],
                [0.696544, -0.065622, -0.714508, -0.0, 0.006121, 0.996315, -0.085537, 0.05, 0.71749, 0.055207, 0.694379, -0.0, 0.0, 0.0, 0.0, 1.0],
                [0.701278, -0.066638, -0.709767, -0.0, 0.006142, 0.996148, -0.087457, 0.05, 0.712863, 0.056973, 0.698987, -0.0, 0.0, 0.0, 0.0, 1.0],
                [0.701278, -0.066638, -0.709767, -0.0, 0.006142, 0.996148, -0.087457, 0.05, 0.712863, 0.056973, 0.698987, -0.0, 0.0, 0.0, 0.0, 1.0]
            ]
        },
        {
            "name": "Chest",
            "time": [0.0, 0.0417, 0.0833, 0.125, 0.1667, 0.2083, 0.25, 0.2917, 0.3333, 0.375, 0.4167, 0.4583, 0.5, 0.5417, 0.5833, 0.625, 0.6667, 0.7083, 0.75, 0.7917, 0.8333, 0.875, 0.9167, 0.9583, 1.0, 1.0417, 1.0833, 1.125, 1.1667, 1.2083, 1.25, 1.2917, 1.3333, 1.375, 1.4167, 1.4583, 1.5, 1.5417, 1.5833, 1.625, 1.6667, 10.4583],
            "transform": [
                [0.758928, -0.125863, 0.638897, 0.0, -0.105782, 0.94428, 0.311678, 0.3, -0.64253, -0.304125, 0.703324, -0.0, 0.0, 0.0, 0.0, 1.0],
