{
    "animation": [
        {
            "name": "Root",
            "time": [0.0, 0.0333, 0.0667, 0.1, 0.1333, 0.1667, 0.2, 0.2333, 0.2667, 0.3, 0.3333, 0.3667, 0.4, 0.4333, 0.4667, 0.5, 0.5667, 0.8333, 1.3667],
            "transform": [
                [1.0, 0.000135, 0.0, -0.556325, -0.0, 0.003905, -0.999992, 0.272513, -0.000135, 0.999992, 0.003905, 0.507831, 0.0, 0.0, 0.0, 1.0],
                [1.0, 0.0006, 1e-06, -0.566604, -1e-06, 0.003861, -0.999993, 0.148502, -0.0006, 0.999992, 0.003861, 0.399827, 0.0, 0.0, 0.0, 1.0],
                [0.999998, -0.000106, 0.001763, -0.563043, 0.001763, 0.003891, -0.999991, -0.15501, 9.9e-05, 0.999993, 0.003891, 0.415522, 0.0, 0.0, 0.0, 1.0],
                [0.999994, -0.001113, 0.003146, -0.550362, 0.00315, 0.003744, -0.999988, -0.555224, 0.001101, 0.999992, 0.003747, 0.481705, 0.0, 0.0, 0.0, 1.0],
                [0.999994, -0.001267, 0.003077, -0.537414, 0.003081, 0.003697, -0.999988, -1.004408, 0.001256, 0.999992, 0.0037, 0.491296, 0.0, 0.0, 0.0, 1.0],
                [0.999994, -0.000677, 0.00339, -0.522076, 0.003393, 0.003841, -0.999987, -1.384629, 0.000664, 0.999992, 0.003843, 0.439217, 0.0, 0.0, 0.0, 1.0],
                [1.0, 0.000249, 1e-06, -0.522362, -0.0, 0.003894, -0.999992, -1.738041, -0.000249, 0.999992, 0.003894, 0.325232, 0.0, 0.0, 0.0, 1.0],
                [0.999999, 0.001139, 2e-06, -0.568666, -2e-06, 0.003731, -0.999993, -1.995381, -0.001139, 0.999992, 0.003731, 0.252392, 0.0, 0.0, 0.0, 1.0],
                [0.999998, 0.001805, 3e-06, -0.615745, -4e-06, 0.003464, -0.999994, -2.161572, -0.001805, 0.999992, 0.003464, 0.237116, 0.0, 0.0, 0.0, 1.0],
                [0.999998, 0.002071, 3e-06, -0.627354, -3e-06, 0.003314, -0.999994, -2.247309, -0.002071, 0.999992, 0.003314, 0.277404, 0.0, 0.0, 0.0, 1.0],
                [0.999998, 0.00207, 3e-06, -0.62345, -4e-06, 0.003315, -0.999995, -2.309934, -0.00207, 0.999992, 0.003315, 0.314729, 0.0, 0.0, 0.0, 1.0],
                [0.999998, 0.001926, 3e-06, -0.611606, -3e-06, 0.003401, -0.999994, -2.363213, -0.001926, 0.999992, 0.003401, 0.323398, 0.0, 0.0, 0.0, 1.0],
                [0.999998, 0.00175, 3e-06, -0.594579, -3e-06, 0.003494, -0.999994, -2.418428, -0.00175, 0.999992, 0.003494, 0.339135, 0.0, 0.0, 0.0, 1.0],
                [0.999999, 0.001545, 3e-06, -0.574301, -3e-06, 0.003591, -0.999994, -2.474162, -0.001545, 0.999992, 0.003591, 0.356526, 0.0, 0.0, 0.0, 1.0],
                [0.999999, 0.001324, 2e-06, -0.554878, -2e-06, 0.003677, -0.999993, -2.528409, -0.001324, 0.999992, 0.003677, 0.373564, 0.0, 0.0, 0.0, 1.0],
                [0.999999, 0.00108, 2e-06, -0.537994, -2e-06, 0.003756, -0.999993, -2.583682, -0.00108, 0.999992, 0.003756, 0.37146, 0.0, 0.0, 0.0, 1.0],
                [1.0, 0.000822, 2e-06, -0.526649, -1e-06, 0.00382, -0.999993, -2.629894, -0.000822, 0.999992, 0.00382, 0.383667, 0.0, 0.0, 0.0, 1.0],
                [1.0, -0.0, -0.0, -0.526649, -0.0, -0.0, -1.0, -2.629894, 0.0, 1.0, -0.0, 0.601542, 0.0, 0.0, 0.0, 1.0],
                [1.0, -0.0, -0.0, -0.526649, -0.0, -0.0, -1.0, -2.629894, 0.0, 1.0, -0.0, 0.601542, 0.0, 0.0, 0.0, 1.0]
            ]
        },
        {
            "name": "Thigh_R",
            "time": [0.0, 0.0333, 0.0667, 0.1, 0.1333, 0.1667, 0.2, 0.2333, 0.2667, 0.3, 0.3333, 0.3667, 0.4, 0.4333, 0.4667, 0.5, 0.5667, 0.6667, 0.8333, 1.3667],
            "transform": [
                [0.896046, 0.389858, 0.212391, 0.119834, 0.233584, -0.820831, 0.521227, 0.131701, 0.37754, -0.417434, -0.826566, 0.048859, 0.0, 0.0, 0.0, 1.0],
                [0.90125, 0.391641, 0.185374, 0.116701, 0.12136, -0.638858, 0.759692, 0.09803, 0.415954, -0.662178, -0.6233, 0.059933, 0.0, 0.0, 0.0, 1.0],
                [0.970761, 0.232193, 0.060887, 0.113568, -0.028156, -0.141753, 0.989501, 0.064359, 0.238386, -0.962286, -0.13107, 0.071007, 0.0, 0.0, 0.0, 1.0],
                [0.990309, 0.128822, 0.051859, 0.110434, -0.009344, -0.310777, 0.950436, 0.030688, 0.138553, -0.941715, -0.306562, 0.082081, 0.0, 0.0, 0.0, 1.0],
                [0.989125, 0.058485, 0.134932, 0.129916, -0.099149, -0.41243, 0.905577, 0.043168, 0.108612, -0.909112, -0.402146, 0.152173, 0.0, 0.0, 0.0, 1.0],
                [0.920736, 0.035517, 0.388563, 0.149398, -0.357801, -0.320352, 0.877127, 0.055648, 0.15563, -0.946635, -0.282252, 0.222265, 0.0, 0.0, 0.0, 1.0],
                [0.850688, 0.345087, 0.396539, 0.132696, -0.26289, -0.373956, 0.889407, 0.055601, 0.45521, -0.860856, -0.2274, 0.200681, 0.0, 0.0, 0.0, 1.0],
                [0.435889, 0.839105, 0.32543, 0.115994, -0.097165, -0.3156, 0.943904, 0.055553, 0.894738, -0.443059, -0.056036, 0.179096, 0.0, 0.0, 0.0, 1.0],
                [-0.00504, 0.96014, 0.279481, 0.099292, 0.438599, -0.249045, 0.863484, 0.055505, 0.898665, 0.126934, -0.419862, 0.157511, 0.0, 0.0, 0.0, 1.0],
                [-0.043792, 0.881678, 0.469818, 0.082591, 0.685421, -0.315618, 0.656187, 0.055457, 0.726826, 0.35076, -0.590499, 0.135926, 0.0, 0.0, 0.0, 1.0],
                [-0.028402, 0.894592, 0.445983, 0.065889, 0.567527, -0.352849, 0.743915, 0.055409, 0.822862, 0.274238, -0.497683, 0.114341, 0.0, 0.0, 0.0, 1.0],
                [0.022871, 0.884233, 0.466489, 0.064968, 0.485803, -0.417647, 0.767832, 0.072983, 0.873767, 0.209061, -0.439115, 0.104864, 0.0, 0.0, 0.0, 1.0],
                [0.079665, 0.856598, 0.509799, 0.064047, 0.393564, -0.496906, 0.773429, 0.090557, 0.915837, 0.139024, -0.376712, 0.095386, 0.0, 0.0, 0.0, 1.0],
                [0.16152, 0.808371, 0.566083, 0.07582, 0.3035, -0.586505, 0.750932, 0.090536, 0.939039, 0.050516, -0.340073, 0.093405, 0.0, 0.0, 0.0, 1.0],
                [0.278975, 0.739826, 0.612235, 0.087593, 0.225353, -0.670182, 0.707158, 0.090515, 0.933479, -0.05931, -0.353686, 0.091423, 0.0, 0.0, 0.0, 1.0],
                [0.494612, 0.625558, 0.603354, 0.099366, 0.153134, -0.746085, 0.648004, 0.090494, 0.855514, -0.228117, -0.464817, 0.089442, 0.0, 0.0, 0.0, 1.0],
                [0.744494, 0.44395, 0.498635, 0.095798, 0.08259, -0.802382, 0.59107, 0.084042, 0.662499, -0.398867, -0.634034, 0.091613, 0.0, 0.0, 0.0, 1.0],
                [0.665301, 0.395531, 0.63319, 0.090446, 0.137934, -0.898647, 0.416424, 0.074363, 0.733723, -0.189709, -0.652427, 0.094871, 0.0, 0.0, 0.0, 1.0],
                [0.532535, 0.23888, 0.812, 0.056428, 0.270994, -0.956968, 0.103803, 0.058238, 0.801856, 0.164768, -0.574353, 0.092913, 0.0, 0.0, 0.0, 1.0],
                [0.532535, 0.23888, 0.812, 0.056428, 0.270994, -0.956968, 0.103803, 0.058238, 0.801856, 0.164768, -0.574353, 0.092913, 0.0, 0.0, 0.0, 1.0]
            ]
        },
        {
            "name": "Leg_R",
            "time": [0.0, 0.0333, 0.0667, 0.1, 0.1333, 0.1667, 0.2, 0.2333, 0.2667, 0.3, 0.3333, 0.3667, 0.4, 0.4333, 0.4667, 0.5, 0.5667, 0.8333, 1.3667],
            "transform": [
                [0.999996, 0.00195, 9.9e-05, 0.0, 9.8e-05, -0.100882, 0.994899, 0.37472, 0.00195, -0.994898, -0.100882, -0.0, 0.0, 0.0, 0.0, 1.0],
                [0.999996, 0.001896, 0.000477, 0.0, 0.000476, -0.472548, 0.881305, 0.37472, 0.001896, -0.881303, -0.472548, -0.0, 0.0, 0.0, 0.0, 1.0],
                [0.999996, 0.001944, 0.000271, -0.0, 0.000269, -0.272467, 0.962166, 0.37472, 0.001945, -0.962163, -0.272468, 0.0, 0.0, 0.0, 0.0, 1.0],
                [0.999995, 0.001766, -0.000847, -0.0, -0.000849, 0.780663, 0.624953, 0.37472, 0.001765, -0.62495, 0.780664, 0.0, 0.0, 0.0, 0.0, 1.0],
                [0.999996, 0.001609, -0.001141, 0.0, -0.001143, 0.943928, 0.330148, 0.37472, 0.001608, -0.330145, 0.943931, 0.0, 0.0, 0.0, 0.0, 1.0],
                [0.999996, 0.001724, -0.001033, -0.0, -0.001035, 0.882445, 0.470415, 0.37472, 0.001723, -0.470411, 0.882447, -0.0, 0.0, 0.0, 0.0, 1.0],
                [0.999997, 0.001755, 0.000858, -0.0, 0.000858, -0.78924, 0.614084, 0.37472, 0.001755, -0.614081, -0.789243, 0.0, 0.0, 0.0, 0.0, 1.0],
                [0.999996, 0.001741, 0.000885, 0.0, 0.000885, -0.807759, 0.589512, 0.37472, 0.001741, -0.589508, -0.807762, 0.0, 0.0, 0.0, 0.0, 1.0],
                [0.999995, 0.001804, 0.000754, -0.0, 0.000754, -0.711535, 0.702651, 0.37472, 0.001804, -0.702648, -0.711536, -0.0, 0.0, 0.0, 0.0, 1.0],
                [0.999996, 0.001913, 0.000389, -0.0, 0.000389, -0.390905, 0.920431, 0.37472, 0.001913, -0.92043, -0.390905, -0.0, 0.0, 0.0, 0.0, 1.0],
                [0.999996, 0.001907, 0.000417, -0.0, 0.000417, -0.417353, 0.908745, 0.37472, 0.001907, -0.908744, -0.417352, -0.0, 0.0, 0.0, 0.0, 1.0],
                [0.999996, 0.001912, 0.000395, -0.0, 0.000395, -0.396648, 0.917971, 0.37472, 0.001912, -0.917969, -0.396648, -0.0, 0.0, 0.0, 0.0, 1.0],
                [0.999996, 0.001923, 0.000339, -0.0, 0.000339, -0.341909, 0.939734, 0.37472, 0.001923, -0.939732, -0.341909, -0.0, 0.0, 0.0, 0.0, 1.0],
                [0.999996, 0.001937, 0.000246, -0.0, 0.000245, -0.249643, 0.968338, 0.37472, 0.001938, -0.968337, -0.249643, -0.0, 0.0, 0.0, 0.0, 1.0],
                [0.999995, 0.001949, 0.00013, 0.0, 0.000128, -0.132187, 0.991224, 0.37472, 0.001949, -0.991225, -0.132187, -0.0, 0.0, 0.0, 0.0, 1.0],
                [0.999996, 0.001952, 3.9e-05, 0.0, 3.7e-05, -0.038641, 0.999253, 0.37472, 0.001952, -0.999253, -0.038641, 0.0, 0.0, 0.0, 0.0, 1.0],
                [0.999996, 0.001953, -4e-05, -0.0, -4.1e-05, 0.041314, 0.999147, 0.37472, 0.001953, -0.999145, 0.041314, 0.0, 0.0, 0.0, 0.0, 1.0],
                [1.0, -0.0, 0.0, 0.0, 0.0, 0.932201, 0.361941, 0.37472, -0.0, -0.361941, 0.932201, 0.0, 0.0, 0.0, 0.0, 1.0],
                [1.0, -0.0, 0.0, 0.0, 0.0, 0.932201, 0.361941, 0.37472, -0.0, -0.361941, 0.932201, 0.0, 0.0, 0.0, 0.0, 1.0]
            ]
        },
        {
            "name": "Knee_R",
            "time": [0.8333, 0.0, 1.3667],
            "transform": [
                [1.0, 0.0, -0.0, 0.0, -0.0, 1e-06, -1.0, 0.37472, -0.0, 1.0, 1e-06, -0.0, 0.0, 0.0, 0.0, 1.0],
                [1.0, 0.0, -0.0, 0.0, -0.0, 1e-06, -1.0, 0.37472, -0.0, 1.0, 1e-06, 0.0, 0.0, 0.0, 0.0, 1.0],
                [1.0, 0.0, -0.0, 0.0, -0.0, 1e-06, -1.0, 0.37472, -0.0, 1.0, 1e-06, 0.0, 0.0, 0.0, 0.0, 1.0]
            ]
        },
        {
            "name": "Thigh_L",
            "time": [0.0, 0.0333, 0.0667, 0.1, 0.1333, 0.1667, 0.2, 0.2333, 0.2667, 0.3, 0.3333, 0.3667, 0.4, 0.4333, 0.4667, 0.5, 0.5667, 0.6667, 0.8333, 1.3667],
            "transform": [
                [0.986901, -0.093902, 0.131196, -0.127061, -0.16066, -0.497534, 0.852436, 0.079786, -0.014771, -0.862347, -0.506103, 0.021461, 0.0, 0.0, 0.0, 1.0],
                [0.98562, -0.075191, 0.151343, -0.121428, -0.16015, -0.129702, 0.978534, 0.070909, -0.053947, -0.988698, -0.139878, 0.01418, 0.0, 0.0, 0.0, 1.0],
                [0.980653, -0.097279, -0.16988, -0.115795, 0.164634, -0.059694, 0.984546, 0.062033, -0.105916, -0.993466, -0.042524, 0.006899, 0.0, 0.0, 0.0, 1.0],
                [0.930233, -0.136708, -0.340558, -0.110162, 0.230215, -0.505303, 0.831667, 0.053157, -0.285781, -0.852046, -0.438576, -0.000382, 0.0, 0.0, 0.0, 1.0],
                [0.961324, -0.255574, -0.102681, -0.123096, -0.038609, -0.494164, 0.868511, 0.042498, -0.27271, -0.830955, -0.484917, -0.01, 0.0, 0.0, 0.0, 1.0],
                [0.955047, -0.13393, 0.264484, -0.136031, -0.267144, -0.775614, 0.571889, 0.031839, 0.128545, -0.616835, -0.776525, -0.019619, 0.0, 0.0, 0.0, 1.0],
                [0.900339, -0.249354, 0.356674, -0.138646, -0.336075, -0.919074, 0.205805, 0.034653, 0.276493, -0.305163, -0.911278, -0.017359, 0.0, 0.0, 0.0, 1.0],
                [0.837068, -0.028371, 0.546365, -0.141262, -0.326089, -0.827755, 0.456604, 0.037468, 0.439304, -0.560371, -0.702138, -0.015099, 0.0, 0.0, 0.0, 1.0],
                [0.780563, 0.136769, 0.609932, -0.143878, -0.431829, -0.5875, 0.684374, 0.040282, 0.451936, -0.797584, -0.39952, -0.01284, 0.0, 0.0, 0.0, 1.0],
                [0.733565, 0.163945, 0.659549, -0.146494, -0.559924, -0.404236, 0.723242, 0.043097, 0.385185, -0.899843, -0.204736, -0.01058, 0.0, 0.0, 0.0, 1.0],
                [0.715052, 0.183518, 0.674554, -0.14911, -0.59795, -0.339325, 0.726165, 0.045911, 0.362157, -0.922595, -0.132901, -0.008321, 0.0, 0.0, 0.0, 1.0],
                [0.729103, 0.167623, 0.663561, -0.143503, -0.60463, -0.296522, 0.739255, 0.047979, 0.320676, -0.940203, -0.114846, 0.000452, 0.0, 0.0, 0.0, 1.0],
                [0.759489, 0.12034, 0.639293, -0.137897, -0.591528, -0.281168, 0.755671, 0.050046, 0.270687, -0.952085, -0.14236, 0.009223, 0.0, 0.0, 0.0, 1.0],
                [0.804027, 0.039294, 0.593293, -0.140383, -0.556776, -0.300416, 0.774436, 0.052132, 0.208665, -0.953, -0.219664, 0.008621, 0.0, 0.0, 0.0, 1.0],
                [0.857405, -0.046222, 0.512564, -0.142869, -0.496022, -0.33971, 0.799099, 0.054219, 0.137187, -0.939395, -0.314196, 0.008018, 0.0, 0.0, 0.0, 1.0],
                [0.93093, -0.086565, 0.354793, -0.145355, -0.363379, -0.31649, 0.876236, 0.056305, 0.036437, -0.944639, -0.326085, 0.007416, 0.0, 0.0, 0.0, 1.0],
                [0.979003, -0.124576, 0.16136, -0.134083, -0.191762, -0.294222, 0.936301, 0.05468, -0.069165, -0.947583, -0.311933, -0.009214, 0.0, 0.0, 0.0, 1.0],
                [0.962722, -0.06578, 0.262375, -0.117175, -0.250631, -0.581767, 0.773777, 0.052244, 0.101742, -0.810692, -0.576566, -0.034156, 0.0, 0.0, 0.0, 1.0],
                [0.893866, -0.048208, 0.445731, -0.088994, -0.214018, -0.919493, 0.329746, 0.048183, 0.393949, -0.390144, -0.83222, -0.075728, 0.0, 0.0, 0.0, 1.0],
                [0.893866, -0.048208, 0.445731, -0.088994, -0.214018, -0.919493, 0.329746, 0.048183, 0.393949, -0.390144, -0.83222, -0.075728, 0.0, 0.0, 0.0, 1.0]
            ]
        },
        {
            "name": "Leg_L",
            "time": [0.0, 0.0333, 0.0667, 0.1, 0.1333, 0.1667, 0.2, 0.2333, 0.2667, 0.3, 0.3333, 0.3667, 0.4, 0.4333, 0.4667, 0.5, 0.5667, 0.8333, 1.3667],
            "transform": [
                [1.0, -0.001954, -9e-05, 0.0, -9.1e-05, -0.092524, 0.99571, 0.37472, -0.001954, -0.995706, -0.092524, 0.0, 0.0, 0.0, 0.0, 1.0],
                [1.0, -0.00195, -0.000144, -0.0, -0.000144, -0.146894, 0.989151, 0.37472, -0.00195, -0.989148, -0.146894, 0.0, 0.0, 0.0, 0.0, 1.0],
                [1.0, -0.001855, -0.00064, -0.0, -0.00064, -0.616367, 0.787457, 0.37472, -0.001855, -0.787455, -0.616367, -0.0, 0.0, 0.0, 0.0, 1.0],
                [0.999997, -0.001784, -0.000804, 0.0, -0.000804, -0.74902, 0.662548, 0.37472, -0.001784, -0.662546, -0.749019, 0.0, 0.0, 0.0, 0.0, 1.0],
                [0.999998, -0.001804, -0.000756, -0.0, -0.000756, -0.713024, 0.701139, 0.37472, -0.001804, -0.701135, -0.713025, 0.0, 0.0, 0.0, 0.0, 1.0],
                [0.999998, -0.001851, -0.000629, -0.0, -0.000627, -0.608419, 0.793616, 0.37472, -0.001852, -0.793612, -0.608421, -0.0, 0.0, 0.0, 0.0, 1.0],
                [0.999998, -0.001907, -0.000445, -0.0, -0.000443, -0.441682, 0.897171, 0.37472, -0.001908, -0.897169, -0.441682, -0.0, 0.0, 0.0, 0.0, 1.0],
                [0.999998, -0.001804, -0.000755, -0.0, -0.000752, -0.710793, 0.703401, 0.37472, -0.001805, -0.703398, -0.710793, 0.0, 0.0, 0.0, 0.0, 1.0],
                [0.999997, -0.0018, -0.000764, -0.0, -0.000762, -0.718902, 0.695112, 0.37472, -0.001801, -0.69511, -0.718902, -0.0, 0.0, 0.0, 0.0, 1.0],
                [0.999998, -0.001882, -0.000527, 0.0, -0.000526, -0.518665, 0.854978, 0.37472, -0.001882, -0.854976, -0.518665, 0.0, 0.0, 0.0, 0.0, 1.0],
                [0.999999, -0.001921, -0.00036, 0.0, -0.000359, -0.361755, 0.932272, 0.37472, -0.001921, -0.932271, -0.361755, 0.0, 0.0, 0.0, 0.0, 1.0],
                [0.999999, -0.001942, -0.000211, -0.0, -0.000212, -0.215202, 0.976568, 0.37472, -0.001942, -0.976568, -0.215201, 0.0, 0.0, 0.0, 0.0, 1.0],
                [0.999999, -0.001953, -1.7e-05, -0.0, -1.9e-05, -0.018537, 0.999826, 0.37472, -0.001953, -0.999827, -0.018537, 0.0, 0.0, 0.0, 0.0, 1.0],
                [1.0, -0.001942, 0.000219, 0.0, 0.000217, 0.221515, 0.975156, 0.37472, -0.001942, -0.975155, 0.221514, 0.0, 0.0, 0.0, 0.0, 1.0],
                [0.999999, -0.0019, 0.000455, 0.0, 0.000453, 0.452004, 0.892015, 0.37472, -0.0019, -0.892015, 0.452003, 0.0, 0.0, 0.0, 0.0, 1.0],
                [0.999999, -0.001877, 0.000539, -0.0, 0.000538, 0.530231, 0.847851, 0.37472, -0.001878, -0.847852, 0.53023, 0.0, 0.0, 0.0, 0.0, 1.0],
                [1.000001, -0.001894, 0.000478, -0.0, 0.000477, 0.47403, 0.880507, 0.37472, -0.001895, -0.880506, 0.474029, -0.0, 0.0, 0.0, 0.0, 1.0],
                [0.999998, -0.0, -0.0, 0.0, 0.0, 0.863349, 0.504607, 0.37472, -0.0, -0.504606, 0.863352, 0.0, 0.0, 0.0, 0.0, 1.0],
                [0.999998, -0.0, -0.0, 0.0, 0.0, 0.863349, 0.504607, 0.37472, -0.0, -0.504606, 0.863352, 0.0, 0.0, 0.0, 0.0, 1.0]
            ]
        },
        {
            "name": "Knee_L",
            "time": [0.8333, 0.0, 1.3667],
            "transform": [
                [1.0, 0.0, -0.0, 0.0, -0.0, 1e-06, -1.0, 0.37472, -0.0, 1.0, 1e-06, 0.0, 0.0, 0.0, 0.0, 1.0],
                [1.0, 0.0, -0.0, 0.0, -0.0, 1e-06, -1.0, 0.37472, -0.0, 1.0, 1e-06, 0.0, 0.0, 0.0, 0.0, 1.0],
                [1.0, 0.0, -0.0, 0.0, -0.0, 1e-06, -1.0, 0.37472, -0.0, 1.0, 1e-06, 0.0, 0.0, 0.0, 0.0, 1.0]
            ]
        },
        {
            "name": "Torso",
            "time": [0.0, 0.0333, 0.0667, 0.1, 0.1333, 0.1667, 0.2, 0.2333, 0.2667, 0.3, 0.3333, 0.3667, 0.4, 0.4333, 0.4667, 0.5, 0.5667, 0.8333, 1.3667],
            "transform": [
                [0.968186, 0.101454, -0.228746, 0.0, 0.095165, 0.696155, 0.711555, 0.05, 0.231433, -0.710685, 0.664353, -0.0, 0.0, 0.0, 0.0, 1.0],
                [0.983442, 0.139611, -0.115555, -0.0, 0.059424, 0.353958, 0.933372, 0.05, 0.171211, -0.924782, 0.339801, -0.0, 0.0, 0.0, 0.0, 1.0],
                [0.981664, 0.123048, -0.145595, 0.0, 0.079692, 0.428923, 0.899819, 0.05, 0.173171, -0.89492, 0.411252, -0.0, 0.0, 0.0, 0.0, 1.0],
                [0.959326, 0.192237, -0.20674, 0.0, 0.056264, 0.587441, 0.807309, 0.05, 0.276643, -0.786102, 0.552731, -0.0, 0.0, 0.0, 0.0, 1.0],
                [0.916755, 0.304338, -0.258728, 0.0, 0.084843, 0.484576, 0.870625, 0.05, 0.390338, -0.8201, 0.418416, 0.0, 0.0, 0.0, 0.0, 1.0],
                [0.869843, 0.344291, -0.353325, -0.0, 0.197702, 0.4129, 0.88906, 0.05, 0.451984, -0.843194, 0.291091, 0.0, 0.0, 0.0, 0.0, 1.0],
                [0.737999, 0.301286, -0.603809, 0.0, 0.35127, 0.592479, 0.724967, 0.05, 0.576168, -0.747124, 0.331416, -0.0, 0.0, 0.0, 0.0, 1.0],
                [0.727629, 0.31404, -0.609865, -0.0, 0.284583, 0.670741, 0.684922, 0.05, 0.624156, -0.671925, 0.39868, 0.0, 0.0, 0.0, 0.0, 1.0],
                [0.753071, 0.460278, -0.470138, 0.0, 0.06887, 0.655488, 0.752059, 0.05, 0.654327, -0.598731, 0.461929, 0.0, 0.0, 0.0, 0.0, 1.0],
                [0.738372, 0.582914, -0.339144, -0.0, -0.110683, 0.600811, 0.791691, 0.05, 0.665251, -0.547024, 0.508141, -0.0, 0.0, 0.0, 0.0, 1.0],
                [0.731396, 0.574614, -0.36726, 0.0, -0.06676, 0.596283, 0.799993, 0.05, 0.678679, -0.560593, 0.47448, -0.0, 0.0, 0.0, 0.0, 1.0],
                [0.731372, 0.500263, -0.463501, -0.0, 0.073752, 0.617635, 0.782998, 0.05, 0.677982, -0.606845, 0.414825, 0.0, 0.0, 0.0, 0.0, 1.0],
                [0.773507, 0.441708, -0.454513, -0.0, 0.091344, 0.631954, 0.769604, 0.05, 0.627173, -0.63681, 0.448474, -0.0, 0.0, 0.0, 0.0, 1.0],
                [0.838473, 0.387555, -0.3831, 0.0, 0.050359, 0.644894, 0.762611, 0.05, 0.542614, -0.65872, 0.521208, 0.0, 0.0, 0.0, 0.0, 1.0],
                [0.895144, 0.322194, -0.308075, -0.0, 0.013016, 0.671907, 0.740521, 0.05, 0.44559, -0.666881, 0.59726, 0.0, 0.0, 0.0, 0.0, 1.0],
                [0.936351, 0.215793, -0.276917, -0.0, 0.026269, 0.743503, 0.668216, 0.05, 0.350086, -0.632958, 0.69051, 0.0, 0.0, 0.0, 0.0, 1.0],
                [0.959539, 0.105896, -0.26091, 0.0, 0.056658, 0.835027, 0.547284, 0.05, 0.275822, -0.539922, 0.79524, -0.0, 0.0, 0.0, 0.0, 1.0],
                [0.70122, -0.068152, -0.709682, 0.0, 0.007325, 0.996056, -0.088416, 0.05, 0.71291, 0.056801, 0.698953, 0.0, 0.0, 0.0, 0.0, 1.0],
                [0.70122, -0.068152, -0.709682, 0.0, 0.007325, 0.996056, -0.088416, 0.05, 0.71291, 0.056801, 0.698953, 0.0, 0.0, 0.0, 0.0, 1.0]
            ]
        },
        {
            "name": "Chest",
            "time": [0.0, 0.0333, 0.0667, 0.1, 0.1333, 0.1667, 0.2, 0.2333, 0.2667, 0.3, 0.3333, 0.3667, 0.4, 0.4333, 0.4667, 0.5, 0.5667, 0.8333, 1.3667],
            "transform": [
                [0.987242, 0.040159, 0.154094, -0.0, -0.001388, 0.96981, -0.243852, 0.3, -0.159235, 0.240526, 0.957492, 0.0, 0.0, 0.0, 0.0, 1.0],
                [0.988806, 0.136589, -0.060085, 0.0, -0.14688, 0.819872, -0.553384, 0.3, -0.026324, 0.556014, 0.830756, 0.0, 0.0, 0.0, 0.0, 1.0],
                [0.965148, 0.109591, 0.237662, 0.0, 0.049855, 0.814484, -0.578039, 0.3, -0.256921, 0.569739, 0.780633, -0.0, 0.0, 0.0, 0.0, 1.0],
                [0.772607, 0.002818, 0.63488, -0.0, 0.345918, 0.836657, -0.424671, 0.3, -0.532376, 0.547718, 0.645431, -0.0, 0.0, 0.0, 0.0, 1.0],
                [0.669385, -0.06077, 0.740426, 0.0, 0.518504, 0.751981, -0.407035, 0.3, -0.532053, 0.656376, 0.534874, -0.0, 0.0, 0.0, 0.0, 1.0],
                [0.765589, -0.086592, 0.637477, -0.0, 0.485712, 0.727566, -0.484491, 0.3, -0.421855, 0.680549, 0.599074, -0.0, 0.0, 0.0, 0.0, 1.0],
                [0.877926, -0.169565, 0.447769, -0.0, 0.174883, 0.984137, 0.029797, 0.3, -0.445721, 0.052148, 0.893652, 0.0, 0.0, 0.0, 0.0, 1.0],
                [0.982514, -0.040339, 0.181777, -0.0, 0.015215, 0.990379, 0.137537, 0.3, -0.185577, -0.132366, 0.973673, -0.0, 0.0, 0.0, 0.0, 1.0],
                [0.990353, -0.058281, -0.125726, -0.0, 0.049551, 0.996209, -0.071486, 0.3, 0.129416, 0.064566, 0.989486, 0.0, 0.0, 0.0, 0.0, 1.0],
                [0.926072, -0.214346, -0.310564, 0.0, 0.15887, 0.96798, -0.194353, 0.3, 0.34228, 0.130645, 0.930471, 0.0, 0.0, 0.0, 0.0, 1.0],
                [0.929268, -0.225443, -0.292642, -0.0, 0.165618, 0.962362, -0.215471, 0.3, 0.330205, 0.151764, 0.931629, 0.0, 0.0, 0.0, 0.0, 1.0],
                [0.9688, -0.161337, -0.188153, -0.0, 0.126942, 0.974992, -0.182412, 0.3, 0.212878, 0.152835, 0.965051, 0.0, 0.0, 0.0, 0.0, 1.0],
                [0.976291, -0.143431, -0.162138, -0.0, 0.110245, 0.974016, -0.197823, 0.3, 0.1863, 0.175257, 0.966735, -0.0, 0.0, 0.0, 0.0, 1.0],
                [0.97317, -0.149434, -0.174966, 0.0, 0.105912, 0.96598, -0.235933, 0.3, 0.20427, 0.211071, 0.955888, -0.0, 0.0, 0.0, 0.0, 1.0],
                [0.971358, -0.151845, -0.182787, -0.0, 0.099353, 0.95826, -0.268072, 0.3, 0.215864, 0.242233, 0.9459, -0.0, 0.0, 0.0, 0.0, 1.0],
                [0.981524, -0.112017, -0.155137, 0.0, 0.068793, 0.963106, -0.260177, 0.3, 0.178558, 0.244697, 0.953016, -0.0, 0.0, 0.0, 0.0, 1.0],
                [0.993563, -0.051406, -0.100969, 0.0, 0.026812, 0.972513, -0.231294, 0.3, 0.110084, 0.227098, 0.96763, 0.0, 0.0, 0.0, 0.0, 1.0],
                [0.961477, -0.076444, -0.26405, 0.0, 0.082877, 0.996469, 0.013291, 0.3, 0.262103, -0.034662, 0.964417, -0.0, 0.0, 0.0, 0.0, 1.0],
                [0.961477, -0.076444, -0.26405, 0.0, 0.082877, 0.996469, 0.013291, 0.3, 0.262103, -0.034662, 0.964417, -0.0, 0.0, 0.0, 0.0, 1.0]
            ]
        },
        {
            "name": "Head",
            "time": [0.0, 0.0333, 0.0667, 0.1, 0.1333, 0.1667, 0.2, 0.2333, 0.2667, 0.3, 0.3333, 0.3667, 0.4, 0.4333, 0.4667, 0.5, 0.5667, 0.8333, 1.3667],
            "transform": [
                [0.998031, -0.028788, 0.055716, 0.0, 0.030439, 0.999113, -0.029019, 0.4, -0.054831, 0.030658, 0.998027, 0.0, 0.0, 0.0, 0.0, 1.0],
                [0.947188, 0.005443, 0.32063, 0.0, 0.053001, 0.983446, -0.173269, 0.4, -0.316265, 0.181111, 0.931224, 0.0, 0.0, 0.0, 0.0, 1.0],
                [0.999797, 0.015101, -0.01325, 0.0, -0.016465, 0.993815, -0.109803, 0.4, 0.01151, 0.109998, 0.993867, 0.0, 0.0, 0.0, 0.0, 1.0],
                [0.903262, 0.077823, -0.421972, 0.0, -0.049693, 0.995769, 0.077276, 0.4, 0.4262, -0.048831, 0.903311, -0.0, 0.0, 0.0, 0.0, 1.0],
                [0.910608, 0.157665, -0.382015, -0.0, -0.096998, 0.980083, 0.173285, 0.4, 0.401727, -0.12074, 0.907766, 0.0, 0.0, 0.0, 0.0, 1.0],
                [0.958276, 0.171805, -0.228448, 0.0, -0.124617, 0.970363, 0.207034, 0.4, 0.257247, -0.169926, 0.95129, 0.0, 0.0, 0.0, 0.0, 1.0],
                [0.999084, -0.021605, 0.036902, 0.0, 0.034739, 0.913288, -0.405827, 0.4, -0.024934, 0.406736, 0.913207, 0.0, 0.0, 0.0, 0.0, 1.0],
                [0.933733, -0.042716, 0.355414, -0.0, 0.191707, 0.898145, -0.395701, 0.4, -0.30231, 0.437612, 0.846821, 0.0, 0.0, 0.0, 0.0, 1.0],
                [0.813274, -0.047473, 0.579942, 0.0, 0.174942, 0.970502, -0.165883, 0.4, -0.55496, 0.236364, 0.797592, -0.0, 0.0, 0.0, 0.0, 1.0],
                [0.73822, -0.074099, 0.670479, 0.0, 0.22362, 0.964625, -0.139606, 0.4, -0.636417, 0.252992, 0.728676, -0.0, 0.0, 0.0, 0.0, 1.0],
                [0.733936, -0.055732, 0.676928, -0.0, 0.196416, 0.971461, -0.132976, 0.4, -0.650198, 0.230555, 0.723939, 0.0, 0.0, 0.0, 0.0, 1.0],
                [0.742926, -0.037856, 0.668303, -0.0, 0.171762, 0.97575, -0.135669, 0.4, -0.646962, 0.21558, 0.731414, 0.0, 0.0, 0.0, 0.0, 1.0],
                [0.783755, -0.019028, 0.620778, -0.0, 0.131186, 0.982049, -0.135526, 0.4, -0.607056, 0.187656, 0.772184, 0.0, 0.0, 0.0, 0.0, 1.0],
                [0.835438, -0.005699, 0.549555, -0.0, 0.090544, 0.987708, -0.127404, 0.4, -0.542074, 0.156197, 0.825687, -0.0, 0.0, 0.0, 0.0, 1.0],
                [0.877592, -0.000307, 0.479409, -0.0, 0.052266, 0.994099, -0.095039, 0.4, -0.47655, 0.108462, 0.872433, 0.0, 0.0, 0.0, 0.0, 1.0],
                [0.907279, -0.032754, 0.41925, -0.0, 0.026316, 0.999428, 0.021132, 0.4, -0.419702, -0.00814, 0.907627, 0.0, 0.0, 0.0, 0.0, 1.0],
                [0.93206, -0.08168, 0.352976, 0.0, 0.014608, 0.981933, 0.188652, 0.4, -0.362008, -0.170678, 0.916419, 0.0, 0.0, 0.0, 0.0, 1.0],
                [0.547568, 0.022122, 0.836469, 0.0, -0.120721, 0.99128, 0.052809, 0.4, -0.828008, -0.129896, 0.545464, 0.0, 0.0, 0.0, 0.0, 1.0],
                [0.547568, 0.022122, 0.836469, 0.0, -0.120721, 0.99128, 0.052809, 0.4, -0.828008, -0.129896, 0.545464, 0.0, 0.0, 0.0, 0.0, 1.0]
            ]
        },
        {
            "name": "Shoulder_R",
            "time": [0.0, 0.0333, 0.0667, 0.1, 0.1333, 0.1667, 0.2, 0.2333, 0.2667, 0.8333, 1.3667],
            "transform": [
                [-0.234385, 0.804277, 0.546099, 0.0, 0.167971, -0.519775, 0.837656, 0.4, 0.95748, 0.288067, -0.013268, 0.0, 0.0, 0.0, 0.0, 1.0],
                [-0.149635, 0.96523, 0.214363, 0.0, 0.331683, -0.155227, 0.930559, 0.4, 0.931406, 0.210347, -0.296943, 0.0, 0.0, 0.0, 0.0, 1.0],
                [-0.283402, 0.950704, 0.125886, 0.0, 0.415845, 0.003557, 0.909453, 0.4, 0.864105, 0.310093, -0.396381, 0.0, 0.0, 0.0, 0.0, 1.0],
                [-0.476483, 0.841383, 0.255012, 0.0, 0.467497, -0.003144, 0.884009, 0.4, 0.744534, 0.540438, -0.391873, -0.0, 0.0, 0.0, 0.0, 1.0],
                [-0.614709, 0.695715, 0.371616, -0.0, 0.528087, 0.013116, 0.849104, 0.4, 0.585814, 0.718206, -0.375485, 0.0, 0.0, 0.0, 0.0, 1.0],
                [-0.655419, 0.607158, 0.449187, 0.0, 0.539518, -0.039734, 0.841048, 0.4, 0.528455, 0.793597, -0.301549, 0.0, 0.0, 0.0, 0.0, 1.0],
                [-0.568243, 0.796779, 0.205496, 0.0, -0.049436, -0.282341, 0.958072, 0.4, 0.821325, 0.534266, 0.199841, 0.0, 0.0, 0.0, 0.0, 1.0],
                [-0.255222, 0.962292, 0.094118, -0.0, -0.333867, -0.179069, 0.925483, 0.4, 0.907366, 0.204783, 0.367007, 0.0, 0.0, 0.0, 0.0, 1.0],
                [0.027516, 0.993995, 0.105936, 0.0, -0.306221, -0.092496, 0.947485, 0.4, 0.951522, -0.058511, 0.301859, -0.0, 0.0, 0.0, 0.0, 1.0],
                [0.292339, 0.909608, -0.295231, 0.0, 0.746996, -0.409959, -0.523372, 0.4, -0.597075, -0.067535, -0.799338, 0.0, 0.0, 0.0, 0.0, 1.0],
                [0.292339, 0.909608, -0.295231, 0.0, 0.746996, -0.409959, -0.523372, 0.4, -0.597075, -0.067535, -0.799338, 0.0, 0.0, 0.0, 0.0, 1.0]
            ]
        },
        {
            "name": "Arm_R",
            "time": [0.0, 0.0333, 0.0667, 0.1, 0.1333, 0.1667, 0.2, 0.2333, 0.2667, 0.3, 0.3333, 0.3667, 0.4, 0.4333, 0.4667, 0.5, 0.5667, 0.8333, 1.3667],
            "transform": [
                [0.13338, 0.072384, -0.986375, -0.0, 0.572522, 0.810166, 0.136058, 0.39386, 0.808949, -0.585318, 0.066342, 0.0, 0.0, 0.0, 0.0, 1.0],
                [0.254777, 0.045547, -0.96392, -0.0, 0.505144, 0.847285, 0.172667, 0.39386, 0.824555, -0.533142, 0.192058, -0.0, 0.0, 0.0, 0.0, 1.0],
                [0.169001, -0.056657, -0.981947, -0.0, 0.423716, 0.907458, 0.020702, 0.393861, 0.889868, -0.421331, 0.176631, 0.0, 0.0, 0.0, 0.0, 1.0],
                [0.096919, -0.151577, -0.981688, -0.0, 0.336202, 0.93723, -0.110451, 0.39386, 0.936766, -0.320686, 0.141207, 0.0, 0.0, 0.0, 0.0, 1.0],
                [0.161449, -0.033395, -0.98427, 0.0, 0.348636, 0.938882, 0.025362, 0.39386, 0.923224, -0.348709, 0.162547, -0.0, 0.0, 0.0, 0.0, 1.0],
                [0.199505, 0.164174, -0.964101, 0.0, 0.499576, 0.832899, 0.243609, 0.39386, 0.842964, -0.532467, 0.083801, -0.0, 0.0, 0.0, 0.0, 1.0],
                [0.153936, 0.286509, -0.943841, 0.0, 0.420334, 0.849123, 0.323876, 0.393861, 0.894195, -0.44847, 0.010238, -0.0, 0.0, 0.0, 0.0, 1.0],
                [0.239222, 0.296402, -0.922886, -0.0, 0.353533, 0.862387, 0.365909, 0.393861, 0.904278, -0.415567, 0.101091, 0.0, 0.0, 0.0, 0.0, 1.0],
                [0.364297, 0.286073, -0.88458, 0.0, 0.226233, 0.898122, 0.380782, 0.39386, 0.903377, -0.340279, 0.261358, -0.0, 0.0, 0.0, 0.0, 1.0],
                [0.344583, 0.256982, -0.901161, 0.0, 0.121168, 0.943768, 0.313015, 0.39386, 0.930874, -0.217973, 0.292841, 0.0, 0.0, 0.0, 0.0, 1.0],
                [0.310794, 0.14133, -0.937991, -0.0, 0.173159, 0.966019, 0.201472, 0.393861, 0.934546, -0.225991, 0.27461, -0.0, 0.0, 0.0, 0.0, 1.0],
                [0.245732, -0.017456, -0.967156, -0.0, 0.291966, 0.956751, 0.056751, 0.39386, 0.924305, -0.297574, 0.239198, -0.0, 0.0, 0.0, 0.0, 1.0],
                [0.182057, -0.096669, -0.976495, -0.0, 0.374626, 0.928877, -0.021631, 0.39386, 0.909117, -0.36341, 0.204463, 0.0, 0.0, 0.0, 0.0, 1.0],
                [0.137389, -0.123524, -0.980762, -0.0, 0.432423, 0.90204, -0.052335, 0.393861, 0.89113, -0.418673, 0.176603, 0.0, 0.0, 0.0, 0.0, 1.0],
                [0.107024, -0.127896, -0.983973, -0.0, 0.476394, 0.878905, -0.061681, 0.39386, 0.872669, -0.464114, 0.154346, 0.0, 0.0, 0.0, 0.0, 1.0],
                [0.07176, -0.122734, -0.987806, -0.0, 0.515258, 0.856105, -0.068203, 0.393861, 0.854003, -0.506213, 0.124153, -0.0, 0.0, 0.0, 0.0, 1.0],
                [0.03204, -0.100176, -0.992397, -0.0, 0.551931, 0.833037, -0.065642, 0.39386, 0.833264, -0.547929, 0.081638, 0.0, 0.0, 0.0, 0.0, 1.0],
                [0.385178, -0.821542, 0.424099, -0.0, 0.758008, 0.545874, 0.36074, 0.39386, -0.529758, 0.183738, 0.824523, 0.0, 0.0, 0.0, 0.0, 1.0],
                [0.385178, -0.821542, 0.424099, -0.0, 0.758008, 0.545874, 0.36074, 0.39386, -0.529758, 0.183738, 0.824523, 0.0, 0.0, 0.0, 0.0, 1.0]
            ]
        },
        {
            "name": "Hand_R",
            "time": [0.0, 0.0333, 0.0667, 0.1, 0.1333, 0.1667, 0.2, 0.2333, 0.2667, 0.3, 0.3333, 0.3667, 0.4, 0.4333, 0.4667, 0.5, 0.5667, 0.8333, 1.3667],
            "transform": [
                [1.000887, 0.001928, 0.000365, 0.0, -0.000359, 0.365764, -0.926949, 0.3, -0.001923, 0.934818, 0.362684, -0.0, 0.0, 0.0, 0.0, 1.0],
                [1.000886, 0.001965, 6e-06, 0.0, -1.4e-05, 0.010297, -0.995034, 0.3, -0.001959, 1.004069, 0.010205, -0.0, 0.0, 0.0, 0.0, 1.0],
                [1.000886, 0.001961, -9.5e-05, 0.0, 8.9e-05, -0.094695, -0.990587, 0.3, -0.001955, 0.999723, -0.093829, 0.0, 0.0, 0.0, 0.0, 1.0],
                [1.000886, 0.001963, -3.9e-05, 0.0, 3.4e-05, -0.037417, -0.994131, 0.3, -0.001956, 1.003703, -0.03706, 0.0, 0.0, 0.0, 0.0, 1.0],
                [1.000887, 0.001963, -1.5e-05, -0.0, 1e-05, -0.012709, -0.994681, 0.3, -0.001956, 1.00437, -0.012587, 0.0, 0.0, 0.0, 0.0, 1.0],
                [1.000887, 0.001964, -3.4e-05, -0.0, 2.8e-05, -0.031579, -0.994026, 0.3, -0.001957, 1.004206, -0.031259, -0.0, 0.0, 0.0, 0.0, 1.0],
                [1.000887, 0.001948, -0.000302, -0.0, 0.000299, -0.306805, -0.944855, 0.3, -0.001936, 0.959393, -0.302155, 0.0, 0.0, 0.0, 0.0, 1.0],
                [1.000887, 0.001923, -0.000415, 0.0, 0.000413, -0.418444, -0.902438, 0.3, -0.001912, 0.91608, -0.412212, 0.0, 0.0, 0.0, 0.0, 1.0],
                [1.000887, 0.001924, -0.00041, 0.0, 0.000409, -0.413842, -0.904625, 0.3, -0.001914, 0.917969, -0.407825, 0.0, 0.0, 0.0, 0.0, 1.0],
                [1.000888, 0.001935, -0.000346, 0.0, 0.000342, -0.349983, -0.930977, 0.3, -0.001926, 0.943442, -0.345359, -0.0, 0.0, 0.0, 0.0, 1.0],
                [1.000888, 0.00195, -0.00022, 0.0, 0.000216, -0.223086, -0.970178, 0.3, -0.001945, 0.979071, -0.221059, -0.0, 0.0, 0.0, 0.0, 1.0],
                [1.000887, 0.001963, -4.6e-05, -0.0, 4e-05, -0.044521, -0.993792, 0.3, -0.001957, 1.003448, -0.044092, -0.0, 0.0, 0.0, 0.0, 1.0],
                [1.000888, 0.001958, 0.000153, 0.0, -0.000151, 0.155752, -0.98285, 0.3, -0.001951, 0.992169, 0.154289, 0.0, 0.0, 0.0, 0.0, 1.0],
                [1.000888, 0.001932, 0.000343, -0.0, -0.000336, 0.343763, -0.935117, 0.3, -0.001928, 0.943229, 0.340806, 0.0, 0.0, 0.0, 0.0, 1.0],
                [1.000887, 0.001897, 0.0005, -0.0, -0.000495, 0.494282, -0.866502, 0.3, -0.001894, 0.873414, 0.490369, -0.0, 0.0, 0.0, 0.0, 1.0],
                [1.000887, 0.001862, 0.000616, -0.0, -0.000613, 0.599831, -0.798131, 0.3, -0.001859, 0.804935, 0.59476, 0.0, 0.0, 0.0, 0.0, 1.0],
                [1.000887, 0.001829, 0.000709, 0.0, -0.000707, 0.67894, -0.733146, 0.3, -0.001825, 0.73988, 0.672758, -0.0, 0.0, 0.0, 0.0, 1.0],
                [0.997801, -0.0, 0.0, 0.0, 0.0, 0.76923, -0.642064, 0.3, -0.0, 0.64674, 0.763668, -0.0, 0.0, 0.0, 0.0, 1.0],
                [0.997801, -0.0, 0.0, 0.0, 0.0, 0.76923, -0.642064, 0.3, -0.0, 0.64674, 0.763668, -0.0, 0.0, 0.0, 0.0, 1.0]
            ]
        },
        {
            "name": "Tool_R",
            "time": [0.0, 0.8333, 1.3667],
            "transform": [
                [0.954059, 0.124961, -0.269931, 1e-06, -0.264233, -0.078442, -0.952841, 0.272858, -0.140091, 0.99781, -0.041064, 0.0, 0.0, 0.0, 0.0, 1.0],
                [0.954059, 0.124961, -0.269931, 1e-06, -0.264233, -0.078442, -0.952841, 0.272858, -0.140091, 0.99781, -0.041064, 1e-06, 0.0, 0.0, 0.0, 1.0],
                [0.954059, 0.124961, -0.269931, 1e-06, -0.264233, -0.078442, -0.952841, 0.272858, -0.140091, 0.99781, -0.041064, 1e-06, 0.0, 0.0, 0.0, 1.0]
            ]
        },
        {
            "name": "Elbow_R",
            "time": [0.8333, 0.0, 1.3667],
            "transform": [
                [-1.0, 0.0, -0.0, 0.0, -0.0, -0.0, -1.0, 0.3, -0.0, -1.0, 0.0, -0.0, 0.0, 0.0, 0.0, 1.0],
                [-1.0, 0.0, -0.0, 0.0, 0.0, -0.0, -1.0, 0.3, -0.0, -1.0, 0.0, -0.0, 0.0, 0.0, 0.0, 1.0],
                [-1.0, 0.0, -0.0, 0.0, 0.0, -0.0, -1.0, 0.3, -0.0, -1.0, 0.0, -0.0, 0.0, 0.0, 0.0, 1.0]
            ]
        },
        {
            "name": "Shoulder_L",
            "time": [0.0, 0.0333, 0.2667, 0.4667, 0.5667, 0.8333, 1.3667],
            "transform": [
                [-0.014735, -0.838091, -0.545344, 0.0, -0.261309, -0.523226, 0.811145, 0.4, -0.965133, 0.154458, -0.211291, 0.0, 0.0, 0.0, 0.0, 1.0],
                [0.013699, -0.862113, -0.506548, 0.0, -0.450452, -0.457606, 0.766608, 0.4, -0.892687, 0.217679, -0.394605, 0.0, 0.0, 0.0, 0.0, 1.0],
                [-0.082522, -0.946725, -0.311317, 0.0, -0.158858, -0.295895, 0.94192, 0.4, -0.983836, 0.127187, -0.125978, -0.0, 0.0, 0.0, 0.0, 1.0],
                [-0.145605, -0.970699, -0.191194, -0.0, 0.091744, -0.205669, 0.974318, 0.4, -0.985066, 0.124326, 0.119004, 0.0, 0.0, 0.0, 0.0, 1.0],
                [0.002391, -0.965012, -0.262227, 0.0, -0.011985, -0.262238, 0.96493, 0.4, -0.999915, 0.000836, -0.012192, 0.0, 0.0, 0.0, 0.0, 1.0],
                [0.325899, -0.942507, 0.073945, 0.0, -0.863613, -0.328635, -0.382256, 0.4, 0.384547, 0.060718, -0.921135, 0.0, 0.0, 0.0, 0.0, 1.0],
                [0.325899, -0.942507, 0.073945, 0.0, -0.863613, -0.328635, -0.382256, 0.4, 0.384547, 0.060718, -0.921135, 0.0, 0.0, 0.0, 0.0, 1.0]
            ]
        },
        {
            "name": "Arm_L",
            "time": [0.0, 0.0333, 0.0667, 0.1, 0.1333, 0.1667, 0.2, 0.2333, 0.2667, 0.3, 0.3333, 0.3667, 0.4, 0.4333, 0.4667, 0.5, 0.5667, 0.8333, 1.3667],
            "transform": [
                [0.054267, -0.111211, 0.98731, -0.0, -0.440417, 0.892624, 0.122742, 0.39386, -0.898142, -0.444431, -0.000533, -0.0, 0.0, 0.0, 0.0, 1.0],
                [0.109154, 0.065636, 0.98683, 0.0, -0.302845, 0.955923, -0.029478, 0.39386, -0.948665, -0.29761, 0.122956, -0.0, 0.0, 0.0, 0.0, 1.0],
                [0.179748, -0.092922, 0.974408, -0.0, -0.3008, 0.946032, 0.143434, 0.39386, -0.938516, -0.321005, 0.14065, 0.0, 0.0, 0.0, 0.0, 1.0],
                [0.245011, -0.312033, 0.91372, 0.0, -0.36949, 0.848945, 0.382783, 0.39386, -0.898353, -0.43427, 0.091765, 0.0, 0.0, 0.0, 0.0, 1.0],
                [0.29845, -0.348089, 0.884789, 0.0, -0.401951, 0.802473, 0.444163, 0.39386, -0.867725, -0.491449, 0.098573, 0.0, 0.0, 0.0, 0.0, 1.0],
                [0.315159, -0.328454, 0.886459, 0.0, -0.24322, 0.882591, 0.406857, 0.39386, -0.919293, -0.346112, 0.19626, 0.0, 0.0, 0.0, 0.0, 1.0],
                [0.325704, -0.192739, 0.921251, 0.0, 0.036136, 0.984205, 0.189879, 0.39386, -0.946675, -0.028743, 0.324205, 0.0, 0.0, 0.0, 0.0, 1.0],
                [0.128206, -0.213603, 0.963733, 0.0, -0.087169, 0.973732, 0.223658, 0.39386, -0.989717, -0.113431, 0.105141, 0.0, 0.0, 0.0, 0.0, 1.0],
                [-0.067305, -0.302974, 0.946106, 0.0, -0.221579, 0.936996, 0.279499, 0.39386, -0.974657, -0.192095, -0.128874, -0.0, 0.0, 0.0, 0.0, 1.0],
                [-0.014232, -0.207153, 0.973365, 0.0, -0.254106, 0.950333, 0.195208, 0.39386, -0.968929, -0.246187, -0.065492, 0.0, 0.0, 0.0, 0.0, 1.0],
                [0.047424, -0.265982, 0.958159, -0.0, -0.223613, 0.940057, 0.26752, 0.39386, -0.975364, -0.22845, -0.014745, -0.0, 0.0, 0.0, 0.0, 1.0],
                [0.121554, -0.368846, 0.917332, -0.0, -0.135471, 0.917139, 0.380319, 0.39386, -0.985117, -0.171635, 0.060889, 0.0, 0.0, 0.0, 0.0, 1.0],
                [0.198714, -0.316193, 0.923362, -0.0, -0.091397, 0.939955, 0.335908, 0.39386, -0.977623, -0.152146, 0.156281, -0.0, 0.0, 0.0, 0.0, 1.0],
                [0.263748, -0.180148, 0.943047, 0.0, -0.106543, 0.974352, 0.212417, 0.39386, -0.960559, -0.157537, 0.235379, 0.0, 0.0, 0.0, 0.0, 1.0],
                [0.293729, -0.031184, 0.950691, 0.0, -0.14774, 0.989301, 0.076933, 0.39386, -0.9463, -0.164133, 0.283081, 0.0, 0.0, 0.0, 0.0, 1.0],
                [0.267274, 0.083015, 0.955317, 0.0, -0.205545, 0.981584, -0.027156, 0.39386, -0.943345, -0.190356, 0.276583, 0.0, 0.0, 0.0, 0.0, 1.0],
                [0.192749, 0.131761, 0.967547, -0.0, -0.2901, 0.957635, -0.071235, 0.39386, -0.939291, -0.268728, 0.220548, 0.0, 0.0, 0.0, 0.0, 1.0],
                [0.590176, 0.803492, -0.093917, -0.0, -0.801648, 0.597082, 0.048855, 0.39386, 0.095333, 0.046654, 0.992218, 0.0, 0.0, 0.0, 0.0, 1.0],
                [0.590176, 0.803492, -0.093917, -0.0, -0.801648, 0.597082, 0.048855, 0.39386, 0.095333, 0.046654, 0.992218, 0.0, 0.0, 0.0, 0.0, 1.0]
            ]
        },
        {
            "name": "Hand_L",
            "time": [0.0, 0.0333, 0.0667, 0.1, 0.1333, 0.1667, 0.2, 0.2333, 0.2667, 0.3, 0.3333, 0.3667, 0.4, 0.4333, 0.4667, 0.5, 0.5667, 0.8333, 1.3667],
            "transform": [
                [0.9978, 0.001969, -8.4e-05, 0.0, 6.2e-05, -0.075419, -0.991095, 0.3, -0.001948, 1.006021, -0.0743, 0.0, 0.0, 0.0, 0.0, 1.0],
