{
    "animation": [
        {
            "name": "Root",
            "time": [0.0, 0.0417, 0.0833, 0.125, 0.1667, 0.2083, 0.25, 0.2917, 0.3333, 0.375, 0.4167, 0.4583, 0.5, 0.5417, 0.5833, 0.625, 0.6667, 0.7083, 0.75, 0.7917, 0.8333, 0.875, 0.9167, 0.9583, 1.0, 1.0417, 1.0833, 1.125, 1.1667, 1.2083, 1.25, 1.2917, 1.3333, 1.375, 1.4167, 1.4583, 1.5, 1.5417, 1.5833, 1.625, 1.6667, 1.7083, 1.75, 10.4583],
            "transform": [
                [1.0, -0.0, -0.0, -0.097465, -0.0, -0.0, -1.0, 0.517458, 0.0, 1.0, -0.0, 0.781019, 0.0, 0.0, 0.0, 1.0],
                [1.0, -0.0, -0.0, 0.352192, -0.0, -0.0, -1.0, 0.554184, 0.0, 1.0, -0.0, 1.227616, 0.0, 0.0, 0.0, 1.0],
                [1.0, -0.0, -0.0, 0.681868, -0.0, -0.0, -1.0, 0.567937, 0.0, 1.0, -0.0, 1.674213, 0.0, 0.0, 0.0, 1.0],
                [1.0, -0.0, -0.0, 1.02515, -0.0, -0.0, -1.0, 0.577086, 0.0, 1.0, -0.0, 1.906298, 0.0, 0.0, 0.0, 1.0],
                [1.0, -0.0, -0.0, 1.351002, -0.0, -0.0, -1.0, 0.584304, 0.0, 1.0, -0.0, 1.906298, 0.0, 0.0, 0.0, 1.0],
                [1.0, -0.0, -0.0, 1.70963, -0.0, -0.0, -1.0, 0.594261, 0.0, 1.0, -0.0, 2.080362, 0.0, 0.0, 0.0, 1.0],
                [1.0, -0.0, -0.0, 2.081258, -0.0, -0.0, -1.0, 0.605393, 0.0, 1.0, -0.0, 2.080362, 0.0, 0.0, 0.0, 1.0],
                [1.0, -0.0, -0.0, 2.367852, -0.0, -0.0, -1.0, 0.614548, 0.0, 1.0, -0.0, 2.080362, 0.0, 0.0, 0.0, 1.0],
                [1.0, -0.0, -0.0, 2.708584, -0.0, -0.0, -1.0, 0.62833, 0.0, 1.0, -0.0, 2.080362, 0.0, 0.0, 0.0, 1.0],
                [1.0, -0.0, -0.0, 3.040059, -0.0, -0.0, -1.0, 0.637419, 0.0, 1.0, -0.0, 2.080362, 0.0, 0.0, 0.0, 1.0],
                [1.0, -0.0, -0.0, 3.37048, -0.0, -0.0, -1.0, 0.628086, 0.0, 1.0, -0.0, 1.906299, 0.0, 0.0, 0.0, 1.0],
                [1.0, -0.0, -0.0, 3.682816, -0.0, -0.0, -1.0, 0.609576, 0.0, 1.0, -0.0, 1.906299, 0.0, 0.0, 0.0, 1.0],
                [1.0, -0.0, -0.0, 3.896054, -0.0, -0.0, -1.0, 0.599051, 0.0, 1.0, -0.0, 1.718575, 0.0, 0.0, 0.0, 1.0],
                [1.0, -0.0, -0.0, 4.136284, -0.0, -0.0, -1.0, 0.587408, 0.0, 1.0, -0.0, 1.418227, 0.0, 0.0, 0.0, 1.0],
                [1.0, -0.0, -0.0, 4.359374, -0.0, -0.0, -1.0, 0.583582, 0.0, 1.0, -0.0, 0.984759, 0.0, 0.0, 0.0, 1.0],
                [1.0, -0.0, -0.0, 4.567789, -0.0, -0.0, -1.0, 0.602185, 0.0, 1.0, -0.0, 0.209666, 0.0, 0.0, 0.0, 1.0],
                [1.0, -0.0, -0.0, 4.740111, -0.0, -0.0, -1.0, 0.634941, 0.0, 1.0, -0.0, 0.052501, 0.0, 0.0, 0.0, 1.0],
                [1.0, -0.0, -0.0, 4.822366, -0.0, -0.0, -1.0, 0.658833, 0.0, 1.0, -0.0, 0.131083, 0.0, 0.0, 0.0, 1.0],
                [1.0, -0.0, -0.0, 4.867571, -0.0, -0.0, -1.0, 0.683532, 0.0, 1.0, -0.0, 0.248957, 0.0, 0.0, 0.0, 1.0],
                [1.0, -0.0, -0.0, 4.887582, -0.0, -0.0, -1.0, 0.688584, 0.0, 1.0, -0.0, 0.248957, 0.0, 0.0, 0.0, 1.0],
                [1.0, -0.0, -0.0, 4.894308, -0.0, -0.0, -1.0, 0.683645, 0.0, 1.0, -0.0, 0.248957, 0.0, 0.0, 0.0, 1.0],
                [1.0, -0.0, -0.0, 4.899494, -0.0, -0.0, -1.0, 0.673482, 0.0, 1.0, -0.0, 0.248957, 0.0, 0.0, 0.0, 1.0],
                [1.0, -0.0, -0.0, 4.902822, -0.0, -0.0, -1.0, 0.661212, 0.0, 1.0, -0.0, 0.248957, 0.0, 0.0, 0.0, 1.0],
                [1.0, -0.0, -0.0, 4.906981, -0.0, -0.0, -1.0, 0.637196, 0.0, 1.0, -0.0, 0.248957, 0.0, 0.0, 0.0, 1.0],
                [1.0, -0.0, -0.0, 4.912222, -0.0, -0.0, -1.0, 0.594991, 0.0, 1.0, -0.0, 0.248957, 0.0, 0.0, 0.0, 1.0],
                [1.0, -0.0, -0.0, 4.922186, -0.0, -0.0, -1.0, 0.551118, 0.0, 1.0, -0.0, 0.288248, 0.0, 0.0, 0.0, 1.0],
                [1.0, -0.0, -0.0, 4.934378, -0.0, -0.0, -1.0, 0.530372, 0.0, 1.0, -0.0, 0.288248, 0.0, 0.0, 0.0, 1.0],
                [1.0, -0.0, -0.0, 4.94679, -0.0, -0.0, -1.0, 0.542593, 0.0, 1.0, -0.0, 0.328205, 0.0, 0.0, 0.0, 1.0],
                [1.0, -0.0, -0.0, 4.965604, -0.0, -0.0, -1.0, 0.579381, 0.0, 1.0, -0.0, 0.347684, 0.0, 0.0, 0.0, 1.0],
                [1.0, -0.0, -0.0, 4.98571, -0.0, -0.0, -1.0, 0.629179, 0.0, 1.0, -0.0, 0.406122, 0.0, 0.0, 0.0, 1.0],
                [1.0, -0.0, -0.0, 5.004806, -0.0, -0.0, -1.0, 0.684561, 0.0, 1.0, -0.0, 0.465558, 0.0, 0.0, 0.0, 1.0],
                [1.0, -0.0, -0.0, 5.020526, -0.0, -0.0, -1.0, 0.736707, 0.0, 1.0, -0.0, 0.523995, 0.0, 0.0, 0.0, 1.0],
                [1.0, -0.0, -0.0, 5.029149, -0.0, -0.0, -1.0, 0.773967, 0.0, 1.0, -0.0, 0.523995, 0.0, 0.0, 0.0, 1.0],
                [1.0, -0.0, -0.0, 5.036942, -0.0, -0.0, -1.0, 0.822071, 0.0, 1.0, -0.0, 0.523995, 0.0, 0.0, 0.0, 1.0],
                [1.0, -0.0, -0.0, 5.042004, -0.0, -0.0, -1.0, 0.870187, 0.0, 1.0, -0.0, 0.523995, 0.0, 0.0, 0.0, 1.0],
                [1.0, -0.0, -0.0, 5.046709, -0.0, -0.0, -1.0, 0.915268, 0.0, 1.0, -0.0, 0.523995, 0.0, 0.0, 0.0, 1.0],
                [1.0, -0.0, -0.0, 5.049459, -0.0, -0.0, -1.0, 0.955023, 0.0, 1.0, -0.0, 0.523995, 0.0, 0.0, 0.0, 1.0],
                [1.0, -0.0, -0.0, 5.051373, -0.0, -0.0, -1.0, 0.97969, 0.0, 1.0, -0.0, 0.523995, 0.0, 0.0, 0.0, 1.0],
                [1.0, -0.0, -0.0, 5.053766, -0.0, -0.0, -1.0, 1.000219, 0.0, 1.0, -0.0, 0.523995, 0.0, 0.0, 0.0, 1.0],
                [1.0, -0.0, -0.0, 5.056159, -0.0, -0.0, -1.0, 1.015701, 0.0, 1.0, -0.0, 0.523995, 0.0, 0.0, 0.0, 1.0],
                [1.0, -0.0, -0.0, 5.057595, -0.0, -0.0, -1.0, 1.02499, 0.0, 1.0, -0.0, 0.523995, 0.0, 0.0, 0.0, 1.0],
                [1.0, -0.0, -0.0, 5.057595, -0.0, -0.0, -1.0, 1.02499, 0.0, 1.0, -0.0, 0.523995, 0.0, 0.0, 0.0, 1.0],
                [1.0, -0.0, -0.0, 5.057595, -0.0, -0.0, -1.0, 1.02499, 0.0, 1.0, -0.0, 0.523995, 0.0, 0.0, 0.0, 1.0],
                [1.0, -0.0, -0.0, 5.057595, -0.0, -0.0, -1.0, 1.02499, 0.0, 1.0, -0.0, 0.523995, 0.0, 0.0, 0.0, 1.0]
            ]
        },
        {
            "name": "Thigh_R",
            "time": [0.0, 0.0417, 0.0833, 0.125, 0.1667, 0.2083, 0.25, 0.2917, 0.3333, 0.375, 0.4167, 0.4583, 0.5, 0.5417, 0.5833, 0.625, 0.6667, 0.7083, 0.75, 0.7917, 0.8333, 0.875, 0.9167, 0.9583, 1.0, 1.0417, 1.0833, 1.125, 1.1667, 1.2083, 1.25, 1.2917, 1.3333, 1.375, 1.4167, 1.4583, 1.5, 1.5417, 1.5833, 1.625, 1.6667, 10.4583],
            "transform": [
                [0.798597, -0.571552, 0.188608, 0.069756, -0.513522, -0.483611, 0.708813, 0.064176, -0.313911, -0.66291, -0.679714, -0.002264, 0.0, 0.0, 0.0, 1.0],
                [0.392585, -0.833454, -0.388887, 0.007757, -0.646244, -0.550839, 0.528154, 0.002983, -0.654406, 0.04397, -0.754864, -0.054808, 0.0, 0.0, 0.0, 1.0],
                [-0.23514, -0.851672, -0.468365, -0.040867, -0.600215, -0.251784, 0.759176, -0.044876, -0.764496, 0.459632, -0.451981, -0.080449, 0.0, 0.0, 0.0, 1.0],
                [-0.763976, -0.573328, 0.296038, -0.051489, 0.281928, 0.116088, 0.952387, -0.0547, -0.580397, 0.811061, 0.072948, -0.011617, 0.0, 0.0, 0.0, 1.0],
                [-0.057284, -0.159444, 0.985543, -0.01533, 0.995591, 0.064338, 0.068277, -0.028814, -0.074295, 0.985109, 0.155055, 0.043797, 0.0, 0.0, 0.0, 1.0],
                [0.702007, -0.09192, 0.706215, 0.061457, 0.674412, -0.232806, -0.700693, 0.016271, 0.228818, 0.968169, -0.10144, 0.08677, 0.0, 0.0, 0.0, 1.0],
                [0.950803, -0.298073, 0.084431, 0.078035, -0.031728, -0.364791, -0.930549, 0.117204, 0.308172, 0.882089, -0.356301, 0.019806, 0.0, 0.0, 0.0, 1.0],
                [0.758771, -0.369047, -0.536725, -0.000387, -0.63207, -0.218125, -0.743579, 0.10496, 0.157343, 0.903453, -0.398769, -0.105636, 0.0, 0.0, 0.0, 1.0],
                [-0.135876, -0.129233, -0.982261, 0.053065, -0.982203, -0.112208, 0.15063, 0.10187, -0.129684, 0.985246, -0.111686, -0.11742, 0.0, 0.0, 0.0, 1.0],
                [-0.922201, 0.075031, -0.379367, 0.064477, -0.385935, -0.116249, 0.915172, 0.098333, 0.024565, 0.990382, 0.136161, -0.095021, 0.0, 0.0, 0.0, 1.0],
                [-0.937623, 0.179343, 0.297831, 0.078967, 0.273747, -0.147242, 0.950464, 0.079099, 0.214313, 0.972706, 0.088962, -0.094089, 0.0, 0.0, 0.0, 1.0],
                [-0.690621, 0.155719, 0.706255, 0.093459, 0.697586, -0.114257, 0.707333, 0.059867, 0.19084, 0.981172, -0.029719, -0.093156, 0.0, 0.0, 0.0, 1.0],
                [-0.348234, 0.26949, 0.897835, 0.093017, 0.934207, 0.020672, 0.356135, 0.057676, 0.077415, 0.962782, -0.258958, -0.100801, 0.0, 0.0, 0.0, 1.0],
                [0.115726, 0.578962, 0.8071, 0.087448, 0.972652, 0.098698, -0.210262, 0.060438, -0.201394, 0.809359, -0.551706, -0.113855, 0.0, 0.0, 0.0, 1.0],
                [0.340295, 0.87866, 0.334897, 0.081881, 0.74136, -0.031613, -0.670363, 0.063199, -0.578436, 0.4764, -0.66216, -0.126908, 0.0, 0.0, 0.0, 1.0],
                [0.315109, 0.804096, -0.504119, 0.084285, 0.523872, -0.590294, -0.614094, 0.069527, -0.791371, -0.070587, -0.607249, -0.088461, 0.0, 0.0, 0.0, 1.0],
                [0.147967, 0.468093, -0.871203, 0.09767, 0.432234, -0.822924, -0.368742, 0.080511, -0.889541, -0.322001, -0.32409, -0.067161, 0.0, 0.0, 0.0, 1.0],
                [0.130146, 0.464641, -0.875883, 0.11317, 0.356712, -0.846187, -0.395885, 0.091308, -0.925106, -0.260915, -0.275871, -0.066133, 0.0, 0.0, 0.0, 1.0],
                [0.197152, 0.42383, -0.884025, 0.132545, 0.30587, -0.883305, -0.35527, 0.104803, -0.931438, -0.200353, -0.303782, -0.064848, 0.0, 0.0, 0.0, 1.0],
                [0.207018, 0.367106, -0.90685, 0.136176, 0.287231, -0.908887, -0.302362, 0.101384, -0.935225, -0.19788, -0.293599, -0.058321, 0.0, 0.0, 0.0, 1.0],
                [0.184103, 0.305109, -0.934353, 0.12931, 0.277998, -0.927951, -0.248242, 0.086688, -0.942776, -0.214046, -0.255658, -0.048298, 0.0, 0.0, 0.0, 1.0],
                [0.163141, 0.237322, -0.957634, 0.122445, 0.29013, -0.93926, -0.183343, 0.071992, -0.942981, -0.247927, -0.222086, -0.038275, 0.0, 0.0, 0.0, 1.0],
                [0.168469, 0.182041, -0.968752, 0.115931, 0.320904, -0.939387, -0.120718, 0.071497, -0.93201, -0.290538, -0.216675, -0.021539, 0.0, 0.0, 0.0, 1.0],
                [0.235807, 0.122126, -0.964096, 0.107368, 0.392213, -0.919645, -0.020564, 0.07557, -0.889138, -0.373281, -0.264758, 0.003013, 0.0, 0.0, 0.0, 1.0],
                [0.390172, 0.083794, -0.916921, 0.098805, 0.477651, -0.869789, 0.123765, 0.079643, -0.787159, -0.486257, -0.379391, 0.027566, 0.0, 0.0, 0.0, 1.0],
                [0.582958, 0.08957, -0.807551, 0.090242, 0.526681, -0.798471, 0.291638, 0.083717, -0.618684, -0.595333, -0.512649, 0.052118, 0.0, 0.0, 0.0, 1.0],
                [0.745088, 0.134485, -0.653269, 0.081272, 0.511657, -0.74356, 0.430497, 0.079839, -0.427849, -0.655006, -0.622826, 0.068367, 0.0, 0.0, 0.0, 1.0],
                [0.835572, 0.187938, -0.516237, 0.073875, 0.470094, -0.730875, 0.494806, 0.072495, -0.284313, -0.656125, -0.699046, 0.076937, 0.0, 0.0, 0.0, 1.0],
                [0.914714, 0.25284, -0.315235, 0.064631, 0.390699, -0.752597, 0.530049, 0.063315, -0.103228, -0.608005, -0.787194, 0.08765, 0.0, 0.0, 0.0, 1.0],
                [0.944643, 0.314364, -0.093965, 0.060935, 0.315523, -0.791805, 0.522964, 0.059644, 0.089999, -0.523661, -0.84716, 0.091935, 0.0, 0.0, 0.0, 1.0],
                [0.926762, 0.356727, 0.117731, 0.060934, 0.259389, -0.834385, 0.486333, 0.059644, 0.271722, -0.420176, -0.865806, 0.091935, 0.0, 0.0, 0.0, 1.0],
                [0.874246, 0.380467, 0.301564, 0.060934, 0.226407, -0.868989, 0.439997, 0.059643, 0.429461, -0.316389, -0.84585, 0.091936, 0.0, 0.0, 0.0, 1.0],
                [0.818956, 0.387766, 0.423027, 0.060934, 0.213527, -0.890138, 0.402568, 0.059644, 0.532655, -0.239357, -0.811781, 0.091935, 0.0, 0.0, 0.0, 1.0],
                [0.740392, 0.384656, 0.551237, 0.060933, 0.209368, -0.91125, 0.354665, 0.059644, 0.63874, -0.147179, -0.755216, 0.091936, 0.0, 0.0, 0.0, 1.0],
                [0.660621, 0.369265, 0.653625, 0.060934, 0.213314, -0.927106, 0.308173, 0.059644, 0.719778, -0.064158, -0.691235, 0.091935, 0.0, 0.0, 0.0, 1.0],
                [0.593349, 0.340265, 0.729492, 0.060934, 0.215438, -0.940329, 0.263378, 0.059643, 0.775582, 0.000886, -0.631248, 0.091935, 0.0, 0.0, 0.0, 1.0],
                [0.536635, 0.312435, 0.783842, 0.060934, 0.224605, -0.948303, 0.224219, 0.059644, 0.813375, 0.055731, -0.579066, 0.091936, 0.0, 0.0, 0.0, 1.0],
                [0.516201, 0.293182, 0.804725, 0.060934, 0.234359, -0.952077, 0.196535, 0.059644, 0.823781, 0.087143, -0.560173, 0.091935, 0.0, 0.0, 0.0, 1.0],
                [0.518519, 0.272873, 0.810358, 0.060934, 0.245766, -0.955283, 0.164419, 0.059644, 0.818988, 0.113904, -0.562395, 0.091936, 0.0, 0.0, 0.0, 1.0],
                [0.528586, 0.253079, 0.810278, 0.060934, 0.255393, -0.957712, 0.132523, 0.059644, 0.809553, 0.136889, -0.570867, 0.091935, 0.0, 0.0, 0.0, 1.0],
                [0.536318, 0.242597, 0.8084, 0.060933, 0.261945, -0.958348, 0.113814, 0.059644, 0.802341, 0.150716, -0.577526, 0.091935, 0.0, 0.0, 0.0, 1.0],
                [0.536318, 0.242597, 0.8084, 0.060933, 0.261945, -0.958348, 0.113814, 0.059644, 0.802341, 0.150716, -0.577526, 0.091935, 0.0, 0.0, 0.0, 1.0]
            ]
        },
        {
            "name": "Leg_R",
            "time": [0.0, 0.0417, 0.0833, 0.125, 0.1667, 0.2083, 0.25, 0.2917, 0.3333, 0.375, 0.4167, 0.4583, 0.5, 0.5417, 0.5833, 0.625, 0.6667, 0.7083, 0.75, 0.7917, 0.8333, 0.875, 0.9167, 0.9583, 1.0, 1.0417, 1.0833, 1.125, 1.1667, 1.2083, 1.25, 1.2917, 1.3333, 1.375, 1.4167, 1.4583, 1.5, 1.5417, 1.5833, 1.625, 1.6667, 10.4583],
            "transform": [
                [0.999999, -0.0, 0.0, -0.0, -0.0, 0.021651, 0.999765, 0.37472, 0.0, -0.999766, 0.021651, -0.0, 0.0, 0.0, 0.0, 1.0],
                [0.999999, 0.0, 0.0, 0.0, -0.0, 0.958733, 0.284307, 0.37472, -0.0, -0.284307, 0.958733, 0.0, 0.0, 0.0, 0.0, 1.0],
                [0.999999, 0.0, 0.0, -0.0, -0.0, 0.891066, 0.453874, 0.37472, -0.0, -0.453874, 0.891066, -0.0, 0.0, 0.0, 0.0, 1.0],
                [1.0, -0.0, 0.0, 0.0, -0.0, 0.667785, 0.744354, 0.37472, -0.0, -0.744355, 0.667784, -0.0, 0.0, 0.0, 0.0, 1.0],
                [0.999999, -0.0, 0.0, 0.0, -0.0, 0.31684, 0.948479, 0.37472, -0.0, -0.94848, 0.316839, -0.0, 0.0, 0.0, 0.0, 1.0],
                [0.999999, -0.0, 0.0, 0.0, -0.0, -0.184058, 0.982915, 0.37472, 0.0, -0.982916, -0.184058, -0.0, 0.0, 0.0, 0.0, 1.0],
                [0.999999, -0.0, 0.0, 0.0, -0.0, -0.654967, 0.755658, 0.37472, 0.0, -0.755659, -0.654966, 0.0, 0.0, 0.0, 0.0, 1.0],
                [0.999999, -0.0, 0.0, 0.0, -0.0, -0.819656, 0.572857, 0.37472, 0.0, -0.572857, -0.819655, -0.0, 0.0, 0.0, 0.0, 1.0],
                [0.999999, -0.0, 0.0, -0.0, -0.0, -0.840044, 0.54252, 0.37472, 0.0, -0.54252, -0.840043, -0.0, 0.0, 0.0, 0.0, 1.0],
                [0.999999, -0.0, 0.0, 0.0, -0.0, -0.770329, 0.637646, 0.37472, -0.0, -0.637647, -0.770328, 0.0, 0.0, 0.0, 0.0, 1.0],
                [1.0, -0.0, 0.0, 0.0, -0.0, -0.581145, 0.8138, 0.37472, 0.0, -0.813801, -0.581144, 0.0, 0.0, 0.0, 0.0, 1.0],
                [0.999999, -0.0, 0.0, -0.0, -0.0, -0.243565, 0.969884, 0.37472, 0.0, -0.969886, -0.243564, -0.0, 0.0, 0.0, 0.0, 1.0],
                [0.999999, 0.0, 1e-06, 0.0, -1e-06, 0.070122, 0.997538, 0.37472, -0.0, -0.99754, 0.070122, -1e-06, 0.0, 0.0, 0.0, 1.0],
                [0.999999, 0.0, 0.0, 0.0, -0.0, 0.478373, 0.878157, 0.37472, -0.0, -0.878158, 0.478372, -0.0, 0.0, 0.0, 0.0, 1.0],
                [0.999999, 0.0, 0.0, 0.0, -0.0, 0.733856, 0.679305, 0.37472, -0.0, -0.679306, 0.733855, 0.0, 0.0, 0.0, 0.0, 1.0],
                [0.999999, 0.0, 0.0, -0.0, -0.0, 0.563125, 0.826371, 0.37472, -0.0, -0.826373, 0.563124, 0.0, 0.0, 0.0, 0.0, 1.0],
                [0.999999, 0.0, 0.0, 0.0, -1e-06, 0.435402, 0.900236, 0.37472, -0.0, -0.900237, 0.435401, -0.0, 0.0, 0.0, 0.0, 1.0],
                [0.999999, 0.0, 1e-06, -0.0, -0.0, 0.515271, 0.857027, 0.37472, -0.0, -0.857028, 0.515271, 0.0, 0.0, 0.0, 0.0, 1.0],
                [0.999999, 0.0, 0.0, -0.0, -0.0, 0.574925, 0.818206, 0.37472, -0.0, -0.818207, 0.574925, 0.0, 0.0, 0.0, 0.0, 1.0],
                [0.999999, 0.0, 0.0, 0.0, -0.0, 0.541863, 0.840467, 0.37472, -0.0, -0.840468, 0.541862, -1e-06, 0.0, 0.0, 0.0, 1.0],
                [0.999999, 0.0, 0.0, -0.0, -0.0, 0.441204, 0.897406, 0.37472, -0.0, -0.897407, 0.441204, 0.0, 0.0, 0.0, 0.0, 1.0],
                [0.999999, -0.0, 0.0, 0.0, -0.0, 0.316375, 0.948634, 0.37472, -0.0, -0.948635, 0.316375, -0.0, 0.0, 0.0, 0.0, 1.0],
                [0.999999, 0.0, 0.0, -0.0, -0.0, 0.228827, 0.973467, 0.37472, -0.0, -0.973468, 0.228826, 0.0, 0.0, 0.0, 0.0, 1.0],
                [0.999999, 0.0, 0.0, -0.0, -0.0, 0.168418, 0.985716, 0.37472, -0.0, -0.985716, 0.168418, -1e-06, 0.0, 0.0, 0.0, 1.0],
                [0.999999, 0.0, 0.0, -0.0, -0.0, 0.147369, 0.989082, 0.37472, -0.0, -0.989082, 0.147369, -0.0, 0.0, 0.0, 0.0, 1.0],
                [1.0, 0.0, 0.0, 0.0, -0.0, 0.157228, 0.987562, 0.37472, -0.0, -0.987563, 0.157228, -0.0, 0.0, 0.0, 0.0, 1.0],
                [1.0, 0.0, 0.0, 1e-06, -0.0, 0.183242, 0.983068, 0.37472, 0.0, -0.983068, 0.183241, 0.0, 0.0, 0.0, 0.0, 1.0],
                [1.0, 0.0, 0.0, -0.0, -0.0, 0.212877, 0.977078, 0.37472, -0.0, -0.977079, 0.212877, 0.0, 0.0, 0.0, 0.0, 1.0],
                [1.0, 0.0, 0.0, 0.0, -0.0, 0.269163, 0.963094, 0.37472, -0.0, -0.963095, 0.269162, 0.0, 0.0, 0.0, 0.0, 1.0],
                [1.0, 0.0, 0.0, -0.0, -0.0, 0.345384, 0.938461, 0.37472, -0.0, -0.938461, 0.345384, 0.0, 0.0, 0.0, 0.0, 1.0],
                [1.0, 0.0, 0.0, -0.0, -0.0, 0.430856, 0.90242, 0.37472, -0.0, -0.90242, 0.430856, -0.0, 0.0, 0.0, 0.0, 1.0],
                [1.0, 0.0, 0.0, 0.0, -0.0, 0.513593, 0.858034, 0.37472, -0.0, -0.858034, 0.513593, 0.0, 0.0, 0.0, 0.0, 1.0],
                [1.0, 0.0, 0.0, 0.0, -0.0, 0.582364, 0.812928, 0.37472, -0.0, -0.812927, 0.582365, -0.0, 0.0, 0.0, 0.0, 1.0],
                [1.0, 0.0, 0.0, -0.0, -0.0, 0.671744, 0.740783, 0.37472, -0.0, -0.740783, 0.671744, 0.0, 0.0, 0.0, 0.0, 1.0],
                [1.0, 0.0, 0.0, -0.0, -0.0, 0.75475, 0.656013, 0.37472, -0.0, -0.656012, 0.75475, 0.0, 0.0, 0.0, 0.0, 1.0],
                [1.0, 0.0, 0.0, -0.0, -0.0, 0.824015, 0.566567, 0.37472, -0.0, -0.566567, 0.824016, 0.0, 0.0, 0.0, 0.0, 1.0],
                [1.0, 0.0, 0.0, 0.0, -0.0, 0.875212, 0.483739, 0.37472, -0.0, -0.483739, 0.875212, -0.0, 0.0, 0.0, 0.0, 1.0],
                [1.0, 0.0, 0.0, -0.0, -0.0, 0.900349, 0.435167, 0.37472, -0.0, -0.435167, 0.90035, 0.0, 0.0, 0.0, 0.0, 1.0],
                [1.0, 0.0, 0.0, -0.0, -0.0, 0.915428, 0.402482, 0.37472, -0.0, -0.402481, 0.915428, -0.0, 0.0, 0.0, 0.0, 1.0],
                [1.0, 0.0, 0.0, -0.0, -0.0, 0.923355, 0.383947, 0.37472, -0.0, -0.383947, 0.923355, 0.0, 0.0, 0.0, 0.0, 1.0],
                [0.999999, 0.0, 0.0, 0.0, -0.0, 0.927979, 0.372632, 0.37472, -0.0, -0.372632, 0.927979, 0.0, 0.0, 0.0, 0.0, 1.0],
                [0.999999, 0.0, 0.0, 0.0, -0.0, 0.927979, 0.372632, 0.37472, -0.0, -0.372632, 0.927979, 0.0, 0.0, 0.0, 0.0, 1.0]
            ]
        },
        {
            "name": "Knee_R",
            "time": [0.0, 10.4583],
            "transform": [
                [1.0, 0.0, -0.0, -0.0, -0.0, 1e-06, -1.0, 0.37472, -0.0, 1.0, 1e-06, 0.0, 0.0, 0.0, 0.0, 1.0],
                [1.0, 0.0, -0.0, -0.0, -0.0, 1e-06, -1.0, 0.37472, -0.0, 1.0, 1e-06, 0.0, 0.0, 0.0, 0.0, 1.0]
            ]
        },
        {
            "name": "Thigh_L",
            "time": [0.0, 0.0417, 0.0833, 0.125, 0.1667, 0.2083, 0.25, 0.2917, 0.3333, 0.375, 0.4167, 0.4583, 0.5, 0.5417, 0.5833, 0.625, 0.6667, 0.7083, 0.75, 0.7917, 0.8333, 0.875, 0.9167, 0.9583, 1.0, 1.0417, 1.0833, 1.125, 1.1667, 1.2083, 1.25, 1.2917, 1.3333, 1.375, 1.4167, 1.4583, 1.5, 1.5417, 1.5833, 1.625, 1.6667, 10.4583],
            "transform": [
                [0.611564, -0.690684, 0.385933, -0.105772, -0.551416, -0.022276, 0.833931, 0.078334, -0.567385, -0.722816, -0.394478, 0.059832, 0.0, 0.0, 0.0, 1.0],
                [0.09423, -0.73269, 0.674008, -0.016528, -0.54025, 0.531031, 0.652791, 0.097459, -0.836209, -0.425648, -0.345797, 0.121775, 0.0, 0.0, 0.0, 1.0],
                [-0.577255, 0.006061, 0.816541, 0.030315, 0.214271, 0.966057, 0.14431, 0.135341, -0.787947, 0.258265, -0.558959, 0.040461, 0.0, 0.0, 0.0, 1.0],
                [-0.186663, 0.68352, 0.705662, 0.007854, 0.922206, 0.369516, -0.113974, 0.138862, -0.338655, 0.629494, -0.699321, -0.068341, 0.0, 0.0, 0.0, 1.0],
                [0.607781, 0.556049, 0.566932, -0.07939, 0.784931, -0.312479, -0.535011, 0.075501, -0.120338, 0.770176, -0.626379, -0.091523, 0.0, 0.0, 0.0, 1.0],
                [0.9831, 0.18134, 0.02502, -0.092603, 0.121458, -0.543902, -0.830312, 0.020045, -0.136959, 0.819322, -0.556735, -0.054403, 0.0, 0.0, 0.0, 1.0],
                [0.788933, -0.130014, -0.600565, -0.074492, -0.58965, -0.435183, -0.680387, -0.040367, -0.172895, 0.890907, -0.419993, 0.044136, 0.0, 0.0, 0.0, 1.0],
                [0.187108, -0.25441, -0.948823, -0.063949, -0.965811, -0.224066, -0.13038, -0.005809, -0.179428, 0.940784, -0.287636, 0.098356, 0.0, 0.0, 0.0, 1.0],
                [-0.80213, -0.113084, -0.586342, -0.050818, -0.594904, 0.236344, 0.768264, 0.058336, 0.0517, 0.965069, -0.256853, 0.139905, 0.0, 0.0, 0.0, 1.0],
                [-0.839648, 0.533247, 0.103136, -0.028135, 0.421414, 0.519841, 0.743084, 0.092912, 0.342631, 0.667395, -0.661202, 0.127239, 0.0, 0.0, 0.0, 1.0],
                [-0.171683, 0.97751, 0.122488, -0.003717, 0.944612, 0.128042, 0.302175, 0.12211, 0.279694, 0.167583, -0.94535, 0.104717, 0.0, 0.0, 0.0, 1.0],
                [0.454629, 0.887078, -0.080052, 0.018284, 0.890522, -0.454396, 0.022183, 0.167251, -0.016698, -0.081373, -0.996543, 0.089724, 0.0, 0.0, 0.0, 1.0],
                [0.666368, 0.570231, -0.480406, 0.035727, 0.559251, -0.808372, -0.183779, 0.168483, -0.493141, -0.146203, -0.857575, 0.088079, 0.0, 0.0, 0.0, 1.0],
                [0.58782, 0.017657, -0.808797, 0.049492, 0.257994, -0.951653, 0.16673, 0.164127, -0.766747, -0.306673, -0.563956, 0.091024, 0.0, 0.0, 0.0, 1.0],
                [0.478921, -0.559289, -0.676632, 0.038468, 0.044933, -0.754151, 0.655164, 0.168763, -0.876705, -0.344176, -0.336048, 0.099881, 0.0, 0.0, 0.0, 1.0],
                [0.304286, -0.910973, -0.278461, -0.020606, -0.098963, -0.320973, 0.941903, 0.136879, -0.947424, -0.259051, -0.187821, 0.11812, 0.0, 0.0, 0.0, 1.0],
                [0.193248, -0.978868, 0.066906, -0.079521, -0.189932, 0.029579, 0.98135, 0.108281, -0.962588, -0.202352, -0.180202, 0.135877, 0.0, 0.0, 0.0, 1.0],
                [0.143027, -0.988674, 0.045507, -0.1103, -0.209688, 0.014665, 0.977657, 0.095499, -0.967248, -0.149375, -0.205216, 0.118355, 0.0, 0.0, 0.0, 1.0],
                [0.111449, -0.986122, -0.123067, -0.129829, -0.192083, -0.14288, 0.970921, 0.084533, -0.975027, -0.08457, -0.205342, 0.070949, 0.0, 0.0, 0.0, 1.0],
                [0.111676, -0.977234, -0.180408, -0.133442, -0.200301, -0.199954, 0.959112, 0.076779, -0.973346, -0.070975, -0.218071, 0.015925, 0.0, 0.0, 0.0, 1.0],
                [0.131751, -0.97925, -0.153998, -0.146265, -0.214239, -0.17981, 0.960087, 0.075865, -0.967852, -0.093501, -0.233484, 0.004295, 0.0, 0.0, 0.0, 1.0],
                [0.155742, -0.982379, -0.103345, -0.142764, -0.234454, -0.138396, 0.962224, 0.074951, -0.959568, -0.12563, -0.251877, -0.019023, 0.0, 0.0, 0.0, 1.0],
                [0.175856, -0.982244, -0.065396, -0.131259, -0.255787, -0.109743, 0.960483, 0.07422, -0.950601, -0.15218, -0.270544, -0.04391, 0.0, 0.0, 0.0, 1.0],
                [0.201945, -0.978407, -0.044076, -0.108559, -0.28533, -0.101825, 0.953004, 0.069799, -0.93691, -0.179879, -0.299732, -0.054546, 0.0, 0.0, 0.0, 1.0],
                [0.236028, -0.97086, -0.041554, -0.099009, -0.301148, -0.113737, 0.946769, 0.064501, -0.923902, -0.210951, -0.319218, -0.060596, 0.0, 0.0, 0.0, 1.0],
                [0.272581, -0.959894, -0.065623, -0.095983, -0.324011, -0.155805, 0.933134, 0.059909, -0.905931, -0.233094, -0.353487, -0.065516, 0.0, 0.0, 0.0, 1.0],
                [0.309852, -0.943368, -0.11854, -0.087513, -0.378134, -0.236662, 0.894988, 0.056377, -0.872354, -0.232492, -0.43005, -0.068209, 0.0, 0.0, 0.0, 1.0],
                [0.3908, -0.919158, -0.049272, -0.080736, -0.490141, -0.253108, 0.834084, 0.053552, -0.779123, -0.301811, -0.549431, -0.070364, 0.0, 0.0, 0.0, 1.0],
                [0.629241, -0.738004, 0.243734, -0.072265, -0.630307, -0.301091, 0.71558, 0.05002, -0.454713, -0.603902, -0.654628, -0.073057, 0.0, 0.0, 0.0, 1.0],
                [0.799034, -0.477864, 0.364951, -0.068876, -0.578234, -0.444245, 0.684317, 0.048607, -0.164882, -0.757824, -0.631284, -0.074134, 0.0, 0.0, 0.0, 1.0],
                [0.875512, -0.330845, 0.352162, -0.068876, -0.480457, -0.518632, 0.707235, 0.048607, -0.051343, -0.788395, -0.613024, -0.074133, 0.0, 0.0, 0.0, 1.0],
                [0.917886, -0.236633, 0.31857, -0.068876, -0.39628, -0.589164, 0.704164, 0.048607, 0.021062, -0.772589, -0.634558, -0.074134, 0.0, 0.0, 0.0, 1.0],
                [0.936513, -0.198584, 0.288971, -0.068877, -0.344527, -0.674245, 0.653219, 0.048607, 0.065119, -0.71131, -0.699856, -0.074134, 0.0, 0.0, 0.0, 1.0],
                [0.947192, -0.120563, 0.297134, -0.068876, -0.286495, -0.734388, 0.615302, 0.048607, 0.144029, -0.667939, -0.730146, -0.074134, 0.0, 0.0, 0.0, 1.0],
                [0.932067, -0.065631, 0.356287, -0.068876, -0.256354, -0.814395, 0.52062, 0.048607, 0.255989, -0.576591, -0.775894, -0.074133, 0.0, 0.0, 0.0, 1.0],
                [0.886408, -0.036756, 0.46144, -0.068876, -0.24929, -0.877847, 0.408952, 0.048607, 0.390041, -0.477533, -0.787293, -0.074134, 0.0, 0.0, 0.0, 1.0],
                [0.835806, -0.029728, 0.548217, -0.068876, -0.244099, -0.914534, 0.322562, 0.048607, 0.491772, -0.40342, -0.771629, -0.074133, 0.0, 0.0, 0.0, 1.0],
                [0.824633, -0.050423, 0.563413, -0.068877, -0.237167, -0.935068, 0.263445, 0.048607, 0.513544, -0.35087, -0.783046, -0.074133, 0.0, 0.0, 0.0, 1.0],
                [0.839281, -0.055204, 0.540884, -0.068876, -0.231815, -0.936209, 0.264154, 0.048607, 0.491797, -0.347086, -0.79854, -0.074134, 0.0, 0.0, 0.0, 1.0],
                [0.864571, -0.043842, 0.50059, -0.068878, -0.221998, -0.927027, 0.302226, 0.048607, 0.450809, -0.372428, -0.811213, -0.074133, 0.0, 0.0, 0.0, 1.0],
                [0.882037, -0.042451, 0.46926, -0.068878, -0.216735, -0.920871, 0.324078, 0.048607, 0.418369, -0.387556, -0.821442, -0.074133, 0.0, 0.0, 0.0, 1.0],
                [0.882037, -0.042451, 0.46926, -0.068878, -0.216735, -0.920871, 0.324078, 0.048607, 0.418369, -0.387556, -0.821442, -0.074133, 0.0, 0.0, 0.0, 1.0]
            ]
        },
        {
            "name": "Leg_L",
            "time": [0.0, 0.0417, 0.0833, 0.125, 0.1667, 0.2083, 0.25, 0.2917, 0.3333, 0.375, 0.4167, 0.4583, 0.5, 0.5417, 0.5833, 0.625, 0.6667, 0.7083, 0.75, 0.7917, 0.8333, 0.875, 0.9167, 0.9583, 1.0, 1.0417, 1.0833, 1.125, 1.1667, 1.2083, 1.25, 1.2917, 1.3333, 1.375, 1.4167, 1.4583, 1.5, 1.5417, 1.5833, 1.625, 1.6667, 10.4583],
            "transform": [
                [0.999998, -2e-06, 0.0, 0.0, -0.0, 0.012168, 0.999926, 0.37472, -2e-06, -0.999928, 0.012168, 0.0, 0.0, 0.0, 0.0, 1.0],
                [0.999998, -2e-06, -0.0, 0.0, -0.0, -0.402543, 0.915401, 0.37472, -2e-06, -0.915402, -0.402543, -0.0, 0.0, 0.0, 0.0, 1.0],
                [0.999998, -2e-06, -0.0, -0.0, -0.0, -0.415065, 0.909792, 0.37472, -2e-06, -0.909793, -0.415065, -0.0, 0.0, 0.0, 0.0, 1.0],
                [0.999998, -2e-06, 0.0, -0.0, -0.0, 0.022481, 0.999747, 0.37472, -2e-06, -0.999749, 0.022481, -0.0, 0.0, 0.0, 0.0, 1.0],
                [0.999997, -1e-06, 1e-06, 1e-06, -0.0, 0.54065, 0.841249, 0.37472, -1e-06, -0.841249, 0.54065, 0.0, 0.0, 0.0, 0.0, 1.0],
                [0.999998, -1e-06, 1e-06, 0.0, -0.0, 0.71251, 0.701663, 0.37472, -1e-06, -0.701662, 0.712511, 0.0, 0.0, 0.0, 0.0, 1.0],
                [0.999997, -0.0, 1e-06, -0.0, -1e-06, 0.749088, 0.662472, 0.37472, -1e-06, -0.66247, 0.74909, 0.0, 0.0, 0.0, 0.0, 1.0],
                [0.999998, -1e-06, 1e-06, 0.0, -0.0, 0.737025, 0.675867, 0.37472, -1e-06, -0.675866, 0.737026, -0.0, 0.0, 0.0, 0.0, 1.0],
                [0.999997, -1e-06, 1e-06, 0.0, -0.0, 0.644538, 0.764573, 0.37472, -1e-06, -0.764573, 0.644538, -0.0, 0.0, 0.0, 0.0, 1.0],
                [0.999998, -1e-06, 1e-06, -0.0, -0.0, 0.551775, 0.833995, 0.37472, -2e-06, -0.833994, 0.551775, -0.0, 0.0, 0.0, 0.0, 1.0],
                [0.999998, -1e-06, 1e-06, -0.0, -0.0, 0.625822, 0.779968, 0.37472, -2e-06, -0.779967, 0.625822, -0.0, 0.0, 0.0, 0.0, 1.0],
                [0.999998, -1e-06, 1e-06, -0.0, -0.0, 0.768212, 0.640197, 0.37472, -1e-06, -0.640196, 0.768213, -0.0, 0.0, 0.0, 0.0, 1.0],
                [0.999998, -0.0, 1e-06, -0.0, -0.0, 0.846769, 0.531962, 0.37472, -1e-06, -0.531961, 0.846771, 0.0, 0.0, 0.0, 0.0, 1.0],
                [0.999997, -1e-06, 1e-06, 0.0, -0.0, 0.526998, 0.849867, 0.37472, -2e-06, -0.849868, 0.526997, -0.0, 0.0, 0.0, 0.0, 1.0],
                [0.999997, -2e-06, 1e-06, -0.0, -0.0, 0.085053, 0.996376, 0.37472, -2e-06, -0.996378, 0.085053, -0.0, 0.0, 0.0, 0.0, 1.0],
                [0.999998, -2e-06, 0.0, -0.0, -0.0, -0.109266, 0.994012, 0.37472, -2e-06, -0.994015, -0.109266, 0.0, 0.0, 0.0, 0.0, 1.0],
                [0.999998, -2e-06, 0.0, -0.0, -0.0, -0.037853, 0.999283, 0.374719, -2e-06, -0.999285, -0.037853, 0.0, 0.0, 0.0, 0.0, 1.0],
                [0.999998, -2e-06, 1e-06, -0.0, -0.0, 0.209252, 0.977862, 0.374721, -2e-06, -0.977864, 0.209252, -0.0, 0.0, 0.0, 0.0, 1.0],
                [0.999998, -1e-06, 1e-06, -0.0, -0.0, 0.489325, 0.872102, 0.37472, -2e-06, -0.872103, 0.489324, -0.0, 0.0, 0.0, 0.0, 1.0],
                [0.999998, -1e-06, 1e-06, 0.0, -0.0, 0.587446, 0.809264, 0.374721, -2e-06, -0.809265, 0.587445, 0.0, 0.0, 0.0, 0.0, 1.0],
                [0.999998, -1e-06, 1e-06, -0.0, -0.0, 0.568005, 0.823026, 0.37472, -2e-06, -0.823027, 0.568005, -0.0, 0.0, 0.0, 0.0, 1.0],
                [0.999997, -1e-06, 1e-06, 0.0, -0.0, 0.511506, 0.85928, 0.374719, -2e-06, -0.859281, 0.511506, 0.0, 0.0, 0.0, 0.0, 1.0],
                [0.999998, -1e-06, 1e-06, 0.0, -0.0, 0.471646, 0.881788, 0.374719, -2e-06, -0.88179, 0.471646, 0.0, 0.0, 0.0, 0.0, 1.0],
                [0.999998, -1e-06, 1e-06, -0.0, -0.0, 0.465096, 0.885261, 0.37472, -2e-06, -0.885261, 0.465096, -0.0, 0.0, 0.0, 0.0, 1.0],
                [0.999997, -1e-06, 1e-06, 0.0, -0.0, 0.485577, 0.874195, 0.37472, -2e-06, -0.874195, 0.485577, 0.0, 0.0, 0.0, 0.0, 1.0],
                [0.999997, -1e-06, 1e-06, 0.0, -0.0, 0.54364, 0.83932, 0.37472, -2e-06, -0.83932, 0.54364, 0.0, 0.0, 0.0, 0.0, 1.0],
                [0.999997, -1e-06, 1e-06, 0.0, -0.0, 0.646668, 0.762773, 0.37472, -2e-06, -0.762772, 0.646669, -0.0, 0.0, 0.0, 0.0, 1.0],
                [0.999997, -1e-06, 1e-06, -0.0, -0.0, 0.57727, 0.816555, 0.37472, -2e-06, -0.816555, 0.57727, 0.0, 0.0, 0.0, 0.0, 1.0],
                [0.999997, -2e-06, 1e-06, 0.0, -1e-06, 0.130693, 0.991423, 0.37472, -2e-06, -0.991425, 0.130692, 0.0, 0.0, 0.0, 0.0, 1.0],
                [0.999997, -2e-06, 0.0, 0.0, -1e-06, -0.091675, 0.995789, 0.37472, -2e-06, -0.995791, -0.091675, -0.0, 0.0, 0.0, 0.0, 1.0],
                [0.999997, -2e-06, 0.0, 0.0, -0.0, -0.052304, 0.998631, 0.37472, -2e-06, -0.998633, -0.052304, 0.0, 0.0, 0.0, 0.0, 1.0],
                [0.999997, -2e-06, 1e-06, 0.0, -0.0, 0.094796, 0.995497, 0.37472, -2e-06, -0.995498, 0.094796, 0.0, 0.0, 0.0, 0.0, 1.0],
                [0.999998, -1e-06, 1e-06, 0.0, -0.0, 0.315277, 0.949, 0.37472, -2e-06, -0.949001, 0.315276, 0.0, 0.0, 0.0, 0.0, 1.0],
                [0.999997, -1e-06, 1e-06, 0.0, -0.0, 0.530473, 0.847702, 0.37472, -2e-06, -0.847702, 0.530473, -0.0, 0.0, 0.0, 0.0, 1.0],
                [0.999998, -1e-06, 1e-06, -0.0, -0.0, 0.739676, 0.672964, 0.37472, -2e-06, -0.672963, 0.739677, -0.0, 0.0, 0.0, 0.0, 1.0],
                [0.999997, -0.0, 1e-06, -0.0, -0.0, 0.854378, 0.519652, 0.37472, -1e-06, -0.519651, 0.85438, -0.0, 0.0, 0.0, 0.0, 1.0],
                [0.999997, -0.0, 1e-06, -0.0, -0.0, 0.897021, 0.441988, 0.37472, -1e-06, -0.441987, 0.897023, 0.0, 0.0, 0.0, 0.0, 1.0],
                [0.999997, -0.0, 2e-06, 0.0, -0.0, 0.920362, 0.391067, 0.37472, -1e-06, -0.391066, 0.920365, 0.0, 0.0, 0.0, 0.0, 1.0],
                [0.999997, -0.0, 1e-06, 0.0, -0.0, 0.913368, 0.407134, 0.37472, -1e-06, -0.407133, 0.913371, 0.0, 0.0, 0.0, 0.0, 1.0],
                [0.999997, -0.0, 2e-06, 1e-06, -0.0, 0.885485, 0.464669, 0.37472, -1e-06, -0.464668, 0.885487, -0.0, 0.0, 0.0, 0.0, 1.0],
                [0.999998, -0.0, 1e-06, 0.0, -0.0, 0.86897, 0.494864, 0.37472, -1e-06, -0.494863, 0.868972, 0.0, 0.0, 0.0, 0.0, 1.0],
                [0.999998, -0.0, 1e-06, 0.0, -0.0, 0.86897, 0.494864, 0.37472, -1e-06, -0.494863, 0.868972, 0.0, 0.0, 0.0, 0.0, 1.0]
            ]
        },
        {
            "name": "Knee_L",
            "time": [0.0, 10.4583],
            "transform": [
                [1.0, 0.0, -0.0, 0.0, -0.0, 1e-06, -1.0, 0.37472, -0.0, 1.0, 1e-06, 0.0, 0.0, 0.0, 0.0, 1.0],
                [1.0, 0.0, -0.0, 1e-06, -0.0, 1e-06, -1.0, 0.37472, -0.0, 1.0, 1e-06, -0.0, 0.0, 0.0, 0.0, 1.0]
            ]
        },
        {
            "name": "Torso",
            "time": [0.0, 0.0417, 0.0833, 0.125, 0.1667, 0.2083, 0.25, 0.2917, 0.3333, 0.375, 0.4167, 0.4583, 0.5, 0.5417, 0.5833, 0.625, 0.6667, 0.7083, 0.75, 0.7917, 0.8333, 0.875, 0.9167, 0.9583, 1.0, 1.0417, 1.0833, 1.125, 1.1667, 1.2083, 1.25, 1.2917, 1.3333, 1.375, 1.4167, 1.4583, 1.5, 1.5417, 1.5833, 1.625, 1.6667, 10.4583],
            "transform": [
                [0.709894, 0.537238, 0.455441, -0.0, -0.634238, 0.768811, 0.081689, 0.05, -0.306262, -0.346847, 0.88651, 0.0, 0.0, 0.0, 0.0, 1.0],
                [0.047238, 0.781712, 0.621848, -0.0, -0.68412, 0.478935, -0.550093, 0.05, -0.72784, -0.399432, 0.557408, 0.0, 0.0, 0.0, 0.0, 1.0],
                [-0.726923, 0.659108, 0.192771, -0.0, -0.072242, 0.205758, -0.975933, 0.05, -0.682911, -0.723352, -0.101955, -0.0, 0.0, 0.0, 0.0, 1.0],
                [-0.477375, 0.42135, -0.771089, 0.0, 0.857085, 0.029827, -0.514314, 0.05, -0.193707, -0.906407, -0.375371, -0.0, 0.0, 0.0, 0.0, 1.0],
                [0.481302, 0.186643, -0.856454, 0.0, 0.870794, 0.010042, 0.491548, 0.05, 0.100344, -0.982376, -0.157694, -0.0, 0.0, 0.0, 0.0, 1.0],
                [0.931357, 0.091995, -0.352298, 0.0, 0.34753, 0.064063, 0.935478, 0.05, 0.108629, -0.993696, 0.027695, 0.0, 0.0, 0.0, 0.0, 1.0],
                [0.982333, 0.039749, 0.182881, 0.0, -0.184814, 0.052064, 0.981393, 0.05, 0.029487, -0.997852, 0.05849, 0.0, 0.0, 0.0, 0.0, 1.0],
                [0.752841, -0.095977, 0.651169, 0.0, -0.652748, 0.018263, 0.757356, 0.05, -0.084581, -0.995215, -0.048899, 0.0, 0.0, 0.0, 0.0, 1.0],
                [0.001751, -0.420004, 0.907521, 0.0, -0.98896, 0.13375, 0.063808, 0.05, -0.148181, -0.897611, -0.415133, 0.0, 0.0, 0.0, 0.0, 1.0],
                [-0.755811, -0.525872, 0.390141, 0.0, -0.624074, 0.39817, -0.672304, 0.05, 0.198204, -0.751609, -0.629124, 0.0, 0.0, 0.0, 0.0, 1.0],
                [-0.725366, -0.38396, -0.571331, 0.0, 0.425394, 0.402497, -0.810578, 0.05, 0.54119, -0.831005, -0.128623, -0.0, 0.0, 0.0, 0.0, 1.0],
                [0.103918, -0.494295, -0.863061, 0.0, 0.986951, 0.158577, 0.028014, 0.05, 0.123014, -0.854707, 0.504323, -0.0, 0.0, 0.0, 0.0, 1.0],
                [0.432963, -0.65507, -0.619214, -0.0, 0.877138, 0.147819, 0.456926, 0.05, -0.207788, -0.740966, 0.638587, -0.0, 0.0, 0.0, 0.0, 1.0],
                [0.519256, -0.805864, -0.284527, 0.0, 0.727705, 0.242345, 0.641651, 0.05, -0.448131, -0.540232, 0.71227, -0.0, 0.0, 0.0, 0.0, 1.0],
                [0.506128, -0.860648, 0.055838, 0.0, 0.584244, 0.389763, 0.711859, 0.05, -0.634426, -0.327668, 0.700099, 0.0, 0.0, 0.0, 0.0, 1.0],
                [0.466233, -0.759065, 0.454365, -0.0, 0.291028, 0.616616, 0.731497, 0.05, -0.835424, -0.208814, 0.508395, -0.0, 0.0, 0.0, 0.0, 1.0],
                [0.33587, -0.563408, 0.754826, -0.0, -0.00506, 0.800287, 0.599594, 0.05, -0.941896, -0.205205, 0.265942, -0.0, 0.0, 0.0, 0.0, 1.0],
                [0.250917, -0.495367, 0.831657, -0.0, -0.069655, 0.847674, 0.525924, 0.05, -0.965501, -0.189892, 0.178191, 0.0, 0.0, 0.0, 0.0, 1.0],
                [0.234944, -0.502877, 0.831815, -0.0, -0.025626, 0.852266, 0.522479, 0.05, -0.971673, -0.144069, 0.187348, 0.0, 0.0, 0.0, 0.0, 1.0],
                [0.258382, -0.495115, 0.829518, -0.0, -0.007271, 0.857654, 0.514174, 0.05, -0.966017, -0.138884, 0.218002, 0.0, 0.0, 0.0, 0.0, 1.0],
                [0.303546, -0.475808, 0.82551, -0.0, -0.006845, 0.865276, 0.501247, 0.05, -0.952794, -0.157802, 0.259394, -0.0, 0.0, 0.0, 0.0, 1.0],
                [0.364449, -0.453143, 0.813534, -0.0, -0.006448, 0.872369, 0.488804, 0.05, -0.931203, -0.183389, 0.315012, -0.0, 0.0, 0.0, 0.0, 1.0],
                [0.42736, -0.43256, 0.793886, -0.0, 0.006083, 0.879468, 0.475918, 0.05, -0.904063, -0.198558, 0.378481, -0.0, 0.0, 0.0, 0.0, 1.0],
                [0.524897, -0.408881, 0.746526, -0.0, 0.060808, 0.892833, 0.446261, 0.05, -0.848993, -0.188846, 0.493509, -0.0, 0.0, 0.0, 0.0, 1.0],
                [0.644457, -0.392966, 0.655938, -0.0, 0.16187, 0.908507, 0.385243, 0.05, -0.747313, -0.142095, 0.649103, -0.0, 0.0, 0.0, 0.0, 1.0],
                [0.757095, -0.387175, 0.526218, -0.0, 0.264804, 0.918199, 0.294598, 0.05, -0.597235, -0.083693, 0.797688, -0.0, 0.0, 0.0, 0.0, 1.0],
                [0.837797, -0.380148, 0.391901, -0.0, 0.32113, 0.923594, 0.209397, 0.05, -0.44156, -0.049581, 0.895861, -0.0, 0.0, 0.0, 0.0, 1.0],
                [0.881108, -0.361072, 0.305415, -0.0, 0.320984, 0.930871, 0.174488, 0.05, -0.347305, -0.055709, 0.936096, -0.0, 0.0, 0.0, 0.0, 1.0],
                [0.921788, -0.32261, 0.215015, -0.0, 0.291475, 0.942354, 0.164344, 0.05, -0.255639, -0.088818, 0.962684, -0.0, 0.0, 0.0, 0.0, 1.0],
                [0.953035, -0.272091, 0.133019, -0.0, 0.248353, 0.953463, 0.170962, 0.05, -0.173346, -0.129897, 0.976257, -0.0, 0.0, 0.0, 0.0, 1.0],
                [0.975342, -0.215596, 0.047212, 0.0, 0.204075, 0.962434, 0.179087, 0.05, -0.084049, -0.165036, 0.9827, -0.0, 0.0, 0.0, 0.0, 1.0],
                [0.985279, -0.161461, -0.056202, 0.0, 0.168945, 0.969901, 0.175348, 0.05, 0.026199, -0.182261, 0.982901, -0.0, 0.0, 0.0, 0.0, 1.0],
                [0.978411, -0.124087, -0.165278, 0.0, 0.149417, 0.977197, 0.150857, 0.05, 0.142791, -0.172295, 0.974641, 0.0, 0.0, 0.0, 0.0, 1.0],
                [0.939552, -0.08308, -0.332177, -0.0, 0.123254, 0.987147, 0.101723, 0.05, 0.319457, -0.136516, 0.937716, 0.0, 0.0, 0.0, 0.0, 1.0],
                [0.863718, -0.054539, -0.501018, -0.0, 0.089569, 0.994912, 0.046107, 0.05, 0.495955, -0.084699, 0.864208, 0.0, 0.0, 0.0, 0.0, 1.0],
                [0.76631, -0.041715, -0.641117, -0.0, 0.050737, 0.998702, -0.004338, 0.05, 0.640467, -0.029204, 0.767431, 0.0, 0.0, 0.0, 0.0, 1.0],
                [0.675647, -0.03945, -0.73617, -0.0, 0.014082, 0.999074, -0.040615, 0.05, 0.737093, 0.017075, 0.675577, 0.0, 0.0, 0.0, 0.0, 1.0],
                [0.642956, -0.041512, -0.764778, -0.0, -0.002909, 0.998389, -0.056638, 0.05, 0.765899, 0.038641, 0.6418, 0.0, 0.0, 0.0, 0.0, 1.0],
                [0.650935, -0.049023, -0.75755, -0.0, -0.005421, 0.997586, -0.069215, 0.05, 0.759115, 0.04916, 0.649099, -0.0, 0.0, 0.0, 0.0, 1.0],
                [0.675362, -0.058394, -0.735172, -0.0, 0.00114, 0.996941, -0.078139, 0.05, 0.737487, 0.051934, 0.673363, -0.0, 0.0, 0.0, 0.0, 1.0],
                [0.691777, -0.064602, -0.719216, -0.0, 0.006124, 0.996478, -0.083617, 0.05, 0.722087, 0.05344, 0.689737, -0.0, 0.0, 0.0, 0.0, 1.0],
                [0.691777, -0.064602, -0.719216, -0.0, 0.006124, 0.996478, -0.083617, 0.05, 0.722087, 0.05344, 0.689737, -0.0, 0.0, 0.0, 0.0, 1.0]
            ]
        },
        {
            "name": "Chest",
            "time": [0.0, 0.0417, 0.0833, 0.125, 0.1667, 0.2083, 0.25, 0.2917, 0.3333, 0.375, 0.4167, 0.4583, 0.5, 0.5417, 0.5833, 0.625, 0.6667, 0.7083, 0.75, 0.7917, 0.8333, 0.875, 0.9167, 0.9583, 1.0, 1.0417, 1.0833, 1.125, 1.1667, 1.2083, 1.25, 1.2917, 1.3333, 1.375, 1.4167, 1.4583, 1.5, 1.5417, 1.5833, 1.625, 1.6667, 10.4583],
            "transform": [
