{
    "animation": [
        {
            "name": "Root",
            "time": [0.0, 0.0417, 0.0833, 0.125, 0.1667, 0.2083, 0.25, 0.2917, 0.3333, 0.375, 0.4167, 0.4583, 0.5, 0.5417, 0.5833, 0.625, 0.6667, 0.7083, 0.75, 0.7917, 0.8333, 0.875, 0.9167, 0.9583, 1.0, 1.0417, 1.0833, 1.125, 1.1667, 1.2083, 1.25, 10.4583],
            "transform": [
                [1.0, -0.0, -0.0, -0.528866, -0.0, -0.0, -1.0, 0.565687, 0.0, 1.0, -0.0, 0.424027, 0.0, 0.0, 0.0, 1.0],
                [1.0, -0.0, -0.0, -0.420075, -0.0, -0.0, -1.0, 0.236121, 0.0, 1.0, -0.0, 0.500924, 0.0, 0.0, 0.0, 1.0],
                [1.0, -0.0, -0.0, -0.362935, -0.0, -0.0, -1.0, -0.214787, 0.0, 1.0, -0.0, 0.577822, 0.0, 0.0, 0.0, 1.0],
                [1.0, -0.0, -0.0, -0.397268, -0.0, -0.0, -1.0, -0.611713, 0.0, 1.0, -0.0, 0.654719, 0.0, 0.0, 0.0, 1.0],
                [1.0, -0.0, -0.0, -0.434082, -0.0, -0.0, -1.0, -0.97236, 0.0, 1.0, -0.0, 0.731616, 0.0, 0.0, 0.0, 1.0],
                [1.0, -0.0, -0.0, -0.349582, -0.0, -0.0, -1.0, -1.861732, 0.0, 1.0, -0.0, 1.016769, 0.0, 0.0, 0.0, 1.0],
                [1.0, -0.0, -0.0, -0.252524, -0.0, -0.0, -1.0, -2.570685, 0.0, 1.0, -0.0, 0.664257, 0.0, 0.0, 0.0, 1.0],
                [1.0, -0.0, -0.0, -0.252343, -0.0, -0.0, -1.0, -2.71312, 0.0, 1.0, -0.0, 0.240592, 0.0, 0.0, 0.0, 1.0],
                [1.0, -0.0, -0.0, -0.283481, -0.0, -0.0, -1.0, -3.371507, 0.0, 1.0, -0.0, 0.184929, 0.0, 0.0, 0.0, 1.0],
                [1.0, -0.0, -0.0, -0.349633, -0.0, -0.0, -1.0, -3.573846, 0.0, 1.0, -0.0, 0.245294, 0.0, 0.0, 0.0, 1.0],
                [1.0, -0.0, -0.0, -0.421468, -0.0, -0.0, -1.0, -3.731178, 0.0, 1.0, -0.0, 0.305659, 0.0, 0.0, 0.0, 1.0],
                [1.0, -0.0, -0.0, -0.475254, -0.0, -0.0, -1.0, -3.859302, 0.0, 1.0, -0.0, 0.366024, 0.0, 0.0, 0.0, 1.0],
                [1.0, -0.0, -0.0, -0.499185, -0.0, -0.0, -1.0, -3.959467, 0.0, 1.0, -0.0, 0.352107, 0.0, 0.0, 0.0, 1.0],
                [1.0, -0.0, -0.0, -0.506469, -0.0, -0.0, -1.0, -4.038754, 0.0, 1.0, -0.0, 0.338189, 0.0, 0.0, 0.0, 1.0],
                [1.0, -0.0, -0.0, -0.503266, -0.0, -0.0, -1.0, -4.091273, 0.0, 1.0, -0.0, 0.324271, 0.0, 0.0, 0.0, 1.0],
                [1.0, -0.0, -0.0, -0.493349, -0.0, -0.0, -1.0, -4.123382, 0.0, 1.0, -0.0, 0.310354, 0.0, 0.0, 0.0, 1.0],
                [1.0, -0.0, -0.0, -0.478413, -0.0, -0.0, -1.0, -4.146184, 0.0, 1.0, -0.0, 0.296436, 0.0, 0.0, 0.0, 1.0],
                [1.0, -0.0, -0.0, -0.460679, -0.0, -0.0, -1.0, -4.159405, 0.0, 1.0, -0.0, 0.318934, 0.0, 0.0, 0.0, 1.0],
                [1.0, -0.0, -0.0, -0.442409, -0.0, -0.0, -1.0, -4.165588, 0.0, 1.0, -0.0, 0.341432, 0.0, 0.0, 0.0, 1.0],
                [1.0, -0.0, -0.0, -0.425865, -0.0, -0.0, -1.0, -4.160035, 0.0, 1.0, -0.0, 0.36393, 0.0, 0.0, 0.0, 1.0],
                [1.0, -0.0, -0.0, -0.410362, -0.0, -0.0, -1.0, -4.145499, 0.0, 1.0, -0.0, 0.386428, 0.0, 0.0, 0.0, 1.0],
                [1.0, -0.0, -0.0, -0.394753, -0.0, -0.0, -1.0, -4.101017, 0.0, 1.0, -0.0, 0.408926, 0.0, 0.0, 0.0, 1.0],
                [1.0, -0.0, -0.0, -0.389137, -0.0, -0.0, -1.0, -4.043156, 0.0, 1.0, -0.0, 0.431424, 0.0, 0.0, 0.0, 1.0],
                [1.0, -0.0, -0.0, -0.400582, -0.0, -0.0, -1.0, -3.98586, 0.0, 1.0, -0.0, 0.494139, 0.0, 0.0, 0.0, 1.0],
                [1.0, -0.0, -0.0, -0.422483, -0.0, -0.0, -1.0, -3.9218, 0.0, 1.0, -0.0, 0.556853, 0.0, 0.0, 0.0, 1.0],
                [1.0, -0.0, -0.0, -0.449285, -0.0, -0.0, -1.0, -3.855532, 0.0, 1.0, -0.0, 0.619568, 0.0, 0.0, 0.0, 1.0],
                [1.0, -0.0, -0.0, -0.476314, -0.0, -0.0, -1.0, -3.794199, 0.0, 1.0, -0.0, 0.626421, 0.0, 0.0, 0.0, 1.0],
                [1.0, -0.0, -0.0, -0.498895, -0.0, -0.0, -1.0, -3.744935, 0.0, 1.0, -0.0, 0.633275, 0.0, 0.0, 0.0, 1.0],
                [1.0, -0.0, -0.0, -0.513324, -0.0, -0.0, -1.0, -3.713378, 0.0, 1.0, -0.0, 0.640128, 0.0, 0.0, 0.0, 1.0],
                [1.0, -0.0, -0.0, -0.52307, -0.0, -0.0, -1.0, -3.692786, 0.0, 1.0, -0.0, 0.622233, 0.0, 0.0, 0.0, 1.0],
                [1.0, -0.0, -0.0, -0.529574, -0.0, -0.0, -1.0, -3.680228, 0.0, 1.0, -0.0, 0.604338, 0.0, 0.0, 0.0, 1.0],
                [1.0, -0.0, -0.0, -0.529574, -0.0, -0.0, -1.0, -3.680228, 0.0, 1.0, -0.0, 0.604338, 0.0, 0.0, 0.0, 1.0]
            ]
        },
        {
            "name": "Thigh_R",
            "time": [0.0, 0.0417, 0.0833, 0.125, 0.1667, 0.2083, 0.25, 0.2917, 0.3333, 0.375, 0.4167, 0.4583, 0.5, 0.5417, 0.5833, 0.625, 0.6667, 0.7083, 0.75, 0.7917, 0.8333, 0.875, 0.9167, 0.9583, 1.0, 1.0417, 1.0833, 1.125, 1.1667, 1.2083, 1.25, 10.4583],
            "transform": [
                [-0.755551, 0.64691, -0.103212, -0.137583, -0.326847, -0.235718, 0.91521, 0.035616, 0.56773, 0.725222, 0.389536, 0.103928, 0.0, 0.0, 0.0, 1.0],
                [-0.968313, 0.240031, -0.068976, -0.138118, -0.248003, -0.956725, 0.152227, 0.045281, -0.029451, 0.16451, 0.985935, 0.092987, 0.0, 0.0, 0.0, 1.0],
                [-0.967918, 0.026627, -0.249856, -0.13911, 0.135776, -0.781275, -0.609241, 0.063229, -0.211429, -0.62362, 0.752593, 0.067863, 0.0, 0.0, 0.0, 1.0],
                [-0.927159, 0.017682, -0.374252, -0.139644, 0.269636, -0.662062, -0.699264, 0.072894, -0.260143, -0.749241, 0.609068, 0.040104, 0.0, 0.0, 0.0, 1.0],
                [-0.948347, 0.07236, -0.308875, -0.138743, 0.252217, -0.418592, -0.872449, 0.052949, -0.192424, -0.905287, 0.378719, 0.019116, 0.0, 0.0, 0.0, 1.0],
                [-0.896572, -0.35521, -0.264552, -0.132435, 0.218379, 0.16512, -0.961793, 0.009071, 0.385321, -0.920089, -0.070471, 0.005738, 0.0, 0.0, 0.0, 1.0],
                [-0.58916, -0.68788, -0.423926, -0.115312, -0.320182, 0.680449, -0.659146, -0.034808, 0.741874, -0.25261, -0.621138, -0.001333, 0.0, 0.0, 0.0, 1.0],
                [-0.352113, -0.740067, -0.572991, -0.081966, -0.838219, 0.521719, -0.158744, -0.054752, 0.416422, 0.424396, -0.804041, -0.003401, 0.0, 0.0, 0.0, 1.0],
                [-0.009521, -0.872573, -0.488392, -0.020645, -0.989992, -0.060551, 0.12748, -0.046664, -0.140808, 0.484718, -0.863262, 0.00215, 0.0, 0.0, 0.0, 1.0],
                [0.409343, -0.828178, -0.382833, 0.058026, -0.456811, -0.549253, 0.699747, -0.02665, -0.789787, -0.111554, -0.603152, 0.016542, 0.0, 0.0, 0.0, 1.0],
                [0.708814, -0.424103, -0.563668, 0.125882, 0.457793, -0.33137, 0.824996, -0.001088, -0.536667, -0.842812, -0.040728, 0.036385, 0.0, 0.0, 0.0, 1.0],
                [0.915832, -0.048131, -0.39867, 0.154759, 0.394159, -0.082055, 0.915372, 0.023643, -0.076771, -0.995465, -0.056178, 0.058288, 0.0, 0.0, 0.0, 1.0],
                [0.958215, 0.153278, -0.24152, 0.140866, 0.242938, 0.009704, 0.969994, 0.042368, 0.151023, -0.988136, -0.027939, 0.079427, 0.0, 0.0, 0.0, 1.0],
                [0.922097, 0.361866, -0.13709, 0.110302, 0.098805, 0.122357, 0.987556, 0.054716, 0.374137, -0.924166, 0.07707, 0.099248, 0.0, 0.0, 0.0, 1.0],
                [0.870981, 0.486853, -0.066099, 0.079737, -0.025038, 0.178343, 0.98365, 0.061516, 0.490681, -0.855085, 0.167522, 0.117761, 0.0, 0.0, 0.0, 1.0],
                [0.867774, 0.496627, -0.018251, 0.065844, -0.085248, 0.184937, 0.979046, 0.063598, 0.489596, -0.848034, 0.202819, 0.134978, 0.0, 0.0, 0.0, 1.0],
                [0.885234, 0.465111, 0.00592, 0.067548, -0.113624, 0.203883, 0.972379, 0.063421, 0.451058, -0.861455, 0.233331, 0.15067, 0.0, 0.0, 0.0, 1.0],
                [0.909348, 0.41543, 0.022529, 0.071295, -0.126711, 0.224969, 0.966092, 0.062974, 0.396276, -0.881367, 0.257214, 0.163648, 0.0, 0.0, 0.0, 1.0],
                [0.928782, 0.368395, 0.040653, 0.075043, -0.134469, 0.232728, 0.963201, 0.062383, 0.345378, -0.900069, 0.26569, 0.172483, 0.0, 0.0, 0.0, 1.0],
                [0.936503, 0.344066, 0.0677, 0.076746, -0.147054, 0.210075, 0.966563, 0.061771, 0.31834, -0.915143, 0.247331, 0.175746, 0.0, 0.0, 0.0, 1.0],
                [0.922379, 0.367658, 0.11852, 0.076378, -0.17109, 0.113743, 0.978668, 0.061242, 0.346335, -0.922979, 0.167816, 0.173793, 0.0, 0.0, 0.0, 1.0],
                [0.87881, 0.433604, 0.199206, 0.075368, -0.17997, -0.085454, 0.979953, 0.060809, 0.441936, -0.897042, 0.002938, 0.168441, 0.0, 0.0, 0.0, 1.0],
                [0.832297, 0.478558, 0.279761, 0.073859, -0.147431, -0.295405, 0.943928, 0.060463, 0.534368, -0.826873, -0.17531, 0.160444, 0.0, 0.0, 0.0, 1.0],
                [0.802282, 0.490396, 0.340379, 0.071994, -0.089792, -0.464574, 0.88097, 0.060192, 0.590156, -0.737349, -0.328686, 0.150558, 0.0, 0.0, 0.0, 1.0],
                [0.779743, 0.484477, 0.396592, 0.069915, -0.015406, -0.618393, 0.785718, 0.059989, 0.625913, -0.618767, -0.474723, 0.139539, 0.0, 0.0, 0.0, 1.0],
                [0.760066, 0.469012, 0.449811, 0.067764, 0.059186, -0.739264, 0.67081, 0.059844, 0.647148, -0.483237, -0.589646, 0.128142, 0.0, 0.0, 0.0, 1.0],
                [0.7411, 0.452184, 0.496288, 0.065685, 0.122038, -0.8176, 0.562705, 0.059746, 0.660213, -0.356454, -0.661105, 0.117122, 0.0, 0.0, 0.0, 1.0],
                [0.71932, 0.430445, 0.54525, 0.063819, 0.167535, -0.869218, 0.465181, 0.059687, 0.674177, -0.243265, -0.697359, 0.107236, 0.0, 0.0, 0.0, 1.0],
                [0.6957, 0.395163, 0.599874, 0.06231, 0.192037, -0.907009, 0.374775, 0.059657, 0.69219, -0.145532, -0.706891, 0.099239, 0.0, 0.0, 0.0, 1.0],
                [0.6747, 0.350872, 0.649362, 0.061301, 0.203217, -0.934086, 0.293574, 0.059645, 0.709568, -0.066113, -0.70153, 0.093887, 0.0, 0.0, 0.0, 1.0],
                [0.659104, 0.313505, 0.683592, 0.060932, 0.208069, -0.949503, 0.234842, 0.059644, 0.722699, -0.01255, -0.691051, 0.091935, 0.0, 0.0, 0.0, 1.0],
                [0.659104, 0.313505, 0.683592, 0.060932, 0.208069, -0.949503, 0.234842, 0.059644, 0.722699, -0.01255, -0.691051, 0.091935, 0.0, 0.0, 0.0, 1.0]
            ]
        },
        {
            "name": "Leg_R",
            "time": [0.0, 0.0417, 0.0833, 0.125, 0.1667, 0.2083, 0.25, 0.2917, 0.3333, 0.375, 0.4167, 0.4583, 0.5, 0.5417, 0.5833, 0.625, 0.6667, 0.7083, 0.75, 0.7917, 0.8333, 0.875, 0.9167, 0.9583, 1.0, 1.0417, 1.0833, 1.125, 1.1667, 1.2083, 1.25, 10.4583],
            "transform": [
                [1.0, 0.0, -1e-06, 0.0, 1e-06, -0.171169, 0.985241, 0.37472, 0.0, -0.985243, -0.171169, -0.0, 0.0, 0.0, 0.0, 1.0],
                [1.0, -0.0, -1e-06, 0.0, 1e-06, 0.331052, 0.943612, 0.37472, 0.0, -0.943613, 0.331052, 0.0, 0.0, 0.0, 0.0, 1.0],
                [1.0, -1e-06, -0.0, 0.0, 1e-06, 0.944087, 0.329695, 0.37472, 0.0, -0.329695, 0.944087, 0.0, 0.0, 0.0, 0.0, 1.0],
                [1.0, -1e-06, -0.0, 0.0, 1e-06, 0.970788, 0.239936, 0.37472, 0.0, -0.239936, 0.970789, 0.0, 0.0, 0.0, 0.0, 1.0],
                [1.0, -1e-06, -1e-06, 0.0, 1e-06, 0.925211, 0.379454, 0.37472, 0.0, -0.379454, 0.92521, -0.0, 0.0, 0.0, 0.0, 1.0],
                [0.999999, 0.0, -1e-06, -0.0, 1e-06, 0.257547, 0.966266, 0.37472, 0.0, -0.966266, 0.257546, 0.0, 0.0, 0.0, 0.0, 1.0],
                [0.999999, 1e-06, -0.0, 0.0, 1e-06, -0.595132, 0.803628, 0.37472, 0.0, -0.803629, -0.595131, -0.0, 0.0, 0.0, 0.0, 1.0],
                [0.999999, 1e-06, -1e-06, 0.0, 1e-06, -0.489003, 0.872282, 0.37472, 0.0, -0.872284, -0.489002, 0.0, 0.0, 0.0, 0.0, 1.0],
                [0.999999, 1e-06, -0.0, -0.0, 1e-06, -0.589801, 0.807548, 0.37472, 0.0, -0.80755, -0.5898, -0.0, 0.0, 0.0, 0.0, 1.0],
                [0.999999, 1e-06, 0.0, 1e-06, 1e-06, -0.859227, 0.511596, 0.37472, 1e-06, -0.511597, -0.859225, -0.0, 0.0, 0.0, 0.0, 1.0],
                [0.999999, 1e-06, -0.0, 0.0, 1e-06, -0.826405, 0.563077, 0.37472, 1e-06, -0.563077, -0.826405, -0.0, 0.0, 0.0, 0.0, 1.0],
                [1.0, 1e-06, -0.0, 0.0, 1e-06, -0.650446, 0.759552, 0.37472, 1e-06, -0.759553, -0.650446, -0.0, 0.0, 0.0, 0.0, 1.0],
                [0.999999, 1e-06, -1e-06, 0.0, 1e-06, -0.4892, 0.872171, 0.37472, 0.0, -0.872173, -0.489199, -0.0, 0.0, 0.0, 0.0, 1.0],
                [0.999999, 1e-06, -1e-06, 0.0, 1e-06, -0.407254, 0.913315, 0.37472, 0.0, -0.913316, -0.407253, 0.0, 0.0, 0.0, 0.0, 1.0],
                [0.999999, 1e-06, -1e-06, 0.0, 1e-06, -0.362812, 0.931861, 0.37472, 0.0, -0.931863, -0.362812, -0.0, 0.0, 0.0, 0.0, 1.0],
                [1.0, 1e-06, -1e-06, -0.0, 1e-06, -0.329578, 0.944128, 0.37472, 0.0, -0.94413, -0.329577, 0.0, 0.0, 0.0, 0.0, 1.0],
                [1.0, 1e-06, -1e-06, 0.0, 1e-06, -0.326773, 0.945102, 0.37472, 0.0, -0.945104, -0.326773, 0.0, 0.0, 0.0, 0.0, 1.0],
                [0.999999, 1e-06, -1e-06, -0.0, 1e-06, -0.331608, 0.943417, 0.37472, 0.0, -0.943418, -0.331608, -0.0, 0.0, 0.0, 0.0, 1.0],
                [1.0, 1e-06, -1e-06, 0.0, 1e-06, -0.339248, 0.940697, 0.37472, 1e-06, -0.940698, -0.339247, 0.0, 0.0, 0.0, 0.0, 1.0],
                [1.0, 1e-06, -1e-06, 0.0, 1e-06, -0.337257, 0.941412, 0.37472, 0.0, -0.941413, -0.337257, -0.0, 0.0, 0.0, 0.0, 1.0],
                [1.0, 1e-06, -1e-06, 0.0, 1e-06, -0.304618, 0.952474, 0.374721, 0.0, -0.952476, -0.304617, -0.0, 0.0, 0.0, 0.0, 1.0],
                [1.0, 1e-06, -1e-06, -0.0, 1e-06, -0.228584, 0.973523, 0.37472, 0.0, -0.973525, -0.228584, 0.0, 0.0, 0.0, 0.0, 1.0],
                [1.0, 0.0, -1e-06, 0.0, 1e-06, -0.123287, 0.99237, 0.37472, 0.0, -0.992372, -0.123286, 0.0, 0.0, 0.0, 0.0, 1.0],
                [1.0, 0.0, -1e-06, -0.0, 1e-06, -0.018795, 0.999822, 0.37472, 0.0, -0.999824, -0.018795, 0.0, 0.0, 0.0, 0.0, 1.0],
                [1.0, 0.0, -1e-06, 0.0, 1e-06, 0.110986, 0.993821, 0.37472, 0.0, -0.993822, 0.110986, 0.0, 0.0, 0.0, 0.0, 1.0],
                [1.0, 0.0, -1e-06, 0.0, 1e-06, 0.257858, 0.966182, 0.37472, 0.0, -0.966183, 0.257858, 0.0, 0.0, 0.0, 0.0, 1.0],
                [1.0, 0.0, -1e-06, -0.0, 1e-06, 0.394367, 0.918952, 0.37472, 0.0, -0.918953, 0.394367, -0.0, 0.0, 0.0, 0.0, 1.0],
                [1.0, -0.0, -1e-06, -0.0, 1e-06, 0.519259, 0.854616, 0.37472, 0.0, -0.854617, 0.519258, -0.0, 0.0, 0.0, 0.0, 1.0],
                [1.0, -0.0, -1e-06, -0.0, 1e-06, 0.629967, 0.776621, 0.37472, 0.0, -0.776622, 0.629967, 0.0, 0.0, 0.0, 0.0, 1.0],
                [1.0, -0.0, -1e-06, 0.0, 1e-06, 0.722189, 0.691695, 0.37472, 0.0, -0.691695, 0.722189, 0.0, 0.0, 0.0, 0.0, 1.0],
                [1.0, -1e-06, -1e-06, -0.0, 1e-06, 0.783956, 0.620815, 0.37472, 0.0, -0.620815, 0.783956, 0.0, 0.0, 0.0, 0.0, 1.0],
                [1.0, -1e-06, -1e-06, -0.0, 1e-06, 0.783956, 0.620815, 0.37472, 0.0, -0.620815, 0.783956, 0.0, 0.0, 0.0, 0.0, 1.0]
            ]
        },
        {
            "name": "Knee_R",
            "time": [0.0, 10.4583],
            "transform": [
                [1.0, 0.0, -0.0, -0.0, -0.0, 1e-06, -1.0, 0.37472, -0.0, 1.0, 1e-06, 0.0, 0.0, 0.0, 0.0, 1.0],
                [1.0, 0.0, -0.0, -1e-06, -0.0, 1e-06, -1.0, 0.37472, -0.0, 1.0, 1e-06, 0.0, 0.0, 0.0, 0.0, 1.0]
            ]
        },
        {
            "name": "Thigh_L",
            "time": [0.0, 0.0417, 0.0833, 0.125, 0.1667, 0.2083, 0.25, 0.2917, 0.3333, 0.375, 0.4167, 0.4583, 0.5, 0.5417, 0.5833, 0.625, 0.6667, 0.7083, 0.75, 0.7917, 0.8333, 0.875, 0.9167, 0.9583, 1.0, 1.0417, 1.0833, 1.125, 1.1667, 1.2083, 1.25, 10.4583],
            "transform": [
                [0.155835, -0.211348, 0.964907, 0.054264, -0.786352, -0.617722, -0.008303, 0.053756, 0.597798, -0.757467, -0.262456, -0.087636, 0.0, 0.0, 0.0, 1.0],
                [-0.235593, -0.040814, 0.970993, 0.077152, -0.791143, -0.572217, -0.216007, 0.055462, 0.564433, -0.819089, 0.102521, -0.056346, 0.0, 0.0, 0.0, 1.0],
                [-0.662718, 0.157069, 0.732209, 0.119658, -0.704811, -0.461234, -0.538982, 0.05863, 0.253062, -0.873268, 0.416372, 0.001764, 0.0, 0.0, 0.0, 1.0],
                [-0.83248, 0.188172, 0.521118, 0.142546, -0.55207, -0.202278, -0.808888, 0.060335, -0.046799, -0.961083, 0.272276, 0.033054, 0.0, 0.0, 0.0, 1.0],
                [-0.854759, 0.254457, 0.452366, 0.142507, -0.413884, 0.191746, -0.889905, 0.051559, -0.313181, -0.947887, -0.058581, 0.028322, 0.0, 0.0, 0.0, 1.0],
                [-0.988722, -0.032532, 0.146167, 0.142231, -0.149673, 0.244765, -0.95796, 0.03526, -0.004612, -0.969039, -0.246873, 0.019534, 0.0, 0.0, 0.0, 1.0],
                [-0.91208, -0.409632, 0.01757, 0.141482, -0.224117, 0.462217, -0.857978, 0.026483, 0.343333, -0.786487, -0.513383, 0.014802, 0.0, 0.0, 0.0, 1.0],
                [-0.893942, -0.427013, -0.136107, 0.116636, -0.393589, 0.893238, -0.217293, 0.060492, 0.214362, -0.140679, -0.96657, 0.043584, 0.0, 0.0, 0.0, 1.0],
                [-0.670323, -0.664191, -0.330933, 0.059516, -0.735334, 0.5346, 0.416516, 0.123652, -0.099729, 0.52255, -0.846756, 0.097034, 0.0, 0.0, 0.0, 1.0],
                [0.059064, -0.887532, -0.456949, -0.006946, -0.880391, -0.262085, 0.395246, 0.15766, -0.470551, 0.378951, -0.796854, 0.125816, 0.0, 0.0, 0.0, 1.0],
                [0.630585, -0.654818, -0.416624, -0.063447, -0.650426, -0.738746, 0.176637, 0.140074, -0.423443, 0.159599, -0.891752, 0.108328, 0.0, 0.0, 0.0, 1.0],
                [0.89941, -0.338381, -0.276689, -0.105216, -0.340185, -0.939377, 0.043001, 0.101076, -0.274465, 0.05545, -0.959996, 0.065259, 0.0, 0.0, 0.0, 1.0],
                [0.97057, -0.195394, -0.140751, -0.131114, -0.188065, -0.980088, 0.063738, 0.061313, -0.150402, -0.035391, -0.98799, 0.010698, 0.0, 0.0, 0.0, 1.0],
                [0.986069, -0.157681, -0.052914, -0.14, -0.151804, -0.983235, 0.101039, 0.041429, -0.067959, -0.091599, -0.993473, -0.041265, 0.0, 0.0, 0.0, 1.0],
                [0.988335, -0.151896, 0.010767, -0.133053, -0.152043, -0.980449, 0.124932, 0.039955, -0.00842, -0.125112, -0.992106, -0.079039, 0.0, 0.0, 0.0, 1.0],
                [0.987513, -0.146483, 0.057941, -0.120151, -0.153433, -0.977725, 0.143239, 0.039842, 0.035668, -0.150341, -0.987989, -0.101035, 0.0, 0.0, 0.0, 1.0],
                [0.983682, -0.153829, 0.093288, -0.113205, -0.167184, -0.973151, 0.158215, 0.038367, 0.066445, -0.17123, -0.982987, -0.108165, 0.0, 0.0, 0.0, 1.0],
                [0.978225, -0.172332, 0.115645, -0.115669, -0.190073, -0.967669, 0.165812, 0.032182, 0.083332, -0.184183, -0.979352, -0.104164, 0.0, 0.0, 0.0, 1.0],
                [0.973155, -0.192398, 0.126282, -0.121091, -0.211578, -0.963843, 0.162006, 0.022557, 0.090547, -0.184376, -0.978675, -0.09536, 0.0, 0.0, 0.0, 1.0],
                [0.969962, -0.208763, 0.124854, -0.126513, -0.225828, -0.963577, 0.143265, 0.013697, 0.090398, -0.167158, -0.981776, -0.086557, 0.0, 0.0, 0.0, 1.0],
                [0.97054, -0.220255, 0.097656, -0.128977, -0.22929, -0.968846, 0.093642, 0.009808, 0.073988, -0.113275, -0.990804, -0.082555, 0.0, 0.0, 0.0, 1.0],
                [0.97089, -0.239418, 0.006852, -0.121346, -0.237375, -0.965645, -0.105767, 0.012089, 0.03194, 0.101063, -0.994366, -0.083441, 0.0, 0.0, 0.0, 1.0],
                [0.974261, -0.210026, -0.08186, -0.104557, -0.225292, -0.919163, -0.323088, 0.017664, -0.007386, 0.333216, -0.942821, -0.085391, 0.0, 0.0, 0.0, 1.0],
                [0.987674, -0.156078, 0.011659, -0.087768, -0.149281, -0.961811, -0.229431, 0.024631, 0.047022, 0.224865, -0.973254, -0.087341, 0.0, 0.0, 0.0, 1.0],
                [0.972615, -0.058667, 0.224885, -0.080137, -0.086414, -0.989533, 0.115598, 0.03109, 0.215748, -0.131866, -0.967503, -0.088227, 0.0, 0.0, 0.0, 1.0],
                [0.940558, 0.016802, 0.33921, -0.088258, -0.111964, -0.927603, 0.356401, 0.035627, 0.32064, -0.373197, -0.870582, -0.085232, 0.0, 0.0, 0.0, 1.0],
                [0.924244, 0.007193, 0.38173, -0.10334, -0.180937, -0.872168, 0.454519, 0.038787, 0.336201, -0.489158, -0.804793, -0.079407, 0.0, 0.0, 0.0, 1.0],
                [0.914514, -0.031369, 0.403331, -0.111461, -0.246382, -0.833948, 0.493791, 0.041602, 0.320867, -0.550955, -0.770385, -0.0755, 0.0, 0.0, 0.0, 1.0],
                [0.911595, -0.051545, 0.40784, -0.100421, -0.261687, -0.837891, 0.479021, 0.044745, 0.317034, -0.543403, -0.777304, -0.074539, 0.0, 0.0, 0.0, 1.0],
                [0.914275, -0.066767, 0.39955, -0.079918, -0.242491, -0.880291, 0.407785, 0.047454, 0.324493, -0.469718, -0.821017, -0.074185, 0.0, 0.0, 0.0, 1.0],
                [0.915106, -0.077163, 0.395757, -0.068877, -0.231995, -0.903539, 0.360277, 0.048607, 0.329781, -0.421507, -0.844733, -0.074134, 0.0, 0.0, 0.0, 1.0],
                [0.915106, -0.077163, 0.395757, -0.068877, -0.231995, -0.903539, 0.360277, 0.048607, 0.329781, -0.421507, -0.844733, -0.074134, 0.0, 0.0, 0.0, 1.0]
            ]
        },
        {
            "name": "Leg_L",
            "time": [0.0, 0.0417, 0.0833, 0.125, 0.1667, 0.2083, 0.25, 0.2917, 0.3333, 0.375, 0.4167, 0.4583, 0.5, 0.5417, 0.5833, 0.625, 0.6667, 0.7083, 0.75, 0.7917, 0.8333, 0.875, 0.9167, 0.9583, 1.0, 1.0417, 1.0833, 1.125, 1.1667, 1.2083, 1.25, 10.4583],
            "transform": [
                [0.999998, 1e-06, 0.0, -0.0, -1e-06, 0.932517, 0.361125, 0.37472, 0.0, -0.361124, 0.93252, 0.0, 0.0, 0.0, 0.0, 1.0],
                [0.999998, 1e-06, 0.0, 0.0, -1e-06, 0.958992, 0.283432, 0.37472, 0.0, -0.283432, 0.958994, -0.0, 0.0, 0.0, 0.0, 1.0],
                [0.999998, 1e-06, 0.0, -0.0, -0.0, 0.856003, 0.516972, 0.37472, 0.0, -0.51697, 0.856006, -0.0, 0.0, 0.0, 0.0, 1.0],
                [0.999998, 1e-06, 0.0, -0.0, -1e-06, 0.848858, 0.528621, 0.37472, -0.0, -0.528619, 0.848861, 0.0, 0.0, 0.0, 0.0, 1.0],
                [0.999998, 1e-06, 0.0, 0.0, -1e-06, 0.830857, 0.556487, 0.37472, 0.0, -0.556486, 0.830858, 0.0, 0.0, 0.0, 0.0, 1.0],
                [0.999997, 0.0, 1e-06, 0.0, -1e-06, 0.63123, 0.775597, 0.37472, -0.0, -0.775596, 0.631231, -0.0, 0.0, 0.0, 0.0, 1.0],
                [0.999998, 0.0, 1e-06, 0.0, -1e-06, 0.510021, 0.860163, 0.37472, -0.0, -0.860162, 0.510022, 0.0, 0.0, 0.0, 0.0, 1.0],
                [0.999998, 0.0, 0.0, 0.0, -1e-06, 0.782327, 0.622869, 0.37472, 0.0, -0.622868, 0.782328, 0.0, 0.0, 0.0, 0.0, 1.0],
                [0.999998, 0.0, 0.0, 0.0, -1e-06, 0.572884, 0.819637, 0.37472, -0.0, -0.819637, 0.572885, 0.0, 0.0, 0.0, 0.0, 1.0],
                [0.999998, -0.0, 1e-06, 0.0, -1e-06, -0.231135, 0.972922, 0.37472, -0.0, -0.972923, -0.231134, -0.0, 0.0, 0.0, 0.0, 1.0],
                [0.999998, -1e-06, 1e-06, 0.0, -1e-06, -0.208899, 0.977937, 0.37472, -0.0, -0.977938, -0.208899, 0.0, 0.0, 0.0, 0.0, 1.0],
                [0.999998, -0.0, 1e-06, -0.0, -1e-06, -0.135606, 0.990762, 0.37472, -0.0, -0.990764, -0.135606, -0.0, 0.0, 0.0, 0.0, 1.0],
                [0.999998, -1e-06, 1e-06, 0.0, -1e-06, -0.228824, 0.973468, 0.37472, -0.0, -0.973469, -0.228823, 0.0, 0.0, 0.0, 0.0, 1.0],
                [0.999998, -1e-06, 1e-06, -0.0, -1e-06, -0.332081, 0.943251, 0.37472, -0.0, -0.943252, -0.332081, 0.0, 0.0, 0.0, 0.0, 1.0],
                [0.999998, -1e-06, 1e-06, 0.0, -1e-06, -0.387783, 0.921751, 0.37472, -0.0, -0.921752, -0.387783, 0.0, 0.0, 0.0, 0.0, 1.0],
                [0.999998, -1e-06, 1e-06, -0.0, -1e-06, -0.417841, 0.908521, 0.37472, -0.0, -0.908522, -0.417841, -0.0, 0.0, 0.0, 0.0, 1.0],
                [0.999998, -1e-06, 1e-06, -0.0, -1e-06, -0.446028, 0.895019, 0.37472, -0.0, -0.89502, -0.446028, -0.0, 0.0, 0.0, 0.0, 1.0],
                [0.999998, -1e-06, 1e-06, 0.0, -1e-06, -0.461501, 0.88714, 0.37472, -0.0, -0.887142, -0.461501, -0.0, 0.0, 0.0, 0.0, 1.0],
                [0.999998, -1e-06, 1e-06, 0.0, -1e-06, -0.453755, 0.891127, 0.37472, -0.0, -0.891128, -0.453754, 0.0, 0.0, 0.0, 0.0, 1.0],
                [0.999998, -1e-06, 1e-06, 0.0, -1e-06, -0.407639, 0.913144, 0.37472, -0.0, -0.913145, -0.407639, -0.0, 0.0, 0.0, 0.0, 1.0],
                [0.999998, -1e-06, 1e-06, -0.0, -1e-06, -0.272691, 0.962102, 0.37472, -0.0, -0.962104, -0.27269, -0.0, 0.0, 0.0, 0.0, 1.0],
                [0.999998, -0.0, 1e-06, -0.0, -1e-06, 0.114584, 0.993413, 0.37472, -0.0, -0.993415, 0.114584, -0.0, 0.0, 0.0, 0.0, 1.0],
                [0.999998, 0.0, 1e-06, 0.0, -1e-06, 0.546738, 0.837305, 0.37472, -0.0, -0.837305, 0.546738, 0.0, 0.0, 0.0, 0.0, 1.0],
                [0.999998, 0.0, 1e-06, -0.0, -1e-06, 0.537231, 0.843436, 0.37472, -0.0, -0.843436, 0.53723, 0.0, 0.0, 0.0, 0.0, 1.0],
                [0.999998, -0.0, 1e-06, -0.0, -1e-06, 0.238343, 0.971181, 0.37472, -0.0, -0.971183, 0.238342, -0.0, 0.0, 0.0, 0.0, 1.0],
                [0.999998, -0.0, 1e-06, -0.0, -1e-06, 0.177545, 0.984112, 0.37472, -0.0, -0.984115, 0.177545, -0.0, 0.0, 0.0, 0.0, 1.0],
                [0.999998, 0.0, 1e-06, 0.0, -1e-06, 0.445236, 0.895414, 0.37472, -0.0, -0.895415, 0.445235, -0.0, 0.0, 0.0, 0.0, 1.0],
                [0.999998, 0.0, 0.0, 0.0, -0.0, 0.716047, 0.698053, 0.37472, 0.0, -0.698053, 0.716047, -0.0, 0.0, 0.0, 0.0, 1.0],
                [0.999998, 1e-06, 0.0, 0.0, -1e-06, 0.81943, 0.57318, 0.37472, 0.0, -0.57318, 0.819431, 0.0, 0.0, 0.0, 0.0, 1.0],
                [0.999998, 1e-06, 0.0, -0.0, -1e-06, 0.866407, 0.499338, 0.37472, 0.0, -0.499337, 0.866409, 0.0, 0.0, 0.0, 0.0, 1.0],
                [0.999998, 1e-06, 0.0, 0.0, -0.0, 0.894026, 0.448014, 0.37472, 0.0, -0.448013, 0.894028, -0.0, 0.0, 0.0, 0.0, 1.0],
                [0.999998, 1e-06, 0.0, 0.0, -0.0, 0.894026, 0.448014, 0.37472, 0.0, -0.448013, 0.894028, -0.0, 0.0, 0.0, 0.0, 1.0]
            ]
        },
        {
            "name": "Knee_L",
            "time": [0.0, 10.4583],
            "transform": [
                [1.0, 0.0, -0.0, 0.0, -0.0, 1e-06, -1.0, 0.37472, -0.0, 1.0, 1e-06, 0.0, 0.0, 0.0, 0.0, 1.0],
                [1.0, 0.0, -0.0, 0.0, -0.0, 1e-06, -1.0, 0.37472, -0.0, 1.0, 1e-06, -0.0, 0.0, 0.0, 0.0, 1.0]
            ]
        },
        {
            "name": "Torso",
            "time": [0.0, 0.0417, 0.0833, 0.125, 0.1667, 0.2083, 0.25, 0.2917, 0.3333, 0.375, 0.4167, 0.4583, 0.5, 0.5417, 0.5833, 0.625, 0.6667, 0.7083, 0.75, 0.7917, 0.8333, 0.875, 0.9167, 0.9583, 1.0, 1.0417, 1.0833, 1.125, 1.1667, 1.2083, 1.25, 10.4583],
            "transform": [
                [-0.378921, 0.142139, -0.914448, 0.0, -0.249684, 0.935786, 0.248918, 0.05, 0.891111, 0.322643, -0.3191, -0.0, 0.0, 0.0, 0.0, 1.0],
                [-0.718439, 0.001028, -0.69559, 0.0, -0.547968, 0.615129, 0.566875, 0.05, 0.428461, 0.788425, -0.441369, 0.0, 0.0, 0.0, 0.0, 1.0],
                [-0.919584, -0.139502, -0.367297, 0.0, -0.389815, 0.207055, 0.897315, 0.05, -0.049127, 0.968331, -0.244784, -0.0, 0.0, 0.0, 0.0, 1.0],
                [-0.972136, -0.161275, -0.170137, 0.0, -0.148672, -0.137, 0.979351, 0.05, -0.181255, 0.977353, 0.109205, -0.0, 0.0, 0.0, 0.0, 1.0],
                [-0.979698, -0.121442, -0.159522, 0.0, -0.050898, -0.618946, 0.783782, 0.05, -0.193921, 0.775986, 0.600198, -0.0, 0.0, 0.0, 0.0, 1.0],
                [-0.957689, -0.064378, 0.280519, 0.0, 0.13662, -0.95954, 0.246205, 0.05, 0.25332, 0.274111, 0.927735, -0.0, 0.0, 0.0, 0.0, 1.0],
                [-0.713844, -0.113628, 0.691026, 0.0, -0.26119, -0.872351, -0.413258, 0.05, 0.649776, -0.475489, 0.593044, -0.0, 0.0, 0.0, 0.0, 1.0],
                [-0.538272, -0.089377, 0.838019, 0.0, -0.832468, -0.098635, -0.545225, 0.05, 0.131389, -0.991101, -0.021311, 0.0, 0.0, 0.0, 0.0, 1.0],
                [-0.188732, -0.042575, 0.981105, 0.0, -0.787947, 0.602836, -0.125415, 0.05, -0.586108, -0.796727, -0.147321, -0.0, 0.0, 0.0, 0.0, 1.0],
                [0.406108, -0.014361, 0.913713, 0.0, -0.571691, 0.776053, 0.26629, 0.05, -0.712916, -0.630502, 0.306951, -0.0, 0.0, 0.0, 0.0, 1.0],
                [0.772975, -0.167151, 0.612023, -0.0, -0.314401, 0.736967, 0.598357, 0.05, -0.551058, -0.654934, 0.517104, -0.0, 0.0, 0.0, 0.0, 1.0],
                [0.948451, -0.212176, 0.235425, 0.0, -0.040295, 0.656071, 0.753622, 0.05, -0.314357, -0.724258, 0.613702, -0.0, 0.0, 0.0, 0.0, 1.0],
                [0.987234, -0.11547, -0.109721, 0.0, 0.15872, 0.655106, 0.738677, 0.05, -0.013416, -0.74666, 0.66507, -0.0, 0.0, 0.0, 0.0, 1.0],
                [0.919831, 0.022872, -0.391653, 0.0, 0.263239, 0.704234, 0.659363, 0.05, 0.290897, -0.709598, 0.641755, 0.0, 0.0, 0.0, 0.0, 1.0],
                [0.82956, 0.100492, -0.549303, 0.0, 0.299061, 0.750767, 0.588991, 0.05, 0.471588, -0.652877, 0.592752, 0.0, 0.0, 0.0, 0.0, 1.0],
                [0.788022, 0.109905, -0.605759, 0.0, 0.314463, 0.774044, 0.549516, 0.05, 0.52928, -0.623518, 0.575402, 0.0, 0.0, 0.0, 0.0, 1.0],
                [0.7813, 0.095744, -0.61677, -0.0, 0.319089, 0.788, 0.526533, 0.05, 0.536429, -0.608183, 0.585113, 0.0, 0.0, 0.0, 0.0, 1.0],
                [0.795914, 0.073011, -0.600993, -0.0, 0.314605, 0.798261, 0.513617, 0.05, 0.51725, -0.597869, 0.612377, 0.0, 0.0, 0.0, 0.0, 1.0],
                [0.817021, 0.05329, -0.574142, -0.0, 0.301177, 0.809657, 0.503733, 0.05, 0.491704, -0.584477, 0.645457, 0.0, 0.0, 0.0, 0.0, 1.0],
                [0.831443, 0.048009, -0.553535, -0.0, 0.27824, 0.826359, 0.489604, 0.05, 0.480925, -0.561091, 0.673712, 0.0, 0.0, 0.0, 0.0, 1.0],
                [0.833347, 0.078435, -0.547159, -0.0, 0.227791, 0.853185, 0.469238, 0.05, 0.503634, -0.515675, 0.693132, 0.0, 0.0, 0.0, 0.0, 1.0],
                [0.82653, 0.15049, -0.542404, 0.0, 0.131723, 0.885133, 0.446303, 0.05, 0.547266, -0.440329, 0.711766, 0.0, 0.0, 0.0, 0.0, 1.0],
                [0.812996, 0.208915, -0.543502, 0.0, 0.042992, 0.909331, 0.413845, 0.05, 0.580683, -0.359819, 0.7303, 0.0, 0.0, 0.0, 0.0, 1.0],
                [0.805051, 0.216584, -0.552256, -0.0, 0.001184, 0.930376, 0.366602, 0.05, 0.593207, -0.295787, 0.748743, -0.0, 0.0, 0.0, 0.0, 1.0],
                [0.801963, 0.200239, -0.562816, 0.0, -0.02175, 0.951309, 0.307467, 0.05, 0.59698, -0.234335, 0.76727, -0.0, 0.0, 0.0, 0.0, 1.0],
                [0.80084, 0.172176, -0.573597, 0.0, -0.03444, 0.969436, 0.242911, 0.05, 0.59789, -0.174777, 0.782292, -0.0, 0.0, 0.0, 0.0, 1.0],
                [0.80089, 0.139014, -0.582454, 0.0, -0.039693, 0.982864, 0.180001, 0.05, 0.597497, -0.121041, 0.792684, -0.0, 0.0, 0.0, 0.0, 1.0],
                [0.798998, 0.108143, -0.591532, 0.0, -0.040752, 0.991171, 0.12616, 0.05, 0.599954, -0.076695, 0.79635, -0.0, 0.0, 0.0, 0.0, 1.0],
                [0.793653, 0.085257, -0.602369, 0.0, -0.040663, 0.99535, 0.087303, 0.05, 0.607013, -0.044794, 0.793429, -0.0, 0.0, 0.0, 0.0, 1.0],
                [0.786206, 0.066177, -0.614412, 0.0, -0.038906, 0.997577, 0.057663, 0.05, 0.616741, -0.021431, 0.786875, -0.0, 0.0, 0.0, 0.0, 1.0],
                [0.779087, 0.050859, -0.624851, 0.0, -0.035836, 0.998686, 0.036605, 0.05, 0.625893, -0.006126, 0.779886, -0.0, 0.0, 0.0, 0.0, 1.0],
                [0.779087, 0.050859, -0.624851, 0.0, -0.035836, 0.998686, 0.036605, 0.05, 0.625893, -0.006126, 0.779886, -0.0, 0.0, 0.0, 0.0, 1.0]
            ]
        },
        {
            "name": "Chest",
            "time": [0.0, 0.0417, 0.0833, 0.125, 0.1667, 0.2083, 0.25, 0.2917, 0.3333, 0.375, 0.4167, 0.4583, 0.5, 0.5417, 0.5833, 0.625, 0.6667, 0.7083, 0.75, 0.7917, 0.8333, 0.875, 0.9167, 0.9583, 1.0, 1.0417, 1.0833, 1.125, 1.1667, 1.2083, 1.25, 10.4583],
            "transform": [
                [0.996651, -0.080381, -0.015213, 0.0, 0.074085, 0.807936, 0.584592, 0.3, -0.034699, -0.583759, 0.811185, -0.0, 0.0, 0.0, 0.0, 1.0],
                [0.997336, -0.072949, 0.001921, -0.0, 0.068953, 0.950667, 0.302448, 0.3, -0.02389, -0.301509, 0.953164, 0.0, 0.0, 0.0, 0.0, 1.0],
                [0.996122, -0.077818, 0.041108, 0.0, 0.070842, 0.986122, 0.150139, 0.3, -0.052221, -0.146644, 0.98781, 0.0, 0.0, 0.0, 0.0, 1.0],
                [0.99546, -0.046134, 0.083275, -0.0, 0.030446, 0.98307, 0.180676, 0.3, -0.0902, -0.17732, 0.980011, -0.0, 0.0, 0.0, 0.0, 1.0],
                [0.999285, 0.004487, 0.037589, -0.0, -0.010626, 0.986274, 0.164771, 0.3, -0.036334, -0.165052, 0.985615, 0.0, 0.0, 0.0, 0.0, 1.0],
                [0.969209, 0.051442, 0.240815, 0.0, -0.137794, 0.923792, 0.357238, 0.3, -0.204087, -0.37942, 0.902435, -0.0, 0.0, 0.0, 0.0, 1.0],
                [0.898497, -0.026595, 0.438178, -0.0, -0.205597, 0.856427, 0.473562, 0.3, -0.387863, -0.51558, 0.764028, 0.0, 0.0, 0.0, 0.0, 1.0],
                [0.896186, -0.177981, 0.40642, 0.0, 0.002636, 0.918132, 0.396262, 0.3, -0.443677, -0.354051, 0.823286, -0.0, 0.0, 0.0, 0.0, 1.0],
                [0.958962, -0.127803, 0.253105, 0.0, 0.034997, 0.939179, 0.341635, 0.3, -0.281374, -0.318756, 0.905109, 0.0, 0.0, 0.0, 0.0, 1.0],
                [0.993056, 0.11135, -0.038028, 0.0, -0.085965, 0.907255, 0.411698, 0.3, 0.080344, -0.405568, 0.910527, 0.0, 0.0, 0.0, 0.0, 1.0],
                [0.94859, 0.13406, -0.286723, 0.0, 0.01358, 0.8878, 0.460025, 0.3, 0.316225, -0.440267, 0.840338, 0.0, 0.0, 0.0, 0.0, 1.0],
                [0.893454, 0.119134, -0.433073, 0.0, 0.11711, 0.869045, 0.48067, 0.3, 0.433626, -0.480172, 0.762498, -0.0, 0.0, 0.0, 0.0, 1.0],
                [0.897185, 0.047257, -0.439122, -0.0, 0.195712, 0.848771, 0.491204, 0.3, 0.395929, -0.526641, 0.752256, -0.0, 0.0, 0.0, 0.0, 1.0],
                [0.925378, -0.062189, -0.373915, -0.0, 0.259852, 0.822255, 0.506331, 0.3, 0.275967, -0.565708, 0.777056, -0.0, 0.0, 0.0, 0.0, 1.0],
                [0.933527, -0.151456, -0.32495, 0.0, 0.310046, 0.796153, 0.519625, 0.3, 0.180011, -0.585831, 0.790188, 0.0, 0.0, 0.0, 0.0, 1.0],
                [0.915965, -0.195221, -0.350574, 0.0, 0.361661, 0.780115, 0.510509, 0.3, 0.173827, -0.594395, 0.785161, -0.0, 0.0, 0.0, 0.0, 1.0],
                [0.895334, -0.206835, -0.394462, 0.0, 0.396656, 0.773117, 0.494926, 0.3, 0.202599, -0.599587, 0.77424, 0.0, 0.0, 0.0, 0.0, 1.0],
                [0.901469, -0.19762, -0.385101, 0.0, 0.387441, 0.765088, 0.514323, 0.3, 0.192996, -0.612848, 0.766269, 0.0, 0.0, 0.0, 0.0, 1.0],
                [0.924826, -0.171027, -0.339781, -0.0, 0.344516, 0.755286, 0.557539, 0.3, 0.161279, -0.632684, 0.757429, -0.0, 0.0, 0.0, 0.0, 1.0],
                [0.943019, -0.142902, -0.300498, -0.0, 0.30027, 0.754609, 0.583439, 0.3, 0.143385, -0.640422, 0.754519, 0.0, 0.0, 0.0, 0.0, 1.0],
                [0.943848, -0.127392, -0.30484, -0.0, 0.28661, 0.774687, 0.56366, 0.3, 0.164351, -0.619376, 0.767698, -0.0, 0.0, 0.0, 0.0, 1.0],
                [0.930617, -0.119467, -0.345955, -0.0, 0.292625, 0.810608, 0.507231, 0.3, 0.219837, -0.57327, 0.789323, 0.0, 0.0, 0.0, 0.0, 1.0],
                [0.917395, -0.104742, -0.383954, 0.0, 0.282188, 0.851498, 0.441949, 0.3, 0.280647, -0.513786, 0.810716, 0.0, 0.0, 0.0, 0.0, 1.0],
                [0.918084, -0.058688, -0.392025, 0.0, 0.223585, 0.89331, 0.389877, 0.3, 0.32732, -0.445588, 0.833254, 0.0, 0.0, 0.0, 0.0, 1.0],
                [0.925482, 0.014525, -0.378519, 0.0, 0.124199, 0.932389, 0.339445, 0.3, 0.357859, -0.36116, 0.861104, 0.0, 0.0, 0.0, 0.0, 1.0],
                [0.934294, 0.057775, -0.351798, -0.0, 0.043434, 0.960982, 0.273171, 0.3, 0.353856, -0.270501, 0.895329, 0.0, 0.0, 0.0, 0.0, 1.0],
                [0.949553, 0.068648, -0.30601, 0.0, -0.010644, 0.982239, 0.187322, 0.3, 0.313436, -0.174614, 0.933417, -0.0, 0.0, 0.0, 0.0, 1.0],
                [0.963444, 0.066516, -0.259533, 0.0, -0.043135, 0.994562, 0.094774, 0.3, 0.264427, -0.080114, 0.961072, 0.0, 0.0, 0.0, 0.0, 1.0],
                [0.968593, 0.058643, -0.241647, 0.0, -0.057846, 0.99827, 0.010399, 0.3, 0.24184, 0.003906, 0.970308, -0.0, 0.0, 0.0, 0.0, 1.0],
                [0.965369, 0.040179, -0.257785, 0.0, -0.060538, 0.995598, -0.07153, 0.3, 0.253778, 0.084658, 0.96355, 0.0, 0.0, 0.0, 0.0, 1.0],
                [0.959957, 0.019292, -0.279493, 0.0, -0.05671, 0.990353, -0.126419, 0.3, 0.274359, 0.137206, 0.951788, -0.0, 0.0, 0.0, 0.0, 1.0],
                [0.959957, 0.019292, -0.279493, 0.0, -0.05671, 0.990353, -0.126419, 0.3, 0.274359, 0.137206, 0.951788, -0.0, 0.0, 0.0, 0.0, 1.0]
            ]
        },
        {
            "name": "Head",
            "time": [0.0, 0.0417, 0.0833, 0.125, 0.1667, 0.2083, 0.25, 0.2917, 0.3333, 0.375, 0.4167, 0.4583, 0.5, 0.5417, 0.5833, 0.625, 0.6667, 0.7083, 0.75, 0.7917, 0.8333, 0.875, 0.9167, 0.9583, 1.0, 1.0417, 1.0833, 1.125, 1.1667, 1.2083, 1.25, 10.4583],
            "transform": [
                [0.808944, 0.312753, -0.497792, 0.0, -0.54484, 0.716889, -0.434991, 0.4, 0.220817, 0.623096, 0.750327, -0.0, 0.0, 0.0, 0.0, 1.0],
                [0.860511, 0.114562, -0.496384, -0.0, -0.477219, 0.522266, -0.706754, 0.4, 0.178278, 0.845049, 0.504089, -0.0, 0.0, 0.0, 0.0, 1.0],
                [0.976015, 0.095147, -0.195803, 0.0, -0.217687, 0.418527, -0.881732, 0.4, -0.001946, 0.903204, 0.429204, -0.0, 0.0, 0.0, 0.0, 1.0],
                [0.995543, 0.092548, -0.018059, 0.0, -0.045938, 0.308776, -0.950028, 0.4, -0.082347, 0.946618, 0.311654, -0.0, 0.0, 0.0, 0.0, 1.0],
                [0.991732, 0.087731, -0.093637, -0.0, -0.09246, -0.017397, -0.995568, 0.4, -0.088971, 0.99599, -0.009142, 0.0, 0.0, 0.0, 0.0, 1.0],
                [0.935894, 0.264715, -0.232434, -0.0, -0.351972, 0.675162, -0.648284, 0.4, -0.01468, 0.688532, 0.725058, -0.0, 0.0, 0.0, 0.0, 1.0],
                [0.85597, 0.507583, -0.09835, -0.0, -0.466937, 0.840607, 0.274491, 0.4, 0.222001, -0.189032, 0.95655, -0.0, 0.0, 0.0, 0.0, 1.0],
                [0.901136, 0.422332, 0.097917, 0.0, -0.427253, 0.826819, 0.365818, 0.4, 0.073537, -0.371485, 0.925524, 0.0, 0.0, 0.0, 0.0, 1.0],
                [0.932712, 0.236278, -0.272433, 0.0, -0.232039, 0.971511, 0.048167, 0.4, 0.276052, 0.01829, 0.960971, 0.0, 0.0, 0.0, 0.0, 1.0],
                [0.790043, -0.095206, -0.605615, 0.0, -0.363789, 0.722328, -0.588131, 0.4, 0.493447, 0.684961, 0.536038, -0.0, 0.0, 0.0, 0.0, 1.0],
                [0.935236, 0.178875, -0.30551, 0.0, -0.352815, 0.542132, -0.762638, 0.4, 0.029209, 0.821029, 0.570137, 0.0, 0.0, 0.0, 0.0, 1.0],
                [0.908517, 0.417678, 0.011831, 0.0, -0.218362, 0.49873, -0.838803, 0.4, -0.35625, 0.759477, 0.544314, 0.0, 0.0, 0.0, 0.0, 1.0],
                [0.888697, 0.417626, 0.18922, -0.0, -0.088291, 0.560852, -0.823196, 0.4, -0.449912, 0.714861, 0.535305, 0.0, 0.0, 0.0, 0.0, 1.0],
                [0.899661, 0.305203, 0.312188, -0.0, 0.025898, 0.676491, -0.735996, 0.4, -0.43582, 0.670228, 0.600712, -0.0, 0.0, 0.0, 0.0, 1.0],
                [0.902621, 0.218132, 0.371071, 0.0, 0.079384, 0.762928, -0.64159, 0.4, -0.423051, 0.608567, 0.671322, -0.0, 0.0, 0.0, 0.0, 1.0],
                [0.883258, 0.205099, 0.421651, 0.0, 0.084982, 0.814339, -0.574133, 0.4, -0.46112, 0.542938, 0.701845, -0.0, 0.0, 0.0, 0.0, 1.0],
                [0.862788, 0.19201, 0.467686, 0.0, 0.08346, 0.858284, -0.506341, 0.4, -0.49863, 0.475896, 0.724495, -0.0, 0.0, 0.0, 0.0, 1.0],
                [0.87762, 0.146091, 0.456554, 0.0, 0.085661, 0.889299, -0.449229, 0.399999, -0.471641, 0.433359, 0.767955, -0.0, 0.0, 0.0, 0.0, 1.0],
                [0.910204, 0.080398, 0.406282, -0.0, 0.099876, 0.909414, -0.403718, 0.4, -0.401936, 0.408042, 0.819726, -0.0, 0.0, 0.0, 0.0, 1.0],
                [0.930119, 0.017198, 0.366853, -0.0, 0.121874, 0.92784, -0.3525, 0.4, -0.346443, 0.372576, 0.860911, 0.0, 0.0, 0.0, 0.0, 1.0],
                [0.924975, -0.034855, 0.378424, 0.0, 0.150887, 0.947613, -0.28153, 0.4, -0.348787, 0.317507, 0.881782, 0.0, 0.0, 0.0, 0.0, 1.0],
                [0.900438, -0.078343, 0.427871, 0.0, 0.182976, 0.960603, -0.209182, 0.4, -0.394626, 0.266644, 0.879303, 0.0, 0.0, 0.0, 0.0, 1.0],
                [0.8623, -0.09487, 0.497432, -0.0, 0.190743, 0.970794, -0.145505, 0.4, -0.4691, 0.22035, 0.855216, -0.0, 0.0, 0.0, 0.0, 1.0],
                [0.806509, -0.032931, 0.590304, 0.0, 0.116939, 0.987605, -0.104675, 0.4, -0.579541, 0.153451, 0.800366, -0.0, 0.0, 0.0, 0.0, 1.0],
                [0.718549, 0.092615, 0.689282, -0.0, -0.035866, 0.994708, -0.096264, 0.4, -0.694551, 0.044448, 0.71807, 0.0, 0.0, 0.0, 0.0, 1.0],
                [0.686781, 0.119789, 0.716927, -0.0, -0.104005, 0.992371, -0.066181, 0.4, -0.719386, -0.029113, 0.694001, 0.0, 0.0, 0.0, 0.0, 1.0],
                [0.7145, 0.088661, 0.693995, -0.0, -0.108612, 0.993967, -0.015162, 0.4, -0.691154, -0.064543, 0.71982, 0.0, 0.0, 0.0, 0.0, 1.0],
                [0.749983, 0.047771, 0.65973, 0.0, -0.093909, 0.994974, 0.034709, 0.4, -0.654757, -0.087986, 0.750702, 0.0, 0.0, 0.0, 0.0, 1.0],
                [0.764605, -0.002247, 0.644496, -0.0, -0.064295, 0.994738, 0.079746, 0.4, -0.641284, -0.102412, 0.760439, 0.0, 0.0, 0.0, 0.0, 1.0],
