{
    "animation": [
        {
            "name": "Root",
            "time": [0.0, 0.0417, 0.0833, 0.125, 0.1667, 0.2083, 0.25, 0.2917, 0.3333, 0.375, 0.4167, 0.4583, 0.5, 0.5417, 0.5833, 0.625, 0.6667, 0.7083, 0.75, 0.7917, 0.8333, 0.875, 0.9167, 0.9583, 1.0, 1.0417, 1.0833, 1.125, 1.1667, 1.2083, 1.25, 10.4583],
            "transform": [
                [1.0, -0.0, -0.0, -0.144486, -0.0, -0.0, -1.0, 0.498581, 0.0, 1.0, -0.0, 0.42139, 0.0, 0.0, 0.0, 1.0],
                [1.0, -0.0, -0.0, 0.437169, -0.0, -0.0, -1.0, 0.506817, 0.0, 1.0, -0.0, 0.525234, 0.0, 0.0, 0.0, 1.0],
                [1.0, -0.0, -0.0, 0.983358, -0.0, -0.0, -1.0, 0.4632, 0.0, 1.0, -0.0, 0.718086, 0.0, 0.0, 0.0, 1.0],
                [1.0, -0.0, -0.0, 1.510548, -0.0, -0.0, -1.0, 0.401027, 0.0, 1.0, -0.0, 0.82193, 0.0, 0.0, 0.0, 1.0],
                [1.0, -0.0, -0.0, 2.006631, -0.0, -0.0, -1.0, 0.332777, 0.0, 1.0, -0.0, 0.820982, 0.0, 0.0, 0.0, 1.0],
                [1.0, -0.0, -0.0, 2.458127, -0.0, -0.0, -1.0, 0.263127, 0.0, 1.0, -0.0, 0.814346, 0.0, 0.0, 0.0, 1.0],
                [1.0, -0.0, -0.0, 2.986529, -0.0, -0.0, -1.0, 0.20208, 0.0, 1.0, -0.0, 0.796333, 0.0, 0.0, 0.0, 1.0],
                [1.0, -0.0, -0.0, 3.423579, -0.0, -0.0, -1.0, 0.160908, 0.0, 1.0, -0.0, 0.761256, 0.0, 0.0, 0.0, 1.0],
                [1.0, -0.0, -0.0, 3.69176, -0.0, -0.0, -1.0, 0.137401, 0.0, 1.0, -0.0, 0.703427, 0.0, 0.0, 0.0, 1.0],
                [1.0, -0.0, -0.0, 4.097161, -0.0, -0.0, -1.0, 0.121988, 0.0, 1.0, -0.0, 0.579162, 0.0, 0.0, 0.0, 1.0],
                [1.0, -0.0, -0.0, 4.44548, -0.0, -0.0, -1.0, 0.119703, 0.0, 1.0, -0.0, 0.398212, 0.0, 0.0, 0.0, 1.0],
                [1.0, -0.0, -0.0, 4.641261, -0.0, -0.0, -1.0, 0.123823, 0.0, 1.0, -0.0, 0.235037, 0.0, 0.0, 0.0, 1.0],
                [1.0, -0.0, -0.0, 4.862586, -0.0, -0.0, -1.0, 0.110805, 0.0, 1.0, -0.0, 0.164099, 0.0, 0.0, 0.0, 1.0],
                [1.0, -0.0, -0.0, 4.99243, -0.0, -0.0, -1.0, 0.093093, 0.0, 1.0, -0.0, 0.175601, 0.0, 0.0, 0.0, 1.0],
                [1.0, -0.0, -0.0, 5.037453, -0.0, -0.0, -1.0, 0.083095, 0.0, 1.0, -0.0, 0.207238, 0.0, 0.0, 0.0, 1.0],
                [1.0, -0.0, -0.0, 5.065401, -0.0, -0.0, -1.0, 0.077561, 0.0, 1.0, -0.0, 0.254702, 0.0, 0.0, 0.0, 1.0],
                [1.0, -0.0, -0.0, 5.086493, -0.0, -0.0, -1.0, 0.087849, 0.0, 1.0, -0.0, 0.313688, 0.0, 0.0, 0.0, 1.0],
                [1.0, -0.0, -0.0, 5.111973, -0.0, -0.0, -1.0, 0.124211, 0.0, 1.0, -0.0, 0.379281, 0.0, 0.0, 0.0, 1.0],
                [1.0, -0.0, -0.0, 5.13892, -0.0, -0.0, -1.0, 0.205536, 0.0, 1.0, -0.0, 0.444138, 0.0, 0.0, 0.0, 1.0],
                [1.0, -0.0, -0.0, 5.153704, -0.0, -0.0, -1.0, 0.280921, 0.0, 1.0, -0.0, 0.500309, 0.0, 0.0, 0.0, 1.0],
                [1.0, -0.0, -0.0, 5.167717, -0.0, -0.0, -1.0, 0.380102, 0.0, 1.0, -0.0, 0.539842, 0.0, 0.0, 0.0, 1.0],
                [1.0, -0.0, -0.0, 5.186745, -0.0, -0.0, -1.0, 0.478489, 0.0, 1.0, -0.0, 0.554786, 0.0, 0.0, 0.0, 1.0],
                [1.0, -0.0, -0.0, 5.200121, -0.0, -0.0, -1.0, 0.549741, 0.0, 1.0, -0.0, 0.553778, 0.0, 0.0, 0.0, 1.0],
                [1.0, -0.0, -0.0, 5.201719, -0.0, -0.0, -1.0, 0.595143, 0.0, 1.0, -0.0, 0.551076, 0.0, 0.0, 0.0, 1.0],
                [1.0, -0.0, -0.0, 5.201699, -0.0, -0.0, -1.0, 0.617453, 0.0, 1.0, -0.0, 0.547164, 0.0, 0.0, 0.0, 1.0],
                [1.0, -0.0, -0.0, 5.201675, -0.0, -0.0, -1.0, 0.629697, 0.0, 1.0, -0.0, 0.542526, 0.0, 0.0, 0.0, 1.0],
                [1.0, -0.0, -0.0, 5.201651, -0.0, -0.0, -1.0, 0.635945, 0.0, 1.0, -0.0, 0.537646, 0.0, 0.0, 0.0, 1.0],
                [1.0, -0.0, -0.0, 5.201631, -0.0, -0.0, -1.0, 0.63616, 0.0, 1.0, -0.0, 0.533008, 0.0, 0.0, 0.0, 1.0],
                [1.0, -0.0, -0.0, 5.201611, -0.0, -0.0, -1.0, 0.633255, 0.0, 1.0, -0.0, 0.529095, 0.0, 0.0, 0.0, 1.0],
                [1.0, -0.0, -0.0, 5.20159, -0.0, -0.0, -1.0, 0.632074, 0.0, 1.0, -0.0, 0.526393, 0.0, 0.0, 0.0, 1.0],
                [1.0, -0.0, -0.0, 5.201577, -0.0, -0.0, -1.0, 0.632074, 0.0, 1.0, -0.0, 0.525385, 0.0, 0.0, 0.0, 1.0],
                [1.0, -0.0, -0.0, 5.201577, -0.0, -0.0, -1.0, 0.632074, 0.0, 1.0, -0.0, 0.525385, 0.0, 0.0, 0.0, 1.0]
            ]
        },
        {
            "name": "Thigh_R",
            "time": [0.0, 0.0417, 0.0833, 0.125, 0.1667, 0.2083, 0.25, 0.2917, 0.3333, 0.375, 0.4167, 0.4583, 0.5, 0.5417, 0.5833, 0.625, 0.6667, 0.7083, 0.75, 0.7917, 0.8333, 0.875, 0.9167, 0.9583, 1.0, 1.0417, 1.0833, 1.125, 1.1667, 1.2083, 1.25, 10.4583],
            "transform": [
                [0.517692, -0.826413, -0.221444, 0.054084, -0.117065, -0.324813, 0.938505, 0.042667, -0.847522, -0.459933, -0.264897, -0.127471, 0.0, 0.0, 0.0, 1.0],
                [0.298627, -0.900152, -0.317097, 0.049775, -0.069731, -0.35195, 0.933418, 0.045305, -0.95182, -0.256632, -0.16787, -0.127427, 0.0, 0.0, 0.0, 1.0],
                [0.166447, -0.983519, -0.070632, 0.039501, -0.21652, -0.106338, 0.970469, 0.052225, -0.961986, -0.146239, -0.230651, -0.127115, 0.0, 0.0, 0.0, 1.0],
                [0.013363, -0.957837, 0.287006, 0.027238, -0.314471, 0.268441, 0.91052, 0.061936, -0.949174, -0.102423, -0.297624, -0.12627, 0.0, 0.0, 0.0, 1.0],
                [-0.17332, -0.656976, 0.733719, 0.016964, -0.189742, 0.753312, 0.629698, 0.072947, -0.966416, -0.030078, -0.25522, -0.124624, 0.0, 0.0, 0.0, 1.0],
                [-0.303265, -0.205643, 0.930452, 0.012656, 0.027453, 0.974146, 0.224248, 0.083768, -0.952512, 0.09355, -0.289778, -0.12191, 0.0, 0.0, 0.0, 1.0],
                [-0.351448, 0.144474, 0.924993, 0.017866, 0.19021, 0.978434, -0.08055, 0.093177, -0.916683, 0.147633, -0.371348, -0.117326, 0.0, 0.0, 0.0, 1.0],
                [-0.301799, 0.649484, 0.697917, 0.031278, 0.36952, 0.754517, -0.542364, 0.101033, -0.878849, 0.094209, -0.467709, -0.109704, 0.0, 0.0, 0.0, 1.0],
                [-0.133959, 0.97529, -0.175687, 0.049561, 0.487084, -0.089592, -0.868748, 0.107464, -0.863022, -0.201951, -0.463046, -0.098227, 0.0, 0.0, 0.0, 1.0],
                [0.115729, 0.440828, -0.890099, 0.069384, 0.56052, -0.768788, -0.30787, 0.112596, -0.820016, -0.463289, -0.336063, -0.082079, 0.0, 0.0, 0.0, 1.0],
                [0.403586, 0.291366, -0.867309, 0.087416, 0.695856, -0.71323, 0.084199, 0.116559, -0.594058, -0.637503, -0.490597, -0.060443, 0.0, 0.0, 0.0, 1.0],
                [0.540437, 0.34009, -0.769589, 0.101054, 0.752277, -0.604974, 0.260934, 0.119482, -0.376842, -0.719962, -0.582791, -0.033119, 0.0, 0.0, 0.0, 1.0],
                [0.598385, 0.157736, -0.785529, 0.110593, 0.756467, -0.434279, 0.489041, 0.121506, -0.264, -0.886861, -0.379187, -0.002367, 0.0, 0.0, 0.0, 1.0],
                [0.654785, 0.060964, -0.753353, 0.117059, 0.719285, -0.356395, 0.596332, 0.122774, -0.232137, -0.932345, -0.277212, 0.028934, 0.0, 0.0, 0.0, 1.0],
                [0.726597, 0.139456, -0.672763, 0.121471, 0.663885, -0.394703, 0.63519, 0.12343, -0.176961, -0.908165, -0.379372, 0.057908, 0.0, 0.0, 0.0, 1.0],
                [0.788746, 0.184925, -0.586245, 0.124853, 0.605621, -0.397245, 0.689507, 0.123617, -0.105376, -0.898889, -0.425319, 0.081677, 0.0, 0.0, 0.0, 1.0],
                [0.826015, 0.181392, -0.533665, 0.128016, 0.557223, -0.405374, 0.72469, 0.120078, -0.084881, -0.895974, -0.43592, 0.098114, 0.0, 0.0, 0.0, 1.0],
                [0.868621, 0.203295, -0.451852, 0.130918, 0.494084, -0.42381, 0.759123, 0.11138, -0.037174, -0.882642, -0.468575, 0.108085, 0.0, 0.0, 0.0, 1.0],
                [0.907061, 0.233009, -0.350642, 0.133305, 0.420982, -0.510248, 0.749948, 0.100402, -0.00417, -0.827862, -0.560918, 0.113206, 0.0, 0.0, 0.0, 1.0],
                [0.927004, 0.321288, -0.193493, 0.134924, 0.359291, -0.612734, 0.703895, 0.090024, 0.107593, -0.722033, -0.683442, 0.115094, 0.0, 0.0, 0.0, 1.0],
                [0.91192, 0.408163, 0.042519, 0.13552, 0.296721, -0.72739, 0.618757, 0.083126, 0.283482, -0.55164, -0.784431, 0.115364, 0.0, 0.0, 0.0, 1.0],
                [0.870545, 0.422352, 0.252533, 0.135211, 0.256199, -0.827146, 0.500192, 0.080106, 0.420139, -0.37074, -0.828273, 0.113365, 0.0, 0.0, 0.0, 1.0],
                [0.824871, 0.399808, 0.399679, 0.133785, 0.239746, -0.887665, 0.393158, 0.078826, 0.511969, -0.228482, -0.82806, 0.108518, 0.0, 0.0, 0.0, 1.0],
                [0.780945, 0.375196, 0.499356, 0.130495, 0.237388, -0.917777, 0.318329, 0.078356, 0.577733, -0.130056, -0.805798, 0.102546, 0.0, 0.0, 0.0, 1.0],
                [0.726451, 0.359293, 0.585815, 0.124595, 0.234466, -0.930875, 0.280174, 0.077766, 0.645986, -0.066178, -0.760476, 0.097174, 0.0, 0.0, 0.0, 1.0],
                [0.645898, 0.373829, 0.665635, 0.115335, 0.234736, -0.926915, 0.292793, 0.076128, 0.726443, -0.032865, -0.686442, 0.094124, 0.0, 0.0, 0.0, 1.0],
                [0.565498, 0.356288, 0.743823, 0.102517, 0.245003, -0.933734, 0.26099, 0.072831, 0.787521, 0.03465, -0.615315, 0.093056, 0.0, 0.0, 0.0, 1.0],
                [0.529248, 0.307153, 0.79092, 0.08813, 0.257054, -0.94641, 0.19553, 0.068545, 0.808594, 0.099826, -0.579839, 0.092408, 0.0, 0.0, 0.0, 1.0],
                [0.528321, 0.268141, 0.805592, 0.074712, 0.266988, -0.953156, 0.142163, 0.064259, 0.805977, 0.139976, -0.575162, 0.092076, 0.0, 0.0, 0.0, 1.0],
                [0.532946, 0.240257, 0.811324, 0.0648, 0.273857, -0.95621, 0.103271, 0.060962, 0.800609, 0.167148, -0.575403, 0.091953, 0.0, 0.0, 0.0, 1.0],
                [0.532926, 0.240241, 0.811342, 0.060932, 0.273822, -0.956219, 0.103282, 0.059644, 0.800634, 0.167121, -0.575376, 0.091936, 0.0, 0.0, 0.0, 1.0],
                [0.532926, 0.240241, 0.811342, 0.060932, 0.273822, -0.956219, 0.103282, 0.059644, 0.800634, 0.167121, -0.575376, 0.091936, 0.0, 0.0, 0.0, 1.0]
            ]
        },
        {
            "name": "Leg_R",
            "time": [0.0, 0.0417, 0.0833, 0.125, 0.1667, 0.2083, 0.25, 0.2917, 0.3333, 0.375, 0.4167, 0.4583, 0.5, 0.5417, 0.5833, 0.625, 0.6667, 0.7083, 0.75, 0.7917, 0.8333, 0.875, 0.9167, 0.9583, 1.0, 1.0417, 1.0833, 1.125, 1.1667, 1.2083, 1.25, 10.4583],
            "transform": [
                [0.999999, 0.0, 0.0, 0.0, -0.0, 0.551631, 0.834088, 0.37472, -0.0, -0.83409, 0.55163, 0.0, 0.0, 0.0, 0.0, 1.0],
                [0.999999, 0.0, 0.0, -0.0, -0.0, 0.883401, 0.468619, 0.37472, -0.0, -0.468619, 0.8834, 0.0, 0.0, 0.0, 0.0, 1.0],
                [1.0, 0.0, 0.0, -0.0, -0.0, 0.844943, 0.534855, 0.37472, -0.0, -0.534856, 0.844943, -0.0, 0.0, 0.0, 0.0, 1.0],
                [1.0, 0.0, 0.0, -0.0, -0.0, 0.676188, 0.736729, 0.37472, -0.0, -0.736729, 0.676188, -0.0, 0.0, 0.0, 0.0, 1.0],
                [0.999999, 0.0, 0.0, -0.0, -0.0, 0.403726, 0.91488, 0.37472, -0.0, -0.914881, 0.403725, 0.0, 0.0, 0.0, 0.0, 1.0],
                [0.999999, 0.0, 0.0, 0.0, -0.0, 0.441141, 0.897437, 0.37472, 0.0, -0.897438, 0.441141, -0.0, 0.0, 0.0, 0.0, 1.0],
                [1.0, 0.0, 0.0, 0.0, -0.0, 0.815588, 0.578634, 0.37472, -0.0, -0.578635, 0.815587, 0.0, 0.0, 0.0, 0.0, 1.0],
                [1.0, 0.0, 0.0, -0.0, -0.0, 0.953238, 0.302222, 0.37472, -0.0, -0.302222, 0.953237, -0.0, 0.0, 0.0, 0.0, 1.0],
                [0.999999, 0.0, 0.0, -0.0, -0.0, 0.852831, 0.522188, 0.37472, -0.0, -0.522188, 0.85283, 0.0, 0.0, 0.0, 0.0, 1.0],
                [0.999999, 0.0, 0.0, -0.0, -0.0, 0.362712, 0.9319, 0.37472, 0.0, -0.931903, 0.362711, 0.0, 0.0, 0.0, 0.0, 1.0],
                [1.0, 0.0, 0.0, -0.0, -0.0, 0.449287, 0.893387, 0.37472, -0.0, -0.893389, 0.449286, -0.0, 0.0, 0.0, 0.0, 1.0],
                [0.999999, 0.0, 0.0, -0.0, -0.0, 0.518336, 0.855177, 0.37472, 0.0, -0.855178, 0.518336, -0.0, 0.0, 0.0, 0.0, 1.0],
                [0.999999, 0.0, 0.0, 0.0, -0.0, 0.080375, 0.996764, 0.37472, 0.0, -0.996766, 0.080374, -0.0, 0.0, 0.0, 0.0, 1.0],
                [0.999999, 0.0, 0.0, 0.0, -0.0, -0.072559, 0.997364, 0.37472, 0.0, -0.997365, -0.072559, -0.0, 0.0, 0.0, 0.0, 1.0],
                [0.999999, 0.0, 0.0, 0.0, -0.0, 0.056065, 0.998426, 0.37472, 0.0, -0.998428, 0.056065, -0.0, 0.0, 0.0, 0.0, 1.0],
                [0.999999, 0.0, 0.0, -0.0, -0.0, 0.100579, 0.994928, 0.37472, 0.0, -0.99493, 0.100579, 0.0, 0.0, 0.0, 0.0, 1.0],
                [0.999999, 0.0, 0.0, -0.0, -0.0, 0.067336, 0.99773, 0.37472, 0.0, -0.997731, 0.067336, 0.0, 0.0, 0.0, 0.0, 1.0],
                [0.999999, 0.0, 0.0, -0.0, -0.0, 0.043535, 0.999052, 0.37472, 0.0, -0.999053, 0.043535, 0.0, 0.0, 0.0, 0.0, 1.0],
                [0.999999, 0.0, 0.0, -0.0, -0.0, 0.06816, 0.997674, 0.37472, 0.0, -0.997675, 0.06816, 0.0, 0.0, 0.0, 0.0, 1.0],
                [1.0, 0.0, 0.0, 0.0, -0.0, 0.220807, 0.975316, 0.37472, 0.0, -0.975319, 0.220806, 0.0, 0.0, 0.0, 0.0, 1.0],
                [0.999999, 0.0, 0.0, 0.0, -0.0, 0.423606, 0.905846, 0.37472, 0.0, -0.905847, 0.423605, -0.0, 0.0, 0.0, 0.0, 1.0],
                [1.0, 0.0, 0.0, -0.0, -0.0, 0.590806, 0.806814, 0.37472, 0.0, -0.806814, 0.590805, -0.0, 0.0, 0.0, 0.0, 1.0],
                [1.0, 0.0, 0.0, -0.0, -0.0, 0.705308, 0.7089, 0.37472, -0.0, -0.708901, 0.705308, -0.0, 0.0, 0.0, 0.0, 1.0],
                [1.0, 0.0, 0.0, -0.0, -0.0, 0.778417, 0.627747, 0.37472, -0.0, -0.627747, 0.778417, 0.0, 0.0, 0.0, 0.0, 1.0],
                [1.0, 0.0, 0.0, 0.0, -0.0, 0.82802, 0.560698, 0.37472, 0.0, -0.560698, 0.82802, 0.0, 0.0, 0.0, 0.0, 1.0],
                [1.0, 0.0, 0.0, 0.0, -0.0, 0.843617, 0.536946, 0.37472, 0.0, -0.536946, 0.843616, 0.0, 0.0, 0.0, 0.0, 1.0],
                [1.0, 0.0, 0.0, -0.0, -0.0, 0.871681, 0.490074, 0.37472, -0.0, -0.490075, 0.87168, 0.0, 0.0, 0.0, 0.0, 1.0],
                [1.0, 0.0, 0.0, 0.0, -0.0, 0.902372, 0.430958, 0.37472, 0.0, -0.430958, 0.902371, 0.0, 0.0, 0.0, 0.0, 1.0],
                [1.0, 0.0, 0.0, 0.0, -0.0, 0.920697, 0.390277, 0.37472, -0.0, -0.390277, 0.920697, 0.0, 0.0, 0.0, 0.0, 1.0],
                [1.0, 0.0, -0.0, -0.0, -0.0, 0.932223, 0.361883, 0.37472, -0.0, -0.361883, 0.932223, 0.0, 0.0, 0.0, 0.0, 1.0],
                [1.0, 0.0, 0.0, 0.0, -0.0, 0.932223, 0.361883, 0.37472, -0.0, -0.361883, 0.932223, 0.0, 0.0, 0.0, 0.0, 1.0],
                [1.0, 0.0, 0.0, 0.0, -0.0, 0.932223, 0.361883, 0.37472, -0.0, -0.361883, 0.932223, 0.0, 0.0, 0.0, 0.0, 1.0]
            ]
        },
        {
            "name": "Knee_R",
            "time": [0.0, 10.4583],
            "transform": [
                [1.0, 0.0, -0.0, 0.0, -0.0, 1e-06, -1.0, 0.37472, -0.0, 1.0, 1e-06, 0.0, 0.0, 0.0, 0.0, 1.0],
                [1.0, 0.0, -0.0, 0.0, -0.0, 1e-06, -1.0, 0.37472, -0.0, 1.0, 1e-06, 0.0, 0.0, 0.0, 0.0, 1.0]
            ]
        },
        {
            "name": "Thigh_L",
            "time": [0.0, 0.0417, 0.0833, 0.125, 0.1667, 0.2083, 0.25, 0.2917, 0.3333, 0.375, 0.4167, 0.4583, 0.5, 0.5417, 0.5833, 0.625, 0.6667, 0.7083, 0.75, 0.7917, 0.8333, 0.875, 0.9167, 0.9583, 1.0, 1.0417, 1.0833, 1.125, 1.1667, 1.2083, 1.25, 10.4583],
            "transform": [
                [-0.413292, -0.900304, 0.136549, 0.058828, 0.078303, 0.114263, 0.990359, 0.05195, -0.907223, 0.420001, 0.023272, 0.120623, 0.0, 0.0, 0.0, 1.0],
                [-0.124598, -0.456142, 0.881141, 0.044211, 0.422461, 0.779155, 0.463083, 0.045303, -0.897773, 0.429949, 0.095621, 0.118796, 0.0, 0.0, 0.0, 1.0],
                [-0.042462, -0.293947, 0.954877, 0.009355, 0.462595, 0.841339, 0.279565, 0.029452, -0.885549, 0.453595, 0.100253, 0.114441, 0.0, 0.0, 0.0, 1.0],
                [-0.006441, -0.202043, 0.979355, -0.032248, 0.437711, 0.88, 0.184423, 0.010533, -0.89909, 0.429864, 0.082768, 0.109242, 0.0, 0.0, 0.0, 1.0],
                [0.050778, 0.113842, 0.9922, -0.067104, 0.388468, 0.912996, -0.124634, -0.005318, -0.920059, 0.391769, 0.002136, 0.104886, 0.0, 0.0, 0.0, 1.0],
                [0.102305, 0.654097, 0.749461, -0.081721, 0.359892, 0.678042, -0.640888, -0.011965, -0.927365, 0.335292, -0.166037, 0.10306, 0.0, 0.0, 0.0, 1.0],
                [0.126976, 0.991869, 0.008819, -0.072709, 0.234823, -0.02142, -0.971801, -0.008161, -0.963707, 0.125467, -0.235633, 0.109342, 0.0, 0.0, 0.0, 1.0],
                [0.040561, 0.858648, -0.510961, -0.05122, 0.075663, -0.512554, -0.855314, 0.001203, -0.996306, -0.003968, -0.085758, 0.124325, 0.0, 0.0, 0.0, 1.0],
                [-0.033031, 0.492061, -0.869934, -0.02557, -0.050741, -0.870114, -0.490234, 0.01305, -0.998163, 0.027949, 0.053708, 0.142206, 0.0, 0.0, 0.0, 1.0],
                [0.020859, -0.329722, -0.943848, -0.00408, 0.000779, -0.944049, 0.329808, 0.024307, -0.99978, -0.007615, -0.019435, 0.157189, 0.0, 0.0, 0.0, 1.0],
                [0.277216, -0.813863, -0.510666, 0.004932, -0.048029, -0.542572, 0.838635, 0.031897, -0.959604, -0.207957, -0.189499, 0.163471, 0.0, 0.0, 0.0, 1.0],
                [0.497432, -0.85384, -0.153361, -0.009369, -0.280398, -0.325547, 0.902992, 0.035781, -0.820934, -0.406177, -0.401353, 0.154014, 0.0, 0.0, 0.0, 1.0],
                [0.424087, -0.869207, 0.254225, -0.045119, -0.481212, 0.021526, 0.876339, 0.038227, -0.76719, -0.493983, -0.409144, 0.129644, 0.0, 0.0, 0.0, 1.0],
                [0.438756, -0.822364, 0.362231, -0.091595, -0.588993, 0.041253, 0.807082, 0.03962, -0.678657, -0.567467, -0.466267, 0.096369, 0.0, 0.0, 0.0, 1.0],
                [0.554815, -0.75925, 0.340177, -0.138071, -0.690644, -0.192332, 0.697149, 0.040349, -0.463881, -0.621733, -0.63108, 0.060194, 0.0, 0.0, 0.0, 1.0],
                [0.583319, -0.766525, 0.268662, -0.173821, -0.699581, -0.306073, 0.645681, 0.040801, -0.412699, -0.564591, -0.714784, 0.027125, 0.0, 0.0, 0.0, 1.0],
                [0.587623, -0.783993, 0.200138, -0.188122, -0.700534, -0.369172, 0.610705, 0.041363, -0.404902, -0.49907, -0.766148, 0.003169, 0.0, 0.0, 0.0, 1.0],
                [0.578044, -0.807086, 0.120331, -0.184884, -0.726396, -0.441761, 0.526491, 0.042328, -0.371764, -0.391745, -0.841621, -0.01138, 0.0, 0.0, 0.0, 1.0],
                [0.620463, -0.769393, 0.151856, -0.176148, -0.732886, -0.499954, 0.461435, 0.043618, -0.279102, -0.397598, -0.87408, -0.021026, 0.0, 0.0, 0.0, 1.0],
                [0.714147, -0.613348, 0.337338, -0.163384, -0.696013, -0.570886, 0.435492, 0.04506, -0.074526, -0.5458, -0.834595, -0.026962, 0.0, 0.0, 0.0, 1.0],
                [0.819155, -0.382623, 0.427295, -0.14806, -0.557933, -0.70431, 0.438929, 0.046482, 0.133004, -0.597956, -0.790417, -0.030378, 0.0, 0.0, 0.0, 1.0],
                [0.869036, -0.203911, 0.450769, -0.131646, -0.399531, -0.826619, 0.396331, 0.047711, 0.291797, -0.524525, -0.79983, -0.032466, 0.0, 0.0, 0.0, 1.0],
                [0.864611, -0.045985, 0.500329, -0.11561, -0.278382, -0.872826, 0.400851, 0.048575, 0.418266, -0.485865, -0.767455, -0.034418, 0.0, 0.0, 0.0, 1.0],
                [0.80408, 0.029935, 0.593763, -0.10142, -0.232958, -0.903002, 0.361001, 0.048901, 0.546974, -0.428598, -0.719112, -0.037426, 0.0, 0.0, 0.0, 1.0],
                [0.764418, 0.014709, 0.64455, -0.090231, -0.23556, -0.92425, 0.300461, 0.048885, 0.600143, -0.38151, -0.703048, -0.042349, 0.0, 0.0, 0.0, 1.0],
                [0.816019, -0.029528, 0.577267, -0.081932, -0.227133, -0.934742, 0.273261, 0.048843, 0.531524, -0.354105, -0.769474, -0.048716, 0.0, 0.0, 0.0, 1.0],
                [0.855683, -0.045084, 0.515528, -0.076097, -0.218953, -0.93418, 0.28173, 0.048785, 0.468893, -0.35395, -0.809232, -0.055726, 0.0, 0.0, 0.0, 1.0],
                [0.877823, -0.048431, 0.476527, -0.072299, -0.215999, -0.928001, 0.303585, 0.048723, 0.427513, -0.369425, -0.82508, -0.062576, 0.0, 0.0, 0.0, 1.0],
                [0.890732, -0.047607, 0.452025, -0.070115, -0.213695, -0.921597, 0.324034, 0.048665, 0.401157, -0.385225, -0.831068, -0.068462, 0.0, 0.0, 0.0, 1.0],
                [0.894093, -0.046032, 0.445504, -0.069116, -0.211186, -0.920514, 0.328724, 0.048623, 0.394959, -0.387996, -0.832745, -0.072582, 0.0, 0.0, 0.0, 1.0],
                [0.894083, -0.046042, 0.445524, -0.068878, -0.211218, -0.920497, 0.32875, 0.048607, 0.394965, -0.388035, -0.832725, -0.074134, 0.0, 0.0, 0.0, 1.0],
                [0.894083, -0.046042, 0.445524, -0.068878, -0.211218, -0.920497, 0.32875, 0.048607, 0.394965, -0.388035, -0.832725, -0.074134, 0.0, 0.0, 0.0, 1.0]
            ]
        },
        {
            "name": "Leg_L",
            "time": [0.0, 0.0417, 0.0833, 0.125, 0.1667, 0.2083, 0.25, 0.2917, 0.3333, 0.375, 0.4167, 0.4583, 0.5, 0.5417, 0.5833, 0.625, 0.6667, 0.7083, 0.75, 0.7917, 0.8333, 0.875, 0.9167, 0.9583, 1.0, 1.0417, 1.0833, 1.125, 1.1667, 1.2083, 1.25, 10.4583],
            "transform": [
                [0.999997, 1e-06, -1e-06, 0.0, 1e-06, -0.032224, 0.999481, 0.37472, 1e-06, -0.999482, -0.032224, -0.0, 0.0, 0.0, 0.0, 1.0],
                [0.999997, 1e-06, -1e-06, -0.0, 1e-06, 0.20749, 0.978237, 0.37472, 1e-06, -0.978239, 0.20749, -0.0, 0.0, 0.0, 0.0, 1.0],
                [0.999998, 1e-06, -1e-06, 0.0, 0.0, 0.316702, 0.948526, 0.37472, 1e-06, -0.948527, 0.316702, 0.0, 0.0, 0.0, 0.0, 1.0],
                [0.999997, 1e-06, -1e-06, 0.0, 0.0, 0.459148, 0.888361, 0.37472, 1e-06, -0.88836, 0.459149, 0.0, 0.0, 0.0, 0.0, 1.0],
                [0.999997, 1e-06, -1e-06, 0.0, 0.0, 0.657072, 0.753829, 0.37472, 2e-06, -0.753828, 0.657073, -0.0, 0.0, 0.0, 0.0, 1.0],
                [0.999998, 1e-06, -2e-06, 0.0, 1e-06, 0.698646, 0.715468, 0.37472, 2e-06, -0.715468, 0.698647, -0.0, 0.0, 0.0, 0.0, 1.0],
                [0.999997, 1e-06, -1e-06, -0.0, 1e-06, 0.560308, 0.828285, 0.37472, 2e-06, -0.828285, 0.560308, 0.0, 0.0, 0.0, 0.0, 1.0],
                [0.999998, 0.0, -2e-06, -0.0, 0.0, 0.863003, 0.5052, 0.37472, 2e-06, -0.505199, 0.863004, 0.0, 0.0, 0.0, 0.0, 1.0],
                [0.999998, 0.0, -2e-06, -0.0, 0.0, 0.914999, 0.403455, 0.37472, 2e-06, -0.403454, 0.915002, -0.0, 0.0, 0.0, 0.0, 1.0],
                [0.999997, 1e-06, -1e-06, 0.0, 1e-06, 0.106073, 0.994359, 0.37472, 1e-06, -0.99436, 0.106073, -0.0, 0.0, 0.0, 0.0, 1.0],
                [0.999997, 1e-06, -0.0, 0.0, 1e-06, -0.293792, 0.95587, 0.37472, 1e-06, -0.955871, -0.293792, 0.0, 0.0, 0.0, 0.0, 1.0],
                [0.999997, 1e-06, -0.0, -0.0, 1e-06, -0.382482, 0.923963, 0.37472, 1e-06, -0.923965, -0.382481, -0.0, 0.0, 0.0, 0.0, 1.0],
                [0.999997, 1e-06, 0.0, 0.0, 0.0, -0.351259, 0.936279, 0.37472, 1e-06, -0.93628, -0.351258, 0.0, 0.0, 0.0, 0.0, 1.0],
                [0.999997, 1e-06, -0.0, 0.0, 1e-06, -0.13912, 0.990275, 0.37472, 1e-06, -0.990278, -0.13912, 0.0, 0.0, 0.0, 0.0, 1.0],
                [0.999997, 1e-06, -1e-06, 0.0, 0.0, 0.087403, 0.996173, 0.37472, 1e-06, -0.996175, 0.087403, 0.0, 0.0, 0.0, 0.0, 1.0],
                [0.999997, 1e-06, -1e-06, -0.0, 1e-06, 0.271667, 0.962391, 0.37472, 1e-06, -0.962393, 0.271667, 0.0, 0.0, 0.0, 0.0, 1.0],
                [0.999997, 1e-06, -1e-06, 0.0, 1e-06, 0.403761, 0.914865, 0.37472, 2e-06, -0.914866, 0.40376, 0.0, 0.0, 0.0, 0.0, 1.0],
                [0.999997, 1e-06, -1e-06, 0.0, 0.0, 0.588105, 0.808786, 0.37472, 2e-06, -0.808786, 0.588105, -0.0, 0.0, 0.0, 0.0, 1.0],
                [0.999997, 1e-06, -1e-06, -0.0, 1e-06, 0.600726, 0.799457, 0.37472, 2e-06, -0.799456, 0.600727, -0.0, 0.0, 0.0, 0.0, 1.0],
                [0.999997, 1e-06, -1e-06, 0.0, 1e-06, 0.330461, 0.94382, 0.37472, 1e-06, -0.943821, 0.330461, 0.0, 0.0, 0.0, 0.0, 1.0],
                [0.999997, 1e-06, -1e-06, 0.0, 1e-06, 0.218182, 0.975908, 0.37472, 1e-06, -0.97591, 0.218182, 0.0, 0.0, 0.0, 0.0, 1.0],
                [0.999997, 1e-06, -1e-06, 1e-06, 0.0, 0.391751, 0.920072, 0.37472, 1e-06, -0.920073, 0.391751, 0.0, 0.0, 0.0, 0.0, 1.0],
                [0.999997, 1e-06, -1e-06, -0.0, 1e-06, 0.637384, 0.770547, 0.37472, 2e-06, -0.770547, 0.637385, 0.0, 0.0, 0.0, 0.0, 1.0],
                [0.999997, 0.0, -2e-06, 1e-06, 0.0, 0.825734, 0.56406, 0.37472, 2e-06, -0.564058, 0.825736, -0.0, 0.0, 0.0, 0.0, 1.0],
                [0.999998, 0.0, -2e-06, 0.0, 0.0, 0.857609, 0.514302, 0.37472, 2e-06, -0.514301, 0.857611, -1e-06, 0.0, 0.0, 0.0, 1.0],
                [0.999997, 0.0, -2e-06, -0.0, 0.0, 0.889912, 0.456133, 0.37472, 2e-06, -0.456131, 0.889915, -0.0, 0.0, 0.0, 0.0, 1.0],
                [0.999997, 0.0, -2e-06, 0.0, 0.0, 0.890814, 0.454368, 0.37472, 2e-06, -0.454367, 0.890817, -0.0, 0.0, 0.0, 0.0, 1.0],
                [0.999998, 0.0, -2e-06, 0.0, 0.0, 0.878485, 0.47777, 0.37472, 2e-06, -0.477769, 0.878487, 0.0, 0.0, 0.0, 0.0, 1.0],
                [0.999997, 0.0, -2e-06, -1e-06, 0.0, 0.866163, 0.499763, 0.37472, 2e-06, -0.499761, 0.866165, -0.0, 0.0, 0.0, 0.0, 1.0],
                [0.999997, 0.0, -2e-06, -0.0, 0.0, 0.862454, 0.506136, 0.37472, 2e-06, -0.506134, 0.862456, -0.0, 0.0, 0.0, 0.0, 1.0],
                [0.999997, 0.0, -2e-06, 0.0, 0.0, 0.862454, 0.506136, 0.37472, 1e-06, -0.506135, 0.862457, -0.0, 0.0, 0.0, 0.0, 1.0],
                [0.999997, 0.0, -2e-06, 0.0, 0.0, 0.862454, 0.506136, 0.37472, 1e-06, -0.506135, 0.862457, -0.0, 0.0, 0.0, 0.0, 1.0]
            ]
        },
        {
            "name": "Knee_L",
            "time": [0.0, 10.4583],
            "transform": [
                [1.0, 0.0, -0.0, 0.0, -0.0, 1e-06, -1.0, 0.37472, -0.0, 1.0, 1e-06, -0.0, 0.0, 0.0, 0.0, 1.0],
                [1.0, 0.0, -0.0, 0.0, -0.0, 1e-06, -1.0, 0.37472, -0.0, 1.0, 1e-06, -0.0, 0.0, 0.0, 0.0, 1.0]
            ]
        },
        {
            "name": "Torso",
            "time": [0.0, 0.0417, 0.0833, 0.125, 0.1667, 0.2083, 0.25, 0.2917, 0.3333, 0.375, 0.4167, 0.4583, 0.5, 0.5417, 0.5833, 0.625, 0.6667, 0.7083, 0.75, 0.7917, 0.8333, 0.875, 0.9167, 0.9583, 1.0, 1.0417, 1.0833, 1.125, 1.1667, 1.2083, 1.25, 10.4583],
            "transform": [
                [-0.020062, 0.49464, 0.868866, -0.0, 0.016008, 0.869087, -0.494398, 0.05, -0.999672, 0.00399, -0.025354, -0.0, 0.0, 0.0, 0.0, 1.0],
                [-0.014865, 0.946189, 0.32327, 0.0, 0.028348, 0.323574, -0.945778, 0.05, -0.999489, -0.004895, -0.031632, -0.0, 0.0, 0.0, 0.0, 1.0],
                [-0.129905, 0.979703, -0.152664, 0.0, 0.078957, -0.143259, -0.986531, 0.05, -0.98838, -0.140208, -0.058744, 0.0, 0.0, 0.0, 0.0, 1.0],
                [-0.149588, 0.862774, -0.482952, -0.0, 0.204288, -0.450939, -0.868861, 0.05, -0.967416, -0.228632, -0.108799, 0.0, 0.0, 0.0, 0.0, 1.0],
                [0.021299, 0.602257, -0.798017, -0.0, 0.386992, -0.740941, -0.548855, 0.05, -0.921839, -0.297135, -0.248849, 0.0, 0.0, 0.0, 0.0, 1.0],
                [0.181666, 0.067265, -0.981057, -0.0, 0.425489, -0.904808, 0.016752, 0.05, -0.886544, -0.420471, -0.192993, -0.0, 0.0, 0.0, 0.0, 1.0],
                [0.202187, -0.610646, -0.765658, -0.0, 0.359397, -0.680994, 0.638029, 0.05, -0.91102, -0.404175, 0.081776, 0.0, 0.0, 0.0, 0.0, 1.0],
                [0.188572, -0.915729, -0.354794, -0.0, 0.316756, -0.285252, 0.904598, 0.05, -0.929575, -0.282963, 0.236272, 0.0, 0.0, 0.0, 0.0, 1.0],
                [0.171279, -0.98385, -0.051959, 0.0, 0.277164, -0.002492, 0.960819, 0.05, -0.945435, -0.178968, 0.272261, 0.0, 0.0, 0.0, 0.0, 1.0],
                [0.298403, -0.911634, 0.282627, 0.0, 0.306788, 0.372018, 0.876062, 0.05, -0.903792, -0.174713, 0.390689, 0.0, 0.0, 0.0, 0.0, 1.0],
                [0.565397, -0.683106, 0.462268, 0.0, 0.310681, 0.695545, 0.647838, 0.05, -0.764072, -0.222667, 0.605487, 0.0, 0.0, 0.0, 0.0, 1.0],
                [0.789335, -0.495833, 0.36208, 0.0, 0.29158, 0.821728, 0.489635, 0.05, -0.54031, -0.28091, 0.793193, 0.0, 0.0, 0.0, 0.0, 1.0],
                [0.910721, -0.379574, 0.162831, 0.0, 0.300219, 0.879115, 0.370167, 0.05, -0.283654, -0.288233, 0.914583, 0.0, 0.0, 0.0, 0.0, 1.0],
                [0.943454, -0.331237, 0.013384, 0.0, 0.309623, 0.894876, 0.321448, 0.05, -0.118453, -0.299127, 0.946833, 0.0, 0.0, 0.0, 0.0, 1.0],
                [0.956349, -0.291212, -0.024378, 0.0, 0.284188, 0.907345, 0.309776, 0.05, -0.068092, -0.303181, 0.950497, 0.0, 0.0, 0.0, 0.0, 1.0],
                [0.978438, -0.197135, -0.061634, -0.0, 0.206401, 0.944371, 0.256047, 0.05, 0.007729, -0.263247, 0.964698, -0.0, 0.0, 0.0, 0.0, 1.0],
                [0.991237, -0.116433, -0.062408, 0.0, 0.127741, 0.965204, 0.22817, 0.05, 0.03367, -0.234142, 0.971619, 0.0, 0.0, 0.0, 0.0, 1.0],
                [0.997555, -0.060392, -0.035199, 0.0, 0.067562, 0.962192, 0.263857, 0.05, 0.017934, -0.265589, 0.963919, 0.0, 0.0, 0.0, 0.0, 1.0],
                [0.999547, -0.007609, -0.029169, 0.0, 0.015687, 0.95757, 0.287771, 0.05, 0.025741, -0.288098, 0.957255, 0.0, 0.0, 0.0, 0.0, 1.0],
                [0.99118, 0.03738, -0.127152, 0.0, -0.003665, 0.966765, 0.255635, 0.05, 0.132482, -0.252914, 0.958375, 0.0, 0.0, 0.0, 0.0, 1.0],
                [0.956259, 0.067085, -0.284729, 0.0, -0.01567, 0.983697, 0.179143, 0.05, 0.292105, -0.166846, 0.94172, 0.0, 0.0, 0.0, 0.0, 1.0],
                [0.90888, 0.072083, -0.410784, 0.0, -0.032397, 0.994176, 0.102774, 0.05, 0.415801, -0.0801, 0.905922, 0.0, 0.0, 0.0, 0.0, 1.0],
                [0.866161, 0.058005, -0.49639, 0.0, -0.044278, 0.998241, 0.039386, 0.05, 0.497802, -0.012136, 0.867206, -0.0, 0.0, 0.0, 0.0, 1.0],
                [0.829805, 0.030505, -0.55722, 0.0, -0.042307, 0.999069, -0.008308, 0.05, 0.556449, 0.030468, 0.830324, -0.0, 0.0, 0.0, 0.0, 1.0],
                [0.795001, 0.007207, -0.606567, 0.0, -0.038486, 0.998513, -0.038578, 0.05, 0.605389, 0.054014, 0.794096, -0.0, 0.0, 0.0, 0.0, 1.0],
                [0.758701, -0.017332, -0.65121, -0.0, -0.029433, 0.997712, -0.060846, 0.05, 0.650776, 0.065331, 0.756455, 0.0, 0.0, 0.0, 0.0, 1.0],
                [0.729829, -0.041521, -0.682369, 0.0, -0.014143, 0.997022, -0.075795, 0.05, 0.683485, 0.064968, 0.727069, 0.0, 0.0, 0.0, 0.0, 1.0],
                [0.71276, -0.056027, -0.699168, 0.0, -0.00264, 0.996582, -0.082551, 0.05, 0.701405, 0.060685, 0.710176, 0.0, 0.0, 0.0, 0.0, 1.0],
                [0.703924, -0.06449, -0.707343, 0.0, 0.00474, 0.996272, -0.086116, 0.05, 0.710262, 0.057266, 0.701606, 0.0, 0.0, 0.0, 0.0, 1.0],
                [0.702983, -0.065216, -0.708212, 0.0, 0.005642, 0.996265, -0.086142, 0.05, 0.711186, 0.05656, 0.700726, 0.0, 0.0, 0.0, 0.0, 1.0],
                [0.70296, -0.065245, -0.708231, -0.0, 0.005663, 0.996264, -0.086159, 0.05, 0.711209, 0.056555, 0.700704, 0.0, 0.0, 0.0, 0.0, 1.0],
                [0.70296, -0.065245, -0.708231, -0.0, 0.005663, 0.996264, -0.086159, 0.05, 0.711209, 0.056555, 0.700704, 0.0, 0.0, 0.0, 0.0, 1.0]
            ]
        },
        {
            "name": "Chest",
            "time": [0.0, 0.0417, 0.0833, 0.125, 0.1667, 0.2083, 0.25, 0.2917, 0.3333, 0.375, 0.4167, 0.4583, 0.5, 0.5417, 0.5833, 0.625, 0.6667, 0.7083, 0.75, 0.7917, 0.8333, 0.875, 0.9167, 0.9583, 1.0, 1.0417, 1.0833, 1.125, 1.1667, 1.2083, 1.25, 10.4583],
            "transform": [
                [0.999225, 0.039012, 0.005626, -0.0, -0.038496, 0.935272, 0.351828, 0.3, 0.008464, -0.35177, 0.936047, -0.0, 0.0, 0.0, 0.0, 1.0],
                [0.984788, 0.124033, 0.121711, 0.0, -0.115224, 0.990353, -0.076952, 0.3, -0.130082, 0.061757, 0.989577, 0.0, 0.0, 0.0, 0.0, 1.0],
                [0.97855, 0.183609, 0.093446, -0.0, -0.177211, 0.981479, -0.072766, 0.3, -0.105076, 0.054645, 0.992961, -0.0, 0.0, 0.0, 0.0, 1.0],
                [0.981733, 0.189125, -0.020861, 0.0, -0.190249, 0.97744, -0.091733, 0.3, 0.003042, 0.094026, 0.995564, -0.0, 0.0, 0.0, 0.0, 1.0],
                [0.982806, 0.116356, -0.143379, 0.0, -0.138233, 0.978431, -0.1535, 0.3, 0.122427, 0.17068, 0.97769, -0.0, 0.0, 0.0, 0.0, 1.0],
                [0.957276, 0.072535, -0.27994, -0.0, -0.100342, 0.991203, -0.086295, 0.3, 0.271219, 0.110698, 0.95613, 0.0, 0.0, 0.0, 0.0, 1.0],
                [0.925596, 0.200293, -0.321182, 0.0, -0.119091, 0.959532, 0.255176, 0.3, 0.359296, -0.19794, 0.91199, 0.0, 0.0, 0.0, 0.0, 1.0],
                [0.934581, 0.231738, -0.269927, -0.0, -0.129421, 0.928219, 0.348796, 0.3, 0.331382, -0.291043, 0.897485, 0.0, 0.0, 0.0, 0.0, 1.0],
                [0.991301, 0.079694, -0.104762, -0.0, -0.055871, 0.975383, 0.213319, 0.3, 0.119184, -0.205609, 0.971349, -0.0, 0.0, 0.0, 0.0, 1.0],
                [0.991542, -0.095017, 0.088433, 0.0, 0.068184, 0.960993, 0.268034, 0.3, -0.110452, -0.259737, 0.959341, -0.0, 0.0, 0.0, 0.0, 1.0],
                [0.956257, -0.233413, 0.17634, -0.0, 0.152205, 0.911759, 0.38148, 0.3, -0.249823, -0.337952, 0.9074, 0.0, 0.0, 0.0, 0.0, 1.0],
                [0.926359, -0.304995, 0.221002, -0.0, 0.174212, 0.867179, 0.466528, 0.3, -0.333939, -0.39367, 0.856451, -0.0, 0.0, 0.0, 0.0, 1.0],
                [0.868798, -0.30117, 0.393051, 0.0, 0.114554, 0.894482, 0.432177, 0.3, -0.481739, -0.330448, 0.811623, -0.0, 0.0, 0.0, 0.0, 1.0],
                [0.847767, -0.228157, 0.478789, -0.0, 0.005731, 0.906629, 0.421888, 0.3, -0.530343, -0.354918, 0.769916, -0.0, 0.0, 0.0, 0.0, 1.0],
                [0.917926, -0.215257, 0.333286, -0.0, -0.02483, 0.807213, 0.589736, 0.3, -0.395979, -0.549608, 0.735616, 0.0, 0.0, 0.0, 0.0, 1.0],
                [0.992662, -0.100277, 0.067613, -0.0, 0.023058, 0.705715, 0.708119, 0.3, -0.118724, -0.701361, 0.702848, -0.0, 0.0, 0.0, 0.0, 1.0],
                [0.988033, 0.034335, -0.150385, -0.0, 0.08537, 0.690289, 0.718479, 0.3, 0.128479, -0.722716, 0.679097, -0.0, 0.0, 0.0, 0.0, 1.0],
                [0.945298, 0.120093, -0.303305, -1e-06, 0.105671, 0.766908, 0.632995, 0.3, 0.308627, -0.630417, 0.712266, -0.0, 0.0, 0.0, 0.0, 1.0],
                [0.926332, 0.096658, -0.364103, -1e-06, 0.103538, 0.863974, 0.492773, 0.3, 0.362208, -0.494168, 0.790318, 0.0, 0.0, 0.0, 0.0, 1.0],
                [0.927743, 0.01641, -0.372865, 0.0, 0.120084, 0.932785, 0.339837, 0.3, 0.353381, -0.360055, 0.863412, -0.0, 0.0, 0.0, 0.0, 1.0],
                [0.939468, -0.059332, -0.337467, -0.0, 0.13444, 0.969744, 0.203766, 0.3, 0.315168, -0.2368, 0.919018, 0.0, 0.0, 0.0, 0.0, 1.0],
                [0.956193, -0.09969, -0.275247, -0.0, 0.144487, 0.978441, 0.14756, 0.3, 0.254604, -0.180865, 0.949981, 0.0, 0.0, 0.0, 0.0, 1.0],
                [0.970529, -0.11542, -0.211558, -0.0, 0.148899, 0.977438, 0.149809, 0.3, 0.189495, -0.176894, 0.965815, 0.0, 0.0, 0.0, 0.0, 1.0],
                [0.977456, -0.117685, -0.175316, -0.0, 0.145828, 0.976707, 0.1574, 0.3, 0.15271, -0.179417, 0.971848, 0.0, 0.0, 0.0, 0.0, 1.0],
                [0.975746, -0.112193, -0.187983, -0.0, 0.13727, 0.982467, 0.12615, 0.3, 0.170534, -0.148894, 0.974036, -0.0, 0.0, 0.0, 0.0, 1.0],
                [0.962747, -0.097028, -0.252405, -0.0, 0.120458, 0.989565, 0.079056, 0.3, 0.242102, -0.106515, 0.964386, 0.0, 0.0, 0.0, 0.0, 1.0],
                [0.944477, -0.079043, -0.318937, -0.0, 0.094384, 0.994991, 0.032907, 0.3, 0.31474, -0.061182, 0.947204, -0.0, 0.0, 0.0, 0.0, 1.0],
                [0.944315, -0.072415, -0.320983, -0.0, 0.0795, 0.996793, 0.009001, 0.3, 0.319303, -0.034017, 0.947041, -0.0, 0.0, 0.0, 0.0, 1.0],
                [0.956825, -0.074745, -0.280898, 0.0, 0.08076, 0.996683, 0.009883, 0.3, 0.279229, -0.032141, 0.959686, 0.0, 0.0, 0.0, 0.0, 1.0],
                [0.961249, -0.076489, -0.264871, -0.0, 0.082772, 0.996487, 0.012624, 0.3, 0.262976, -0.034059, 0.9642, 1e-06, 0.0, 0.0, 0.0, 1.0],
                [0.961248, -0.076489, -0.264872, -0.0, 0.082772, 0.996487, 0.012624, 0.3, 0.262978, -0.034059, 0.9642, 0.0, 0.0, 0.0, 0.0, 1.0],
                [0.961248, -0.076489, -0.264872, -0.0, 0.082772, 0.996487, 0.012624, 0.3, 0.262978, -0.034059, 0.9642, 0.0, 0.0, 0.0, 0.0, 1.0]
            ]
        },
        {
            "name": "Head",
            "time": [0.0, 0.0417, 0.0833, 0.125, 0.1667, 0.2083, 0.25, 0.2917, 0.3333, 0.375, 0.4167, 0.4583, 0.5, 0.5417, 0.5833, 0.625, 0.6667, 0.7083, 0.75, 0.7917, 0.8333, 0.875, 0.9167, 0.9583, 1.0, 1.0417, 1.0833, 1.125, 1.1667, 1.2083, 1.25, 10.4583],
            "transform": [
                [0.99798, 0.05405, -0.033362, 0.0, -0.058489, 0.577219, -0.814493, 0.4, -0.024766, 0.814796, 0.579218, -0.0, 0.0, 0.0, 0.0, 1.0],
                [0.98356, 0.090221, 0.15642, 0.0, 0.154034, 0.032868, -0.987522, 0.4, -0.094237, 0.995377, 0.018431, -0.0, 0.0, 0.0, 0.0, 1.0],
                [0.894617, 0.342837, 0.28657, -0.0, 0.390286, -0.287266, -0.874733, 0.4, -0.217569, 0.894392, -0.3908, -0.0, 0.0, 0.0, 0.0, 1.0],
                [0.83586, 0.500571, 0.225311, -0.0, 0.443351, -0.373568, -0.814794, 0.4, -0.323694, 0.780941, -0.534182, 0.0, 0.0, 0.0, 0.0, 1.0],
                [0.883627, 0.461584, 0.07837, 0.0, 0.278821, -0.384331, -0.880086, 0.4, -0.376114, 0.799515, -0.468307, 0.0, 0.0, 0.0, 0.0, 1.0],
                [0.902123, 0.431364, 0.00985, 0.0, 0.068948, -0.121582, -0.990187, 0.4, -0.425933, 0.893944, -0.139424, -0.0, 0.0, 0.0, 0.0, 1.0],
                [0.925655, 0.355952, 0.128296, -0.0, 0.024532, 0.281901, -0.959133, 0.4, -0.377572, 0.890968, 0.252212, 0.0, 0.0, 0.0, 0.0, 1.0],
                [0.986609, 0.144851, 0.074943, -0.0, -0.055296, 0.729402, -0.681848, 0.4, -0.153429, 0.668572, 0.727649, -0.0, 0.0, 0.0, 0.0, 1.0],
                [0.973748, 0.059849, -0.219613, -0.0, -0.094776, 0.983806, -0.152126, 0.4, 0.206951, 0.168947, 0.963655, 0.0, 0.0, 0.0, 0.0, 1.0],
                [0.962297, 0.085656, -0.258159, -0.0, -0.091649, 0.995726, -0.011249, 0.4, 0.256091, 0.034485, 0.966039, 0.0, 0.0, 0.0, 0.0, 1.0],
                [0.986407, 0.144339, 0.078517, 0.0, -0.130168, 0.978055, -0.162669, 0.4, -0.100274, 0.150237, 0.983554, 0.0, 0.0, 0.0, 0.0, 1.0],
                [0.895877, 0.177615, 0.407255, -0.0, -0.009584, 0.924129, -0.381957, 0.399999, -0.444197, 0.338282, 0.829613, 0.0, 0.0, 0.0, 0.0, 1.0],
                [0.998277, 0.049409, 0.031596, -0.0, -0.026427, 0.85991, -0.50976, 0.4, -0.052356, 0.508045, 0.859739, 0.0, 0.0, 0.0, 0.0, 1.0],
                [0.895331, -0.161391, -0.415132, -0.0, -0.179554, 0.722163, -0.668012, 0.399999, 0.407604, 0.672628, 0.6176, 0.0, 0.0, 0.0, 0.0, 1.0],
                [0.929682, -0.072289, -0.361199, 0.0, -0.295949, 0.43725, -0.849252, 0.4, 0.219326, 0.896427, 0.385112, 0.0, 0.0, 0.0, 0.0, 1.0],
                [0.952515, 0.214942, -0.215669, 1e-06, -0.275295, 0.305296, -0.911599, 0.4, -0.130098, 0.927679, 0.349974, 0.0, 0.0, 0.0, 0.0, 1.0],
                [0.914959, 0.403021, 0.020553, -0.0, -0.185916, 0.466182, -0.864935, 0.4, -0.358168, 0.787554, 0.501469, -0.0, 0.0, 0.0, 0.0, 1.0],
                [0.857505, 0.491126, 0.153228, -0.0, -0.200327, 0.593068, -0.779834, 0.4, -0.473871, 0.638012, 0.606949, 0.0, 0.0, 0.0, 0.0, 1.0],
                [0.847875, 0.478749, 0.227827, -0.0, -0.232735, 0.722159, -0.651398, 0.4, -0.476384, 0.499278, 0.723728, 0.0, 0.0, 0.0, 0.0, 1.0],
                [0.852284, 0.386698, 0.352244, -0.0, -0.205031, 0.866484, -0.455155, 0.4, -0.481221, 0.315699, 0.817779, -0.0, 0.0, 0.0, 0.0, 1.0],
                [0.848083, 0.3164, 0.425025, -1e-06, -0.20054, 0.934136, -0.295247, 0.4, -0.490447, 0.165159, 0.855679, 0.0, 0.0, 0.0, 0.0, 1.0],
                [0.849913, 0.28787, 0.441338, -0.0, -0.194571, 0.949835, -0.244852, 0.4, -0.489683, 0.122231, 0.863292, 0.0, 0.0, 0.0, 0.0, 1.0],
                [0.85256, 0.266021, 0.44986, -0.0, -0.163387, 0.953283, -0.254072, 0.4, -0.496433, 0.14311, 0.856199, 0.0, 0.0, 0.0, 0.0, 1.0],
                [0.836536, 0.234005, 0.495428, 0.0, -0.1164, 0.959469, -0.256645, 0.4, -0.535404, 0.157025, 0.829872, -0.0, 0.0, 0.0, 0.0, 1.0],
                [0.775307, 0.18409, 0.604161, -0.0, -0.077376, 0.977057, -0.198418, 0.4, -0.626826, 0.107087, 0.771766, 0.0, 0.0, 0.0, 0.0, 1.0],
                [0.672235, 0.122019, 0.730214, -0.0, -0.062731, 0.992164, -0.108041, 0.4, -0.737676, 0.026821, 0.674623, 0.0, 0.0, 0.0, 0.0, 1.0],
                [0.571518, 0.058886, 0.818474, 0.0, -0.072844, 0.997123, -0.020874, 0.4, -0.817351, -0.04769, 0.574164, 0.0, 0.0, 0.0, 0.0, 1.0],
                [0.538172, 0.026135, 0.84243, 0.0, -0.092831, 0.995274, 0.028427, 0.4, -0.837709, -0.093502, 0.538054, -0.0, 0.0, 0.0, 0.0, 1.0],
                [0.549716, 0.022889, 0.835038, 0.0, -0.110711, 0.992801, 0.045668, 0.4, -0.827984, -0.117552, 0.548293, -0.0, 0.0, 0.0, 0.0, 1.0],
                [0.548038, 0.020691, 0.836198, -0.0, -0.120727, 0.991182, 0.054597, 0.4, -0.827697, -0.130872, 0.545703, -0.0, 0.0, 0.0, 0.0, 1.0],
