{
    "animation": [
        {
            "name": "Root",
            "time": [0.0, 0.0417, 0.0833, 0.125, 0.1667, 0.2083, 0.25, 0.2917, 0.3333, 0.375, 0.4167, 0.4583, 0.5, 0.5417, 0.5833, 0.625, 0.6667, 0.7083, 0.75, 0.7917, 0.8333, 0.875, 0.9167, 0.9583, 1.0, 1.0417, 1.0833, 1.125, 1.1667, 1.2083, 1.25, 1.2917, 1.3333, 1.375, 1.4167, 1.4583, 1.5, 1.5417, 1.5833, 1.625, 1.6667, 10.4583],
            "transform": [
                [1.0, -0.0, -0.0, -0.52115, -0.0, -0.0, -1.0, 0.594601, 0.0, 1.0, -0.0, 0.597643, 0.0, 0.0, 0.0, 1.0],
                [1.0, -0.0, -0.0, -0.530048, -0.0, -0.0, -1.0, 0.983067, 0.0, 1.0, -0.0, 0.597643, 0.0, 0.0, 0.0, 1.0],
                [1.0, -0.0, -0.0, -0.513751, -0.0, -0.0, -1.0, 2.051607, 0.0, 1.0, -0.0, 0.597643, 0.0, 0.0, 0.0, 1.0],
                [1.0, -0.0, -0.0, -0.497, -0.0, -0.0, -1.0, 2.790842, 0.0, 1.0, -0.0, 0.374795, 0.0, 0.0, 0.0, 1.0],
                [1.0, -0.0, -0.0, -0.492974, -0.0, -0.0, -1.0, 3.137237, 0.0, 1.0, -0.0, 0.374949, 0.0, 0.0, 0.0, 1.0],
                [1.0, -0.0, -0.0, -0.511421, -0.0, -0.0, -1.0, 3.430277, 0.0, 1.0, -0.0, 0.376027, 0.0, 0.0, 0.0, 1.0],
                [1.0, -0.0, -0.0, -0.517021, -0.0, -0.0, -1.0, 3.804228, 0.0, 1.0, -0.0, 0.378953, 0.0, 0.0, 0.0, 1.0],
                [1.0, -0.0, -0.0, -0.513209, -0.0, -0.0, -1.0, 4.289181, 0.0, 1.0, -0.0, 0.875011, 0.0, 0.0, 0.0, 1.0],
                [1.0, -0.0, -0.0, -0.506964, -0.0, -0.0, -1.0, 5.165506, 0.0, 1.0, -0.0, 0.599538, 0.0, 0.0, 0.0, 1.0],
                [1.0, -0.0, -0.0, -0.499321, -0.0, -0.0, -1.0, 5.927891, 0.0, 1.0, -0.0, 0.291324, 0.0, 0.0, 0.0, 1.0],
                [1.0, -0.0, -0.0, -0.483402, -0.0, -0.0, -1.0, 6.151269, 0.0, 1.0, -0.0, 0.240848, 0.0, 0.0, 0.0, 1.0],
                [1.0, -0.0, -0.0, -0.469049, -0.0, -0.0, -1.0, 6.279334, 0.0, 1.0, -0.0, 0.214928, 0.0, 0.0, 0.0, 1.0],
                [1.0, -0.0, -0.0, -0.456572, -0.0, -0.0, -1.0, 6.412747, 0.0, 1.0, -0.0, 0.205378, 0.0, 0.0, 0.0, 1.0],
                [1.0, -0.0, -0.0, -0.443247, -0.0, -0.0, -1.0, 6.553186, 0.0, 1.0, -0.0, 0.204014, 0.0, 0.0, 0.0, 1.0],
                [1.0, -0.0, -0.0, -0.433596, -0.0, -0.0, -1.0, 6.629621, 0.0, 1.0, -0.0, 0.207632, 0.0, 0.0, 0.0, 1.0],
                [1.0, -0.0, -0.0, -0.430004, -0.0, -0.0, -1.0, 6.642439, 0.0, 1.0, -0.0, 0.217097, 0.0, 0.0, 0.0, 1.0],
                [1.0, -0.0, -0.0, -0.431309, -0.0, -0.0, -1.0, 6.652794, 0.0, 1.0, -0.0, 0.230329, 0.0, 0.0, 0.0, 1.0],
                [1.0, -0.0, -0.0, -0.436335, -0.0, -0.0, -1.0, 6.663426, 0.0, 1.0, -0.0, 0.245247, 0.0, 0.0, 0.0, 1.0],
                [1.0, -0.0, -0.0, -0.441452, -0.0, -0.0, -1.0, 6.670623, 0.0, 1.0, -0.0, 0.25977, 0.0, 0.0, 0.0, 1.0],
                [1.0, -0.0, -0.0, -0.442965, -0.0, -0.0, -1.0, 6.675622, 0.0, 1.0, -0.0, 0.272468, 0.0, 0.0, 0.0, 1.0],
                [1.0, -0.0, -0.0, -0.438895, -0.0, -0.0, -1.0, 6.679275, 0.0, 1.0, -0.0, 0.284515, 0.0, 0.0, 0.0, 1.0],
                [1.0, -0.0, -0.0, -0.426066, -0.0, -0.0, -1.0, 6.683254, 0.0, 1.0, -0.0, 0.297736, 0.0, 0.0, 0.0, 1.0],
                [1.0, -0.0, -0.0, -0.412103, -0.0, -0.0, -1.0, 6.689711, 0.0, 1.0, -0.0, 0.313955, 0.0, 0.0, 0.0, 1.0],
                [1.0, -0.0, -0.0, -0.400919, -0.0, -0.0, -1.0, 6.702555, 0.0, 1.0, -0.0, 0.334998, 0.0, 0.0, 0.0, 1.0],
                [1.0, -0.0, -0.0, -0.387835, -0.0, -0.0, -1.0, 6.73771, 0.0, 1.0, -0.0, 0.36269, 0.0, 0.0, 0.0, 1.0],
                [1.0, -0.0, -0.0, -0.375832, -0.0, -0.0, -1.0, 6.794678, 0.0, 1.0, -0.0, 0.398855, 0.0, 0.0, 0.0, 1.0],
                [1.0, -0.0, -0.0, -0.377324, -0.0, -0.0, -1.0, 6.86378, 0.0, 1.0, -0.0, 0.443559, 0.0, 0.0, 0.0, 1.0],
                [1.0, -0.0, -0.0, -0.397343, -0.0, -0.0, -1.0, 6.946451, 0.0, 1.0, -0.0, 0.489836, 0.0, 0.0, 0.0, 1.0],
                [1.0, -0.0, -0.0, -0.419377, -0.0, -0.0, -1.0, 7.016886, 0.0, 1.0, -0.0, 0.528959, 0.0, 0.0, 0.0, 1.0],
                [1.0, -0.0, -0.0, -0.439049, -0.0, -0.0, -1.0, 7.069541, 0.0, 1.0, -0.0, 0.552201, 0.0, 0.0, 0.0, 1.0],
                [1.0, -0.0, -0.0, -0.457456, -0.0, -0.0, -1.0, 7.110428, 0.0, 1.0, -0.0, 0.563502, 0.0, 0.0, 0.0, 1.0],
                [1.0, -0.0, -0.0, -0.47164, -0.0, -0.0, -1.0, 7.140264, 0.0, 1.0, -0.0, 0.572754, 0.0, 0.0, 0.0, 1.0],
                [1.0, -0.0, -0.0, -0.478157, -0.0, -0.0, -1.0, 7.157091, 0.0, 1.0, -0.0, 0.580162, 0.0, 0.0, 0.0, 1.0],
                [1.0, -0.0, -0.0, -0.481143, -0.0, -0.0, -1.0, 7.168614, 0.0, 1.0, -0.0, 0.585932, 0.0, 0.0, 0.0, 1.0],
                [1.0, -0.0, -0.0, -0.48287, -0.0, -0.0, -1.0, 7.178737, 0.0, 1.0, -0.0, 0.590268, 0.0, 0.0, 0.0, 1.0],
                [1.0, -0.0, -0.0, -0.482986, -0.0, -0.0, -1.0, 7.186171, 0.0, 1.0, -0.0, 0.593375, 0.0, 0.0, 0.0, 1.0],
                [1.0, -0.0, -0.0, -0.482239, -0.0, -0.0, -1.0, 7.190235, 0.0, 1.0, -0.0, 0.595458, 0.0, 0.0, 0.0, 1.0],
                [1.0, -0.0, -0.0, -0.481002, -0.0, -0.0, -1.0, 7.194296, 0.0, 1.0, -0.0, 0.596721, 0.0, 0.0, 0.0, 1.0],
                [1.0, -0.0, -0.0, -0.479351, -0.0, -0.0, -1.0, 7.199003, 0.0, 1.0, -0.0, 0.59737, 0.0, 0.0, 0.0, 1.0],
                [1.0, -0.0, -0.0, -0.477988, -0.0, -0.0, -1.0, 7.203623, 0.0, 1.0, -0.0, 0.597609, 0.0, 0.0, 0.0, 1.0],
                [1.0, -0.0, -0.0, -0.477453, -0.0, -0.0, -1.0, 7.206711, 0.0, 1.0, -0.0, 0.597643, 0.0, 0.0, 0.0, 1.0],
                [1.0, -0.0, -0.0, -0.477453, -0.0, -0.0, -1.0, 7.206711, 0.0, 1.0, -0.0, 0.597643, 0.0, 0.0, 0.0, 1.0]
            ]
        },
        {
            "name": "Thigh_R",
            "time": [0.0, 0.0417, 0.0833, 0.125, 0.1667, 0.2083, 0.25, 0.2917, 0.3333, 0.375, 0.4167, 0.4583, 0.5, 0.5417, 0.5833, 0.625, 0.6667, 0.7083, 0.75, 0.7917, 0.8333, 0.875, 0.9167, 0.9583, 1.0, 1.0417, 1.0833, 1.125, 1.1667, 1.2083, 1.25, 1.2917, 1.3333, 1.375, 1.4167, 1.4583, 1.5, 1.5417, 1.5833, 1.625, 1.6667, 10.4583],
            "transform": [
                [0.986028, 0.118167, -0.11742, 0.129907, 0.117162, -0.992993, -0.015459, 0.101463, -0.118424, 0.001486, -0.992962, 0.019112, 0.0, 0.0, 0.0, 1.0],
                [0.956217, -0.012304, -0.292405, 0.126579, -0.110746, -0.940032, -0.322606, 0.091596, -0.270901, 0.340864, -0.900236, 0.004799, 0.0, 0.0, 0.0, 1.0],
                [0.903907, 0.263001, -0.337322, 0.123252, -0.415059, 0.348762, -0.840292, 0.081729, -0.103352, 0.899554, 0.424408, -0.009514, 0.0, 0.0, 0.0, 1.0],
                [0.947491, 0.287028, -0.140993, 0.119924, -0.292876, 0.955894, -0.022199, 0.071863, 0.128403, 0.062327, 0.989761, -0.023827, 0.0, 0.0, 0.0, 1.0],
                [0.982448, 0.184915, 0.024593, 0.125213, -0.156684, 0.74644, 0.646743, 0.051176, 0.101236, -0.639245, 0.76231, -0.026508, 0.0, 0.0, 0.0, 1.0],
                [0.990749, 0.13286, 0.027733, 0.130503, -0.083606, 0.43647, 0.895826, 0.03049, 0.106915, -0.889856, 0.443539, -0.029189, 0.0, 0.0, 0.0, 1.0],
                [0.993878, 0.100962, 0.044904, 0.135793, -0.010416, -0.318965, 0.947709, 0.009803, 0.110006, -0.942374, -0.31596, -0.03187, 0.0, 0.0, 0.0, 1.0],
                [0.992441, 0.091905, 0.081341, 0.141083, 0.073278, -0.975381, 0.207997, -0.010883, 0.098455, -0.200463, -0.974742, -0.034551, 0.0, 0.0, 0.0, 1.0],
                [0.990693, 0.056478, 0.123856, 0.146372, 0.136123, -0.416463, -0.898904, -0.03157, 0.000813, 0.907397, -0.420274, -0.037231, 0.0, 0.0, 0.0, 1.0],
                [0.992982, 0.044111, 0.109749, 0.151662, 0.035113, 0.776101, -0.62963, -0.052257, -0.11295, 0.629064, 0.769104, -0.039912, 0.0, 0.0, 0.0, 1.0],
                [0.995023, 0.08465, 0.052593, 0.14893, -0.097312, 0.939106, 0.329562, -0.034189, -0.021493, -0.33304, 0.942668, -0.013789, 0.0, 0.0, 0.0, 1.0],
                [0.985802, 0.167858, 0.004563, 0.146198, -0.086221, 0.48267, 0.871548, -0.016121, 0.144094, -0.859566, 0.490288, 0.012332, 0.0, 0.0, 0.0, 1.0],
                [0.965732, 0.257592, 0.031815, 0.143467, -0.039002, 0.022839, 0.998978, 0.001947, 0.256602, -0.965984, 0.032102, 0.038456, 0.0, 0.0, 0.0, 1.0],
                [0.964313, 0.264741, -0.003984, 0.140735, -0.09635, 0.364888, 0.926052, 0.020015, 0.246619, -0.892619, 0.377373, 0.064579, 0.0, 0.0, 0.0, 1.0],
                [0.972387, 0.232566, -0.019484, 0.131831, -0.064326, 0.347331, 0.935534, 0.034057, 0.224341, -0.908446, 0.352699, 0.068424, 0.0, 0.0, 0.0, 1.0],
                [0.980342, 0.196744, 0.014936, 0.122926, -0.023326, 0.040399, 0.998911, 0.048098, 0.195927, -0.979623, 0.044193, 0.072269, 0.0, 0.0, 0.0, 1.0],
                [0.981961, 0.187311, 0.025877, 0.114022, -0.022648, -0.019357, 0.999556, 0.062139, 0.187729, -0.982111, -0.014766, 0.076116, 0.0, 0.0, 0.0, 1.0],
                [0.980868, 0.19315, 0.024398, 0.105118, -0.013188, -0.059113, 0.998164, 0.076181, 0.194237, -0.979388, -0.055435, 0.079962, 0.0, 0.0, 0.0, 1.0],
                [0.978577, 0.204895, 0.020208, 0.096214, -0.001663, -0.090277, 0.995915, 0.090222, 0.205883, -0.974612, -0.088002, 0.083808, 0.0, 0.0, 0.0, 1.0],
                [0.976515, 0.2145, 0.02028, 0.108469, -0.00245, -0.083061, 0.996541, 0.080296, 0.215443, -0.973186, -0.080586, 0.075673, 0.0, 0.0, 0.0, 1.0],
                [0.974625, 0.222257, 0.026658, 0.120725, -0.011054, -0.071159, 0.997404, 0.070369, 0.223577, -0.972388, -0.066897, 0.067539, 0.0, 0.0, 0.0, 1.0],
                [0.973511, 0.225052, 0.040381, 0.113251, -0.030949, -0.045282, 0.998495, 0.069028, 0.226542, -0.973294, -0.037118, 0.070589, 0.0, 0.0, 0.0, 1.0],
                [0.973089, 0.224407, 0.052361, 0.105777, -0.047662, -0.026308, 0.998517, 0.067688, 0.225452, -0.974141, -0.014905, 0.073638, 0.0, 0.0, 0.0, 1.0],
                [0.976428, 0.204753, 0.068324, 0.098303, -0.045789, -0.112847, 0.992557, 0.066347, 0.210939, -0.972287, -0.100811, 0.076687, 0.0, 0.0, 0.0, 1.0],
                [0.981516, 0.168586, 0.090597, 0.090829, -0.029285, -0.335499, 0.941585, 0.065006, 0.189134, -0.926833, -0.32436, 0.079737, 0.0, 0.0, 0.0, 1.0],
                [0.985514, 0.123686, 0.116055, 0.083355, -0.014579, -0.61994, 0.784514, 0.063666, 0.168981, -0.774839, -0.609155, 0.082786, 0.0, 0.0, 0.0, 1.0],
                [0.978435, 0.126888, 0.162995, 0.075881, 0.005935, -0.806026, 0.59185, 0.062325, 0.206478, -0.578118, -0.789396, 0.085835, 0.0, 0.0, 0.0, 1.0],
                [0.951408, 0.175392, 0.253107, 0.068407, 0.055601, -0.906276, 0.419013, 0.060984, 0.302877, -0.384579, -0.871989, 0.088884, 0.0, 0.0, 0.0, 1.0],
                [0.905158, 0.214474, 0.367004, 0.060933, 0.115368, -0.954925, 0.273513, 0.059644, 0.409124, -0.205232, -0.8891, 0.091935, 0.0, 0.0, 0.0, 1.0],
                [0.833466, 0.229489, 0.502664, 0.060933, 0.174392, -0.972432, 0.1548, 0.059644, 0.524333, -0.04136, -0.850509, 0.091936, 0.0, 0.0, 0.0, 1.0],
                [0.743784, 0.218319, 0.631762, 0.060932, 0.232138, -0.970696, 0.062145, 0.059644, 0.626817, 0.100434, -0.772667, 0.091937, 0.0, 0.0, 0.0, 1.0],
                [0.660827, 0.197632, 0.724052, 0.060933, 0.277325, -0.960733, 0.009127, 0.059644, 0.697425, 0.194767, -0.689685, 0.091937, 0.0, 0.0, 0.0, 1.0],
                [0.616158, 0.192144, 0.763827, 0.060933, 0.29608, -0.955162, 0.001437, 0.059644, 0.729856, 0.225268, -0.64542, 0.091936, 0.0, 0.0, 0.0, 1.0],
                [0.592531, 0.239562, 0.769102, 0.060933, 0.283084, -0.955785, 0.079618, 0.059644, 0.754171, 0.170544, -0.634148, 0.091937, 0.0, 0.0, 0.0, 1.0],
                [0.575289, 0.329174, 0.748792, 0.060933, 0.257063, -0.941824, 0.216533, 0.059644, 0.776508, 0.067918, -0.626438, 0.091936, 0.0, 0.0, 0.0, 1.0],
                [0.564303, 0.363078, 0.741443, 0.060933, 0.24769, -0.931185, 0.26748, 0.059644, 0.787537, 0.032709, -0.6154, 0.091937, 0.0, 0.0, 0.0, 1.0],
                [0.557341, 0.353468, 0.751287, 0.060933, 0.251834, -0.934196, 0.252702, 0.059644, 0.791173, 0.048359, -0.60968, 0.091936, 0.0, 0.0, 0.0, 1.0],
                [0.552286, 0.333255, 0.764148, 0.060932, 0.255613, -0.940167, 0.225276, 0.059644, 0.793502, 0.07091, -0.604424, 0.091936, 0.0, 0.0, 0.0, 1.0],
                [0.546858, 0.302216, 0.780778, 0.060933, 0.260945, -0.947648, 0.18404, 0.059644, 0.795524, 0.103097, -0.597089, 0.091937, 0.0, 0.0, 0.0, 1.0],
                [0.540953, 0.269261, 0.796788, 0.060933, 0.266657, -0.9534, 0.141148, 0.059644, 0.797664, 0.136115, -0.587544, 0.091936, 0.0, 0.0, 0.0, 1.0],
                [0.534784, 0.241552, 0.809728, 0.060933, 0.268455, -0.957192, 0.108242, 0.059644, 0.801213, 0.15949, -0.576735, 0.091937, 0.0, 0.0, 0.0, 1.0],
                [0.534784, 0.241552, 0.809728, 0.060933, 0.268455, -0.957192, 0.108242, 0.059644, 0.801213, 0.15949, -0.576735, 0.091937, 0.0, 0.0, 0.0, 1.0]
            ]
        },
        {
            "name": "Leg_R",
            "time": [0.0, 0.0417, 0.0833, 0.125, 0.1667, 0.2083, 0.25, 0.2917, 0.3333, 0.375, 0.4167, 0.4583, 0.5, 0.5417, 0.5833, 0.625, 0.6667, 0.7083, 0.75, 0.7917, 0.8333, 0.875, 0.9167, 0.9583, 1.0, 1.0417, 1.0833, 1.125, 1.1667, 1.2083, 1.25, 1.2917, 1.3333, 1.375, 1.4167, 1.4583, 1.5, 1.5417, 1.5833, 1.625, 1.6667, 10.4583],
            "transform": [
                [1.0, -0.0, 1e-06, 0.0, -1e-06, 0.036684, 0.999326, 0.37472, -0.0, -0.999328, 0.036684, 0.0, 0.0, 0.0, 0.0, 1.0],
                [1.0, -0.0, 0.0, 0.0, -1e-06, -0.703502, 0.710694, 0.37472, 0.0, -0.710695, -0.7035, -0.0, 0.0, 0.0, 0.0, 1.0],
                [1.0, -0.0, 0.0, 0.0, -1e-06, -0.75009, 0.661335, 0.37472, 0.0, -0.661335, -0.75009, 0.0, 0.0, 0.0, 0.0, 1.0],
                [1.0, -0.0, 0.0, 0.0, -1e-06, -0.772206, 0.635373, 0.37472, 0.0, -0.635373, -0.772205, -0.0, 0.0, 0.0, 0.0, 1.0],
                [1.0, -0.0, 0.0, 0.0, -1e-06, -0.675677, 0.737198, 0.37472, -0.0, -0.737199, -0.675676, 0.0, 0.0, 0.0, 0.0, 1.0],
                [0.999999, -0.0, 1e-06, 0.0, -1e-06, -0.367714, 0.929938, 0.37472, -0.0, -0.92994, -0.367714, 0.0, 0.0, 0.0, 0.0, 1.0],
                [0.999999, -0.0, 1e-06, 0.0, -1e-06, -0.229403, 0.973331, 0.37472, -0.0, -0.973333, -0.229402, 0.0, 0.0, 0.0, 0.0, 1.0],
                [0.999999, -0.0, 1e-06, 0.0, -1e-06, -0.174663, 0.984627, 0.37472, -0.0, -0.984629, -0.174662, -1e-06, 0.0, 0.0, 0.0, 1.0],
                [1.0, -0.0, 1e-06, -0.0, -1e-06, -0.151871, 0.988399, 0.374721, -0.0, -0.988402, -0.151871, -0.0, 0.0, 0.0, 0.0, 1.0],
                [1.0, -0.0, 1e-06, 0.0, -1e-06, -0.161039, 0.986947, 0.37472, -0.0, -0.98695, -0.161038, 0.0, 0.0, 0.0, 0.0, 1.0],
                [0.999999, -0.0, 1e-06, 0.0, -1e-06, -0.327758, 0.94476, 0.37472, -0.0, -0.944763, -0.327758, -1e-06, 0.0, 0.0, 0.0, 1.0],
                [1.0, -0.0, 1e-06, 0.0, -1e-06, -0.295394, 0.955374, 0.374721, -0.0, -0.955377, -0.295393, -0.0, 0.0, 0.0, 0.0, 1.0],
                [0.999999, -0.0, 1e-06, -0.0, -1e-06, -0.168248, 0.985744, 0.374721, -0.0, -0.985746, -0.168248, -0.0, 0.0, 0.0, 0.0, 1.0],
                [0.999999, -0.0, 1e-06, 0.0, -1e-06, -0.411335, 0.911483, 0.37472, -0.0, -0.911485, -0.411334, 0.0, 0.0, 0.0, 0.0, 1.0],
                [0.999999, -0.0, 1e-06, 0.0, -1e-06, -0.506179, 0.862428, 0.37472, -0.0, -0.862429, -0.506178, 0.0, 0.0, 0.0, 0.0, 1.0],
                [0.999999, -0.0, 1e-06, -0.0, -1e-06, -0.311708, 0.950177, 0.37472, -0.0, -0.950179, -0.311708, -0.0, 0.0, 0.0, 0.0, 1.0],
                [1.0, -0.0, 1e-06, -0.0, -1e-06, -0.257663, 0.966234, 0.37472, -0.0, -0.966236, -0.257663, 0.0, 0.0, 0.0, 0.0, 1.0],
                [1.0, -0.0, 1e-06, -0.0, -1e-06, -0.243903, 0.969799, 0.374721, -0.0, -0.969801, -0.243902, 0.0, 0.0, 0.0, 0.0, 1.0],
                [0.999999, -0.0, 1e-06, 0.0, -1e-06, -0.247825, 0.968805, 0.37472, -0.0, -0.968806, -0.247825, -0.0, 0.0, 0.0, 0.0, 1.0],
                [0.999999, -0.0, 1e-06, 0.0, -1e-06, -0.261069, 0.96532, 0.37472, -0.0, -0.965321, -0.261069, -0.0, 0.0, 0.0, 0.0, 1.0],
                [0.999999, -0.0, 1e-06, -0.0, -1e-06, -0.27794, 0.960598, 0.374721, -0.0, -0.960599, -0.277939, -0.0, 0.0, 0.0, 0.0, 1.0],
                [1.0, -0.0, 1e-06, -0.0, -1e-06, -0.325137, 0.945666, 0.374719, -0.0, -0.945667, -0.325137, -0.0, 0.0, 0.0, 0.0, 1.0],
                [1.0, -0.0, 1e-06, -0.0, -1e-06, -0.37597, 0.926631, 0.374721, -0.0, -0.926633, -0.375969, 0.0, 0.0, 0.0, 0.0, 1.0],
                [1.0, -0.0, 1e-06, 0.0, -1e-06, -0.346877, 0.93791, 0.37472, -0.0, -0.937911, -0.346876, 0.0, 0.0, 0.0, 0.0, 1.0],
                [1.0, -0.0, 1e-06, -0.0, -1e-06, -0.20273, 0.979234, 0.374721, -0.0, -0.979235, -0.20273, -0.0, 0.0, 0.0, 0.0, 1.0],
                [1.0, -0.0, 1e-06, 0.0, -1e-06, 0.074596, 0.997213, 0.37472, -0.0, -0.997214, 0.074596, 0.0, 0.0, 0.0, 0.0, 1.0],
                [1.0, 0.0, 1e-06, 0.0, -1e-06, 0.330016, 0.943975, 0.37472, -0.0, -0.943976, 0.330015, -0.0, 0.0, 0.0, 0.0, 1.0],
                [1.0, 0.0, 1e-06, 0.0, -1e-06, 0.517495, 0.855685, 0.37472, -0.0, -0.855686, 0.517495, -1e-06, 0.0, 0.0, 0.0, 1.0],
                [1.0, 0.0, 1e-06, -0.0, -1e-06, 0.673612, 0.739085, 0.37472, -0.0, -0.739085, 0.673611, 1e-06, 0.0, 0.0, 0.0, 1.0],
                [1.0, 0.0, 1e-06, 0.0, -1e-06, 0.791577, 0.611069, 0.37472, -0.0, -0.61107, 0.791576, -0.0, 0.0, 0.0, 0.0, 1.0],
                [1.0, 0.0, 1e-06, 1e-06, -1e-06, 0.876883, 0.480703, 0.37472, -0.0, -0.480704, 0.876882, 1e-06, 0.0, 0.0, 0.0, 1.0],
                [1.0, 1e-06, 1e-06, -0.0, -1e-06, 0.925454, 0.37886, 0.37472, -0.0, -0.37886, 0.925453, -1e-06, 0.0, 0.0, 0.0, 1.0],
                [1.0, 1e-06, 1e-06, 0.0, -1e-06, 0.939085, 0.343684, 0.37472, -0.0, -0.343684, 0.939085, 0.0, 0.0, 0.0, 0.0, 1.0],
                [1.0, 1e-06, 1e-06, 0.0, -1e-06, 0.907191, 0.42072, 0.37472, -0.0, -0.42072, 0.90719, -0.0, 0.0, 0.0, 0.0, 1.0],
                [1.0, 0.0, 1e-06, 1e-06, -1e-06, 0.830033, 0.557715, 0.37472, -0.0, -0.557715, 0.830032, 0.0, 0.0, 0.0, 0.0, 1.0],
                [1.0, 0.0, 1e-06, 1e-06, -1e-06, 0.799233, 0.601021, 0.37472, -0.0, -0.601022, 0.799232, 0.0, 0.0, 0.0, 0.0, 1.0],
                [1.0, 0.0, 1e-06, 0.0, -1e-06, 0.812285, 0.583261, 0.37472, -0.0, -0.583261, 0.812284, 0.0, 0.0, 0.0, 0.0, 1.0],
                [1.0, 0.0, 1e-06, 0.0, -1e-06, 0.837431, 0.546543, 0.37472, -0.0, -0.546543, 0.837431, -0.0, 0.0, 0.0, 0.0, 1.0],
                [1.0, 0.0, 1e-06, -0.0, -1e-06, 0.873111, 0.487522, 0.37472, -0.0, -0.487522, 0.87311, 1e-06, 0.0, 0.0, 0.0, 1.0],
                [1.0, 1e-06, 1e-06, -0.0, -1e-06, 0.906635, 0.421915, 0.37472, -0.0, -0.421915, 0.906635, -0.0, 0.0, 0.0, 0.0, 1.0],
                [1.0, 1e-06, 1e-06, 0.0, -1e-06, 0.928544, 0.371223, 0.37472, -0.0, -0.371223, 0.928543, 0.0, 0.0, 0.0, 0.0, 1.0],
                [1.0, 1e-06, 1e-06, 0.0, -1e-06, 0.928544, 0.371223, 0.37472, -0.0, -0.371223, 0.928543, 0.0, 0.0, 0.0, 0.0, 1.0]
            ]
        },
        {
            "name": "Knee_R",
            "time": [0.0, 10.4583],
            "transform": [
                [1.0, 0.0, -0.0, 0.0, -0.0, 1e-06, -1.0, 0.37472, -0.0, 1.0, 1e-06, 0.0, 0.0, 0.0, 0.0, 1.0],
                [1.0, 0.0, -0.0, 0.0, -0.0, 1e-06, -1.0, 0.37472, -0.0, 1.0, 1e-06, 0.0, 0.0, 0.0, 0.0, 1.0]
            ]
        },
        {
            "name": "Thigh_L",
            "time": [0.0, 0.0417, 0.0833, 0.125, 0.1667, 0.2083, 0.25, 0.2917, 0.3333, 0.375, 0.4167, 0.4583, 0.5, 0.5417, 0.5833, 0.625, 0.6667, 0.7083, 0.75, 0.7917, 0.8333, 0.875, 0.9167, 0.9583, 1.0, 1.0417, 1.0833, 1.125, 1.1667, 1.2083, 1.25, 1.2917, 1.3333, 1.375, 1.4167, 1.4583, 1.5, 1.5417, 1.5833, 1.625, 1.6667, 10.4583],
            "transform": [
                [0.949312, -0.177458, -0.259443, -0.149189, -0.228929, -0.955933, -0.183811, 0.070515, -0.21539, 0.23389, -0.948104, 0.006599, 0.0, 0.0, 0.0, 1.0],
                [0.9358, -0.150762, -0.31866, -0.145425, -0.327351, -0.707081, -0.626801, 0.065415, -0.13082, 0.690878, -0.711038, -0.023116, 0.0, 0.0, 0.0, 1.0],
                [0.949975, -0.292742, -0.108833, -0.141661, -0.252423, -0.514472, -0.819512, 0.060315, 0.183913, 0.805993, -0.56263, -0.052831, 0.0, 0.0, 0.0, 1.0],
                [0.961495, -0.274571, -0.011586, -0.137896, 0.131961, 0.498263, -0.856925, 0.055215, 0.241058, 0.822405, 0.51531, -0.082545, 0.0, 0.0, 0.0, 1.0],
                [0.967915, -0.249586, 0.029011, -0.134703, 0.215779, 0.884818, 0.412964, 0.050115, -0.128739, -0.393457, 0.910284, -0.03057, 0.0, 0.0, 0.0, 1.0],
                [0.958123, -0.286307, -0.004898, -0.131509, 0.055963, 0.17045, 0.983775, 0.045015, -0.280826, -0.942857, 0.179335, 0.021406, 0.0, 0.0, 0.0, 1.0],
                [0.96168, -0.265516, -0.068338, -0.136479, -0.208192, -0.869399, 0.448112, 0.049067, -0.178393, -0.416715, -0.891361, 0.030742, 0.0, 0.0, 0.0, 1.0],
                [0.982621, -0.169841, -0.07487, -0.141448, -0.123689, -0.298428, -0.946383, 0.053118, 0.138391, 0.939202, -0.314248, 0.040078, 0.0, 0.0, 0.0, 1.0],
                [0.977491, -0.168152, -0.127407, -0.146417, 0.165173, 0.985692, -0.033666, 0.05717, 0.131244, 0.011863, 0.991278, 0.049415, 0.0, 0.0, 0.0, 1.0],
                [0.922943, -0.21008, -0.32255, -0.151386, 0.342792, 0.067367, 0.936992, 0.061222, -0.175114, -0.975363, 0.13419, 0.058751, 0.0, 0.0, 0.0, 1.0],
                [0.916765, -0.125319, -0.379253, -0.14874, 0.183471, -0.711285, 0.678538, 0.065274, -0.354789, -0.691645, -0.629089, 0.046702, 0.0, 0.0, 0.0, 1.0],
                [0.947963, -0.202482, -0.245689, -0.146094, 0.116078, -0.498769, 0.858927, 0.069325, -0.296459, -0.842754, -0.449311, 0.034653, 0.0, 0.0, 0.0, 1.0],
                [0.964226, -0.246903, -0.09645, -0.143449, -0.023498, -0.442051, 0.896681, 0.073377, -0.264028, -0.862342, -0.432039, 0.022605, 0.0, 0.0, 0.0, 1.0],
                [0.910434, -0.413491, -0.011471, -0.146488, -0.320864, -0.723452, 0.611281, 0.091807, -0.261057, -0.552854, -0.791329, 0.024678, 0.0, 0.0, 0.0, 1.0],
                [0.887162, -0.461405, -0.006812, -0.149528, -0.40647, -0.788362, 0.461811, 0.110237, -0.218451, -0.406934, -0.886951, 0.026751, 0.0, 0.0, 0.0, 1.0],
                [0.903588, -0.426246, -0.042887, -0.152567, -0.32535, -0.747923, 0.578584, 0.128667, -0.278694, -0.508852, -0.814493, 0.028822, 0.0, 0.0, 0.0, 1.0],
                [0.911101, -0.407338, -0.062992, -0.155606, -0.299475, -0.75921, 0.577854, 0.147097, -0.283205, -0.507622, -0.813704, 0.030896, 0.0, 0.0, 0.0, 1.0],
                [0.923107, -0.374583, -0.08693, -0.165029, -0.28282, -0.814527, 0.506519, 0.126219, -0.260539, -0.442988, -0.857835, 0.031892, 0.0, 0.0, 0.0, 1.0],
                [0.942609, -0.322762, -0.08549, -0.174452, -0.259395, -0.869108, 0.421152, 0.105341, -0.210231, -0.374807, -0.902952, 0.032888, 0.0, 0.0, 0.0, 1.0],
                [0.958188, -0.278023, -0.067636, -0.183874, -0.232602, -0.894525, 0.381739, 0.084462, -0.166634, -0.350047, -0.921791, 0.033883, 0.0, 0.0, 0.0, 1.0],
                [0.970897, -0.235541, -0.043294, -0.193297, -0.205819, -0.913092, 0.352002, 0.063584, -0.122442, -0.332848, -0.934997, 0.03488, 0.0, 0.0, 0.0, 1.0],
                [0.976209, -0.215512, -0.023763, -0.180239, -0.196087, -0.924328, 0.327369, 0.063596, -0.092517, -0.314923, -0.944597, 0.028436, 0.0, 0.0, 0.0, 1.0],
                [0.973822, -0.227124, -0.008959, -0.16718, -0.212129, -0.922288, 0.323094, 0.063608, -0.081644, -0.312738, -0.946324, 0.021992, 0.0, 0.0, 0.0, 1.0],
                [0.966341, -0.257138, -0.007761, -0.154121, -0.241744, -0.917989, 0.314418, 0.063619, -0.087973, -0.30196, -0.949252, 0.015547, 0.0, 0.0, 0.0, 1.0],
                [0.954047, -0.296656, -0.042265, -0.141063, -0.276005, -0.924902, 0.261498, 0.063631, -0.116665, -0.237817, -0.964278, 0.009104, 0.0, 0.0, 0.0, 1.0],
                [0.943934, -0.32879, -0.029704, -0.128004, -0.301556, -0.895362, 0.327711, 0.063642, -0.134343, -0.300381, -0.94431, 0.00266, 0.0, 0.0, 0.0, 1.0],
                [0.95022, -0.311402, 0.010304, -0.114946, -0.290467, -0.873414, 0.390869, 0.063654, -0.112717, -0.374407, -0.920388, -0.003784, 0.0, 0.0, 0.0, 1.0],
                [0.976261, -0.203368, 0.074514, -0.101887, -0.215618, -0.880047, 0.423118, 0.063666, -0.020472, -0.429143, -0.903004, -0.010229, 0.0, 0.0, 0.0, 1.0],
                [0.983148, -0.107685, 0.147712, -0.098114, -0.164135, -0.875731, 0.454046, 0.061783, 0.080461, -0.470642, -0.878648, -0.024075, 0.0, 0.0, 0.0, 1.0],
                [0.970698, -0.060271, 0.232611, -0.094341, -0.177707, -0.831649, 0.526102, 0.059901, 0.161742, -0.552026, -0.81799, -0.037921, 0.0, 0.0, 0.0, 1.0],
                [0.94921, -0.030755, 0.313129, -0.090568, -0.211308, -0.799685, 0.562011, 0.058019, 0.233119, -0.599636, -0.765567, -0.051767, 0.0, 0.0, 0.0, 1.0],
                [0.929604, -0.058952, 0.363807, -0.086795, -0.230714, -0.862867, 0.449705, 0.056137, 0.287405, -0.501985, -0.815726, -0.065614, 0.0, 0.0, 0.0, 1.0],
                [0.917646, -0.070727, 0.391049, -0.082316, -0.23343, -0.89231, 0.386389, 0.054254, 0.321608, -0.445854, -0.835333, -0.067744, 0.0, 0.0, 0.0, 1.0],
                [0.909545, -0.051714, 0.412371, -0.077836, -0.23044, -0.888488, 0.396849, 0.052372, 0.345863, -0.455981, -0.820036, -0.069873, 0.0, 0.0, 0.0, 1.0],
                [0.902725, -0.029503, 0.4292, -0.073357, -0.227036, -0.880083, 0.417026, 0.050489, 0.365427, -0.473906, -0.801171, -0.072002, 0.0, 0.0, 0.0, 1.0],
                [0.898872, -0.023186, 0.437593, -0.068877, -0.225259, -0.88101, 0.416032, 0.048607, 0.375877, -0.472533, -0.797137, -0.074131, 0.0, 0.0, 0.0, 1.0],
                [0.897414, -0.025037, 0.440473, -0.068877, -0.22294, -0.887276, 0.403784, 0.048607, 0.38071, -0.460563, -0.801835, -0.074133, 0.0, 0.0, 0.0, 1.0],
                [0.8971, -0.02901, 0.44087, -0.068878, -0.220817, -0.89372, 0.390522, 0.048607, 0.382684, -0.447691, -0.808161, -0.074132, 0.0, 0.0, 0.0, 1.0],
                [0.897048, -0.035168, 0.440527, -0.068877, -0.218422, -0.901848, 0.37278, 0.048607, 0.384177, -0.430625, -0.816682, -0.074132, 0.0, 0.0, 0.0, 1.0],
                [0.896471, -0.041448, 0.441155, -0.068877, -0.21564, -0.91057, 0.352655, 0.048607, 0.387084, -0.411278, -0.825237, -0.074132, 0.0, 0.0, 0.0, 1.0],
                [0.894186, -0.049255, 0.444972, -0.068877, -0.216956, -0.917096, 0.334468, 0.048607, 0.391607, -0.395618, -0.83074, -0.074133, 0.0, 0.0, 0.0, 1.0],
                [0.894186, -0.049255, 0.444972, -0.068877, -0.216956, -0.917096, 0.334468, 0.048607, 0.391607, -0.395618, -0.83074, -0.074133, 0.0, 0.0, 0.0, 1.0]
            ]
        },
        {
            "name": "Leg_L",
            "time": [0.0, 0.0417, 0.0833, 0.125, 0.1667, 0.2083, 0.25, 0.2917, 0.3333, 0.375, 0.4167, 0.4583, 0.5, 0.5417, 0.5833, 0.625, 0.6667, 0.7083, 0.75, 0.7917, 0.8333, 0.875, 0.9167, 0.9583, 1.0, 1.0417, 1.0833, 1.125, 1.1667, 1.2083, 1.25, 1.2917, 1.3333, 1.375, 1.4167, 1.4583, 1.5, 1.5417, 1.5833, 1.625, 1.6667, 10.4583],
            "transform": [
                [0.999997, -1e-06, -1e-06, 0.0, 1e-06, 0.827228, 0.561868, 0.37472, 0.0, -0.561866, 0.82723, 0.0, 0.0, 0.0, 0.0, 1.0],
                [0.999998, -1e-06, -1e-06, 0.0, 1e-06, 0.677311, 0.735698, 0.37472, -0.0, -0.735697, 0.677312, -0.0, 0.0, 0.0, 0.0, 1.0],
                [0.999997, -0.0, -1e-06, -0.0, 0.0, -0.632495, 0.774566, 0.37472, -0.0, -0.774565, -0.632495, 0.0, 0.0, 0.0, 0.0, 1.0],
                [0.999998, 0.0, -0.0, -0.0, 0.0, -0.817741, 0.575587, 0.37472, -0.0, -0.575585, -0.817743, -0.0, 0.0, 0.0, 0.0, 1.0],
                [0.999997, 0.0, -1e-06, 0.0, 0.0, -0.747205, 0.664595, 0.37472, -0.0, -0.664594, -0.747206, -0.0, 0.0, 0.0, 0.0, 1.0],
                [0.999998, 0.0, -0.0, 0.0, 0.0, -0.82494, 0.565221, 0.37472, -0.0, -0.565219, -0.824942, -0.0, 0.0, 0.0, 0.0, 1.0],
                [0.999998, 0.0, -0.0, -0.0, 0.0, -0.826575, 0.562827, 0.37472, -0.0, -0.562826, -0.826577, 0.0, 0.0, 0.0, 0.0, 1.0],
                [0.999998, 0.0, -0.0, -0.0, 0.0, -0.769113, 0.639114, 0.37472, -0.0, -0.639112, -0.769115, 0.0, 0.0, 0.0, 0.0, 1.0],
                [0.999998, -0.0, -1e-06, 0.0, 1e-06, -0.3909, 0.920434, 0.37472, -0.0, -0.920434, -0.3909, -0.0, 0.0, 0.0, 0.0, 1.0],
                [0.999998, -0.0, -1e-06, 0.0, 1e-06, 0.532903, 0.846177, 0.37472, 0.0, -0.846177, 0.532903, 0.0, 0.0, 0.0, 0.0, 1.0],
                [0.999998, -1e-06, -1e-06, 0.0, 1e-06, 0.881508, 0.47217, 0.37472, 0.0, -0.472169, 0.88151, -0.0, 0.0, 0.0, 0.0, 1.0],
                [0.999998, -0.0, -1e-06, -0.0, 1e-06, 0.22325, 0.974762, 0.37472, -0.0, -0.974762, 0.22325, 0.0, 0.0, 0.0, 0.0, 1.0],
                [0.999997, -0.0, -1e-06, -0.0, 1e-06, -0.432543, 0.901614, 0.37472, -0.0, -0.901615, -0.432543, 0.0, 0.0, 0.0, 0.0, 1.0],
                [0.999997, 0.0, -1e-06, -0.0, 0.0, -0.643255, 0.765653, 0.37472, -0.0, -0.765653, -0.643256, -0.0, 0.0, 0.0, 0.0, 1.0],
                [0.999998, 0.0, -1e-06, 0.0, 1e-06, -0.571835, 0.82037, 0.37472, -0.0, -0.82037, -0.571835, 0.0, 0.0, 0.0, 0.0, 1.0],
                [0.999998, -0.0, -1e-06, 0.0, 1e-06, -0.390643, 0.920543, 0.37472, -0.0, -0.920544, -0.390642, -0.0, 0.0, 0.0, 0.0, 1.0],
                [0.999997, -0.0, -1e-06, 0.0, 1e-06, -0.31788, 0.948131, 0.37472, -0.0, -0.948133, -0.317879, 0.0, 0.0, 0.0, 0.0, 1.0],
                [0.999997, -0.0, -1e-06, 0.0, 1e-06, -0.286044, 0.958217, 0.37472, -0.0, -0.958218, -0.286044, 0.0, 0.0, 0.0, 0.0, 1.0],
                [0.999997, -0.0, -1e-06, -0.0, 1e-06, -0.28488, 0.958564, 0.37472, -0.0, -0.958565, -0.28488, 1e-06, 0.0, 0.0, 0.0, 1.0],
                [0.999998, -0.0, -1e-06, 0.0, 1e-06, -0.294584, 0.955626, 0.37472, -0.0, -0.955627, -0.294584, -0.0, 0.0, 0.0, 0.0, 1.0],
                [0.999997, -0.0, -1e-06, 0.0, 1e-06, -0.300493, 0.953784, 0.37472, -0.0, -0.953785, -0.300493, -0.0, 0.0, 0.0, 0.0, 1.0],
                [0.999997, -0.0, -1e-06, -0.0, 1e-06, -0.300965, 0.953636, 0.37472, -0.0, -0.953637, -0.300965, -0.0, 0.0, 0.0, 0.0, 1.0],
                [0.999997, -0.0, -1e-06, 0.0, 1e-06, -0.303424, 0.952857, 0.37472, -0.0, -0.952858, -0.303423, -1e-06, 0.0, 0.0, 0.0, 1.0],
                [0.999997, -0.0, -1e-06, 0.0, 1e-06, -0.238484, 0.971147, 0.37472, -0.0, -0.971148, -0.238484, 0.0, 0.0, 0.0, 0.0, 1.0],
                [0.999997, -0.0, -1e-06, 0.0, 1e-06, -0.033056, 0.999454, 0.37472, -0.0, -0.999455, -0.033056, -0.0, 0.0, 0.0, 0.0, 1.0],
                [0.999997, -0.0, -1e-06, 0.0, 1e-06, 0.044923, 0.99899, 0.37472, -0.0, -0.998992, 0.044923, -0.0, 0.0, 0.0, 0.0, 1.0],
                [0.999997, -0.0, -1e-06, -0.0, 1e-06, 0.061873, 0.998084, 0.37472, -0.0, -0.998086, 0.061872, -0.0, 0.0, 0.0, 0.0, 1.0],
                [0.999998, -0.0, -1e-06, -0.0, 1e-06, 0.164173, 0.986431, 0.37472, -0.0, -0.986433, 0.164173, -0.0, 0.0, 0.0, 0.0, 1.0],
                [0.999998, -0.0, -1e-06, -0.0, 1e-06, 0.310062, 0.950717, 0.37472, -0.0, -0.950718, 0.310061, -0.0, 0.0, 0.0, 0.0, 1.0],
                [0.999997, -1e-06, -1e-06, -0.0, 1e-06, 0.544827, 0.83855, 0.37472, -0.0, -0.838549, 0.544827, 0.0, 0.0, 0.0, 0.0, 1.0],
                [0.999998, -1e-06, -1e-06, 0.0, 1e-06, 0.75283, 0.658216, 0.37472, 0.0, -0.658215, 0.752831, -0.0, 0.0, 0.0, 0.0, 1.0],
                [0.999997, -1e-06, -1e-06, -0.0, 1e-06, 0.888525, 0.458829, 0.37472, 0.0, -0.458827, 0.888527, 0.0, 0.0, 0.0, 0.0, 1.0],
                [0.999997, -1e-06, -1e-06, 0.0, 1e-06, 0.90753, 0.419987, 0.37472, 0.0, -0.419986, 0.907533, 1e-06, 0.0, 0.0, 0.0, 1.0],
                [0.999997, -1e-06, -1e-06, -1e-06, 1e-06, 0.874022, 0.485886, 0.37472, 0.0, -0.485884, 0.874025, -0.0, 0.0, 0.0, 0.0, 1.0],
                [0.999998, -1e-06, -1e-06, 0.0, 1e-06, 0.828861, 0.559455, 0.37472, 0.0, -0.559453, 0.828864, 0.0, 0.0, 0.0, 0.0, 1.0],
                [0.999998, -1e-06, -1e-06, 0.0, 1e-06, 0.81258, 0.582851, 0.37472, 0.0, -0.58285, 0.812581, 0.0, 0.0, 0.0, 0.0, 1.0],
                [0.999997, -1e-06, -1e-06, 0.0, 1e-06, 0.816378, 0.577519, 0.37472, 0.0, -0.577517, 0.81638, -1e-06, 0.0, 0.0, 0.0, 1.0],
                [0.999998, -1e-06, -1e-06, 0.0, 1e-06, 0.824791, 0.565437, 0.37472, 0.0, -0.565436, 0.824794, -0.0, 0.0, 0.0, 0.0, 1.0],
                [0.999997, -1e-06, -1e-06, -0.0, 1e-06, 0.837708, 0.54612, 0.37472, 0.0, -0.546118, 0.83771, 0.0, 0.0, 0.0, 0.0, 1.0],
                [0.999997, -1e-06, -1e-06, -0.0, 1e-06, 0.85112, 0.524972, 0.37472, 0.0, -0.524971, 0.851122, 0.0, 0.0, 0.0, 0.0, 1.0],
                [0.999997, -1e-06, -1e-06, 0.0, 1e-06, 0.860784, 0.508971, 0.37472, 0.0, -0.508969, 0.860786, -1e-06, 0.0, 0.0, 0.0, 1.0],
                [0.999997, -1e-06, -1e-06, 0.0, 1e-06, 0.860784, 0.508971, 0.37472, 0.0, -0.508969, 0.860786, -1e-06, 0.0, 0.0, 0.0, 1.0]
            ]
        },
        {
            "name": "Knee_L",
            "time": [0.0, 10.4583],
            "transform": [
                [1.0, 0.0, -0.0, 0.0, -0.0, 1e-06, -1.0, 0.37472, -0.0, 1.0, 1e-06, 0.0, 0.0, 0.0, 0.0, 1.0],
                [1.0, 0.0, -0.0, 0.0, -0.0, 1e-06, -1.0, 0.37472, -0.0, 1.0, 1e-06, -1e-06, 0.0, 0.0, 0.0, 1.0]
            ]
        },
        {
            "name": "Torso",
            "time": [0.0, 0.0417, 0.0833, 0.125, 0.1667, 0.2083, 0.25, 0.2917, 0.3333, 0.375, 0.4167, 0.4583, 0.5, 0.5417, 0.5833, 0.625, 0.6667, 0.7083, 0.75, 0.7917, 0.8333, 0.875, 0.9167, 0.9583, 1.0, 1.0417, 1.0833, 1.125, 1.1667, 1.2083, 1.25, 1.2917, 1.3333, 1.375, 1.4167, 1.4583, 1.5, 1.5417, 1.5833, 1.625, 1.6667, 10.4583],
            "transform": [
                [0.998213, -0.033039, 0.04983, -0.0, -0.013862, 0.682838, 0.730438, 0.05, -0.058158, -0.729821, 0.681159, -0.0, 0.0, 0.0, 0.0, 1.0],
                [0.99447, -0.028974, 0.100959, -0.0, -0.102481, -0.056994, 0.993101, 0.05, -0.02302, -0.997953, -0.059648, 0.0, 0.0, 0.0, 0.0, 1.0],
                [0.993898, -0.062535, 0.090883, -0.0, -0.10089, -0.848492, 0.519501, 0.05, 0.044627, -0.525499, -0.849623, 0.0, 0.0, 0.0, 0.0, 1.0],
                [0.993683, -0.092252, 0.063928, 0.0, -0.064453, -0.935318, -0.347886, 0.05, 0.091886, 0.341567, -0.935355, 0.0, 0.0, 0.0, 0.0, 1.0],
                [0.996588, -0.082211, 0.007512, 0.0, 0.002296, -0.063362, -0.997988, 0.05, 0.082522, 0.994598, -0.062957, 0.0, 0.0, 0.0, 0.0, 1.0],
                [0.999964, -0.008714, -0.000597, 0.0, 0.00802, 0.943101, -0.332407, 0.05, 0.00346, 0.33239, 0.943135, 0.0, 0.0, 0.0, 0.0, 1.0],
                [0.999911, 0.008045, 0.010818, 0.0, -0.013218, 0.743004, 0.669156, 0.05, -0.002655, -0.669237, 0.743043, 0.0, 0.0, 0.0, 0.0, 1.0],
                [0.999863, 0.014896, -0.007498, 0.0, 0.010588, -0.219685, 0.975513, 0.05, 0.012884, -0.975457, -0.219812, 0.0, 0.0, 0.0, 0.0, 1.0],
                [0.999875, 0.013426, -0.008514, -0.0, 0.014138, -0.995845, 0.089951, 0.05, -0.007271, -0.09006, -0.99591, 1e-06, 0.0, 0.0, 0.0, 1.0],
                [0.99948, -0.018493, -0.026478, 0.0, -0.031772, -0.415916, -0.908847, 0.05, 0.005795, 0.909214, -0.416286, 1e-06, 0.0, 0.0, 0.0, 1.0],
                [0.999093, 0.029343, 0.030911, 0.0, 0.008217, 0.579036, -0.81526, 0.05, -0.041821, 0.814773, 0.578269, 1e-06, 0.0, 0.0, 0.0, 1.0],
                [0.996358, 0.013765, 0.084177, 0.0, 0.025228, 0.895181, -0.444986, 0.05, -0.081479, 0.445487, 0.891573, -0.0, 0.0, 0.0, 0.0, 1.0],
                [0.996368, -0.032097, 0.07889, 0.0, 0.044096, 0.986865, -0.155408, 0.05, -0.072866, 0.158322, 0.984695, 1e-06, 0.0, 0.0, 0.0, 1.0],
                [0.995941, -0.065714, 0.061533, 0.0, 0.055462, 0.98626, 0.155605, 0.05, -0.070913, -0.151561, 0.985901, 1e-06, 0.0, 0.0, 0.0, 1.0],
                [0.993535, -0.029053, 0.109761, 0.0, -0.02622, 0.881869, 0.470763, 0.05, -0.110472, -0.470596, 0.875406, 1e-06, 0.0, 0.0, 0.0, 1.0],
                [0.98272, 0.014728, 0.184522, -0.0, -0.13122, 0.75852, 0.6383, 0.05, -0.130563, -0.651482, 0.747345, -0.0, 0.0, 0.0, 0.0, 1.0],
                [0.986147, 0.007698, 0.165703, 0.0, -0.114259, 0.755697, 0.644877, 0.05, -0.120258, -0.654875, 0.746107, 1e-06, 0.0, 0.0, 0.0, 1.0],
                [0.994979, -0.027208, 0.09633, 0.0, -0.040125, 0.773243, 0.632838, 0.05, -0.091705, -0.633525, 0.768268, 1e-06, 0.0, 0.0, 0.0, 1.0],
                [0.997201, -0.073329, 0.014668, 0.0, 0.049557, 0.794886, 0.60473, 0.05, -0.056004, -0.60231, 0.796295, 0.0, 0.0, 0.0, 0.0, 1.0],
                [0.993037, -0.110089, -0.041976, 0.0, 0.11492, 0.826458, 0.551143, 0.05, -0.025983, -0.552128, 0.833354, -0.0, 0.0, 0.0, 0.0, 1.0],
                [0.988323, -0.134297, -0.072011, 0.0, 0.152276, 0.85246, 0.500123, 0.05, -0.005778, -0.505247, 0.862955, 0.0, 0.0, 0.0, 0.0, 1.0],
                [0.992358, -0.118447, -0.03461, 0.0, 0.121691, 0.892815, 0.433671, 0.05, -0.020467, -0.434568, 0.900406, 0.0, 0.0, 0.0, 0.0, 1.0],
                [0.996196, -0.081549, 0.03077, 0.0, 0.064392, 0.926497, 0.370751, 0.05, -0.058743, -0.367358, 0.928223, 0.0, 0.0, 0.0, 0.0, 1.0],
                [0.99502, -0.068684, 0.072259, -0.0, 0.040116, 0.939384, 0.340507, 0.05, -0.091266, -0.335912, 0.937461, -0.0, 0.0, 0.0, 0.0, 1.0],
                [0.991385, -0.061173, 0.115831, 0.0, 0.020957, 0.946938, 0.320731, 0.05, -0.129305, -0.31554, 0.940061, 0.0, 0.0, 0.0, 0.0, 1.0],
                [0.988942, -0.053641, 0.138273, 0.0, 0.010463, 0.955213, 0.295732, 0.05, -0.147944, -0.291014, 0.945211, 0.0, 0.0, 0.0, 0.0, 1.0],
                [0.99647, -0.048002, 0.068891, 0.0, 0.029024, 0.966808, 0.253847, 0.05, -0.07879, -0.250951, 0.964788, 0.0, 0.0, 0.0, 0.0, 1.0],
                [0.990888, -0.056718, -0.122175, -0.0, 0.079167, 0.979056, 0.18756, 0.05, 0.108978, -0.195523, 0.974625, -0.0, 0.0, 0.0, 0.0, 1.0],
                [0.951055, -0.066437, -0.301801, 0.0, 0.107476, 0.986759, 0.121463, 0.05, 0.289736, -0.147954, 0.945602, 1e-06, 0.0, 0.0, 0.0, 1.0],
                [0.899758, -0.060276, -0.432209, 0.0, 0.100438, 0.992428, 0.070682, 0.05, 0.424677, -0.107006, 0.899, 1e-06, 0.0, 0.0, 0.0, 1.0],
                [0.843793, -0.047398, -0.534573, -0.0, 0.077949, 0.996352, 0.034696, 0.05, 0.53098, -0.070946, 0.84441, 1e-06, 0.0, 0.0, 0.0, 1.0],
                [0.793774, -0.037243, -0.607074, 0.0, 0.0541, 0.998489, 0.009481, 0.05, 0.605805, -0.040368, 0.794589, 1e-06, 0.0, 0.0, 0.0, 1.0],
                [0.764968, -0.035588, -0.643086, 0.0, 0.041203, 0.99913, -0.006279, 0.05, 0.642752, -0.021694, 0.765768, 0.0, 0.0, 0.0, 0.0, 1.0],
                [0.746493, -0.037338, -0.664346, 0.0, 0.033669, 0.999264, -0.018329, 0.05, 0.664543, -0.008685, 0.747201, 1e-06, 0.0, 0.0, 0.0, 1.0],
                [0.730882, -0.041179, -0.681261, 0.0, 0.026791, 0.999139, -0.031651, 0.05, 0.68198, 0.004881, 0.731356, 1e-06, 0.0, 0.0, 0.0, 1.0],
                [0.721388, -0.045329, -0.691047, 0.0, 0.021962, 0.99885, -0.042593, 0.05, 0.692185, 0.015549, 0.721554, 1e-06, 0.0, 0.0, 0.0, 1.0],
                [0.716784, -0.04902, -0.695571, 0.0, 0.019071, 0.99853, -0.050718, 0.05, 0.697036, 0.023089, 0.716665, 0.0, 0.0, 0.0, 0.0, 1.0],
                [0.714154, -0.053213, -0.697965, 0.0, 0.016864, 0.998123, -0.058842, 0.05, 0.699787, 0.030252, 0.713711, 1e-06, 0.0, 0.0, 0.0, 1.0],
                [0.711622, -0.058328, -0.700138, 0.0, 0.014432, 0.99755, -0.068437, 0.05, 0.702416, 0.038597, 0.710721, 1e-06, 0.0, 0.0, 0.0, 1.0],
                [0.707964, -0.063183, -0.703418, 0.0, 0.011517, 0.996889, -0.077951, 0.05, 0.706156, 0.047085, 0.70649, 1e-06, 0.0, 0.0, 0.0, 1.0],
                [0.702597, -0.066815, -0.708445, 0.0, 0.008154, 0.996271, -0.085874, 0.05, 0.711543, 0.054558, 0.700523, 0.0, 0.0, 0.0, 0.0, 1.0],
                [0.702597, -0.066815, -0.708445, 0.0, 0.008154, 0.996271, -0.085874, 0.05, 0.711543, 0.054558, 0.700523, 0.0, 0.0, 0.0, 0.0, 1.0]
            ]
        },
        {
            "name": "Chest",
            "time": [0.0, 0.0417, 0.0833, 0.125, 0.1667, 0.2083, 0.25, 0.2917, 0.3333, 0.375, 0.4167, 0.4583, 0.5, 0.5417, 0.5833, 0.625, 0.6667, 0.7083, 0.75, 0.7917, 0.8333, 0.875, 0.9167, 0.9583, 1.0, 1.0417, 1.0833, 1.125, 1.1667, 1.2083, 1.25, 1.2917, 1.3333, 1.375, 1.4167, 1.4583, 1.5, 1.5417, 1.5833, 1.625, 1.6667, 10.4583],
            "transform": [
                [0.985633, -0.046748, 0.162317, 0.0, -0.049354, 0.839305, 0.541414, 0.3, -0.161544, -0.541645, 0.824939, 0.0, 0.0, 0.0, 0.0, 1.0],
