{
    "animation": [
        {
            "name": "Root",
            "time": [0.0, 0.0333, 0.0667, 0.1, 0.1333, 0.1667, 0.2, 0.2333, 0.2667, 0.3, 0.3333, 0.3667, 0.4, 0.4333, 0.4667, 0.5, 0.5667, 0.6333, 0.8333, 1.3667],
            "transform": [
                [1.0, 0.000194, 0.0, -0.477567, -0.0, 0.003903, -0.999992, 0.42818, -0.000194, 0.999993, 0.003903, 0.351069, 0.0, 0.0, 0.0, 1.0],
                [1.0, 5.4e-05, 0.0, -0.478346, -0.0, 0.003908, -0.999992, 0.558686, -5.4e-05, 0.999993, 0.003908, 0.181, 0.0, 0.0, 0.0, 1.0],
                [1.0, 0.000106, 0.0, -0.491425, -0.0, 0.003906, -0.999992, 0.912829, -0.000106, 0.999993, 0.003906, 0.140529, 0.0, 0.0, 0.0, 1.0],
                [1.0, 0.000178, 1e-06, -0.490858, 0.0, 0.003904, -0.999992, 1.300908, -0.000178, 0.999993, 0.003904, 0.19456, 0.0, 0.0, 0.0, 1.0],
                [0.999998, 2.5e-05, 0.001946, -0.455784, 0.001946, 0.003908, -0.99999, 1.585528, -3.3e-05, 0.999993, 0.003908, 0.251427, 0.0, 0.0, 0.0, 1.0],
                [0.999992, -1.3e-05, 0.003902, -0.451014, 0.003902, 0.003908, -0.999985, 1.861774, -2e-06, 0.999993, 0.003908, 0.282932, 0.0, 0.0, 0.0, 1.0],
                [0.999993, -0.000152, 0.003772, -0.4498, 0.003773, 0.003904, -0.999985, 2.120343, 0.000137, 0.999993, 0.003905, 0.269372, 0.0, 0.0, 0.0, 1.0],
                [0.999994, -0.000463, 0.003526, -0.447135, 0.003527, 0.003881, -0.999986, 2.268373, 0.000449, 0.999993, 0.003883, 0.243649, 0.0, 0.0, 0.0, 1.0],
                [0.999994, -0.000639, 0.003401, -0.437391, 0.003403, 0.003855, -0.999987, 2.358984, 0.000625, 0.999993, 0.003857, 0.225698, 0.0, 0.0, 0.0, 1.0],
                [0.999994, -0.00051, 0.003487, -0.413892, 0.003489, 0.003874, -0.999986, 2.436082, 0.000496, 0.999993, 0.003876, 0.22219, 0.0, 0.0, 0.0, 1.0],
                [0.999994, -0.000556, 0.003456, -0.408316, 0.003458, 0.003868, -0.999987, 2.499118, 0.000542, 0.999993, 0.00387, 0.234157, 0.0, 0.0, 0.0, 1.0],
                [0.999994, -0.000711, 0.003357, -0.413842, 0.00336, 0.003843, -0.999987, 2.553772, 0.000698, 0.999993, 0.003845, 0.259356, 0.0, 0.0, 0.0, 1.0],
                [0.999994, -0.000849, 0.003278, -0.420286, 0.003281, 0.003815, -0.999987, 2.606335, 0.000836, 0.999993, 0.003817, 0.302253, 0.0, 0.0, 0.0, 1.0],
                [0.999994, -0.000994, 0.003201, -0.42711, 0.003204, 0.003779, -0.999988, 2.657961, 0.000982, 0.999993, 0.003782, 0.355503, 0.0, 0.0, 0.0, 1.0],
                [0.999994, -0.001001, 0.003197, -0.434996, 0.003201, 0.003778, -0.999988, 2.700423, 0.000989, 0.999992, 0.003781, 0.412333, 0.0, 0.0, 0.0, 1.0],
                [0.999994, -0.000696, 0.003368, -0.442767, 0.003371, 0.003843, -0.999987, 2.72717, 0.000683, 0.999993, 0.003846, 0.473372, 0.0, 0.0, 0.0, 1.0],
                [0.999998, -0.000135, 0.001828, -0.450416, 0.001829, 0.003902, -0.999991, 2.741029, 0.000128, 0.999993, 0.003903, 0.539334, 0.0, 0.0, 0.0, 1.0],
                [1.0, 0.000329, 1e-06, -0.457636, -1e-06, 0.003893, -0.999992, 2.7478, -0.000329, 0.999993, 0.003893, 0.59587, 0.0, 0.0, 0.0, 1.0],
                [1.0, -0.0, -0.0, -0.457636, -0.0, -0.0, -1.0, 2.7478, 0.0, 1.0, -0.0, 0.601542, 0.0, 0.0, 0.0, 1.0],
                [1.0, -0.0, -0.0, -0.457636, -0.0, -0.0, -1.0, 2.7478, 0.0, 1.0, -0.0, 0.601542, 0.0, 0.0, 0.0, 1.0]
            ]
        },
        {
            "name": "Thigh_R",
            "time": [0.0, 0.0333, 0.0667, 0.1, 0.1333, 0.1667, 0.2, 0.2333, 0.2667, 0.3, 0.3333, 0.3667, 0.4, 0.4333, 0.4667, 0.5, 0.5667, 0.6333, 0.8333, 1.3667],
            "transform": [
                [0.989553, 0.138386, -0.039745, 0.155348, 0.139971, -0.860081, 0.490621, 0.027754, 0.03371, -0.491086, -0.870466, -0.06833, 0.0, 0.0, 0.0, 1.0],
                [0.996667, 0.014068, -0.080131, 0.153249, 0.080226, -0.006404, 0.996755, 0.030578, 0.013508, -0.999898, -0.007512, -0.049728, 0.0, 0.0, 0.0, 1.0],
                [0.994435, 0.105065, -0.003029, 0.064005, 0.082948, -0.766829, 0.636492, 0.049702, 0.064548, -0.633234, -0.771277, 0.012214, 0.0, 0.0, 0.0, 1.0],
                [0.987972, 0.062529, 0.141339, 0.017162, 0.13259, -0.812811, -0.567251, 0.087585, 0.07941, 0.579183, -0.811325, -0.069098, 0.0, 0.0, 0.0, 1.0],
                [0.979057, 0.035872, 0.200334, 0.019496, 0.170719, -0.680616, -0.71248, 0.105569, 0.110789, 0.73178, -0.672486, -0.17138, 0.0, 0.0, 0.0, 1.0],
                [0.992207, 0.102519, 0.070651, 0.100005, 0.124031, -0.764507, -0.632582, 0.047713, -0.010838, 0.636431, -0.771264, -0.197465, 0.0, 0.0, 0.0, 1.0],
                [0.98279, 0.17225, 0.066549, 0.140337, 0.160679, -0.975329, 0.151457, 0.016735, 0.090993, -0.138161, -0.98622, -0.195278, 0.0, 0.0, 0.0, 1.0],
                [0.998221, 0.017939, 0.056485, 0.136584, -0.045784, -0.371751, 0.927205, -0.047182, 0.03763, -0.928181, -0.370269, -0.149757, 0.0, 0.0, 0.0, 1.0],
                [0.998122, 0.013487, -0.059556, 0.12197, 0.060261, -0.059859, 0.996386, -0.088123, 0.009873, -0.998127, -0.06056, -0.065424, 0.0, 0.0, 0.0, 1.0],
                [0.98751, -0.074024, -0.138932, 0.111426, 0.134506, -0.061748, 0.988986, -0.053566, -0.081784, -0.995365, -0.05102, -0.011205, 0.0, 0.0, 0.0, 1.0],
                [0.909767, -0.152624, -0.385988, 0.102311, 0.350947, -0.21365, 0.911693, 0.002051, -0.2216, -0.964942, -0.140809, 0.029921, 0.0, 0.0, 0.0, 1.0],
                [0.78181, -0.266367, -0.563731, 0.085381, 0.514758, -0.234378, 0.824669, 0.033475, -0.351772, -0.93497, -0.046126, 0.026688, 0.0, 0.0, 0.0, 1.0],
                [0.783207, -0.289655, -0.550144, 0.065846, 0.479233, -0.282448, 0.830993, 0.056835, -0.396068, -0.914536, -0.082404, 0.00867, 0.0, 0.0, 0.0, 1.0],
                [0.856, -0.23353, -0.461186, 0.046311, 0.364382, -0.360226, 0.858755, 0.080193, -0.366659, -0.903189, -0.22326, -0.009347, 0.0, 0.0, 0.0, 1.0],
                [0.926758, -0.141964, -0.347742, 0.029194, 0.24834, -0.462975, 0.850874, 0.119495, -0.281776, -0.874956, -0.39381, -0.019836, 0.0, 0.0, 0.0, 1.0],
                [0.978782, -0.038341, -0.201164, 0.01175, 0.144871, -0.56464, 0.812532, 0.120727, -0.144731, -0.824476, -0.547106, -0.021481, 0.0, 0.0, 0.0, 1.0],
                [0.997947, 0.06258, 0.011703, -0.001815, 0.032964, -0.66521, 0.745941, 0.113588, 0.054463, -0.74406, -0.665909, -0.019835, 0.0, 0.0, 0.0, 1.0],
                [0.976628, 0.10034, 0.189983, -0.002612, -0.047256, -0.762291, 0.645523, 0.124719, 0.209587, -0.639438, -0.739733, -0.014643, 0.0, 0.0, 0.0, 1.0],
                [0.532535, 0.23888, 0.812, 0.056428, 0.270994, -0.956968, 0.103803, 0.058238, 0.801856, 0.164768, -0.574353, 0.092913, 0.0, 0.0, 0.0, 1.0],
                [0.532535, 0.23888, 0.812, 0.056428, 0.270994, -0.956968, 0.103803, 0.058238, 0.801856, 0.164768, -0.574353, 0.092913, 0.0, 0.0, 0.0, 1.0]
            ]
        },
        {
            "name": "Leg_R",
            "time": [0.0, 0.0333, 0.0667, 0.1, 0.1333, 0.1667, 0.2, 0.2333, 0.2667, 0.3, 0.3333, 0.3667, 0.4, 0.4333, 0.4667, 0.5, 0.5667, 0.6333, 0.8333, 1.3667],
            "transform": [
                [0.999989, -0.001951, -0.00015, 0.0, -0.000145, -0.150225, 0.988657, 0.37472, -0.001951, -0.988653, -0.150225, 0.0, 0.0, 0.0, 0.0, 1.0],
                [0.999992, -0.001898, -0.000465, 0.0, -0.000458, -0.45902, 0.888412, 0.37472, -0.001899, -0.888456, -0.458996, 0.0, 0.0, 0.0, 0.0, 1.0],
                [0.999987, -0.001872, -0.00061, 0.0, -0.0006, -0.585132, 0.810935, 0.37472, -0.001875, -0.810971, -0.585105, 0.0, 0.0, 0.0, 0.0, 1.0],
                [0.999991, -0.00189, 0.000517, 0.0, 0.00052, 0.510362, 0.859954, 0.37472, -0.001889, -0.85998, 0.510346, 0.0, 0.0, 0.0, 0.0, 1.0],
                [0.999995, -0.001789, 0.000785, 0.0, 0.000779, 0.733805, 0.679363, 0.37472, -0.001792, -0.679373, 0.733792, -0.0, 0.0, 0.0, 0.0, 1.0],
                [0.99999, -0.001871, 0.000592, 0.0, 0.000594, 0.576323, 0.817223, 0.37472, -0.00187, -0.817232, 0.576315, -0.0, 0.0, 0.0, 0.0, 1.0],
                [0.999977, -0.001901, -0.000583, -0.0, -0.000568, -0.553982, 0.832544, 0.37472, -0.001905, -0.83253, -0.55399, 0.0, 0.0, 0.0, 0.0, 1.0],
                [0.999988, -0.001709, -0.000955, 0.0, -0.000939, -0.846656, 0.532158, 0.37472, -0.001718, -0.532169, -0.846636, 0.0, 0.0, 0.0, 0.0, 1.0],
                [0.999999, -0.001839, -0.000661, -0.0, -0.000633, -0.625024, 0.780598, 0.37472, -0.001849, -0.780628, -0.624999, 0.0, 0.0, 0.0, 0.0, 1.0],
                [0.999984, -0.00195, 0.000276, -0.0, 0.000296, 0.287412, 0.957803, 0.37472, -0.001947, -0.957826, 0.287404, 0.0, 0.0, 0.0, 0.0, 1.0],
                [0.999979, -0.001829, 0.000673, 0.0, 0.000687, 0.653698, 0.756767, 0.37472, -0.001824, -0.756761, 0.653702, -0.0, 0.0, 0.0, 0.0, 1.0],
                [0.999986, -0.001893, 0.000471, -0.0, 0.000491, 0.477693, 0.878535, 0.37472, -0.001888, -0.878527, 0.477696, -0.0, 0.0, 0.0, 0.0, 1.0],
                [0.999992, -0.001927, 0.000302, 0.0, 0.000326, 0.317412, 0.948285, 0.37472, -0.001923, -0.948296, 0.317408, 0.0, 0.0, 0.0, 0.0, 1.0],
                [0.999995, -0.001939, 0.000213, 0.0, 0.000247, 0.234081, 0.972202, 0.37472, -0.001935, -0.972236, 0.234072, 0.0, 0.0, 0.0, 0.0, 1.0],
                [0.999996, -0.001938, 0.000239, -0.0, 0.000275, 0.261125, 0.965288, 0.37472, -0.001933, -0.965325, 0.261115, -0.0, 0.0, 0.0, 0.0, 1.0],
                [0.999996, -0.001917, 0.000382, 0.0, 0.000411, 0.397432, 0.917616, 0.37472, -0.001911, -0.917655, 0.397415, -0.0, 0.0, 0.0, 0.0, 1.0],
                [0.999994, -0.001857, 0.000617, 0.0, 0.000633, 0.605531, 0.795815, 0.37472, -0.001852, -0.795853, 0.605501, 0.0, 0.0, 0.0, 0.0, 1.0],
                [0.999994, -0.001756, 0.000865, 0.0, 0.000871, 0.795055, 0.606543, 0.37472, -0.001752, -0.606551, 0.795042, -0.0, 0.0, 0.0, 0.0, 1.0],
                [1.0, -0.0, 0.0, 0.0, 0.0, 0.932201, 0.361941, 0.37472, -0.0, -0.361941, 0.932201, 0.0, 0.0, 0.0, 0.0, 1.0],
                [1.0, -0.0, 0.0, 0.0, 0.0, 0.932201, 0.361941, 0.37472, -0.0, -0.361941, 0.932201, 0.0, 0.0, 0.0, 0.0, 1.0]
            ]
        },
        {
            "name": "Knee_R",
            "time": [0.8333, 0.0, 1.3667],
            "transform": [
                [1.0, 0.0, -0.0, 0.0, -0.0, 1e-06, -1.0, 0.37472, -0.0, 1.0, 1e-06, 0.0, 0.0, 0.0, 0.0, 1.0],
                [1.0, 0.0, -0.0, 0.0, -0.0, 1e-06, -1.0, 0.37472, -0.0, 1.0, 1e-06, 0.0, 0.0, 0.0, 0.0, 1.0],
                [1.0, 0.0, -0.0, 0.0, -0.0, 1e-06, -1.0, 0.37472, -0.0, 1.0, 1e-06, 0.0, 0.0, 0.0, 0.0, 1.0]
            ]
        },
        {
            "name": "Thigh_L",
            "time": [0.0, 0.0333, 0.0667, 0.1, 0.1333, 0.1667, 0.2, 0.2333, 0.2667, 0.3, 0.3333, 0.3667, 0.4, 0.4333, 0.4667, 0.5, 0.5667, 0.6333, 0.8333, 1.3667],
            "transform": [
                [0.984931, -0.081567, 0.15252, -0.100073, -0.172821, -0.428725, 0.886751, 0.054472, -0.00694, -0.899746, -0.43636, -0.012129, 0.0, 0.0, 0.0, 1.0],
                [0.965185, -0.156026, 0.209945, -0.100931, -0.256987, -0.415966, 0.872313, 0.059619, -0.048773, -0.895896, -0.44158, -0.004878, 0.0, 0.0, 0.0, 1.0],
                [0.942047, -0.324946, 0.083431, -0.100703, -0.237833, -0.471461, 0.849211, 0.060765, -0.236613, -0.819839, -0.52142, -0.008606, 0.0, 0.0, 0.0, 1.0],
                [0.912125, -0.408777, -0.030523, -0.099297, -0.210529, -0.53105, 0.82077, 0.049652, -0.351722, -0.742219, -0.570442, -0.013144, 0.0, 0.0, 0.0, 1.0],
                [0.945799, -0.315823, 0.075643, -0.095388, -0.289705, -0.715258, 0.635986, 0.029372, -0.146755, -0.62343, -0.767984, -0.005833, 0.0, 0.0, 0.0, 1.0],
                [0.961044, -0.274361, 0.033519, -0.099577, -0.256343, -0.839375, 0.479312, 0.04808, -0.103369, -0.469232, -0.877004, -0.003822, 0.0, 0.0, 0.0, 1.0],
                [0.935822, -0.323539, -0.139872, -0.100129, 0.055928, -0.255501, 0.965189, 0.074716, -0.348015, -0.911066, -0.221008, 0.005109, 0.0, 0.0, 0.0, 1.0],
                [0.8762, -0.408102, -0.256381, -0.097538, 0.191125, -0.194121, 0.962178, 0.078099, -0.442437, -0.892059, -0.092091, 0.02165, 0.0, 0.0, 0.0, 1.0],
                [0.844582, -0.488064, -0.220177, -0.096, 0.138911, -0.197404, 0.970431, 0.071994, -0.517097, -0.850192, -0.098926, 0.03053, 0.0, 0.0, 0.0, 1.0],
                [0.771179, -0.608002, -0.188728, -0.097984, -0.036339, -0.338012, 0.94044, 0.059565, -0.635582, -0.71839, -0.282762, 0.0249, 0.0, 0.0, 0.0, 1.0],
                [0.650398, -0.721955, -0.236147, -0.097147, -0.190939, -0.456293, 0.869103, 0.055773, -0.735205, -0.520172, -0.434621, 0.027437, 0.0, 0.0, 0.0, 1.0],
                [0.529506, -0.782952, -0.326514, -0.094725, -0.294349, -0.530564, 0.794897, 0.056801, -0.795603, -0.324794, -0.511397, 0.035243, 0.0, 0.0, 0.0, 1.0],
                [0.497729, -0.740607, -0.451409, -0.092036, -0.332575, -0.643642, 0.689289, 0.058454, -0.801038, -0.192952, -0.566665, 0.042087, 0.0, 0.0, 0.0, 1.0],
                [0.512014, -0.645394, -0.566843, -0.088713, -0.324656, -0.756357, 0.567913, 0.060732, -0.795262, -0.106751, -0.596795, 0.04902, 0.0, 0.0, 0.0, 1.0],
                [0.583528, -0.512478, -0.629971, -0.08855, -0.325375, -0.858292, 0.396825, 0.062434, -0.744061, -0.026582, -0.667582, 0.049356, 0.0, 0.0, 0.0, 1.0],
                [0.743704, -0.369716, -0.55697, -0.094886, -0.212886, -0.920758, 0.326936, 0.063561, -0.633707, -0.124573, -0.763477, 0.034733, 0.0, 0.0, 0.0, 1.0],
                [0.927736, -0.222758, -0.299476, -0.100434, -0.086972, -0.909308, 0.406936, 0.06876, -0.362964, -0.351483, -0.862969, 0.006648, 0.0, 0.0, 0.0, 1.0],
                [0.991289, -0.13155, 0.006517, -0.098847, -0.119372, -0.876413, 0.466533, 0.075608, -0.055661, -0.463247, -0.88448, -0.016639, 0.0, 0.0, 0.0, 1.0],
                [0.893866, -0.048208, 0.445731, -0.088994, -0.214018, -0.919493, 0.329746, 0.048183, 0.393949, -0.390144, -0.83222, -0.075728, 0.0, 0.0, 0.0, 1.0],
                [0.893866, -0.048208, 0.445731, -0.088994, -0.214018, -0.919493, 0.329746, 0.048183, 0.393949, -0.390144, -0.83222, -0.075728, 0.0, 0.0, 0.0, 1.0]
            ]
        },
        {
            "name": "Leg_L",
            "time": [0.0, 0.0333, 0.0667, 0.1, 0.1333, 0.1667, 0.2, 0.2333, 0.2667, 0.3, 0.3333, 0.3667, 0.4, 0.4333, 0.4667, 0.5, 0.5667, 0.6333, 0.8333, 1.3667],
            "transform": [
                [0.999997, -0.001944, -0.000215, 0.0, -0.000217, -0.219879, 0.975526, 0.37472, -0.001944, -0.975528, -0.219878, -0.0, 0.0, 0.0, 0.0, 1.0],
                [0.999998, -0.001837, -0.000684, 0.0, -0.000685, -0.65431, 0.756226, 0.37472, -0.001836, -0.756225, -0.654308, 0.0, 0.0, 0.0, 0.0, 1.0],
                [0.999998, -0.001699, -0.00097, -0.0, -0.00097, -0.861174, 0.508309, 0.37472, -0.001699, -0.508308, -0.861173, -0.0, 0.0, 0.0, 0.0, 1.0],
                [0.999998, -0.001653, -0.001044, 0.0, -0.001044, -0.902857, 0.429939, 0.37472, -0.001653, -0.429938, -0.902856, 0.0, 0.0, 0.0, 0.0, 1.0],
                [0.999998, -0.001697, -0.000974, 0.0, -0.000974, -0.863569, 0.50423, 0.37472, -0.001696, -0.504229, -0.863568, -0.0, 0.0, 0.0, 0.0, 1.0],
                [0.999998, -0.001756, -0.000863, -0.0, -0.000864, -0.79183, 0.61074, 0.37472, -0.001756, -0.610739, -0.791829, -0.0, 0.0, 0.0, 0.0, 1.0],
                [0.999999, -0.001943, -0.000377, 0.0, -0.000377, -0.373816, 0.927503, 0.37472, -0.001943, -0.927501, -0.373816, 0.0, 0.0, 0.0, 0.0, 1.0],
                [0.999998, -0.001941, -0.000241, -0.0, -0.00024, -0.244302, 0.969698, 0.37472, -0.001941, -0.969698, -0.244301, 0.0, 0.0, 0.0, 0.0, 1.0],
                [0.999998, -0.001901, -0.000462, -0.0, -0.000461, -0.458318, 0.888787, 0.37472, -0.001901, -0.888787, -0.458317, -0.0, 0.0, 0.0, 0.0, 1.0],
                [0.999997, -0.001863, -0.000595, -0.0, -0.000596, -0.580361, 0.814359, 0.37472, -0.001862, -0.81436, -0.58036, 0.0, 0.0, 0.0, 0.0, 1.0],
                [0.999997, -0.001858, -0.000612, 0.0, -0.000613, -0.594814, 0.803863, 0.37472, -0.001857, -0.803864, -0.594812, 0.0, 0.0, 0.0, 0.0, 1.0],
                [0.999997, -0.001876, -0.000556, -0.0, -0.000557, -0.545747, 0.837949, 0.37472, -0.001875, -0.83795, -0.545745, -0.0, 0.0, 0.0, 0.0, 1.0],
                [0.999998, -0.001916, -0.000398, -0.0, -0.0004, -0.398904, 0.916992, 0.37472, -0.001915, -0.916993, -0.398902, 0.0, 0.0, 0.0, 0.0, 1.0],
                [0.999997, -0.001949, -0.000167, -0.0, -0.000169, -0.170793, 0.985305, 0.37472, -0.001949, -0.985307, -0.170792, -0.0, 0.0, 0.0, 0.0, 1.0],
                [0.999998, -0.001953, 0.00012, -0.0, 0.000117, 0.121154, 0.992631, 0.37472, -0.001953, -0.992634, 0.121154, 0.0, 0.0, 0.0, 0.0, 1.0],
                [0.999998, -0.001934, 0.000288, -0.0, 0.000286, 0.290142, 0.956983, 0.37472, -0.001934, -0.956984, 0.290141, -0.0, 0.0, 0.0, 0.0, 1.0],
                [0.999998, -0.001911, 0.000417, 0.0, 0.000416, 0.415925, 0.909398, 0.37472, -0.001911, -0.909398, 0.415924, -0.0, 0.0, 0.0, 0.0, 1.0],
                [0.999997, -0.001826, 0.000706, -0.0, 0.000704, 0.671751, 0.740777, 0.37472, -0.001827, -0.740777, 0.671749, 0.0, 0.0, 0.0, 0.0, 1.0],
                [0.999998, -0.0, -0.0, 0.0, 0.0, 0.863349, 0.504607, 0.37472, -0.0, -0.504606, 0.863352, 0.0, 0.0, 0.0, 0.0, 1.0],
                [0.999998, -0.0, -0.0, 0.0, 0.0, 0.863349, 0.504607, 0.37472, -0.0, -0.504606, 0.863352, 0.0, 0.0, 0.0, 0.0, 1.0]
            ]
        },
        {
            "name": "Knee_L",
            "time": [0.8333, 0.0, 1.3667],
            "transform": [
                [1.0, 0.0, -0.0, 0.0, -0.0, 1e-06, -1.0, 0.37472, -0.0, 1.0, 1e-06, -0.0, 0.0, 0.0, 0.0, 1.0],
                [1.0, 0.0, -0.0, 0.0, -0.0, 1e-06, -1.0, 0.37472, -0.0, 1.0, 1e-06, 0.0, 0.0, 0.0, 0.0, 1.0],
                [1.0, 0.0, -0.0, 0.0, -0.0, 1e-06, -1.0, 0.37472, -0.0, 1.0, 1e-06, 0.0, 0.0, 0.0, 0.0, 1.0]
            ]
        },
        {
            "name": "Torso",
            "time": [0.0, 0.0333, 0.0667, 0.1, 0.1333, 0.1667, 0.2, 0.2333, 0.2667, 0.3, 0.3333, 0.3667, 0.4, 0.4333, 0.4667, 0.5, 0.5667, 0.6333, 0.8333, 1.3667],
            "transform": [
                [0.938111, 0.037553, -0.344296, -0.0, 0.241171, 0.642645, 0.727216, 0.05, 0.248569, -0.765243, 0.593815, -0.0, 0.0, 0.0, 0.0, 1.0],
                [0.784183, 0.206733, -0.58508, -0.0, 0.444845, 0.470081, 0.762324, 0.05, 0.432633, -0.85807, 0.276665, 0.0, 0.0, 0.0, 0.0, 1.0],
                [0.87668, 0.123196, -0.465034, -0.0, 0.410564, 0.312236, 0.856707, 0.05, 0.250744, -0.941982, 0.223151, 0.0, 0.0, 0.0, 0.0, 1.0],
                [0.998034, -0.06224, -0.007476, -0.0, 0.024035, 0.269776, 0.962623, 0.05, -0.057897, -0.960909, 0.270742, 0.0, 0.0, 0.0, 0.0, 1.0],
                [0.86524, -0.132076, 0.483649, -0.0, -0.411397, 0.364331, 0.835474, 0.05, -0.286555, -0.921856, 0.260898, 0.0, 0.0, 0.0, 0.0, 1.0],
                [0.847297, -0.162848, 0.50554, 0.0, -0.454435, 0.270406, 0.848746, 0.05, -0.274918, -0.948873, 0.155111, 0.0, 0.0, 0.0, 0.0, 1.0],
                [0.949866, -0.231393, 0.210275, -0.0, -0.135446, 0.301621, 0.943757, 0.05, -0.281803, -0.924921, 0.255158, -0.0, 0.0, 0.0, 0.0, 1.0],
                [0.929633, -0.300325, 0.213516, -0.0, -0.024508, 0.527761, 0.849038, 0.05, -0.367674, -0.794526, 0.483263, 1e-06, 0.0, 0.0, 0.0, 1.0],
                [0.908276, -0.281979, 0.30907, 0.0, -0.062484, 0.639029, 0.76664, 0.05, -0.413682, -0.715631, 0.562796, 0.0, 0.0, 0.0, 0.0, 1.0],
                [0.928935, -0.250629, 0.272518, -0.0, -0.107662, 0.52139, 0.8465, 0.05, -0.354245, -0.815683, 0.457354, -0.0, 0.0, 0.0, 0.0, 1.0],
                [0.931957, -0.215258, 0.291758, -0.0, -0.147441, 0.51015, 0.847353, 0.05, -0.331241, -0.832712, 0.443699, 0.0, 0.0, 0.0, 0.0, 1.0],
                [0.915844, -0.208284, 0.34329, -0.0, -0.17255, 0.567831, 0.804857, 0.05, -0.36257, -0.796358, 0.484105, 0.0, 0.0, 0.0, 0.0, 1.0],
                [0.878981, -0.198189, 0.433723, 0.0, -0.217814, 0.64225, 0.734895, 0.05, -0.424209, -0.740428, 0.521357, -0.0, 0.0, 0.0, 0.0, 1.0],
                [0.817015, -0.171058, 0.550661, -0.0, -0.280121, 0.716978, 0.638337, 0.05, -0.504005, -0.675781, 0.537865, 0.0, 0.0, 0.0, 0.0, 1.0],
                [0.783479, -0.111285, 0.611374, 0.0, -0.300382, 0.793437, 0.529365, 0.05, -0.543999, -0.598391, 0.588212, -0.0, 0.0, 0.0, 0.0, 1.0],
                [0.855601, -0.039876, 0.516101, -0.0, -0.209074, 0.885464, 0.415018, 0.05, -0.47354, -0.462992, 0.749266, 0.0, 0.0, 0.0, 0.0, 1.0],
                [0.971486, -0.008458, 0.23695, -0.0, -0.060048, 0.958005, 0.280391, 0.05, -0.229371, -0.286623, 0.930181, 0.0, 0.0, 0.0, 0.0, 1.0],
                [0.997387, -0.001968, -0.072232, 0.0, 0.01514, 0.983132, 0.182266, 0.05, 0.070655, -0.182883, 0.980593, 0.0, 0.0, 0.0, 0.0, 1.0],
                [0.70122, -0.068152, -0.709682, 0.0, 0.007325, 0.996056, -0.088416, 0.05, 0.71291, 0.056801, 0.698953, 0.0, 0.0, 0.0, 0.0, 1.0],
                [0.70122, -0.068152, -0.709682, 0.0, 0.007325, 0.996056, -0.088416, 0.05, 0.71291, 0.056801, 0.698953, 0.0, 0.0, 0.0, 0.0, 1.0]
            ]
        },
        {
            "name": "Chest",
            "time": [0.0, 0.0333, 0.0667, 0.1, 0.1333, 0.1667, 0.2, 0.2333, 0.2667, 0.3, 0.3333, 0.3667, 0.4, 0.4333, 0.4667, 0.5, 0.5667, 0.6333, 0.8333, 1.3667],
            "transform": [
                [0.987241, 0.040159, 0.154094, 0.0, -0.001389, 0.969811, -0.243852, 0.3, -0.159236, 0.240526, 0.957492, 0.0, 0.0, 0.0, 0.0, 1.0],
                [0.893723, 0.098835, 0.4376, 0.0, 0.123287, 0.883764, -0.451397, 0.3, -0.431351, 0.457373, 0.777654, 0.0, 0.0, 0.0, 0.0, 1.0],
                [0.941526, 0.127439, 0.311915, -0.0, 0.003503, 0.921962, -0.387261, 0.3, -0.336928, 0.365708, 0.867603, 0.0, 0.0, 0.0, 0.0, 1.0],
                [0.979843, 0.147049, -0.135235, -0.0, -0.168729, 0.97157, -0.166073, 0.3, 0.106969, 0.185543, 0.976796, -0.0, 0.0, 0.0, 0.0, 1.0],
                [0.804606, 0.102795, -0.584846, 0.0, -0.12123, 0.992594, 0.00768, 0.3, 0.581306, 0.064722, 0.811106, -0.0, 0.0, 0.0, 0.0, 1.0],
                [0.864323, -0.058907, -0.499477, -0.0, -0.073628, 0.967596, -0.241525, 0.3, 0.497522, 0.245531, 0.831977, -0.0, 0.0, 0.0, 0.0, 1.0],
                [0.984625, -0.089198, -0.150205, 0.0, -0.020649, 0.794366, -0.607087, 0.3, 0.173469, 0.600853, 0.78031, 0.0, 0.0, 0.0, 0.0, 1.0],
                [0.989904, 0.129345, -0.057998, -0.0, -0.141751, 0.905383, -0.400234, 0.3, 0.000743, 0.404413, 0.914576, -0.0, 0.0, 0.0, 0.0, 1.0],
                [0.97003, 0.237125, -0.053068, -0.0, -0.241994, 0.962496, -0.122631, 0.3, 0.021999, 0.131798, 0.991032, -0.0, 0.0, 0.0, 0.0, 1.0],
                [0.982843, 0.123941, -0.136605, -0.0, -0.163577, 0.927905, -0.335012, 0.3, 0.085235, 0.351609, 0.932258, -0.0, 0.0, 0.0, 0.0, 1.0],
                [0.990663, 0.011054, -0.135902, 0.0, -0.060865, 0.927743, -0.368219, 0.3, 0.122012, 0.373051, 0.919752, 0.0, 0.0, 0.0, 0.0, 1.0],
                [0.991356, -0.066992, -0.112819, 0.0, 0.031758, 0.956779, -0.289072, 0.3, 0.127309, 0.28299, 0.950637, -0.0, 0.0, 0.0, 0.0, 1.0],
                [0.983066, -0.13182, -0.127315, 0.0, 0.106707, 0.976519, -0.187141, 0.3, 0.148994, 0.170386, 0.974048, 0.0, 0.0, 0.0, 0.0, 1.0],
                [0.967904, -0.189624, -0.164948, 0.0, 0.180261, 0.981114, -0.070133, 0.3, 0.175132, 0.038148, 0.983806, -0.0, 0.0, 0.0, 0.0, 1.0],
                [0.958364, -0.212485, -0.190766, 0.0, 0.218157, 0.975871, 0.008984, 0.3, 0.184255, -0.050226, 0.981594, 0.0, 0.0, 0.0, 0.0, 1.0],
                [0.97143, -0.166036, -0.169587, 0.0, 0.169309, 0.985549, 0.00492, 0.3, 0.16632, -0.033492, 0.985503, -0.0, 0.0, 0.0, 0.0, 1.0],
                [0.991273, -0.057836, -0.118477, -0.0, 0.049869, 0.996359, -0.069143, 0.3, 0.122045, 0.062632, 0.990546, -0.0, 0.0, 0.0, 0.0, 1.0],
                [0.997131, 0.038376, -0.065271, 0.0, -0.048045, 0.98695, -0.153684, 0.3, 0.058521, 0.156379, 0.985961, 0.0, 0.0, 0.0, 0.0, 1.0],
                [0.961477, -0.076444, -0.26405, -0.0, 0.082877, 0.996469, 0.013291, 0.3, 0.262103, -0.034662, 0.964417, 0.0, 0.0, 0.0, 0.0, 1.0],
                [0.961477, -0.076444, -0.26405, -0.0, 0.082877, 0.996469, 0.013291, 0.3, 0.262103, -0.034662, 0.964417, 0.0, 0.0, 0.0, 0.0, 1.0]
            ]
        },
        {
            "name": "Head",
            "time": [0.0, 0.0333, 0.0667, 0.1, 0.1333, 0.1667, 0.2, 0.2333, 0.2667, 0.3, 0.3333, 0.3667, 0.4, 0.4333, 0.4667, 0.5, 0.5667, 0.6333, 0.8333, 1.3667],
            "transform": [
                [0.99288, 0.063357, 0.100872, 0.0, -0.028693, 0.949088, -0.313699, 0.4, -0.115612, 0.30857, 0.94415, -0.0, 0.0, 0.0, 0.0, 1.0],
                [0.983718, 0.126194, 0.12796, -0.0, -0.105752, 0.982142, -0.155597, 0.4, -0.14531, 0.139531, 0.979499, 0.0, 0.0, 0.0, 0.0, 1.0],
                [0.977452, 0.104191, 0.183656, -0.0, -0.032061, 0.932927, -0.358632, 0.4, -0.208704, 0.344656, 0.915236, 0.0, 0.0, 0.0, 0.0, 1.0],
                [0.964632, 0.082485, 0.250356, 0.0, 0.069118, 0.837391, -0.542215, 0.4, -0.25437, 0.540341, 0.802078, 0.0, 0.0, 0.0, 0.0, 1.0],
                [0.955654, 0.178428, 0.23428, 0.0, -0.062359, 0.900115, -0.431165, 0.4, -0.28781, 0.397434, 0.871329, -0.0, 0.0, 0.0, 0.0, 1.0],
                [0.991936, 0.118927, 0.043791, -0.0, -0.104238, 0.962144, -0.251816, 0.4, -0.072081, 0.24522, 0.966785, 0.0, 0.0, 0.0, 0.0, 1.0],
                [0.990347, 0.039974, -0.132717, 0.0, -0.040147, 0.999191, 0.001371, 0.4, 0.132664, 0.003971, 0.991156, -0.0, 0.0, 0.0, 0.0, 1.0],
                [0.97257, -0.040071, -0.229129, 0.0, 0.005713, 0.988867, -0.148685, 0.4, 0.232535, 0.143297, 0.961976, -0.0, 0.0, 0.0, 0.0, 1.0],
                [0.977659, -0.0801, -0.194332, 0.0, 0.013755, 0.946939, -0.321115, 0.4, 0.209741, 0.311267, 0.92689, -0.0, 0.0, 0.0, 0.0, 1.0],
                [0.994278, -0.052409, -0.093062, 0.0, 0.040759, 0.991574, -0.122946, 0.4, 0.098721, 0.118449, 0.988043, 0.0, 0.0, 0.0, 0.0, 1.0],
                [0.991944, -0.01077, -0.126207, 0.0, -0.0042, 0.993033, -0.11775, 0.4, 0.126596, 0.117331, 0.984993, -0.0, 0.0, 0.0, 0.0, 1.0],
                [0.972297, 0.057678, -0.22651, -0.0, -0.097806, 0.980552, -0.170146, 0.4, 0.212291, 0.187587, 0.959034, -0.0, 0.0, 0.0, 0.0, 1.0],
                [0.92957, 0.106863, -0.352814, -0.0, -0.196799, 0.953126, -0.229824, 0.4, 0.311716, 0.28307, 0.907032, -0.0, 0.0, 0.0, 0.0, 1.0],
                [0.877203, 0.13112, -0.461867, -0.0, -0.274877, 0.925876, -0.259217, 0.4, 0.393642, 0.354342, 0.848228, 0.0, 0.0, 0.0, 0.0, 1.0],
                [0.850133, 0.147283, -0.505551, -0.0, -0.305037, 0.920331, -0.244826, 0.4, 0.429216, 0.362345, 0.827334, 0.0, 0.0, 0.0, 0.0, 1.0],
                [0.90394, 0.164282, -0.394846, -0.0, -0.238847, 0.959793, -0.147467, 0.4, 0.354744, 0.227608, 0.906838, -0.0, 0.0, 0.0, 0.0, 1.0],
                [0.987573, 0.12475, -0.095571, 0.0, -0.1188, 0.990745, 0.065623, 0.4, 0.102872, -0.053453, 0.99326, 0.0, 0.0, 0.0, 0.0, 1.0],
                [0.984537, 0.021421, 0.173851, -0.0, -0.067263, 0.962635, 0.26231, 0.4, -0.161736, -0.269947, 0.949197, -0.0, 0.0, 0.0, 0.0, 1.0],
                [0.547568, 0.022122, 0.836469, -0.0, -0.120721, 0.99128, 0.052809, 0.4, -0.828008, -0.129896, 0.545464, -0.0, 0.0, 0.0, 0.0, 1.0],
                [0.547568, 0.022122, 0.836469, -0.0, -0.120721, 0.99128, 0.052809, 0.4, -0.828008, -0.129896, 0.545464, -0.0, 0.0, 0.0, 0.0, 1.0]
            ]
        },
        {
            "name": "Shoulder_R",
            "time": [0.0, 0.0333, 0.0667, 0.1, 0.2667, 0.4, 0.5, 0.5667, 0.6333, 0.8333, 1.3667],
            "transform": [
                [-0.166417, 0.815258, 0.554697, 0.0, 0.217277, -0.518371, 0.827127, 0.4, 0.961768, 0.258173, -0.090879, -0.0, 0.0, 0.0, 0.0, 1.0],
                [-0.304771, 0.81974, 0.48493, -0.0, 0.394247, -0.35487, 0.847752, 0.4, 0.866941, 0.449557, -0.215044, 0.0, 0.0, 0.0, 0.0, 1.0],
                [-0.350207, 0.874705, 0.335036, -0.0, 0.328807, -0.220096, 0.918425, 0.4, 0.877011, 0.431805, -0.210548, 0.0, 0.0, 0.0, 0.0, 1.0],
                [-0.057223, 0.969123, 0.239865, 0.0, 0.022742, -0.238921, 0.970814, 0.4, 0.998056, 0.061008, -0.008369, 0.0, 0.0, 0.0, 0.0, 1.0],
                [0.033432, 0.964554, 0.261782, 0.0, 0.02518, -0.262647, 0.964605, 0.4, 0.999076, -0.025657, -0.033071, -0.0, 0.0, 0.0, 0.0, 1.0],
                [0.086604, 0.950682, 0.297857, -0.0, 0.025605, -0.300994, 0.953324, 0.4, 0.995864, -0.074936, -0.050414, -0.0, 0.0, 0.0, 0.0, 1.0],
                [0.131556, 0.937679, 0.321658, -0.0, 0.093002, -0.33471, 0.93776, 0.4, 0.986889, -0.093453, -0.131251, -0.0, 0.0, 0.0, 0.0, 1.0],
                [0.146117, 0.931318, 0.333622, 0.0, 0.207012, -0.358549, 0.910303, 0.4, 0.967322, -0.063947, -0.245204, 0.0, 0.0, 0.0, 0.0, 1.0],
                [0.141561, 0.923692, 0.356034, -0.0, 0.296551, -0.382696, 0.875017, 0.4, 0.944424, -0.018286, -0.328124, -0.0, 0.0, 0.0, 0.0, 1.0],
                [0.292339, 0.909608, -0.295231, -0.0, 0.746996, -0.409959, -0.523373, 0.4, -0.597075, -0.067535, -0.799338, -0.0, 0.0, 0.0, 0.0, 1.0],
                [0.292339, 0.909608, -0.295231, -0.0, 0.746996, -0.409959, -0.523373, 0.4, -0.597075, -0.067535, -0.799338, -0.0, 0.0, 0.0, 0.0, 1.0]
            ]
        },
        {
            "name": "Arm_R",
            "time": [0.0, 0.0333, 0.0667, 0.1, 0.1333, 0.1667, 0.2, 0.2333, 0.2667, 0.3, 0.3333, 0.3667, 0.4, 0.4333, 0.4667, 0.5, 0.5667, 0.6333, 0.8333, 1.3667],
            "transform": [
                [0.055505, 0.042153, -0.995518, 0.0, 0.572784, 0.818718, 0.066186, 0.39386, 0.81779, -0.576295, 0.021211, 0.0, 0.0, 0.0, 0.0, 1.0],
                [0.039633, -0.106999, -0.991445, 0.0, 0.433499, 0.899548, -0.079017, 0.39386, 0.900245, -0.428452, 0.081698, -0.0, 0.0, 0.0, 0.0, 1.0],
                [0.065958, 0.070256, -0.993304, -0.0, 0.376543, 0.923962, 0.089712, 0.393861, 0.924008, -0.381539, 0.034346, -0.0, 0.0, 0.0, 0.0, 1.0],
                [0.224579, 0.198733, -0.952084, 0.0, 0.370716, 0.889933, 0.271301, 0.393861, 0.90115, -0.415628, 0.125665, -0.0, 0.0, 0.0, 0.0, 1.0],
                [0.525615, -0.009888, -0.848882, 0.0, 0.068061, 0.999323, 0.030425, 0.39386, 0.847971, -0.07408, 0.523738, -0.0, 0.0, 0.0, 0.0, 1.0],
                [0.577004, -0.078339, -0.811291, 0.0, 0.008536, 0.998029, -0.089521, 0.39386, 0.816675, 0.044917, 0.574136, -0.0, 0.0, 0.0, 0.0, 1.0],
                [0.552397, -0.091787, -0.826795, 0.0, 0.136794, 0.992521, -0.018248, 0.393861, 0.822268, -0.103456, 0.558474, -0.0, 0.0, 0.0, 0.0, 1.0],
                [0.399273, -0.022865, -0.914627, -0.0, 0.150574, 0.989857, 0.040926, 0.39386, 0.904336, -0.154718, 0.397002, 0.0, 0.0, 0.0, 0.0, 1.0],
                [0.308027, 0.031255, -0.948869, 0.0, 0.070668, 0.998073, 0.055445, 0.39386, 0.94872, -0.084492, 0.303946, -0.0, 0.0, 0.0, 0.0, 1.0],
                [0.348145, -0.021632, -0.935237, -0.0, 0.054019, 1.000664, -0.002924, 0.39386, 0.935835, -0.049714, 0.348091, -0.0, 0.0, 0.0, 0.0, 1.0],
                [0.302744, -0.033517, -0.950506, 0.0, 0.054498, 1.000481, -0.017696, 0.39386, 0.951461, -0.046641, 0.303454, 0.0, 0.0, 0.0, 0.0, 1.0],
                [0.21048, -0.024379, -0.975268, 0.0, 0.088386, 0.998186, -0.005746, 0.393861, 0.973548, -0.085352, 0.211374, 0.0, 0.0, 0.0, 0.0, 1.0],
                [0.115324, 0.016137, -0.991137, 0.0, 0.131906, 0.992866, 0.031315, 0.393861, 0.98449, -0.134918, 0.111907, 0.0, 0.0, 0.0, 0.0, 1.0],
                [0.018893, 0.102374, -0.992524, -0.0, 0.179807, 0.980275, 0.103674, 0.39386, 0.98348, -0.181187, 0.000113, 0.0, 0.0, 0.0, 0.0, 1.0],
                [-0.051974, 0.17353, -0.981473, 0.0, 0.242902, 0.95951, 0.155411, 0.393861, 0.968609, -0.231309, -0.091637, 0.0, 0.0, 0.0, 0.0, 1.0],
                [-0.090055, 0.178512, -0.977828, 0.0, 0.346199, 0.930093, 0.136616, 0.393861, 0.93379, -0.327613, -0.144952, 0.0, 0.0, 0.0, 0.0, 1.0],
                [-0.116346, 0.123162, -0.983509, 0.0, 0.474036, 0.880727, 0.053522, 0.393861, 0.87277, -0.461939, -0.160178, -0.0, 0.0, 0.0, 0.0, 1.0],
                [-0.128844, 0.062184, -0.987651, -0.0, 0.56285, 0.828021, -0.021426, 0.39386, 0.816434, -0.561025, -0.141093, -0.0, 0.0, 0.0, 0.0, 1.0],
                [0.385178, -0.821542, 0.424099, -0.0, 0.758008, 0.545874, 0.36074, 0.39386, -0.529758, 0.183738, 0.824523, -0.0, 0.0, 0.0, 0.0, 1.0],
                [0.385178, -0.821542, 0.424099, -0.0, 0.758008, 0.545874, 0.36074, 0.39386, -0.529758, 0.183738, 0.824523, -0.0, 0.0, 0.0, 0.0, 1.0]
            ]
        },
        {
            "name": "Hand_R",
            "time": [0.0, 0.0333, 0.0667, 0.2, 0.5333, 0.8333, 1.3667],
            "transform": [
                [1.000879, 0.00167, 0.001019, -0.0, -0.00102, 0.890912, -0.455174, 0.3, -0.00167, 0.456499, 0.888323, 0.0, 0.0, 0.0, 0.0, 1.0],
                [1.000878, 0.001872, 0.000599, -0.0, -0.000596, 0.582787, -0.810914, 0.3, -0.00187, 0.815949, 0.579189, 0.0, 0.0, 0.0, 0.0, 1.0],
                [1.000878, 0.001961, 0.00012, 0.0, -0.00012, 0.12318, -0.987565, 0.3, -0.001954, 0.996565, 0.122067, -0.0, 0.0, 0.0, 0.0, 1.0],
                [1.00088, 0.001368, 0.001425, -0.0, -0.00014, 0.775433, -0.632351, 0.3, -0.001973, 0.638668, 0.76776, 0.0, 0.0, 0.0, 0.0, 1.0],
                [1.000887, 0.001638, 0.001063, -0.0, -0.000271, 0.663612, -0.746551, 0.3, -0.001931, 0.75565, 0.655619, -0.0, 0.0, 0.0, 0.0, 1.0],
                [0.9978, -0.0, 0.0, -0.0, 0.0, 0.76923, -0.642064, 0.3, 0.0, 0.64674, 0.763668, -0.0, 0.0, 0.0, 0.0, 1.0],
                [0.9978, -0.0, 0.0, -0.0, 0.0, 0.76923, -0.642064, 0.3, 0.0, 0.64674, 0.763668, -0.0, 0.0, 0.0, 0.0, 1.0]
            ]
        },
        {
            "name": "Tool_R",
            "time": [0.0, 0.1, 0.1333, 0.2, 0.2333, 0.2667, 0.3, 0.3333, 0.3667, 0.8333, 1.3667],
            "transform": [
                [0.954059, 0.124961, -0.269931, 1e-06, -0.264233, -0.078442, -0.952841, 0.272858, -0.140091, 0.99781, -0.041064, 1e-06, 0.0, 0.0, 0.0, 1.0],
                [0.883703, 0.04017, -0.46199, 1e-06, -0.466253, -0.003978, -0.876811, 0.272858, -0.037024, 1.00784, 0.014926, 0.0, 0.0, 0.0, 0.0, 1.0],
                [0.990883, 0.117695, 0.064633, 1e-06, -9.3e-05, 0.493165, -0.864794, 0.272858, -0.13351, 0.872135, 0.479717, 0.0, 0.0, 0.0, 0.0, 1.0],
                [0.991315, 0.127002, 0.033747, 1e-06, -0.024982, 0.443827, -0.889856, 0.272858, -0.127852, 0.896949, 0.435017, 1e-06, 0.0, 0.0, 0.0, 1.0],
                [0.972921, 0.006919, -0.228381, 1e-06, -0.225321, 0.240762, -0.936297, 0.272858, 0.048451, 0.979505, 0.231471, 1e-06, 0.0, 0.0, 0.0, 1.0],
                [0.94201, -0.023375, -0.331433, 1e-06, -0.314232, 0.288365, -0.897335, 0.272858, 0.116417, 0.96632, 0.259446, 0.0, 0.0, 0.0, 0.0, 1.0],
                [0.974263, 0.035663, -0.220019, 1e-06, -0.224244, 0.2201, -0.941441, 0.272858, 0.014833, 0.983726, 0.218347, 1e-06, 0.0, 0.0, 0.0, 1.0],
                [0.973476, 0.06574, -0.216734, 1e-06, -0.228053, 0.304104, -0.917684, 0.272858, 0.005573, 0.959526, 0.305321, 0.0, 0.0, 0.0, 0.0, 1.0],
                [0.972509, 0.081388, -0.215877, 1e-06, -0.232183, 0.326071, -0.909354, 0.272858, -0.003618, 0.951085, 0.329838, 1e-06, 0.0, 0.0, 0.0, 1.0],
                [0.954059, 0.124961, -0.269931, 1e-06, -0.264233, -0.078442, -0.952841, 0.272858, -0.140091, 0.99781, -0.041064, 0.0, 0.0, 0.0, 0.0, 1.0],
                [0.954059, 0.124961, -0.269931, 1e-06, -0.264233, -0.078442, -0.952841, 0.272858, -0.140091, 0.99781, -0.041064, 0.0, 0.0, 0.0, 0.0, 1.0]
            ]
        },
        {
            "name": "Elbow_R",
            "time": [0.8333, 0.0, 1.3667],
            "transform": [
                [-1.0, 0.0, -0.0, -0.0, 0.0, -0.0, -1.0, 0.3, -0.0, -1.0, 0.0, 0.0, 0.0, 0.0, 0.0, 1.0],
                [-1.0, 0.0, -0.0, -0.0, 0.0, -0.0, -1.0, 0.3, -0.0, -1.0, 0.0, -0.0, 0.0, 0.0, 0.0, 1.0],
                [-1.0, 0.0, -0.0, -0.0, 0.0, -0.0, -1.0, 0.3, -0.0, -1.0, 0.0, -0.0, 0.0, 0.0, 0.0, 1.0]
            ]
        },
        {
            "name": "Shoulder_L",
            "time": [0.0, 0.0333, 0.0667, 0.1, 0.1333, 0.1667, 0.2, 0.2333, 0.2667, 0.3, 0.3333, 0.3667, 0.4, 0.4333, 0.4667, 0.5, 0.5667, 0.6333, 0.8333, 1.3667],
            "transform": [
                [-0.061262, -0.859465, -0.507526, 0.0, -0.255672, -0.47801, 0.840319, 0.4, -0.964812, 0.181244, -0.190456, -0.0, 0.0, 0.0, 0.0, 1.0],
                [0.272431, -0.955497, -0.113248, -0.0, -0.25973, -0.186363, 0.947525, 0.4, -0.926447, -0.228727, -0.298941, 0.0, 0.0, 0.0, 0.0, 1.0],
                [0.181214, -0.981879, 0.055604, -0.0, -0.117834, 0.034455, 0.992434, 0.4, -0.97635, -0.186399, -0.109455, 0.0, 0.0, 0.0, 0.0, 1.0],
                [-0.254137, -0.967011, 0.018034, 0.0, 0.098414, -0.007307, 0.995116, 0.4, -0.962138, 0.254677, 0.097024, 0.0, 0.0, 0.0, 0.0, 1.0],
                [-0.710749, -0.703309, -0.013909, 0.0, 0.175095, -0.196038, 0.964835, 0.4, -0.681289, 0.683339, 0.262479, -0.0, 0.0, 0.0, 0.0, 1.0],
                [-0.67775, -0.734994, -0.020966, -0.0, 0.025585, -0.052072, 0.998318, 0.4, -0.734829, 0.676088, 0.054097, 0.0, 0.0, 0.0, 0.0, 1.0],
                [-0.412936, -0.910059, -0.035927, 0.0, -0.303151, 0.100148, 0.947667, 0.4, -0.858811, 0.402226, -0.317242, -0.0, 0.0, 0.0, 0.0, 1.0],
                [-0.182594, -0.93111, -0.31577, 0.0, -0.294358, -0.254667, 0.92114, 0.4, -0.938078, 0.261149, -0.227579, -0.0, 0.0, 0.0, 0.0, 1.0],
                [-0.100911, -0.806502, -0.582569, 0.0, -0.129978, -0.569858, 0.811402, 0.4, -0.986358, 0.157604, -0.047323, -0.0, 0.0, 0.0, 0.0, 1.0],
                [-0.140496, -0.790842, -0.595686, 0.0, -0.264369, -0.549848, 0.792325, 0.4, -0.954123, 0.268805, -0.131823, 0.0, 0.0, 0.0, 0.0, 1.0],
                [-0.203537, -0.805966, -0.55588, 0.0, -0.28943, -0.492861, 0.820563, 0.4, -0.935297, 0.327909, -0.132956, -0.0, 0.0, 0.0, 0.0, 1.0],
                [-0.249071, -0.832046, -0.495655, -0.0, -0.241862, -0.442131, 0.863729, 0.4, -0.937787, 0.335016, -0.091119, -0.0, 0.0, 0.0, 0.0, 1.0],
                [-0.245452, -0.864959, -0.437734, -0.0, -0.190688, -0.399646, 0.896621, 0.4, -0.950456, 0.303553, -0.066844, -0.0, 0.0, 0.0, 0.0, 1.0],
                [-0.215596, -0.900016, -0.378816, -0.0, -0.142358, -0.354824, 0.924037, 0.4, -0.966038, 0.25315, -0.051626, 0.0, 0.0, 0.0, 0.0, 1.0],
                [-0.182148, -0.917226, -0.354304, -0.0, -0.126427, -0.335495, 0.933525, 0.4, -0.975097, 0.214837, -0.054852, 0.0, 0.0, 0.0, 0.0, 1.0],
                [-0.158571, -0.901812, -0.402, -0.0, -0.170981, -0.375921, 0.910745, 0.4, -0.972419, 0.213155, -0.094583, -0.0, 0.0, 0.0, 0.0, 1.0],
                [-0.135209, -0.854521, -0.501523, 0.0, -0.259271, -0.458023, 0.850292, 0.4, -0.956283, 0.245002, -0.159624, 0.0, 0.0, 0.0, 0.0, 1.0],
                [-0.099347, -0.804604, -0.585452, -0.0, -0.325626, -0.529683, 0.783203, 0.4, -0.940255, 0.268453, -0.209378, -0.0, 0.0, 0.0, 0.0, 1.0],
                [0.325899, -0.942507, 0.073945, -0.0, -0.863613, -0.328635, -0.382256, 0.4, 0.384547, 0.060718, -0.921135, -0.0, 0.0, 0.0, 0.0, 1.0],
                [0.325899, -0.942507, 0.073945, -0.0, -0.863613, -0.328635, -0.382256, 0.4, 0.384547, 0.060718, -0.921135, -0.0, 0.0, 0.0, 0.0, 1.0]
            ]
        },
        {
            "name": "Arm_L",
            "time": [0.0, 0.0333, 0.0667, 0.1, 0.1333, 0.1667, 0.2, 0.2333, 0.2667, 0.3, 0.3333, 0.3667, 0.4, 0.4333, 0.4667, 0.5, 0.5667, 0.6333, 0.8333, 1.3667],
            "transform": [
                [0.076848, -0.150835, 0.980622, 0.0, -0.397863, 0.90516, 0.167646, 0.39386, -0.916182, -0.405728, 0.009451, 0.0, 0.0, 0.0, 0.0, 1.0],
                [0.239141, -0.079981, 0.962873, 0.0, -0.142097, 0.986347, 0.115366, 0.39386, -0.962402, -0.165506, 0.222225, 0.0, 0.0, 0.0, 0.0, 1.0],
                [0.261014, -0.126979, 0.95225, -0.0, -0.107156, 0.984744, 0.158085, 0.39386, -0.961245, -0.144254, 0.240949, 0.0, 0.0, 0.0, 0.0, 1.0],
                [0.282535, -0.140323, 0.944319, 0.0, -0.292643, 0.932916, 0.222668, 0.39386, -0.915493, -0.341518, 0.220254, -0.0, 0.0, 0.0, 0.0, 1.0],
