{
    "animation": [
        {
            "name": "Root",
            "time": [0.0, 0.0417, 0.0833, 0.125, 0.1667, 0.2083, 0.25, 0.2917, 0.3333, 0.375, 0.4167, 0.4583, 0.5, 0.5417, 0.5833, 0.625, 0.6667, 0.7083, 0.75, 0.7917, 0.8333, 0.875, 0.9167, 0.9583, 1.0, 1.0417, 1.0833, 1.125, 1.1667, 1.2083, 1.2916],
            "transform": [
                [1.0, -0.0, -0.0, -0.445607, -0.0, -0.0, -1.0, 0.004359, 0.0, 1.0, -0.0, 0.802944, 0.0, 0.0, 0.0, 1.0],
                [1.0, -0.0, -0.0, -0.416436, -0.0, -0.0, -1.0, -0.487194, 0.0, 1.0, -0.0, 0.802944, 0.0, 0.0, 0.0, 1.0],
                [1.0, -0.0, -0.0, -0.444113, -0.0, -0.0, -1.0, -1.000965, 0.0, 1.0, -0.0, 0.802944, 0.0, 0.0, 0.0, 1.0],
                [1.0, -0.0, -0.0, -0.464118, -0.0, -0.0, -1.0, -1.315551, 0.0, 1.0, -0.0, 1.041855, 0.0, 0.0, 0.0, 1.0],
                [1.0, -0.0, -0.0, -0.479966, -0.0, -0.0, -1.0, -1.52354, 0.0, 1.0, -0.0, 1.144245, 0.0, 0.0, 0.0, 1.0],
                [1.0, -0.0, -0.0, -0.485815, -0.0, -0.0, -1.0, -2.03908, 0.0, 1.0, -0.0, 1.144245, 0.0, 0.0, 0.0, 1.0],
                [1.0, -0.0, -0.0, -0.500049, -0.0, -0.0, -1.0, -2.471087, 0.0, 1.0, -0.0, 1.041855, 0.0, 0.0, 0.0, 1.0],
                [1.0, -0.0, -0.0, -0.530355, -0.0, -0.0, -1.0, -3.091491, 0.0, 1.0, -0.0, 0.871204, 0.0, 0.0, 0.0, 1.0],
                [1.0, -0.0, -0.0, -0.542496, -0.0, -0.0, -1.0, -3.358083, 0.0, 1.0, -0.0, 0.802944, 0.0, 0.0, 0.0, 1.0],
                [1.0, -0.0, -0.0, -0.534071, -0.0, -0.0, -1.0, -3.538917, 0.0, 1.0, -0.0, 0.598164, 0.0, 0.0, 0.0, 1.0],
                [1.0, -0.0, -0.0, -0.56919, -0.0, -0.0, -1.0, -3.744337, 0.0, 1.0, -0.0, 0.461643, 0.0, 0.0, 0.0, 1.0],
                [1.0, -0.0, -0.0, -0.683677, -0.0, -0.0, -1.0, -3.920675, 0.0, 1.0, -0.0, 0.393383, 0.0, 0.0, 0.0, 1.0],
                [1.0, -0.0, -0.0, -0.718268, -0.0, -0.0, -1.0, -4.016579, 0.0, 1.0, -0.0, 0.325123, 0.0, 0.0, 0.0, 1.0],
                [1.0, -0.0, -0.0, -0.712685, -0.0, -0.0, -1.0, -4.060506, 0.0, 1.0, -0.0, 0.325123, 0.0, 0.0, 0.0, 1.0],
                [1.0, -0.0, -0.0, -0.698411, -0.0, -0.0, -1.0, -4.092245, 0.0, 1.0, -0.0, 0.325123, 0.0, 0.0, 0.0, 1.0],
                [1.0, -0.0, -0.0, -0.680917, -0.0, -0.0, -1.0, -4.110053, 0.0, 1.0, -0.0, 0.325123, 0.0, 0.0, 0.0, 1.0],
                [1.0, -0.0, -0.0, -0.661755, -0.0, -0.0, -1.0, -4.117444, 0.0, 1.0, -0.0, 0.339588, 0.0, 0.0, 0.0, 1.0],
                [1.0, -0.0, -0.0, -0.637566, -0.0, -0.0, -1.0, -4.113892, 0.0, 1.0, -0.0, 0.427513, 0.0, 0.0, 0.0, 1.0],
                [1.0, -0.0, -0.0, -0.613666, -0.0, -0.0, -1.0, -4.097309, 0.0, 1.0, -0.0, 0.476887, 0.0, 0.0, 0.0, 1.0],
                [1.0, -0.0, -0.0, -0.592736, -0.0, -0.0, -1.0, -4.080304, 0.0, 1.0, -0.0, 0.516446, 0.0, 0.0, 0.0, 1.0],
                [1.0, -0.0, -0.0, -0.583252, -0.0, -0.0, -1.0, -4.0713, 0.0, 1.0, -0.0, 0.556004, 0.0, 0.0, 0.0, 1.0],
                [1.0, -0.0, -0.0, -0.573138, -0.0, -0.0, -1.0, -4.059825, 0.0, 1.0, -0.0, 0.564227, 0.0, 0.0, 0.0, 1.0],
                [1.0, -0.0, -0.0, -0.563903, -0.0, -0.0, -1.0, -4.049266, 0.0, 1.0, -0.0, 0.57245, 0.0, 0.0, 0.0, 1.0],
                [1.0, -0.0, -0.0, -0.554337, -0.0, -0.0, -1.0, -4.046263, 0.0, 1.0, -0.0, 0.580672, 0.0, 0.0, 0.0, 1.0],
                [1.0, -0.0, -0.0, -0.546194, -0.0, -0.0, -1.0, -4.047073, 0.0, 1.0, -0.0, 0.588895, 0.0, 0.0, 0.0, 1.0],
                [1.0, -0.0, -0.0, -0.537809, -0.0, -0.0, -1.0, -4.047945, 0.0, 1.0, -0.0, 0.597118, 0.0, 0.0, 0.0, 1.0],
                [1.0, -0.0, -0.0, -0.530333, -0.0, -0.0, -1.0, -4.048753, 0.0, 1.0, -0.0, 0.605341, 0.0, 0.0, 0.0, 1.0],
                [1.0, -0.0, -0.0, -0.521945, -0.0, -0.0, -1.0, -4.049688, 0.0, 1.0, -0.0, 0.606046, 0.0, 0.0, 0.0, 1.0],
                [1.0, -0.0, -0.0, -0.5148, -0.0, -0.0, -1.0, -4.050497, 0.0, 1.0, -0.0, 0.60675, 0.0, 0.0, 0.0, 1.0],
                [1.0, -0.0, -0.0, -0.507677, -0.0, -0.0, -1.0, -4.051306, 0.0, 1.0, -0.0, 0.607455, 0.0, 0.0, 0.0, 1.0],
                [1.0, -0.0, -0.0, -0.499933, -0.0, -0.0, -1.0, -4.052178, 0.0, 1.0, -0.0, 0.60816, 0.0, 0.0, 0.0, 1.0],
                [1.0, -0.0, -0.0, -0.499933, -0.0, -0.0, -1.0, -4.052178, 0.0, 1.0, -0.0, 0.60816, 0.0, 0.0, 0.0, 1.0]
            ]
        },
        {
            "name": "Thigh_R",
            "time": [0.0, 0.0417, 0.0833, 0.125, 0.1667, 0.2083, 0.25, 0.2917, 0.3333, 0.375, 0.4167, 0.4583, 0.5, 0.5417, 0.5833, 0.625, 0.6667, 0.7083, 0.75, 0.7917, 0.8333, 0.875, 0.9167, 0.9583, 1.0, 1.0417, 1.0833, 1.125, 1.1667, 1.2083, 1.25, 1.2916],
            "transform": [
                [0.991403, 0.130629, -0.007706, 0.111974, 0.076672, -0.532156, 0.843167, 0.076539, 0.106042, -0.836509, -0.537595, 0.042155, 0.0, 0.0, 0.0, 1.0],
                [0.997999, 0.00215, 0.063207, 0.117509, -0.055518, -0.448876, 0.891867, 0.078166, 0.03029, -0.893592, -0.447858, 0.031938, 0.0, 0.0, 0.0, 1.0],
                [0.993313, -0.008223, 0.115176, 0.123045, -0.112637, 0.150554, 0.982164, 0.079792, -0.025416, -0.988568, 0.14862, 0.021721, 0.0, 0.0, 0.0, 1.0],
                [0.995687, 0.027017, 0.088764, 0.126673, -0.080115, 0.732911, 0.67559, 0.060714, -0.046804, -0.679788, 0.731913, 0.002967, 0.0, 0.0, 0.0, 1.0],
                [0.995704, 0.090873, 0.017837, 0.1303, -0.091483, 0.995118, 0.037029, 0.041635, -0.014385, -0.038502, 0.999155, -0.015787, 0.0, 0.0, 0.0, 1.0],
                [0.96505, 0.214959, -0.149909, 0.129621, -0.143505, -0.045184, -0.988617, 0.04219, -0.219285, 0.975578, -0.012756, -0.014935, 0.0, 0.0, 0.0, 1.0],
                [0.940102, 0.25417, 0.227173, 0.126182, 0.292146, -0.257283, -0.921117, 0.045779, -0.175673, 0.932312, -0.316126, -0.010955, 0.0, 0.0, 0.0, 1.0],
                [0.977156, -0.019001, 0.211679, 0.117884, 0.212198, 0.031461, -0.97672, 0.055286, 0.011899, 0.999325, 0.034774, -0.00171, 0.0, 0.0, 0.0, 1.0],
                [0.985386, -0.099578, 0.138207, 0.103485, 0.101371, -0.309251, -0.945562, 0.072103, 0.136897, 0.945753, -0.294637, 0.014105, 0.0, 0.0, 0.0, 1.0],
                [0.95421, -0.019196, 0.298525, 0.085191, 0.168498, -0.790081, -0.58939, 0.091643, 0.247174, 0.612702, -0.750667, 0.034464, 0.0, 0.0, 0.0, 1.0],
                [0.816282, 0.36258, 0.44969, 0.066064, 0.376616, -0.924318, 0.06163, 0.107826, 0.438003, 0.119054, -0.891055, 0.056513, 0.0, 0.0, 0.0, 1.0],
                [0.362171, 0.827241, 0.429542, 0.04917, 0.608954, -0.558877, 0.562879, 0.114572, 0.705699, 0.057713, -0.706158, 0.077394, 0.0, 0.0, 0.0, 1.0],
                [0.289216, 0.914148, 0.284059, 0.036736, 0.66457, -0.405319, 0.627745, 0.114561, 0.688987, 0.007224, -0.724738, 0.094771, 0.0, 0.0, 0.0, 1.0],
                [0.298865, 0.925591, 0.232302, 0.028401, 0.694315, -0.377904, 0.612467, 0.114486, 0.654682, -0.021754, -0.755592, 0.108392, 0.0, 0.0, 0.0, 1.0],
                [0.217665, 0.942612, 0.253191, 0.023346, 0.606812, -0.333875, 0.721323, 0.114283, 0.764463, -0.003367, -0.64466, 0.118521, 0.0, 0.0, 0.0, 1.0],
                [0.119996, 0.93619, 0.330381, 0.020749, 0.507671, -0.343848, 0.789961, 0.113887, 0.853155, 0.072933, -0.516535, 0.125426, 0.0, 0.0, 0.0, 1.0],
                [0.049065, 0.904019, 0.424669, 0.019793, 0.430218, -0.402845, 0.807854, 0.113233, 0.901392, 0.143063, -0.40869, 0.129374, 0.0, 0.0, 0.0, 1.0],
                [0.113669, 0.814241, 0.569291, 0.019656, 0.422884, -0.55816, 0.713882, 0.112259, 0.899028, 0.159599, -0.407774, 0.130631, 0.0, 0.0, 0.0, 1.0],
                [0.282864, 0.65628, 0.699489, 0.021479, 0.451214, -0.734586, 0.506745, 0.110226, 0.846403, 0.17228, -0.503909, 0.128468, 0.0, 0.0, 0.0, 1.0],
                [0.416097, 0.526417, 0.741451, 0.026061, 0.450277, -0.827684, 0.334949, 0.10705, 0.790011, 0.194487, -0.581429, 0.122972, 0.0, 0.0, 0.0, 1.0],
                [0.442545, 0.481213, 0.756696, 0.032069, 0.426655, -0.855185, 0.294322, 0.103647, 0.788747, 0.192598, -0.583769, 0.115636, 0.0, 0.0, 0.0, 1.0],
                [0.446017, 0.448108, 0.77477, 0.038172, 0.385354, -0.877443, 0.285653, 0.100933, 0.807821, 0.171155, -0.564033, 0.107951, 0.0, 0.0, 0.0, 1.0],
                [0.436108, 0.425867, 0.792747, 0.043038, 0.338851, -0.893808, 0.293748, 0.099825, 0.833662, 0.140517, -0.534102, 0.101409, 0.0, 0.0, 0.0, 1.0],
                [0.427941, 0.391671, 0.814531, 0.046386, 0.297617, -0.912027, 0.28219, 0.099825, 0.853401, 0.121658, -0.506861, 0.096592, 0.0, 0.0, 0.0, 1.0],
                [0.445549, 0.344036, 0.826515, 0.048902, 0.288265, -0.929177, 0.231375, 0.099825, 0.847581, 0.135167, -0.513166, 0.092972, 0.0, 0.0, 0.0, 1.0],
                [0.481937, 0.290987, 0.826477, 0.050705, 0.299491, -0.94114, 0.156719, 0.099825, 0.823435, 0.171994, -0.540717, 0.090378, 0.0, 0.0, 0.0, 1.0],
                [0.507331, 0.25646, 0.822706, 0.051913, 0.304283, -0.946506, 0.107413, 0.099825, 0.806245, 0.195842, -0.558228, 0.088639, 0.0, 0.0, 0.0, 1.0],
                [0.517016, 0.237795, 0.822283, 0.052646, 0.29958, -0.95015, 0.08641, 0.099825, 0.801842, 0.201664, -0.56248, 0.087585, 0.0, 0.0, 0.0, 1.0],
                [0.517525, 0.23266, 0.823431, 0.053022, 0.292446, -0.952469, 0.085319, 0.099825, 0.804144, 0.196654, -0.560966, 0.087043, 0.0, 0.0, 0.0, 1.0],
                [0.520419, 0.230577, 0.822192, 0.053161, 0.28516, -0.954506, 0.087188, 0.099825, 0.804892, 0.189082, -0.562494, 0.086844, 0.0, 0.0, 0.0, 1.0],
                [0.524962, 0.234389, 0.818216, 0.053181, 0.276789, -0.956093, 0.0963, 0.099825, 0.804864, 0.17592, -0.566788, 0.086815, 0.0, 0.0, 0.0, 1.0],
                [0.524962, 0.234389, 0.818216, 0.053181, 0.276789, -0.956093, 0.0963, 0.099825, 0.804864, 0.17592, -0.566788, 0.086815, 0.0, 0.0, 0.0, 1.0]
            ]
        },
        {
            "name": "Leg_R",
            "time": [0.0, 0.0417, 0.0833, 0.125, 0.1667, 0.2083, 0.25, 0.2917, 0.3333, 0.375, 0.4167, 0.4583, 0.5, 0.5417, 0.5833, 0.625, 0.6667, 0.7083, 0.75, 0.7917, 0.8333, 0.875, 0.9167, 0.9583, 1.0, 1.0417, 1.0833, 1.125, 1.1667, 1.2083, 1.25, 1.2916],
            "transform": [
                [1.0, 0.0, 0.0, -0.0, -0.0, 0.055049, 0.998483, 0.37472, 0.0, -0.998485, 0.055049, -0.0, 0.0, 0.0, 0.0, 1.0],
                [0.999999, 0.0, 0.0, 0.0, -0.0, 0.928418, 0.371538, 0.37472, -0.0, -0.371538, 0.928417, 0.0, 0.0, 0.0, 0.0, 1.0],
                [1.0, 0.0, 0.0, 0.0, -0.0, 0.922837, 0.38519, 0.37472, -0.0, -0.38519, 0.922837, 0.0, 0.0, 0.0, 0.0, 1.0],
                [1.0, 0.0, 0.0, -0.0, -0.0, 0.630249, 0.776393, 0.37472, -0.0, -0.776394, 0.630249, -0.0, 0.0, 0.0, 0.0, 1.0],
                [1.0, 0.0, 0.0, -0.0, -0.0, 0.152486, 0.988305, 0.37472, -0.0, -0.988306, 0.152485, 0.0, 0.0, 0.0, 0.0, 1.0],
                [0.999999, 0.0, 0.0, -0.0, -0.0, -0.551077, 0.834455, 0.37472, 0.0, -0.834455, -0.551076, 0.0, 0.0, 0.0, 0.0, 1.0],
                [1.0, -0.0, 0.0, -0.0, -0.0, 0.012367, 0.999923, 0.37472, -0.0, -0.999924, 0.012367, 0.0, 0.0, 0.0, 0.0, 1.0],
                [1.0, 0.0, 0.0, -0.0, -0.0, 0.968847, 0.247662, 0.37472, -0.0, -0.247662, 0.968846, 0.0, 0.0, 0.0, 0.0, 1.0],
                [1.0, 0.0, 0.0, -0.0, -0.0, 0.999866, 0.016376, 0.37472, -0.0, -0.016376, 0.999866, 0.0, 0.0, 0.0, 0.0, 1.0],
                [0.999999, 0.0, 0.0, -0.0, -0.0, 0.916115, 0.400917, 0.37472, -0.0, -0.400917, 0.916114, -0.0, 0.0, 0.0, 0.0, 1.0],
                [1.0, 0.0, 0.0, -0.0, -0.0, 0.279214, 0.960228, 0.37472, 0.0, -0.960229, 0.279214, 0.0, 0.0, 0.0, 0.0, 1.0],
                [0.999999, 0.0, 0.0, 0.0, -0.0, 0.152354, 0.988325, 0.37472, 0.0, -0.988326, 0.152354, -0.0, 0.0, 0.0, 0.0, 1.0],
                [1.0, -0.0, 0.0, 0.0, -0.0, 0.089891, 0.995951, 0.37472, -0.0, -0.995952, 0.089891, -0.0, 0.0, 0.0, 0.0, 1.0],
                [1.0, 0.0, 0.0, 0.0, -0.0, 0.030018, 0.999548, 0.37472, 0.0, -0.99955, 0.030018, 0.0, 0.0, 0.0, 0.0, 1.0],
                [1.0, 0.0, 0.0, 0.0, -0.0, 0.008481, 0.999963, 0.37472, 0.0, -0.999965, 0.008481, -0.0, 0.0, 0.0, 0.0, 1.0],
                [1.0, 0.0, 0.0, 0.0, -0.0, 0.059961, 0.9982, 0.37472, 0.0, -0.998202, 0.059961, -0.0, 0.0, 0.0, 0.0, 1.0],
                [1.0, 0.0, 0.0, -0.0, -0.0, 0.15233, 0.988329, 0.37472, 0.0, -0.98833, 0.15233, -0.0, 0.0, 0.0, 0.0, 1.0],
                [1.0, 0.0, 0.0, 0.0, -0.0, 0.346517, 0.938043, 0.37472, 0.0, -0.938044, 0.346517, 0.0, 0.0, 0.0, 0.0, 1.0],
                [1.0, 0.0, 0.0, 0.0, -0.0, 0.599808, 0.800144, 0.37472, -0.0, -0.800145, 0.599806, 0.0, 0.0, 0.0, 0.0, 1.0],
                [1.0, 0.0, 0.0, -0.0, -0.0, 0.762208, 0.647333, 0.37472, -0.0, -0.647333, 0.762207, -0.0, 0.0, 0.0, 0.0, 1.0],
                [1.0, 0.0, 0.0, -0.0, -0.0, 0.800048, 0.599936, 0.37472, -0.0, -0.599937, 0.800047, -0.0, 0.0, 0.0, 0.0, 1.0],
                [1.0, 0.0, 0.0, 0.0, -0.0, 0.816765, 0.57697, 0.37472, -0.0, -0.57697, 0.816765, 0.0, 0.0, 0.0, 0.0, 1.0],
                [1.0, 0.0, 0.0, 0.0, -0.0, 0.821383, 0.570376, 0.37472, -0.0, -0.570376, 0.821383, 0.0, 0.0, 0.0, 0.0, 1.0],
                [1.0, 0.0, 0.0, 0.0, -0.0, 0.837011, 0.547186, 0.37472, -0.0, -0.547186, 0.837011, -0.0, 0.0, 0.0, 0.0, 1.0],
                [1.0, 0.0, 0.0, -0.0, -0.0, 0.875589, 0.483057, 0.37472, -0.0, -0.483058, 0.875588, 0.0, 0.0, 0.0, 0.0, 1.0],
                [1.0, 0.0, 0.0, -0.0, -0.0, 0.923862, 0.382725, 0.37472, -0.0, -0.382726, 0.923862, 0.0, 0.0, 0.0, 0.0, 1.0],
                [1.0, 0.0, 0.0, 0.0, -0.0, 0.948027, 0.318189, 0.37472, -0.0, -0.318189, 0.948027, 0.0, 0.0, 0.0, 0.0, 1.0],
                [1.0, 0.0, 0.0, 0.0, -0.0, 0.954863, 0.297045, 0.37472, -0.0, -0.297045, 0.954863, 0.0, 0.0, 0.0, 0.0, 1.0],
                [1.0, 0.0, 0.0, 0.0, -0.0, 0.95287, 0.303377, 0.37472, -0.0, -0.303377, 0.95287, -0.0, 0.0, 0.0, 0.0, 1.0],
                [1.0, 0.0, 0.0, 0.0, -0.0, 0.94875, 0.316026, 0.37472, -0.0, -0.316027, 0.94875, 0.0, 0.0, 0.0, 0.0, 1.0],
                [1.0, 0.0, 0.0, 0.0, -0.0, 0.939839, 0.341618, 0.37472, -0.0, -0.341618, 0.939838, -0.0, 0.0, 0.0, 0.0, 1.0],
                [1.0, 0.0, 0.0, 0.0, -0.0, 0.939839, 0.341618, 0.37472, -0.0, -0.341618, 0.939838, -0.0, 0.0, 0.0, 0.0, 1.0]
            ]
        },
        {
            "name": "Knee_R",
            "time": [0.0, 1.2916],
            "transform": [
                [1.0, 0.0, -0.0, -0.0, -0.0, 1e-06, -1.0, 0.37472, -0.0, 1.0, 1e-06, -0.0, 0.0, 0.0, 0.0, 1.0],
                [1.0, 0.0, -0.0, 0.0, -0.0, 1e-06, -1.0, 0.37472, -0.0, 1.0, 1e-06, -0.0, 0.0, 0.0, 0.0, 1.0]
            ]
        },
        {
            "name": "Thigh_L",
            "time": [0.0, 0.0417, 0.0833, 0.125, 0.1667, 0.2083, 0.25, 0.2917, 0.3333, 0.375, 0.4167, 0.4583, 0.5, 0.5417, 0.5833, 0.625, 0.6667, 0.7083, 0.75, 0.7917, 0.8333, 0.875, 0.9167, 0.9583, 1.0, 1.0417, 1.0833, 1.125, 1.1667, 1.2083, 1.25, 1.2916],
            "transform": [
                [0.991502, -0.106667, 0.074445, -0.10787, -0.093565, -0.187266, 0.977842, 0.07551, -0.090362, -0.976503, -0.195655, 0.04123, 0.0, 0.0, 0.0, 1.0],
                [0.995615, -0.084413, -0.040243, -0.121777, 0.029605, -0.123685, 0.991879, 0.0559, -0.088705, -0.988727, -0.120644, 0.048968, 0.0, 0.0, 0.0, 1.0],
                [0.98416, -0.085735, -0.155159, -0.113857, 0.16545, 0.129991, 0.977613, 0.056607, -0.063646, -0.987804, 0.142116, 0.059043, 0.0, 0.0, 0.0, 1.0],
                [0.975723, -0.065321, -0.20903, -0.121912, 0.218291, 0.366738, 0.904352, 0.052865, 0.017586, -0.928031, 0.372093, 0.020783, 0.0, 0.0, 0.0, 1.0],
                [0.967301, -0.095608, -0.234908, -0.118615, 0.234706, 0.688424, 0.686284, 0.057788, 0.096102, -0.718982, 0.688354, 0.012744, 0.0, 0.0, 0.0, 1.0],
                [0.954603, -0.294518, -0.0446, -0.121765, 0.096755, 0.448185, -0.888689, 0.05964, 0.281723, 0.844033, 0.456335, 0.005779, 0.0, 0.0, 0.0, 1.0],
                [0.982888, -0.147606, -0.11018, -0.124915, -0.150923, -0.302482, -0.94113, 0.061493, 0.105589, 0.941659, -0.319582, -0.001186, 0.0, 0.0, 0.0, 1.0],
                [0.994049, 0.025309, -0.105935, -0.128065, -0.105364, -0.022932, -0.994168, 0.063345, -0.027591, 0.999418, -0.020128, -0.008151, 0.0, 0.0, 0.0, 1.0],
                [0.999779, -0.012355, 0.016905, -0.133286, 0.005701, -0.616268, -0.787516, 0.059733, 0.020148, 0.787441, -0.616062, -0.022004, 0.0, 0.0, 0.0, 1.0],
                [0.995459, 0.012255, 0.094371, -0.138507, 0.032458, -0.975934, -0.215642, 0.056121, 0.089457, 0.217728, -0.971901, -0.035857, 0.0, 0.0, 0.0, 1.0],
                [0.967723, 0.165168, 0.190336, -0.143728, 0.023291, -0.810663, 0.585051, 0.052509, 0.250929, -0.561737, -0.788343, -0.04971, 0.0, 0.0, 0.0, 1.0],
                [0.81902, 0.549538, 0.164961, -0.14895, -0.04114, -0.230521, 0.972196, 0.048897, 0.572284, -0.803039, -0.166194, -0.063562, 0.0, 0.0, 0.0, 1.0],
                [0.829837, 0.533677, 0.162964, -0.14335, -0.195388, 0.004347, 0.980715, 0.053607, 0.522675, -0.84568, 0.10788, -0.061207, 0.0, 0.0, 0.0, 1.0],
                [0.86078, 0.454789, 0.228521, -0.137749, -0.269043, 0.025439, 0.962791, 0.058317, 0.432052, -0.890238, 0.144254, -0.058853, 0.0, 0.0, 0.0, 1.0],
                [0.824121, 0.455426, 0.336764, -0.132149, -0.340043, -0.077677, 0.937195, 0.063028, 0.45298, -0.886881, 0.090848, -0.056498, 0.0, 0.0, 0.0, 1.0],
                [0.772164, 0.461509, 0.436773, -0.126549, -0.379406, -0.216527, 0.899536, 0.067738, 0.509715, -0.860308, 0.007905, -0.054143, 0.0, 0.0, 0.0, 1.0],
                [0.730771, 0.442412, 0.51985, -0.120948, -0.391248, -0.352592, 0.85006, 0.072448, 0.559369, -0.824594, -0.084572, -0.051788, 0.0, 0.0, 0.0, 1.0],
                [0.73374, 0.377415, 0.564961, -0.113489, -0.360174, -0.489006, 0.794448, 0.068665, 0.576103, -0.786407, -0.222869, -0.059153, 0.0, 0.0, 0.0, 1.0],
                [0.756094, 0.301612, 0.580817, -0.10603, -0.307029, -0.620285, 0.72179, 0.064882, 0.57797, -0.724073, -0.37639, -0.066519, 0.0, 0.0, 0.0, 1.0],
                [0.78348, 0.226258, 0.57876, -0.09857, -0.25892, -0.727803, 0.635031, 0.061099, 0.564902, -0.64739, -0.511636, -0.073885, 0.0, 0.0, 0.0, 1.0],
                [0.800494, 0.191773, 0.567828, -0.091111, -0.236159, -0.76985, 0.592927, 0.057315, 0.550848, -0.608735, -0.570971, -0.08125, 0.0, 0.0, 0.0, 1.0],
                [0.824442, 0.155638, 0.544122, -0.083651, -0.208899, -0.809861, 0.548168, 0.053532, 0.525977, -0.565603, -0.635171, -0.088616, 0.0, 0.0, 0.0, 1.0],
                [0.848361, 0.123353, 0.514843, -0.080696, -0.185639, -0.841422, 0.507495, 0.052547, 0.495799, -0.526117, -0.69093, -0.08572, 0.0, 0.0, 0.0, 1.0],
                [0.865264, 0.095872, 0.49206, -0.077742, -0.171157, -0.866069, 0.469715, 0.051562, 0.471188, -0.490649, -0.732969, -0.082823, 0.0, 0.0, 0.0, 1.0],
                [0.873073, 0.075214, 0.481749, -0.074787, -0.168407, -0.880712, 0.442707, 0.050577, 0.457579, -0.467648, -0.756258, -0.079927, 0.0, 0.0, 0.0, 1.0],
                [0.878, 0.055795, 0.475392, -0.071832, -0.170608, -0.891474, 0.419726, 0.049592, 0.447217, -0.449628, -0.773195, -0.077031, 0.0, 0.0, 0.0, 1.0],
                [0.882228, 0.037907, 0.46929, -0.068878, -0.175693, -0.898248, 0.402848, 0.048607, 0.436808, -0.437857, -0.785798, -0.074135, 0.0, 0.0, 0.0, 1.0],
                [0.886139, 0.018038, 0.463063, -0.068878, -0.183859, -0.903548, 0.387039, 0.048607, 0.42538, -0.428112, -0.797352, -0.074134, 0.0, 0.0, 0.0, 1.0],
                [0.88796, 0.002186, 0.459912, -0.068878, -0.192074, -0.906847, 0.375152, 0.048607, 0.417888, -0.42146, -0.804823, -0.074135, 0.0, 0.0, 0.0, 1.0],
                [0.889274, -0.01352, 0.45717, -0.068877, -0.200426, -0.909999, 0.362952, 0.048607, 0.411116, -0.414395, -0.811948, -0.074135, 0.0, 0.0, 0.0, 1.0],
                [0.890426, -0.030798, 0.45408, -0.068878, -0.208666, -0.914294, 0.347173, 0.048607, 0.404469, -0.403885, -0.820536, -0.074134, 0.0, 0.0, 0.0, 1.0],
                [0.890426, -0.030798, 0.45408, -0.068878, -0.208666, -0.914294, 0.347173, 0.048607, 0.404469, -0.403885, -0.820536, -0.074134, 0.0, 0.0, 0.0, 1.0]
            ]
        },
        {
            "name": "Leg_L",
            "time": [0.0, 0.0417, 0.0833, 0.125, 0.1667, 0.2083, 0.25, 0.2917, 0.3333, 0.375, 0.4167, 0.4583, 0.5, 0.5417, 0.5833, 0.625, 0.6667, 0.7083, 0.75, 0.7917, 0.8333, 0.875, 0.9167, 0.9583, 1.0, 1.0417, 1.0833, 1.125, 1.1667, 1.2083, 1.25, 1.2916],
            "transform": [
                [0.999998, -0.0, -1e-06, 0.0, 1e-06, 0.46974, 0.882806, 0.37472, 0.0, -0.882806, 0.46974, 0.0, 0.0, 0.0, 0.0, 1.0],
                [0.999997, -0.0, -1e-06, -0.0, 0.0, 0.921145, 0.38922, 0.37472, 0.0, -0.389219, 0.921147, -0.0, 0.0, 0.0, 0.0, 1.0],
                [0.999998, -0.0, -1e-06, 0.0, 0.0, 0.999998, -0.000885, 0.37472, 1e-06, 0.000885, 1.000003, -0.0, 0.0, 0.0, 0.0, 1.0],
                [0.999997, -0.0, -1e-06, -0.0, 0.0, 0.987056, 0.160368, 0.37472, 1e-06, -0.160367, 0.987061, 0.0, 0.0, 0.0, 0.0, 1.0],
                [0.999997, -0.0, -1e-06, 0.0, 0.0, 0.814512, 0.580147, 0.37472, 0.0, -0.580145, 0.814514, 0.0, 0.0, 0.0, 0.0, 1.0],
                [0.999998, -0.0, -0.0, -0.0, 0.0, -0.624492, 0.781033, 0.37472, -0.0, -0.781032, -0.624493, 0.0, 0.0, 0.0, 0.0, 1.0],
                [0.999998, -0.0, -0.0, 0.0, 0.0, 0.265557, 0.964097, 0.37472, 0.0, -0.964095, 0.265558, -0.0, 0.0, 0.0, 0.0, 1.0],
                [0.999998, -0.0, -1e-06, 0.0, 0.0, 0.975531, -0.219858, 0.37472, 1e-06, 0.219857, 0.975535, -0.0, 0.0, 0.0, 0.0, 1.0],
                [0.999998, -0.0, -1e-06, 0.0, 0.0, 0.958204, 0.286085, 0.37472, 0.0, -0.286084, 0.958207, 0.0, 0.0, 0.0, 0.0, 1.0],
                [0.999997, -0.0, -1e-06, -0.0, 1e-06, 0.50188, 0.864939, 0.37472, 0.0, -0.864938, 0.50188, 0.0, 0.0, 0.0, 0.0, 1.0],
                [0.999998, -0.0, -0.0, -0.0, 0.0, -0.240746, 0.970588, 0.37472, -0.0, -0.97059, -0.240745, 0.0, 0.0, 0.0, 0.0, 1.0],
                [0.999997, -0.0, -0.0, -0.0, 0.0, -0.491809, 0.870704, 0.37472, -0.0, -0.870705, -0.491808, 0.0, 0.0, 0.0, 0.0, 1.0],
                [0.999998, -0.0, -0.0, 0.0, 0.0, -0.59238, 0.80566, 0.37472, -0.0, -0.80566, -0.59238, -0.0, 0.0, 0.0, 0.0, 1.0],
                [0.999997, -0.0, -0.0, -0.0, 0.0, -0.614771, 0.788707, 0.37472, -0.0, -0.788707, -0.614771, 0.0, 0.0, 0.0, 0.0, 1.0],
                [0.999998, -0.0, -0.0, -0.0, 0.0, -0.494643, 0.869097, 0.37472, -0.0, -0.869098, -0.494643, 0.0, 0.0, 0.0, 0.0, 1.0],
                [0.999998, -0.0, -0.0, 0.0, 0.0, -0.328553, 0.944486, 0.374721, -0.0, -0.944488, -0.328552, 0.0, 0.0, 0.0, 0.0, 1.0],
                [0.999997, -0.0, -0.0, -0.0, 0.0, -0.143449, 0.989658, 0.37472, -0.0, -0.989659, -0.143449, -0.0, 0.0, 0.0, 0.0, 1.0],
                [0.999997, -0.0, -0.0, 0.0, 0.0, 0.050636, 0.998717, 0.37472, -0.0, -0.998719, 0.050636, -0.0, 0.0, 0.0, 0.0, 1.0],
                [0.999997, -0.0, -0.0, -0.0, 0.0, 0.229972, 0.973198, 0.37472, -0.0, -0.973199, 0.229971, 0.0, 0.0, 0.0, 0.0, 1.0],
                [0.999998, -0.0, -0.0, 0.0, 0.0, 0.400576, 0.916265, 0.37472, -0.0, -0.916265, 0.400575, 0.0, 0.0, 0.0, 0.0, 1.0],
                [0.999997, -0.0, -0.0, -0.0, 0.0, 0.477655, 0.878549, 0.37472, 0.0, -0.878549, 0.477655, 0.0, 0.0, 0.0, 0.0, 1.0],
                [0.999998, -0.0, -1e-06, -0.0, 1e-06, 0.55343, 0.832896, 0.37472, 0.0, -0.832897, 0.553429, 0.0, 0.0, 0.0, 0.0, 1.0],
                [0.999997, -0.0, -0.0, -0.0, 1e-06, 0.615251, 0.788332, 0.37472, 0.0, -0.788332, 0.615252, -0.0, 0.0, 0.0, 0.0, 1.0],
                [0.999998, -0.0, -0.0, -0.0, 1e-06, 0.669238, 0.743049, 0.37472, 0.0, -0.743048, 0.669239, 0.0, 0.0, 0.0, 0.0, 1.0],
                [0.999997, -0.0, -0.0, 0.0, 0.0, 0.707406, 0.706808, 0.37472, 0.0, -0.706808, 0.707407, -0.0, 0.0, 0.0, 0.0, 1.0],
                [0.999998, -0.0, -1e-06, -0.0, 1e-06, 0.739941, 0.672673, 0.37472, 0.0, -0.672672, 0.739942, 0.0, 0.0, 0.0, 0.0, 1.0],
                [0.999997, -0.0, -0.0, -0.0, 0.0, 0.763943, 0.645285, 0.37472, 0.0, -0.645284, 0.763944, -0.0, 0.0, 0.0, 0.0, 1.0],
                [0.999997, -0.0, -0.0, -0.0, 0.0, 0.786949, 0.61702, 0.37472, 0.0, -0.617019, 0.78695, 0.0, 0.0, 0.0, 0.0, 1.0],
                [0.999997, -0.0, -0.0, -0.0, 0.0, 0.804747, 0.593619, 0.37472, 0.0, -0.593618, 0.804748, -0.0, 0.0, 0.0, 0.0, 1.0],
                [0.999997, -0.0, -0.0, -0.0, 0.0, 0.822446, 0.568844, 0.37472, 0.0, -0.568843, 0.822447, 0.0, 0.0, 0.0, 0.0, 1.0],
                [0.999998, -0.0, -1e-06, -0.0, 0.0, 0.843452, 0.537204, 0.37472, 0.0, -0.537203, 0.843454, 1e-06, 0.0, 0.0, 0.0, 1.0],
                [0.999998, -0.0, -1e-06, -0.0, 0.0, 0.843452, 0.537204, 0.37472, 0.0, -0.537203, 0.843454, 1e-06, 0.0, 0.0, 0.0, 1.0]
            ]
        },
        {
            "name": "Knee_L",
            "time": [0.0, 1.2916],
            "transform": [
                [1.0, 0.0, -0.0, 0.0, -0.0, 1e-06, -1.0, 0.37472, -0.0, 1.0, 1e-06, 0.0, 0.0, 0.0, 0.0, 1.0],
                [1.0, 0.0, -0.0, -0.0, -0.0, 1e-06, -1.0, 0.37472, -0.0, 1.0, 1e-06, 1e-06, 0.0, 0.0, 0.0, 1.0]
            ]
        },
        {
            "name": "Torso",
            "time": [0.0, 0.0417, 0.0833, 0.125, 0.1667, 0.2083, 0.25, 0.2917, 0.3333, 0.375, 0.4167, 0.4583, 0.5, 0.5417, 0.5833, 0.625, 0.6667, 0.7083, 0.75, 0.7917, 0.8333, 0.875, 0.9167, 0.9583, 1.0, 1.0417, 1.0833, 1.125, 1.1667, 1.2083, 1.25, 1.2916],
            "transform": [
                [0.999219, -0.009162, -0.038483, 0.0, 0.003375, 0.989007, -0.147824, 0.05, 0.039414, 0.147578, 0.988265, 0.0, 0.0, 0.0, 0.0, 1.0],
                [0.99816, 0.03453, 0.049868, -0.0, 0.029945, 0.434446, -0.9002, 0.05, -0.052749, 0.900035, 0.432612, -0.0, 0.0, 0.0, 0.0, 1.0],
                [0.99876, 0.024306, 0.043487, 0.0, 0.048226, -0.252768, -0.966324, 0.05, -0.012495, 0.967221, -0.253626, 0.0, 0.0, 0.0, 0.0, 1.0],
                [0.998451, 0.010722, 0.054619, 0.0, 0.048985, -0.635259, -0.770744, 0.05, 0.026434, 0.772224, -0.6348, -0.0, 0.0, 0.0, 0.0, 1.0],
                [0.997666, 0.006981, 0.067944, 0.0, 0.040853, -0.858197, -0.511691, 0.05, 0.054737, 0.513271, -0.856479, 0.0, 0.0, 0.0, 0.0, 1.0],
                [0.997246, 0.035942, 0.064907, 0.0, 0.026869, -0.990395, 0.13562, 0.05, 0.069158, -0.133502, -0.988632, 0.0, 0.0, 0.0, 0.0, 1.0],
                [0.997278, 0.069376, 0.025027, -0.0, 0.040336, -0.797145, 0.602438, 0.05, 0.061745, -0.599787, -0.797773, 0.0, 0.0, 0.0, 0.0, 1.0],
                [0.997483, 0.058296, -0.040422, 0.0, 0.053769, -0.249621, 0.96685, 0.05, 0.046273, -0.966586, -0.252127, 0.0, 0.0, 0.0, 0.0, 1.0],
                [0.992183, 0.009459, -0.124448, 0.0, 0.118851, 0.232753, 0.965246, 0.05, 0.038096, -0.972489, 0.229809, 0.0, 0.0, 0.0, 0.0, 1.0],
                [0.980944, -0.059269, -0.185037, -0.0, 0.188415, 0.522736, 0.831412, 0.05, 0.047449, -0.850431, 0.523941, 0.0, 0.0, 0.0, 0.0, 1.0],
                [0.930717, -0.018481, -0.365277, 0.0, 0.266662, 0.71783, 0.643126, 0.05, 0.250322, -0.695971, 0.673025, 0.0, 0.0, 0.0, 0.0, 1.0],
                [0.679776, 0.231297, -0.695994, 0.0, 0.304322, 0.774467, 0.554606, 0.05, 0.667306, -0.588812, 0.456075, 0.0, 0.0, 0.0, 0.0, 1.0],
                [0.47852, 0.22774, -0.848029, 0.0, 0.279609, 0.875985, 0.393024, 0.05, 0.83237, -0.425186, 0.355498, 0.0, 0.0, 0.0, 0.0, 1.0],
                [0.41641, 0.152136, -0.896358, 0.0, 0.241907, 0.931821, 0.270535, 0.05, 0.876406, -0.329488, 0.351217, 0.0, 0.0, 0.0, 0.0, 1.0],
                [0.415628, 0.103895, -0.903582, 0.0, 0.221022, 0.952137, 0.211143, 0.05, 0.882273, -0.287468, 0.372772, 0.0, 0.0, 0.0, 0.0, 1.0],
                [0.44453, 0.07262, -0.892816, 0.0, 0.21383, 0.95929, 0.184492, 0.05, 0.869869, -0.272922, 0.410905, 0.0, 0.0, 0.0, 0.0, 1.0],
                [0.477997, 0.044061, -0.877256, 0.0, 0.207528, 0.964799, 0.161535, 0.05, 0.853495, -0.259268, 0.452027, 0.0, 0.0, 0.0, 0.0, 1.0],
                [0.510454, 0.009823, -0.85985, 0.0, 0.195525, 0.972416, 0.127183, 0.05, 0.837383, -0.233042, 0.494452, 0.0, 0.0, 0.0, 0.0, 1.0],
                [0.541376, -0.017199, -0.840605, 0.0, 0.183605, 0.978078, 0.098235, 0.05, 0.82049, -0.207521, 0.532666, 0.0, 0.0, 0.0, 0.0, 1.0],
                [0.571692, -0.041362, -0.819426, 0.0, 0.171419, 0.982708, 0.06999, 0.05, 0.802364, -0.180478, 0.568896, 0.0, 0.0, 0.0, 0.0, 1.0],
                [0.589011, -0.055493, -0.806219, -0.0, 0.164379, 0.985009, 0.052293, 0.05, 0.791233, -0.163326, 0.589302, 0.0, 0.0, 0.0, 0.0, 1.0],
                [0.611467, -0.073512, -0.787848, -0.0, 0.155849, 0.987359, 0.02883, 0.05, 0.775772, -0.140414, 0.615194, 0.0, 0.0, 0.0, 0.0, 1.0],
                [0.633242, -0.089556, -0.768756, -0.0, 0.14645, 0.989202, 0.005397, 0.05, 0.759973, -0.116002, 0.63952, 0.0, 0.0, 0.0, 0.0, 1.0],
                [0.651664, -0.099442, -0.751962, -0.0, 0.133544, 0.990923, -0.015313, 0.05, 0.746661, -0.090441, 0.659029, 0.0, 0.0, 0.0, 0.0, 1.0],
                [0.662229, -0.10119, -0.742438, -0.0, 0.119996, 0.992372, -0.028224, 0.05, 0.739633, -0.070398, 0.66932, 0.0, 0.0, 0.0, 0.0, 1.0],
                [0.670899, -0.09952, -0.734841, -0.0, 0.104211, 0.993771, -0.039444, 0.05, 0.734191, -0.050115, 0.677092, 0.0, 0.0, 0.0, 0.0, 1.0],
                [0.677284, -0.095907, -0.729445, -0.0, 0.088808, 0.994873, -0.048348, 0.05, 0.730344, -0.032035, 0.682329, 0.0, 0.0, 0.0, 0.0, 1.0],
                [0.68333, -0.090129, -0.724527, -0.0, 0.070398, 0.99586, -0.057487, 0.05, 0.72671, -0.011723, 0.686845, 0.0, 0.0, 0.0, 0.0, 1.0],
                [0.687806, -0.084222, -0.720993, -0.0, 0.054135, 0.996431, -0.064754, 0.05, 0.723875, 0.005507, 0.68991, 0.0, 0.0, 0.0, 0.0, 1.0],
                [0.692139, -0.078115, -0.717526, -0.0, 0.037866, 0.996686, -0.071981, 0.05, 0.720772, 0.022651, 0.692803, 0.0, 0.0, 0.0, 0.0, 1.0],
                [0.696988, -0.071861, -0.713474, 0.0, 0.020574, 0.996559, -0.080275, 0.05, 0.716789, 0.041272, 0.696069, 0.0, 0.0, 0.0, 0.0, 1.0],
                [0.696988, -0.071861, -0.713474, 0.0, 0.020574, 0.996559, -0.080275, 0.05, 0.716789, 0.041272, 0.696069, 0.0, 0.0, 0.0, 0.0, 1.0]
            ]
        },
        {
            "name": "Chest",
            "time": [0.0, 0.0417, 0.0833, 0.125, 0.1667, 0.2083, 0.25, 0.2917, 0.3333, 0.375, 0.4167, 0.4583, 0.5, 0.5417, 0.5833, 0.625, 0.6667, 0.7083, 0.75, 0.7917, 0.8333, 0.875, 0.9167, 0.9583, 1.0, 1.0417, 1.0833, 1.125, 1.1667, 1.2083, 1.25, 1.2916],
            "transform": [
                [0.984679, -0.022248, -0.172967, 0.0, 0.026803, 0.99935, 0.024048, 0.3, 0.17232, -0.028316, 0.984634, -0.0, 0.0, 0.0, 0.0, 1.0],
                [0.995627, -0.029837, -0.088556, 0.0, 0.002594, 0.956113, -0.292983, 0.3, 0.093412, 0.291471, 0.952008, 0.0, 0.0, 0.0, 0.0, 1.0],
                [0.998733, -0.010233, -0.049324, -0.0, -0.003292, 0.963802, -0.266594, 0.3, 0.050267, 0.266418, 0.962545, 0.0, 0.0, 0.0, 0.0, 1.0],
                [0.999106, 0.000426, -0.042324, 0.0, -0.006485, 0.98968, -0.143138, 0.3, 0.041826, 0.143285, 0.988797, -0.0, 0.0, 0.0, 0.0, 1.0],
                [0.999216, 0.009343, -0.038528, -0.0, -0.008076, 0.999425, 0.032913, 0.3, 0.038814, -0.032576, 0.998715, -0.0, 0.0, 0.0, 0.0, 1.0],
                [0.99947, 0.02043, -0.02541, 0.0, -0.009096, 0.923113, 0.384417, 0.3, 0.03131, -0.383981, 0.92281, 0.0, 0.0, 0.0, 0.0, 1.0],
                [0.999294, 0.008289, -0.036711, 0.0, 0.003013, 0.954697, 0.29756, 0.3, 0.037514, -0.29746, 0.953997, 0.0, 0.0, 0.0, 0.0, 1.0],
                [0.998323, -0.03749, -0.044168, 0.0, 0.048492, 0.957902, 0.282966, 0.3, 0.0317, -0.284632, 0.958112, 0.0, 0.0, 0.0, 0.0, 1.0],
                [0.997284, -0.056272, -0.047566, 0.0, 0.070052, 0.924241, 0.375326, 0.3, 0.022843, -0.377637, 0.925672, -0.0, 0.0, 0.0, 0.0, 1.0],
                [0.999174, -0.021907, -0.034302, -0.0, 0.032139, 0.941788, 0.334663, 0.3, 0.024974, -0.335488, 0.941713, -0.0, 0.0, 0.0, 0.0, 1.0],
                [0.999195, -0.035827, 0.018175, -0.0, 0.029937, 0.965717, 0.25786, 0.3, -0.02679, -0.257108, 0.966011, 0.0, 0.0, 0.0, 0.0, 1.0],
                [0.976253, -0.162131, 0.143692, 0.0, 0.128954, 0.967853, 0.215935, 0.3, -0.174084, -0.192277, 0.965776, -0.0, 0.0, 0.0, 0.0, 1.0],
                [0.960651, -0.162341, 0.225384, 0.0, 0.089677, 0.949238, 0.3015, 0.3, -0.26289, -0.269424, 0.926445, -0.0, 0.0, 0.0, 0.0, 1.0],
                [0.961961, -0.144374, 0.23193, 0.0, 0.051551, 0.929627, 0.364874, 0.3, -0.268288, -0.339037, 0.901707, 0.0, 0.0, 0.0, 0.0, 1.0],
                [0.975237, -0.152777, 0.159929, 0.0, 0.082828, 0.922745, 0.376402, 0.3, -0.20508, -0.353833, 0.912548, 0.0, 0.0, 0.0, 0.0, 1.0],
                [0.983957, -0.163949, 0.070381, 0.0, 0.127332, 0.921596, 0.366668, 0.3, -0.124978, -0.351822, 0.927686, -0.0, 0.0, 0.0, 0.0, 1.0],
                [0.985684, -0.166314, -0.027791, 0.0, 0.16529, 0.920403, 0.354307, 0.3, -0.033347, -0.353827, 0.934716, 0.0, 0.0, 0.0, 0.0, 1.0],
                [0.980121, -0.141978, -0.138598, -0.0, 0.183381, 0.914919, 0.359572, 0.3, 0.075755, -0.377839, 0.922767, -0.0, 0.0, 0.0, 0.0, 1.0],
                [0.965793, -0.094681, -0.24142, 0.0, 0.182901, 0.908669, 0.37532, 0.3, 0.183836, -0.406636, 0.894903, 0.0, 0.0, 0.0, 0.0, 1.0],
                [0.94746, -0.047868, -0.31628, 0.0, 0.170271, 0.912495, 0.371964, 0.3, 0.2708, -0.406273, 0.872702, 0.0, 0.0, 0.0, 0.0, 1.0],
                [0.939259, -0.02698, -0.342154, -0.0, 0.154662, 0.923221, 0.351766, 0.3, 0.306395, -0.383316, 0.871315, -0.0, 0.0, 0.0, 0.0, 1.0],
                [0.931959, -0.003091, -0.362557, -0.0, 0.124293, 0.942092, 0.311465, 0.3, 0.340601, -0.335335, 0.878374, -1e-06, 0.0, 0.0, 0.0, 1.0],
                [0.927903, 0.015801, -0.372492, -0.0, 0.089166, 0.960701, 0.26287, 0.3, 0.362009, -0.27713, 0.890027, 0.0, 0.0, 0.0, 0.0, 1.0],
                [0.926699, 0.024483, -0.375012, 0.0, 0.061338, 0.97464, 0.215201, 0.3, 0.370772, -0.222428, 0.901695, 0.0, 0.0, 0.0, 0.0, 1.0],
                [0.928746, 0.020543, -0.370155, -0.0, 0.052155, 0.981292, 0.185319, 0.3, 0.367039, -0.191419, 0.910297, -0.0, 0.0, 0.0, 0.0, 1.0],
                [0.932324, 0.011225, -0.361456, -0.0, 0.048929, 0.98641, 0.156838, 0.3, 0.358306, -0.163909, 0.919103, 0.0, 0.0, 0.0, 0.0, 1.0],
                [0.937674, -0.001197, -0.347521, -0.0, 0.050221, 0.989963, 0.132093, 0.3, 0.343877, -0.141312, 0.928321, 0.0, 0.0, 0.0, 0.0, 1.0],
                [0.944579, -0.018086, -0.327793, 0.0, 0.055389, 0.992946, 0.104824, 0.3, 0.323586, -0.11717, 0.938915, 0.0, 0.0, 0.0, 0.0, 1.0],
                [0.949764, -0.033771, -0.31115, 0.0, 0.062154, 0.994711, 0.081757, 0.3, 0.306744, -0.096988, 0.946837, 0.0, 0.0, 0.0, 0.0, 1.0],
                [0.954192, -0.049532, -0.295078, 0.0, 0.069856, 0.995825, 0.058733, 0.3, 0.290938, -0.076655, 0.953666, 0.0, 0.0, 0.0, 0.0, 1.0],
                [0.957849, -0.065377, -0.279744, 0.0, 0.077747, 0.996414, 0.033339, 0.3, 0.276563, -0.053683, 0.959495, -0.0, 0.0, 0.0, 0.0, 1.0],
                [0.957849, -0.065377, -0.279744, 0.0, 0.077747, 0.996414, 0.033339, 0.3, 0.276563, -0.053683, 0.959495, -0.0, 0.0, 0.0, 0.0, 1.0]
            ]
        },
        {
            "name": "Head",
            "time": [0.0, 0.0417, 0.0833, 0.125, 0.1667, 0.2083, 0.25, 0.2917, 0.3333, 0.375, 0.4167, 0.4583, 0.5, 0.5417, 0.5833, 0.625, 0.6667, 0.7083, 0.75, 0.7917, 0.8333, 0.875, 0.9167, 0.9583, 1.0, 1.0417, 1.0833, 1.125, 1.1667, 1.2083, 1.25, 1.2916],
            "transform": [
                [0.966771, 0.211339, 0.143835, -0.0, -0.072199, 0.765455, -0.639426, 0.4, -0.245234, 0.607791, 0.755282, 0.0, 0.0, 0.0, 0.0, 1.0],
                [0.983651, 0.166947, 0.067506, 0.0, -0.02898, 0.516734, -0.855657, 0.4, -0.177732, 0.839708, 0.513128, 0.0, 0.0, 0.0, 0.0, 1.0],
                [0.982464, 0.160309, 0.095201, 0.0, -0.002671, 0.522652, -0.852543, 0.4, -0.186427, 0.837336, 0.513918, 0.0, 0.0, 0.0, 0.0, 1.0],
                [0.984698, 0.150448, 0.087932, 0.0, -0.047998, 0.719242, -0.693099, 0.4, -0.16752, 0.67827, 0.715463, 0.0, 0.0, 0.0, 0.0, 1.0],
                [0.98826, 0.13156, 0.077668, 0.0, -0.092609, 0.920198, -0.380338, 0.4, -0.121507, 0.368678, 0.921583, -0.0, 0.0, 0.0, 0.0, 1.0],
                [0.996218, 0.073981, 0.04554, -0.0, -0.084289, 0.950059, 0.300466, 0.4, -0.021037, -0.303167, 0.952707, -0.0, 0.0, 0.0, 0.0, 1.0],
                [0.9916, 0.108709, 0.07007, -0.0, -0.098117, 0.985267, -0.140066, 0.4, -0.084264, 0.132014, 0.987662, 0.0, 0.0, 0.0, 0.0, 1.0],
                [0.984473, 0.156064, 0.080338, 0.0, -0.129371, 0.954464, -0.268811, 0.4, -0.118631, 0.254243, 0.959839, -0.0, 0.0, 0.0, 0.0, 1.0],
                [0.976408, 0.187451, 0.107176, 0.0, -0.152936, 0.950753, -0.269583, 0.4, -0.152431, 0.246832, 0.956997, -0.0, 0.0, 0.0, 0.0, 1.0],
                [0.969792, 0.216683, 0.11203, 0.0, -0.165896, 0.922576, -0.348323, 0.4, -0.178831, 0.319214, 0.930659, -0.0, 0.0, 0.0, 0.0, 1.0],
                [0.947476, 0.235086, 0.216846, 0.0, -0.113138, 0.880537, -0.460273, 0.4, -0.299145, 0.411562, 0.86089, 0.0, 0.0, 0.0, 0.0, 1.0],
                [0.867186, 0.231118, 0.441104, 0.0, 0.049255, 0.841625, -0.53781, 0.4, -0.495542, 0.488106, 0.718465, 0.0, 0.0, 0.0, 0.0, 1.0],
                [0.928507, 0.166004, 0.33214, 0.0, -0.025353, 0.920752, -0.38932, 0.4, -0.370447, 0.353064, 0.859137, -0.0, 0.0, 0.0, 0.0, 1.0],
                [0.961685, 0.183027, 0.204112, -0.0, -0.133444, 0.962869, -0.234677, 0.4, -0.239486, 0.198447, 0.950405, -0.0, 0.0, 0.0, 0.0, 1.0],
                [0.935766, 0.246139, 0.252502, 0.0, -0.211493, 0.964743, -0.156648, 0.4, -0.282157, 0.093183, 0.954834, 0.0, 0.0, 0.0, 0.0, 1.0],
                [0.89082, 0.290921, 0.349006, -0.0, -0.265229, 0.956632, -0.12044, 0.4, -0.368908, 0.014723, 0.929351, 0.0, 0.0, 0.0, 0.0, 1.0],
                [0.842161, 0.304487, 0.445031, 0.0, -0.293711, 0.951162, -0.094973, 0.4, -0.452215, -0.050727, 0.890466, 0.0, 0.0, 0.0, 0.0, 1.0],
                [0.815246, 0.251222, 0.521787, -0.0, -0.255942, 0.964535, -0.064505, 0.4, -0.519488, -0.08096, 0.850635, 0.0, 0.0, 0.0, 0.0, 1.0],
                [0.805881, 0.158733, 0.570404, 0.0, -0.160915, 0.985847, -0.046999, 0.4, -0.569792, -0.053911, 0.82002, 0.0, 0.0, 0.0, 0.0, 1.0],
                [0.784307, 0.077614, 0.615499, -0.0, -0.064924, 0.996962, -0.042987, 0.4, -0.616966, -0.006246, 0.786966, -0.0, 0.0, 0.0, 0.0, 1.0],
                [0.761307, 0.047619, 0.646642, 0.0, -0.021384, 0.998599, -0.048361, 0.4, -0.648039, 0.022989, 0.761261, 0.0, 0.0, 0.0, 0.0, 1.0],
                [0.722679, 0.021802, 0.690841, -0.0, 0.029958, 0.997573, -0.062822, 0.4, -0.690536, 0.066096, 0.720273, 0.0, 0.0, 0.0, 0.0, 1.0],
                [0.678207, 0.007306, 0.734835, 0.0, 0.072499, 0.994405, -0.076799, 0.4, -0.731287, 0.10536, 0.673884, -0.0, 0.0, 0.0, 0.0, 1.0],
                [0.638226, 0.001914, 0.769847, -0.0, 0.091843, 0.992664, -0.078609, 0.4, -0.764352, 0.120875, 0.633369, -0.0, 0.0, 0.0, 0.0, 1.0],
                [0.617372, -0.000435, 0.786672, 0.0, 0.086135, 0.994023, -0.067048, 0.4, -0.781943, 0.109153, 0.61372, -0.0, 0.0, 0.0, 0.0, 1.0],
                [0.601716, -0.001013, 0.79871, -0.0, 0.068149, 0.996416, -0.050078, 0.4, -0.795799, 0.084564, 0.599628, 0.0, 0.0, 0.0, 0.0, 1.0],
                [0.591297, 1.9e-05, 0.806454, 0.0, 0.043995, 0.998508, -0.032281, 0.4, -0.805254, 0.054568, 0.590414, 0.0, 0.0, 0.0, 0.0, 1.0],
                [0.582215, 0.002827, 0.81303, 0.0, 0.010104, 0.99989, -0.010712, 0.4, -0.812974, 0.014451, 0.582123, -0.0, 0.0, 0.0, 0.0, 1.0],
                [0.574696, 0.007046, 0.818337, -0.0, -0.023785, 0.999683, 0.008096, 0.4, -0.818023, -0.024117, 0.574681, 0.0, 0.0, 0.0, 0.0, 1.0],
                [0.566663, 0.011903, 0.823864, -0.0, -0.058849, 0.997925, 0.026058, 0.4, -0.821847, -0.063249, 0.566188, 0.0, 0.0, 0.0, 0.0, 1.0],
                [0.55704, 0.017157, 0.830309, -0.0, -0.094974, 0.994542, 0.043165, 0.4, -0.825039, -0.102903, 0.555629, -0.0, 0.0, 0.0, 0.0, 1.0],
                [0.55704, 0.017157, 0.830309, -0.0, -0.094974, 0.994542, 0.043165, 0.4, -0.825039, -0.102903, 0.555629, -0.0, 0.0, 0.0, 0.0, 1.0]
            ]
        },
        {
            "name": "Shoulder_R",
