{
    "animation": [
        {
            "name": "Root",
            "time": [0.0, 0.0333, 0.0667, 0.1, 0.1333, 0.1667, 0.2, 0.2333, 0.2667, 0.3, 0.3333, 0.3667, 0.4, 0.4667, 0.5333, 0.8333, 1.3667],
            "transform": [
                [1.0, 0.000232, 1e-06, -0.28826, -0.0, 0.003901, -0.999992, 0.482571, -0.000232, 0.999992, 0.003901, 0.417521, 0.0, 0.0, 0.0, 1.0],
                [0.999999, 0.001029, 2e-06, -0.539144, -2e-06, 0.003761, -0.999993, 0.442014, -0.001029, 0.999992, 0.003761, 0.396881, 0.0, 0.0, 0.0, 1.0],
                [0.999999, 0.001609, 3e-06, -1.024143, -3e-06, 0.003561, -0.999994, 0.421015, -0.001609, 0.999992, 0.003561, 0.428241, 0.0, 0.0, 0.0, 1.0],
                [0.999998, 0.001897, 3e-06, -1.527054, -3e-06, 0.003416, -0.999994, 0.445601, -0.001897, 0.999992, 0.003416, 0.407993, 0.0, 0.0, 0.0, 1.0],
                [0.999998, 0.002032, 3e-06, -1.99605, -3e-06, 0.003338, -0.999994, 0.48046, -0.002032, 0.999992, 0.003338, 0.349641, 0.0, 0.0, 0.0, 1.0],
                [0.999998, 0.002016, 3e-06, -2.427808, -3e-06, 0.003347, -0.999994, 0.492951, -0.002016, 0.999992, 0.003347, 0.291283, 0.0, 0.0, 0.0, 1.0],
                [0.999998, 0.002062, 3e-06, -2.816573, -3e-06, 0.00332, -0.999995, 0.484278, -0.002062, 0.999992, 0.00332, 0.23357, 0.0, 0.0, 0.0, 1.0],
                [0.999998, 0.001859, 3e-06, -3.122782, -3e-06, 0.003435, -0.999994, 0.430076, -0.001859, 0.999992, 0.003435, 0.163206, 0.0, 0.0, 0.0, 1.0],
                [0.999999, 0.001598, 3e-06, -3.348213, -3e-06, 0.003566, -0.999994, 0.382289, -0.001598, 0.999992, 0.003566, 0.14439, 0.0, 0.0, 0.0, 1.0],
                [0.999999, 0.001661, 3e-06, -3.515278, -3e-06, 0.003537, -0.999994, 0.398581, -0.001661, 0.999992, 0.003537, 0.229099, 0.0, 0.0, 0.0, 1.0],
                [0.999999, 0.00163, 3e-06, -3.631243, -3e-06, 0.003552, -0.999994, 0.416696, -0.00163, 0.999992, 0.003552, 0.276068, 0.0, 0.0, 0.0, 1.0],
                [0.999999, 0.001559, 3e-06, -3.709045, -3e-06, 0.003583, -0.999994, 0.431661, -0.001559, 0.999992, 0.003583, 0.297702, 0.0, 0.0, 0.0, 1.0],
                [0.999999, 0.001474, 3e-06, -3.754392, -3e-06, 0.003619, -0.999993, 0.441665, -0.001474, 0.999992, 0.003619, 0.324504, 0.0, 0.0, 0.0, 1.0],
                [0.999999, 0.001337, 2e-06, -3.80048, -2e-06, 0.003672, -0.999993, 0.452263, -0.001337, 0.999992, 0.003672, 0.382102, 0.0, 0.0, 0.0, 1.0],
                [0.999999, 0.001128, 2e-06, -3.841302, -2e-06, 0.003742, -0.999993, 0.464518, -0.001128, 0.999992, 0.003742, 0.467657, 0.0, 0.0, 0.0, 1.0],
                [1.0, -0.0, -0.0, -3.841302, -0.0, -0.0, -1.0, 0.464518, 0.0, 1.0, -0.0, 0.601542, 0.0, 0.0, 0.0, 1.0],
                [1.0, -0.0, -0.0, -3.841302, -0.0, -0.0, -1.0, 0.464518, 0.0, 1.0, -0.0, 0.601542, 0.0, 0.0, 0.0, 1.0]
            ]
        },
        {
            "name": "Thigh_R",
            "time": [0.0, 0.0333, 0.0667, 0.1, 0.1333, 0.1667, 0.2, 0.2333, 0.2667, 0.3, 0.3333, 0.3667, 0.4, 0.4667, 0.5333, 0.5667, 0.7, 0.8333, 1.3667],
            "transform": [
                [0.986493, 0.162509, 0.02084, 0.120386, 0.136574, -0.885888, 0.44333, 0.127323, 0.090508, -0.43449, -0.896116, 0.071731, 0.0, 0.0, 0.0, 1.0],
                [0.810507, 0.585234, -0.024154, 0.085973, 0.529114, -0.713832, 0.45878, 0.120822, 0.251255, -0.38462, -0.888221, 0.100009, 0.0, 0.0, 0.0, 1.0],
                [0.515933, 0.856616, -0.00439, 0.05156, 0.567157, -0.337739, 0.751176, 0.114322, 0.641992, -0.390044, -0.660086, 0.128288, 0.0, 0.0, 0.0, 1.0],
                [0.320618, 0.942681, 0.092465, 0.017148, 0.25933, -0.181247, 0.948629, 0.107821, 0.911022, -0.280166, -0.302577, 0.156567, 0.0, 0.0, 0.0, 1.0],
                [0.303519, 0.875469, 0.37606, -0.017265, -0.122352, -0.355599, 0.926594, 0.101321, 0.944945, -0.327246, -0.000816, 0.184845, 0.0, 0.0, 0.0, 1.0],
                [0.192758, 0.735441, 0.64959, -0.006747, 0.160737, -0.676726, 0.718472, 0.098711, 0.967996, -0.034077, -0.248657, 0.175119, 0.0, 0.0, 0.0, 1.0],
                [0.269949, 0.260229, 0.927043, 0.00377, 0.217365, -0.9544, 0.204615, 0.096101, 0.938023, 0.14627, -0.314204, 0.165393, 0.0, 0.0, 0.0, 1.0],
                [0.610915, 0.697061, 0.37535, 0.014288, 0.386721, -0.676438, 0.626798, 0.093492, 0.690822, -0.237763, -0.682815, 0.155667, 0.0, 0.0, 0.0, 1.0],
                [0.579577, 0.813286, -0.051549, 0.024806, 0.592595, -0.377194, 0.711726, 0.090882, 0.559392, -0.443049, -0.700562, 0.145941, 0.0, 0.0, 0.0, 1.0],
                [0.373564, 0.927229, -0.026508, 0.035323, 0.600579, -0.21999, 0.768704, 0.088272, 0.706928, -0.303083, -0.639054, 0.136215, 0.0, 0.0, 0.0, 1.0],
                [0.238396, 0.966558, 0.094558, 0.045841, 0.522358, -0.209699, 0.826538, 0.085663, 0.818719, -0.147652, -0.554881, 0.126489, 0.0, 0.0, 0.0, 1.0],
                [0.161313, 0.972603, 0.167414, 0.056358, 0.459501, -0.224146, 0.859427, 0.083053, 0.873402, -0.06171, -0.483069, 0.116762, 0.0, 0.0, 0.0, 1.0],
                [0.129134, 0.957578, 0.257628, 0.066614, 0.426106, -0.288179, 0.857546, 0.083478, 0.895408, -0.000961, -0.445243, 0.109725, 0.0, 0.0, 0.0, 1.0],
                [0.234601, 0.889642, 0.391791, 0.087124, 0.532193, -0.454817, 0.714081, 0.084329, 0.813469, 0.040984, -0.580161, 0.09565, 0.0, 0.0, 0.0, 1.0],
                [0.496374, 0.775117, 0.390902, 0.107635, 0.579724, -0.631141, 0.515345, 0.085179, 0.646169, -0.029188, -0.762636, 0.081574, 0.0, 0.0, 0.0, 1.0],
                [0.512036, 0.73091, 0.451208, 0.11789, 0.547688, -0.682471, 0.484015, 0.085605, 0.661709, -0.000711, -0.749761, 0.074537, 0.0, 0.0, 0.0, 1.0],
                [0.54657, 0.509011, 0.664958, 0.085507, 0.40977, -0.855068, 0.317722, 0.071921, 0.73031, 0.098823, -0.675931, 0.083725, 0.0, 0.0, 0.0, 1.0],
                [0.532535, 0.23888, 0.812, 0.056428, 0.270994, -0.956968, 0.103803, 0.058238, 0.801856, 0.164768, -0.574353, 0.092913, 0.0, 0.0, 0.0, 1.0],
                [0.532535, 0.23888, 0.812, 0.056428, 0.270994, -0.956968, 0.103803, 0.058238, 0.801856, 0.164768, -0.574353, 0.092913, 0.0, 0.0, 0.0, 1.0]
            ]
        },
        {
            "name": "Leg_R",
            "time": [0.0, 0.0333, 0.0667, 0.1, 0.1333, 0.1667, 0.2, 0.2333, 0.2667, 0.3, 0.3333, 0.3667, 0.4, 0.4667, 0.5333, 0.8333, 1.3667],
            "transform": [
                [0.999996, -0.001955, 5.4e-05, -0.0, 5e-05, 0.053011, 0.998597, 0.37472, -0.001955, -0.998591, 0.053011, -0.0, 0.0, 0.0, 0.0, 1.0],
                [0.999999, -0.001914, 0.000462, -0.0, 0.000459, 0.454499, 0.890748, 0.37472, -0.001915, -0.890742, 0.454501, -0.0, 0.0, 0.0, 0.0, 1.0],
                [0.999999, -0.001963, 7.9e-05, -0.0, 7.5e-05, 0.078637, 0.996909, 0.37472, -0.001964, -0.996894, 0.078638, -0.0, 0.0, 0.0, 0.0, 1.0],
                [0.999996, -0.001905, -0.000456, 0.0, -0.000458, -0.453741, 0.891139, 0.37472, -0.001905, -0.891124, -0.453748, 0.0, 0.0, 0.0, 0.0, 1.0],
                [1.000002, -0.001787, -0.000797, -0.0, -0.000797, -0.744047, 0.668125, 0.37472, -0.001787, -0.668125, -0.744044, 0.0, 0.0, 0.0, 0.0, 1.0],
                [1.0, -0.001789, -0.00079, 0.0, -0.000795, -0.741013, 0.671488, 0.37472, -0.001786, -0.671487, -0.741012, 0.0, 0.0, 0.0, 0.0, 1.0],
                [0.999997, -0.00191, -0.000427, 0.0, -0.000437, -0.430265, 0.902703, 0.37472, -0.001907, -0.902701, -0.430266, 0.0, 0.0, 0.0, 0.0, 1.0],
                [0.999995, -0.001821, -0.000717, -0.0, -0.000723, -0.684048, 0.729439, 0.37472, -0.001818, -0.729425, -0.68406, 0.0, 0.0, 0.0, 0.0, 1.0],
                [0.999994, -0.001856, -0.000631, -0.0, -0.000637, -0.612109, 0.790777, 0.37472, -0.001853, -0.790767, -0.612115, 0.0, 0.0, 0.0, 0.0, 1.0],
                [0.999994, -0.001944, -0.000277, 0.0, -0.000287, -0.284275, 0.958743, 0.37472, -0.001943, -0.958743, -0.284275, -0.0, 0.0, 0.0, 0.0, 1.0],
                [0.999997, -0.001965, 7.1e-05, -0.0, 6.5e-05, 0.06895, 0.997619, 0.37472, -0.001965, -0.997619, 0.068949, -0.0, 0.0, 0.0, 0.0, 1.0],
                [1.0, -0.001937, 0.000317, 0.0, 0.000312, 0.316391, 0.948629, 0.37472, -0.001938, -0.948624, 0.316392, 0.0, 0.0, 0.0, 0.0, 1.0],
                [1.000001, -0.00189, 0.000529, 0.0, 0.000525, 0.517255, 0.85583, 0.37472, -0.001891, -0.855823, 0.517258, 0.0, 0.0, 0.0, 0.0, 1.0],
                [0.999998, -0.001795, 0.000788, 0.0, 0.000782, 0.733737, 0.679432, 0.37472, -0.001798, -0.679428, 0.73374, 0.0, 0.0, 0.0, 0.0, 1.0],
                [0.999995, -0.001818, 0.000728, -0.0, 0.000717, 0.685778, 0.727812, 0.37472, -0.001822, -0.727809, 0.685779, -0.0, 0.0, 0.0, 0.0, 1.0],
                [1.0, -0.0, 0.0, 0.0, 0.0, 0.932201, 0.361941, 0.37472, -0.0, -0.361941, 0.932201, 0.0, 0.0, 0.0, 0.0, 1.0],
                [1.0, -0.0, 0.0, 0.0, 0.0, 0.932201, 0.361941, 0.37472, -0.0, -0.361941, 0.932201, 0.0, 0.0, 0.0, 0.0, 1.0]
            ]
        },
        {
            "name": "Knee_R",
            "time": [0.8333, 0.0, 1.3667],
            "transform": [
                [1.0, 0.0, -0.0, -0.0, -0.0, 1e-06, -1.0, 0.37472, -0.0, 1.0, 1e-06, -0.0, 0.0, 0.0, 0.0, 1.0],
                [1.0, 0.0, -0.0, 0.0, -0.0, 1e-06, -1.0, 0.37472, -0.0, 1.0, 1e-06, 0.0, 0.0, 0.0, 0.0, 1.0],
                [1.0, 0.0, -0.0, 0.0, -0.0, 1e-06, -1.0, 0.37472, -0.0, 1.0, 1e-06, 0.0, 0.0, 0.0, 0.0, 1.0]
            ]
        },
        {
            "name": "Thigh_L",
            "time": [0.0, 0.0333, 0.0667, 0.1, 0.1333, 0.1667, 0.2, 0.2333, 0.2667, 0.3, 0.3333, 0.3667, 0.4, 0.4667, 0.5333, 0.6667, 0.8333, 1.3667],
            "transform": [
                [0.988299, -0.127384, 0.08391, -0.154285, -0.141314, -0.557499, 0.818062, 0.042651, -0.057428, -0.820348, -0.568975, 0.009691, 0.0, 0.0, 0.0, 1.0],
                [0.977273, 0.007406, -0.211864, -0.138853, 0.193697, -0.437358, 0.878179, 0.032692, -0.086157, -0.899257, -0.428852, -0.019455, 0.0, 0.0, 0.0, 1.0],
                [0.748911, 0.634028, -0.192725, -0.123421, 0.638508, -0.612585, 0.465886, 0.022732, 0.177325, -0.471963, -0.863601, -0.048602, 0.0, 0.0, 0.0, 1.0],
                [0.524858, 0.846534, 0.08891, -0.107988, 0.780615, -0.52035, 0.346234, 0.012772, 0.339364, -0.112319, -0.933925, -0.077748, 0.0, 0.0, 0.0, 1.0],
                [0.440344, 0.897675, 0.016667, -0.092556, 0.711627, -0.360275, 0.603152, 0.002812, 0.547441, -0.253732, -0.797452, -0.106894, 0.0, 0.0, 0.0, 1.0],
                [0.486966, 0.831285, -0.268015, -0.077123, 0.669148, -0.157861, 0.726169, -0.007148, 0.561344, -0.532962, -0.633123, -0.13604, 0.0, 0.0, 0.0, 1.0],
                [0.522923, 0.712701, -0.467558, -0.061691, 0.632225, 0.043607, 0.773556, -0.017108, 0.571703, -0.700114, -0.427783, -0.165187, 0.0, 0.0, 0.0, 1.0],
                [0.737773, 0.503551, -0.449589, -0.067969, 0.522798, -0.004876, 0.852443, -0.002539, 0.427056, -0.863953, -0.266852, -0.155069, 0.0, 0.0, 0.0, 1.0],
                [0.908614, 0.082215, 0.409467, -0.074247, -0.392286, -0.168391, 0.904299, 0.01203, 0.143298, -0.982287, -0.120751, -0.144952, 0.0, 0.0, 0.0, 1.0],
                [0.513479, -0.336493, 0.789375, -0.080525, -0.802594, -0.513816, 0.303049, 0.026599, 0.30362, -0.789156, -0.5339, -0.134834, 0.0, 0.0, 0.0, 1.0],
                [0.525068, -0.261513, 0.809886, -0.086804, -0.694477, -0.681726, 0.230116, 0.041168, 0.491943, -0.683272, -0.539566, -0.124717, 0.0, 0.0, 0.0, 1.0],
                [0.539129, -0.098076, 0.836494, -0.093082, -0.58508, -0.758035, 0.288212, 0.055737, 0.605825, -0.644799, -0.46606, -0.114599, 0.0, 0.0, 0.0, 1.0],
                [0.641815, -0.034517, 0.766083, -0.09936, -0.542378, -0.726659, 0.421657, 0.070306, 0.542127, -0.686133, -0.485101, -0.104481, 0.0, 0.0, 0.0, 1.0],
                [0.802779, -0.059877, 0.593263, -0.111916, -0.462685, -0.690153, 0.556429, 0.099444, 0.376125, -0.721185, -0.581743, -0.084246, 0.0, 0.0, 0.0, 1.0],
                [0.933053, -0.162714, 0.320839, -0.107748, -0.336773, -0.70865, 0.619999, 0.090124, 0.12648, -0.686542, -0.716005, -0.082698, 0.0, 0.0, 0.0, 1.0],
                [0.921767, -0.106116, 0.372941, -0.099413, -0.294783, -0.816612, 0.496235, 0.071484, 0.251889, -0.56735, -0.784006, -0.0796, 0.0, 0.0, 0.0, 1.0],
                [0.893866, -0.048208, 0.445731, -0.088994, -0.214018, -0.919493, 0.329746, 0.048183, 0.393949, -0.390144, -0.83222, -0.075728, 0.0, 0.0, 0.0, 1.0],
                [0.893866, -0.048208, 0.445731, -0.088994, -0.214018, -0.919493, 0.329746, 0.048183, 0.393949, -0.390144, -0.83222, -0.075728, 0.0, 0.0, 0.0, 1.0]
            ]
        },
        {
            "name": "Leg_L",
            "time": [0.0, 0.0333, 0.0667, 0.1, 0.1333, 0.1667, 0.2, 0.2333, 0.2667, 0.3, 0.3333, 0.3667, 0.4, 0.4667, 0.5333, 0.8333, 1.3667],
            "transform": [
                [0.999999, -0.001955, 2.9e-05, 0.0, 2.8e-05, 0.029094, 0.999576, 0.37472, -0.001955, -0.999574, 0.029094, -0.0, 0.0, 0.0, 0.0, 1.0],
                [0.999999, -0.001947, -0.000181, 0.0, -0.000182, -0.184977, 0.982742, 0.37472, -0.001947, -0.98274, -0.184977, 0.0, 0.0, 0.0, 0.0, 1.0],
                [0.999999, -0.00183, 0.000932, -0.0, 0.00093, 0.808119, 0.589018, 0.37472, -0.001831, -0.589017, 0.808117, 0.0, 0.0, 0.0, 0.0, 1.0],
                [0.999998, -0.001407, 0.001359, -0.0, 0.001357, 0.999353, 0.035947, 0.37472, -0.001409, -0.035945, 0.999351, -0.0, 0.0, 0.0, 0.0, 1.0],
                [1.0, -0.001688, 0.000997, 0.0, 0.000995, 0.875036, 0.484054, 0.37472, -0.001689, -0.484053, 0.875035, -0.0, 0.0, 0.0, 0.0, 1.0],
                [0.999999, -0.001938, 0.000347, -0.0, 0.000344, 0.345506, 0.938416, 0.37472, -0.001939, -0.938415, 0.345506, 0.0, 0.0, 0.0, 0.0, 1.0],
                [0.999997, -0.001905, -0.000488, 0.0, -0.000487, -0.48035, 0.877077, 0.37472, -0.001905, -0.877077, -0.480349, -0.0, 0.0, 0.0, 0.0, 1.0],
                [0.999998, -0.001747, -0.000885, 0.0, -0.000884, -0.805716, 0.592301, 0.37472, -0.001748, -0.5923, -0.805715, -0.0, 0.0, 0.0, 0.0, 1.0],
                [0.999999, -0.001784, -0.000824, 0.0, -0.000824, -0.76162, 0.648023, 0.37472, -0.001784, -0.648022, -0.761619, 0.0, 0.0, 0.0, 0.0, 1.0],
                [0.999998, -0.001952, 0.000118, -0.0, 0.000119, 0.121057, 0.992645, 0.37472, -0.001952, -0.992644, 0.121057, 0.0, 0.0, 0.0, 0.0, 1.0],
                [0.999999, -0.001944, 0.000197, 0.0, 0.000198, 0.201186, 0.979551, 0.37472, -0.001944, -0.979552, 0.201185, -0.0, 0.0, 0.0, 0.0, 1.0],
                [0.999999, -0.001952, 8.7e-05, 0.0, 8.8e-05, 0.089586, 0.995978, 0.37472, -0.001952, -0.995978, 0.089586, -0.0, 0.0, 0.0, 0.0, 1.0],
                [0.999999, -0.001954, 2.6e-05, 0.0, 2.8e-05, 0.027645, 0.999616, 0.37472, -0.001954, -0.999616, 0.027645, 0.0, 0.0, 0.0, 0.0, 1.0],
                [0.999998, -0.001953, 8.8e-05, 0.0, 8.8e-05, 0.089887, 0.99595, 0.37472, -0.001953, -0.995952, 0.089886, -0.0, 0.0, 0.0, 0.0, 1.0],
                [0.999998, -0.001934, 0.000294, -0.0, 0.000293, 0.296905, 0.954905, 0.37472, -0.001934, -0.954907, 0.296904, -0.0, 0.0, 0.0, 0.0, 1.0],
                [0.999998, -0.0, -0.0, 0.0, 0.0, 0.863349, 0.504607, 0.37472, -0.0, -0.504606, 0.863352, 0.0, 0.0, 0.0, 0.0, 1.0],
                [0.999998, -0.0, -0.0, 0.0, 0.0, 0.863349, 0.504607, 0.37472, -0.0, -0.504606, 0.863352, 0.0, 0.0, 0.0, 0.0, 1.0]
            ]
        },
        {
            "name": "Knee_L",
            "time": [0.8333, 0.0, 1.3667],
            "transform": [
                [1.0, 0.0, -0.0, 0.0, -0.0, 1e-06, -1.0, 0.37472, -0.0, 1.0, 1e-06, -0.0, 0.0, 0.0, 0.0, 1.0],
                [1.0, 0.0, -0.0, 0.0, -0.0, 1e-06, -1.0, 0.37472, -0.0, 1.0, 1e-06, 0.0, 0.0, 0.0, 0.0, 1.0],
                [1.0, 0.0, -0.0, 0.0, -0.0, 1e-06, -1.0, 0.37472, -0.0, 1.0, 1e-06, 0.0, 0.0, 0.0, 0.0, 1.0]
            ]
        },
        {
            "name": "Torso",
            "time": [0.0, 0.0333, 0.0667, 0.1, 0.1333, 0.1667, 0.2, 0.2333, 0.2667, 0.3, 0.3333, 0.3667, 0.4, 0.4667, 0.5333, 0.8333, 1.3667],
            "transform": [
                [0.954582, 0.051578, -0.293454, -0.0, 0.175038, 0.69995, 0.692409, 0.05, 0.241116, -0.712326, 0.659131, -0.0, 0.0, 0.0, 0.0, 1.0],
                [0.934192, 0.13756, -0.329189, 0.0, 0.15868, 0.666199, 0.728697, 0.05, 0.319546, -0.732977, 0.600529, -0.0, 0.0, 0.0, 0.0, 1.0],
                [0.682405, -0.008519, -0.730925, 0.0, 0.381783, 0.856861, 0.346452, 0.05, 0.623352, -0.515474, 0.587979, -0.0, 0.0, 0.0, 0.0, 1.0],
                [0.307455, 0.046383, -0.950432, -0.0, 0.350075, 0.923248, 0.158302, 0.05, 0.884829, -0.381392, 0.26762, 0.0, 0.0, 0.0, 0.0, 1.0],
                [0.091892, 0.357676, -0.929313, -0.0, 0.154508, 0.916837, 0.368152, 0.05, 0.98371, -0.177417, 0.028986, -0.0, 0.0, 0.0, 0.0, 1.0],
                [0.058885, 0.554906, -0.829826, 0.0, 0.160193, 0.815242, 0.556522, 0.05, 0.985329, -0.165703, -0.040887, 0.0, 0.0, 0.0, 0.0, 1.0],
                [0.223693, 0.669185, -0.708626, -0.0, 0.208235, 0.677449, 0.705478, 0.05, 0.952157, -0.305371, 0.012193, 0.0, 0.0, 0.0, 0.0, 1.0],
                [0.45881, 0.746436, -0.482003, 0.0, 0.015313, 0.535746, 0.84424, 0.05, 0.888404, -0.394727, 0.234375, -0.0, 0.0, 0.0, 0.0, 1.0],
                [0.600294, 0.739501, -0.304606, 0.0, 0.040928, 0.351959, 0.93512, 0.05, 0.798733, -0.573813, 0.181012, -0.0, 0.0, 0.0, 0.0, 1.0],
                [0.566931, 0.624368, -0.537359, 0.0, 0.578928, 0.162079, 0.799109, 0.05, 0.586033, -0.76413, -0.269576, 0.0, 0.0, 0.0, 0.0, 1.0],
                [0.568581, 0.561422, -0.601266, 0.0, 0.531513, 0.307139, 0.789405, 0.05, 0.627863, -0.76842, -0.123769, -0.0, 0.0, 0.0, 0.0, 1.0],
                [0.651471, 0.535853, -0.537073, -0.0, 0.201344, 0.560411, 0.803368, 0.05, 0.731471, -0.631506, 0.2572, -0.0, 0.0, 0.0, 0.0, 1.0],
                [0.707272, 0.517533, -0.481588, 0.0, -0.000578, 0.681649, 0.731678, 0.05, 0.706944, -0.517216, 0.48241, 0.0, 0.0, 0.0, 0.0, 1.0],
                [0.767949, 0.45353, -0.452291, -0.0, -0.061356, 0.754979, 0.652872, 0.05, 0.637568, -0.47362, 0.607611, -0.0, 0.0, 0.0, 0.0, 1.0],
                [0.824178, 0.339058, -0.453621, 0.0, -0.011039, 0.810445, 0.58571, 0.05, 0.566226, -0.477721, 0.671693, -0.0, 0.0, 0.0, 0.0, 1.0],
                [0.70122, -0.068152, -0.709682, 0.0, 0.007325, 0.996056, -0.088416, 0.05, 0.71291, 0.056801, 0.698953, 0.0, 0.0, 0.0, 0.0, 1.0],
                [0.70122, -0.068152, -0.709682, 0.0, 0.007325, 0.996056, -0.088416, 0.05, 0.71291, 0.056801, 0.698953, 0.0, 0.0, 0.0, 0.0, 1.0]
            ]
        },
        {
            "name": "Chest",
            "time": [0.0, 0.0333, 0.0667, 0.1, 0.1333, 0.1667, 0.2, 0.2333, 0.2667, 0.3, 0.3333, 0.3667, 0.4, 0.4667, 0.5333, 0.8333, 1.3667],
            "transform": [
                [0.988997, 0.039936, 0.142461, 0.0, -0.004119, 0.96994, -0.243303, 0.3, -0.147896, 0.240038, 0.959431, -0.0, 0.0, 0.0, 0.0, 1.0],
                [0.977649, -0.136832, -0.159637, -0.0, 0.033988, 0.852117, -0.522244, 0.3, 0.20749, 0.505144, 0.837721, 0.0, 0.0, 0.0, 0.0, 1.0],
                [0.997242, -0.009105, -0.073693, -0.0, 0.000712, 0.99358, -0.113121, 0.3, 0.07425, 0.112757, 0.990844, 0.0, 0.0, 0.0, 0.0, 1.0],
                [0.982601, 0.077991, 0.168575, -0.0, -0.042882, 0.978308, -0.202661, 0.3, -0.180725, 0.191906, 0.964629, -0.0, 0.0, 0.0, 0.0, 1.0],
                [0.938739, 0.17007, 0.299745, -0.0, 0.042181, 0.806516, -0.589704, 0.3, -0.342041, 0.56622, 0.749934, -0.0, 0.0, 0.0, 0.0, 1.0],
                [0.925792, 0.184741, 0.329824, -0.0, 0.009847, 0.86038, -0.509556, 0.3, -0.377911, 0.474989, 0.794712, -0.0, 0.0, 0.0, 0.0, 1.0],
                [0.952, 0.108196, 0.286345, 0.0, -0.059162, 0.982845, -0.174679, 0.3, -0.300333, 0.149354, 0.942068, 0.0, 0.0, 0.0, 0.0, 1.0],
                [0.993397, -0.113181, 0.018903, -0.0, 0.114702, 0.984157, -0.135191, 0.3, -0.003303, 0.136466, 0.990639, 0.0, 0.0, 0.0, 0.0, 1.0],
                [0.988792, -0.138827, -0.054954, 0.0, 0.113406, 0.937716, -0.32837, 0.3, 0.097118, 0.318457, 0.942949, 0.0, 0.0, 0.0, 0.0, 1.0],
                [0.843778, 0.450191, 0.292182, 0.0, -0.251808, 0.812841, -0.525243, 0.3, -0.47396, 0.369613, 0.799218, -0.0, 0.0, 0.0, 0.0, 1.0],
                [0.862364, 0.401143, 0.308895, 0.0, -0.268611, 0.879664, -0.392475, 0.3, -0.429165, 0.255483, 0.866341, -0.0, 0.0, 0.0, 0.0, 1.0],
                [0.988244, 0.101344, 0.114488, -0.0, -0.088267, 0.989547, -0.114036, 0.3, -0.124849, 0.102589, 0.986857, -0.0, 0.0, 0.0, 0.0, 1.0],
                [0.998789, -0.039755, -0.029053, 0.0, 0.039656, 0.999205, -0.003974, 0.3, 0.029188, 0.002817, 0.999569, -0.0, 0.0, 0.0, 0.0, 1.0],
                [0.995468, -0.076968, -0.055887, -0.0, 0.07325, 0.99514, -0.065783, 0.3, 0.060679, 0.061391, 0.996267, 0.0, 0.0, 0.0, 0.0, 1.0],
                [0.999458, -0.032146, 0.007394, -0.0, 0.032941, 0.961069, -0.274334, 0.3, 0.001713, 0.274428, 0.961606, -0.0, 0.0, 0.0, 0.0, 1.0],
                [0.961477, -0.076444, -0.26405, -0.0, 0.082877, 0.996469, 0.01329, 0.3, 0.262103, -0.034662, 0.964417, 0.0, 0.0, 0.0, 0.0, 1.0],
                [0.961477, -0.076444, -0.26405, -0.0, 0.082877, 0.996469, 0.01329, 0.3, 0.262103, -0.034662, 0.964417, 0.0, 0.0, 0.0, 0.0, 1.0]
            ]
        },
        {
            "name": "Head",
            "time": [0.0, 0.0333, 0.0667, 0.1, 0.1333, 0.1667, 0.2, 0.2333, 0.2667, 0.3, 0.3333, 0.3667, 0.4, 0.4667, 0.5333, 0.8333, 1.3667],
            "transform": [
                [0.988784, 0.012488, 0.148815, 0.0, 0.031185, 0.95726, -0.287537, 0.4, -0.146045, 0.288953, 0.94614, -0.0, 0.0, 0.0, 0.0, 1.0],
                [0.922149, 0.013565, 0.386595, 0.0, -0.050302, 0.995103, 0.085069, 0.4, -0.383548, -0.097892, 0.918319, -0.0, 0.0, 0.0, 0.0, 1.0],
                [0.753764, 0.055927, 0.654761, 0.0, -0.003341, 0.996684, -0.081287, 0.4, -0.657136, 0.059084, 0.751453, 0.0, 0.0, 0.0, 0.0, 1.0],
                [0.749374, -0.101479, 0.654325, 0.0, -0.041989, 0.978913, 0.199909, 0.4, -0.660814, -0.177281, 0.729312, -0.0, 0.0, 0.0, 0.0, 1.0],
                [0.86812, -0.26912, 0.417062, 0.0, -0.070587, 0.764773, 0.64042, 0.4, -0.491308, -0.5854, 0.644921, -0.0, 0.0, 0.0, 0.0, 1.0],
                [0.840072, -0.352326, 0.412486, -0.0, 0.072916, 0.826814, 0.557728, 0.4, -0.537551, -0.438453, 0.720277, -0.0, 0.0, 0.0, 0.0, 1.0],
                [0.763775, -0.325139, 0.557613, -0.0, 0.292901, 0.944385, 0.149472, 0.4, -0.575201, 0.049163, 0.816534, -0.0, 0.0, 0.0, 0.0, 1.0],
                [0.816576, -0.161812, 0.554094, -0.0, 0.271508, 0.954759, -0.121308, 0.4, -0.509397, 0.249498, 0.823569, 0.0, 0.0, 0.0, 0.0, 1.0],
                [0.83434, -0.08885, 0.544042, 0.0, 0.210037, 0.963716, -0.164722, 0.4, -0.509666, 0.251703, 0.822732, -0.0, 0.0, 0.0, 0.0, 1.0],
                [0.709333, -0.283603, 0.645304, -0.0, 0.337266, 0.940444, 0.042586, 0.4, -0.618951, 0.187431, 0.762738, -0.0, 0.0, 0.0, 0.0, 1.0],
                [0.69815, -0.278521, 0.659555, 0.0, 0.333869, 0.941581, 0.044213, 0.4, -0.63334, 0.189337, 0.750355, 0.0, 0.0, 0.0, 0.0, 1.0],
                [0.750586, -0.17529, 0.637098, -0.0, 0.270905, 0.961047, -0.054741, 0.4, -0.602686, 0.21368, 0.768838, 0.0, 0.0, 0.0, 0.0, 1.0],
                [0.787661, -0.113004, 0.605657, -0.0, 0.21522, 0.971572, -0.098617, 0.4, -0.577296, 0.208026, 0.789592, -0.0, 0.0, 0.0, 0.0, 1.0],
                [0.826349, -0.069426, 0.558862, -0.0, 0.135221, 0.9878, -0.07723, 0.4, -0.546681, 0.139388, 0.825658, -0.0, 0.0, 0.0, 0.0, 1.0],
                [0.869754, -0.040014, 0.49186, 0.0, 0.038814, 0.999165, 0.012649, 0.4, -0.491954, 0.008089, 0.870585, 0.0, 0.0, 0.0, 0.0, 1.0],
                [0.547568, 0.022122, 0.836469, -0.0, -0.120721, 0.99128, 0.052809, 0.4, -0.828008, -0.129896, 0.545464, 0.0, 0.0, 0.0, 0.0, 1.0],
                [0.547568, 0.022122, 0.836469, -0.0, -0.120721, 0.99128, 0.052809, 0.4, -0.828008, -0.129896, 0.545464, 0.0, 0.0, 0.0, 0.0, 1.0]
            ]
        },
        {
            "name": "Shoulder_R",
            "time": [0.0, 0.0333, 0.0667, 0.1, 0.1333, 0.1667, 0.2, 0.2333, 0.2667, 0.3, 0.3333, 0.3667, 0.4, 0.4667, 0.5333, 0.8333, 1.3667],
            "transform": [
                [-0.335212, 0.779465, 0.529228, 0.0, 0.327178, -0.430434, 0.841263, 0.4, 0.883462, 0.455158, -0.110745, -0.0, 0.0, 0.0, 0.0, 1.0],
                [0.034279, 0.80996, 0.585509, 0.0, 0.375185, -0.553416, 0.743638, 0.4, 0.926271, 0.194186, -0.322877, -0.0, 0.0, 0.0, 0.0, 1.0],
                [-0.26161, 0.853534, 0.450618, 0.0, -0.033086, -0.474522, 0.879654, 0.4, 0.964564, 0.21522, 0.152391, 0.0, 0.0, 0.0, 0.0, 1.0],
                [-0.518608, 0.802914, 0.293878, 0.0, 0.046954, -0.316441, 0.947484, 0.4, 0.853673, 0.505177, 0.126418, -0.0, 0.0, 0.0, 0.0, 1.0],
                [-0.611083, 0.721263, 0.326096, 0.0, 0.383115, -0.090959, 0.919236, 0.4, 0.692617, 0.686671, -0.220758, -0.0, 0.0, 0.0, 0.0, 1.0],
                [-0.53781, 0.784071, 0.309812, -0.0, 0.369068, -0.111404, 0.922726, 0.4, 0.757936, 0.610602, -0.229476, -0.0, 0.0, 0.0, 0.0, 1.0],
                [-0.357473, 0.890991, 0.279913, -0.0, 0.148271, -0.24176, 0.958973, 0.4, 0.922033, 0.384315, -0.045689, -0.0, 0.0, 0.0, 0.0, 1.0],
                [-0.258256, 0.935713, 0.240313, -0.0, -0.010387, -0.251419, 0.967857, 0.4, 0.965979, 0.247461, 0.074655, 0.0, 0.0, 0.0, 0.0, 1.0],
                [-0.238449, 0.95801, 0.159255, 0.0, 0.034377, -0.15555, 0.987264, 0.4, 0.970506, 0.240889, 0.004158, -0.0, 0.0, 0.0, 0.0, 1.0],
                [-0.364082, 0.929932, 0.051626, -0.0, 0.329607, 0.07682, 0.941017, 0.4, 0.871045, 0.359627, -0.334506, -0.0, 0.0, 0.0, 0.0, 1.0],
                [-0.329153, 0.93632, 0.122334, 0.0, 0.317356, -0.012312, 0.948254, 0.4, 0.889303, 0.35095, -0.293115, 0.0, 0.0, 0.0, 0.0, 1.0],
                [-0.216749, 0.93765, 0.271741, -0.0, 0.195492, -0.23102, 0.953138, 0.4, 0.956411, 0.259718, -0.133238, 0.0, 0.0, 0.0, 0.0, 1.0],
                [-0.152938, 0.917625, 0.36687, -0.0, 0.133316, -0.348675, 0.927745, 0.4, 0.97916, 0.1908, -0.069013, -0.0, 0.0, 0.0, 0.0, 1.0],
                [-0.105063, 0.899035, 0.425111, -0.0, 0.181037, -0.40303, 0.897131, 0.4, 0.977806, 0.171218, -0.120423, -0.0, 0.0, 0.0, 0.0, 1.0],
                [-0.064481, 0.892049, 0.447341, 0.0, 0.322049, -0.405672, 0.855429, 0.4, 0.944481, 0.199228, -0.261143, 0.0, 0.0, 0.0, 0.0, 1.0],
                [0.292339, 0.909608, -0.295231, -0.0, 0.746996, -0.409959, -0.523372, 0.4, -0.597075, -0.067535, -0.799338, 0.0, 0.0, 0.0, 0.0, 1.0],
                [0.292339, 0.909608, -0.295231, -0.0, 0.746996, -0.409959, -0.523372, 0.4, -0.597075, -0.067535, -0.799338, 0.0, 0.0, 0.0, 0.0, 1.0]
            ]
        },
        {
            "name": "Arm_R",
            "time": [0.0, 0.0333, 0.0667, 0.1, 0.1333, 0.1667, 0.2, 0.2333, 0.2667, 0.3, 0.3333, 0.3667, 0.4, 0.4667, 0.5333, 0.8333, 1.3667],
            "transform": [
                [0.047476, 0.268262, -0.960331, -0.0, 0.547674, 0.800392, 0.248685, 0.39386, 0.835322, -0.540019, -0.108467, 0.0, 0.0, 0.0, 0.0, 1.0],
                [0.253787, 0.100687, -0.960025, -0.0, 0.513998, 0.830268, 0.221669, 0.393861, 0.819371, -0.552019, 0.158297, 0.0, 0.0, 0.0, 0.0, 1.0],
                [0.313765, 0.291834, -0.901852, -0.0, 0.417537, 0.814224, 0.405945, 0.393861, 0.852751, -0.506051, 0.133066, -0.0, 0.0, 0.0, 0.0, 1.0],
                [0.279072, 0.349413, -0.892864, 0.0, 0.375547, 0.819629, 0.434971, 0.39386, 0.88377, -0.458627, 0.097108, 0.0, 0.0, 0.0, 0.0, 1.0],
                [0.269711, 0.280302, -0.919502, 0.0, 0.384637, 0.847714, 0.368621, 0.393861, 0.882763, -0.455006, 0.120321, 0.0, 0.0, 0.0, 0.0, 1.0],
                [0.195536, 0.278954, -0.938409, 0.0, 0.372216, 0.86787, 0.333081, 0.39386, 0.907292, -0.416163, 0.065595, 0.0, 0.0, 0.0, 0.0, 1.0],
                [0.11466, 0.321224, -0.938308, -0.0, 0.409022, 0.849107, 0.338034, 0.393861, 0.905269, -0.424332, -0.033888, 0.0, 0.0, 0.0, 0.0, 1.0],
                [0.227809, 0.490162, -0.840175, 0.0, 0.447132, 0.717087, 0.535564, 0.393861, 0.864934, -0.499802, -0.055575, 0.0, 0.0, 0.0, 0.0, 1.0],
                [0.32207, 0.539928, -0.776803, -0.0, 0.47247, 0.622391, 0.624011, 0.39386, 0.820384, -0.570411, -0.054415, -0.0, 0.0, 0.0, 0.0, 1.0],
                [0.181501, 0.217835, -0.957068, 0.0, 0.547756, 0.78927, 0.281594, 0.393861, 0.816679, -0.577785, 0.023834, -0.0, 0.0, 0.0, 0.0, 1.0],
                [0.083464, 0.235685, -0.966342, -0.0, 0.475897, 0.846149, 0.24558, 0.393861, 0.875505, -0.482408, -0.041366, 0.0, 0.0, 0.0, 0.0, 1.0],
                [0.048707, 0.415314, -0.906865, 0.0, 0.408334, 0.823824, 0.395954, 0.39386, 0.91152, -0.391241, -0.128917, -0.0, 0.0, 0.0, 0.0, 1.0],
                [0.044082, 0.483777, -0.87281, -0.0, 0.377328, 0.804304, 0.461036, 0.39386, 0.925013, -0.351143, -0.14647, -0.0, 0.0, 0.0, 0.0, 1.0],
                [0.052977, 0.431523, -0.899095, -0.0, 0.382708, 0.826354, 0.415733, 0.39386, 0.922324, -0.367672, -0.120861, 0.0, 0.0, 0.0, 0.0, 1.0],
                [0.068309, 0.266738, -0.959491, 0.0, 0.420333, 0.868194, 0.269134, 0.393861, 0.90477, -0.423479, -0.052593, -0.0, 0.0, 0.0, 0.0, 1.0],
                [0.385178, -0.821542, 0.424099, -0.0, 0.758008, 0.545874, 0.36074, 0.39386, -0.529758, 0.183738, 0.824523, -0.0, 0.0, 0.0, 0.0, 1.0],
                [0.385178, -0.821542, 0.424099, -0.0, 0.758008, 0.545874, 0.36074, 0.39386, -0.529758, 0.183738, 0.824523, -0.0, 0.0, 0.0, 0.0, 1.0]
            ]
        },
        {
            "name": "Hand_R",
            "time": [0.0, 0.0333, 0.0667, 0.1, 0.1333, 0.1667, 0.2, 0.2333, 0.2667, 0.3, 0.3333, 0.3667, 0.4, 0.4667, 0.5333, 0.8333, 1.3667],
            "transform": [
                [1.000888, 0.001959, 0.000114, -0.0, -0.000106, 0.113377, -0.98851, 0.3, -0.001953, 0.997914, 0.112308, -0.0, 0.0, 0.0, 0.0, 1.0],
                [1.000887, 0.001828, 0.000723, 0.0, -0.000722, 0.68689, -0.726005, 0.3, -0.001827, 0.729734, 0.683377, -0.0, 0.0, 0.0, 0.0, 1.0],
                [1.000887, 0.001733, 0.000908, 0.0, -0.000909, 0.824163, -0.566762, 0.3, -0.001733, 0.568765, 0.821259, 0.0, 0.0, 0.0, 0.0, 1.0],
                [1.000887, 0.001781, 0.000813, 0.0, -0.000814, 0.758487, -0.651622, 0.3, -0.00178, 0.654722, 0.754892, -0.0, 0.0, 0.0, 0.0, 1.0],
                [1.000887, 0.001845, 0.000661, 0.0, -0.000659, 0.637986, -0.768764, 0.3, -0.001843, 0.773598, 0.633998, 0.0, 0.0, 0.0, 0.0, 1.0],
                [1.000888, 0.001945, 0.000291, 0.0, -0.000286, 0.293063, -0.951625, 0.3, -0.001939, 0.96058, 0.290331, -0.0, 0.0, 0.0, 0.0, 1.0],
                [1.000887, 0.001962, -0.000187, -0.0, 0.000181, -0.189416, -0.974075, 0.3, -0.00195, 0.989524, -0.186458, -0.0, 0.0, 0.0, 0.0, 1.0],
                [1.000887, 0.001939, -0.000337, 0.0, 0.000333, -0.341692, -0.933078, 0.3, -0.001928, 0.947651, -0.336437, -0.0, 0.0, 0.0, 0.0, 1.0],
                [1.000887, 0.001944, -0.000312, -0.0, 0.000307, -0.316219, -0.941849, 0.3, -0.001933, 0.956321, -0.311434, -0.0, 0.0, 0.0, 0.0, 1.0],
                [1.000888, 0.001945, -0.000293, 0.0, 0.000287, -0.296236, -0.948839, 0.3, -0.001936, 0.961827, -0.292235, -0.0, 0.0, 0.0, 0.0, 1.0],
                [1.000887, 0.001956, -0.000175, 0.0, 0.000168, -0.176235, -0.97949, 0.3, -0.00195, 0.988694, -0.174594, 0.0, 0.0, 0.0, 0.0, 1.0],
                [1.000889, 0.001963, -2.7e-05, 0.0, 1.9e-05, -0.023663, -0.994504, 0.3, -0.001956, 1.004147, -0.023435, -0.0, 0.0, 0.0, 0.0, 1.0],
                [1.000888, 0.00196, 0.000113, 0.0, -0.000113, 0.116268, -0.988154, 0.3, -0.001953, 0.997609, 0.115166, -0.0, 0.0, 0.0, 0.0, 1.0],
                [1.000887, 0.001937, 0.00032, 0.0, -0.000315, 0.322179, -0.942447, 0.3, -0.001932, 0.951072, 0.319257, -0.0, 0.0, 0.0, 0.0, 1.0],
                [1.000888, 0.001872, 0.00059, 0.0, -0.000589, 0.577664, -0.814006, 0.3, -0.001868, 0.821117, 0.57266, 0.0, 0.0, 0.0, 0.0, 1.0],
                [0.997801, -0.0, 0.0, -0.0, 0.0, 0.76923, -0.642065, 0.3, 0.0, 0.64674, 0.763668, 0.0, 0.0, 0.0, 0.0, 1.0],
                [0.997801, -0.0, 0.0, -0.0, 0.0, 0.76923, -0.642065, 0.3, 0.0, 0.64674, 0.763668, 0.0, 0.0, 0.0, 0.0, 1.0]
            ]
        },
        {
            "name": "Tool_R",
            "time": [0.0, 0.0667, 0.1667, 0.2333, 0.2667, 0.3333, 0.8333, 1.3667],
            "transform": [
                [0.954059, 0.124961, -0.269931, 1e-06, -0.264233, -0.078442, -0.952841, 0.272858, -0.140091, 0.99781, -0.041064, 1e-06, 0.0, 0.0, 0.0, 1.0],
                [0.970355, -0.239248, 0.043531, 1e-06, -0.009936, -0.223388, -0.966554, 0.272858, 0.240706, 0.954123, -0.215138, 1e-06, 0.0, 0.0, 0.0, 1.0],
                [0.986218, -0.158895, -0.047434, 1e-06, -0.087914, -0.260847, -0.953537, 0.272858, 0.138985, 0.961346, -0.266262, 1e-06, 0.0, 0.0, 0.0, 1.0],
                [0.971665, -0.106992, -0.208719, 1e-06, -0.231821, -0.270491, -0.926861, 0.272858, 0.04266, 0.965842, -0.282369, 1e-06, 0.0, 0.0, 0.0, 1.0],
                [0.968529, -0.088327, -0.230345, 1e-06, -0.247535, -0.270043, -0.922985, 0.272858, 0.019298, 0.96785, -0.278226, 0.0, 0.0, 0.0, 0.0, 1.0],
                [0.782935, -0.10851, -0.607193, 1e-06, -0.618793, -0.234525, -0.743708, 0.272858, -0.061641, 0.975022, -0.246176, 0.0, 0.0, 0.0, 0.0, 1.0],
                [0.954059, 0.124961, -0.269931, 1e-06, -0.264233, -0.078442, -0.952841, 0.272858, -0.140091, 0.99781, -0.041064, 0.0, 0.0, 0.0, 0.0, 1.0],
                [0.954059, 0.124961, -0.269931, 1e-06, -0.264233, -0.078442, -0.952841, 0.272858, -0.140091, 0.99781, -0.041064, 0.0, 0.0, 0.0, 0.0, 1.0]
            ]
        },
        {
            "name": "Elbow_R",
            "time": [0.8333, 0.0, 1.3667],
            "transform": [
                [-1.0, 0.0, -0.0, -0.0, 0.0, -0.0, -1.0, 0.3, -0.0, -1.0, 0.0, -0.0, 0.0, 0.0, 0.0, 1.0],
                [-1.0, 0.0, 0.0, -0.0, 0.0, -0.0, -1.0, 0.3, -0.0, -1.0, 0.0, 0.0, 0.0, 0.0, 0.0, 1.0],
                [-1.0, 0.0, 0.0, -0.0, 0.0, -0.0, -1.0, 0.3, -0.0, -1.0, 0.0, 0.0, 0.0, 0.0, 0.0, 1.0]
            ]
        },
        {
            "name": "Shoulder_L",
            "time": [0.0, 0.0333, 0.0667, 0.1, 0.1333, 0.1667, 0.2, 0.2333, 0.2667, 0.3, 0.3333, 0.3667, 0.4, 0.4667, 0.5333, 0.8333, 1.3667],
            "transform": [
                [-0.003021, -0.854343, -0.519714, 0.0, -0.155738, -0.512977, 0.84416, 0.4, -0.987782, 0.083491, -0.131505, -0.0, 0.0, 0.0, 0.0, 1.0],
                [-0.107016, -0.927091, -0.359262, 0.0, -0.331757, -0.307336, 0.891896, 0.4, -0.937265, 0.21464, -0.274678, -0.0, 0.0, 0.0, 0.0, 1.0],
                [0.167403, -0.985612, 0.02368, 0.0, -0.046585, 0.016084, 0.998784, 0.4, -0.984779, -0.168306, -0.043223, 0.0, 0.0, 0.0, 0.0, 1.0],
                [0.402655, -0.892847, 0.201762, 0.0, -0.236412, 0.111504, 0.965231, 0.4, -0.884283, -0.436365, -0.166181, -0.0, 0.0, 0.0, 0.0, 1.0],
                [0.448621, -0.854977, 0.260322, 0.0, -0.569484, -0.04899, 0.820535, 0.4, -0.68877, -0.516371, -0.508873, -0.0, 0.0, 0.0, 0.0, 1.0],
                [0.268955, -0.959646, 0.082221, -0.0, -0.392158, -0.031142, 0.919371, 0.4, -0.879687, -0.279519, -0.38471, -0.0, 0.0, 0.0, 0.0, 1.0],
                [-0.083186, -0.996007, -0.032694, -0.0, 0.147855, -0.044781, 0.987997, 0.4, -0.985491, 0.077355, 0.150991, -0.0, 0.0, 0.0, 0.0, 1.0],
                [-0.140315, -0.988356, 0.05902, -0.0, 0.244448, 0.023183, 0.969386, 0.4, -0.959444, 0.15045, 0.23835, 0.0, 0.0, 0.0, 0.0, 1.0],
                [0.0052, -0.999941, -0.010466, 0.0, 0.076376, -0.010039, 0.997029, 0.4, -0.997055, -0.005984, 0.07632, -0.0, 0.0, 0.0, 0.0, 1.0],
                [0.223228, -0.881896, -0.415263, -0.0, 0.080144, -0.407969, 0.909474, 0.4, -0.971455, -0.236305, -0.020392, -0.0, 0.0, 0.0, 0.0, 1.0],
                [0.280635, -0.875059, -0.394369, 0.0, 0.071888, -0.390565, 0.917769, 0.4, -0.957105, -0.285914, -0.046701, 0.0, 0.0, 0.0, 0.0, 1.0],
                [0.255835, -0.944048, -0.208163, -0.0, 0.045429, -0.20335, 0.978057, 0.4, -0.96564, -0.259681, -0.009137, 0.0, 0.0, 0.0, 0.0, 1.0],
                [0.22056, -0.964089, -0.147976, -0.0, 0.023279, -0.146465, 0.988948, 0.4, -0.975083, -0.22157, -0.009861, -0.0, 0.0, 0.0, 0.0, 1.0],
                [0.187548, -0.958225, -0.215969, -0.0, -0.087458, -0.235288, 0.967988, 0.4, -0.978341, -0.162659, -0.127934, -0.0, 0.0, 0.0, 0.0, 1.0],
                [0.161581, -0.90872, -0.384882, 0.0, -0.295341, -0.416663, 0.85975, 0.4, -0.941618, -0.025248, -0.335708, 0.0, 0.0, 0.0, 0.0, 1.0],
                [0.3259, -0.942507, 0.073945, -0.0, -0.863613, -0.328635, -0.382256, 0.4, 0.384547, 0.060718, -0.921135, 0.0, 0.0, 0.0, 0.0, 1.0],
                [0.3259, -0.942507, 0.073945, -0.0, -0.863613, -0.328635, -0.382256, 0.4, 0.384547, 0.060718, -0.921135, 0.0, 0.0, 0.0, 0.0, 1.0]
            ]
        },
        {
            "name": "Arm_L",
            "time": [0.0, 0.0333, 0.0667, 0.1, 0.1333, 0.1667, 0.2, 0.2333, 0.2667, 0.3, 0.3333, 0.3667, 0.4, 0.4667, 0.5333, 0.8333, 1.3667],
            "transform": [
                [0.130463, -0.036318, 0.985781, -0.0, -0.403905, 0.914072, 0.085837, 0.39386, -0.907421, -0.412087, 0.103522, 0.0, 0.0, 0.0, 0.0, 1.0],
                [0.120746, 0.236669, 0.959358, 0.0, -0.423928, 0.89386, -0.164196, 0.39386, -0.899608, -0.389453, 0.206141, 0.0, 0.0, 0.0, 0.0, 1.0],
                [0.066946, 0.285005, 0.951597, 0.0, -0.330123, 0.914137, -0.246303, 0.39386, -0.943471, -0.299636, 0.153704, -0.0, 0.0, 0.0, 0.0, 1.0],
                [-0.018682, 0.20645, 0.973437, 0.0, -0.218383, 0.957383, -0.203786, 0.39386, -0.977525, -0.217829, 0.026923, -0.0, 0.0, 0.0, 0.0, 1.0],
                [-0.025391, 0.029719, 0.99416, 0.0, -0.185798, 0.985322, -0.033644, 0.39386, -0.984084, -0.186798, -0.019299, 0.0, 0.0, 0.0, 0.0, 1.0],
                [0.088922, -0.220601, 0.966547, -0.0, -0.270391, 0.936625, 0.234745, 0.39386, -0.9605, -0.284093, 0.023398, 0.0, 0.0, 0.0, 0.0, 1.0],
                [0.291102, -0.441477, 0.845354, -0.0, -0.241999, 0.82823, 0.507514, 0.39386, -0.927511, -0.354654, 0.1329, -0.0, 0.0, 0.0, 0.0, 1.0],
                [0.373493, -0.37405, 0.845389, -0.0, -0.301701, 0.820261, 0.48834, 0.393861, -0.879237, -0.440357, 0.191545, 0.0, 0.0, 0.0, 0.0, 1.0],
                [0.417602, -0.306516, 0.851736, -0.0, -0.300344, 0.845715, 0.444504, 0.39386, -0.859645, -0.444378, 0.258458, -0.0, 0.0, 0.0, 0.0, 1.0],
                [0.427763, -0.553172, 0.713072, 0.0, -0.051726, 0.779044, 0.624841, 0.39386, -0.904402, -0.306195, 0.301532, -0.0, 0.0, 0.0, 0.0, 1.0],
                [0.318654, -0.479123, 0.814842, -0.0, -0.131571, 0.836122, 0.534174, 0.393861, -0.940605, -0.279271, 0.201329, 0.0, 0.0, 0.0, 0.0, 1.0],
                [0.150605, -0.228172, 0.957232, -0.0, -0.280026, 0.926759, 0.26068, 0.39386, -0.949994, -0.30935, 0.074912, -0.0, 0.0, 0.0, 0.0, 1.0],
                [0.050583, -0.068995, 0.991292, -0.0, -0.336102, 0.94159, 0.08136, 0.39386, -0.94237, -0.339528, 0.024192, 0.0, 0.0, 0.0, 0.0, 1.0],
                [-0.005387, -0.005966, 0.99489, -0.0, -0.375733, 0.930062, 0.003477, 0.39386, -0.928644, -0.376272, -0.007179, 0.0, 0.0, 0.0, 0.0, 1.0],
                [-0.014709, -0.010619, 0.994758, -0.0, -0.430429, 0.905976, 0.003232, 0.39386, -0.904486, -0.430966, -0.017715, 0.0, 0.0, 0.0, 0.0, 1.0],
                [0.590177, 0.803492, -0.093917, -0.0, -0.801648, 0.597082, 0.048855, 0.39386, 0.095333, 0.046654, 0.992218, 0.0, 0.0, 0.0, 0.0, 1.0],
                [0.590177, 0.803492, -0.093917, -0.0, -0.801648, 0.597082, 0.048855, 0.39386, 0.095333, 0.046654, 0.992218, 0.0, 0.0, 0.0, 0.0, 1.0]
            ]
        },
        {
            "name": "Hand_L",
            "time": [0.0, 0.0333, 0.0667, 0.1, 0.1333, 0.1667, 0.2, 0.2333, 0.2667, 0.3, 0.3333, 0.3667, 0.4, 0.4667, 0.5333, 0.8333, 1.3667],
            "transform": [
                [0.997801, 0.001963, -0.00018, -0.0, 0.000157, -0.174079, -0.979164, 0.3, -0.001944, 0.993503, -0.171566, 0.0, 0.0, 0.0, 0.0, 1.0],
                [0.997803, 0.001969, 6e-05, 0.0, -5.8e-05, 0.061022, -0.993202, 0.3, -0.00195, 1.005861, 0.060254, 0.0, 0.0, 0.0, 0.0, 1.0],
