{
    "animation": [
        {
            "name": "Root",
            "time": [0.0, 0.0417, 0.0833, 0.125, 0.1667, 0.2083, 0.25, 0.2917, 0.3333, 0.375, 0.4167, 0.4583, 0.5, 0.5417, 0.5833, 0.625, 0.6667, 0.7083, 0.75, 0.7917, 0.8333, 0.9167, 1.0, 1.25, 1.2916],
            "transform": [
                [1.0, -0.0, -0.0, -0.565296, -0.0, -0.0, -1.0, 0.719061, 0.0, 1.0, -0.0, 0.653768, 0.0, 0.0, 0.0, 1.0],
                [1.0, -0.0, -0.0, -1.042233, -0.0, -0.0, -1.0, 0.802285, 0.0, 1.0, -0.0, 0.817226, 0.0, 0.0, 0.0, 1.0],
                [1.0, -0.0, -0.0, -1.407155, -0.0, -0.0, -1.0, 0.794919, 0.0, 1.0, -0.0, 0.926198, 0.0, 0.0, 0.0, 1.0],
                [1.0, -0.0, -0.0, -1.619332, -0.0, -0.0, -1.0, 0.764691, 0.0, 1.0, -0.0, 1.028588, 0.0, 0.0, 0.0, 1.0],
                [1.0, -0.0, -0.0, -1.814928, -0.0, -0.0, -1.0, 0.742519, 0.0, 1.0, -0.0, 1.096848, 0.0, 0.0, 0.0, 1.0],
                [1.0, -0.0, -0.0, -2.042579, -0.0, -0.0, -1.0, 0.648028, 0.0, 1.0, -0.0, 1.096848, 0.0, 0.0, 0.0, 1.0],
                [1.0, -0.0, -0.0, -2.455639, -0.0, -0.0, -1.0, 0.412088, 0.0, 1.0, -0.0, 0.994458, 0.0, 0.0, 0.0, 1.0],
                [1.0, -0.0, -0.0, -2.792801, -0.0, -0.0, -1.0, 0.3868, 0.0, 1.0, -0.0, 0.926198, 0.0, 0.0, 0.0, 1.0],
                [1.0, -0.0, -0.0, -3.113934, -0.0, -0.0, -1.0, 0.381572, 0.0, 1.0, -0.0, 0.674772, 0.0, 0.0, 0.0, 1.0],
                [1.0, -0.0, -0.0, -3.313017, -0.0, -0.0, -1.0, 0.387398, 0.0, 1.0, -0.0, 0.380726, 0.0, 0.0, 0.0, 1.0],
                [1.0, -0.0, -0.0, -3.468187, -0.0, -0.0, -1.0, 0.42967, 0.0, 1.0, -0.0, 0.210075, 0.0, 0.0, 0.0, 1.0],
                [1.0, -0.0, -0.0, -3.602388, -0.0, -0.0, -1.0, 0.465336, 0.0, 1.0, -0.0, 0.210075, 0.0, 0.0, 0.0, 1.0],
                [1.0, -0.0, -0.0, -3.70627, -0.0, -0.0, -1.0, 0.494359, 0.0, 1.0, -0.0, 0.210075, 0.0, 0.0, 0.0, 1.0],
                [1.0, -0.0, -0.0, -3.776103, -0.0, -0.0, -1.0, 0.477049, 0.0, 1.0, -0.0, 0.198358, 0.0, 0.0, 0.0, 1.0],
                [1.0, -0.0, -0.0, -3.803608, -0.0, -0.0, -1.0, 0.441641, 0.0, 1.0, -0.0, 0.252137, 0.0, 0.0, 0.0, 1.0],
                [1.0, -0.0, -0.0, -3.813228, -0.0, -0.0, -1.0, 0.421294, 0.0, 1.0, -0.0, 0.278336, 0.0, 0.0, 0.0, 1.0],
                [1.0, -0.0, -0.0, -3.817948, -0.0, -0.0, -1.0, 0.408314, 0.0, 1.0, -0.0, 0.312466, 0.0, 0.0, 0.0, 1.0],
                [1.0, -0.0, -0.0, -3.874102, -0.0, -0.0, -1.0, 0.416343, 0.0, 1.0, -0.0, 0.337863, 0.0, 0.0, 0.0, 1.0],
                [1.0, -0.0, -0.0, -3.904126, -0.0, -0.0, -1.0, 0.44597, 0.0, 1.0, -0.0, 0.370611, 0.0, 0.0, 0.0, 1.0],
                [1.0, -0.0, -0.0, -3.925071, -0.0, -0.0, -1.0, 0.480283, 0.0, 1.0, -0.0, 0.408306, 0.0, 0.0, 0.0, 1.0],
                [1.0, -0.0, -0.0, -3.925488, -0.0, -0.0, -1.0, 0.517644, 0.0, 1.0, -0.0, 0.459101, 0.0, 0.0, 0.0, 1.0],
                [1.0, -0.0, -0.0, -3.925822, -0.0, -0.0, -1.0, 0.562573, 0.0, 1.0, -0.0, 0.515359, 0.0, 0.0, 0.0, 1.0],
                [1.0, -0.0, -0.0, -3.909765, -0.0, -0.0, -1.0, 0.607502, 0.0, 1.0, -0.0, 0.564645, 0.0, 0.0, 0.0, 1.0],
                [1.0, -0.0, -0.0, -3.871717, -0.0, -0.0, -1.0, 0.742289, 0.0, 1.0, -0.0, 0.571456, 0.0, 0.0, 0.0, 1.0],
                [1.0, -0.0, -0.0, -3.871717, -0.0, -0.0, -1.0, 0.742289, 0.0, 1.0, -0.0, 0.571456, 0.0, 0.0, 0.0, 1.0]
            ]
        },
        {
            "name": "Thigh_R",
            "time": [0.0, 0.0417, 0.0833, 0.125, 0.1667, 0.2083, 0.25, 0.2917, 0.3333, 0.375, 0.4167, 0.4583, 0.5, 0.5417, 0.5833, 0.625, 0.6667, 0.7083, 0.75, 0.7917, 0.8333, 0.875, 0.9167, 0.9583, 1.0, 1.0417, 1.0833, 1.125, 1.1667, 1.2083, 1.25, 1.2916],
            "transform": [
                [0.520253, 0.838012, 0.164542, 0.120398, 0.824251, -0.543134, 0.160054, 0.117348, 0.223496, 0.052356, -0.973298, 0.031653, 0.0, 0.0, 0.0, 1.0],
                [-0.014618, 0.978766, 0.20446, 0.071748, 0.942621, -0.054722, 0.329355, 0.139272, 0.33355, 0.197542, -0.921804, 0.019212, 0.0, 0.0, 0.0, 1.0],
                [-0.221563, 0.958154, -0.181252, 0.023099, 0.915778, 0.268313, 0.298933, 0.161195, 0.335056, -0.099754, -0.936903, 0.00677, 0.0, 0.0, 0.0, 1.0],
                [-0.260749, 0.768403, -0.584437, -0.022891, 0.943718, 0.33048, 0.013463, 0.183118, 0.20349, -0.548033, -0.811327, 0.048687, 0.0, 0.0, 0.0, 1.0],
                [-0.407102, 0.508232, -0.758927, -0.044591, 0.896449, 0.381582, -0.225336, 0.153407, 0.17507, -0.772073, -0.610946, 0.061521, 0.0, 0.0, 0.0, 1.0],
                [-0.660554, 0.214334, -0.719535, -0.06629, 0.727072, 0.421561, -0.541899, 0.123696, 0.18718, -0.881107, -0.434299, 0.074354, 0.0, 0.0, 0.0, 1.0],
                [-0.966771, -0.009518, -0.255471, -0.087989, 0.243547, 0.269519, -0.931689, 0.093984, 0.077722, -0.962949, -0.258244, 0.087188, 0.0, 0.0, 0.0, 1.0],
                [-0.864464, -0.237851, 0.442866, -0.079948, -0.467895, 0.058613, -0.881838, 0.011078, 0.183788, -0.969533, -0.161957, 0.078431, 0.0, 0.0, 0.0, 1.0],
                [-0.53187, -0.456123, 0.713489, -0.071907, -0.839974, 0.177193, -0.51288, -0.071829, 0.107512, -0.872099, -0.477375, 0.069675, 0.0, 0.0, 0.0, 1.0],
                [0.159713, -0.527743, 0.834254, 0.060448, -0.985827, -0.041285, 0.162614, -0.091862, -0.051376, -0.848401, -0.526856, 0.028314, 0.0, 0.0, 0.0, 1.0],
                [0.381089, -0.200817, 0.902466, 0.127118, -0.833639, -0.496717, 0.241495, -0.022978, 0.399775, -0.844361, -0.356702, 0.073658, 0.0, 0.0, 0.0, 1.0],
                [0.908553, 0.060428, 0.413377, 0.10136, -0.295779, -0.605753, 0.738633, 0.017984, 0.295039, -0.793356, -0.532485, 0.08073, 0.0, 0.0, 0.0, 1.0],
                [0.931608, 0.348238, -0.104106, 0.113982, 0.320701, -0.652759, 0.686337, 0.051115, 0.171052, -0.672784, -0.719795, 0.061131, 0.0, 0.0, 0.0, 1.0],
                [0.853878, 0.464781, -0.23425, 0.126604, 0.502267, -0.617825, 0.604997, 0.084246, 0.136465, -0.63425, -0.76099, 0.041532, 0.0, 0.0, 0.0, 1.0],
                [0.87713, 0.397268, -0.269858, 0.139226, 0.475958, -0.644069, 0.598866, 0.117377, 0.064102, -0.653724, -0.754014, 0.021933, 0.0, 0.0, 0.0, 1.0],
                [0.876061, 0.385665, -0.289449, 0.131284, 0.480765, -0.652298, 0.585981, 0.116763, 0.037185, -0.652512, -0.756866, 0.015876, 0.0, 0.0, 0.0, 1.0],
                [0.871181, 0.38809, -0.300717, 0.123341, 0.490147, -0.65218, 0.57829, 0.116149, 0.028307, -0.65119, -0.758387, 0.009819, 0.0, 0.0, 0.0, 1.0],
                [0.862699, 0.423923, -0.275757, 0.115398, 0.503574, -0.66991, 0.545559, 0.115534, 0.046543, -0.609517, -0.791406, 0.003761, 0.0, 0.0, 0.0, 1.0],
                [0.8462, 0.484433, -0.221973, 0.107455, 0.526646, -0.696838, 0.486889, 0.11492, 0.081185, -0.528906, -0.844788, -0.002296, 0.0, 0.0, 0.0, 1.0],
                [0.831775, 0.535844, -0.144999, 0.109847, 0.538992, -0.717078, 0.441914, 0.090467, 0.132821, -0.445726, -0.885261, 0.000885, 0.0, 0.0, 0.0, 1.0],
                [0.819665, 0.572525, -0.019156, 0.112239, 0.528783, -0.74333, 0.409695, 0.066014, 0.220322, -0.345941, -0.912021, 0.004065, 0.0, 0.0, 0.0, 1.0],
                [0.780032, 0.597218, 0.186767, 0.098051, 0.507995, -0.778663, 0.368274, 0.069385, 0.365369, -0.192388, -0.910765, 0.03147, 0.0, 0.0, 0.0, 1.0],
                [0.71578, 0.595563, 0.364644, 0.083864, 0.474494, -0.797897, 0.371775, 0.072756, 0.512364, -0.093087, -0.853709, 0.058875, 0.0, 0.0, 0.0, 1.0],
                [0.671778, 0.561469, 0.483186, 0.086487, 0.420809, -0.826075, 0.37486, 0.070368, 0.609621, -0.048493, -0.791209, 0.058048, 0.0, 0.0, 0.0, 1.0],
                [0.654509, 0.505339, 0.562362, 0.089109, 0.342132, -0.861259, 0.375737, 0.06798, 0.674215, -0.053521, -0.736594, 0.057222, 0.0, 0.0, 0.0, 1.0],
                [0.646822, 0.413588, 0.640756, 0.091732, 0.299365, -0.910436, 0.28546, 0.065592, 0.701431, 0.007178, -0.712702, 0.056395, 0.0, 0.0, 0.0, 1.0],
                [0.637714, 0.315462, 0.702713, 0.08936, 0.279897, -0.944832, 0.170149, 0.063807, 0.717623, 0.088181, -0.690829, 0.061958, 0.0, 0.0, 0.0, 1.0],
                [0.616996, 0.284353, 0.733799, 0.086988, 0.2779, -0.951092, 0.134891, 0.062022, 0.736268, 0.120696, -0.665841, 0.067521, 0.0, 0.0, 0.0, 1.0],
                [0.592744, 0.268268, 0.7594, 0.084616, 0.2777, -0.953149, 0.119957, 0.060236, 0.756003, 0.139782, -0.639471, 0.073084, 0.0, 0.0, 0.0, 1.0],
                [0.561539, 0.256741, 0.786613, 0.082244, 0.27771, -0.953981, 0.11312, 0.058451, 0.779459, 0.154929, -0.606996, 0.078646, 0.0, 0.0, 0.0, 1.0],
                [0.534734, 0.246262, 0.808342, 0.079872, 0.278091, -0.954593, 0.106857, 0.056666, 0.797953, 0.167652, -0.578935, 0.084209, 0.0, 0.0, 0.0, 1.0],
                [0.534734, 0.246262, 0.808342, 0.079872, 0.278091, -0.954593, 0.106857, 0.056666, 0.797953, 0.167652, -0.578935, 0.084209, 0.0, 0.0, 0.0, 1.0]
            ]
        },
        {
            "name": "Leg_R",
            "time": [0.0, 0.0417, 0.0833, 0.125, 0.1667, 0.2083, 0.25, 0.2917, 0.3333, 0.375, 0.4167, 0.4583, 0.5, 0.5417, 0.5833, 0.625, 0.6667, 0.7083, 0.75, 0.7917, 0.8333, 0.875, 0.9167, 0.9583, 1.0, 1.0417, 1.0833, 1.125, 1.1667, 1.2083, 1.25, 1.2916],
            "transform": [
                [1.0, 0.0, -0.0, 0.0, -0.0, 0.859294, 0.511482, 0.37472, 0.0, -0.511483, 0.859293, 0.0, 0.0, 0.0, 0.0, 1.0],
                [1.0, 0.0, -0.0, 0.0, -0.0, 0.909586, 0.415516, 0.37472, 0.0, -0.415516, 0.909585, 0.0, 0.0, 0.0, 0.0, 1.0],
                [1.0, 0.0, -0.0, 0.0, -0.0, 0.572342, 0.820015, 0.37472, 0.0, -0.820016, 0.572341, -0.0, 0.0, 0.0, 0.0, 1.0],
                [0.999999, 1e-06, 0.0, 0.0, -0.0, -0.137141, 0.990551, 0.37472, 1e-06, -0.990553, -0.137141, -0.0, 0.0, 0.0, 0.0, 1.0],
                [0.999999, 1e-06, 0.0, -0.0, 0.0, -0.534815, 0.844969, 0.37472, 1e-06, -0.844971, -0.534814, 0.0, 0.0, 0.0, 0.0, 1.0],
                [0.999999, 1e-06, 0.0, 0.0, 0.0, -0.628068, 0.778159, 0.37472, 1e-06, -0.77816, -0.628067, -0.0, 0.0, 0.0, 0.0, 1.0],
                [1.0, 1e-06, 0.0, 0.0, 0.0, -0.5669, 0.823787, 0.37472, 1e-06, -0.823788, -0.566899, 0.0, 0.0, 0.0, 0.0, 1.0],
                [0.999999, 1e-06, 0.0, 0.0, 0.0, -0.718432, 0.695597, 0.37472, 1e-06, -0.695597, -0.718432, -0.0, 0.0, 0.0, 0.0, 1.0],
                [0.999999, 1e-06, 0.0, -0.0, 0.0, -0.432013, 0.901867, 0.37472, 1e-06, -0.901869, -0.432012, -0.0, 0.0, 0.0, 0.0, 1.0],
                [0.999999, 1e-06, 0.0, -0.0, 0.0, -0.443117, 0.896463, 0.37472, 1e-06, -0.896465, -0.443116, 0.0, 0.0, 0.0, 0.0, 1.0],
                [0.999999, 1e-06, 0.0, 0.0, 0.0, -0.730826, 0.682564, 0.37472, 1e-06, -0.682565, -0.730826, -0.0, 0.0, 0.0, 0.0, 1.0],
                [0.999999, 1e-06, 0.0, 1e-06, 0.0, -0.813663, 0.581337, 0.37472, 1e-06, -0.581338, -0.813663, -0.0, 0.0, 0.0, 0.0, 1.0],
                [0.999999, 1e-06, 0.0, 0.0, 0.0, -0.696808, 0.717258, 0.37472, 1e-06, -0.717259, -0.696807, 0.0, 0.0, 0.0, 0.0, 1.0],
                [0.999999, 1e-06, 0.0, 0.0, 0.0, -0.515404, 0.856947, 0.37472, 1e-06, -0.856948, -0.515404, 0.0, 0.0, 0.0, 0.0, 1.0],
                [0.999999, 1e-06, 0.0, 0.0, 0.0, -0.336658, 0.941627, 0.37472, 1e-06, -0.941628, -0.336658, -0.0, 0.0, 0.0, 0.0, 1.0],
                [0.999999, 1e-06, 0.0, 0.0, -0.0, -0.25076, 0.968049, 0.37472, 1e-06, -0.96805, -0.25076, 0.0, 0.0, 0.0, 0.0, 1.0],
                [0.999999, 1e-06, 0.0, 0.0, 0.0, -0.202652, 0.979251, 0.37472, 1e-06, -0.979251, -0.202652, -0.0, 0.0, 0.0, 0.0, 1.0],
                [0.999999, 1e-06, 0.0, -0.0, 0.0, -0.123781, 0.992309, 0.37472, 1e-06, -0.99231, -0.123781, -0.0, 0.0, 0.0, 0.0, 1.0],
                [1.0, 1e-06, 0.0, 0.0, -0.0, -0.023813, 0.999716, 0.37472, 1e-06, -0.999717, -0.023814, -0.0, 0.0, 0.0, 0.0, 1.0],
                [1.0, 1e-06, 0.0, 0.0, -0.0, 0.088548, 0.996071, 0.37472, 1e-06, -0.996072, 0.088548, 0.0, 0.0, 0.0, 0.0, 1.0],
                [1.0, 1e-06, -0.0, 0.0, -0.0, 0.245569, 0.969379, 0.37472, 1e-06, -0.969379, 0.245569, 0.0, 0.0, 0.0, 0.0, 1.0],
                [1.0, 0.0, -0.0, 0.0, -0.0, 0.485982, 0.873968, 0.37472, 1e-06, -0.873968, 0.485982, -0.0, 0.0, 0.0, 0.0, 1.0],
                [1.0, 0.0, -0.0, 0.0, -0.0, 0.665073, 0.746777, 0.37472, 0.0, -0.746777, 0.665074, -0.0, 0.0, 0.0, 0.0, 1.0],
                [1.0, 0.0, -0.0, 0.0, -0.0, 0.715931, 0.698171, 0.37472, 0.0, -0.698171, 0.715931, -0.0, 0.0, 0.0, 0.0, 1.0],
                [1.0, 0.0, -0.0, 0.0, -0.0, 0.673837, 0.73888, 0.37472, 0.0, -0.73888, 0.673837, -0.0, 0.0, 0.0, 0.0, 1.0],
                [1.0, 0.0, -0.0, 0.0, -0.0, 0.775049, 0.6319, 0.37472, 0.0, -0.6319, 0.775049, 0.0, 0.0, 0.0, 0.0, 1.0],
                [1.0, 0.0, -0.0, 0.0, -0.0, 0.889825, 0.456301, 0.37472, 1e-06, -0.456301, 0.889825, -0.0, 0.0, 0.0, 0.0, 1.0],
                [1.0, 0.0, -0.0, -0.0, -0.0, 0.914504, 0.404575, 0.37472, 0.0, -0.404575, 0.914504, 0.0, 0.0, 0.0, 0.0, 1.0],
                [1.0, 0.0, -0.0, 0.0, -0.0, 0.923351, 0.383957, 0.37472, 0.0, -0.383957, 0.923351, -0.0, 0.0, 0.0, 0.0, 1.0],
                [1.0, 0.0, -0.0, 0.0, -0.0, 0.926927, 0.375242, 0.37472, 0.0, -0.375242, 0.926926, 0.0, 0.0, 0.0, 0.0, 1.0],
                [1.0, 0.0, -0.0, -0.0, -0.0, 0.931061, 0.364863, 0.37472, 0.0, -0.364863, 0.93106, -0.0, 0.0, 0.0, 0.0, 1.0],
                [1.0, 0.0, -0.0, -0.0, -0.0, 0.931061, 0.364863, 0.37472, 0.0, -0.364863, 0.93106, -0.0, 0.0, 0.0, 0.0, 1.0]
            ]
        },
        {
            "name": "Knee_R",
            "time": [0.0, 1.2916],
            "transform": [
                [1.0, 0.0, -0.0, 0.0, -0.0, 1e-06, -1.0, 0.37472, -0.0, 1.0, 1e-06, 0.0, 0.0, 0.0, 0.0, 1.0],
                [1.0, 0.0, -0.0, -0.0, -0.0, 1e-06, -1.0, 0.37472, -0.0, 1.0, 1e-06, -0.0, 0.0, 0.0, 0.0, 1.0]
            ]
        },
        {
            "name": "Thigh_L",
            "time": [0.0, 0.0417, 0.0833, 0.125, 0.1667, 0.2083, 0.25, 0.2917, 0.3333, 0.375, 0.4167, 0.4583, 0.5, 0.5417, 0.5833, 0.625, 0.6667, 0.7083, 0.75, 0.7917, 0.8333, 0.875, 0.9167, 0.9583, 1.0, 1.0417, 1.0833, 1.125, 1.1667, 1.2083, 1.25, 1.2916],
            "transform": [
                [0.830646, 0.479972, -0.282227, -0.101637, 0.548262, -0.793471, 0.264222, 0.064946, -0.09712, -0.374211, -0.922244, 0.039538, 0.0, 0.0, 0.0, 1.0],
                [0.32685, 0.945077, 0.000846, -0.010484, 0.941683, -0.325754, 0.084344, -0.074651, 0.079986, -0.026772, -0.996436, -0.006931, 0.0, 0.0, 0.0, 1.0],
                [-0.039382, 0.998951, -0.023452, 0.009956, 0.996825, 0.040902, 0.068284, -0.075653, 0.069171, -0.020689, -0.99739, -0.007935, 0.0, 0.0, 0.0, 1.0],
                [-0.136575, 0.980132, -0.143845, 0.030397, 0.990106, 0.139767, 0.012267, -0.076656, 0.032128, -0.140747, -0.989524, -0.008938, 0.0, 0.0, 0.0, 1.0],
                [-0.253022, 0.95398, -0.16095, 0.046037, 0.96694, 0.243925, -0.074308, -0.057056, -0.031628, -0.174431, -0.984161, 0.007463, 0.0, 0.0, 0.0, 1.0],
                [-0.407241, 0.87719, -0.254352, 0.061677, 0.902312, 0.343315, -0.260699, -0.037456, -0.141359, -0.335674, -0.931311, 0.023863, 0.0, 0.0, 0.0, 1.0],
                [-0.645662, 0.581619, -0.494812, 0.077273, 0.673445, 0.128231, -0.728029, 0.030769, -0.359984, -0.803293, -0.474482, 0.063855, 0.0, 0.0, 0.0, 1.0],
                [-0.868495, 0.484345, -0.105466, 0.092868, 0.051321, -0.123761, -0.990983, 0.098993, -0.493028, -0.866082, 0.082629, 0.103847, 0.0, 0.0, 0.0, 1.0],
                [-0.719269, 0.063667, 0.691806, -0.006286, -0.556726, 0.542846, -0.628787, 0.118931, -0.415575, -0.837418, -0.355007, 0.08025, 0.0, 0.0, 0.0, 1.0],
                [-0.151601, -0.293073, 0.943994, -0.10544, -0.673241, 0.72987, 0.118476, 0.138868, -0.723712, -0.617578, -0.307958, 0.056654, 0.0, 0.0, 0.0, 1.0],
                [0.447162, -0.535186, 0.716673, -0.105656, -0.740067, 0.228616, 0.632481, 0.137454, -0.502335, -0.813213, -0.293845, 0.063467, 0.0, 0.0, 0.0, 1.0],
                [0.649758, -0.31062, 0.693777, -0.105873, -0.7495, -0.109642, 0.652859, 0.136041, -0.126723, -0.944192, -0.304051, 0.070281, 0.0, 0.0, 0.0, 1.0],
                [0.809339, -0.277725, 0.517528, -0.108758, -0.522499, 0.06199, 0.850382, 0.093505, -0.268252, -0.958661, -0.09494, 0.08393, 0.0, 0.0, 0.0, 1.0],
                [0.883026, -0.318178, 0.344999, -0.111644, -0.306271, 0.166326, 0.9373, 0.050969, -0.355609, -0.933329, 0.049421, 0.097578, 0.0, 0.0, 0.0, 1.0],
                [0.93953, -0.248112, 0.236051, -0.108096, -0.229741, 0.054518, 0.971723, 0.054489, -0.253963, -0.967199, -0.005781, 0.10547, 0.0, 0.0, 0.0, 1.0],
                [0.955128, -0.247803, 0.162234, -0.104548, -0.169721, -0.009011, 0.98545, 0.05801, -0.242735, -0.968771, -0.050664, 0.113362, 0.0, 0.0, 0.0, 1.0],
                [0.960445, -0.257931, 0.104941, -0.114526, -0.126442, -0.068193, 0.989626, 0.069279, -0.248098, -0.963757, -0.09811, 0.102271, 0.0, 0.0, 0.0, 1.0],
                [0.96804, -0.231042, 0.097538, -0.124503, -0.130368, -0.131363, 0.982724, 0.080548, -0.214237, -0.964038, -0.157285, 0.09118, 0.0, 0.0, 0.0, 1.0],
                [0.975645, -0.160881, 0.149097, -0.130049, -0.178417, -0.186676, 0.966084, 0.078533, -0.127591, -0.969162, -0.210834, 0.06942, 0.0, 0.0, 0.0, 1.0],
                [0.975433, -0.104644, 0.193842, -0.135595, -0.215011, -0.260907, 0.941114, 0.076518, -0.047907, -0.959678, -0.276997, 0.04766, 0.0, 0.0, 0.0, 1.0],
                [0.969171, -0.087534, 0.230305, -0.141141, -0.246095, -0.388734, 0.887875, 0.074504, 0.011808, -0.917185, -0.398291, 0.0259, 0.0, 0.0, 0.0, 1.0],
                [0.952302, -0.082464, 0.293795, -0.146687, -0.283584, -0.594674, 0.752292, 0.072489, 0.112675, -0.79973, -0.589694, 0.00414, 0.0, 0.0, 0.0, 1.0],
                [0.921058, -0.096107, 0.377375, -0.130567, -0.303941, -0.78324, 0.542361, 0.071485, 0.24345, -0.614249, -0.75062, -0.015923, 0.0, 0.0, 0.0, 1.0],
                [0.898646, -0.099906, 0.427142, -0.114446, -0.279069, -0.881474, 0.380955, 0.070481, 0.338454, -0.461548, -0.820013, -0.035986, 0.0, 0.0, 0.0, 1.0],
                [0.889816, -0.080466, 0.449165, -0.098326, -0.237194, -0.922463, 0.304638, 0.069476, 0.389823, -0.377613, -0.839908, -0.056049, 0.0, 0.0, 0.0, 1.0],
                [0.886282, -0.088115, 0.454683, -0.082205, -0.227915, -0.937614, 0.262559, 0.068472, 0.40318, -0.336332, -0.851073, -0.076112, 0.0, 0.0, 0.0, 1.0],
                [0.883645, -0.0995, 0.457458, -0.080688, -0.22837, -0.944621, 0.235671, 0.063912, 0.408674, -0.312721, -0.857432, -0.072309, 0.0, 0.0, 0.0, 1.0],
                [0.886893, -0.048066, 0.459463, -0.079171, -0.209842, -0.927965, 0.30798, 0.059353, 0.41156, -0.369561, -0.833091, -0.068506, 0.0, 0.0, 0.0, 1.0],
                [0.8906, -0.001997, 0.454779, -0.077654, -0.195455, -0.904608, 0.378793, 0.054793, 0.410639, -0.426244, -0.806034, -0.064703, 0.0, 0.0, 0.0, 1.0],
                [0.89274, -0.018902, 0.450172, -0.076138, -0.200406, -0.911508, 0.359157, 0.050234, 0.403545, -0.410852, -0.817527, -0.0609, 0.0, 0.0, 0.0, 1.0],
                [0.894547, -0.035337, 0.445571, -0.067708, -0.201978, -0.921246, 0.332439, 0.048607, 0.398731, -0.387379, -0.831234, -0.085669, 0.0, 0.0, 0.0, 1.0],
                [0.894547, -0.035337, 0.445571, -0.067708, -0.201978, -0.921246, 0.332439, 0.048607, 0.398731, -0.387379, -0.831234, -0.085669, 0.0, 0.0, 0.0, 1.0]
            ]
        },
        {
            "name": "Leg_L",
            "time": [0.0, 0.0417, 0.0833, 0.125, 0.1667, 0.2083, 0.25, 0.2917, 0.3333, 0.375, 0.4167, 0.4583, 0.5, 0.5417, 0.5833, 0.625, 0.6667, 0.7083, 0.75, 0.7917, 0.8333, 0.875, 0.9167, 0.9583, 1.0, 1.0417, 1.0833, 1.125, 1.1667, 1.2083, 1.25, 1.2916],
            "transform": [
                [0.999997, 0.0, -0.0, -0.0, -0.0, 0.674991, 0.737827, 0.37472, 0.0, -0.737826, 0.674992, 0.0, 0.0, 0.0, 0.0, 1.0],
                [0.999998, 0.0, -0.0, 0.0, -0.0, 0.874854, 0.484388, 0.37472, 0.0, -0.484386, 0.874856, 0.0, 0.0, 0.0, 0.0, 1.0],
                [0.999998, 0.0, -0.0, -0.0, -0.0, 0.875266, 0.483641, 0.37472, 0.0, -0.48364, 0.875269, 0.0, 0.0, 0.0, 0.0, 1.0],
                [0.999998, 0.0, -0.0, 0.0, -0.0, 0.868186, 0.496238, 0.37472, 0.0, -0.496236, 0.868189, -0.0, 0.0, 0.0, 0.0, 1.0],
                [0.999998, 0.0, -0.0, -0.0, -0.0, 0.883899, 0.467677, 0.37472, 0.0, -0.467674, 0.883903, 0.0, 0.0, 0.0, 0.0, 1.0],
                [0.999997, 0.0, -0.0, -0.0, -0.0, 0.770639, 0.637272, 0.37472, 0.0, -0.637271, 0.770641, -0.0, 0.0, 0.0, 0.0, 1.0],
                [0.999998, -0.0, -0.0, -0.0, 0.0, -0.021983, 0.999759, 0.37472, -0.0, -0.99976, -0.021983, -0.0, 0.0, 0.0, 0.0, 1.0],
                [0.999998, -1e-06, -0.0, -0.0, -0.0, -0.690212, 0.723609, 0.37472, -0.0, -0.723608, -0.690212, 0.0, 0.0, 0.0, 0.0, 1.0],
                [0.999997, -0.0, 0.0, 0.0, -0.0, -0.207853, 0.978161, 0.37472, -0.0, -0.978161, -0.207853, -0.0, 0.0, 0.0, 0.0, 1.0],
                [0.999997, -0.0, 0.0, 0.0, -0.0, 0.509622, 0.8604, 0.37472, -0.0, -0.860399, 0.509623, -0.0, 0.0, 0.0, 0.0, 1.0],
                [0.999997, -0.0, 0.0, -0.0, -0.0, 0.403134, 0.915141, 0.37472, -0.0, -0.915142, 0.403134, -0.0, 0.0, 0.0, 0.0, 1.0],
                [0.999997, -0.0, 0.0, 0.0, 0.0, 0.278289, 0.960498, 0.37472, -0.0, -0.960498, 0.278289, -0.0, 0.0, 0.0, 0.0, 1.0],
                [0.999998, -0.0, 0.0, -1e-06, -0.0, -0.005794, 0.999983, 0.37472, -0.0, -0.999985, -0.005794, 0.0, 0.0, 0.0, 0.0, 1.0],
                [0.999997, -0.0, 0.0, 0.0, -0.0, -0.095142, 0.995464, 0.37472, -0.0, -0.995466, -0.095141, 0.0, 0.0, 0.0, 0.0, 1.0],
                [0.999997, -0.0, -0.0, -0.0, 0.0, -0.002886, 0.999996, 0.37472, -0.0, -0.999998, -0.002886, -0.0, 0.0, 0.0, 0.0, 1.0],
                [0.999997, -0.0, 0.0, 0.0, -0.0, 0.076009, 0.997107, 0.37472, -0.0, -0.997109, 0.076009, 0.0, 0.0, 0.0, 0.0, 1.0],
                [0.999998, -0.0, 0.0, 0.0, -0.0, 0.153227, 0.988191, 0.37472, -0.0, -0.988193, 0.153227, -0.0, 0.0, 0.0, 0.0, 1.0],
                [0.999997, -0.0, 0.0, 0.0, -0.0, 0.194035, 0.980995, 0.37472, -0.0, -0.980996, 0.194035, -0.0, 0.0, 0.0, 0.0, 1.0],
                [0.999997, -0.0, 0.0, 0.0, 0.0, 0.183806, 0.982963, 0.37472, -0.0, -0.982964, 0.183806, 0.0, 0.0, 0.0, 0.0, 1.0],
                [0.999997, -0.0, 0.0, -0.0, -0.0, 0.19105, 0.981581, 0.37472, -0.0, -0.981582, 0.19105, -0.0, 0.0, 0.0, 0.0, 1.0],
                [0.999998, -0.0, 0.0, 0.0, -0.0, 0.272317, 0.962209, 0.37472, -0.0, -0.962209, 0.272317, -0.0, 0.0, 0.0, 0.0, 1.0],
                [0.999998, -0.0, 0.0, -0.0, 0.0, 0.468639, 0.883391, 0.37472, -0.0, -0.88339, 0.468639, -0.0, 0.0, 0.0, 0.0, 1.0],
                [0.999998, 0.0, 0.0, -0.0, -0.0, 0.703252, 0.710942, 0.37472, 0.0, -0.71094, 0.703253, -0.0, 0.0, 0.0, 0.0, 1.0],
                [0.999998, 0.0, -0.0, 1e-06, -0.0, 0.839813, 0.542876, 0.37472, 0.0, -0.542874, 0.839816, 0.0, 0.0, 0.0, 0.0, 1.0],
                [0.999998, 0.0, -0.0, 0.0, -0.0, 0.888342, 0.459183, 0.37472, 0.0, -0.459181, 0.888344, -0.0, 0.0, 0.0, 0.0, 1.0],
                [0.999997, 0.0, -0.0, 0.0, -0.0, 0.908382, 0.41814, 0.37472, 0.0, -0.418139, 0.908386, -0.0, 0.0, 0.0, 0.0, 1.0],
                [0.999997, 0.0, -0.0, -0.0, -0.0, 0.916828, 0.399282, 0.37472, 0.0, -0.399281, 0.916831, 0.0, 0.0, 0.0, 0.0, 1.0],
                [0.999997, 0.0, 0.0, -0.0, -0.0, 0.864502, 0.502629, 0.37472, 0.0, -0.502627, 0.864505, -0.0, 0.0, 0.0, 0.0, 1.0],
                [0.999997, 0.0, -0.0, 0.0, -0.0, 0.809126, 0.587636, 0.37472, 0.0, -0.587635, 0.809128, 0.0, 0.0, 0.0, 0.0, 1.0],
                [0.999998, 0.0, -0.0, 0.0, -0.0, 0.829377, 0.558689, 0.37472, 0.0, -0.558688, 0.82938, 0.0, 0.0, 0.0, 0.0, 1.0],
                [0.999997, 0.0, 0.0, 0.0, -0.0, 0.857068, 0.515204, 0.37472, 0.0, -0.515202, 0.85707, 0.0, 0.0, 0.0, 0.0, 1.0],
                [0.999997, 0.0, 0.0, 0.0, -0.0, 0.857068, 0.515204, 0.37472, 0.0, -0.515202, 0.85707, 0.0, 0.0, 0.0, 0.0, 1.0]
            ]
        },
        {
            "name": "Knee_L",
            "time": [0.0, 1.2916],
            "transform": [
                [1.0, 0.0, -0.0, -0.0, -0.0, 1e-06, -1.0, 0.37472, -0.0, 1.0, 1e-06, 0.0, 0.0, 0.0, 0.0, 1.0],
                [1.0, 0.0, -0.0, 0.0, -0.0, 1e-06, -1.0, 0.37472, -0.0, 1.0, 1e-06, 0.0, 0.0, 0.0, 0.0, 1.0]
            ]
        },
        {
            "name": "Torso",
            "time": [0.0, 0.0417, 0.0833, 0.125, 0.1667, 0.2083, 0.25, 0.2917, 0.3333, 0.375, 0.4167, 0.4583, 0.5, 0.5417, 0.5833, 0.625, 0.6667, 0.7083, 0.75, 0.7917, 0.8333, 0.875, 0.9167, 0.9583, 1.0, 1.0417, 1.0833, 1.125, 1.1667, 1.2083, 1.25, 1.2916],
            "transform": [
                [0.616287, -0.771046, -0.160244, -0.0, 0.76275, 0.635046, -0.122189, 0.05, 0.195976, -0.046922, 0.979486, -0.0, 0.0, 0.0, 0.0, 1.0],
                [0.235927, -0.958981, -0.157141, 0.0, 0.956756, 0.257542, -0.135253, 0.05, 0.170175, -0.118436, 0.978271, 0.0, 0.0, 0.0, 0.0, 1.0],
                [-0.005418, -0.993478, -0.113893, 0.0, 0.995634, 0.005255, -0.093207, 0.05, 0.093198, -0.113901, 0.989111, 0.0, 0.0, 0.0, 0.0, 1.0],
                [-0.152564, -0.988235, -0.010728, 0.0, 0.987103, -0.151837, -0.050761, 0.05, 0.048535, -0.018334, 0.998653, 0.0, 0.0, 0.0, 0.0, 1.0],
                [-0.357059, -0.933303, 0.038133, 0.0, 0.93407, -0.356974, 0.009237, 0.05, 0.004991, 0.038917, 0.99923, -0.0, 0.0, 0.0, 0.0, 1.0],
                [-0.657974, -0.753002, -0.007577, -0.0, 0.752024, -0.657573, 0.045379, 0.05, -0.039153, 0.02416, 0.998941, 0.0, 0.0, 0.0, 0.0, 1.0],
                [-0.940761, -0.320387, -0.111017, -0.0, 0.326581, -0.944212, -0.042515, 0.05, -0.091202, -0.076252, 0.992909, 0.0, 0.0, 0.0, 0.0, 1.0],
                [-0.961426, 0.270562, -0.049593, -0.0, -0.267966, -0.961955, -0.053253, 0.05, -0.062114, -0.037909, 0.997349, 0.0, 0.0, 0.0, 0.0, 1.0],
                [-0.579454, 0.813877, -0.042862, 0.0, -0.814311, -0.58033, -0.010822, 0.05, -0.033682, 0.028631, 0.999022, 0.0, 0.0, 0.0, 0.0, 1.0],
                [0.293196, 0.934892, -0.200033, 0.0, -0.953191, 0.269665, -0.136789, 0.05, -0.073941, 0.230775, 0.970194, 0.0, 0.0, 0.0, 0.0, 1.0],
                [0.82681, 0.551791, -0.109154, -0.0, -0.557888, 0.82922, -0.033981, 0.05, 0.071762, 0.088991, 0.993444, 0.0, 0.0, 0.0, 0.0, 1.0],
                [0.880445, 0.47374, -0.019733, -0.0, -0.439818, 0.831529, 0.339291, 0.05, 0.177144, -0.290048, 0.940475, 0.0, 0.0, 0.0, 0.0, 1.0],
                [0.956782, 0.249871, 0.148782, -0.0, -0.290483, 0.845483, 0.448081, 0.05, -0.01383, -0.471933, 0.881526, 0.0, 0.0, 0.0, 0.0, 1.0],
                [0.984561, 0.008105, 0.174861, -0.0, -0.079681, 0.910187, 0.406459, 0.05, -0.155862, -0.414116, 0.89678, 0.0, 0.0, 0.0, 0.0, 1.0],
                [0.988233, -0.100676, 0.11516, -0.0, 0.052027, 0.929207, 0.365876, 0.05, -0.143843, -0.355579, 0.923511, 0.0, 0.0, 0.0, 0.0, 1.0],
                [0.987049, -0.102512, 0.123404, 0.0, 0.050624, 0.928939, 0.366754, 0.05, -0.152232, -0.355756, 0.922097, 0.0, 0.0, 0.0, 0.0, 1.0],
                [0.987227, -0.063408, 0.146167, 0.0, 0.003503, 0.925814, 0.377962, 0.05, -0.15929, -0.372621, 0.91421, 0.0, 0.0, 0.0, 0.0, 1.0],
                [0.989501, -0.016227, 0.143624, 0.0, -0.037576, 0.930629, 0.364027, 0.05, -0.139568, -0.365601, 0.920248, 0.0, 0.0, 0.0, 0.0, 1.0],
                [0.992522, 0.030941, 0.118088, 0.0, -0.06804, 0.943367, 0.324698, 0.05, -0.101354, -0.330304, 0.938417, 0.0, 0.0, 0.0, 0.0, 1.0],
                [0.996497, 0.056497, 0.061673, 0.0, -0.071973, 0.954865, 0.288185, 0.05, -0.042608, -0.291613, 0.955587, 0.0, 0.0, 0.0, 0.0, 1.0],
                [0.997434, 0.052632, -0.048566, 0.0, -0.038349, 0.965254, 0.258481, 0.05, 0.060483, -0.255954, 0.964795, -0.0, 0.0, 0.0, 0.0, 1.0],
                [0.972953, -8.8e-05, -0.231009, 0.0, 0.05115, 0.975259, 0.215061, 0.05, 0.225276, -0.22106, 0.948885, -0.0, 0.0, 0.0, 0.0, 1.0],
                [0.913759, -0.047637, -0.403457, 0.0, 0.120253, 0.980312, 0.156603, 0.05, 0.388055, -0.191614, 0.901498, -0.0, 0.0, 0.0, 0.0, 1.0],
                [0.863597, -0.03549, -0.502934, 0.0, 0.106866, 0.987738, 0.1138, 0.05, 0.49273, -0.152023, 0.8568, -0.0, 0.0, 0.0, 0.0, 1.0],
                [0.827313, 0.01744, -0.561473, 0.0, 0.038882, 0.995342, 0.088207, 0.05, 0.560397, -0.094806, 0.82278, -0.0, 0.0, 0.0, 0.0, 1.0],
                [0.799398, 0.020852, -0.600442, 0.0, 0.017993, 0.998117, 0.058618, 0.05, 0.600535, -0.057663, 0.797517, -0.0, 0.0, 0.0, 0.0, 1.0],
                [0.776448, 0.003817, -0.630171, 0.0, 0.017759, 0.999451, 0.027935, 0.05, 0.629933, -0.032881, 0.775954, -0.0, 0.0, 0.0, 0.0, 1.0],
                [0.758879, -0.012404, -0.651115, 0.0, 0.017573, 0.999843, 0.001434, 0.05, 0.650997, -0.01253, 0.758978, -0.0, 0.0, 0.0, 0.0, 1.0],
                [0.742234, -0.029832, -0.669477, 0.0, 0.017375, 0.999528, -0.025276, 0.05, 0.669917, 0.007128, 0.742402, -0.0, 0.0, 0.0, 0.0, 1.0],
                [0.722475, -0.051445, -0.689481, 0.0, 0.017153, 0.998253, -0.05651, 0.05, 0.691186, 0.029, 0.722096, -0.0, 0.0, 0.0, 0.0, 1.0],
                [0.703896, -0.070841, -0.706763, 0.0, 0.016895, 0.996401, -0.083046, 0.05, 0.710105, 0.046515, 0.702559, -0.0, 0.0, 0.0, 0.0, 1.0],
                [0.703896, -0.070841, -0.706763, 0.0, 0.016895, 0.996401, -0.083046, 0.05, 0.710105, 0.046515, 0.702559, -0.0, 0.0, 0.0, 0.0, 1.0]
            ]
        },
        {
            "name": "Chest",
            "time": [0.0, 0.0417, 0.0833, 0.125, 0.1667, 0.2083, 0.25, 0.2917, 0.3333, 0.375, 0.4167, 0.4583, 0.5, 0.5417, 0.5833, 0.625, 0.6667, 0.7083, 0.75, 0.7917, 0.8333, 0.875, 0.9167, 0.9583, 1.0, 1.0417, 1.0833, 1.125, 1.1667, 1.2083, 1.25, 1.2916],
            "transform": [
                [0.946472, -0.221314, -0.23498, -0.0, 0.194703, 0.972038, -0.13127, 0.3, 0.257462, 0.078492, 0.963095, -0.0, 0.0, 0.0, 0.0, 1.0],
                [0.970141, -0.185934, -0.155753, 0.0, 0.157928, 0.971603, -0.176193, 0.3, 0.184091, 0.146334, 0.971954, 0.0, 0.0, 0.0, 0.0, 1.0],
                [0.988083, -0.124358, -0.090726, 0.0, 0.108082, 0.980123, -0.16636, 0.3, 0.109611, 0.154571, 0.981882, 0.0, 0.0, 0.0, 0.0, 1.0],
                [0.994476, -0.096179, -0.042074, 0.0, 0.089559, 0.986379, -0.137962, 0.3, 0.05477, 0.133432, 0.989543, -0.0, 0.0, 0.0, 0.0, 1.0],
                [0.995674, -0.092867, 0.003536, 0.0, 0.092779, 0.991078, -0.095684, 0.3, 0.005381, 0.095598, 0.995405, 0.0, 0.0, 0.0, 0.0, 1.0],
                [0.989829, -0.139861, 0.026103, 0.0, 0.13275, 0.973878, 0.18422, 0.3, -0.051187, -0.178881, 0.982538, -0.0, 0.0, 0.0, 0.0, 1.0],
                [0.983419, -0.177285, -0.038214, -0.0, 0.147533, 0.659496, 0.737088, 0.3, -0.105473, -0.730501, 0.674717, -0.0, 0.0, 0.0, 0.0, 1.0],
                [0.99482, -0.0486, 0.089303, 0.0, -0.020789, 0.762557, 0.646585, 0.3, -0.099523, -0.64509, 0.757597, -0.0, 0.0, 0.0, 0.0, 1.0],
                [0.979818, -0.138281, 0.144359, -0.0, -0.004254, 0.707557, 0.706642, 0.3, -0.199859, -0.692992, 0.692689, 0.0, 0.0, 0.0, 0.0, 1.0],
                [0.993458, 0.01962, 0.112518, 0.0, -0.09372, 0.703117, 0.70487, 0.3, -0.065284, -0.710801, 0.700356, 0.0, 0.0, 0.0, 0.0, 1.0],
                [0.987372, 0.144001, 0.066061, -0.0, -0.139939, 0.597198, 0.789791, 0.3, 0.07428, -0.789058, 0.609809, 0.0, 0.0, 0.0, 0.0, 1.0],
                [0.946119, 0.138059, -0.292921, -0.0, 0.05973, 0.814641, 0.576879, 0.3, 0.31827, -0.56329, 0.762501, -0.0, 0.0, 0.0, 0.0, 1.0],
                [0.999325, 0.033821, 0.014453, -0.0, -0.03678, 0.919619, 0.391083, 0.3, -6.4e-05, -0.391349, 0.920242, 0.0, 0.0, 0.0, 0.0, 1.0],
                [0.952476, -0.028875, 0.303247, 0.0, -0.113009, 0.890962, 0.439789, 0.3, -0.282882, -0.453157, 0.845356, 0.0, 0.0, 0.0, 0.0, 1.0],
                [0.947366, -0.095935, 0.305447, 0.0, -0.099586, 0.818421, 0.565923, 0.3, -0.304276, -0.566552, 0.76579, 0.0, 0.0, 0.0, 0.0, 1.0],
                [0.920761, -0.152636, 0.359034, 0.0, -0.083384, 0.822026, 0.56331, 0.3, -0.381118, -0.548609, 0.744161, 0.0, 0.0, 0.0, 0.0, 1.0],
                [0.885234, -0.197027, 0.42136, 0.0, -0.056402, 0.853707, 0.517688, 0.3, -0.461718, -0.482039, 0.744617, -0.0, 0.0, 0.0, 0.0, 1.0],
                [0.859404, -0.231638, 0.45582, 0.0, 0.002903, 0.893686, 0.44868, 0.3, -0.511294, -0.384272, 0.768709, 0.0, 0.0, 0.0, 0.0, 1.0],
                [0.847183, -0.272334, 0.456199, 0.0, 0.100172, 0.925112, 0.366238, 0.3, -0.521776, -0.264571, 0.811019, 0.0, 0.0, 0.0, 0.0, 1.0],
                [0.859379, -0.281789, 0.426692, 0.0, 0.168293, 0.943829, 0.284363, 0.3, -0.482857, -0.172566, 0.858528, 0.0, 0.0, 0.0, 0.0, 1.0],
                [0.903014, -0.223359, 0.366987, -0.0, 0.165453, 0.969139, 0.182735, 0.3, -0.396479, -0.104293, 0.912101, -0.0, 0.0, 0.0, 0.0, 1.0],
                [0.96778, -0.085414, 0.236875, 0.0, 0.076898, 0.996023, 0.044981, 0.3, -0.239776, -0.025316, 0.970497, 0.0, 0.0, 0.0, 0.0, 1.0],
                [0.996362, 0.03381, 0.078263, -0.0, -0.029244, 0.997842, -0.058771, 0.3, -0.080082, 0.056269, 0.995198, -0.0, 0.0, 0.0, 0.0, 1.0],
                [0.998223, 0.053054, -0.027234, 0.0, -0.055153, 0.995007, -0.083165, 0.3, 0.022685, 0.084519, 0.996163, 0.0, 0.0, 0.0, 0.0, 1.0],
                [0.995593, 0.015236, -0.09256, -0.0, -0.020453, 0.998238, -0.055687, 0.3, 0.091549, 0.057334, 0.994148, 0.0, 0.0, 0.0, 0.0, 1.0],
                [0.990719, -0.008628, -0.135672, -0.0, 0.003409, 0.999246, -0.038656, 0.3, 0.135904, 0.037835, 0.989999, 0.0, 0.0, 0.0, 0.0, 1.0],
                [0.985448, -0.025198, -0.168113, 0.0, 0.02096, 0.999416, -0.026939, 0.3, 0.168694, 0.023023, 0.985399, -0.0, 0.0, 0.0, 0.0, 1.0],
                [0.980754, -0.038078, -0.191512, 0.0, 0.035395, 0.999221, -0.017409, 0.3, 0.192026, 0.010295, 0.981335, -0.0, 0.0, 0.0, 0.0, 1.0],
                [0.9758, -0.050196, -0.21284, 0.0, 0.049596, 0.998735, -0.008162, 0.3, 0.212981, -0.002592, 0.977052, -0.0, 0.0, 0.0, 0.0, 1.0],
                [0.969152, -0.063588, -0.238132, -0.0, 0.066051, 0.997812, 0.002372, 0.3, 0.237461, -0.018028, 0.971229, 0.0, 0.0, 0.0, 0.0, 1.0],
                [0.962638, -0.074703, -0.260293, 0.0, 0.080365, 0.996702, 0.011162, 0.3, 0.258602, -0.031664, 0.965464, -0.0, 0.0, 0.0, 0.0, 1.0],
                [0.962638, -0.074703, -0.260293, 0.0, 0.080365, 0.996702, 0.011162, 0.3, 0.258602, -0.031664, 0.965464, -0.0, 0.0, 0.0, 0.0, 1.0]
            ]
        },
        {
            "name": "Head",
            "time": [0.0, 0.0417, 0.0833, 0.125, 0.1667, 0.2083, 0.25, 0.2917, 0.3333, 0.375, 0.4167, 0.4583, 0.5, 0.5417, 0.5833, 0.625, 0.6667, 0.7083, 0.75, 0.7917, 0.8333, 0.875, 0.9167, 0.9583, 1.0, 1.0417, 1.0833, 1.125, 1.1667, 1.2083, 1.25, 1.2916],
            "transform": [
                [0.645572, 0.633576, 0.4264, 0.0, 0.108146, 0.476863, -0.8723, 0.4, -0.756005, 0.609241, 0.239332, 0.0, 0.0, 0.0, 0.0, 1.0],
                [0.852364, 0.485052, 0.195443, 0.0, 0.056644, 0.285897, -0.956588, 0.4, -0.519871, 0.826426, 0.216215, 0.0, 0.0, 0.0, 0.0, 1.0],
                [0.903717, 0.303069, 0.302395, -0.0, 0.187853, 0.353991, -0.916191, 0.4, -0.384714, 0.884779, 0.262977, 0.0, 0.0, 0.0, 0.0, 1.0],
                [0.853376, 0.147905, 0.499873, -0.0, 0.391542, 0.451203, -0.801943, 0.4, -0.344156, 0.880077, 0.327136, -0.0, 0.0, 0.0, 0.0, 1.0],
                [0.860685, 0.109476, 0.497228, 0.0, 0.443435, 0.318683, -0.83774, 0.4, -0.250171, 0.941515, 0.225741, 0.0, 0.0, 0.0, 0.0, 1.0],
                [0.938695, -0.02169, 0.344062, 0.0, 0.259196, 0.70243, -0.662879, 0.4, -0.227302, 0.711419, 0.664994, 0.0, 0.0, 0.0, 0.0, 1.0],
                [0.950444, 0.245328, 0.190968, 0.0, -0.244581, 0.969227, -0.027848, 0.4, -0.191923, -0.020239, 0.981203, -0.0, 0.0, 0.0, 0.0, 1.0],
                [0.978284, 0.206774, 0.014209, 0.0, -0.203642, 0.971694, -0.11974, 0.4, -0.038566, 0.114246, 0.992706, -0.0, 0.0, 0.0, 0.0, 1.0],
                [0.954597, 0.222417, -0.198175, -0.0, -0.291911, 0.831092, -0.473362, 0.4, 0.059418, 0.509717, 0.85829, 0.0, 0.0, 0.0, 0.0, 1.0],
                [0.909201, 0.092124, -0.406037, 0.0, -0.359377, 0.666071, -0.653603, 0.4, 0.210236, 0.740173, 0.638704, 0.0, 0.0, 0.0, 0.0, 1.0],
                [0.777262, -0.011884, -0.629067, 0.0, -0.442385, 0.700623, -0.55984, 0.4, 0.447393, 0.713429, 0.539312, -0.0, 0.0, 0.0, 0.0, 1.0],
                [0.972681, 0.207066, 0.104941, 0.0, -0.121588, 0.839522, -0.529545, 0.4, -0.19775, 0.502317, 0.841769, -0.0, 0.0, 0.0, 0.0, 1.0],
                [0.939222, 0.233679, -0.251504, -0.0, -0.319582, 0.862732, -0.391865, 0.4, 0.12541, 0.448423, 0.884981, 0.0, 0.0, 0.0, 0.0, 1.0],
                [0.797275, 0.135971, -0.588103, 0.0, -0.320398, 0.921043, -0.221407, 0.4, 0.511564, 0.364949, 0.777891, 0.0, 0.0, 0.0, 0.0, 1.0],
                [0.860461, 0.105825, -0.498405, 0.0, -0.183477, 0.976923, -0.109334, 0.4, 0.475332, 0.185523, 0.860024, 0.0, 0.0, 0.0, 0.0, 1.0],
                [0.862547, 0.173728, -0.475218, -0.0, -0.183282, 0.982699, 0.026584, 0.4, 0.471615, 0.064168, 0.879468, 0.0, 0.0, 0.0, 0.0, 1.0],
                [0.854028, 0.269745, -0.444831, -0.0, -0.224922, 0.962475, 0.15182, 0.4, 0.469091, -0.029606, 0.882655, 0.0, 0.0, 0.0, 0.0, 1.0],
                [0.86359, 0.302593, -0.403298, -0.0, -0.243231, 0.950681, 0.192459, 0.4, 0.441644, -0.068111, 0.894603, -0.0, 0.0, 0.0, 0.0, 1.0],
                [0.891019, 0.27159, -0.363763, -0.0, -0.239755, 0.96196, 0.130945, 0.4, 0.385488, -0.029461, 0.922244, 0.0, 0.0, 0.0, 0.0, 1.0],
                [0.920142, 0.235819, -0.312614, 0.0, -0.229198, 0.971629, 0.058327, 0.4, 0.317499, 0.017981, 0.94809, 0.0, 0.0, 0.0, 0.0, 1.0],
                [0.950599, 0.203897, -0.234066, -0.0, -0.201367, 0.978891, 0.034923, 0.4, 0.236246, 0.013935, 0.971595, 0.0, 0.0, 0.0, 0.0, 1.0],
                [0.980951, 0.156912, -0.1145, -0.0, -0.150786, 0.986719, 0.060386, 0.4, 0.122454, -0.041971, 0.991588, -0.0, 0.0, 0.0, 0.0, 1.0],
                [0.992873, 0.115728, 0.028391, 0.0, -0.117815, 0.989091, 0.088407, 0.4, -0.01785, -0.091122, 0.995682, -0.0, 0.0, 0.0, 0.0, 1.0],
                [0.973469, 0.122998, 0.192939, -0.0, -0.133072, 0.990293, 0.040099, 0.4, -0.186134, -0.06471, 0.980394, -0.0, 0.0, 0.0, 0.0, 1.0],
                [0.912238, 0.168775, 0.373276, -0.0, -0.154712, 0.985645, -0.067559, 0.4, -0.379319, 0.00388, 0.92526, 0.0, 0.0, 0.0, 0.0, 1.0],
                [0.851148, 0.175265, 0.494801, 0.0, -0.152747, 0.984517, -0.085977, 0.4, -0.502208, -0.0024, 0.864745, 0.0, 0.0, 0.0, 0.0, 1.0],
                [0.793207, 0.159049, 0.587814, -0.0, -0.146582, 0.986774, -0.069199, 0.4, -0.591045, -0.031274, 0.806033, 0.0, 0.0, 0.0, 0.0, 1.0],
                [0.742563, 0.134829, 0.656066, -1e-06, -0.140551, 0.989085, -0.044188, 0.4, -0.654863, -0.059399, 0.75341, 0.0, 0.0, 0.0, 0.0, 1.0],
                [0.689927, 0.103818, 0.716396, 0.0, -0.134711, 0.990786, -0.013848, 0.4, -0.711234, -0.086952, 0.697557, -0.0, 0.0, 0.0, 0.0, 1.0],
                [0.62351, 0.062679, 0.779299, 0.0, -0.127886, 0.99153, 0.022571, 0.4, -0.771286, -0.113735, 0.626246, 0.0, 0.0, 0.0, 0.0, 1.0],
                [0.559535, 0.026609, 0.82838, -0.0, -0.121872, 0.99126, 0.050479, 0.4, -0.819799, -0.129201, 0.557888, -0.0, 0.0, 0.0, 0.0, 1.0],
                [0.559535, 0.026609, 0.82838, -0.0, -0.121872, 0.99126, 0.050479, 0.4, -0.819799, -0.129201, 0.557888, -0.0, 0.0, 0.0, 0.0, 1.0]
            ]
        },
        {
            "name": "Shoulder_R",
            "time": [0.0, 0.1667, 0.2083, 0.4167, 0.5417, 0.7917, 0.9583, 1.0, 1.0417, 1.0833, 1.125, 1.1667, 1.2083, 1.25, 1.2916],
            "transform": [
                [0.511162, 0.859113, 0.025498, 0.0, 0.846027, -0.497725, -0.191052, 0.4, -0.151442, 0.119234, -0.981245, 0.0, 0.0, 0.0, 0.0, 1.0],
                [0.40269, 0.914788, 0.031922, 0.0, 0.901886, -0.39059, -0.184466, 0.4, -0.156275, 0.103075, -0.982319, 0.0, 0.0, 0.0, 0.0, 1.0],
                [0.384993, 0.89724, -0.216224, 0.0, 0.876162, -0.428945, -0.219852, 0.4, -0.290003, -0.104808, -0.951268, 0.0, 0.0, 0.0, 0.0, 1.0],
