{
    "animation": [
        {
            "name": "Root",
            "time": [0.0, 0.0417, 0.0833, 0.125, 0.1667, 0.2083, 0.25, 0.2917, 0.3333, 0.375, 0.4167, 0.4583, 0.5, 0.5417, 0.5833, 0.625, 0.6667, 0.7083, 0.75, 0.7917, 0.8333, 0.875, 0.9167, 0.9583, 1.0, 1.0417, 1.0833, 1.125, 1.1667, 1.2083, 1.25, 10.4583],
            "transform": [
                [1.0, -0.0, -0.0, -0.504427, -0.0, -0.0, -1.0, 0.179055, 0.0, 1.0, -0.0, 0.357407, 0.0, 0.0, 0.0, 1.0],
                [1.0, -0.0, -0.0, -0.509583, -0.0, -0.0, -1.0, 0.730778, 0.0, 1.0, -0.0, 0.357407, 0.0, 0.0, 0.0, 1.0],
                [1.0, -0.0, -0.0, -0.506611, -0.0, -0.0, -1.0, 1.204975, 0.0, 1.0, -0.0, 0.796026, 0.0, 0.0, 0.0, 1.0],
                [1.0, -0.0, -0.0, -0.504242, -0.0, -0.0, -1.0, 2.012422, 0.0, 1.0, -0.0, 0.629402, 0.0, 0.0, 0.0, 1.0],
                [1.0, -0.0, -0.0, -0.507831, -0.0, -0.0, -1.0, 2.732177, 0.0, 1.0, -0.0, 0.580166, 0.0, 0.0, 0.0, 1.0],
                [1.0, -0.0, -0.0, -0.500599, -0.0, -0.0, -1.0, 3.47511, 0.0, 1.0, -0.0, 0.542546, 0.0, 0.0, 0.0, 1.0],
                [1.0, -0.0, -0.0, -0.48865, -0.0, -0.0, -1.0, 3.887787, 0.0, 1.0, -0.0, 0.478863, 0.0, 0.0, 0.0, 1.0],
                [1.0, -0.0, -0.0, -0.483694, -0.0, -0.0, -1.0, 4.137104, 0.0, 1.0, -0.0, 0.406171, 0.0, 0.0, 0.0, 1.0],
                [1.0, -0.0, -0.0, -0.481222, -0.0, -0.0, -1.0, 4.343091, 0.0, 1.0, -0.0, 0.337776, 0.0, 0.0, 0.0, 1.0],
                [1.0, -0.0, -0.0, -0.481588, -0.0, -0.0, -1.0, 4.548015, 0.0, 1.0, -0.0, 0.286981, 0.0, 0.0, 0.0, 1.0],
                [1.0, -0.0, -0.0, -0.506688, -0.0, -0.0, -1.0, 4.875023, 0.0, 1.0, -0.0, 0.267093, 0.0, 0.0, 0.0, 1.0],
                [1.0, -0.0, -0.0, -0.539967, -0.0, -0.0, -1.0, 5.158481, 0.0, 1.0, -0.0, 0.304944, 0.0, 0.0, 0.0, 1.0],
                [1.0, -0.0, -0.0, -0.559127, -0.0, -0.0, -1.0, 5.267952, 0.0, 1.0, -0.0, 0.375537, 0.0, 0.0, 0.0, 1.0],
                [1.0, -0.0, -0.0, -0.575815, -0.0, -0.0, -1.0, 5.331457, 0.0, 1.0, -0.0, 0.414432, 0.0, 0.0, 0.0, 1.0],
                [1.0, -0.0, -0.0, -0.58525, -0.0, -0.0, -1.0, 5.374707, 0.0, 1.0, -0.0, 0.415346, 0.0, 0.0, 0.0, 1.0],
                [1.0, -0.0, -0.0, -0.587677, -0.0, -0.0, -1.0, 5.414198, 0.0, 1.0, -0.0, 0.415477, 0.0, 0.0, 0.0, 1.0],
                [1.0, -0.0, -0.0, -0.585904, -0.0, -0.0, -1.0, 5.452387, 0.0, 1.0, -0.0, 0.415608, 0.0, 0.0, 0.0, 1.0],
                [1.0, -0.0, -0.0, -0.584598, -0.0, -0.0, -1.0, 5.48297, 0.0, 1.0, -0.0, 0.416522, 0.0, 0.0, 0.0, 1.0],
                [1.0, -0.0, -0.0, -0.590071, -0.0, -0.0, -1.0, 5.51055, 0.0, 1.0, -0.0, 0.423847, 0.0, 0.0, 0.0, 1.0],
                [1.0, -0.0, -0.0, -0.603119, -0.0, -0.0, -1.0, 5.536742, 0.0, 1.0, -0.0, 0.44542, 0.0, 0.0, 0.0, 1.0],
                [1.0, -0.0, -0.0, -0.613599, -0.0, -0.0, -1.0, 5.582191, 0.0, 1.0, -0.0, 0.47476, 0.0, 0.0, 0.0, 1.0],
                [1.0, -0.0, -0.0, -0.623315, -0.0, -0.0, -1.0, 5.638991, 0.0, 1.0, -0.0, 0.502358, 0.0, 0.0, 0.0, 1.0],
                [1.0, -0.0, -0.0, -0.621608, -0.0, -0.0, -1.0, 5.67796, 0.0, 1.0, -0.0, 0.523396, 0.0, 0.0, 0.0, 1.0],
                [1.0, -0.0, -0.0, -0.606776, -0.0, -0.0, -1.0, 5.70196, 0.0, 1.0, -0.0, 0.53978, 0.0, 0.0, 0.0, 1.0],
                [1.0, -0.0, -0.0, -0.581461, -0.0, -0.0, -1.0, 5.720879, 0.0, 1.0, -0.0, 0.552092, 0.0, 0.0, 0.0, 1.0],
                [1.0, -0.0, -0.0, -0.556471, -0.0, -0.0, -1.0, 5.733802, 0.0, 1.0, -0.0, 0.560915, 0.0, 0.0, 0.0, 1.0],
                [1.0, -0.0, -0.0, -0.533187, -0.0, -0.0, -1.0, 5.746593, 0.0, 1.0, -0.0, 0.566828, 0.0, 0.0, 0.0, 1.0],
                [1.0, -0.0, -0.0, -0.509319, -0.0, -0.0, -1.0, 5.758246, 0.0, 1.0, -0.0, 0.570415, 0.0, 0.0, 0.0, 1.0],
                [1.0, -0.0, -0.0, -0.501397, -0.0, -0.0, -1.0, 5.759146, 0.0, 1.0, -0.0, 0.572257, 0.0, 0.0, 0.0, 1.0],
                [1.0, -0.0, -0.0, -0.507669, -0.0, -0.0, -1.0, 5.759161, 0.0, 1.0, -0.0, 0.572936, 0.0, 0.0, 0.0, 1.0],
                [1.0, -0.0, -0.0, -0.518113, -0.0, -0.0, -1.0, 5.759177, 0.0, 1.0, -0.0, 0.573033, 0.0, 0.0, 0.0, 1.0],
                [1.0, -0.0, -0.0, -0.518113, -0.0, -0.0, -1.0, 5.759177, 0.0, 1.0, -0.0, 0.573033, 0.0, 0.0, 0.0, 1.0]
            ]
        },
        {
            "name": "Thigh_R",
            "time": [0.0, 0.0417, 0.0833, 0.125, 0.1667, 0.2083, 0.25, 0.2917, 0.3333, 0.375, 0.4167, 0.4583, 0.5, 0.5417, 0.5833, 0.625, 0.6667, 0.7083, 0.75, 0.7917, 0.8333, 0.875, 0.9167, 0.9583, 1.0, 1.0417, 1.0833, 1.125, 1.1667, 1.2083, 1.25, 10.4583],
            "transform": [
                [0.975649, 0.122888, 0.181689, 0.112018, 0.202459, -0.823237, -0.530369, 0.057857, 0.084397, 0.554238, -0.828069, 0.016724, 0.0, 0.0, 0.0, 1.0],
                [0.962437, 0.222498, 0.155602, 0.11205, 0.224837, -0.331855, -0.916144, 0.055904, -0.152203, 0.916716, -0.369414, 0.0144, 0.0, 0.0, 0.0, 1.0],
                [0.893343, 0.448699, 0.024675, 0.112278, 0.029504, -0.003772, -0.999557, 0.051247, -0.448408, 0.893676, -0.016608, 0.008858, 0.0, 0.0, 0.0, 1.0],
                [0.858554, 0.435118, -0.271217, 0.112896, -0.399458, 0.236025, -0.885847, 0.045688, -0.321434, 0.868888, 0.376451, 0.002243, 0.0, 0.0, 0.0, 1.0],
                [0.900185, 0.309972, -0.305919, 0.114099, -0.41706, 0.411266, -0.810506, 0.04103, -0.12542, 0.857192, 0.499492, -0.003299, 0.0, 0.0, 0.0, 1.0],
                [0.989058, 0.141819, -0.040662, 0.116083, -0.112447, 0.90307, 0.414512, 0.039077, 0.095506, -0.405405, 0.909135, -0.005623, 0.0, 0.0, 0.0, 1.0],
                [0.98303, 0.011444, 0.183095, 0.121776, -0.18336, 0.092873, 0.978648, 0.052047, -0.005805, -0.995613, 0.093394, 0.000571, 0.0, 0.0, 0.0, 1.0],
                [0.994425, 0.016981, 0.104082, 0.129793, -0.100009, -0.161314, 0.981823, 0.076135, 0.033463, -0.986758, -0.158717, 0.015451, 0.0, 0.0, 0.0, 1.0],
                [0.998618, 0.030789, 0.042628, 0.13386, -0.025984, -0.415844, 0.909064, 0.089105, 0.045716, -0.908915, -0.414469, 0.033464, 0.0, 0.0, 0.0, 1.0],
                [0.997699, 0.050429, 0.04536, 0.119378, -0.003946, -0.62447, 0.781038, 0.072714, 0.067713, -0.779419, -0.622833, 0.049956, 0.0, 0.0, 0.0, 1.0],
                [0.986912, 0.158904, 0.027522, 0.091603, 0.038266, -0.396521, 0.917227, 0.042276, 0.156664, -0.904168, -0.397412, 0.063864, 0.0, 0.0, 0.0, 1.0],
                [0.515531, 0.853339, 0.07774, 0.074042, 0.228322, -0.224247, 0.947408, 0.025886, 0.825893, -0.470668, -0.310441, 0.075022, 0.0, 0.0, 0.0, 1.0],
                [0.164636, 0.97096, 0.173589, 0.070151, 0.373314, -0.224237, 0.900197, 0.03146, 0.912981, -0.083402, -0.39939, 0.083392, 0.0, 0.0, 0.0, 1.0],
                [0.278977, 0.903385, 0.325682, 0.067543, 0.369184, -0.413978, 0.832061, 0.045396, 0.886497, -0.111889, -0.449005, 0.089429, 0.0, 0.0, 0.0, 1.0],
                [0.354381, 0.831809, 0.427213, 0.065961, 0.37849, -0.54536, 0.747882, 0.063512, 0.85508, -0.103339, -0.508095, 0.093718, 0.0, 0.0, 0.0, 1.0],
                [0.322038, 0.804654, 0.498823, 0.065149, 0.445967, -0.593706, 0.669796, 0.081628, 0.835109, 0.006759, -0.550044, 0.096838, 0.0, 0.0, 0.0, 1.0],
                [0.270666, 0.777324, 0.567898, 0.064849, 0.52038, -0.614443, 0.593014, 0.095564, 0.809906, 0.135014, -0.570811, 0.099373, 0.0, 0.0, 0.0, 1.0],
                [0.227893, 0.748339, 0.622941, 0.064807, 0.5786, -0.618646, 0.531508, 0.101138, 0.783128, 0.239307, -0.573972, 0.101905, 0.0, 0.0, 0.0, 1.0],
                [0.276952, 0.690153, 0.668571, 0.066671, 0.624817, -0.657951, 0.420363, 0.10057, 0.730003, 0.301314, -0.613439, 0.104844, 0.0, 0.0, 0.0, 1.0],
                [0.443773, 0.619225, 0.647786, 0.071117, 0.632474, -0.728523, 0.263121, 0.098886, 0.634859, 0.292942, -0.714941, 0.107912, 0.0, 0.0, 0.0, 1.0],
                [0.528248, 0.610234, 0.590398, 0.076424, 0.580602, -0.766965, 0.273252, 0.096117, 0.619563, 0.198441, -0.759449, 0.11066, 0.0, 0.0, 0.0, 1.0],
                [0.602382, 0.628085, 0.492592, 0.080871, 0.498529, -0.777995, 0.382352, 0.092293, 0.623385, 0.01525, -0.781767, 0.112638, 0.0, 0.0, 0.0, 1.0],
                [0.655682, 0.61723, 0.434867, 0.082735, 0.401917, -0.772896, 0.491014, 0.087445, 0.639177, -0.147168, -0.754848, 0.113397, 0.0, 0.0, 0.0, 1.0],
                [0.680286, 0.415252, 0.603969, 0.081406, 0.278679, -0.908682, 0.310863, 0.081711, 0.677904, -0.043161, -0.733884, 0.112781, 0.0, 0.0, 0.0, 1.0],
                [0.663881, 0.241159, 0.707889, 0.078297, 0.242781, -0.964809, 0.100999, 0.075665, 0.707336, 0.104811, -0.699066, 0.110851, 0.0, 0.0, 0.0, 1.0],
                [0.64461, 0.192578, 0.73986, 0.074725, 0.243159, -0.969145, 0.040405, 0.069988, 0.724814, 0.153858, -0.671546, 0.107485, 0.0, 0.0, 0.0, 1.0],
                [0.626392, 0.181451, 0.758097, 0.072009, 0.245633, -0.96893, 0.028957, 0.06536, 0.739798, 0.168076, -0.651499, 0.102562, 0.0, 0.0, 0.0, 1.0],
                [0.603245, 0.196567, 0.772954, 0.070584, 0.252331, -0.966408, 0.048835, 0.062287, 0.75659, 0.165581, -0.63258, 0.096238, 0.0, 0.0, 0.0, 1.0],
                [0.58583, 0.229163, 0.77736, 0.069853, 0.258649, -0.961896, 0.088643, 0.060565, 0.768055, 0.149134, -0.622779, 0.089791, 0.0, 0.0, 0.0, 1.0],
                [0.574696, 0.234595, 0.784022, 0.069583, 0.263681, -0.960021, 0.093977, 0.05981, 0.774726, 0.152724, -0.613578, 0.084781, 0.0, 0.0, 0.0, 1.0],
                [0.560886, 0.238194, 0.792888, 0.069544, 0.266597, -0.958668, 0.099408, 0.059644, 0.783796, 0.155625, -0.601204, 0.082765, 0.0, 0.0, 0.0, 1.0],
                [0.560886, 0.238194, 0.792888, 0.069544, 0.266597, -0.958668, 0.099408, 0.059644, 0.783796, 0.155625, -0.601204, 0.082765, 0.0, 0.0, 0.0, 1.0]
            ]
        },
        {
            "name": "Leg_R",
            "time": [0.0, 0.0417, 0.0833, 0.125, 0.1667, 0.2083, 0.25, 0.2917, 0.3333, 0.375, 0.4167, 0.4583, 0.5, 0.5417, 0.5833, 0.625, 0.6667, 0.7083, 0.75, 0.7917, 0.8333, 0.875, 0.9167, 0.9583, 1.0, 1.0417, 1.0833, 1.125, 1.1667, 1.2083, 1.25, 10.4583],
            "transform": [
                [0.999999, 2e-06, 1e-06, -0.0, -3e-06, 0.874682, 0.484699, 0.37472, 0.0, -0.4847, 0.874681, 0.0, 0.0, 0.0, 0.0, 1.0],
                [0.999999, 2e-06, 2e-06, 0.0, -3e-06, 0.712613, 0.701558, 0.37472, 0.0, -0.701559, 0.712612, 0.0, 0.0, 0.0, 0.0, 1.0],
                [0.999999, -0.0, 2e-06, 0.0, -3e-06, -0.319898, 0.947451, 0.37472, 0.0, -0.947453, -0.319898, -0.0, 0.0, 0.0, 0.0, 1.0],
                [0.999999, -1e-06, 2e-06, 0.0, -2e-06, -0.743978, 0.668204, 0.37472, 1e-06, -0.668204, -0.743978, -0.0, 0.0, 0.0, 0.0, 1.0],
                [0.999999, -2e-06, 2e-06, 0.0, -2e-06, -0.842373, 0.538896, 0.37472, 1e-06, -0.538897, -0.842372, 0.0, 0.0, 0.0, 0.0, 1.0],
                [0.999999, 2e-06, 2e-06, -0.0, -3e-06, 0.512905, 0.858445, 0.37472, 0.0, -0.858446, 0.512905, -0.0, 0.0, 0.0, 0.0, 1.0],
                [0.999999, 3e-06, 0.0, 0.0, -3e-06, 0.984403, 0.175931, 0.37472, 0.0, -0.175931, 0.984402, -0.0, 0.0, 0.0, 0.0, 1.0],
                [0.999999, 3e-06, 0.0, 0.0, -3e-06, 0.963683, 0.267049, 0.37472, 0.0, -0.267049, 0.963683, -0.0, 0.0, 0.0, 0.0, 1.0],
                [0.999999, 3e-06, 1e-06, -0.0, -3e-06, 0.955353, 0.29547, 0.37472, 0.0, -0.29547, 0.955352, 0.0, 0.0, 0.0, 0.0, 1.0],
                [0.999999, 3e-06, 1e-06, 0.0, -3e-06, 0.940499, 0.339799, 0.37472, 0.0, -0.339799, 0.940498, 0.0, 0.0, 0.0, 0.0, 1.0],
                [0.999999, 1e-06, 2e-06, 0.0, -2e-06, 0.198742, 0.980051, 0.37472, 1e-06, -0.980052, 0.198742, -0.0, 0.0, 0.0, 0.0, 1.0],
                [0.999999, -1e-06, 2e-06, 0.0, -2e-06, -0.580872, 0.813995, 0.37472, 1e-06, -0.813996, -0.580871, 0.0, 0.0, 0.0, 0.0, 1.0],
                [0.999999, -1e-06, 2e-06, -0.0, -2e-06, -0.491646, 0.870794, 0.37472, 1e-06, -0.870795, -0.491645, -0.0, 0.0, 0.0, 0.0, 1.0],
                [1.0, 0.0, 2e-06, -0.0, -2e-06, -0.25306, 0.96745, 0.37472, 1e-06, -0.967451, -0.25306, 0.0, 0.0, 0.0, 0.0, 1.0],
                [0.999999, 0.0, 3e-06, 1e-06, -3e-06, -0.061149, 0.998128, 0.37472, 1e-06, -0.998129, -0.061149, 0.0, 0.0, 0.0, 0.0, 1.0],
                [0.999999, 1e-06, 2e-06, 0.0, -3e-06, 0.057523, 0.998344, 0.37472, 1e-06, -0.998344, 0.057523, -0.0, 0.0, 0.0, 0.0, 1.0],
                [1.0, 1e-06, 2e-06, 0.0, -3e-06, 0.147139, 0.989115, 0.37472, 1e-06, -0.989117, 0.147138, 0.0, 0.0, 0.0, 0.0, 1.0],
                [1.0, 1e-06, 2e-06, 0.0, -3e-06, 0.223821, 0.97463, 0.37472, 0.0, -0.974631, 0.223821, -0.0, 0.0, 0.0, 0.0, 1.0],
                [1.0, 1e-06, 2e-06, 0.0, -3e-06, 0.342012, 0.939695, 0.37472, 1e-06, -0.939696, 0.342012, 0.0, 0.0, 0.0, 0.0, 1.0],
                [1.0, 2e-06, 2e-06, -0.0, -3e-06, 0.473719, 0.880676, 0.37472, 0.0, -0.880676, 0.473719, -0.0, 0.0, 0.0, 0.0, 1.0],
                [1.0, 2e-06, 2e-06, -0.0, -3e-06, 0.472365, 0.881402, 0.37472, 1e-06, -0.881403, 0.472365, 0.0, 0.0, 0.0, 0.0, 1.0],
                [1.0, 1e-06, 2e-06, -0.0, -3e-06, 0.392561, 0.919725, 0.37472, 1e-06, -0.919726, 0.39256, -0.0, 0.0, 0.0, 0.0, 1.0],
                [1.0, 1e-06, 2e-06, -0.0, -2e-06, 0.377479, 0.926018, 0.37472, 1e-06, -0.926018, 0.377478, -1e-06, 0.0, 0.0, 0.0, 1.0],
                [1.0, 2e-06, 1e-06, -0.0, -3e-06, 0.782625, 0.622492, 0.37472, 0.0, -0.622493, 0.782625, 0.0, 0.0, 0.0, 0.0, 1.0],
                [1.0, 3e-06, 1e-06, -1e-06, -3e-06, 0.955017, 0.296549, 0.37472, 0.0, -0.296549, 0.955017, -0.0, 0.0, 0.0, 0.0, 1.0],
                [1.0, 3e-06, 0.0, -0.0, -3e-06, 0.970753, 0.240081, 0.37472, 0.0, -0.240081, 0.970753, 0.0, 0.0, 0.0, 0.0, 1.0],
                [1.0, 3e-06, 0.0, 0.0, -3e-06, 0.965664, 0.259795, 0.37472, 0.0, -0.259795, 0.965663, 0.0, 0.0, 0.0, 0.0, 1.0],
                [1.0, 3e-06, 1e-06, 0.0, -3e-06, 0.946803, 0.321813, 0.37472, 0.0, -0.321813, 0.946803, -0.0, 0.0, 0.0, 0.0, 1.0],
                [1.0, 3e-06, 1e-06, -0.0, -3e-06, 0.920756, 0.390139, 0.37472, 0.0, -0.390139, 0.920755, -0.0, 0.0, 0.0, 0.0, 1.0],
                [1.0, 3e-06, 1e-06, -0.0, -3e-06, 0.920417, 0.390936, 0.37472, 0.0, -0.390937, 0.920417, 0.0, 0.0, 0.0, 0.0, 1.0],
                [1.0, 3e-06, 1e-06, 0.0, -3e-06, 0.926246, 0.376919, 0.37472, 0.0, -0.376919, 0.926246, -0.0, 0.0, 0.0, 0.0, 1.0],
                [1.0, 3e-06, 1e-06, 0.0, -3e-06, 0.926246, 0.376919, 0.37472, 0.0, -0.376919, 0.926246, -0.0, 0.0, 0.0, 0.0, 1.0]
            ]
        },
        {
            "name": "Knee_R",
            "time": [0.0, 10.4583],
            "transform": [
                [1.0, 0.0, -0.0, -1e-06, -0.0, 1e-06, -1.0, 0.37472, -0.0, 1.0, 1e-06, 0.0, 0.0, 0.0, 0.0, 1.0],
                [1.0, 0.0, -0.0, -0.0, -0.0, 1e-06, -1.0, 0.37472, -0.0, 1.0, 1e-06, 0.0, 0.0, 0.0, 0.0, 1.0]
            ]
        },
        {
            "name": "Thigh_L",
            "time": [0.0, 0.0417, 0.0833, 0.125, 0.1667, 0.2083, 0.25, 0.2917, 0.3333, 0.375, 0.4167, 0.4583, 0.5, 0.5417, 0.5833, 0.625, 0.6667, 0.7083, 0.75, 0.7917, 0.8333, 0.875, 0.9167, 0.9583, 1.0, 1.0417, 1.0833, 1.125, 1.1667, 1.2083, 1.25, 10.4583],
            "transform": [
                [0.959108, -0.255215, -0.122364, -0.141764, -0.234293, -0.958468, 0.162631, 0.094145, -0.158787, -0.127311, -0.97907, -0.010187, 0.0, 0.0, 0.0, 1.0],
                [0.944363, -0.075279, -0.320169, -0.140185, -0.31262, -0.507904, -0.802684, 0.091441, -0.10219, 0.85812, -0.503179, -0.017088, 0.0, 0.0, 0.0, 1.0],
                [0.991476, -0.039528, -0.124132, -0.136712, -0.123463, 0.018925, -0.992169, 0.084812, 0.041567, 0.999041, 0.013884, -0.032272, 0.0, 0.0, 0.0, 1.0],
                [0.998717, -0.043041, -0.026578, -0.133239, -0.011607, 0.316407, -0.948553, 0.07649, 0.049236, 0.947648, 0.315502, -0.047455, 0.0, 0.0, 0.0, 1.0],
                [0.952688, -0.303378, -0.018498, -0.13166, 0.161214, 0.555976, -0.815414, 0.068701, 0.257662, 0.773857, 0.578582, -0.054357, 0.0, 0.0, 0.0, 1.0],
                [0.952263, -0.197616, -0.232675, -0.13382, 0.244681, 0.949863, 0.194667, 0.063216, 0.182539, -0.242307, 0.952873, -0.051385, 0.0, 0.0, 0.0, 1.0],
                [0.912752, 0.033226, -0.407156, -0.138572, 0.368596, 0.362704, 0.85591, 0.059959, 0.176115, -0.931313, 0.318812, -0.044847, 0.0, 0.0, 0.0, 1.0],
                [0.892987, -0.010152, -0.449963, -0.143325, 0.446623, 0.143598, 0.883123, 0.058397, 0.055648, -0.989585, 0.132765, -0.038309, 0.0, 0.0, 0.0, 1.0],
                [0.896135, -0.163793, -0.412445, -0.145485, 0.422851, 0.033127, 0.905593, 0.057995, -0.134666, -0.98594, 0.098946, -0.035337, 0.0, 0.0, 0.0, 1.0],
                [0.886773, -0.359752, -0.290188, -0.140044, 0.322683, 0.032367, 0.945953, 0.063925, -0.330915, -0.932488, 0.144788, -0.040498, 0.0, 0.0, 0.0, 1.0],
                [0.94783, -0.308935, -0.078574, -0.127424, 0.05763, -0.07636, 0.995413, 0.076972, -0.313517, -0.948014, -0.054573, -0.051851, 0.0, 0.0, 0.0, 1.0],
                [0.91262, 0.062733, 0.403962, -0.113181, -0.394746, -0.121668, 0.910698, 0.090019, 0.10628, -0.990589, -0.086273, -0.063204, 0.0, 0.0, 0.0, 1.0],
                [0.786984, 0.109906, 0.607102, -0.102869, -0.56359, -0.272309, 0.779879, 0.09595, 0.251032, -0.955914, -0.152361, -0.068364, 0.0, 0.0, 0.0, 1.0],
                [0.806279, 0.103721, 0.582368, -0.097587, -0.509621, -0.378043, 0.772896, 0.090817, 0.300324, -0.919962, -0.25195, -0.067727, 0.0, 0.0, 0.0, 1.0],
                [0.834725, 0.112056, 0.539141, -0.094383, -0.448981, -0.428362, 0.784169, 0.078459, 0.318817, -0.896634, -0.307254, -0.066205, 0.0, 0.0, 0.0, 1.0],
                [0.843448, 0.155533, 0.514199, -0.092737, -0.420197, -0.405348, 0.811866, 0.063438, 0.3347, -0.900837, -0.276536, -0.06439, 0.0, 0.0, 0.0, 1.0],
                [0.851593, 0.193651, 0.487119, -0.092131, -0.403015, -0.352361, 0.844642, 0.050318, 0.335206, -0.915612, -0.222024, -0.062868, 0.0, 0.0, 0.0, 1.0],
                [0.86504, 0.216674, 0.452498, -0.092045, -0.37746, -0.313064, 0.871501, 0.04366, 0.330491, -0.924688, -0.189027, -0.062231, 0.0, 0.0, 0.0, 1.0],
                [0.900304, 0.192315, 0.390466, -0.09309, -0.315144, -0.330756, 0.889541, 0.04211, 0.30022, -0.923915, -0.237175, -0.06856, 0.0, 0.0, 0.0, 1.0],
                [0.956111, 0.095655, 0.276944, -0.095582, -0.212331, -0.425119, 0.87988, 0.041169, 0.201898, -0.900071, -0.386151, -0.083653, 0.0, 0.0, 0.0, 1.0],
                [0.986563, -0.008192, 0.163165, -0.098557, -0.133843, -0.613224, 0.778487, 0.040687, 0.093679, -0.789869, -0.606081, -0.101668, 0.0, 0.0, 0.0, 1.0],
                [0.995371, -0.086381, 0.042084, -0.101049, -0.094703, -0.807882, 0.581687, 0.040509, -0.016248, -0.582982, -0.812323, -0.116761, 0.0, 0.0, 0.0, 1.0],
                [0.993086, -0.117367, -0.001309, -0.102094, -0.104348, -0.887932, 0.447985, 0.040483, -0.053741, -0.444752, -0.89404, -0.123091, 0.0, 0.0, 0.0, 1.0],
                [0.990909, -0.130961, 0.03072, -0.101451, -0.132038, -0.90334, 0.408099, 0.040832, -0.025694, -0.408447, -0.91242, -0.122242, 0.0, 0.0, 0.0, 1.0],
                [0.987703, -0.122884, 0.09663, -0.099414, -0.153419, -0.880612, 0.448316, 0.041753, 0.030002, -0.45763, -0.888636, -0.119458, 0.0, 0.0, 0.0, 1.0],
                [0.980473, -0.100689, 0.168911, -0.09582, -0.176788, -0.82748, 0.53294, 0.043054, 0.086109, -0.552397, -0.829122, -0.114378, 0.0, 0.0, 0.0, 1.0],
                [0.966978, -0.066492, 0.246027, -0.090506, -0.20254, -0.786437, 0.58352, 0.044545, 0.154685, -0.614084, -0.773935, -0.106645, 0.0, 0.0, 0.0, 1.0],
                [0.927211, -0.041754, 0.372199, -0.083624, -0.232401, -0.843452, 0.484334, 0.046036, 0.293709, -0.535582, -0.791762, -0.096401, 0.0, 0.0, 0.0, 1.0],
                [0.89909, -0.048778, 0.435034, -0.076578, -0.236765, -0.890063, 0.389529, 0.047337, 0.368206, -0.453224, -0.811795, -0.085798, 0.0, 0.0, 0.0, 1.0],
                [0.897215, -0.048488, 0.438919, -0.07109, -0.229157, -0.900769, 0.368924, 0.048258, 0.377475, -0.431588, -0.819295, -0.077491, 0.0, 0.0, 0.0, 1.0],
                [0.898631, -0.045026, 0.436385, -0.068878, -0.220742, -0.906031, 0.361085, 0.048607, 0.379119, -0.420812, -0.824127, -0.074132, 0.0, 0.0, 0.0, 1.0],
                [0.898631, -0.045026, 0.436385, -0.068878, -0.220742, -0.906031, 0.361085, 0.048607, 0.379119, -0.420812, -0.824127, -0.074132, 0.0, 0.0, 0.0, 1.0]
            ]
        },
        {
            "name": "Leg_L",
            "time": [0.0, 0.0417, 0.0833, 0.125, 0.1667, 0.2083, 0.25, 0.2917, 0.3333, 0.375, 0.4167, 0.4583, 0.5, 0.5417, 0.5833, 0.625, 0.6667, 0.7083, 0.75, 0.7917, 0.8333, 0.875, 0.9167, 0.9583, 1.0, 1.0417, 1.0833, 1.125, 1.1667, 1.2083, 1.25, 10.4583],
            "transform": [
                [0.999997, 0.0, 0.0, -0.0, -0.0, 0.378537, 0.925587, 0.37472, 0.0, -0.925586, 0.378538, 0.0, 0.0, 0.0, 0.0, 1.0],
                [0.999998, 0.0, -0.0, 0.0, -0.0, 0.925228, 0.379411, 0.37472, 0.0, -0.379409, 0.925232, 0.0, 0.0, 0.0, 0.0, 1.0],
                [0.999997, 0.0, -0.0, 0.0, -0.0, 0.586865, 0.809686, 0.37472, 0.0, -0.809686, 0.586865, -0.0, 0.0, 0.0, 0.0, 1.0],
                [0.999997, -0.0, -0.0, 0.0, 0.0, -0.113288, 0.993564, 0.37472, -0.0, -0.993563, -0.113288, -0.0, 0.0, 0.0, 0.0, 1.0],
                [0.999997, -0.0, -0.0, 0.0, -0.0, -0.717779, 0.696273, 0.37472, -0.0, -0.696271, -0.717781, -0.0, 0.0, 0.0, 0.0, 1.0],
                [0.999997, -0.0, 0.0, 0.0, -0.0, 0.422014, 0.906591, 0.37472, -0.0, -0.906589, 0.422015, 0.0, 0.0, 0.0, 0.0, 1.0],
                [0.999998, 0.0, -0.0, -0.0, -0.0, 0.954752, 0.297399, 0.37472, 0.0, -0.297398, 0.954756, 0.0, 0.0, 0.0, 0.0, 1.0],
                [0.999997, 0.0, -0.0, 0.0, -0.0, 0.966236, 0.257655, 0.37472, 0.0, -0.257653, 0.96624, -0.0, 0.0, 0.0, 0.0, 1.0],
                [0.999997, 0.0, -0.0, 0.0, -0.0, 0.836469, 0.548016, 0.37472, 0.0, -0.548014, 0.836471, 0.0, 0.0, 0.0, 0.0, 1.0],
                [0.999997, -0.0, 0.0, -0.0, 0.0, 0.382939, 0.923775, 0.37472, -0.0, -0.923775, 0.382938, 0.0, 0.0, 0.0, 0.0, 1.0],
                [0.999997, -0.0, 0.0, -0.0, 0.0, 0.186871, 0.982385, 0.37472, -0.0, -0.982386, 0.186871, -0.0, 0.0, 0.0, 0.0, 1.0],
                [0.999997, -0.0, -0.0, -0.0, 0.0, 0.486537, 0.873661, 0.37472, -0.0, -0.873661, 0.486537, -0.0, 0.0, 0.0, 0.0, 1.0],
                [0.999997, 0.0, 0.0, -0.0, -0.0, 0.697856, 0.716239, 0.37472, 0.0, -0.716238, 0.697857, 0.0, 0.0, 0.0, 0.0, 1.0],
                [0.999997, 0.0, 0.0, 0.0, -0.0, 0.676987, 0.735996, 0.374719, 0.0, -0.735995, 0.676988, -0.0, 0.0, 0.0, 0.0, 1.0],
                [0.999997, 0.0, 0.0, -0.0, -0.0, 0.603734, 0.797187, 0.37472, 0.0, -0.797186, 0.603735, 0.0, 0.0, 0.0, 0.0, 1.0],
                [0.999997, 0.0, 0.0, -0.0, -0.0, 0.429782, 0.902934, 0.374721, -0.0, -0.902933, 0.429783, 0.0, 0.0, 0.0, 0.0, 1.0],
                [0.999997, -0.0, -0.0, -0.0, 0.0, 0.20511, 0.97874, 0.374719, -0.0, -0.97874, 0.20511, -0.0, 0.0, 0.0, 0.0, 1.0],
                [0.999997, -0.0, 0.0, -0.0, -0.0, 0.03929, 0.999228, 0.37472, -0.0, -0.999229, 0.03929, 0.0, 0.0, 0.0, 0.0, 1.0],
                [0.999997, -0.0, 0.0, -0.0, -0.0, -0.027566, 0.999621, 0.37472, -0.0, -0.999621, -0.027566, 0.0, 0.0, 0.0, 0.0, 1.0],
                [0.999997, -0.0, 0.0, -0.0, -0.0, 0.03786, 0.999284, 0.37472, -0.0, -0.999285, 0.03786, -0.0, 0.0, 0.0, 0.0, 1.0],
                [0.999997, -0.0, 0.0, 0.0, -0.0, 0.19115, 0.981562, 0.37472, -0.0, -0.981562, 0.19115, 0.0, 0.0, 0.0, 0.0, 1.0],
                [0.999997, -0.0, 0.0, 0.0, -0.0, 0.431857, 0.901943, 0.37472, -0.0, -0.901942, 0.431858, 0.0, 0.0, 0.0, 0.0, 1.0],
                [0.999997, -0.0, 0.0, 0.0, -0.0, 0.572133, 0.820162, 0.37472, -0.0, -0.820161, 0.572133, -1e-06, 0.0, 0.0, 0.0, 1.0],
                [0.999997, -0.0, 0.0, 0.0, -0.0, 0.590653, 0.806927, 0.37472, -0.0, -0.806926, 0.590654, -0.0, 0.0, 0.0, 0.0, 1.0],
                [0.999997, -0.0, 0.0, -0.0, -0.0, 0.55585, 0.831284, 0.37472, -0.0, -0.831283, 0.555851, -0.0, 0.0, 0.0, 0.0, 1.0],
                [0.999997, -0.0, 0.0, -0.0, -0.0, 0.507031, 0.861929, 0.374721, -0.0, -0.861929, 0.507031, -0.0, 0.0, 0.0, 0.0, 1.0],
                [0.999997, -0.0, 0.0, -0.0, -0.0, 0.506351, 0.862329, 0.37472, -0.0, -0.862328, 0.506351, -0.0, 0.0, 0.0, 0.0, 1.0],
                [0.999997, 0.0, 0.0, -0.0, -0.0, 0.683942, 0.729538, 0.37472, -0.0, -0.729536, 0.683943, -0.0, 0.0, 0.0, 0.0, 1.0],
                [0.999997, 0.0, -0.0, 0.0, -0.0, 0.792808, 0.609472, 0.37472, 0.0, -0.60947, 0.79281, 1e-06, 0.0, 0.0, 0.0, 1.0],
                [0.999997, 0.0, 0.0, 0.0, -0.0, 0.813664, 0.581336, 0.37472, 0.0, -0.581334, 0.813666, 0.0, 0.0, 0.0, 0.0, 1.0],
                [0.999998, 0.0, -0.0, -0.0, -0.0, 0.832553, 0.553945, 0.37472, 0.0, -0.553943, 0.832556, -1e-06, 0.0, 0.0, 0.0, 1.0],
                [0.999998, 0.0, -0.0, -0.0, -0.0, 0.832553, 0.553945, 0.37472, 0.0, -0.553943, 0.832556, -1e-06, 0.0, 0.0, 0.0, 1.0]
            ]
        },
        {
            "name": "Knee_L",
            "time": [0.0, 10.4583],
            "transform": [
                [1.0, 0.0, -0.0, 0.0, -0.0, 1e-06, -1.0, 0.37472, -0.0, 1.0, 1e-06, 0.0, 0.0, 0.0, 0.0, 1.0],
                [1.0, 0.0, -0.0, 0.0, -0.0, 1e-06, -1.0, 0.37472, -0.0, 1.0, 1e-06, -1e-06, 0.0, 0.0, 0.0, 1.0]
            ]
        },
        {
            "name": "Torso",
            "time": [0.0, 0.0417, 0.0833, 0.125, 0.1667, 0.2083, 0.25, 0.2917, 0.3333, 0.375, 0.4167, 0.4583, 0.5, 0.5417, 0.5833, 0.625, 0.6667, 0.7083, 0.75, 0.7917, 0.8333, 0.875, 0.9167, 0.9583, 1.0, 1.0417, 1.0833, 1.125, 1.1667, 1.2083, 1.25, 10.4583],
            "transform": [
                [0.997368, 0.033611, -0.064275, -0.0, 0.02954, 0.621103, 0.783172, 0.05, 0.066245, -0.783007, 0.618475, -0.0, 0.0, 0.0, 0.0, 1.0],
                [0.999192, -0.031935, -0.024493, -0.0, 0.024894, 0.012222, 0.999615, 0.05, -0.031624, -0.999414, 0.013007, -0.0, 0.0, 0.0, 0.0, 1.0],
                [0.995067, -0.098663, 0.010535, -0.0, -0.038742, -0.288581, 0.956671, 0.05, -0.091348, -0.952358, -0.29098, -0.0, 0.0, 0.0, 0.0, 1.0],
                [0.994467, -0.101996, 0.025214, -0.0, -0.074001, -0.509594, 0.857227, 0.05, -0.074585, -0.854347, -0.514321, 0.0, 0.0, 0.0, 0.0, 1.0],
                [0.99914, -0.028451, 0.030204, -0.0, -0.039289, -0.882815, 0.468074, 0.05, 0.013347, -0.468857, -0.883173, 0.0, 0.0, 0.0, 0.0, 1.0],
                [0.995978, -0.066473, 0.060106, 0.0, -0.005063, -0.711351, -0.702818, 0.05, 0.089475, 0.699686, -0.708826, 0.0, 0.0, 0.0, 0.0, 1.0],
                [0.996026, -0.08302, 0.032311, 0.0, 0.023841, -0.101062, -0.994594, 0.05, 0.085837, 0.991409, -0.098681, 0.0, 0.0, 0.0, 0.0, 1.0],
                [0.997964, -0.060672, 0.019756, 0.0, 0.022256, 0.040822, -0.998918, 0.05, 0.0598, 0.997322, 0.042089, 0.0, 0.0, 0.0, 0.0, 1.0],
                [0.999558, -0.029271, 0.00564, -0.0, 0.010306, 0.161801, -0.986769, 0.05, 0.027971, 0.986388, 0.162031, 0.0, 0.0, 0.0, 0.0, 1.0],
                [0.999923, 0.003741, -0.012024, -0.0, -0.012584, 0.331968, -0.943207, 0.05, 0.000463, 0.943282, 0.331989, 0.0, 0.0, 0.0, 0.0, 1.0],
                [0.99629, -0.010763, -0.085406, 0.0, -0.044768, 0.782644, -0.620857, 0.05, 0.073525, 0.622375, 0.779258, 0.0, 0.0, 0.0, 0.0, 1.0],
                [0.844149, -0.018048, -0.535808, -0.0, -0.150892, 0.951031, -0.26976, 0.05, 0.514439, 0.308566, 0.800087, 0.0, 0.0, 0.0, 0.0, 1.0],
                [0.649952, -0.001368, -0.759975, 0.0, -0.164756, 0.975962, -0.142661, 0.05, 0.741904, 0.217932, 0.634103, 0.0, 0.0, 0.0, 0.0, 1.0],
                [0.584532, 0.032883, -0.810705, 0.0, -0.091144, 0.995514, -0.025337, 0.05, 0.806237, 0.088701, 0.584907, 0.0, 0.0, 0.0, 0.0, 1.0],
                [0.560066, 0.044972, -0.827227, 0.0, -0.026687, 0.998985, 0.036242, 0.05, 0.82802, 0.001778, 0.560698, 0.0, 0.0, 0.0, 0.0, 1.0],
                [0.540288, 0.020363, -0.841234, 0.0, 0.027594, 0.99874, 0.041898, 0.05, 0.841029, -0.04585, 0.539045, 0.0, 0.0, 0.0, 0.0, 1.0],
                [0.539573, -0.020573, -0.841688, 0.0, 0.082764, 0.996154, 0.028708, 0.05, 0.837863, -0.085151, 0.5392, 0.0, 0.0, 0.0, 0.0, 1.0],
                [0.540898, -0.055782, -0.839237, 0.0, 0.117543, 0.993019, 0.009754, 0.05, 0.832836, -0.103923, 0.543679, 0.0, 0.0, 0.0, 0.0, 1.0],
                [0.574425, -0.048996, -0.81709, 0.0, 0.105524, 0.994309, 0.014561, 0.05, 0.811729, -0.094586, 0.576326, 0.0, 0.0, 0.0, 0.0, 1.0],
                [0.657152, 0.002433, -0.753755, 0.0, 0.04095, 0.998402, 0.038925, 0.05, 0.752647, -0.056446, 0.656002, 0.0, 0.0, 0.0, 0.0, 1.0],
                [0.695958, -0.000516, -0.718083, 0.0, 0.062016, 0.996305, 0.059388, 0.05, 0.715402, -0.085864, 0.693419, 0.0, 0.0, 0.0, 0.0, 1.0],
                [0.723956, -0.024263, -0.689421, 0.0, 0.110645, 0.990526, 0.081327, 0.05, 0.680918, -0.135158, 0.719781, 0.0, 0.0, 0.0, 0.0, 1.0],
                [0.727903, -0.040989, -0.684455, 0.0, 0.131671, 0.987989, 0.080863, 0.05, 0.672921, -0.148983, 0.724557, 0.0, 0.0, 0.0, 0.0, 1.0],
                [0.723156, -0.048002, -0.689016, 0.0, 0.126106, 0.989989, 0.063384, 0.05, 0.679077, -0.132725, 0.721969, 0.0, 0.0, 0.0, 0.0, 1.0],
                [0.711851, -0.05705, -0.70001, -0.0, 0.104247, 0.994236, 0.02498, 0.05, 0.694552, -0.090755, 0.713696, 0.0, 0.0, 0.0, 0.0, 1.0],
                [0.693301, -0.062671, -0.717919, -0.0, 0.076422, 0.996987, -0.013232, 0.05, 0.716587, -0.045691, 0.696001, 0.0, 0.0, 0.0, 0.0, 1.0],
                [0.676235, -0.069084, -0.733441, -0.0, 0.049512, 0.997603, -0.048316, 0.05, 0.735023, -0.003641, 0.678034, 0.0, 0.0, 0.0, 0.0, 1.0],
                [0.659508, -0.07656, -0.747789, 0.0, 0.020473, 0.996259, -0.083943, 0.05, 0.75142, 0.040051, 0.658608, 0.0, 0.0, 0.0, 0.0, 1.0],
                [0.659347, -0.078118, -0.747771, 0.0, 0.006692, 0.995157, -0.098061, 0.05, 0.751811, 0.059652, 0.656676, 0.0, 0.0, 0.0, 0.0, 1.0],
                [0.670338, -0.075142, -0.738243, 0.0, 0.006711, 0.995432, -0.095226, 0.05, 0.742028, 0.058879, 0.66778, 0.0, 0.0, 0.0, 0.0, 1.0],
                [0.687288, -0.0719, -0.722818, 0.0, 0.006725, 0.995675, -0.092648, 0.05, 0.726355, 0.058814, 0.684799, 0.0, 0.0, 0.0, 0.0, 1.0],
                [0.687288, -0.0719, -0.722818, 0.0, 0.006725, 0.995675, -0.092648, 0.05, 0.726355, 0.058814, 0.684799, 0.0, 0.0, 0.0, 0.0, 1.0]
            ]
        },
        {
            "name": "Chest",
            "time": [0.0, 0.0417, 0.0833, 0.125, 0.1667, 0.2083, 0.25, 0.2917, 0.3333, 0.375, 0.4167, 0.4583, 0.5, 0.5417, 0.5833, 0.625, 0.6667, 0.7083, 0.75, 0.7917, 0.8333, 0.875, 0.9167, 0.9583, 1.0, 1.0417, 1.0833, 1.125, 1.1667, 1.2083, 1.25, 10.4583],
            "transform": [
                [0.997832, -0.036707, -0.054657, 0.0, 0.055695, 0.913332, 0.403387, 0.3, 0.035113, -0.405555, 0.913395, 0.0, 0.0, 0.0, 0.0, 1.0],
                [0.959817, 0.117185, -0.254997, -0.0, -0.080769, 0.985547, 0.1489, 0.3, 0.268761, -0.122321, 0.955408, -0.0, 0.0, 0.0, 0.0, 1.0],
                [0.9539, 0.236633, -0.184614, 0.0, -0.112769, 0.85263, 0.5102, 0.3, 0.278139, -0.46586, 0.840007, -0.0, 0.0, 0.0, 0.0, 1.0],
                [0.98514, 0.171724, -0.003843, -0.0, -0.090938, 0.540402, 0.836478, 0.3, 0.145721, -0.823695, 0.547987, 0.0, 0.0, 0.0, 0.0, 1.0],
                [0.989554, 0.134259, 0.052543, 0.0, -0.119326, 0.558126, 0.821131, 0.3, 0.080919, -0.81882, 0.568317, -0.0, 0.0, 0.0, 0.0, 1.0],
                [0.986862, 0.134297, -0.089841, -0.0, -0.112665, 0.970497, 0.213166, 0.3, 0.115818, -0.200243, 0.972876, -1e-06, 0.0, 0.0, 0.0, 1.0],
                [0.982819, 0.138545, -0.121967, -0.0, -0.172018, 0.927101, -0.333005, 0.3, 0.06694, 0.348263, 0.935003, -0.0, 0.0, 0.0, 0.0, 1.0],
                [0.989055, 0.126369, -0.076188, -0.0, -0.143552, 0.943534, -0.298555, 0.3, 0.034158, 0.306223, 0.951346, -0.0, 0.0, 0.0, 0.0, 1.0],
                [0.995353, 0.085381, -0.044583, 0.0, -0.09138, 0.983388, -0.156833, 0.3, 0.030451, 0.160178, 0.986618, -0.0, 0.0, 0.0, 0.0, 1.0],
                [0.999121, 0.037157, -0.019514, -0.0, -0.037115, 0.999307, 0.002488, 0.3, 0.019593, -0.001762, 0.999806, 0.0, 0.0, 0.0, 0.0, 1.0],
                [0.99956, 0.027139, 0.012115, 0.0, -0.027705, 0.998399, 0.049301, 0.3, -0.010758, -0.049615, 0.99871, -0.0, 0.0, 0.0, 0.0, 1.0],
                [0.999615, -0.000522, -0.027824, 0.0, -0.001757, 0.996645, -0.081814, 0.3, 0.027773, 0.081831, 0.996259, 1e-06, 0.0, 0.0, 0.0, 1.0],
                [0.996086, -0.088104, 0.007464, -0.0, 0.088419, 0.992912, -0.079402, 0.3, -0.000415, 0.079751, 0.996814, 0.0, 0.0, 0.0, 0.0, 1.0],
                [0.972961, -0.204822, 0.106771, -0.0, 0.202364, 0.978736, 0.03349, 0.3, -0.111361, -0.010978, 0.993719, 0.0, 0.0, 0.0, 0.0, 1.0],
                [0.942549, -0.286826, 0.17128, 0.0, 0.267168, 0.954975, 0.129003, 0.3, -0.200571, -0.075831, 0.976739, -0.0, 0.0, 0.0, 0.0, 1.0],
                [0.938451, -0.283435, 0.197429, -0.0, 0.25041, 0.95194, 0.176359, 0.3, -0.237928, -0.116066, 0.964322, -0.0, 0.0, 0.0, 0.0, 1.0],
                [0.947328, -0.23937, 0.212781, 0.0, 0.192669, 0.956648, 0.218407, 0.3, -0.255837, -0.165907, 0.952377, 0.0, 0.0, 0.0, 0.0, 1.0],
                [0.954193, -0.199779, 0.222732, -0.0, 0.139322, 0.955464, 0.260145, 0.3, -0.264785, -0.217196, 0.939528, -0.0, 0.0, 0.0, 0.0, 1.0],
                [0.964529, -0.186419, 0.186914, 0.0, 0.126521, 0.947865, 0.292476, 0.3, -0.231693, -0.258452, 0.937827, 0.0, 0.0, 0.0, 0.0, 1.0],
                [0.976921, -0.188622, 0.10026, 0.0, 0.151548, 0.94277, 0.297009, 0.3, -0.150545, -0.274959, 0.949596, -0.0, 0.0, 0.0, 0.0, 1.0],
                [0.990032, -0.136522, 0.034699, 0.0, 0.12462, 0.963713, 0.236062, 0.3, -0.065668, -0.229384, 0.971118, 0.0, 0.0, 0.0, 0.0, 1.0],
                [0.993611, -0.10521, -0.040902, -0.0, 0.110304, 0.981931, 0.153757, 0.3, 0.023987, -0.157286, 0.987261, -0.0, 0.0, 0.0, 0.0, 1.0],
                [0.986796, -0.117822, -0.111164, -0.0, 0.127453, 0.988289, 0.083895, 0.3, 0.099978, -0.096955, 0.990254, -0.0, 0.0, 0.0, 0.0, 1.0],
                [0.975583, -0.132342, -0.175298, 0.0, 0.138335, 0.990132, 0.022366, 0.3, 0.170609, -0.046069, 0.984261, 0.0, 0.0, 0.0, 0.0, 1.0],
                [0.96456, -0.125831, -0.23194, 0.0, 0.124868, 0.991992, -0.018892, 0.3, 0.232461, -0.01074, 0.972546, -0.0, 0.0, 0.0, 0.0, 1.0],
                [0.956937, -0.106019, -0.270253, 0.0, 0.100926, 0.994355, -0.032719, 0.3, 0.272198, 0.004034, 0.962232, 1e-06, 0.0, 0.0, 0.0, 1.0],
                [0.951685, -0.090325, -0.293501, 0.0, 0.08386, 0.995877, -0.034562, 0.3, 0.295414, 0.008279, 0.955333, -0.0, 0.0, 0.0, 0.0, 1.0],
                [0.950442, -0.083136, -0.299588, 1e-06, 0.077829, 0.996525, -0.029627, 0.3, 0.301011, 0.004842, 0.953608, 0.0, 0.0, 0.0, 0.0, 1.0],
                [0.952456, -0.079908, -0.294019, 0.0, 0.077342, 0.996795, -0.020366, 0.3, 0.294706, -0.003343, 0.955581, 0.0, 0.0, 0.0, 0.0, 1.0],
                [0.955604, -0.078343, -0.284058, -1e-06, 0.07917, 0.996823, -0.008586, 0.3, 0.28383, -0.014285, 0.958768, 0.0, 0.0, 0.0, 0.0, 1.0],
                [0.958898, -0.077516, -0.272968, 0.0, 0.081557, 0.996661, 0.00347, 0.3, 0.271789, -0.02559, 0.962016, 0.0, 0.0, 0.0, 0.0, 1.0],
                [0.958898, -0.077516, -0.272968, 0.0, 0.081557, 0.996661, 0.00347, 0.3, 0.271789, -0.02559, 0.962016, 0.0, 0.0, 0.0, 0.0, 1.0]
            ]
        },
        {
            "name": "Head",
            "time": [0.0, 0.0417, 0.0833, 0.125, 0.1667, 0.2083, 0.25, 0.2917, 0.3333, 0.375, 0.4167, 0.4583, 0.5, 0.5417, 0.5833, 0.625, 0.6667, 0.7083, 0.75, 0.7917, 0.8333, 0.875, 0.9167, 0.9583, 1.0, 1.0417, 1.0833, 1.125, 1.1667, 1.2083, 1.25, 10.4583],
            "transform": [
                [0.975241, 0.212192, 0.062259, -0.0, -0.017439, 0.354457, -0.934912, 0.4, -0.220449, 0.910675, 0.349384, 0.0, 0.0, 0.0, 0.0, 1.0],
                [0.886986, 0.432025, 0.163118, 0.0, 0.031916, 0.29503, -0.954958, 0.4, -0.460689, 0.852235, 0.247901, 0.0, 0.0, 0.0, 0.0, 1.0],
                [0.987574, 0.074375, 0.138434, -0.0, -0.025342, 0.944754, -0.326795, 0.4, -0.155091, 0.319225, 0.934904, -0.0, 0.0, 0.0, 0.0, 1.0],
                [0.999683, -0.022242, -0.011628, -0.0, 0.022278, 0.572981, 0.819267, 0.4, -0.011559, -0.819264, 0.573299, -0.0, 0.0, 0.0, 0.0, 1.0],
                [0.992982, 0.078529, -0.08841, 0.0, 0.017942, 0.638935, 0.769052, 0.4, 0.116882, -0.765238, 0.633047, -0.0, 0.0, 0.0, 0.0, 1.0],
                [0.95368, 0.260451, 0.150524, 0.0, 0.278185, -0.573151, -0.770787, 0.399999, -0.114479, 0.776954, -0.619061, 0.0, 0.0, 0.0, 0.0, 1.0],
                [0.994165, 0.074034, 0.078436, 0.0, 0.021132, 0.57942, -0.814757, 0.4, -0.105767, 0.811657, 0.574479, 0.0, 0.0, 0.0, 0.0, 1.0],
                [0.997833, 0.038831, 0.053081, 0.0, 0.021633, 0.56838, -0.822484, 0.4, -0.062108, 0.821846, 0.566313, 0.0, 0.0, 0.0, 0.0, 1.0],
                [0.997886, 0.046833, 0.04502, -0.0, -0.01139, 0.808412, -0.588507, 0.4, -0.063956, 0.586748, 0.807242, -0.0, 0.0, 0.0, 0.0, 1.0],
                [0.993594, 0.091547, 0.066227, -0.0, -0.091366, 0.995799, -0.005773, 0.4, -0.066477, -0.000315, 0.997791, -0.0, 0.0, 0.0, 0.0, 1.0],
                [0.98213, 0.18468, -0.036201, 0.0, -0.182231, 0.981287, 0.062157, 0.4, 0.047003, -0.054449, 0.997412, 0.0, 0.0, 0.0, 0.0, 1.0],
                [0.884126, 0.146058, 0.443834, 0.0, -0.261432, 0.941919, 0.210808, 0.4, -0.387265, -0.302413, 0.870962, -0.0, 0.0, 0.0, 0.0, 1.0],
                [0.694325, 0.053549, 0.717668, 0.0, -0.334632, 0.906886, 0.256081, 0.4, -0.637131, -0.417957, 0.647593, -0.0, 0.0, 0.0, 0.0, 1.0],
                [0.686498, 0.116082, 0.717806, -0.0, -0.288122, 0.949795, 0.121955, 0.4, -0.667614, -0.290537, 0.685479, -0.0, 0.0, 0.0, 0.0, 1.0],
                [0.710065, 0.187878, 0.678609, -0.0, -0.251945, 0.96773, -0.004301, 0.4, -0.65752, -0.167918, 0.734488, -0.0, 0.0, 0.0, 0.0, 1.0],
                [0.712038, 0.221482, 0.666294, -1e-06, -0.223308, 0.971106, -0.084167, 0.4, -0.665684, -0.088858, 0.740925, 0.0, 0.0, 0.0, 0.0, 1.0],
                [0.714047, 0.255046, 0.651988, 1e-06, -0.18871, 0.966927, -0.171574, 0.4, -0.674185, -0.000524, 0.738563, 0.0, 0.0, 0.0, 0.0, 1.0],
                [0.726682, 0.274781, 0.629627, 0.0, -0.153067, 0.958242, -0.241535, 0.4, -0.669705, 0.079144, 0.738399, 0.0, 0.0, 0.0, 0.0, 1.0],
                [0.728625, 0.281446, 0.624416, 0.0, -0.127355, 0.951442, -0.280242, 0.4, -0.672969, 0.124669, 0.72909, 0.0, 0.0, 0.0, 0.0, 1.0],
                [0.725539, 0.272135, 0.632089, 0.0, -0.12307, 0.954991, -0.269893, 0.4, -0.677087, 0.118027, 0.726377, 0.0, 0.0, 0.0, 0.0, 1.0],
                [0.749338, 0.194625, 0.632941, -0.0, -0.115435, 0.979588, -0.164555, 0.4, -0.652048, 0.050243, 0.756512, 0.0, 0.0, 0.0, 0.0, 1.0],
                [0.750479, 0.157831, 0.641772, -0.0, -0.104722, 0.987194, -0.120321, 0.4, -0.652544, 0.023091, 0.757399, 1e-06, 0.0, 0.0, 0.0, 1.0],
                [0.707889, 0.194842, 0.678918, -0.0, -0.109416, 0.979845, -0.16712, 0.4, -0.697798, 0.044018, 0.714942, -1e-06, 0.0, 0.0, 0.0, 1.0],
                [0.644583, 0.196878, 0.738751, -0.0, -0.141811, 0.980294, -0.137516, 0.4, -0.751268, -0.016123, 0.659801, -0.0, 0.0, 0.0, 0.0, 1.0],
                [0.576774, 0.159354, 0.801211, -1e-06, -0.157999, 0.984029, -0.081976, 0.4, -0.80148, -0.079309, 0.59274, 0.0, 0.0, 0.0, 0.0, 1.0],
                [0.524197, 0.107709, 0.844758, -0.0, -0.160384, 0.986703, -0.026285, 0.4, -0.836359, -0.121706, 0.534502, -0.0, 0.0, 0.0, 0.0, 1.0],
                [0.487341, 0.066799, 0.870653, -0.0, -0.165406, 0.986079, 0.01693, 0.4, -0.857404, -0.152262, 0.491605, 0.0, 0.0, 0.0, 0.0, 1.0],
                [0.471755, 0.051892, 0.880201, -0.0, -0.20022, 0.978492, 0.049623, 0.4, -0.858698, -0.199643, 0.471999, 0.0, 0.0, 0.0, 0.0, 1.0],
                [0.480445, 0.048904, 0.87566, -0.0, -0.209316, 0.975983, 0.060337, 0.4, -0.851682, -0.212278, 0.479143, 0.0, 0.0, 0.0, 0.0, 1.0],
                [0.502239, 0.039224, 0.863839, 0.0, -0.187683, 0.9801, 0.064616, 0.4, -0.844117, -0.19458, 0.499606, 0.0, 0.0, 0.0, 0.0, 1.0],
