{
    "animation": [
        {
            "name": "Root",
            "time": [0.0, 0.0417, 0.0833, 0.125, 0.1667, 0.2083, 0.25, 0.2917, 0.3333, 0.375, 0.4167, 0.4583, 0.5, 0.5417, 0.5833, 0.625, 0.6667, 0.7083, 0.75, 0.7917, 0.8333, 0.875, 0.9167, 0.9583, 1.0, 1.0417, 1.0833, 1.125, 1.1667, 1.2083, 1.25, 10.4583],
            "transform": [
                [1.0, -0.0, -0.0, -0.725379, -0.0, -0.0, -1.0, 0.442884, 0.0, 1.0, -0.0, 0.355031, 0.0, 0.0, 0.0, 1.0],
                [1.0, -0.0, -0.0, -1.050753, -0.0, -0.0, -1.0, 0.401177, 0.0, 1.0, -0.0, 0.35929, 0.0, 0.0, 0.0, 1.0],
                [1.0, -0.0, -0.0, -1.526536, -0.0, -0.0, -1.0, 0.376978, 0.0, 1.0, -0.0, 0.389105, 0.0, 0.0, 0.0, 1.0],
                [1.0, -0.0, -0.0, -1.896816, -0.0, -0.0, -1.0, 0.329819, 0.0, 1.0, -0.0, 0.47003, 0.0, 0.0, 0.0, 1.0],
                [1.0, -0.0, -0.0, -2.220564, -0.0, -0.0, -1.0, 0.289543, 0.0, 1.0, -0.0, 0.791018, 0.0, 0.0, 0.0, 1.0],
                [1.0, -0.0, -0.0, -2.523179, -0.0, -0.0, -1.0, 0.280439, 0.0, 1.0, -0.0, 1.054506, 0.0, 0.0, 0.0, 1.0],
                [1.0, -0.0, -0.0, -2.804572, -0.0, -0.0, -1.0, 0.284404, 0.0, 1.0, -0.0, 1.047814, 0.0, 0.0, 0.0, 1.0],
                [1.0, -0.0, -0.0, -3.048928, -0.0, -0.0, -1.0, 0.289379, 0.0, 1.0, -0.0, 1.000971, 0.0, 0.0, 0.0, 1.0],
                [1.0, -0.0, -0.0, -3.746545, -0.0, -0.0, -1.0, 0.287416, 0.0, 1.0, -0.0, 0.841631, 0.0, 0.0, 0.0, 1.0],
                [1.0, -0.0, -0.0, -4.370696, -0.0, -0.0, -1.0, 0.261821, 0.0, 1.0, -0.0, 0.6006, 0.0, 0.0, 0.0, 1.0],
                [1.0, -0.0, -0.0, -4.742054, -0.0, -0.0, -1.0, 0.205251, 0.0, 1.0, -0.0, 0.392454, 0.0, 0.0, 0.0, 1.0],
                [1.0, -0.0, -0.0, -5.099633, -0.0, -0.0, -1.0, 0.115592, 0.0, 1.0, -0.0, 0.300889, 0.0, 0.0, 0.0, 1.0],
                [1.0, -0.0, -0.0, -5.305097, -0.0, -0.0, -1.0, 0.072336, 0.0, 1.0, -0.0, 0.28608, 0.0, 0.0, 0.0, 1.0],
                [1.0, -0.0, -0.0, -5.419097, -0.0, -0.0, -1.0, 0.050586, 0.0, 1.0, -0.0, 0.287633, 0.0, 0.0, 0.0, 1.0],
                [1.0, -0.0, -0.0, -5.494105, -0.0, -0.0, -1.0, 0.023163, 0.0, 1.0, -0.0, 0.292048, 0.0, 0.0, 0.0, 1.0],
                [1.0, -0.0, -0.0, -5.515759, -0.0, -0.0, -1.0, 0.011744, 0.0, 1.0, -0.0, 0.298964, 0.0, 0.0, 0.0, 1.0],
                [1.0, -0.0, -0.0, -5.508616, -0.0, -0.0, -1.0, 0.010633, 0.0, 1.0, -0.0, 0.308018, 0.0, 0.0, 0.0, 1.0],
                [1.0, -0.0, -0.0, -5.500888, -0.0, -0.0, -1.0, 0.011664, 0.0, 1.0, -0.0, 0.319031, 0.0, 0.0, 0.0, 1.0],
                [1.0, -0.0, -0.0, -5.500311, -0.0, -0.0, -1.0, 0.013141, 0.0, 1.0, -0.0, 0.332566, 0.0, 0.0, 0.0, 1.0],
                [1.0, -0.0, -0.0, -5.50317, -0.0, -0.0, -1.0, 0.016166, 0.0, 1.0, -0.0, 0.349366, 0.0, 0.0, 0.0, 1.0],
                [1.0, -0.0, -0.0, -5.516383, -0.0, -0.0, -1.0, 0.019276, 0.0, 1.0, -0.0, 0.370178, 0.0, 0.0, 0.0, 1.0],
                [1.0, -0.0, -0.0, -5.556327, -0.0, -0.0, -1.0, 0.022113, 0.0, 1.0, -0.0, 0.395746, 0.0, 0.0, 0.0, 1.0],
                [1.0, -0.0, -0.0, -5.587217, -0.0, -0.0, -1.0, 0.030287, 0.0, 1.0, -0.0, 0.426287, 0.0, 0.0, 0.0, 1.0],
                [1.0, -0.0, -0.0, -5.58497, -0.0, -0.0, -1.0, 0.04994, 0.0, 1.0, -0.0, 0.459899, 0.0, 0.0, 0.0, 1.0],
                [1.0, -0.0, -0.0, -5.576954, -0.0, -0.0, -1.0, 0.080404, 0.0, 1.0, -0.0, 0.494148, 0.0, 0.0, 0.0, 1.0],
                [1.0, -0.0, -0.0, -5.554039, -0.0, -0.0, -1.0, 0.113957, 0.0, 1.0, -0.0, 0.526604, 0.0, 0.0, 0.0, 1.0],
                [1.0, -0.0, -0.0, -5.523875, -0.0, -0.0, -1.0, 0.150239, 0.0, 1.0, -0.0, 0.555111, 0.0, 0.0, 0.0, 1.0],
                [1.0, -0.0, -0.0, -5.489723, -0.0, -0.0, -1.0, 0.187605, 0.0, 1.0, -0.0, 0.578623, 0.0, 0.0, 0.0, 1.0],
                [1.0, -0.0, -0.0, -5.465163, -0.0, -0.0, -1.0, 0.215702, 0.0, 1.0, -0.0, 0.59637, 0.0, 0.0, 0.0, 1.0],
                [1.0, -0.0, -0.0, -5.459687, -0.0, -0.0, -1.0, 0.229136, 0.0, 1.0, -0.0, 0.607583, 0.0, 0.0, 0.0, 1.0],
                [1.0, -0.0, -0.0, -5.459653, -0.0, -0.0, -1.0, 0.2325, 0.0, 1.0, -0.0, 0.611491, 0.0, 0.0, 0.0, 1.0],
                [1.0, -0.0, -0.0, -5.459653, -0.0, -0.0, -1.0, 0.2325, 0.0, 1.0, -0.0, 0.611491, 0.0, 0.0, 0.0, 1.0]
            ]
        },
        {
            "name": "Thigh_R",
            "time": [0.0, 0.0417, 0.0833, 0.125, 0.1667, 0.2083, 0.25, 0.2917, 0.3333, 0.375, 0.4167, 0.4583, 0.5, 0.5417, 0.5833, 0.625, 0.6667, 0.7083, 0.75, 0.7917, 0.8333, 0.875, 0.9167, 0.9583, 1.0, 1.0417, 1.0833, 1.125, 1.1667, 1.2083, 1.25, 10.4583],
            "transform": [
                [0.337969, 0.939807, -0.050413, 0.034588, 0.446573, -0.112982, 0.887585, 0.040284, 0.828464, -0.322489, -0.457876, 0.136382, 0.0, 0.0, 0.0, 1.0],
                [0.354827, 0.934933, 0.0011, 0.041964, 0.608202, -0.231718, 0.759208, 0.028055, 0.710064, -0.268718, -0.650846, 0.12773, 0.0, 0.0, 0.0, 1.0],
                [0.114407, 0.986966, -0.113189, 0.059552, 0.298663, 0.074496, 0.951446, -0.001108, 0.947478, -0.142658, -0.286247, 0.107098, 0.0, 0.0, 0.0, 1.0],
                [-0.01629, 0.870792, -0.491383, 0.080544, -0.029132, 0.490827, 0.87077, -0.035915, 0.999444, 0.028499, 0.017372, 0.082472, 0.0, 0.0, 0.0, 1.0],
                [0.00154, 0.536847, -0.843679, 0.098132, -0.357069, 0.788358, 0.500993, -0.065077, 0.934078, 0.30048, 0.192905, 0.06184, 0.0, 0.0, 0.0, 1.0],
                [0.168248, -0.007569, -0.985716, 0.105508, -0.505324, 0.857922, -0.09284, -0.077306, 0.84637, 0.513726, 0.140519, 0.053188, 0.0, 0.0, 0.0, 1.0],
                [0.275798, -0.615676, -0.738159, 0.091106, -0.457874, 0.591071, -0.664069, -0.062629, 0.845157, 0.521132, -0.118885, 0.058281, 0.0, 0.0, 0.0, 1.0],
                [0.297174, -0.950541, -0.09034, 0.056763, -0.305184, -0.004907, -0.952281, -0.02763, 0.904739, 0.310563, -0.291547, 0.070425, 0.0, 0.0, 0.0, 1.0],
                [0.273723, -0.727198, 0.629492, 0.015773, -0.084468, -0.670134, -0.737418, 0.014143, 0.958093, 0.148677, -0.244855, 0.08492, 0.0, 0.0, 0.0, 1.0],
                [0.168848, -0.205346, 0.964014, -0.01857, 0.149125, -0.961477, -0.230924, 0.049143, 0.974297, 0.18275, -0.13172, 0.097064, 0.0, 0.0, 0.0, 1.0],
                [0.43638, 0.127421, 0.890694, -0.032972, -0.050816, -0.984852, 0.165787, 0.06382, 0.898328, -0.117607, -0.423293, 0.102157, 0.0, 0.0, 0.0, 1.0],
                [0.80252, 0.568578, 0.180785, -0.006804, 0.220064, -0.563737, 0.796098, 0.060829, 0.554559, -0.5991, -0.577532, 0.096822, 0.0, 0.0, 0.0, 1.0],
                [0.66536, 0.709222, -0.233029, 0.050764, 0.62257, -0.354901, 0.697461, 0.054248, 0.411953, -0.609139, -0.677676, 0.082814, 0.0, 0.0, 0.0, 1.0],
                [0.546887, 0.809718, -0.212776, 0.108333, 0.741532, -0.350503, 0.572083, 0.047668, 0.388647, -0.470645, -0.792115, 0.063127, 0.0, 0.0, 0.0, 1.0],
                [0.589768, 0.782484, -0.199736, 0.1345, 0.788578, -0.504672, 0.351359, 0.044676, 0.174132, -0.364728, -0.914687, 0.040756, 0.0, 0.0, 0.0, 1.0],
                [0.587582, 0.796203, -0.144257, 0.13444, 0.789941, -0.525799, 0.315485, 0.049085, 0.175339, -0.299327, -0.937901, 0.018478, 0.0, 0.0, 0.0, 1.0],
                [0.582215, 0.808325, -0.087394, 0.134288, 0.781255, -0.526454, 0.335394, 0.059598, 0.225098, -0.263548, -0.938016, -0.001797, 0.0, 0.0, 0.0, 1.0],
                [0.586646, 0.806616, -0.072239, 0.134089, 0.774827, -0.533094, 0.339787, 0.072145, 0.235567, -0.255307, -0.937724, -0.018375, 0.0, 0.0, 0.0, 1.0],
                [0.602647, 0.793748, -0.082356, 0.133886, 0.771692, -0.553375, 0.31348, 0.082658, 0.20325, -0.25247, -0.946017, -0.029564, 0.0, 0.0, 0.0, 1.0],
                [0.616156, 0.784715, -0.067645, 0.133724, 0.767782, -0.579254, 0.273821, 0.087066, 0.175688, -0.220653, -0.959399, -0.03367, 0.0, 0.0, 0.0, 1.0],
                [0.631355, 0.775039, -0.026595, 0.133616, 0.754168, -0.605642, 0.25383, 0.086233, 0.180621, -0.180313, -0.966883, -0.029305, 0.0, 0.0, 0.0, 1.0],
                [0.677149, 0.735385, -0.02607, 0.133445, 0.707604, -0.641025, 0.297296, 0.084001, 0.201916, -0.219761, -0.954429, -0.017722, 0.0, 0.0, 0.0, 1.0],
                [0.72317, 0.689723, 0.036182, 0.133069, 0.641032, -0.689773, 0.336589, 0.08077, 0.25711, -0.220217, -0.940956, -0.001189, 0.0, 0.0, 0.0, 1.0],
                [0.741001, 0.645052, 0.186622, 0.13234, 0.542783, -0.738985, 0.399109, 0.07694, 0.395358, -0.194444, -0.89771, 0.018027, 0.0, 0.0, 0.0, 1.0],
                [0.694036, 0.589271, 0.413614, 0.131112, 0.400002, -0.793294, 0.459004, 0.072914, 0.598595, -0.153118, -0.786282, 0.037659, 0.0, 0.0, 0.0, 1.0],
                [0.602589, 0.541221, 0.586487, 0.129241, 0.316166, -0.836666, 0.447246, 0.06909, 0.732754, -0.084077, -0.67528, 0.055439, 0.0, 0.0, 0.0, 1.0],
                [0.546592, 0.472875, 0.691106, 0.120702, 0.293381, -0.881129, 0.370862, 0.065811, 0.784326, 4.8e-05, -0.620351, 0.069537, 0.0, 0.0, 0.0, 1.0],
                [0.524402, 0.382349, 0.760798, 0.103582, 0.279163, -0.921326, 0.270604, 0.063181, 0.80441, 0.070481, -0.589882, 0.079876, 0.0, 0.0, 0.0, 1.0],
                [0.511471, 0.300935, 0.804883, 0.083901, 0.271607, -0.945267, 0.180828, 0.061246, 0.815249, 0.126124, -0.565212, 0.086815, 0.0, 0.0, 0.0, 1.0],
                [0.510035, 0.25618, 0.82112, 0.067677, 0.270103, -0.954032, 0.129875, 0.060052, 0.816647, 0.155546, -0.555784, 0.090715, 0.0, 0.0, 0.0, 1.0],
                [0.523775, 0.246013, 0.815561, 0.060932, 0.270718, -0.95583, 0.114464, 0.059644, 0.807698, 0.160833, -0.567238, 0.091935, 0.0, 0.0, 0.0, 1.0],
                [0.523775, 0.246013, 0.815561, 0.060932, 0.270718, -0.95583, 0.114464, 0.059644, 0.807698, 0.160833, -0.567238, 0.091935, 0.0, 0.0, 0.0, 1.0]
            ]
        },
        {
            "name": "Leg_R",
            "time": [0.0, 0.0417, 0.0833, 0.125, 0.1667, 0.2083, 0.25, 0.2917, 0.3333, 0.375, 0.4167, 0.4583, 0.5, 0.5417, 0.5833, 0.625, 0.6667, 0.7083, 0.75, 0.7917, 0.8333, 0.875, 0.9167, 0.9583, 1.0, 1.0417, 1.0833, 1.125, 1.1667, 1.2083, 1.25, 10.4583],
            "transform": [
                [0.999999, -0.0, -0.0, 0.0, 0.0, 0.127044, 0.991896, 0.37472, -0.0, -0.991898, 0.127044, -0.0, 0.0, 0.0, 0.0, 1.0],
                [1.0, -0.0, 0.0, -0.0, 0.0, 0.780979, 0.624558, 0.37472, -0.0, -0.624559, 0.780978, -0.0, 0.0, 0.0, 0.0, 1.0],
                [1.0, -0.0, 0.0, 0.0, 0.0, 0.538908, 0.842364, 0.37472, -0.0, -0.842366, 0.538907, 0.0, 0.0, 0.0, 0.0, 1.0],
                [1.0, -0.0, -0.0, -0.0, 0.0, 0.315402, 0.948958, 0.37472, -0.0, -0.948959, 0.315402, 0.0, 0.0, 0.0, 0.0, 1.0],
                [0.999999, -0.0, -0.0, 0.0, 0.0, 0.183571, 0.983006, 0.37472, -0.0, -0.983008, 0.18357, -0.0, 0.0, 0.0, 0.0, 1.0],
                [0.999999, -0.0, -0.0, 0.0, 0.0, 0.20094, 0.979603, 0.37472, -0.0, -0.979604, 0.20094, 0.0, 0.0, 0.0, 0.0, 1.0],
                [0.999999, -0.0, 0.0, 0.0, -0.0, 0.354987, 0.934871, 0.37472, -0.0, -0.934872, 0.354986, -0.0, 0.0, 0.0, 0.0, 1.0],
                [1.0, -0.0, 0.0, -0.0, 0.0, 0.786939, 0.617031, 0.37472, -0.0, -0.617032, 0.786938, -0.0, 0.0, 0.0, 0.0, 1.0],
                [1.0, -0.0, 0.0, 0.0, 0.0, 0.989576, 0.14401, 0.37472, -0.0, -0.14401, 0.989576, -0.0, 0.0, 0.0, 0.0, 1.0],
                [1.0, -0.0, 0.0, 0.0, 0.0, 0.672522, 0.740077, 0.37472, -0.0, -0.740078, 0.672522, 0.0, 0.0, 0.0, 0.0, 1.0],
                [1.0, -0.0, -0.0, -0.0, 0.0, 0.183974, 0.98293, 0.37472, -0.0, -0.982933, 0.183973, 0.0, 0.0, 0.0, 0.0, 1.0],
                [0.999999, 0.0, -0.0, -0.0, 0.0, -0.362433, 0.93201, 0.37472, 0.0, -0.932011, -0.362432, 0.0, 0.0, 0.0, 0.0, 1.0],
                [0.999999, 0.0, -0.0, 0.0, 0.0, -0.200814, 0.979629, 0.37472, 0.0, -0.97963, -0.200813, 0.0, 0.0, 0.0, 0.0, 1.0],
                [1.0, -0.0, -0.0, 0.0, 0.0, 0.128155, 0.991754, 0.374721, -0.0, -0.991755, 0.128155, 0.0, 0.0, 0.0, 0.0, 1.0],
                [0.999999, -0.0, 0.0, 0.0, 0.0, 0.429285, 0.903168, 0.37472, -0.0, -0.90317, 0.429285, -0.0, 0.0, 0.0, 0.0, 1.0],
                [1.0, -0.0, -0.0, -0.0, 0.0, 0.54486, 0.838527, 0.37472, -0.0, -0.838528, 0.544859, -0.0, 0.0, 0.0, 0.0, 1.0],
                [0.999999, -0.0, -0.0, -0.0, 0.0, 0.559103, 0.829098, 0.374719, -0.0, -0.829099, 0.559103, 0.0, 0.0, 0.0, 0.0, 1.0],
                [1.0, -0.0, -0.0, 0.0, 0.0, 0.549329, 0.835606, 0.374721, -0.0, -0.835607, 0.549328, -0.0, 0.0, 0.0, 0.0, 1.0],
                [0.999999, -0.0, -0.0, 0.0, 0.0, 0.542114, 0.840304, 0.37472, -0.0, -0.840305, 0.542114, -0.0, 0.0, 0.0, 0.0, 1.0],
                [1.0, -0.0, 0.0, -0.0, 0.0, 0.588082, 0.808801, 0.374721, -0.0, -0.808802, 0.588082, -0.0, 0.0, 0.0, 0.0, 1.0],
                [1.0, -0.0, 0.0, -0.0, 0.0, 0.669137, 0.743139, 0.37472, -0.0, -0.74314, 0.669136, 0.0, 0.0, 0.0, 0.0, 1.0],
                [1.0, -0.0, 0.0, 0.0, 0.0, 0.649919, 0.760003, 0.374721, -0.0, -0.760004, 0.649919, -0.0, 0.0, 0.0, 0.0, 1.0],
                [1.0, -0.0, 0.0, 0.0, 0.0, 0.657082, 0.753819, 0.37472, -0.0, -0.753819, 0.657082, -0.0, 0.0, 0.0, 0.0, 1.0],
                [1.0, -0.0, 0.0, -0.0, 0.0, 0.65639, 0.754421, 0.37472, -0.0, -0.754422, 0.65639, -0.0, 0.0, 0.0, 0.0, 1.0],
                [1.0, -0.0, 0.0, 1e-06, 0.0, 0.647019, 0.762474, 0.37472, -0.0, -0.762474, 0.647018, 0.0, 0.0, 0.0, 0.0, 1.0],
                [1.0, -0.0, 0.0, 0.0, 0.0, 0.685552, 0.728023, 0.37472, -0.0, -0.728023, 0.685552, 0.0, 0.0, 0.0, 0.0, 1.0],
                [1.0, -0.0, 0.0, -0.0, 0.0, 0.760053, 0.649861, 0.37472, -0.0, -0.649861, 0.760053, -0.0, 0.0, 0.0, 0.0, 1.0],
                [1.0, -0.0, 0.0, 0.0, 0.0, 0.825273, 0.564733, 0.37472, -0.0, -0.564732, 0.825273, -0.0, 0.0, 0.0, 0.0, 1.0],
                [1.0, -0.0, 0.0, -1e-06, 0.0, 0.880462, 0.474115, 0.37472, -0.0, -0.474116, 0.880462, 0.0, 0.0, 0.0, 0.0, 1.0],
                [1.0, -0.0, 0.0, 0.0, 0.0, 0.913976, 0.405768, 0.37472, -0.0, -0.405768, 0.913976, 0.0, 0.0, 0.0, 0.0, 1.0],
                [1.0, -0.0, 0.0, -0.0, 0.0, 0.92525, 0.379356, 0.37472, -0.0, -0.379356, 0.92525, -1e-06, 0.0, 0.0, 0.0, 1.0],
                [1.0, -0.0, 0.0, -0.0, 0.0, 0.92525, 0.379356, 0.37472, -0.0, -0.379356, 0.92525, -1e-06, 0.0, 0.0, 0.0, 1.0]
            ]
        },
        {
            "name": "Knee_R",
            "time": [0.0, 10.4583],
            "transform": [
                [1.0, 0.0, -0.0, 0.0, -0.0, 1e-06, -1.0, 0.37472, -0.0, 1.0, 1e-06, -0.0, 0.0, 0.0, 0.0, 1.0],
                [1.0, 0.0, -0.0, -0.0, -0.0, 1e-06, -1.0, 0.37472, -0.0, 1.0, 1e-06, -1e-06, 0.0, 0.0, 0.0, 1.0]
            ]
        },
        {
            "name": "Thigh_L",
            "time": [0.0, 0.0417, 0.0833, 0.125, 0.1667, 0.2083, 0.25, 0.2917, 0.3333, 0.375, 0.4167, 0.4583, 0.5, 0.5417, 0.5833, 0.625, 0.6667, 0.7083, 0.75, 0.7917, 0.8333, 0.875, 0.9167, 0.9583, 1.0, 1.0417, 1.0833, 1.125, 1.1667, 1.2083, 1.25, 10.4583],
            "transform": [
                [0.831346, 0.542917, 0.118756, -0.097431, 0.171257, -0.453553, 0.87462, 0.042799, 0.528706, -0.706778, -0.470038, -0.086429, 0.0, 0.0, 0.0, 1.0],
                [0.658586, 0.676967, 0.328602, -0.097308, 0.462323, -0.708551, 0.533117, 0.053365, 0.593731, -0.199184, -0.779619, -0.085238, 0.0, 0.0, 0.0, 1.0],
                [-0.001823, 0.844269, 0.535919, -0.096443, -0.046185, -0.535421, 0.843322, 0.07856, 0.998928, -0.023214, 0.039969, -0.082396, 0.0, 0.0, 0.0, 1.0],
                [0.008976, 0.989483, 0.144387, -0.094096, -0.065846, -0.143495, 0.987458, 0.108631, 0.997787, -0.018371, 0.063865, -0.079004, 0.0, 0.0, 0.0, 1.0],
                [-0.016792, 0.958791, -0.283619, -0.089525, 0.104858, 0.283785, 0.953137, 0.133826, 0.994343, -0.013735, -0.105302, -0.076162, 0.0, 0.0, 0.0, 1.0],
                [-0.028682, 0.900811, -0.433267, -0.081989, 0.123407, 0.433322, 0.89275, 0.144392, 0.991939, -0.027863, -0.123595, -0.074971, 0.0, 0.0, 0.0, 1.0],
                [-0.042954, 0.834412, -0.549467, -0.06538, 0.111433, 0.550547, 0.827334, 0.139679, 0.992841, -0.025692, -0.116629, -0.076741, 0.0, 0.0, 0.0, 1.0],
                [-0.185967, 0.512922, -0.83805, -0.039176, -0.04179, 0.84803, 0.5283, 0.12786, 0.981664, 0.133268, -0.136271, -0.080961, 0.0, 0.0, 0.0, 1.0],
                [-0.178325, -0.228476, -0.957078, -0.011008, -0.329317, 0.930436, -0.160756, 0.11241, 0.927225, 0.286516, -0.24116, -0.085998, 0.0, 0.0, 0.0, 1.0],
                [-0.042266, -0.916943, -0.396778, 0.01149, -0.530767, 0.357066, -0.768628, 0.096807, 0.84646, 0.178111, -0.501774, -0.090219, 0.0, 0.0, 0.0, 1.0],
                [0.14219, -0.849438, 0.508172, 0.020686, -0.548378, -0.495003, -0.673982, 0.084527, 0.82405, -0.182837, -0.536198, -0.091989, 0.0, 0.0, 0.0, 1.0],
                [0.288057, -0.470071, 0.834299, 0.005231, -0.641889, -0.741311, -0.196051, 0.076833, 0.710632, -0.479055, -0.515274, -0.073661, 0.0, 0.0, 0.0, 1.0],
                [0.454067, -0.280693, 0.845596, -0.031693, -0.732732, -0.657581, 0.175182, 0.072167, 0.506874, -0.699144, -0.504259, -0.029958, 0.0, 0.0, 0.0, 1.0],
                [0.623223, -0.261373, 0.737072, -0.075931, -0.747505, -0.476087, 0.463223, 0.06977, 0.229836, -0.83966, -0.492086, 0.022204, 0.0, 0.0, 0.0, 1.0],
                [0.791805, -0.278667, 0.543494, -0.113321, -0.61002, -0.316753, 0.72632, 0.068887, -0.030248, -0.906652, -0.420799, 0.065908, 0.0, 0.0, 0.0, 1.0],
                [0.831854, -0.280076, 0.479137, -0.129708, -0.547464, -0.272415, 0.791246, 0.068761, -0.091084, -0.920518, -0.379941, 0.084235, 0.0, 0.0, 0.0, 1.0],
                [0.824272, -0.296636, 0.482264, -0.130655, -0.556767, -0.269921, 0.785589, 0.070187, -0.10286, -0.916054, -0.387646, 0.084194, 0.0, 0.0, 0.0, 1.0],
                [0.81698, -0.321809, 0.478518, -0.131229, -0.563093, -0.26625, 0.782327, 0.073588, -0.124354, -0.908601, -0.398729, 0.083905, 0.0, 0.0, 0.0, 1.0],
                [0.816656, -0.353165, 0.456448, -0.131524, -0.556071, -0.269863, 0.786102, 0.077648, -0.154444, -0.895798, -0.41677, 0.08312, 0.0, 0.0, 0.0, 1.0],
                [0.826458, -0.369941, 0.424391, -0.131633, -0.535923, -0.286016, 0.794342, 0.081049, -0.172476, -0.883936, -0.434641, 0.081592, 0.0, 0.0, 0.0, 1.0],
                [0.859316, -0.352968, 0.370116, -0.131649, -0.484422, -0.329633, 0.810355, 0.082475, -0.164026, -0.875649, -0.454245, 0.079074, 0.0, 0.0, 0.0, 1.0],
                [0.907271, -0.309705, 0.284496, -0.131621, -0.39921, -0.421548, 0.814203, 0.080947, -0.132233, -0.852282, -0.506096, 0.065784, 0.0, 0.0, 0.0, 1.0],
                [0.939055, -0.2622, 0.222313, -0.131425, -0.333084, -0.534092, 0.777046, 0.076989, -0.085006, -0.803742, -0.588876, 0.037717, 0.0, 0.0, 0.0, 1.0],
                [0.941675, -0.239277, 0.236625, -0.130894, -0.336163, -0.636586, 0.694084, 0.071544, -0.015446, -0.73315, -0.679893, 0.003288, 0.0, 0.0, 0.0, 1.0],
                [0.91791, -0.250068, 0.308065, -0.12986, -0.38558, -0.745365, 0.543838, 0.065555, 0.093624, -0.617981, -0.780599, -0.02909, 0.0, 0.0, 0.0, 1.0],
                [0.885424, -0.276067, 0.373909, -0.128155, -0.425194, -0.806009, 0.411778, 0.059962, 0.187695, -0.523585, -0.831041, -0.051005, 0.0, 0.0, 0.0, 1.0],
                [0.875409, -0.251207, 0.412978, -0.120648, -0.444538, -0.753928, 0.483715, 0.05553, 0.189842, -0.607035, -0.771666, -0.062291, 0.0, 0.0, 0.0, 1.0],
                [0.882579, -0.211574, 0.419866, -0.10578, -0.410396, -0.782407, 0.468418, 0.052307, 0.2294, -0.58573, -0.777365, -0.069138, 0.0, 0.0, 0.0, 1.0],
                [0.893371, -0.15693, 0.42102, -0.088737, -0.338479, -0.851291, 0.400922, 0.050165, 0.295493, -0.50068, -0.813636, -0.072653, 0.0, 0.0, 0.0, 1.0],
                [0.901623, -0.082051, 0.424665, -0.074708, -0.251222, -0.898588, 0.359763, 0.048975, 0.352079, -0.431057, -0.8308, -0.073948, 0.0, 0.0, 0.0, 1.0],
                [0.898875, -0.044416, 0.435943, -0.068879, -0.215719, -0.910805, 0.351997, 0.048607, 0.381424, -0.410445, -0.828281, -0.074134, 0.0, 0.0, 0.0, 1.0],
                [0.898875, -0.044416, 0.435943, -0.068879, -0.215719, -0.910805, 0.351997, 0.048607, 0.381424, -0.410445, -0.828281, -0.074134, 0.0, 0.0, 0.0, 1.0]
            ]
        },
        {
            "name": "Leg_L",
            "time": [0.0, 0.0417, 0.0833, 0.125, 0.1667, 0.2083, 0.25, 0.2917, 0.3333, 0.375, 0.4167, 0.4583, 0.5, 0.5417, 0.5833, 0.625, 0.6667, 0.7083, 0.75, 0.7917, 0.8333, 0.875, 0.9167, 0.9583, 1.0, 1.0417, 1.0833, 1.125, 1.1667, 1.2083, 1.25, 10.4583],
            "transform": [
                [0.999997, -1e-06, -0.0, -0.0, 0.0, 0.226962, 0.973904, 0.37472, -1e-06, -0.973905, 0.226962, -0.0, 0.0, 0.0, 0.0, 1.0],
                [0.999998, -0.0, 1e-06, 0.0, 0.0, 0.96567, 0.259769, 0.37472, -1e-06, -0.259768, 0.965674, 0.0, 0.0, 0.0, 0.0, 1.0],
                [0.999997, -0.0, 0.0, 0.0, 0.0, 0.891773, 0.452484, 0.37472, -1e-06, -0.452483, 0.891775, 0.0, 0.0, 0.0, 0.0, 1.0],
                [0.999997, -1e-06, 0.0, -0.0, 0.0, 0.823726, 0.566989, 0.37472, -1e-06, -0.566987, 0.823728, -0.0, 0.0, 0.0, 0.0, 1.0],
                [0.999998, -1e-06, 0.0, -0.0, 0.0, 0.751367, 0.659885, 0.37472, -1e-06, -0.659884, 0.751369, 0.0, 0.0, 0.0, 0.0, 1.0],
                [0.999997, -1e-06, 0.0, -0.0, 0.0, 0.637443, 0.770498, 0.37472, -1e-06, -0.770497, 0.637444, 0.0, 0.0, 0.0, 0.0, 1.0],
                [0.999998, -1e-06, 0.0, -0.0, 0.0, 0.540456, 0.841373, 0.37472, -1e-06, -0.841373, 0.540456, 0.0, 0.0, 0.0, 0.0, 1.0],
                [0.999998, -1e-06, 0.0, 0.0, 0.0, 0.642607, 0.766197, 0.37472, -1e-06, -0.766197, 0.642607, -0.0, 0.0, 0.0, 0.0, 1.0],
                [0.999998, -1e-06, 0.0, -0.0, 0.0, 0.826469, 0.562983, 0.37472, -1e-06, -0.562982, 0.826471, 0.0, 0.0, 0.0, 0.0, 1.0],
                [0.999997, -0.0, 1e-06, -0.0, 0.0, 0.892204, 0.451633, 0.37472, -1e-06, -0.451632, 0.892206, -0.0, 0.0, 0.0, 0.0, 1.0],
                [0.999997, -1e-06, 0.0, 0.0, 0.0, 0.885796, 0.464076, 0.37472, -1e-06, -0.464074, 0.885798, 0.0, 0.0, 0.0, 0.0, 1.0],
                [0.999998, -1e-06, 0.0, 0.0, 0.0, 0.605656, 0.795727, 0.37472, -1e-06, -0.795728, 0.605656, 0.0, 0.0, 0.0, 0.0, 1.0],
                [0.999998, -1e-06, 0.0, -0.0, 0.0, 0.335919, 0.941891, 0.37472, -1e-06, -0.941892, 0.335918, -0.0, 0.0, 0.0, 0.0, 1.0],
                [0.999998, -1e-06, 0.0, -0.0, 0.0, 0.250094, 0.968222, 0.37472, -1e-06, -0.968223, 0.250094, -0.0, 0.0, 0.0, 0.0, 1.0],
                [0.999997, -1e-06, -0.0, 0.0, 0.0, 0.173791, 0.984783, 0.37472, -1e-06, -0.984784, 0.17379, 0.0, 0.0, 0.0, 0.0, 1.0],
                [0.999998, -1e-06, -0.0, 1e-06, 0.0, 0.16256, 0.986699, 0.37472, -1e-06, -0.9867, 0.16256, 0.0, 0.0, 0.0, 0.0, 1.0],
                [0.999998, -1e-06, -0.0, 0.0, 0.0, 0.196497, 0.980505, 0.37472, -1e-06, -0.980506, 0.196497, -0.0, 0.0, 0.0, 0.0, 1.0],
                [0.999998, -1e-06, -0.0, -0.0, 0.0, 0.225165, 0.974321, 0.37472, -1e-06, -0.974322, 0.225165, 0.0, 0.0, 0.0, 0.0, 1.0],
                [0.999998, -1e-06, 0.0, 0.0, 0.0, 0.262722, 0.964872, 0.37472, -1e-06, -0.964873, 0.262721, -0.0, 0.0, 0.0, 0.0, 1.0],
                [0.999997, -1e-06, 0.0, -0.0, 0.0, 0.296709, 0.954969, 0.37472, -1e-06, -0.954969, 0.296709, 0.0, 0.0, 0.0, 0.0, 1.0],
                [0.999997, -1e-06, 0.0, -0.0, 0.0, 0.314609, 0.949222, 0.37472, -1e-06, -0.949222, 0.314609, 0.0, 0.0, 0.0, 0.0, 1.0],
                [0.999998, -1e-06, 0.0, 0.0, 0.0, 0.374713, 0.927142, 0.37472, -1e-06, -0.927142, 0.374713, 0.0, 0.0, 0.0, 0.0, 1.0],
                [0.999997, -1e-06, 0.0, -0.0, 0.0, 0.475372, 0.879786, 0.37472, -1e-06, -0.879786, 0.475372, -0.0, 0.0, 0.0, 0.0, 1.0],
                [0.999997, -1e-06, 0.0, -0.0, 0.0, 0.572448, 0.819942, 0.37472, -1e-06, -0.819941, 0.572449, 0.0, 0.0, 0.0, 0.0, 1.0],
                [0.999997, -1e-06, 0.0, -0.0, 0.0, 0.692495, 0.721424, 0.37472, -1e-06, -0.721423, 0.692496, 0.0, 0.0, 0.0, 0.0, 1.0],
                [0.999998, -1e-06, 0.0, -0.0, 0.0, 0.770252, 0.637741, 0.37472, -1e-06, -0.63774, 0.770253, -0.0, 0.0, 0.0, 0.0, 1.0],
                [0.999997, -1e-06, 0.0, -0.0, 1e-06, 0.606737, 0.794904, 0.37472, -1e-06, -0.794903, 0.606738, -0.0, 0.0, 0.0, 0.0, 1.0],
                [0.999997, -1e-06, 0.0, -1e-06, 0.0, 0.61458, 0.788856, 0.37472, -1e-06, -0.788855, 0.61458, 0.0, 0.0, 0.0, 0.0, 1.0],
                [0.999997, -1e-06, 0.0, -0.0, 0.0, 0.723411, 0.690419, 0.37472, -1e-06, -0.690418, 0.723412, -0.0, 0.0, 0.0, 0.0, 1.0],
                [0.999997, -1e-06, 0.0, 0.0, 0.0, 0.828357, 0.560201, 0.37472, -1e-06, -0.5602, 0.828359, 0.0, 0.0, 0.0, 0.0, 1.0],
                [0.999997, -1e-06, 0.0, 0.0, 0.0, 0.846947, 0.531677, 0.37472, -1e-06, -0.531676, 0.84695, -0.0, 0.0, 0.0, 0.0, 1.0],
                [0.999997, -1e-06, 0.0, 0.0, 0.0, 0.846947, 0.531677, 0.37472, -1e-06, -0.531676, 0.84695, -0.0, 0.0, 0.0, 0.0, 1.0]
            ]
        },
        {
            "name": "Knee_L",
            "time": [0.0, 10.4583],
            "transform": [
                [1.0, 0.0, -0.0, -0.0, -0.0, 1e-06, -1.0, 0.37472, -0.0, 1.0, 1e-06, -0.0, 0.0, 0.0, 0.0, 1.0],
                [1.0, 0.0, -0.0, 0.0, -0.0, 1e-06, -1.0, 0.37472, -0.0, 1.0, 1e-06, -0.0, 0.0, 0.0, 0.0, 1.0]
            ]
        },
        {
            "name": "Torso",
            "time": [0.0, 0.0417, 0.0833, 0.125, 0.1667, 0.2083, 0.25, 0.2917, 0.3333, 0.375, 0.4167, 0.4583, 0.5, 0.5417, 0.5833, 0.625, 0.6667, 0.7083, 0.75, 0.7917, 0.8333, 0.875, 0.9167, 0.9583, 1.0, 1.0417, 1.0833, 1.125, 1.1667, 1.2083, 1.25, 10.4583],
            "transform": [
                [0.52371, -0.447618, -0.724822, 0.0, 0.151359, 0.886186, -0.437908, 0.05, 0.838344, 0.119628, 0.531855, 0.0, 0.0, 0.0, 0.0, 1.0],
                [0.251579, -0.686648, -0.682072, 0.0, 0.223703, 0.726909, -0.649276, 0.05, 0.941631, 0.010763, 0.33648, 0.0, 0.0, 0.0, 0.0, 1.0],
                [0.019593, -0.941094, -0.337575, -0.0, -0.039441, 0.336649, -0.940804, 0.05, 0.999031, 0.031747, -0.030522, 0.0, 0.0, 0.0, 0.0, 1.0],
                [0.081307, -0.995353, -0.051585, -0.0, -0.302279, 0.024693, -0.9529, 0.05, 0.949747, 0.093071, -0.298866, -0.0, 0.0, 0.0, 0.0, 1.0],
                [0.210922, -0.958772, 0.190442, -0.0, -0.482449, -0.271548, -0.83277, 0.05, 0.850152, 0.083771, -0.519833, -0.0, 0.0, 0.0, 0.0, 1.0],
                [0.278899, -0.837838, 0.4693, -0.0, -0.616503, -0.530902, -0.581436, 0.05, 0.736303, -0.127163, -0.664597, 0.0, 0.0, 0.0, 0.0, 1.0],
                [0.362736, -0.596762, 0.71575, -0.0, -0.668166, -0.701945, -0.246633, 0.05, 0.6496, -0.388776, -0.653356, 0.0, 0.0, 0.0, 0.0, 1.0],
                [0.462111, -0.215167, 0.860324, -0.0, -0.50891, -0.858825, 0.058561, 0.05, 0.726269, -0.464888, -0.506373, -0.0, 0.0, 0.0, 0.0, 1.0],
                [0.388424, 0.351971, 0.851612, -0.0, -0.210685, -0.865776, 0.453919, 0.05, 0.897074, -0.355734, -0.262133, -0.0, 0.0, 0.0, 0.0, 1.0],
                [0.041776, 0.952053, 0.303064, 0.0, -0.135884, -0.295097, 0.945756, 0.05, 0.989845, -0.080691, 0.117041, 0.0, 0.0, 0.0, 0.0, 1.0],
                [-3.8e-05, 0.866235, -0.499636, 0.0, -0.35934, 0.466252, 0.808384, 0.05, 0.933208, 0.17957, 0.311255, 0.0, 0.0, 0.0, 0.0, 1.0],
                [0.566317, 0.653844, -0.501771, 0.0, -0.299237, 0.730377, 0.614008, 0.05, 0.767949, -0.197574, 0.609279, 0.0, 0.0, 0.0, 0.0, 1.0],
                [0.823989, 0.425348, -0.374331, 0.0, -0.214527, 0.845666, 0.488699, 0.05, 0.524427, -0.322377, 0.788067, -0.0, 0.0, 0.0, 0.0, 1.0],
                [0.924777, 0.272756, -0.265319, 0.0, -0.169322, 0.919404, 0.355001, 0.05, 0.340765, -0.283372, 0.896426, 0.0, 0.0, 0.0, 0.0, 1.0],
                [0.982008, 0.148401, -0.116791, 0.0, -0.114872, 0.960276, 0.25431, 0.05, 0.149892, -0.236318, 0.960045, -0.0, 0.0, 0.0, 0.0, 1.0],
                [0.997343, 0.072772, -0.003782, 0.0, -0.070392, 0.975551, 0.20819, 0.05, 0.01884, -0.20737, 0.978081, 0.0, 0.0, 0.0, 0.0, 1.0],
                [0.996706, 0.025983, 0.07684, 0.0, -0.040663, 0.979729, 0.196154, 0.05, -0.070186, -0.198632, 0.977558, -0.0, 0.0, 0.0, 0.0, 1.0],
                [0.990847, 0.001913, 0.134988, 0.0, -0.028827, 0.979836, 0.19771, 0.05, -0.131888, -0.199791, 0.970922, -0.0, 0.0, 0.0, 0.0, 1.0],
                [0.984158, 0.001904, 0.177295, 0.0, -0.039926, 0.97664, 0.211137, 0.05, -0.172752, -0.214871, 0.961243, 0.0, 0.0, 0.0, 0.0, 1.0],
                [0.981547, 0.004737, 0.19117, 0.0, -0.048349, 0.97336, 0.224125, 0.05, -0.185016, -0.229231, 0.955626, -0.0, 0.0, 0.0, 0.0, 1.0],
                [0.983718, -0.015166, 0.179088, 0.0, -0.026463, 0.97335, 0.227788, 0.05, -0.177771, -0.228818, 0.9571, 0.0, 0.0, 0.0, 0.0, 1.0],
                [0.988635, -0.050142, 0.141742, 0.0, 0.016993, 0.973972, 0.226025, 0.05, -0.149386, -0.221047, 0.963754, -0.0, 0.0, 0.0, 0.0, 1.0],
                [0.994669, -0.078998, 0.066308, 0.0, 0.064056, 0.977048, 0.203156, 0.05, -0.080835, -0.197825, 0.976899, 0.0, 0.0, 0.0, 0.0, 1.0],
                [0.992877, -0.090779, -0.077182, 0.0, 0.100412, 0.986176, 0.1318, 0.05, 0.064151, -0.138611, 0.988267, 0.0, 0.0, 0.0, 0.0, 1.0],
                [0.953404, -0.102906, -0.283609, 0.0, 0.111153, 0.993716, 0.013094, 0.05, 0.28048, -0.044008, 0.958851, 0.0, 0.0, 0.0, 0.0, 1.0],
                [0.886564, -0.11346, -0.448479, 0.0, 0.088872, 0.993171, -0.075577, 0.05, 0.453992, 0.027147, 0.890592, 0.0, 0.0, 0.0, 0.0, 1.0],
                [0.836629, -0.095985, -0.539296, 0.0, 0.05212, 0.994009, -0.09606, 0.05, 0.545287, 0.052259, 0.83662, 0.0, 0.0, 0.0, 0.0, 1.0],
                [0.800798, -0.06016, -0.595907, 0.0, 0.013621, 0.996514, -0.082299, 0.05, 0.598782, 0.057788, 0.798825, 0.0, 0.0, 0.0, 0.0, 1.0],
                [0.76911, -0.036293, -0.638086, 0.0, -0.010742, 0.99751, -0.069684, 0.05, 0.639028, 0.060449, 0.766805, 0.0, 0.0, 0.0, 0.0, 1.0],
                [0.738548, -0.040568, -0.672981, 0.0, -0.011922, 0.997245, -0.073198, 0.05, 0.674098, 0.062084, 0.736029, 0.0, 0.0, 0.0, 0.0, 1.0],
                [0.715139, -0.058132, -0.696562, 0.0, 0.000843, 0.996606, -0.082307, 0.05, 0.698984, 0.058273, 0.71276, 0.0, 0.0, 0.0, 0.0, 1.0],
                [0.715139, -0.058132, -0.696562, 0.0, 0.000843, 0.996606, -0.082307, 0.05, 0.698984, 0.058273, 0.71276, 0.0, 0.0, 0.0, 0.0, 1.0]
            ]
        },
        {
            "name": "Chest",
            "time": [0.0, 0.0417, 0.0833, 0.125, 0.1667, 0.2083, 0.25, 0.2917, 0.3333, 0.375, 0.4167, 0.4583, 0.5, 0.5417, 0.5833, 0.625, 0.6667, 0.7083, 0.75, 0.7917, 0.8333, 0.875, 0.9167, 0.9583, 1.0, 1.0417, 1.0833, 1.125, 1.1667, 1.2083, 1.25, 10.4583],
            "transform": [
                [0.990655, -0.072192, 0.11574, 0.0, 0.036681, 0.958206, 0.283713, 0.3, -0.131385, -0.276815, 0.951898, 0.0, 0.0, 0.0, 0.0, 1.0],
                [0.995943, -0.084989, -0.029646, 0.0, 0.081802, 0.992026, -0.095864, 0.3, 0.037557, 0.09305, 0.994952, 0.0, 0.0, 0.0, 0.0, 1.0],
                [0.994565, -0.069224, -0.077803, -0.0, 0.058844, 0.989949, -0.128594, 0.3, 0.085923, 0.123317, 0.98864, 0.0, 0.0, 0.0, 0.0, 1.0],
                [0.978899, -0.202933, 0.024071, -0.0, 0.202788, 0.95006, -0.237195, 0.3, 0.025266, 0.23707, 0.971164, 0.0, 0.0, 0.0, 0.0, 1.0],
                [0.954274, -0.260956, 0.145835, 0.0, 0.294237, 0.906118, -0.30393, 0.3, -0.052831, 0.332941, 0.941466, 0.0, 0.0, 0.0, 0.0, 1.0],
                [0.979475, -0.092613, 0.17904, 0.0, 0.138463, 0.954617, -0.263688, 0.3, -0.146494, 0.283065, 0.947847, -0.0, 0.0, 0.0, 0.0, 1.0],
                [0.974077, 0.123894, 0.189282, 0.0, -0.088787, 0.978935, -0.183849, 0.3, -0.208073, 0.162277, 0.964558, 0.0, 0.0, 0.0, 0.0, 1.0],
                [0.97967, 0.139791, 0.143906, -0.0, -0.119164, 0.982496, -0.143174, 0.3, -0.161402, 0.123115, 0.97918, -0.0, 0.0, 0.0, 0.0, 1.0],
                [0.990709, 0.009852, 0.135658, 0.0, -0.001773, 0.998222, -0.059549, 0.3, -0.136004, 0.058755, 0.988964, 0.0, 0.0, 0.0, 0.0, 1.0],
                [0.89109, -0.191581, 0.411412, -0.0, 0.032768, 0.931322, 0.362714, 0.3, -0.452648, -0.309729, 0.836169, -0.0, 0.0, 0.0, 0.0, 1.0],
                [0.875817, -0.306184, 0.373095, 0.0, -0.010618, 0.760607, 0.649125, 0.3, -0.482532, -0.572473, 0.662901, 0.0, 0.0, 0.0, 0.0, 1.0],
                [0.992381, -0.041477, 0.116033, 0.0, -0.008318, 0.916948, 0.398917, 0.3, -0.122942, -0.396842, 0.909616, 0.0, 0.0, 0.0, 0.0, 1.0],
                [0.989953, 0.116907, 0.079559, 0.0, -0.139256, 0.903782, 0.404702, 0.3, -0.024591, -0.411714, 0.910981, 0.0, 0.0, 0.0, 0.0, 1.0],
                [0.976752, 0.16909, 0.131784, 0.0, -0.212148, 0.850852, 0.480669, 0.3, -0.030852, -0.497451, 0.866943, 0.0, 0.0, 0.0, 0.0, 1.0],
                [0.990461, 0.137761, 0.003427, -0.0, -0.127991, 0.910427, 0.393367, 0.3, 0.051071, -0.390052, 0.919375, -0.0, 0.0, 0.0, 0.0, 1.0],
                [0.993845, 0.110353, -0.009966, -0.0, -0.10001, 0.932125, 0.34805, 0.3, 0.047698, -0.344909, 0.937423, 0.0, 0.0, 0.0, 0.0, 1.0],
                [0.994002, 0.099176, 0.046148, -0.0, -0.109037, 0.932069, 0.34548, 0.3, -0.00875, -0.348439, 0.93729, 0.0, 0.0, 0.0, 0.0, 1.0],
                [0.994237, 0.087, 0.062668, 0.0, -0.103739, 0.928275, 0.35713, 0.3, -0.027102, -0.361572, 0.93195, -0.0, 0.0, 0.0, 0.0, 1.0],
                [0.996686, 0.079488, 0.017396, -0.0, -0.080038, 0.919195, 0.38558, 0.3, 0.014658, -0.385694, 0.92251, 0.0, 0.0, 0.0, 0.0, 1.0],
                [0.996978, 0.071872, -0.029555, 1e-06, -0.053697, 0.912045, 0.406556, 0.3, 0.056176, -0.403739, 0.913147, -0.0, 0.0, 0.0, 0.0, 1.0],
                [0.997909, 0.053504, -0.036306, 0.0, -0.034892, 0.91832, 0.394295, 0.3, 0.054437, -0.392202, 0.918266, 0.0, 0.0, 0.0, 0.0, 1.0],
                [0.999513, 0.027089, -0.01561, 0.0, -0.019702, 0.933398, 0.358296, 0.3, 0.024276, -0.357813, 0.933477, 0.0, 0.0, 0.0, 0.0, 1.0],
                [0.999946, 0.006977, 0.008007, -0.0, -0.009165, 0.947829, 0.318645, 0.3, -0.005366, -0.3187, 0.94784, 0.0, 0.0, 0.0, 0.0, 1.0],
                [0.999765, 0.006233, 0.020866, 0.0, -0.012029, 0.956794, 0.290513, 0.3, -0.018154, -0.290695, 0.956643, 0.0, 0.0, 0.0, 0.0, 1.0],
                [0.999479, 0.022626, 0.023118, -0.0, -0.028014, 0.962769, 0.268865, 0.3, -0.016174, -0.269372, 0.9629, 0.0, 0.0, 0.0, 0.0, 1.0],
                [0.999412, 0.032653, -0.010711, -0.0, -0.029151, 0.9706, 0.238919, 0.3, 0.018198, -0.238465, 0.97098, 0.0, 0.0, 0.0, 0.0, 1.0],
                [0.993833, 0.021878, -0.108734, -0.0, -0.000795, 0.981731, 0.190266, 0.3, 0.110911, -0.189005, 0.975692, 0.0, 0.0, 0.0, 0.0, 1.0],
                [0.972278, -0.005662, -0.233772, -0.0, 0.03736, 0.990625, 0.13139, 0.3, 0.230837, -0.136481, 0.963372, -0.0, 0.0, 0.0, 0.0, 1.0],
                [0.948182, -0.034737, -0.315831, 0.0, 0.063533, 0.994658, 0.081336, 0.3, 0.31132, -0.097186, 0.945322, -1e-06, 0.0, 0.0, 0.0, 1.0],
                [0.945556, -0.054857, -0.320811, -0.0, 0.073978, 0.996116, 0.047711, 0.3, 0.31695, -0.068846, 0.94594, -0.0, 0.0, 0.0, 0.0, 1.0],
                [0.956236, -0.068293, -0.284523, -0.0, 0.078832, 0.996554, 0.025743, 0.3, 0.281786, -0.047046, 0.958323, -0.0, 0.0, 0.0, 0.0, 1.0],
                [0.956236, -0.068293, -0.284523, -0.0, 0.078832, 0.996554, 0.025743, 0.3, 0.281786, -0.047046, 0.958323, -0.0, 0.0, 0.0, 0.0, 1.0]
            ]
        },
        {
            "name": "Head",
            "time": [0.0, 0.0417, 0.0833, 0.125, 0.1667, 0.2083, 0.25, 0.2917, 0.3333, 0.375, 0.4167, 0.4583, 0.5, 0.5417, 0.5833, 0.625, 0.6667, 0.7083, 0.75, 0.7917, 0.8333, 0.875, 0.9167, 0.9583, 1.0, 1.0417, 1.0833, 1.125, 1.1667, 1.2083, 1.25, 10.4583],
            "transform": [
                [0.562027, -0.015553, -0.826973, -0.0, -0.381064, 0.882522, -0.275576, 0.4, 0.734111, 0.47001, 0.490075, -0.0, 0.0, 0.0, 0.0, 1.0],
                [0.63549, -0.528808, -0.562596, 0.0, -0.351638, 0.450474, -0.820625, 0.4, 0.68739, 0.719324, 0.100323, -0.0, 0.0, 0.0, 0.0, 1.0],
                [0.884571, -0.450735, -0.119875, 0.0, -0.120733, 0.026971, -0.992322, 0.4, 0.450507, 0.892246, -0.030561, 0.0, 0.0, 0.0, 0.0, 1.0],
                [0.987824, -0.145734, -0.054424, 0.0, -0.073066, -0.125785, -0.989366, 0.4, 0.137338, 0.981292, -0.134903, 0.0, 0.0, 0.0, 0.0, 1.0],
                [0.98652, 0.124781, -0.105854, -0.0, -0.080683, -0.191859, -0.978103, 0.4, -0.142357, 0.973454, -0.179207, -0.0, 0.0, 0.0, 0.0, 1.0],
                [0.960546, 0.273695, -0.049396, -0.0, -0.007002, -0.153753, -0.988088, 0.4, -0.27803, 0.949444, -0.145771, 0.0, 0.0, 0.0, 0.0, 1.0],
                [0.94018, 0.337953, 0.042979, -0.0, 0.064433, -0.052518, -0.996543, 0.4, -0.334527, 0.939692, -0.071152, 0.0, 0.0, 0.0, 0.0, 1.0],
                [0.895933, 0.442826, 0.034716, 0.0, 0.083466, -0.091074, -0.992344, 0.4, -0.436273, 0.891966, -0.118558, 0.0, 0.0, 0.0, 0.0, 1.0],
                [0.89377, 0.44824, 0.015906, -0.0, 0.042423, -0.049178, -0.997893, 0.4, -0.446513, 0.892555, -0.06297, -0.0, 0.0, 0.0, 0.0, 1.0],
                [0.996966, 0.044905, -0.063557, -0.0, -0.077643, 0.519011, -0.851237, 0.4, -0.005238, 0.853583, 0.520927, 0.0, 0.0, 0.0, 0.0, 1.0],
                [0.906292, 0.134983, -0.400516, 0.0, -0.265453, 0.919195, -0.290882, 0.399999, 0.328888, 0.369941, 0.868895, 0.0, 0.0, 0.0, 0.0, 1.0],
                [0.827001, 0.29307, -0.479771, 0.0, -0.374762, 0.923497, -0.081869, 0.4, 0.419074, 0.247504, 0.873568, 0.0, 0.0, 0.0, 0.0, 1.0],
                [0.895716, 0.238189, -0.375444, 0.0, -0.349121, 0.899659, -0.262153, 0.4, 0.275329, 0.365889, 0.889, 0.0, 0.0, 0.0, 0.0, 1.0],
                [0.974343, 0.153831, -0.164288, -1e-06, -0.212153, 0.871445, -0.442236, 0.399999, 0.075138, 0.465742, 0.881727, 0.0, 0.0, 0.0, 0.0, 1.0],
                [0.980625, 0.190042, -0.0475, -0.0, -0.192701, 0.892313, -0.408217, 0.4, -0.035193, 0.40946, 0.911651, -0.0, 0.0, 0.0, 0.0, 1.0],
                [0.9853, 0.170809, 0.002479, 1e-06, -0.153202, 0.889965, -0.429522, 0.4, -0.075572, 0.422827, 0.903056, 0.0, 0.0, 0.0, 0.0, 1.0],
                [0.993685, 0.110884, 0.017081, 0.0, -0.088652, 0.869349, -0.48618, 0.4, -0.068759, 0.481594, 0.873694, 0.0, 0.0, 0.0, 0.0, 1.0],
                [0.996366, 0.083068, 0.018732, 0.0, -0.061653, 0.855453, -0.514196, 0.4, -0.058738, 0.511171, 0.857471, 0.0, 0.0, 0.0, 0.0, 1.0],
                [0.995254, 0.0971, 0.00607, 0.0, -0.080243, 0.854551, -0.51313, 0.4, -0.055013, 0.510206, 0.858293, -0.0, 0.0, 0.0, 0.0, 1.0],
                [0.992781, 0.119713, -0.007213, -0.0, -0.107397, 0.860656, -0.497731, 0.4, -0.053377, 0.49491, 0.867305, -0.0, 0.0, 0.0, 0.0, 1.0],
                [0.991315, 0.130541, -0.015821, 0.0, -0.122217, 0.870278, -0.477156, 0.4, -0.048519, 0.474944, 0.878679, 0.0, 0.0, 0.0, 0.0, 1.0],
                [0.990294, 0.136364, -0.026828, 0.0, -0.133692, 0.881979, -0.451927, 0.4, -0.037965, 0.451126, 0.891655, 0.0, 0.0, 0.0, 0.0, 1.0],
                [0.989863, 0.141829, -0.007299, 0.0, -0.131856, 0.898733, -0.4182, 0.4, -0.052753, 0.414922, 0.908329, -0.0, 0.0, 0.0, 0.0, 1.0],
                [0.986033, 0.145712, 0.080645, -0.0, -0.106559, 0.924138, -0.366894, 0.4, -0.127988, 0.353175, 0.926764, 0.0, 0.0, 0.0, 0.0, 1.0],
                [0.963257, 0.138875, 0.229884, -0.0, -0.068316, 0.954477, -0.290353, 0.4, -0.259741, 0.263979, 0.928899, 0.0, 0.0, 0.0, 0.0, 1.0],
                [0.913045, 0.124163, 0.388499, -1e-06, -0.045601, 0.977639, -0.205281, 0.4, -0.4053, 0.169714, 0.898294, -0.0, 0.0, 0.0, 0.0, 1.0],
                [0.828952, 0.108473, 0.548701, -0.0, -0.044189, 0.990647, -0.129082, 0.4, -0.557571, 0.082756, 0.825995, -0.0, 0.0, 0.0, 0.0, 1.0],
                [0.711365, 0.087895, 0.697306, -0.0, -0.056064, 0.996083, -0.068361, 0.4, -0.700584, 0.009536, 0.713507, 1e-06, 0.0, 0.0, 0.0, 1.0],
                [0.606704, 0.065307, 0.792241, 0.0, -0.073028, 0.996983, -0.02626, 0.4, -0.791567, -0.041924, 0.609643, 0.0, 0.0, 0.0, 0.0, 1.0],
                [0.558298, 0.043559, 0.828496, 0.0, -0.091477, 0.995762, 0.00929, 0.4, -0.824583, -0.080975, 0.559917, -1e-06, 0.0, 0.0, 0.0, 1.0],
