{
    "animation": [
        {
            "name": "Root",
            "time": [0.0, 0.0417, 0.0833, 0.125, 0.1667, 0.2083, 0.25, 0.2917, 0.3333, 0.375, 0.4167, 0.4583, 0.5, 0.5417, 0.5833, 0.625, 0.6667, 0.7083, 0.75, 0.7917, 0.8333, 0.875, 0.9167, 0.9583, 1.0, 1.0417, 1.0833, 1.125, 1.1667, 1.2083, 1.25, 1.2917, 1.3333, 1.375, 1.4167, 1.4583, 1.5, 1.5417, 1.5833, 1.625, 1.6667],
            "transform": [
                [1.0, -0.0, -0.0, -2.2e-05, -0.0, -0.0, -1.0, -0.002037, 0.0, 1.0, -0.0, 0.429987, 0.0, 0.0, 0.0, 1.0],
                [1.0, -0.0, -0.0, -2.2e-05, -0.0, -0.0, -1.0, -0.005557, 0.0, 1.0, -0.0, 0.429987, 0.0, 0.0, 0.0, 1.0],
                [1.0, -0.0, -0.0, -2.2e-05, -0.0, -0.0, -1.0, -0.010725, 0.0, 1.0, -0.0, 0.429987, 0.0, 0.0, 0.0, 1.0],
                [1.0, -0.0, -0.0, -2.2e-05, -0.0, -0.0, -1.0, -0.014807, 0.0, 1.0, -0.0, 0.429987, 0.0, 0.0, 0.0, 1.0],
                [1.0, -0.0, -0.0, -2.2e-05, -0.0, -0.0, -1.0, -0.018922, 0.0, 1.0, -0.0, 0.429987, 0.0, 0.0, 0.0, 1.0],
                [1.0, -0.0, -0.0, -2.2e-05, -0.0, -0.0, -1.0, -0.024221, 0.0, 1.0, -0.0, 0.429987, 0.0, 0.0, 0.0, 1.0],
                [1.0, -0.0, -0.0, -2.2e-05, -0.0, -0.0, -1.0, -0.027907, 0.0, 1.0, -0.0, 0.429987, 0.0, 0.0, 0.0, 1.0],
                [1.0, -0.0, -0.0, -2.2e-05, -0.0, -0.0, -1.0, -0.03113, 0.0, 1.0, -0.0, 0.429987, 0.0, 0.0, 0.0, 1.0],
                [1.0, -0.0, -0.0, -2.2e-05, -0.0, -0.0, -1.0, -0.033863, 0.0, 1.0, -0.0, 0.429987, 0.0, 0.0, 0.0, 1.0],
                [1.0, -0.0, -0.0, -2.2e-05, -0.0, -0.0, -1.0, -0.035837, 0.0, 1.0, -0.0, 0.429987, 0.0, 0.0, 0.0, 1.0],
                [1.0, -0.0, -0.0, -2.2e-05, -0.0, -0.0, -1.0, -0.037225, 0.0, 1.0, -0.0, 0.429987, 0.0, 0.0, 0.0, 1.0],
                [1.0, -0.0, -0.0, -2.2e-05, -0.0, -0.0, -1.0, -0.037183, 0.0, 1.0, -0.0, 0.429987, 0.0, 0.0, 0.0, 1.0],
                [1.0, -0.0, -0.0, -2.2e-05, -0.0, -0.0, -1.0, -0.036283, 0.0, 1.0, -0.0, 0.429987, 0.0, 0.0, 0.0, 1.0],
                [1.0, -0.0, -0.0, -2.2e-05, -0.0, -0.0, -1.0, -0.034434, 0.0, 1.0, -0.0, 0.429987, 0.0, 0.0, 0.0, 1.0],
                [1.0, -0.0, -0.0, -2.2e-05, -0.0, -0.0, -1.0, -0.032607, 0.0, 1.0, -0.0, 0.429987, 0.0, 0.0, 0.0, 1.0],
                [1.0, -0.0, -0.0, -2.2e-05, -0.0, -0.0, -1.0, -0.030392, 0.0, 1.0, -0.0, 0.429987, 0.0, 0.0, 0.0, 1.0],
                [1.0, -0.0, -0.0, -2.2e-05, -0.0, -0.0, -1.0, -0.026993, 0.0, 1.0, -0.0, 0.429987, 0.0, 0.0, 0.0, 1.0],
                [1.0, -0.0, -0.0, -2.2e-05, -0.0, -0.0, -1.0, -0.024154, 0.0, 1.0, -0.0, 0.429987, 0.0, 0.0, 0.0, 1.0],
                [1.0, -0.0, -0.0, -2.2e-05, -0.0, -0.0, -1.0, -0.021078, 0.0, 1.0, -0.0, 0.429987, 0.0, 0.0, 0.0, 1.0],
                [1.0, -0.0, -0.0, -2.2e-05, -0.0, -0.0, -1.0, -0.01785, 0.0, 1.0, -0.0, 0.429987, 0.0, 0.0, 0.0, 1.0],
                [1.0, -0.0, -0.0, -2.2e-05, -0.0, -0.0, -1.0, -0.014476, 0.0, 1.0, -0.0, 0.429987, 0.0, 0.0, 0.0, 1.0],
                [1.0, -0.0, -0.0, -2.2e-05, -0.0, -0.0, -1.0, -0.009854, 0.0, 1.0, -0.0, 0.429987, 0.0, 0.0, 0.0, 1.0],
                [1.0, -0.0, -0.0, -2.2e-05, -0.0, -0.0, -1.0, -0.006341, 0.0, 1.0, -0.0, 0.429987, 0.0, 0.0, 0.0, 1.0],
                [1.0, -0.0, -0.0, -2.2e-05, -0.0, -0.0, -1.0, -0.002833, 0.0, 1.0, -0.0, 0.429987, 0.0, 0.0, 0.0, 1.0],
                [1.0, -0.0, -0.0, -2.2e-05, -0.0, -0.0, -1.0, 0.001766, 0.0, 1.0, -0.0, 0.429987, 0.0, 0.0, 0.0, 1.0],
                [1.0, -0.0, -0.0, -2.2e-05, -0.0, -0.0, -1.0, 0.005111, 0.0, 1.0, -0.0, 0.429987, 0.0, 0.0, 0.0, 1.0],
                [1.0, -0.0, -0.0, -2.2e-05, -0.0, -0.0, -1.0, 0.008299, 0.0, 1.0, -0.0, 0.429987, 0.0, 0.0, 0.0, 1.0],
                [1.0, -0.0, -0.0, -2.2e-05, -0.0, -0.0, -1.0, 0.01227, 0.0, 1.0, -0.0, 0.429987, 0.0, 0.0, 0.0, 1.0],
                [1.0, -0.0, -0.0, -2.2e-05, -0.0, -0.0, -1.0, 0.014992, 0.0, 1.0, -0.0, 0.429987, 0.0, 0.0, 0.0, 1.0],
                [1.0, -0.0, -0.0, -2.2e-05, -0.0, -0.0, -1.0, 0.017406, 0.0, 1.0, -0.0, 0.429987, 0.0, 0.0, 0.0, 1.0],
                [1.0, -0.0, -0.0, -2.2e-05, -0.0, -0.0, -1.0, 0.019536, 0.0, 1.0, -0.0, 0.429987, 0.0, 0.0, 0.0, 1.0],
                [1.0, -0.0, -0.0, -2.2e-05, -0.0, -0.0, -1.0, 0.021267, 0.0, 1.0, -0.0, 0.429987, 0.0, 0.0, 0.0, 1.0],
                [1.0, -0.0, -0.0, -2.2e-05, -0.0, -0.0, -1.0, 0.022877, 0.0, 1.0, -0.0, 0.429987, 0.0, 0.0, 0.0, 1.0],
                [1.0, -0.0, -0.0, -2.2e-05, -0.0, -0.0, -1.0, 0.023034, 0.0, 1.0, -0.0, 0.429987, 0.0, 0.0, 0.0, 1.0],
                [1.0, -0.0, -0.0, -2.2e-05, -0.0, -0.0, -1.0, 0.021983, 0.0, 1.0, -0.0, 0.429987, 0.0, 0.0, 0.0, 1.0],
                [1.0, -0.0, -0.0, -2.2e-05, -0.0, -0.0, -1.0, 0.019322, 0.0, 1.0, -0.0, 0.429987, 0.0, 0.0, 0.0, 1.0],
                [1.0, -0.0, -0.0, -2.2e-05, -0.0, -0.0, -1.0, 0.016608, 0.0, 1.0, -0.0, 0.429987, 0.0, 0.0, 0.0, 1.0],
                [1.0, -0.0, -0.0, -2.2e-05, -0.0, -0.0, -1.0, 0.013441, 0.0, 1.0, -0.0, 0.429987, 0.0, 0.0, 0.0, 1.0],
                [1.0, -0.0, -0.0, -2.2e-05, -0.0, -0.0, -1.0, 0.008967, 0.0, 1.0, -0.0, 0.429987, 0.0, 0.0, 0.0, 1.0],
                [1.0, -0.0, -0.0, -2.2e-05, -0.0, -0.0, -1.0, 0.005649, 0.0, 1.0, -0.0, 0.429987, 0.0, 0.0, 0.0, 1.0],
                [1.0, -0.0, -0.0, -2.2e-05, -0.0, -0.0, -1.0, 0.002634, 0.0, 1.0, -0.0, 0.429987, 0.0, 0.0, 0.0, 1.0]
            ]
        },
        {
            "name": "Thigh_R",
            "time": [0.0, 0.0417, 0.0833, 0.125, 0.1667, 0.2083, 0.25, 0.2917, 0.3333, 0.375, 0.4167, 0.4583, 0.5, 0.5417, 0.5833, 0.625, 0.6667, 0.7083, 0.75, 0.7917, 0.8333, 0.875, 0.9167, 0.9583, 1.0, 1.0417, 1.0833, 1.125, 1.1667, 1.2083, 1.25, 1.2917, 1.3333, 1.375, 1.4167, 1.4583, 1.5, 1.5417, 1.5833, 1.625, 1.6667],
            "transform": [
                [0.593958, 0.619395, 0.513386, 0.075972, 0.571013, -0.774106, 0.273323, 0.112655, 0.56671, 0.130809, -0.813467, 0.07436, 0.0, 0.0, 0.0, 1.0],
                [0.592855, 0.619494, 0.51454, 0.075972, 0.56926, -0.774319, 0.27636, 0.112655, 0.569621, 0.129066, -0.811711, 0.07436, 0.0, 0.0, 0.0, 1.0],
                [0.591163, 0.619729, 0.516201, 0.075972, 0.566794, -0.774539, 0.280777, 0.112655, 0.573824, 0.126595, -0.809135, 0.07436, 0.0, 0.0, 0.0, 1.0],
                [0.589793, 0.620003, 0.517438, 0.075972, 0.564888, -0.774642, 0.284311, 0.112655, 0.577103, 0.12461, -0.807109, 0.07436, 0.0, 0.0, 0.0, 1.0],
                [0.588379, 0.620231, 0.518773, 0.075972, 0.562931, -0.774768, 0.287828, 0.112655, 0.580448, 0.122682, -0.805003, 0.07436, 0.0, 0.0, 0.0, 1.0],
                [0.587501, 0.621208, 0.518598, 0.075972, 0.561096, -0.7745, 0.292098, 0.112655, 0.583109, 0.119376, -0.803576, 0.07436, 0.0, 0.0, 0.0, 1.0],
                [0.5863, 0.622251, 0.518707, 0.075972, 0.560217, -0.77395, 0.295226, 0.112655, 0.585159, 0.117498, -0.802361, 0.07436, 0.0, 0.0, 0.0, 1.0],
                [0.582807, 0.623486, 0.521155, 0.075972, 0.559995, -0.77289, 0.298409, 0.112655, 0.58885, 0.117929, -0.799593, 0.07436, 0.0, 0.0, 0.0, 1.0],
                [0.579812, 0.624595, 0.523164, 0.075972, 0.559705, -0.771967, 0.301328, 0.112655, 0.592073, 0.118105, -0.797184, 0.07436, 0.0, 0.0, 0.0, 1.0],
                [0.579252, 0.624935, 0.523379, 0.075972, 0.558935, -0.77186, 0.303027, 0.112655, 0.593347, 0.117006, -0.796398, 0.07436, 0.0, 0.0, 0.0, 1.0],
                [0.576592, 0.625501, 0.525634, 0.075972, 0.558613, -0.771291, 0.305063, 0.112655, 0.596234, 0.117729, -0.794132, 0.07436, 0.0, 0.0, 0.0, 1.0],
                [0.57409, 0.625642, 0.528199, 0.075972, 0.558685, -0.770906, 0.305902, 0.112655, 0.598577, 0.119482, -0.792105, 0.07436, 0.0, 0.0, 0.0, 1.0],
                [0.573134, 0.625277, 0.529667, 0.075972, 0.558595, -0.771024, 0.305768, 0.112655, 0.599576, 0.120624, -0.791175, 0.07436, 0.0, 0.0, 0.0, 1.0],
                [0.572785, 0.624393, 0.531086, 0.075972, 0.558421, -0.771528, 0.304814, 0.112655, 0.600072, 0.121977, -0.790592, 0.07436, 0.0, 0.0, 0.0, 1.0],
                [0.570333, 0.624802, 0.533239, 0.075972, 0.560039, -0.770672, 0.304009, 0.112655, 0.600898, 0.125249, -0.789452, 0.07436, 0.0, 0.0, 0.0, 1.0],
                [0.567993, 0.625439, 0.534987, 0.075972, 0.562341, -0.769543, 0.302618, 0.112655, 0.600965, 0.128961, -0.788803, 0.07436, 0.0, 0.0, 0.0, 1.0],
                [0.566424, 0.626064, 0.535918, 0.075972, 0.565368, -0.768338, 0.300028, 0.112655, 0.599604, 0.133048, -0.78916, 0.07436, 0.0, 0.0, 0.0, 1.0],
                [0.564294, 0.626598, 0.537539, 0.075972, 0.56799, -0.767182, 0.298028, 0.112655, 0.599134, 0.137141, -0.788816, 0.07436, 0.0, 0.0, 0.0, 1.0],
                [0.562261, 0.627169, 0.539002, 0.075972, 0.570871, -0.765936, 0.29572, 0.112655, 0.598307, 0.141429, -0.788687, 0.07436, 0.0, 0.0, 0.0, 1.0],
                [0.560371, 0.627752, 0.540289, 0.075972, 0.573896, -0.764643, 0.2932, 0.112655, 0.597185, 0.14577, -0.788746, 0.07436, 0.0, 0.0, 0.0, 1.0],
                [0.558311, 0.628276, 0.541812, 0.075972, 0.577035, -0.763306, 0.290511, 0.112655, 0.596089, 0.150449, -0.788697, 0.07436, 0.0, 0.0, 0.0, 1.0],
                [0.556064, 0.628774, 0.543542, 0.075972, 0.581209, -0.761656, 0.286493, 0.112655, 0.594132, 0.156604, -0.788976, 0.07436, 0.0, 0.0, 0.0, 1.0],
                [0.554756, 0.629109, 0.544489, 0.075972, 0.584136, -0.760514, 0.283557, 0.112655, 0.59248, 0.160751, -0.789384, 0.07436, 0.0, 0.0, 0.0, 1.0],
                [0.55362, 0.629418, 0.545287, 0.075972, 0.587105, -0.759375, 0.280461, 0.112655, 0.590605, 0.164872, -0.789939, 0.07436, 0.0, 0.0, 0.0, 1.0],
                [0.554159, 0.629526, 0.544616, 0.075972, 0.590521, -0.75843, 0.275809, 0.112655, 0.586682, 0.168765, -0.792038, 0.07436, 0.0, 0.0, 0.0, 1.0],
                [0.554312, 0.629441, 0.544558, 0.075972, 0.592949, -0.757788, 0.27234, 0.112655, 0.584082, 0.171934, -0.793277, 0.07436, 0.0, 0.0, 0.0, 1.0],
                [0.554682, 0.629349, 0.544287, 0.075972, 0.595217, -0.757214, 0.26897, 0.112655, 0.581418, 0.174776, -0.794611, 0.07436, 0.0, 0.0, 0.0, 1.0],
                [0.555577, 0.628817, 0.543989, 0.075972, 0.597571, -0.756893, 0.264621, 0.112655, 0.57814, 0.178055, -0.796273, 0.07436, 0.0, 0.0, 0.0, 1.0],
                [0.557534, 0.627429, 0.54359, 0.075972, 0.597835, -0.757775, 0.26148, 0.112655, 0.57598, 0.179193, -0.797582, 0.07436, 0.0, 0.0, 0.0, 1.0],
                [0.558293, 0.626262, 0.544156, 0.075972, 0.59842, -0.758264, 0.25871, 0.112655, 0.574634, 0.181198, -0.7981, 0.07436, 0.0, 0.0, 0.0, 1.0],
                [0.56218, 0.625004, 0.541595, 0.075972, 0.598279, -0.759485, 0.255433, 0.112655, 0.57098, 0.180426, -0.800893, 0.07436, 0.0, 0.0, 0.0, 1.0],
                [0.564531, 0.624039, 0.54026, 0.075972, 0.598418, -0.760244, 0.252835, 0.112655, 0.568509, 0.180568, -0.802616, 0.07436, 0.0, 0.0, 0.0, 1.0],
                [0.565461, 0.623292, 0.540151, 0.075972, 0.599065, -0.760524, 0.250451, 0.112655, 0.566902, 0.181966, -0.803437, 0.07436, 0.0, 0.0, 0.0, 1.0],
                [0.568026, 0.623106, 0.537667, 0.075972, 0.598888, -0.761048, 0.249281, 0.112655, 0.564519, 0.180404, -0.805465, 0.07436, 0.0, 0.0, 0.0, 1.0],
                [0.569744, 0.623666, 0.535195, 0.075972, 0.59868, -0.761108, 0.249597, 0.112655, 0.563006, 0.178204, -0.807012, 0.07436, 0.0, 0.0, 0.0, 1.0],
                [0.571044, 0.624447, 0.532894, 0.075972, 0.597514, -0.761298, 0.251802, 0.112655, 0.562928, 0.174622, -0.807849, 0.07436, 0.0, 0.0, 0.0, 1.0],
                [0.576237, 0.623224, 0.528719, 0.075972, 0.593266, -0.763923, 0.253886, 0.112655, 0.562129, 0.167373, -0.809937, 0.07436, 0.0, 0.0, 0.0, 1.0],
                [0.578985, 0.622575, 0.526476, 0.075972, 0.58957, -0.765707, 0.257103, 0.112655, 0.563192, 0.161536, -0.810383, 0.07436, 0.0, 0.0, 0.0, 1.0],
                [0.585581, 0.621183, 0.520795, 0.075972, 0.583288, -0.769043, 0.261436, 0.112655, 0.562914, 0.150681, -0.812665, 0.07436, 0.0, 0.0, 0.0, 1.0],
                [0.587937, 0.620628, 0.518799, 0.075972, 0.579446, -0.770643, 0.265241, 0.112655, 0.564425, 0.144671, -0.812709, 0.07436, 0.0, 0.0, 0.0, 1.0],
                [0.592891, 0.619629, 0.514336, 0.075972, 0.574978, -0.772911, 0.268346, 0.112655, 0.563811, 0.136632, -0.814524, 0.07436, 0.0, 0.0, 0.0, 1.0]
            ]
        },
        {
            "name": "Leg_R",
            "time": [0.0, 0.0417, 0.0833, 0.125, 0.1667, 0.2083, 0.25, 0.2917, 0.3333, 0.375, 0.4167, 0.4583, 0.5, 0.5417, 0.5833, 0.625, 0.6667, 0.7083, 0.75, 0.7917, 0.8333, 0.875, 0.9167, 0.9583, 1.0, 1.0417, 1.0833, 1.125, 1.1667, 1.2083, 1.25, 1.2917, 1.3333, 1.375, 1.4167, 1.4583, 1.5, 1.5417, 1.5833, 1.625, 1.6667],
            "transform": [
                [0.999999, 0.0, 0.0, 0.0, -0.0, 0.648846, 0.76092, 0.37472, 0.0, -0.760921, 0.648846, -0.0, 0.0, 0.0, 0.0, 1.0],
                [0.999999, 0.0, 0.0, -0.0, -0.0, 0.648847, 0.760919, 0.37472, 0.0, -0.760921, 0.648846, 0.0, 0.0, 0.0, 0.0, 1.0],
                [0.999999, 0.0, 0.0, -0.0, -0.0, 0.648846, 0.760919, 0.37472, 0.0, -0.760921, 0.648846, 0.0, 0.0, 0.0, 0.0, 1.0],
                [1.0, 0.0, 0.0, 0.0, -0.0, 0.648846, 0.760919, 0.37472, 0.0, -0.76092, 0.648845, 0.0, 0.0, 0.0, 0.0, 1.0],
                [0.999999, 0.0, 0.0, 0.0, -0.0, 0.648846, 0.760919, 0.37472, 0.0, -0.760921, 0.648845, 0.0, 0.0, 0.0, 0.0, 1.0],
                [1.0, 0.0, 0.0, -0.0, -0.0, 0.648846, 0.760919, 0.37472, 0.0, -0.76092, 0.648846, 0.0, 0.0, 0.0, 0.0, 1.0],
                [1.0, 0.0, 0.0, -0.0, -0.0, 0.648846, 0.76092, 0.37472, 0.0, -0.76092, 0.648846, 0.0, 0.0, 0.0, 0.0, 1.0],
                [0.999999, 0.0, 0.0, 0.0, -0.0, 0.648846, 0.760919, 0.37472, 0.0, -0.76092, 0.648845, -0.0, 0.0, 0.0, 0.0, 1.0],
                [0.999999, 0.0, 0.0, 0.0, -0.0, 0.648846, 0.760919, 0.37472, 0.0, -0.76092, 0.648846, 0.0, 0.0, 0.0, 0.0, 1.0],
                [0.999999, 0.0, 0.0, -0.0, -0.0, 0.648846, 0.76092, 0.37472, 0.0, -0.76092, 0.648846, -0.0, 0.0, 0.0, 0.0, 1.0],
                [0.999999, 0.0, 0.0, -0.0, -0.0, 0.648847, 0.76092, 0.37472, 0.0, -0.76092, 0.648846, -0.0, 0.0, 0.0, 0.0, 1.0],
                [0.999999, 0.0, 0.0, -0.0, -0.0, 0.648846, 0.76092, 0.37472, 0.0, -0.76092, 0.648846, 0.0, 0.0, 0.0, 0.0, 1.0],
                [0.999999, 0.0, 0.0, -0.0, -0.0, 0.648847, 0.760919, 0.37472, 0.0, -0.76092, 0.648846, 0.0, 0.0, 0.0, 0.0, 1.0],
                [1.0, 0.0, 0.0, 0.0, -0.0, 0.648846, 0.76092, 0.37472, 0.0, -0.760921, 0.648845, 0.0, 0.0, 0.0, 0.0, 1.0],
                [1.0, 0.0, 0.0, -0.0, -0.0, 0.648846, 0.76092, 0.37472, 0.0, -0.760921, 0.648845, -0.0, 0.0, 0.0, 0.0, 1.0],
                [1.0, 0.0, 0.0, -0.0, -0.0, 0.648846, 0.760919, 0.37472, 0.0, -0.76092, 0.648845, 0.0, 0.0, 0.0, 0.0, 1.0],
                [0.999999, 0.0, 0.0, -0.0, -0.0, 0.648847, 0.760919, 0.37472, 0.0, -0.76092, 0.648846, 0.0, 0.0, 0.0, 0.0, 1.0],
                [0.999999, 0.0, 0.0, -0.0, -0.0, 0.648846, 0.76092, 0.37472, 0.0, -0.760921, 0.648845, 0.0, 0.0, 0.0, 0.0, 1.0],
                [0.999999, 0.0, 0.0, 0.0, -0.0, 0.648846, 0.760919, 0.37472, 0.0, -0.76092, 0.648846, -0.0, 0.0, 0.0, 0.0, 1.0],
                [1.0, 0.0, 0.0, 0.0, -0.0, 0.648847, 0.76092, 0.37472, 0.0, -0.76092, 0.648846, 0.0, 0.0, 0.0, 0.0, 1.0],
                [0.999999, 0.0, 0.0, 0.0, -0.0, 0.648846, 0.76092, 0.37472, 0.0, -0.760921, 0.648846, -0.0, 0.0, 0.0, 0.0, 1.0],
                [0.999999, 0.0, 0.0, -0.0, -0.0, 0.648846, 0.76092, 0.37472, 0.0, -0.760921, 0.648845, 0.0, 0.0, 0.0, 0.0, 1.0],
                [0.999999, 0.0, 0.0, -0.0, -0.0, 0.648846, 0.760919, 0.37472, 0.0, -0.76092, 0.648846, -0.0, 0.0, 0.0, 0.0, 1.0],
                [0.999999, 0.0, 0.0, 0.0, -0.0, 0.648847, 0.760919, 0.37472, 0.0, -0.76092, 0.648846, -0.0, 0.0, 0.0, 0.0, 1.0],
                [0.999999, 0.0, 0.0, -0.0, -0.0, 0.648846, 0.76092, 0.37472, 0.0, -0.76092, 0.648846, -0.0, 0.0, 0.0, 0.0, 1.0],
                [0.999999, 0.0, 0.0, 0.0, -0.0, 0.648846, 0.760919, 0.37472, 0.0, -0.76092, 0.648846, 0.0, 0.0, 0.0, 0.0, 1.0],
                [0.999999, 0.0, 0.0, 0.0, -0.0, 0.648846, 0.760919, 0.37472, 0.0, -0.76092, 0.648846, 0.0, 0.0, 0.0, 0.0, 1.0],
                [0.999999, 0.0, 0.0, -0.0, -0.0, 0.648847, 0.760919, 0.37472, 0.0, -0.76092, 0.648846, -0.0, 0.0, 0.0, 0.0, 1.0],
                [0.999999, 0.0, 0.0, -0.0, -0.0, 0.648847, 0.760919, 0.37472, 0.0, -0.76092, 0.648846, 0.0, 0.0, 0.0, 0.0, 1.0],
                [0.999999, 0.0, 0.0, 0.0, -0.0, 0.648846, 0.76092, 0.37472, 0.0, -0.760921, 0.648845, 0.0, 0.0, 0.0, 0.0, 1.0],
                [0.999999, 0.0, 0.0, 0.0, -0.0, 0.648846, 0.76092, 0.37472, 0.0, -0.76092, 0.648846, -0.0, 0.0, 0.0, 0.0, 1.0],
                [0.999999, 0.0, 0.0, 0.0, -0.0, 0.648846, 0.76092, 0.37472, 0.0, -0.76092, 0.648846, -0.0, 0.0, 0.0, 0.0, 1.0],
                [0.999999, 0.0, 0.0, 0.0, -0.0, 0.648846, 0.760919, 0.37472, 0.0, -0.760921, 0.648845, 0.0, 0.0, 0.0, 0.0, 1.0],
                [0.999999, 0.0, 0.0, 0.0, -0.0, 0.648846, 0.76092, 0.37472, 0.0, -0.760921, 0.648845, 0.0, 0.0, 0.0, 0.0, 1.0],
                [0.999999, 0.0, 0.0, 0.0, -0.0, 0.648846, 0.760919, 0.37472, 0.0, -0.76092, 0.648845, 0.0, 0.0, 0.0, 0.0, 1.0],
                [1.0, 0.0, 0.0, 0.0, -0.0, 0.648846, 0.76092, 0.37472, 0.0, -0.76092, 0.648845, 0.0, 0.0, 0.0, 0.0, 1.0],
                [0.999999, 0.0, 0.0, -0.0, -0.0, 0.648846, 0.76092, 0.37472, 0.0, -0.760921, 0.648845, -0.0, 0.0, 0.0, 0.0, 1.0],
                [0.999999, 0.0, 0.0, 0.0, -0.0, 0.648846, 0.760919, 0.37472, 0.0, -0.76092, 0.648845, -0.0, 0.0, 0.0, 0.0, 1.0],
                [0.999999, 0.0, 0.0, -0.0, -0.0, 0.648846, 0.76092, 0.37472, 0.0, -0.76092, 0.648845, -0.0, 0.0, 0.0, 0.0, 1.0],
                [1.0, 0.0, 0.0, 0.0, -0.0, 0.648846, 0.76092, 0.37472, 0.0, -0.76092, 0.648845, -0.0, 0.0, 0.0, 0.0, 1.0],
                [1.0, 0.0, 0.0, -0.0, -0.0, 0.648846, 0.76092, 0.37472, 0.0, -0.76092, 0.648846, 0.0, 0.0, 0.0, 0.0, 1.0]
            ]
        },
        {
            "name": "Knee_R",
            "time": [0.0, 1.6667],
            "transform": [
                [1.0, 0.0, -0.0, 0.0, -0.0, 1e-06, -1.0, 0.37472, -0.0, 1.0, 1e-06, -0.0, 0.0, 0.0, 0.0, 1.0],
                [1.0, 0.0, -0.0, -0.0, -0.0, 1e-06, -1.0, 0.37472, -0.0, 1.0, 1e-06, 0.0, 0.0, 0.0, 0.0, 1.0]
            ]
        },
        {
            "name": "Thigh_L",
            "time": [0.0, 0.0417, 0.0833, 0.125, 0.1667, 0.2083, 0.25, 0.2917, 0.3333, 0.375, 0.4167, 0.4583, 0.5, 0.5417, 0.5833, 0.625, 0.6667, 0.7083, 0.75, 0.7917, 0.8333, 0.875, 0.9167, 0.9583, 1.0, 1.0417, 1.0833, 1.125, 1.1667, 1.2083, 1.25, 1.2917, 1.3333, 1.375, 1.4167, 1.4583, 1.5, 1.5417, 1.5833, 1.625, 1.6667],
            "transform": [
                [0.936506, -0.090018, 0.338894, -0.144188, -0.340672, -0.462444, 0.818589, 0.067738, 0.083031, -0.88207, -0.463748, -0.081158, 0.0, 0.0, 0.0, 1.0],
                [0.937329, -0.092166, 0.336028, -0.144188, -0.339109, -0.462953, 0.81895, 0.067738, 0.080086, -0.881581, -0.465193, -0.081158, 0.0, 0.0, 0.0, 1.0],
                [0.938501, -0.095139, 0.331905, -0.144188, -0.336789, -0.464004, 0.819312, 0.067738, 0.076056, -0.880712, -0.46751, -0.081158, 0.0, 0.0, 0.0, 1.0],
                [0.939422, -0.09754, 0.328583, -0.144188, -0.334926, -0.464939, 0.819545, 0.067738, 0.072833, -0.879956, -0.469443, -0.081158, 0.0, 0.0, 0.0, 1.0],
                [0.940364, -0.099993, 0.325136, -0.144188, -0.33298, -0.465977, 0.819749, 0.067738, 0.069537, -0.879131, -0.471484, -0.081158, 0.0, 0.0, 0.0, 1.0],
                [0.941466, -0.106301, 0.319902, -0.144188, -0.331297, -0.467108, 0.819788, 0.067738, 0.062284, -0.877791, -0.474983, -0.081158, 0.0, 0.0, 0.0, 1.0],
                [0.942315, -0.110601, 0.315918, -0.144188, -0.329811, -0.467826, 0.819978, 0.067738, 0.057104, -0.876876, -0.477317, -0.081158, 0.0, 0.0, 0.0, 1.0],
                [0.943295, -0.11168, 0.312599, -0.144188, -0.327396, -0.468433, 0.820599, 0.067738, 0.054787, -0.876415, -0.478434, -0.081158, 0.0, 0.0, 0.0, 1.0],
                [0.944231, -0.113176, 0.309214, -0.144188, -0.325148, -0.468675, 0.821354, 0.067738, 0.051963, -0.876092, -0.479338, -0.081158, 0.0, 0.0, 0.0, 1.0],
                [0.944934, -0.117481, 0.305439, -0.144188, -0.32394, -0.468234, 0.822082, 0.067738, 0.046438, -0.875762, -0.480508, -0.081158, 0.0, 0.0, 0.0, 1.0],
                [0.945954, -0.119963, 0.301291, -0.144188, -0.321585, -0.46684, 0.823798, 0.067738, 0.04183, -0.87617, -0.480187, -0.081158, 0.0, 0.0, 0.0, 1.0],
                [0.946695, -0.120662, 0.298673, -0.144188, -0.319723, -0.464989, 0.825568, 0.067738, 0.039265, -0.877058, -0.478781, -0.081158, 0.0, 0.0, 0.0, 1.0],
                [0.947255, -0.122621, 0.296088, -0.144188, -0.318512, -0.462303, 0.827542, 0.067738, 0.035409, -0.878205, -0.476975, -0.081158, 0.0, 0.0, 0.0, 1.0],
                [0.948185, -0.125875, 0.291715, -0.144188, -0.316418, -0.456943, 0.831313, 0.067738, 0.028655, -0.880547, -0.473095, -0.081158, 0.0, 0.0, 0.0, 1.0],
                [0.948862, -0.126302, 0.289317, -0.144188, -0.314641, -0.45281, 0.834244, 0.067738, 0.025639, -0.882618, -0.469394, -0.081158, 0.0, 0.0, 0.0, 1.0],
                [0.9492, -0.127251, 0.28779, -0.144188, -0.313842, -0.449033, 0.836583, 0.067738, 0.022771, -0.884409, -0.466159, -0.081158, 0.0, 0.0, 0.0, 1.0],
                [0.949121, -0.130517, 0.286585, -0.144188, -0.314397, -0.444404, 0.838844, 0.067738, 0.017876, -0.88627, -0.462827, -0.081158, 0.0, 0.0, 0.0, 1.0],
                [0.949049, -0.13016, 0.286986, -0.144188, -0.314642, -0.441606, 0.840229, 0.067738, 0.017371, -0.88772, -0.46006, -0.081158, 0.0, 0.0, 0.0, 1.0],
                [0.949327, -0.128948, 0.286612, -0.144188, -0.313835, -0.437619, 0.842613, 0.067738, 0.016773, -0.889868, -0.455912, -0.081158, 0.0, 0.0, 0.0, 1.0],
                [0.949504, -0.127851, 0.286516, -0.144188, -0.313324, -0.43375, 0.844801, 0.067738, 0.016268, -0.891919, -0.451906, -0.081158, 0.0, 0.0, 0.0, 1.0],
                [0.949552, -0.126197, 0.28709, -0.144188, -0.313165, -0.429811, 0.84687, 0.067738, 0.016521, -0.894059, -0.447649, -0.081158, 0.0, 0.0, 0.0, 1.0],
                [0.949413, -0.124279, 0.288385, -0.144188, -0.313567, -0.424704, 0.849294, 0.067738, 0.016929, -0.896763, -0.442189, -0.081158, 0.0, 0.0, 0.0, 1.0],
                [0.949201, -0.123008, 0.289624, -0.144188, -0.314191, -0.420874, 0.850969, 0.067738, 0.017219, -0.898742, -0.438142, -0.081158, 0.0, 0.0, 0.0, 1.0],
                [0.948845, -0.121538, 0.291406, -0.144188, -0.315221, -0.417298, 0.852348, 0.067738, 0.018011, -0.900608, -0.434263, -0.081158, 0.0, 0.0, 0.0, 1.0],
                [0.948037, -0.121811, 0.293911, -0.144188, -0.317678, -0.412854, 0.853599, 0.067738, 0.017365, -0.902617, -0.430098, -0.081158, 0.0, 0.0, 0.0, 1.0],
                [0.947383, -0.121124, 0.296293, -0.144188, -0.31959, -0.409835, 0.85434, 0.067738, 0.01795, -0.904085, -0.426981, -0.081158, 0.0, 0.0, 0.0, 1.0],
                [0.946612, -0.120431, 0.299027, -0.144188, -0.321817, -0.407174, 0.854776, 0.067738, 0.018814, -0.905378, -0.424193, -0.081158, 0.0, 0.0, 0.0, 1.0],
                [0.945463, -0.119157, 0.303146, -0.144188, -0.325066, -0.404195, 0.85496, 0.067738, 0.020656, -0.906881, -0.420885, -0.081158, 0.0, 0.0, 0.0, 1.0],
                [0.944716, -0.116842, 0.306359, -0.144188, -0.327041, -0.402674, 0.854925, 0.067738, 0.023471, -0.907858, -0.418624, -0.081158, 0.0, 0.0, 0.0, 1.0],
                [0.944106, -0.112138, 0.309973, -0.144188, -0.328382, -0.401802, 0.854821, 0.067738, 0.02869, -0.908837, -0.416168, -0.081158, 0.0, 0.0, 0.0, 1.0],
                [0.943169, -0.111589, 0.31301, -0.144188, -0.330921, -0.401269, 0.854092, 0.067738, 0.030293, -0.90914, -0.415392, -0.081158, 0.0, 0.0, 0.0, 1.0],
                [0.942357, -0.10899, 0.316353, -0.144188, -0.332873, -0.401318, 0.85331, 0.067738, 0.033956, -0.909434, -0.414465, -0.081158, 0.0, 0.0, 0.0, 1.0],
                [0.94146, -0.102622, 0.321119, -0.144188, -0.334519, -0.402427, 0.852144, 0.067738, 0.041778, -0.909684, -0.413198, -0.081158, 0.0, 0.0, 0.0, 1.0],
                [0.940659, -0.100958, 0.323982, -0.144188, -0.336313, -0.404731, 0.850344, 0.067738, 0.045277, -0.908848, -0.414668, -0.081158, 0.0, 0.0, 0.0, 1.0],
                [0.939362, -0.09925, 0.328243, -0.144188, -0.339125, -0.410864, 0.846277, 0.067738, 0.05087, -0.90628, -0.419609, -0.081158, 0.0, 0.0, 0.0, 1.0],
                [0.938456, -0.09503, 0.33206, -0.144188, -0.34028, -0.419143, 0.841741, 0.067738, 0.05919, -0.902936, -0.425685, -0.081158, 0.0, 0.0, 0.0, 1.0],
                [0.937982, -0.095331, 0.333312, -0.144188, -0.341128, -0.425128, 0.83839, 0.067738, 0.061776, -0.900101, -0.431283, -0.081158, 0.0, 0.0, 0.0, 1.0],
                [0.938027, -0.092421, 0.334004, -0.144188, -0.340057, -0.431202, 0.835718, 0.067738, 0.066786, -0.897512, -0.435908, -0.081158, 0.0, 0.0, 0.0, 1.0],
                [0.93742, -0.092908, 0.33557, -0.144188, -0.340923, -0.440819, 0.830331, 0.067738, 0.070781, -0.892777, -0.444908, -0.081158, 0.0, 0.0, 0.0, 1.0],
                [0.937045, -0.090033, 0.337397, -0.144188, -0.340617, -0.448577, 0.826292, 0.067738, 0.076955, -0.8892, -0.451003, -0.081158, 0.0, 0.0, 0.0, 1.0],
                [0.936252, -0.09328, 0.338713, -0.144188, -0.342659, -0.455224, 0.8218, 0.067738, 0.077533, -0.88548, -0.458167, -0.081158, 0.0, 0.0, 0.0, 1.0]
            ]
        },
        {
            "name": "Leg_L",
            "time": [0.0, 0.0417, 0.0833, 0.125, 0.1667, 0.2083, 0.25, 0.2917, 0.3333, 0.375, 0.4167, 0.4583, 0.5, 0.5417, 0.5833, 0.625, 0.6667, 0.7083, 0.75, 0.7917, 0.8333, 0.875, 0.9167, 0.9583, 1.0, 1.0417, 1.0833, 1.125, 1.1667, 1.2083, 1.25, 1.2917, 1.3333, 1.375, 1.4167, 1.4583, 1.5, 1.5417, 1.5833, 1.625, 1.6667],
            "transform": [
                [0.999998, 0.0, -1e-06, 0.0, 1e-06, 0.358606, 0.93349, 0.37472, 0.0, -0.933491, 0.358605, 0.0, 0.0, 0.0, 0.0, 1.0],
                [0.999997, 0.0, -1e-06, 0.0, 1e-06, 0.365809, 0.93069, 0.37472, 0.0, -0.930692, 0.365808, 0.0, 0.0, 0.0, 0.0, 1.0],
                [0.999997, 0.0, -1e-06, -0.0, 1e-06, 0.376657, 0.926354, 0.37472, 0.0, -0.926354, 0.376657, 0.0, 0.0, 0.0, 0.0, 1.0],
                [0.999998, 0.0, -1e-06, 0.0, 1e-06, 0.385419, 0.922743, 0.37472, 0.0, -0.922743, 0.385419, 0.0, 0.0, 0.0, 0.0, 1.0],
                [0.999997, 0.0, -1e-06, -0.0, 0.0, 0.394317, 0.918975, 0.37472, 0.0, -0.918976, 0.394317, 0.0, 0.0, 0.0, 0.0, 1.0],
                [0.999997, 0.0, -1e-06, -0.0, 1e-06, 0.405751, 0.913985, 0.37472, 0.0, -0.913985, 0.405751, 0.0, 0.0, 0.0, 0.0, 1.0],
                [0.999997, 0.0, -1e-06, 0.0, 1e-06, 0.413644, 0.91044, 0.37472, 0.0, -0.91044, 0.413644, -0.0, 0.0, 0.0, 0.0, 1.0],
                [0.999997, 0.0, -1e-06, -0.0, 1e-06, 0.420399, 0.907341, 0.37472, 0.0, -0.90734, 0.420399, -0.0, 0.0, 0.0, 0.0, 1.0],
                [0.999997, 0.0, -1e-06, 0.0, 1e-06, 0.425939, 0.904754, 0.37472, 0.0, -0.904752, 0.42594, -0.0, 0.0, 0.0, 0.0, 1.0],
                [0.999997, 0.0, -1e-06, 0.0, 1e-06, 0.429188, 0.903216, 0.37472, 0.0, -0.903216, 0.429188, -0.0, 0.0, 0.0, 0.0, 1.0],
                [0.999997, 0.0, -1e-06, 0.0, 1e-06, 0.430622, 0.902533, 0.37472, 0.0, -0.902533, 0.430622, -0.0, 0.0, 0.0, 0.0, 1.0],
                [0.999997, 0.0, -1e-06, 0.0, 1e-06, 0.429205, 0.903208, 0.37472, 0.0, -0.903208, 0.429204, 0.0, 0.0, 0.0, 0.0, 1.0],
                [0.999997, 0.0, -1e-06, 0.0, 1e-06, 0.425154, 0.905122, 0.37472, 0.0, -0.905123, 0.425153, 0.0, 0.0, 0.0, 0.0, 1.0],
                [0.999998, 0.0, -1e-06, 0.0, 1e-06, 0.4178, 0.90854, 0.37472, 0.0, -0.90854, 0.4178, -0.0, 0.0, 0.0, 0.0, 1.0],
                [0.999998, 0.0, -1e-06, -0.0, 1e-06, 0.410997, 0.911638, 0.37472, 0.0, -0.911638, 0.410997, -0.0, 0.0, 0.0, 0.0, 1.0],
                [0.999997, 0.0, -1e-06, 0.0, 1e-06, 0.403053, 0.915178, 0.37472, 0.0, -0.915178, 0.403053, 0.0, 0.0, 0.0, 0.0, 1.0],
                [0.999997, 0.0, -1e-06, -0.0, 1e-06, 0.391291, 0.920268, 0.37472, 0.0, -0.920269, 0.39129, 0.0, 0.0, 0.0, 0.0, 1.0],
                [0.999997, 0.0, -1e-06, -0.0, 1e-06, 0.381692, 0.924291, 0.37472, 0.0, -0.924291, 0.381692, -0.0, 0.0, 0.0, 0.0, 1.0],
                [0.999997, 0.0, -1e-06, 0.0, 1e-06, 0.371568, 0.928407, 0.37472, 0.0, -0.928407, 0.371568, -0.0, 0.0, 0.0, 0.0, 1.0],
                [0.999997, 0.0, -1e-06, 0.0, 1e-06, 0.361023, 0.932558, 0.37472, 0.0, -0.932558, 0.361023, 0.0, 0.0, 0.0, 0.0, 1.0],
                [0.999997, 0.0, -1e-06, 0.0, 1e-06, 0.350281, 0.936645, 0.37472, 0.0, -0.936646, 0.35028, -0.0, 0.0, 0.0, 0.0, 1.0],
                [0.999997, 0.0, -1e-06, 0.0, 1e-06, 0.335763, 0.941947, 0.37472, 0.0, -0.941948, 0.335762, -0.0, 0.0, 0.0, 0.0, 1.0],
                [0.999997, 0.0, -1e-06, 0.0, 1e-06, 0.324852, 0.945765, 0.37472, 0.0, -0.945767, 0.324852, -0.0, 0.0, 0.0, 0.0, 1.0],
                [0.999997, 0.0, -1e-06, -0.0, 1e-06, 0.31424, 0.949344, 0.37472, 0.0, -0.949346, 0.31424, 0.0, 0.0, 0.0, 0.0, 1.0],
                [0.999997, 0.0, -1e-06, -0.0, 1e-06, 0.30052, 0.953776, 0.37472, 0.0, -0.953778, 0.300519, -0.0, 0.0, 0.0, 0.0, 1.0],
                [0.999997, 0.0, -1e-06, -0.0, 1e-06, 0.290742, 0.956802, 0.37472, 0.0, -0.956803, 0.290741, -0.0, 0.0, 0.0, 0.0, 1.0],
                [0.999997, 0.0, -1e-06, -0.0, 1e-06, 0.281624, 0.959525, 0.37472, 0.0, -0.959527, 0.281624, -0.0, 0.0, 0.0, 0.0, 1.0],
                [0.999997, 0.0, -1e-06, -0.0, 1e-06, 0.270535, 0.962711, 0.37472, 0.0, -0.962712, 0.270534, 0.0, 0.0, 0.0, 0.0, 1.0],
                [0.999997, 0.0, -1e-06, -0.0, 1e-06, 0.263145, 0.964756, 0.37472, 0.0, -0.964758, 0.263144, -0.0, 0.0, 0.0, 0.0, 1.0],
                [0.999997, 0.0, -1e-06, -0.0, 1e-06, 0.256832, 0.966456, 0.37472, 0.0, -0.966458, 0.256832, -0.0, 0.0, 0.0, 0.0, 1.0],
                [0.999997, 0.0, -1e-06, 0.0, 1e-06, 0.251465, 0.967867, 0.37472, 0.0, -0.967868, 0.251465, -0.0, 0.0, 0.0, 0.0, 1.0],
                [0.999997, 0.0, -1e-06, -0.0, 1e-06, 0.247614, 0.968859, 0.37472, 0.0, -0.968861, 0.247614, -0.0, 0.0, 0.0, 0.0, 1.0],
                [0.999997, 0.0, -1e-06, 0.0, 1e-06, 0.244935, 0.96954, 0.37472, 0.0, -0.969541, 0.244935, 0.0, 0.0, 0.0, 0.0, 1.0],
                [0.999997, 0.0, -1e-06, 0.0, 1e-06, 0.246004, 0.96927, 0.37472, 0.0, -0.969271, 0.246003, 0.0, 0.0, 0.0, 0.0, 1.0],
                [0.999997, 0.0, -1e-06, -0.0, 1e-06, 0.252211, 0.967673, 0.37472, 0.0, -0.967674, 0.25221, -0.0, 0.0, 0.0, 0.0, 1.0],
                [0.999997, 0.0, -1e-06, 0.0, 1e-06, 0.265252, 0.96418, 0.37472, 0.0, -0.96418, 0.265252, 0.0, 0.0, 0.0, 0.0, 1.0],
                [0.999997, 0.0, -1e-06, -0.0, 0.0, 0.27789, 0.960614, 0.37472, 0.0, -0.960614, 0.277889, 0.0, 0.0, 0.0, 0.0, 1.0],
                [0.999997, 0.0, -1e-06, -0.0, 1e-06, 0.292299, 0.956328, 0.37472, 0.0, -0.956329, 0.292299, -0.0, 0.0, 0.0, 0.0, 1.0],
                [0.999997, 0.0, -1e-06, 0.0, 1e-06, 0.312628, 0.949876, 0.37472, 0.0, -0.949877, 0.312628, -0.0, 0.0, 0.0, 0.0, 1.0],
                [0.999997, 0.0, -1e-06, 0.0, 1e-06, 0.327827, 0.944739, 0.37472, 0.0, -0.944739, 0.327827, 0.0, 0.0, 0.0, 0.0, 1.0],
                [0.999997, 0.0, -1e-06, 0.0, 0.0, 0.341973, 0.939711, 0.37472, 0.0, -0.939711, 0.341973, 0.0, 0.0, 0.0, 0.0, 1.0]
            ]
        },
        {
            "name": "Knee_L",
            "time": [0.0, 1.6667],
            "transform": [
                [1.0, 0.0, -0.0, 0.0, -0.0, 1e-06, -1.0, 0.37472, -0.0, 1.0, 1e-06, 0.0, 0.0, 0.0, 0.0, 1.0],
                [1.0, 0.0, -0.0, 0.0, -0.0, 1e-06, -1.0, 0.37472, -0.0, 1.0, 1e-06, 0.0, 0.0, 0.0, 0.0, 1.0]
            ]
        },
        {
            "name": "Torso",
            "time": [0.0, 0.0417, 0.0833, 0.125, 0.1667, 0.2083, 0.25, 0.2917, 0.3333, 0.375, 0.4167, 0.4583, 0.5, 0.5417, 0.5833, 0.625, 0.6667, 0.7083, 0.75, 0.7917, 0.8333, 0.875, 0.9167, 0.9583, 1.0, 1.0417, 1.0833, 1.125, 1.1667, 1.2083, 1.25, 1.2917, 1.3333, 1.375, 1.4167, 1.4583, 1.5, 1.5417, 1.5833, 1.625, 1.6667],
            "transform": [
                [0.78645, 0.056071, -0.615105, 0.0, 0.184263, 0.929223, 0.320296, 0.05, 0.589531, -0.365237, 0.720455, -0.0, 0.0, 0.0, 0.0, 1.0],
                [0.786466, 0.05244, -0.615405, 0.0, 0.184257, 0.931096, 0.314814, 0.05, 0.589511, -0.360982, 0.722613, -0.0, 0.0, 0.0, 0.0, 1.0],
                [0.786468, 0.047307, -0.615819, 0.0, 0.184251, 0.933692, 0.307033, 0.05, 0.589512, -0.354935, 0.725602, -0.0, 0.0, 0.0, 0.0, 1.0],
                [0.786455, 0.043233, -0.616134, 0.0, 0.184256, 0.935703, 0.300846, 0.05, 0.589526, -0.350128, 0.727922, -0.0, 0.0, 0.0, 0.0, 1.0],
                [0.786443, 0.039032, -0.61643, 0.0, 0.184259, 0.937734, 0.294454, 0.05, 0.589541, -0.345153, 0.730282, -0.0, 0.0, 0.0, 0.0, 1.0],
                [0.78645, 0.033282, -0.616758, 0.0, 0.184255, 0.940439, 0.285699, 0.05, 0.589534, -0.338328, 0.733475, 0.0, 0.0, 0.0, 0.0, 1.0],
                [0.786464, 0.028846, -0.616963, 0.0, 0.184271, 0.942456, 0.278961, 0.05, 0.589509, -0.33308, 0.735892, -0.0, 0.0, 0.0, 0.0, 1.0],
                [0.786447, 0.024455, -0.617174, 0.0, 0.184242, 0.944437, 0.272197, 0.05, 0.589541, -0.327777, 0.738244, -0.0, 0.0, 0.0, 0.0, 1.0],
                [0.786439, 0.020019, -0.617345, 0.0, 0.184252, 0.946366, 0.265408, 0.05, 0.589549, -0.322474, 0.74057, 0.0, 0.0, 0.0, 0.0, 1.0],
                [0.786445, 0.015659, -0.617463, 0.0, 0.184262, 0.94821, 0.258735, 0.05, 0.589538, -0.317256, 0.742829, 0.0, 0.0, 0.0, 0.0, 1.0],
                [0.786447, 0.009969, -0.617579, 0.0, 0.184258, 0.950555, 0.249984, 0.05, 0.589537, -0.310392, 0.745724, 0.0, 0.0, 0.0, 0.0, 1.0],
                [0.786449, 0.005804, -0.617629, 0.0, 0.184279, 0.952209, 0.243596, 0.05, 0.589527, -0.305391, 0.747793, 0.0, 0.0, 0.0, 0.0, 1.0],
                [0.786453, 0.001849, -0.617648, 0.0, 0.18428, 0.953747, 0.237499, 0.05, 0.589521, -0.300602, 0.749736, 0.0, 0.0, 0.0, 0.0, 1.0],
                [0.786444, -0.0031, -0.617656, 0.0, 0.184249, 0.955637, 0.229801, 0.05, 0.589544, -0.294527, 0.752125, 0.0, 0.0, 0.0, 0.0, 1.0],
                [0.78643, -0.006595, -0.617646, 0.0, 0.184262, 0.956918, 0.224396, 0.05, 0.589558, -0.29028, 0.753764, 0.0, 0.0, 0.0, 0.0, 1.0],
                [0.786432, -0.009753, -0.617601, 0.0, 0.184276, 0.958045, 0.219522, 0.05, 0.58955, -0.286447, 0.755234, -0.0, 0.0, 0.0, 0.0, 1.0],
                [0.786435, -0.013521, -0.617526, 0.0, 0.184303, 0.959354, 0.213708, 0.05, 0.589538, -0.281879, 0.756961, 0.0, 0.0, 0.0, 0.0, 1.0],
                [0.786397, -0.015927, -0.617518, 0.0, 0.184305, 0.960184, 0.209943, 0.05, 0.589589, -0.27891, 0.75802, 0.0, 0.0, 0.0, 0.0, 1.0],
                [0.786384, -0.017924, -0.61748, 0.0, 0.184341, 0.960843, 0.206873, 0.05, 0.589596, -0.276508, 0.758895, -0.0, 0.0, 0.0, 0.0, 1.0],
                [0.786437, -0.019667, -0.617359, 0.0, 0.184482, 0.96135, 0.20438, 0.05, 0.58948, -0.274623, 0.759668, -0.0, 0.0, 0.0, 0.0, 1.0],
                [0.78611, -0.020693, -0.617741, 0.0, 0.184591, 0.961688, 0.202687, 0.05, 0.589881, -0.273363, 0.759812, -0.0, 0.0, 0.0, 0.0, 1.0],
                [0.785826, -0.021275, -0.618083, 0.0, 0.184686, 0.961877, 0.201698, 0.05, 0.59023, -0.27265, 0.759797, -0.0, 0.0, 0.0, 0.0, 1.0],
                [0.785706, -0.021226, -0.618237, 0.0, 0.184726, 0.96186, 0.20174, 0.05, 0.590377, -0.272713, 0.75966, 0.0, 0.0, 0.0, 0.0, 1.0],
                [0.78573, -0.020426, -0.618234, 0.0, 0.18472, 0.961598, 0.202994, 0.05, 0.590347, -0.273698, 0.759329, -0.0, 0.0, 0.0, 0.0, 1.0],
                [0.785933, -0.018471, -0.618037, 0.0, 0.184654, 0.96095, 0.206098, 0.05, 0.590097, -0.276101, 0.758653, -0.0, 0.0, 0.0, 0.0, 1.0],
                [0.7862, -0.016408, -0.617756, 0.0, 0.184565, 0.960257, 0.209385, 0.05, 0.58977, -0.278633, 0.757982, 0.0, 0.0, 0.0, 0.0, 1.0],
                [0.786424, -0.013729, -0.617536, 0.0, 0.184437, 0.959364, 0.213548, 0.05, 0.589511, -0.281835, 0.756998, -0.0, 0.0, 0.0, 0.0, 1.0],
                [0.786448, -0.009381, -0.617587, 0.0, 0.184278, 0.957909, 0.220113, 0.05, 0.589529, -0.286915, 0.755074, -0.0, 0.0, 0.0, 0.0, 1.0],
                [0.786453, -0.005763, -0.617625, 0.0, 0.184262, 0.956611, 0.225704, 0.05, 0.589527, -0.29131, 0.753391, -0.0, 0.0, 0.0, 0.0, 1.0],
                [0.786453, -0.001749, -0.617649, 0.0, 0.184243, 0.955133, 0.231891, 0.05, 0.589533, -0.296168, 0.75149, -0.0, 0.0, 0.0, 0.0, 1.0],
                [0.786442, 0.002517, -0.61766, 0.0, 0.184259, 0.953503, 0.238495, 0.05, 0.589542, -0.301371, 0.74941, 0.0, 0.0, 0.0, 0.0, 1.0],
                [0.786458, 0.007034, -0.617605, 0.0, 0.184255, 0.951732, 0.245469, 0.05, 0.589523, -0.306847, 0.747201, 0.0, 0.0, 0.0, 0.0, 1.0],
                [0.786462, 0.013341, -0.617495, 0.0, 0.184229, 0.949188, 0.255147, 0.05, 0.589524, -0.314424, 0.744043, 0.0, 0.0, 0.0, 0.0, 1.0],
                [0.786454, 0.018208, -0.617382, 0.0, 0.184242, 0.947143, 0.262629, 0.05, 0.589532, -0.320293, 0.741529, 0.0, 0.0, 0.0, 0.0, 1.0],
                [0.786456, 0.023157, -0.617214, 0.0, 0.184257, 0.944998, 0.270236, 0.05, 0.589524, -0.326254, 0.738932, 0.0, 0.0, 0.0, 0.0, 1.0],
                [0.786463, 0.029772, -0.616921, 0.0, 0.184256, 0.942046, 0.280354, 0.05, 0.589516, -0.334159, 0.735398, -0.0, 0.0, 0.0, 0.0, 1.0],
                [0.786442, 0.034748, -0.616687, 0.0, 0.18425, 0.939762, 0.28792, 0.05, 0.589545, -0.340056, 0.732666, -0.0, 0.0, 0.0, 0.0, 1.0],
                [0.786464, 0.03956, -0.616369, 0.0, 0.184266, 0.937471, 0.295284, 0.05, 0.589511, -0.345806, 0.729997, -0.0, 0.0, 0.0, 0.0, 1.0],
                [0.786447, 0.045786, -0.61596, 0.0, 0.184282, 0.934435, 0.304746, 0.05, 0.589529, -0.353176, 0.726446, -0.0, 0.0, 0.0, 0.0, 1.0],
                [0.786456, 0.050235, -0.615602, 0.0, 0.184273, 0.932211, 0.311487, 0.05, 0.58952, -0.358408, 0.723886, 0.0, 0.0, 0.0, 0.0, 1.0],
                [0.786465, 0.05443, -0.615234, 0.0, 0.184256, 0.930074, 0.317821, 0.05, 0.589513, -0.363315, 0.721441, 0.0, 0.0, 0.0, 0.0, 1.0]
            ]
        },
        {
            "name": "Chest",
            "time": [0.0, 0.0417, 0.0833, 0.125, 0.1667, 0.2083, 0.25, 0.2917, 0.3333, 0.375, 0.4167, 0.4583, 0.5, 0.5417, 0.5833, 0.625, 0.6667, 0.7083, 0.75, 0.7917, 0.8333, 0.875, 0.9167, 0.9583, 1.0, 1.0417, 1.0833, 1.125, 1.1667, 1.2083, 1.25, 1.2917, 1.3333, 1.375, 1.4167, 1.4583, 1.5, 1.5417, 1.5833, 1.625, 1.6667],
            "transform": [
                [0.969555, 0.007851, -0.244755, -0.0, 0.027684, 0.989563, 0.141406, 0.3, 0.243311, -0.143876, 0.959218, -0.0, 0.0, 0.0, 0.0, 1.0],
                [0.970366, 0.007384, -0.241534, 0.0, 0.028649, 0.988967, 0.14533, 0.3, 0.239944, -0.147943, 0.959447, -0.0, 0.0, 0.0, 0.0, 1.0],
                [0.97153, 0.006641, -0.23683, 0.0, 0.030095, 0.98805, 0.151161, 0.3, 0.235004, -0.153985, 0.959719, 0.0, 0.0, 0.0, 0.0, 1.0],
                [0.972446, 0.006048, -0.233058, 0.0, 0.031197, 0.987297, 0.155791, 0.3, 0.23104, -0.158769, 0.959902, -0.0, 0.0, 0.0, 0.0, 1.0],
                [0.973335, 0.00537, -0.229332, -0.0, 0.03236, 0.986514, 0.160442, 0.3, 0.227101, -0.163584, 0.960033, 0.0, 0.0, 0.0, 0.0, 1.0],
                [0.975118, 0.004036, -0.221658, -0.0, 0.033742, 0.985483, 0.166381, 0.3, 0.219112, -0.16972, 0.960825, -0.0, 0.0, 0.0, 0.0, 1.0],
                [0.976287, 0.003166, -0.216468, 0.0, 0.034626, 0.984737, 0.170567, 0.3, 0.213704, -0.174017, 0.961274, -0.0, 0.0, 0.0, 0.0, 1.0],
                [0.97665, 0.002928, -0.214831, -0.0, 0.035368, 0.984074, 0.174201, 0.3, 0.21192, -0.177731, 0.960989, -0.0, 0.0, 0.0, 0.0, 1.0],
                [0.977054, 0.002738, -0.212983, -0.0, 0.035912, 0.983485, 0.177388, 0.3, 0.209952, -0.180966, 0.960817, -0.0, 0.0, 0.0, 0.0, 1.0],
                [0.977895, 0.002115, -0.209093, 0.0, 0.036251, 0.983091, 0.179485, 0.3, 0.205938, -0.183097, 0.961282, 0.0, 0.0, 0.0, 0.0, 1.0],
                [0.978191, 0.00223, -0.207705, 0.0, 0.036163, 0.982842, 0.180864, 0.3, 0.204545, -0.184431, 0.961325, -0.0, 0.0, 0.0, 0.0, 1.0],
