{
    "animation": [
        {
            "name": "Root",
            "time": [0.0, 0.0417, 0.0833, 0.125, 0.1667, 0.2083, 0.25, 0.2917, 0.3333, 0.375, 0.4167, 0.4583, 0.5, 0.5417, 0.5833, 0.625, 0.6667, 0.7083, 0.75, 0.7917, 0.8333, 0.875, 0.9167, 0.9583, 1.0, 1.0417, 1.0833, 1.125, 1.1667, 1.2083, 1.25, 1.2917, 1.3333, 1.375, 1.4167, 1.4583, 1.5, 1.5417, 1.5833, 1.625, 1.6667, 1.7083, 1.75, 1.7917, 1.8333, 1.875, 1.9167, 1.9583, 2.0, 2.0417, 2.0833, 2.125, 2.1667, 2.2083, 2.25, 2.2917, 2.3333, 2.375, 2.4167, 2.4583, 2.5, 2.5417, 2.5833, 2.625, 2.6667, 2.7083, 2.75, 2.7917, 2.8333, 2.875, 2.9167, 2.9583, 3.0, 3.0417, 3.0833, 3.125, 3.1667, 3.2083, 3.25, 3.2917, 10.4583],
            "transform": [
                [1.0, -0.0, -0.0, -0.458407, -0.0, -0.0, -1.0, -0.062031, 0.0, 1.0, -0.0, 0.442725, 0.0, 0.0, 0.0, 1.0],
                [1.0, -0.0, -0.0, -0.381666, -0.0, -0.0, -1.0, -0.11573, 0.0, 1.0, -0.0, 0.453481, 0.0, 0.0, 0.0, 1.0],
                [1.0, -0.0, -0.0, -0.290363, -0.0, -0.0, -1.0, -0.198788, 0.0, 1.0, -0.0, 0.478313, 0.0, 0.0, 0.0, 1.0],
                [1.0, -0.0, -0.0, -0.177356, -0.0, -0.0, -1.0, -0.30155, 0.0, 1.0, -0.0, 0.457883, 0.0, 0.0, 0.0, 1.0],
                [1.0, -0.0, -0.0, -0.236814, -0.0, -0.0, -1.0, -0.415675, 0.0, 1.0, -0.0, 0.45396, 0.0, 0.0, 0.0, 1.0],
                [1.0, -0.0, -0.0, -0.313146, -0.0, -0.0, -1.0, -0.502119, 0.0, 1.0, -0.0, 0.5164, 0.0, 0.0, 0.0, 1.0],
                [1.0, -0.0, -0.0, -0.334241, -0.0, -0.0, -1.0, -0.587381, 0.0, 1.0, -0.0, 0.617277, 0.0, 0.0, 0.0, 1.0],
                [1.0, -0.0, -0.0, -0.359536, -0.0, -0.0, -1.0, -0.661315, 0.0, 1.0, -0.0, 0.668782, 0.0, 0.0, 0.0, 1.0],
                [1.0, -0.0, -0.0, -0.377888, -0.0, -0.0, -1.0, -0.717189, 0.0, 1.0, -0.0, 0.964599, 0.0, 0.0, 0.0, 1.0],
                [1.0, -0.0, -0.0, -0.392094, -0.0, -0.0, -1.0, -0.778096, 0.0, 1.0, -0.0, 1.278789, 0.0, 0.0, 0.0, 1.0],
                [1.0, -0.0, -0.0, -0.394004, -0.0, -0.0, -1.0, -0.827873, 0.0, 1.0, -0.0, 1.32434, 0.0, 0.0, 0.0, 1.0],
                [1.0, -0.0, -0.0, -0.378548, -0.0, -0.0, -1.0, -0.870001, 0.0, 1.0, -0.0, 1.278789, 0.0, 0.0, 0.0, 1.0],
                [1.0, -0.0, -0.0, -0.357566, -0.0, -0.0, -1.0, -0.902538, 0.0, 1.0, -0.0, 1.08836, 0.0, 0.0, 0.0, 1.0],
                [1.0, -0.0, -0.0, -0.335551, -0.0, -0.0, -1.0, -0.93658, 0.0, 1.0, -0.0, 0.939368, 0.0, 0.0, 0.0, 1.0],
                [1.0, -0.0, -0.0, -0.309567, -0.0, -0.0, -1.0, -0.974001, 0.0, 1.0, -0.0, 0.61655, 0.0, 0.0, 0.0, 1.0],
                [1.0, -0.0, -0.0, -0.28678, -0.0, -0.0, -1.0, -1.006141, 0.0, 1.0, -0.0, 0.456443, 0.0, 0.0, 0.0, 1.0],
                [1.0, -0.0, -0.0, -0.269672, -0.0, -0.0, -1.0, -1.081233, 0.0, 1.0, -0.0, 0.256263, 0.0, 0.0, 0.0, 1.0],
                [1.0, -0.0, -0.0, -0.217457, -0.0, -0.0, -1.0, -1.101058, 0.0, 1.0, -0.0, 0.267558, 0.0, 0.0, 0.0, 1.0],
                [1.0, -0.0, -0.0, -0.216402, -0.0, -0.0, -1.0, -1.109754, 0.0, 1.0, -0.0, 0.267558, 0.0, 0.0, 0.0, 1.0],
                [1.0, -0.0, -0.0, -0.217525, -0.0, -0.0, -1.0, -1.11708, 0.0, 1.0, -0.0, 0.267558, 0.0, 0.0, 0.0, 1.0],
                [1.0, -0.0, -0.0, -0.219488, -0.0, -0.0, -1.0, -1.124405, 0.0, 1.0, -0.0, 0.267558, 0.0, 0.0, 0.0, 1.0],
                [1.0, -0.0, -0.0, -0.22172, -0.0, -0.0, -1.0, -1.131462, 0.0, 1.0, -0.0, 0.267558, 0.0, 0.0, 0.0, 1.0],
                [1.0, -0.0, -0.0, -0.223027, -0.0, -0.0, -1.0, -1.137948, 0.0, 1.0, -0.0, 0.267558, 0.0, 0.0, 0.0, 1.0],
                [1.0, -0.0, -0.0, -0.219654, -0.0, -0.0, -1.0, -1.143509, 0.0, 1.0, -0.0, 0.267558, 0.0, 0.0, 0.0, 1.0],
                [1.0, -0.0, -0.0, -0.212693, -0.0, -0.0, -1.0, -1.149144, 0.0, 1.0, -0.0, 0.267558, 0.0, 0.0, 0.0, 1.0],
                [1.0, -0.0, -0.0, -0.214127, -0.0, -0.0, -1.0, -1.155246, 0.0, 1.0, -0.0, 0.267558, 0.0, 0.0, 0.0, 1.0],
                [1.0, -0.0, -0.0, -0.233328, -0.0, -0.0, -1.0, -1.161529, 0.0, 1.0, -0.0, 0.267558, 0.0, 0.0, 0.0, 1.0],
                [1.0, -0.0, -0.0, -0.276518, -0.0, -0.0, -1.0, -1.168095, 0.0, 1.0, -0.0, 0.267558, 0.0, 0.0, 0.0, 1.0],
                [1.0, -0.0, -0.0, -0.330893, -0.0, -0.0, -1.0, -1.176376, 0.0, 1.0, -0.0, 0.267558, 0.0, 0.0, 0.0, 1.0],
                [1.0, -0.0, -0.0, -0.378321, -0.0, -0.0, -1.0, -1.190053, 0.0, 1.0, -0.0, 0.267558, 0.0, 0.0, 0.0, 1.0],
                [1.0, -0.0, -0.0, -0.401771, -0.0, -0.0, -1.0, -1.221872, 0.0, 1.0, -0.0, 0.310287, 0.0, 0.0, 0.0, 1.0],
                [1.0, -0.0, -0.0, -0.369858, -0.0, -0.0, -1.0, -1.253602, 0.0, 1.0, -0.0, 0.394367, 0.0, 0.0, 0.0, 1.0],
                [1.0, -0.0, -0.0, -0.314059, -0.0, -0.0, -1.0, -1.279455, 0.0, 1.0, -0.0, 0.470641, 0.0, 0.0, 0.0, 1.0],
                [1.0, -0.0, -0.0, -0.272379, -0.0, -0.0, -1.0, -1.298792, 0.0, 1.0, -0.0, 0.528895, 0.0, 0.0, 0.0, 1.0],
                [1.0, -0.0, -0.0, -0.250433, -0.0, -0.0, -1.0, -1.312792, 0.0, 1.0, -0.0, 0.548119, 0.0, 0.0, 0.0, 1.0],
                [1.0, -0.0, -0.0, -0.239438, -0.0, -0.0, -1.0, -1.325022, 0.0, 1.0, -0.0, 0.597363, 0.0, 0.0, 0.0, 1.0],
                [1.0, -0.0, -0.0, -0.232574, -0.0, -0.0, -1.0, -1.340422, 0.0, 1.0, -0.0, 0.59745, 0.0, 0.0, 0.0, 1.0],
                [1.0, -0.0, -0.0, -0.227837, -0.0, -0.0, -1.0, -1.357782, 0.0, 1.0, -0.0, 0.597537, 0.0, 0.0, 0.0, 1.0],
                [1.0, -0.0, -0.0, -0.220379, -0.0, -0.0, -1.0, -1.381639, 0.0, 1.0, -0.0, 0.597624, 0.0, 0.0, 0.0, 1.0],
                [1.0, -0.0, -0.0, -0.217136, -0.0, -0.0, -1.0, -1.437723, 0.0, 1.0, -0.0, 0.597711, 0.0, 0.0, 0.0, 1.0],
                [1.0, -0.0, -0.0, -0.220244, -0.0, -0.0, -1.0, -1.506215, 0.0, 1.0, -0.0, 0.597798, 0.0, 0.0, 0.0, 1.0],
                [1.0, -0.0, -0.0, -0.24028, -0.0, -0.0, -1.0, -1.588618, 0.0, 1.0, -0.0, 0.597884, 0.0, 0.0, 0.0, 1.0],
                [1.0, -0.0, -0.0, -0.272847, -0.0, -0.0, -1.0, -1.680893, 0.0, 1.0, -0.0, 0.597971, 0.0, 0.0, 0.0, 1.0],
                [1.0, -0.0, -0.0, -0.2935, -0.0, -0.0, -1.0, -1.762486, 0.0, 1.0, -0.0, 0.598058, 0.0, 0.0, 0.0, 1.0],
                [1.0, -0.0, -0.0, -0.299877, -0.0, -0.0, -1.0, -1.832194, 0.0, 1.0, -0.0, 0.598145, 0.0, 0.0, 0.0, 1.0],
                [1.0, -0.0, -0.0, -0.299618, -0.0, -0.0, -1.0, -1.903758, 0.0, 1.0, -0.0, 0.598232, 0.0, 0.0, 0.0, 1.0],
                [1.0, -0.0, -0.0, -0.295572, -0.0, -0.0, -1.0, -1.966206, 0.0, 1.0, -0.0, 0.598319, 0.0, 0.0, 0.0, 1.0],
                [1.0, -0.0, -0.0, -0.288707, -0.0, -0.0, -1.0, -2.013274, 0.0, 1.0, -0.0, 0.598406, 0.0, 0.0, 0.0, 1.0],
                [1.0, -0.0, -0.0, -0.280304, -0.0, -0.0, -1.0, -2.056701, 0.0, 1.0, -0.0, 0.598493, 0.0, 0.0, 0.0, 1.0],
                [1.0, -0.0, -0.0, -0.272621, -0.0, -0.0, -1.0, -2.0933, 0.0, 1.0, -0.0, 0.59858, 0.0, 0.0, 0.0, 1.0],
                [1.0, -0.0, -0.0, -0.259177, -0.0, -0.0, -1.0, -2.128346, 0.0, 1.0, -0.0, 0.598667, 0.0, 0.0, 0.0, 1.0],
                [1.0, -0.0, -0.0, -0.226281, -0.0, -0.0, -1.0, -2.176001, 0.0, 1.0, -0.0, 0.598754, 0.0, 0.0, 0.0, 1.0],
                [1.0, -0.0, -0.0, -0.171347, -0.0, -0.0, -1.0, -2.241259, 0.0, 1.0, -0.0, 0.598841, 0.0, 0.0, 0.0, 1.0],
                [1.0, -0.0, -0.0, -0.124238, -0.0, -0.0, -1.0, -2.301273, 0.0, 1.0, -0.0, 0.598927, 0.0, 0.0, 0.0, 1.0],
                [1.0, -0.0, -0.0, -0.090459, -0.0, -0.0, -1.0, -2.34797, 0.0, 1.0, -0.0, 0.599014, 0.0, 0.0, 0.0, 1.0],
                [1.0, -0.0, -0.0, -0.070992, -0.0, -0.0, -1.0, -2.385378, 0.0, 1.0, -0.0, 0.599101, 0.0, 0.0, 0.0, 1.0],
                [1.0, -0.0, -0.0, -0.066418, -0.0, -0.0, -1.0, -2.407856, 0.0, 1.0, -0.0, 0.599188, 0.0, 0.0, 0.0, 1.0],
                [1.0, -0.0, -0.0, -0.065045, -0.0, -0.0, -1.0, -2.414593, 0.0, 1.0, -0.0, 0.599275, 0.0, 0.0, 0.0, 1.0],
                [1.0, -0.0, -0.0, -0.065433, -0.0, -0.0, -1.0, -2.410377, 0.0, 1.0, -0.0, 0.599362, 0.0, 0.0, 0.0, 1.0],
                [1.0, -0.0, -0.0, -0.071721, -0.0, -0.0, -1.0, -2.405457, 0.0, 1.0, -0.0, 0.599449, 0.0, 0.0, 0.0, 1.0],
                [1.0, -0.0, -0.0, -0.088056, -0.0, -0.0, -1.0, -2.400538, 0.0, 1.0, -0.0, 0.599536, 0.0, 0.0, 0.0, 1.0],
                [1.0, -0.0, -0.0, -0.110142, -0.0, -0.0, -1.0, -2.382607, 0.0, 1.0, -0.0, 0.599623, 0.0, 0.0, 0.0, 1.0],
                [1.0, -0.0, -0.0, -0.136325, -0.0, -0.0, -1.0, -2.355907, 0.0, 1.0, -0.0, 0.59971, 0.0, 0.0, 0.0, 1.0],
                [1.0, -0.0, -0.0, -0.168488, -0.0, -0.0, -1.0, -2.324821, 0.0, 1.0, -0.0, 0.599797, 0.0, 0.0, 0.0, 1.0],
                [1.0, -0.0, -0.0, -0.201875, -0.0, -0.0, -1.0, -2.292474, 0.0, 1.0, -0.0, 0.599884, 0.0, 0.0, 0.0, 1.0],
                [1.0, -0.0, -0.0, -0.228423, -0.0, -0.0, -1.0, -2.265277, 0.0, 1.0, -0.0, 0.59997, 0.0, 0.0, 0.0, 1.0],
                [1.0, -0.0, -0.0, -0.243576, -0.0, -0.0, -1.0, -2.244704, 0.0, 1.0, -0.0, 0.600057, 0.0, 0.0, 0.0, 1.0],
                [1.0, -0.0, -0.0, -0.24691, -0.0, -0.0, -1.0, -2.234161, 0.0, 1.0, -0.0, 0.600144, 0.0, 0.0, 0.0, 1.0],
                [1.0, -0.0, -0.0, -0.243305, -0.0, -0.0, -1.0, -2.228614, 0.0, 1.0, -0.0, 0.600231, 0.0, 0.0, 0.0, 1.0],
                [1.0, -0.0, -0.0, -0.236405, -0.0, -0.0, -1.0, -2.229853, 0.0, 1.0, -0.0, 0.600318, 0.0, 0.0, 0.0, 1.0],
                [1.0, -0.0, -0.0, -0.225523, -0.0, -0.0, -1.0, -2.234485, 0.0, 1.0, -0.0, 0.600405, 0.0, 0.0, 0.0, 1.0],
                [1.0, -0.0, -0.0, -0.211604, -0.0, -0.0, -1.0, -2.239582, 0.0, 1.0, -0.0, 0.600492, 0.0, 0.0, 0.0, 1.0],
                [1.0, -0.0, -0.0, -0.196846, -0.0, -0.0, -1.0, -2.247939, 0.0, 1.0, -0.0, 0.600579, 0.0, 0.0, 0.0, 1.0],
                [1.0, -0.0, -0.0, -0.181624, -0.0, -0.0, -1.0, -2.256705, 0.0, 1.0, -0.0, 0.600666, 0.0, 0.0, 0.0, 1.0],
                [1.0, -0.0, -0.0, -0.171524, -0.0, -0.0, -1.0, -2.262434, 0.0, 1.0, -0.0, 0.600753, 0.0, 0.0, 0.0, 1.0],
                [1.0, -0.0, -0.0, -0.169375, -0.0, -0.0, -1.0, -2.262156, 0.0, 1.0, -0.0, 0.60084, 0.0, 0.0, 0.0, 1.0],
                [1.0, -0.0, -0.0, -0.170905, -0.0, -0.0, -1.0, -2.261878, 0.0, 1.0, -0.0, 0.600927, 0.0, 0.0, 0.0, 1.0],
                [1.0, -0.0, -0.0, -0.174956, -0.0, -0.0, -1.0, -2.261599, 0.0, 1.0, -0.0, 0.601013, 0.0, 0.0, 0.0, 1.0],
                [1.0, -0.0, -0.0, -0.180882, -0.0, -0.0, -1.0, -2.261321, 0.0, 1.0, -0.0, 0.6011, 0.0, 0.0, 0.0, 1.0],
                [1.0, -0.0, -0.0, -0.190349, -0.0, -0.0, -1.0, -2.261089, 0.0, 1.0, -0.0, 0.601187, 0.0, 0.0, 0.0, 1.0],
                [1.0, -0.0, -0.0, -0.190349, -0.0, -0.0, -1.0, -2.261089, 0.0, 1.0, -0.0, 0.601187, 0.0, 0.0, 0.0, 1.0]
            ]
        },
        {
            "name": "Thigh_R",
            "time": [0.0, 0.0417, 0.0833, 0.125, 0.1667, 0.2083, 0.25, 0.2917, 0.3333, 0.375, 0.4167, 0.4583, 0.5, 0.5417, 0.5833, 0.625, 0.6667, 0.7083, 0.75, 0.7917, 0.8333, 0.875, 0.9167, 0.9583, 1.0, 1.0417, 1.0833, 1.125, 1.1667, 1.2083, 1.25, 1.2917, 1.3333, 1.375, 1.4167, 1.4583, 1.5, 1.5417, 1.5833, 1.625, 1.6667, 1.7083, 1.75, 1.7917, 1.8333, 1.875, 1.9167, 1.9583, 2.0, 2.0417, 2.0833, 2.125, 2.1667, 2.2083, 2.25, 2.2917, 2.3333, 2.375, 2.4167, 2.4583, 2.5, 2.5417, 2.5833, 2.625, 2.6667, 2.7083, 2.75, 2.7917, 2.8333, 2.875, 2.9167, 2.9583, 3.0, 3.0417, 3.0833, 3.125, 3.1667, 3.2083, 3.25, 3.2917, 10.4583],
            "transform": [
                [-0.839939, 0.476051, 0.26054, -0.074204, 0.062303, -0.392333, 0.917711, 0.065357, 0.539096, 0.787053, 0.299875, 0.120683, 0.0, 0.0, 0.0, 1.0],
                [-0.975401, 0.181562, -0.125025, -0.113733, -0.203601, -0.524531, 0.826689, 0.126345, 0.084516, 0.831807, 0.548593, 0.04341, 0.0, 0.0, 0.0, 1.0],
                [-0.933806, -0.025082, -0.356904, -0.133839, -0.252295, -0.661143, 0.706568, 0.127592, -0.253687, 0.749842, 0.611049, -0.059297, 0.0, 0.0, 0.0, 1.0],
                [-0.314862, -0.62238, -0.716593, 0.123016, -0.016961, -0.751184, 0.659875, 0.082431, -0.948988, 0.219923, 0.225962, 0.114627, 0.0, 0.0, 0.0, 1.0],
                [0.498319, -0.605965, -0.620069, 0.052442, 0.267284, -0.572988, 0.774755, 0.110322, -0.824767, -0.551808, -0.123566, -0.097165, 0.0, 0.0, 0.0, 1.0],
                [0.86854, -0.263865, -0.419542, 0.105383, 0.248762, -0.50006, 0.829492, 0.103165, -0.42867, -0.824813, -0.368683, -0.066364, 0.0, 0.0, 0.0, 1.0],
                [0.992044, -0.025153, -0.123367, 0.113321, 0.078265, -0.644338, 0.760725, 0.115641, -0.098625, -0.764328, -0.637241, 0.016954, 0.0, 0.0, 0.0, 1.0],
                [0.997221, 0.074011, 0.008729, 0.116661, 0.047914, -0.726438, 0.68556, 0.118885, 0.05708, -0.683236, -0.727964, 0.060486, 0.0, 0.0, 0.0, 1.0],
                [0.956328, 0.259349, 0.134821, 0.113318, 0.079181, -0.673854, 0.73461, 0.117597, 0.281371, -0.691852, -0.66496, 0.06084, 0.0, 0.0, 0.0, 1.0],
                [0.80424, 0.451868, 0.386025, 0.113591, 0.173835, -0.799992, 0.574278, 0.120416, 0.568316, -0.394752, -0.721934, 0.057465, 0.0, 0.0, 0.0, 1.0],
                [0.6355, 0.23141, 0.736607, 0.113863, 0.449147, -0.886797, -0.108902, 0.123234, 0.62802, 0.400052, -0.667495, 0.054091, 0.0, 0.0, 0.0, 1.0],
                [0.547031, 0.150717, 0.823434, 0.114135, 0.572863, -0.784656, -0.236949, 0.126053, 0.610401, 0.601332, -0.51557, 0.050717, 0.0, 0.0, 0.0, 1.0],
                [0.497582, 0.138668, 0.856262, 0.114408, 0.647935, -0.715725, -0.260612, 0.128871, 0.57671, 0.684477, -0.445979, 0.047342, 0.0, 0.0, 0.0, 1.0],
                [0.499128, 0.215493, 0.839306, 0.11468, 0.703779, -0.66589, -0.247562, 0.13169, 0.505538, 0.714251, -0.484023, 0.043968, 0.0, 0.0, 0.0, 1.0],
                [0.577255, 0.479503, 0.66095, 0.107032, 0.758349, -0.61496, -0.216179, 0.133486, 0.302799, 0.626021, -0.718617, 0.049058, 0.0, 0.0, 0.0, 1.0],
                [0.606919, 0.710384, 0.356379, 0.099383, 0.789171, -0.591773, -0.164363, 0.135282, 0.094134, 0.380999, -0.919771, 0.054147, 0.0, 0.0, 0.0, 1.0],
                [0.677174, 0.714612, -0.175405, 0.091735, 0.734607, -0.670274, 0.105296, 0.137079, -0.042324, -0.200158, -0.978849, 0.059237, 0.0, 0.0, 0.0, 1.0],
                [0.693282, 0.677749, 0.244987, 0.084087, 0.537827, -0.71285, 0.450098, 0.138875, 0.479693, -0.180283, -0.858715, 0.064327, 0.0, 0.0, 0.0, 1.0],
                [0.684675, 0.623449, 0.377537, 0.076439, 0.543001, -0.78185, 0.306368, 0.140671, 0.486182, -0.004759, -0.873845, 0.069416, 0.0, 0.0, 0.0, 1.0],
                [0.709028, 0.60844, 0.356486, 0.068791, 0.533554, -0.793407, 0.292962, 0.142467, 0.461089, -0.017513, -0.887181, 0.074506, 0.0, 0.0, 0.0, 1.0],
                [0.66354, 0.662512, 0.347555, 0.061142, 0.572639, -0.748711, 0.333942, 0.144263, 0.48146, -0.02256, -0.876178, 0.079596, 0.0, 0.0, 0.0, 1.0],
                [0.589851, 0.735756, 0.332776, 0.063934, 0.624947, -0.676908, 0.388894, 0.141192, 0.511391, -0.021422, -0.859081, 0.081792, 0.0, 0.0, 0.0, 1.0],
                [0.538194, 0.782248, 0.313746, 0.066726, 0.652724, -0.622351, 0.43201, 0.138121, 0.5332, -0.027715, -0.845536, 0.083988, 0.0, 0.0, 0.0, 1.0],
                [0.527969, 0.790453, 0.310538, 0.069518, 0.646359, -0.611185, 0.45681, 0.135049, 0.550884, -0.040462, -0.833601, 0.086184, 0.0, 0.0, 0.0, 1.0],
                [0.547199, 0.774824, 0.316579, 0.07231, 0.615314, -0.628791, 0.475408, 0.131978, 0.56742, -0.065347, -0.820832, 0.08838, 0.0, 0.0, 0.0, 1.0],
                [0.564647, 0.767111, 0.304494, 0.075102, 0.586755, -0.632563, 0.505553, 0.128906, 0.580428, -0.106795, -0.807279, 0.090576, 0.0, 0.0, 0.0, 1.0],
                [0.539081, 0.793685, 0.281881, 0.077894, 0.581469, -0.592826, 0.557183, 0.125835, 0.609335, -0.136461, -0.781083, 0.092772, 0.0, 0.0, 0.0, 1.0],
                [0.445176, 0.860525, 0.24762, 0.080685, 0.597492, -0.491432, 0.633639, 0.122763, 0.666952, -0.13413, -0.732929, 0.094968, 0.0, 0.0, 0.0, 1.0],
                [0.305082, 0.929926, 0.20534, 0.083477, 0.591451, -0.354011, 0.724474, 0.119692, 0.746401, -0.099575, -0.658006, 0.097164, 0.0, 0.0, 0.0, 1.0],
                [0.171487, 0.969915, 0.172795, 0.086269, 0.523556, -0.238296, 0.817988, 0.11662, 0.834557, -0.049806, -0.548668, 0.09936, 0.0, 0.0, 0.0, 1.0],
                [0.07239, 0.978689, 0.192168, 0.089061, 0.338923, -0.205346, 0.918131, 0.113549, 0.938027, -0.001333, -0.346564, 0.101556, 0.0, 0.0, 0.0, 1.0],
                [0.071552, 0.926816, 0.368638, 0.091853, 0.186671, -0.375497, 0.90783, 0.110477, 0.979815, 0.003857, -0.199877, 0.103752, 0.0, 0.0, 0.0, 1.0],
                [0.137894, 0.811652, 0.567632, 0.094645, 0.09379, -0.581233, 0.808314, 0.107406, 0.985998, -0.058223, -0.156273, 0.105948, 0.0, 0.0, 0.0, 1.0],
                [0.206123, 0.685912, 0.697881, 0.097436, 0.033348, -0.717706, 0.695547, 0.104334, 0.97796, -0.120095, -0.17081, 0.108144, 0.0, 0.0, 0.0, 1.0],
                [0.273454, 0.583365, 0.764793, 0.100228, -0.009765, -0.793374, 0.608656, 0.101263, 0.961838, -0.173907, -0.211255, 0.11034, 0.0, 0.0, 0.0, 1.0],
                [0.348244, 0.502796, 0.791152, 0.10302, -0.0446, -0.83414, 0.549747, 0.098191, 0.936345, -0.22673, -0.268059, 0.112536, 0.0, 0.0, 0.0, 1.0],
                [0.417574, 0.417274, 0.807165, 0.105812, -0.083126, -0.867051, 0.491236, 0.09512, 0.904835, -0.272223, -0.327371, 0.114732, 0.0, 0.0, 0.0, 1.0],
                [0.506745, 0.330392, 0.796273, 0.108604, -0.118889, -0.88804, 0.444128, 0.092048, 0.853861, -0.319727, -0.410729, 0.116928, 0.0, 0.0, 0.0, 1.0],
                [0.676432, 0.23573, 0.697762, 0.111396, -0.147761, -0.884698, 0.442128, 0.088977, 0.721533, -0.402171, -0.563605, 0.119124, 0.0, 0.0, 0.0, 1.0],
                [0.810646, 0.162126, 0.562647, 0.113043, -0.156008, -0.866368, 0.474413, 0.087654, 0.564375, -0.472357, -0.677023, 0.116956, 0.0, 0.0, 0.0, 1.0],
                [0.887831, 0.112636, 0.446174, 0.114689, -0.148997, -0.846987, 0.510307, 0.086331, 0.435383, -0.519544, -0.735198, 0.114788, 0.0, 0.0, 0.0, 1.0],
                [0.925734, 0.102071, 0.364146, 0.116336, -0.123862, -0.827946, 0.546958, 0.085009, 0.357323, -0.55144, -0.753813, 0.11262, 0.0, 0.0, 0.0, 1.0],
                [0.939731, 0.113918, 0.322385, 0.117983, -0.090613, -0.826181, 0.556071, 0.083686, 0.329695, -0.551768, -0.766064, 0.110451, 0.0, 0.0, 0.0, 1.0],
                [0.949066, 0.127264, 0.288238, 0.11963, -0.060906, -0.823447, 0.564115, 0.082363, 0.30914, -0.552937, -0.773753, 0.108283, 0.0, 0.0, 0.0, 1.0],
                [0.943923, 0.151551, 0.293333, 0.121277, -0.054323, -0.805038, 0.590731, 0.08104, 0.325671, -0.573538, -0.75166, 0.106115, 0.0, 0.0, 0.0, 1.0],
                [0.929481, 0.196433, 0.312222, 0.122924, -0.03588, -0.794259, 0.606519, 0.079717, 0.367126, -0.57495, -0.731199, 0.103947, 0.0, 0.0, 0.0, 1.0],
                [0.910247, 0.246802, 0.332478, 0.12457, 0.004809, -0.809201, 0.587512, 0.078395, 0.414042, -0.533181, -0.737759, 0.101778, 0.0, 0.0, 0.0, 1.0],
                [0.886364, 0.293512, 0.358068, 0.122358, 0.055161, -0.834815, 0.54776, 0.077957, 0.459695, -0.465762, -0.756139, 0.100794, 0.0, 0.0, 0.0, 1.0],
                [0.852191, 0.335915, 0.401166, 0.120146, 0.11372, -0.867286, 0.484647, 0.077519, 0.510727, -0.36739, -0.777292, 0.09981, 0.0, 0.0, 0.0, 1.0],
                [0.791758, 0.373476, 0.483361, 0.117934, 0.196627, -0.905019, 0.377199, 0.077082, 0.578327, -0.203608, -0.789989, 0.098826, 0.0, 0.0, 0.0, 1.0],
                [0.724044, 0.375937, 0.578303, 0.115722, 0.28142, -0.926467, 0.249926, 0.076644, 0.629736, -0.018211, -0.776597, 0.097842, 0.0, 0.0, 0.0, 1.0],
                [0.693151, 0.330867, 0.640368, 0.11351, 0.301247, -0.940086, 0.159651, 0.076207, 0.654825, 0.082247, -0.751293, 0.096858, 0.0, 0.0, 0.0, 1.0],
                [0.701061, 0.250791, 0.667547, 0.111297, 0.253013, -0.962692, 0.09596, 0.075769, 0.666709, 0.101624, -0.738358, 0.095874, 0.0, 0.0, 0.0, 1.0],
                [0.736465, 0.176267, 0.653109, 0.109085, 0.180098, -0.981701, 0.061867, 0.075331, 0.652064, 0.072062, -0.754733, 0.09489, 0.0, 0.0, 0.0, 1.0],
                [0.775865, 0.126934, 0.617999, 0.106873, 0.116401, -0.991535, 0.057522, 0.074894, 0.62007, 0.027307, -0.784072, 0.093906, 0.0, 0.0, 0.0, 1.0],
                [0.792263, 0.101884, 0.601615, 0.104661, 0.079293, -0.994792, 0.064049, 0.074456, 0.605009, -0.003039, -0.796214, 0.092921, 0.0, 0.0, 0.0, 1.0],
                [0.792819, 0.095822, 0.601879, 0.102449, 0.06387, -0.995188, 0.074307, 0.074018, 0.606104, -0.020469, -0.795123, 0.091938, 0.0, 0.0, 0.0, 1.0],
                [0.788471, 0.102077, 0.606544, 0.100236, 0.066614, -0.994504, 0.080775, 0.073581, 0.611457, -0.023284, -0.790936, 0.090953, 0.0, 0.0, 0.0, 1.0],
                [0.770707, 0.112799, 0.627128, 0.098024, 0.074993, -0.993424, 0.086523, 0.073143, 0.632764, -0.019653, -0.774096, 0.089969, 0.0, 0.0, 0.0, 1.0],
                [0.743554, 0.126642, 0.656575, 0.095812, 0.08692, -0.991876, 0.092882, 0.072706, 0.663005, -0.011992, -0.74852, 0.088985, 0.0, 0.0, 0.0, 1.0],
                [0.711081, 0.144887, 0.688021, 0.0936, 0.10655, -0.989442, 0.098241, 0.072268, 0.694993, 0.003452, -0.719009, 0.088001, 0.0, 0.0, 0.0, 1.0],
                [0.678202, 0.1701, 0.71492, 0.091388, 0.138241, -0.985005, 0.103221, 0.07183, 0.721759, 0.028827, -0.691546, 0.087017, 0.0, 0.0, 0.0, 1.0],
                [0.647548, 0.196216, 0.73633, 0.090261, 0.172653, -0.97893, 0.109028, 0.068741, 0.74221, 0.056529, -0.66778, 0.087599, 0.0, 0.0, 0.0, 1.0],
                [0.617351, 0.227395, 0.753107, 0.089134, 0.211652, -0.970025, 0.119393, 0.065651, 0.757684, 0.08569, -0.646973, 0.088181, 0.0, 0.0, 0.0, 1.0],
                [0.588135, 0.25938, 0.766042, 0.088007, 0.250261, -0.959056, 0.132594, 0.062562, 0.769071, 0.113728, -0.628966, 0.088763, 0.0, 0.0, 0.0, 1.0],
                [0.565356, 0.283807, 0.774485, 0.08688, 0.280086, -0.949208, 0.143378, 0.059472, 0.77584, 0.135863, -0.61613, 0.089345, 0.0, 0.0, 0.0, 1.0],
                [0.551624, 0.293947, 0.780582, 0.085753, 0.29737, -0.943656, 0.145211, 0.056383, 0.779285, 0.15202, -0.607953, 0.089927, 0.0, 0.0, 0.0, 1.0],
                [0.551317, 0.290213, 0.782194, 0.084626, 0.302195, -0.943349, 0.137008, 0.053293, 0.777645, 0.160841, -0.607784, 0.09051, 0.0, 0.0, 0.0, 1.0],
                [0.552509, 0.28217, 0.784292, 0.083499, 0.303358, -0.944496, 0.126103, 0.050204, 0.776345, 0.168249, -0.60744, 0.091092, 0.0, 0.0, 0.0, 1.0],
                [0.557782, 0.270865, 0.784546, 0.082372, 0.298071, -0.947564, 0.115231, 0.047114, 0.774621, 0.169577, -0.609269, 0.091674, 0.0, 0.0, 0.0, 1.0],
                [0.566824, 0.257258, 0.782643, 0.081245, 0.288463, -0.951832, 0.103954, 0.044024, 0.771689, 0.16684, -0.613729, 0.092256, 0.0, 0.0, 0.0, 1.0],
                [0.578869, 0.242613, 0.778493, 0.080118, 0.275921, -0.956674, 0.092974, 0.040935, 0.767321, 0.160982, -0.620729, 0.092838, 0.0, 0.0, 0.0, 1.0],
                [0.591953, 0.228057, 0.773035, 0.078991, 0.262105, -0.961469, 0.082941, 0.037845, 0.762166, 0.153519, -0.628918, 0.09342, 0.0, 0.0, 0.0, 1.0],
                [0.605435, 0.213256, 0.766793, 0.076412, 0.247596, -0.966095, 0.073192, 0.040959, 0.756405, 0.145542, -0.637708, 0.093208, 0.0, 0.0, 0.0, 1.0],
                [0.611994, 0.202975, 0.764373, 0.073832, 0.238554, -0.968865, 0.06628, 0.044073, 0.754029, 0.141781, -0.641358, 0.092996, 0.0, 0.0, 0.0, 1.0],
                [0.609287, 0.202009, 0.766788, 0.071252, 0.240001, -0.968629, 0.064482, 0.047188, 0.75576, 0.144742, -0.638654, 0.092784, 0.0, 0.0, 0.0, 1.0],
                [0.607205, 0.202755, 0.768241, 0.068672, 0.240969, -0.968347, 0.065109, 0.050302, 0.757126, 0.145588, -0.636841, 0.092572, 0.0, 0.0, 0.0, 1.0],
                [0.605557, 0.204074, 0.769192, 0.066092, 0.241304, -0.968142, 0.066888, 0.053416, 0.758338, 0.145104, -0.635507, 0.09236, 0.0, 0.0, 0.0, 1.0],
                [0.603976, 0.207705, 0.769463, 0.063513, 0.243448, -0.967382, 0.070041, 0.05653, 0.758914, 0.145022, -0.634839, 0.092148, 0.0, 0.0, 0.0, 1.0],
                [0.602445, 0.214047, 0.768925, 0.060933, 0.248712, -0.965749, 0.073975, 0.059644, 0.758424, 0.146675, -0.635045, 0.091935, 0.0, 0.0, 0.0, 1.0],
                [0.602445, 0.214047, 0.768925, 0.060933, 0.248712, -0.965749, 0.073975, 0.059644, 0.758424, 0.146675, -0.635045, 0.091935, 0.0, 0.0, 0.0, 1.0]
            ]
        },
        {
            "name": "Leg_R",
            "time": [0.0, 0.0417, 0.0833, 0.125, 0.1667, 0.2083, 0.25, 0.2917, 0.3333, 0.375, 0.4167, 0.4583, 0.5, 0.5417, 0.5833, 0.625, 0.6667, 0.7083, 0.75, 0.7917, 0.8333, 0.875, 0.9167, 0.9583, 1.0, 1.0417, 1.0833, 1.125, 1.1667, 1.2083, 1.25, 1.2917, 1.3333, 1.375, 1.4167, 1.4583, 1.5, 1.5417, 1.5833, 1.625, 1.6667, 1.7083, 1.75, 1.7917, 1.8333, 1.875, 1.9167, 1.9583, 2.0, 2.0417, 2.0833, 2.125, 2.1667, 2.2083, 2.25, 2.2917, 2.3333, 2.375, 2.4167, 2.4583, 2.5, 2.5417, 2.5833, 2.625, 2.6667, 2.7083, 2.75, 2.7917, 2.8333, 2.875, 2.9167, 2.9583, 3.0, 3.0417, 3.0833, 3.125, 3.1667, 3.2083, 3.25, 3.2917, 10.4583],
            "transform": [
                [1.0, 0.0, -0.0, 0.0, 0.0, 0.350019, 0.936742, 0.37472, 0.0, -0.936744, 0.350018, 0.0, 0.0, 0.0, 0.0, 1.0],
                [1.0, 0.0, -0.0, 0.0, 0.0, 0.328785, 0.944403, 0.37472, 0.0, -0.944406, 0.328785, 0.0, 0.0, 0.0, 0.0, 1.0],
                [1.0, 0.0, -0.0, -0.0, 0.0, 0.232901, 0.972499, 0.37472, 0.0, -0.972502, 0.232901, 0.0, 0.0, 0.0, 0.0, 1.0],
                [1.0, 0.0, -0.0, -0.0, 0.0, 0.009926, 0.99995, 0.37472, 0.0, -0.999952, 0.009926, -0.0, 0.0, 0.0, 0.0, 1.0],
                [1.0, 0.0, -0.0, -0.0, 0.0, 0.004131, 0.99999, 0.37472, 0.0, -0.999992, 0.004131, -0.0, 0.0, 0.0, 0.0, 1.0],
                [1.0, 0.0, -0.0, -0.0, 0.0, 0.368161, 0.929761, 0.37472, 0.0, -0.929763, 0.368161, 0.0, 0.0, 0.0, 0.0, 1.0],
                [1.0, -0.0, -0.0, 0.0, 0.0, 0.687153, 0.726513, 0.37472, 0.0, -0.726514, 0.687152, 0.0, 0.0, 0.0, 0.0, 1.0],
                [1.0, -0.0, -0.0, 0.0, 0.0, 0.53794, 0.842982, 0.37472, 0.0, -0.842984, 0.537939, 0.0, 0.0, 0.0, 0.0, 1.0],
                [1.0, 0.0, -0.0, 0.0, 0.0, 0.099651, 0.995021, 0.37472, 0.0, -0.995024, 0.099651, 0.0, 0.0, 0.0, 0.0, 1.0],
                [0.999999, 0.0, -0.0, -0.0, 0.0, 0.019217, 0.999814, 0.37472, 0.0, -0.999817, 0.019217, -0.0, 0.0, 0.0, 0.0, 1.0],
                [1.0, -0.0, -0.0, 0.0, 0.0, 0.594191, 0.804323, 0.37472, 0.0, -0.804325, 0.59419, 0.0, 0.0, 0.0, 0.0, 1.0],
                [0.999999, -0.0, -0.0, -0.0, 0.0, 0.714757, 0.699373, 0.37472, -0.0, -0.699375, 0.714756, 0.0, 0.0, 0.0, 0.0, 1.0],
                [1.0, -0.0, -0.0, 0.0, 0.0, 0.765843, 0.643027, 0.37472, -0.0, -0.643028, 0.765842, 0.0, 0.0, 0.0, 0.0, 1.0],
                [1.0, -0.0, -0.0, 0.0, 0.0, 0.728615, 0.684923, 0.37472, 0.0, -0.684924, 0.728614, -0.0, 0.0, 0.0, 0.0, 1.0],
                [1.0, 0.0, -0.0, 0.0, 0.0, 0.393075, 0.919505, 0.37472, 0.0, -0.919507, 0.393074, 0.0, 0.0, 0.0, 0.0, 1.0],
                [1.0, 0.0, -0.0, -0.0, 0.0, -0.171075, 0.985257, 0.37472, 0.0, -0.985259, -0.171075, 0.0, 0.0, 0.0, 0.0, 1.0],
                [1.0, 0.0, -0.0, 0.0, 0.0, -0.674177, 0.73857, 0.37472, 0.0, -0.738571, -0.674176, -0.0, 0.0, 0.0, 0.0, 1.0],
                [1.0, 0.0, -0.0, -0.0, 0.0, -0.181704, 0.983352, 0.37472, 0.0, -0.983354, -0.181704, 0.0, 0.0, 0.0, 0.0, 1.0],
                [1.0, 0.0, -0.0, 0.0, 0.0, -0.006492, 0.999978, 0.37472, 0.0, -0.99998, -0.006492, -0.0, 0.0, 0.0, 0.0, 1.0],
                [1.0, 0.0, -0.0, -0.0, 0.0, -0.075436, 0.997149, 0.37472, 0.0, -0.997152, -0.075436, -0.0, 0.0, 0.0, 0.0, 1.0],
                [1.0, 0.0, -0.0, 0.0, 0.0, -0.174614, 0.984636, 0.37472, 0.0, -0.984637, -0.174613, 0.0, 0.0, 0.0, 0.0, 1.0],
                [1.0, 0.0, -0.0, 0.0, 0.0, -0.271776, 0.96236, 0.37472, 0.0, -0.962361, -0.271776, 0.0, 0.0, 0.0, 0.0, 1.0],
                [1.0, 0.0, -0.0, 0.0, 0.0, -0.337463, 0.941337, 0.37472, 0.0, -0.941339, -0.337463, -0.0, 0.0, 0.0, 0.0, 1.0],
                [1.0, 0.0, -0.0, -0.0, 0.0, -0.362546, 0.931965, 0.37472, 0.0, -0.931966, -0.362546, 0.0, 0.0, 0.0, 0.0, 1.0],
                [1.0, 0.0, -0.0, -0.0, 0.0, -0.361016, 0.932558, 0.37472, 0.0, -0.932559, -0.361016, 0.0, 0.0, 0.0, 0.0, 1.0],
                [1.0, 0.0, -0.0, -0.0, 0.0, -0.357551, 0.933893, 0.37472, 0.0, -0.933894, -0.357551, -0.0, 0.0, 0.0, 0.0, 1.0],
                [1.0, 0.0, -0.0, 0.0, 0.0, -0.354839, 0.934927, 0.37472, 0.0, -0.934927, -0.354839, 0.0, 0.0, 0.0, 0.0, 1.0],
                [1.0, 0.0, -0.0, -0.0, 0.0, -0.350822, 0.936441, 0.37472, 0.0, -0.936442, -0.350822, 0.0, 0.0, 0.0, 0.0, 1.0],
                [1.0, 0.0, -0.0, 0.0, 0.0, -0.330655, 0.943751, 0.37472, 0.0, -0.943752, -0.330655, 0.0, 0.0, 0.0, 0.0, 1.0],
                [1.0, 0.0, -0.0, -0.0, 0.0, -0.292688, 0.956207, 0.37472, 0.0, -0.956208, -0.292688, 0.0, 0.0, 0.0, 0.0, 1.0],
                [1.0, 0.0, -0.0, 0.0, 0.0, -0.222296, 0.974978, 0.37472, 0.0, -0.974979, -0.222296, 0.0, 0.0, 0.0, 0.0, 1.0],
                [1.0, 0.0, -0.0, 0.0, 0.0, -0.06941, 0.997587, 0.37472, 0.0, -0.997589, -0.06941, 0.0, 0.0, 0.0, 0.0, 1.0],
                [1.0, 0.0, -0.0, -0.0, 0.0, 0.134993, 0.990845, 0.37472, 0.0, -0.990847, 0.134992, -0.0, 0.0, 0.0, 0.0, 1.0],
                [1.0, 0.0, -0.0, 0.0, 0.0, 0.32968, 0.944091, 0.37472, 0.0, -0.944093, 0.32968, -0.0, 0.0, 0.0, 0.0, 1.0],
                [1.0, -0.0, -0.0, -0.0, 0.0, 0.479088, 0.877766, 0.37472, 0.0, -0.877768, 0.479087, 0.0, 0.0, 0.0, 0.0, 1.0],
                [1.0, -0.0, -0.0, -0.0, 0.0, 0.585753, 0.810489, 0.37472, 0.0, -0.81049, 0.585752, 0.0, 0.0, 0.0, 0.0, 1.0],
                [1.0, -0.0, -0.0, 0.0, 0.0, 0.692593, 0.721328, 0.37472, 0.0, -0.721329, 0.692592, 0.0, 0.0, 0.0, 0.0, 1.0],
                [1.0, -0.0, -0.0, 0.0, 0.0, 0.781717, 0.623633, 0.37472, 0.0, -0.623634, 0.781716, -0.0, 0.0, 0.0, 0.0, 1.0],
                [1.0, -0.0, -0.0, -0.0, 0.0, 0.832379, 0.554206, 0.37472, 0.0, -0.554207, 0.832378, -0.0, 0.0, 0.0, 0.0, 1.0],
                [1.0, -0.0, -0.0, 0.0, 0.0, 0.85397, 0.520322, 0.37472, 0.0, -0.520323, 0.853969, 0.0, 0.0, 0.0, 0.0, 1.0],
                [1.0, -0.0, -0.0, -0.0, 0.0, 0.867873, 0.496787, 0.37472, 0.0, -0.496788, 0.867871, 0.0, 0.0, 0.0, 0.0, 1.0],
                [1.0, -0.0, -0.0, 0.0, 0.0, 0.887319, 0.461156, 0.37472, 0.0, -0.461157, 0.887318, 0.0, 0.0, 0.0, 0.0, 1.0],
                [0.999999, -0.0, -0.0, 0.0, 0.0, 0.931232, 0.364427, 0.37472, -0.0, -0.364428, 0.931231, 0.0, 0.0, 0.0, 0.0, 1.0],
                [1.0, -0.0, -0.0, 0.0, 0.0, 0.948854, 0.315716, 0.37472, -0.0, -0.315717, 0.948853, 0.0, 0.0, 0.0, 0.0, 1.0],
                [0.999999, -0.0, -0.0, -0.0, 0.0, 0.900721, 0.434399, 0.37472, -0.0, -0.434399, 0.90072, -0.0, 0.0, 0.0, 0.0, 1.0],
                [1.0, -0.0, -0.0, -0.0, 0.0, 0.806975, 0.590585, 0.37472, 0.0, -0.590585, 0.806975, -0.0, 0.0, 0.0, 0.0, 1.0],
                [1.0, -0.0, -0.0, -0.0, 0.0, 0.707982, 0.70623, 0.37472, 0.0, -0.706231, 0.707981, -0.0, 0.0, 0.0, 0.0, 1.0],
                [1.0, -0.0, -0.0, -0.0, 0.0, 0.622338, 0.782748, 0.37472, 0.0, -0.782749, 0.622337, 0.0, 0.0, 0.0, 0.0, 1.0],
                [1.0, 0.0, -0.0, 0.0, 0.0, 0.583332, 0.812233, 0.37472, 0.0, -0.812234, 0.583331, -0.0, 0.0, 0.0, 0.0, 1.0],
                [1.0, -0.0, -0.0, -0.0, 0.0, 0.647891, 0.761733, 0.37472, 0.0, -0.761733, 0.64789, -0.0, 0.0, 0.0, 0.0, 1.0],
                [1.0, -0.0, -0.0, 0.0, 0.0, 0.755317, 0.65536, 0.37472, 0.0, -0.655361, 0.755316, 0.0, 0.0, 0.0, 0.0, 1.0],
                [1.0, -0.0, -0.0, 0.0, 0.0, 0.82387, 0.566779, 0.37472, 0.0, -0.566779, 0.823869, 0.0, 0.0, 0.0, 0.0, 1.0],
                [1.0, -0.0, -0.0, 0.0, 0.0, 0.871306, 0.49074, 0.37472, 0.0, -0.490741, 0.871305, -0.0, 0.0, 0.0, 0.0, 1.0],
                [1.0, -0.0, -0.0, 0.0, 0.0, 0.886865, 0.462027, 0.37472, 0.0, -0.462028, 0.886865, 0.0, 0.0, 0.0, 0.0, 1.0],
                [1.0, -0.0, -0.0, 0.0, 0.0, 0.887301, 0.461191, 0.37472, 0.0, -0.461192, 0.8873, 0.0, 0.0, 0.0, 0.0, 1.0],
                [1.0, -0.0, -0.0, 0.0, 0.0, 0.888103, 0.459643, 0.37472, 0.0, -0.459644, 0.888103, 0.0, 0.0, 0.0, 0.0, 1.0],
                [1.0, -0.0, -0.0, 0.0, 0.0, 0.888695, 0.458499, 0.37472, 0.0, -0.4585, 0.888694, 0.0, 0.0, 0.0, 0.0, 1.0],
                [1.0, -0.0, -0.0, -0.0, 0.0, 0.88927, 0.457383, 0.37472, 0.0, -0.457383, 0.889269, 0.0, 0.0, 0.0, 0.0, 1.0],
                [1.0, -0.0, -0.0, -0.0, 0.0, 0.889977, 0.456005, 0.37472, 0.0, -0.456005, 0.889977, -0.0, 0.0, 0.0, 0.0, 1.0],
                [1.0, -0.0, -0.0, 0.0, 0.0, 0.891069, 0.453869, 0.37472, 0.0, -0.453869, 0.891068, 0.0, 0.0, 0.0, 0.0, 1.0],
                [1.0, -0.0, -0.0, 0.0, 0.0, 0.893696, 0.448673, 0.37472, 0.0, -0.448673, 0.893695, 0.0, 0.0, 0.0, 0.0, 1.0],
                [1.0, -0.0, -0.0, -0.0, 0.0, 0.897572, 0.440868, 0.37472, 0.0, -0.440868, 0.897571, 0.0, 0.0, 0.0, 0.0, 1.0],
                [1.0, -0.0, -0.0, -0.0, 0.0, 0.902529, 0.430629, 0.37472, -0.0, -0.430629, 0.902528, -0.0, 0.0, 0.0, 0.0, 1.0],
                [1.0, -0.0, -0.0, 0.0, 0.0, 0.907109, 0.420895, 0.37472, 0.0, -0.420895, 0.907109, -0.0, 0.0, 0.0, 0.0, 1.0],
                [1.0, -0.0, -0.0, -0.0, 0.0, 0.911511, 0.411276, 0.37472, 0.0, -0.411277, 0.91151, 0.0, 0.0, 0.0, 0.0, 1.0],
                [1.0, -0.0, -0.0, 0.0, 0.0, 0.915772, 0.401698, 0.37472, 0.0, -0.401699, 0.915771, -0.0, 0.0, 0.0, 0.0, 1.0],
                [1.0, -0.0, -0.0, 0.0, 0.0, 0.920369, 0.391051, 0.37472, 0.0, -0.391051, 0.920368, 0.0, 0.0, 0.0, 0.0, 1.0],
                [1.0, -0.0, -0.0, -0.0, 0.0, 0.924384, 0.381465, 0.37472, 0.0, -0.381465, 0.924382, 0.0, 0.0, 0.0, 0.0, 1.0],
                [1.0, -0.0, -0.0, -0.0, 0.0, 0.927213, 0.374536, 0.37472, 0.0, -0.374536, 0.927212, 0.0, 0.0, 0.0, 0.0, 1.0],
                [1.0, -0.0, -0.0, 0.0, 0.0, 0.92924, 0.369477, 0.37472, 0.0, -0.369477, 0.929239, -0.0, 0.0, 0.0, 0.0, 1.0],
                [1.0, -0.0, -0.0, -0.0, 0.0, 0.929546, 0.368707, 0.37472, 0.0, -0.368707, 0.929545, -0.0, 0.0, 0.0, 0.0, 1.0],
                [1.0, -0.0, -0.0, -0.0, 0.0, 0.929064, 0.36992, 0.37472, 0.0, -0.36992, 0.929063, 0.0, 0.0, 0.0, 0.0, 1.0],
                [1.0, -0.0, -0.0, 0.0, 0.0, 0.927786, 0.373113, 0.37472, -0.0, -0.373113, 0.927785, -0.0, 0.0, 0.0, 0.0, 1.0],
                [1.0, -0.0, -0.0, -0.0, 0.0, 0.926553, 0.376164, 0.37472, 0.0, -0.376164, 0.926552, 0.0, 0.0, 0.0, 0.0, 1.0],
                [1.0, -0.0, -0.0, -0.0, 0.0, 0.926419, 0.376495, 0.37472, 0.0, -0.376496, 0.926418, 0.0, 0.0, 0.0, 0.0, 1.0],
                [1.0, -0.0, -0.0, 0.0, 0.0, 0.926781, 0.375602, 0.37472, 0.0, -0.375602, 0.92678, -0.0, 0.0, 0.0, 0.0, 1.0],
                [1.0, -0.0, -0.0, -0.0, 0.0, 0.927414, 0.374036, 0.37472, -0.0, -0.374036, 0.927413, -0.0, 0.0, 0.0, 0.0, 1.0],
                [1.0, -0.0, -0.0, -0.0, 0.0, 0.928218, 0.372036, 0.37472, 0.0, -0.372037, 0.928217, -0.0, 0.0, 0.0, 0.0, 1.0],
                [1.0, -0.0, -0.0, 0.0, 0.0, 0.929163, 0.369669, 0.37472, -0.0, -0.36967, 0.929163, -0.0, 0.0, 0.0, 0.0, 1.0],
                [1.0, -0.0, -0.0, 0.0, 0.0, 0.930015, 0.367522, 0.37472, -0.0, -0.367523, 0.930014, 0.0, 0.0, 0.0, 0.0, 1.0],
                [1.0, -0.0, -0.0, 0.0, 0.0, 0.930015, 0.367522, 0.37472, -0.0, -0.367523, 0.930014, 0.0, 0.0, 0.0, 0.0, 1.0]
            ]
        },
        {
            "name": "Knee_R",
            "time": [3.2917, 0.0, 10.4583],
            "transform": [
                [1.0, 0.0, -0.0, 0.0, -0.0, 1e-06, -1.0, 0.37472, -0.0, 1.0, 1e-06, 0.0, 0.0, 0.0, 0.0, 1.0],
                [1.0, 0.0, -0.0, 0.0, -0.0, 1e-06, -1.0, 0.37472, -0.0, 1.0, 1e-06, 0.0, 0.0, 0.0, 0.0, 1.0],
                [1.0, 0.0, -0.0, 0.0, -0.0, 1e-06, -1.0, 0.37472, -0.0, 1.0, 1e-06, 0.0, 0.0, 0.0, 0.0, 1.0]
            ]
        },
        {
            "name": "Thigh_L",
            "time": [0.0, 0.0417, 0.0833, 0.125, 0.1667, 0.2083, 0.25, 0.2917, 0.3333, 0.375, 0.4167, 0.4583, 0.5, 0.5417, 0.5833, 0.625, 0.6667, 0.7083, 0.75, 0.7917, 0.8333, 0.875, 0.9167, 0.9583, 1.0, 1.0417, 1.0833, 1.125, 1.1667, 1.2083, 1.25, 1.2917, 1.3333, 1.375, 1.4167, 1.4583, 1.5, 1.5417, 1.5833, 1.625, 1.6667, 1.7083, 1.75, 1.7917, 1.8333, 1.875, 1.9167, 1.9583, 2.0, 2.0417, 2.0833, 2.125, 2.1667, 2.2083, 2.25, 2.2917, 2.3333, 2.375, 2.4167, 2.4583, 2.5, 2.5417, 2.5833, 2.625, 2.6667, 2.7083, 2.75, 2.7917, 2.8333, 2.875, 2.9167, 2.9583, 3.0, 3.0417, 3.0833, 3.125, 3.1667, 3.2083, 3.25, 3.2917, 10.4583],
            "transform": [
                [-0.298104, 0.124444, 0.946386, 0.015385, -0.576944, -0.813354, -0.074783, 0.100273, 0.760438, -0.568308, 0.314261, -0.144014, 0.0, 0.0, 0.0, 1.0],
                [-0.75615, 0.004145, 0.654382, 0.091995, -0.336519, -0.860091, -0.383407, 0.066489, 0.561237, -0.510128, 0.651753, -0.075521, 0.0, 0.0, 0.0, 1.0],
                [-0.994424, 0.096671, 0.042101, 0.122901, -0.056653, -0.826618, 0.559907, 0.112144, 0.088927, 0.554403, 0.827484, -0.022554, 0.0, 0.0, 0.0, 1.0],
                [-0.664531, -0.632799, -0.397446, -0.010573, -0.205126, -0.356966, 0.911317, 0.119293, -0.718552, 0.687128, 0.107411, -0.169551, 0.0, 0.0, 0.0, 1.0],
                [0.113964, -0.648114, -0.752968, 0.016912, -0.651151, -0.621148, 0.436092, 0.048109, -0.750339, 0.4406, -0.492809, 0.1385, 0.0, 0.0, 0.0, 1.0],
                [0.6563, -0.304104, -0.690498, -0.086729, -0.331232, -0.9384, 0.098453, 0.060186, -0.677902, 0.164102, -0.716601, 0.110907, 0.0, 0.0, 0.0, 1.0],
                [0.973885, 0.038017, -0.223826, -0.132356, 0.01342, -0.993798, -0.110406, 0.080175, -0.226634, 0.10452, -0.968355, 0.017221, 0.0, 0.0, 0.0, 1.0],
                [0.983674, -0.063395, -0.168416, -0.113904, 0.000503, -0.934922, 0.354858, 0.085547, -0.179952, -0.34915, -0.919625, 0.019252, 0.0, 0.0, 0.0, 1.0],
                [0.988771, -0.059069, -0.137255, -0.129787, 0.038704, -0.785959, 0.617068, 0.039514, -0.144326, -0.615454, -0.774847, -0.033036, 0.0, 0.0, 0.0, 1.0],
                [0.996628, 0.042355, -0.070251, -0.131063, 0.079676, -0.703558, 0.706158, 0.04887, -0.019516, -0.709377, -0.70456, -0.01651, 0.0, 0.0, 0.0, 1.0],
                [0.986038, 0.130213, -0.103776, -0.132338, 0.15526, -0.49383, 0.855585, 0.058226, 0.06016, -0.859756, -0.507152, 1.6e-05, 0.0, 0.0, 0.0, 1.0],
                [0.945717, 0.019743, -0.324385, -0.133614, 0.323187, 0.047706, 0.945131, 0.067582, 0.034135, -0.998668, 0.038736, 0.016542, 0.0, 0.0, 0.0, 1.0],
                [0.923774, -0.134636, -0.358485, -0.129499, 0.380384, 0.214798, 0.899537, 0.057208, -0.044109, -0.967336, 0.249638, -0.014285, 0.0, 0.0, 0.0, 1.0],
                [0.94436, -0.182577, -0.273581, -0.125385, 0.278286, 0.000158, 0.960497, 0.046833, -0.175321, -0.983194, 0.050957, -0.045113, 0.0, 0.0, 0.0, 1.0],
                [0.996661, -0.08156, -0.003332, -0.121271, -0.056442, -0.71807, 0.693679, 0.036458, -0.058969, -0.691178, -0.720275, -0.075941, 0.0, 0.0, 0.0, 1.0],
                [0.906794, -0.00763, 0.421499, -0.120336, -0.33558, -0.618225, 0.710763, 0.023308, 0.255157, -0.785967, -0.563163, -0.073902, 0.0, 0.0, 0.0, 1.0],
                [0.836057, 0.05281, 0.546092, -0.119401, -0.54409, 0.207713, 0.812908, 0.010157, -0.0705, -0.976765, 0.202393, -0.071863, 0.0, 0.0, 0.0, 1.0],
                [0.872985, -0.209173, 0.440614, -0.118466, -0.450749, -0.000883, 0.892649, -0.002994, -0.186328, -0.977881, -0.095055, -0.069824, 0.0, 0.0, 0.0, 1.0],
                [0.895272, -0.268494, 0.35552, -0.107009, -0.369313, -0.000934, 0.929304, -0.005797, -0.249179, -0.963283, -0.099995, -0.066053, 0.0, 0.0, 0.0, 1.0],
                [0.904354, -0.297311, 0.30618, -0.095552, -0.302182, 0.060528, 0.951326, -0.008601, -0.301371, -0.952863, -0.035104, -0.062281, 0.0, 0.0, 0.0, 1.0],
                [0.910136, -0.315837, 0.268134, -0.084095, -0.234398, 0.141109, 0.961844, -0.011405, -0.34162, -0.938264, 0.054397, -0.05851, 0.0, 0.0, 0.0, 1.0],
                [0.914248, -0.330146, 0.234843, -0.09357, -0.17156, 0.209644, 0.962608, -0.016356, -0.367033, -0.920357, 0.135027, -0.046645, 0.0, 0.0, 0.0, 1.0],
                [0.916592, -0.344632, 0.202695, -0.103045, -0.121744, 0.242317, 0.962528, -0.021308, -0.380833, -0.906927, 0.180149, -0.03478, 0.0, 0.0, 0.0, 1.0],
