{
    "animation": [
        {
            "name": "Root",
            "time": [0.0, 0.0417, 0.0833, 0.125, 0.1667, 0.2083, 0.25, 0.2917, 0.3333, 0.375, 0.4167, 0.4583, 0.5, 0.5417, 0.5833, 0.7917, 0.8333, 0.875, 0.9167, 0.9583, 1.0, 1.0417, 1.0833, 1.125, 1.1667, 1.2083, 1.25, 1.2917, 1.3333, 1.375, 1.4167, 1.4583, 1.5, 1.5417, 1.5833, 1.625, 1.6667, 1.7083, 1.75, 1.7917, 1.8333, 1.875, 1.9167, 1.9583, 2.0, 2.0417, 2.0833, 2.125, 2.375, 2.4167, 2.4583, 2.5, 2.5417, 2.5833, 2.625, 2.6667, 2.7083, 2.75, 2.7917, 2.8333, 2.875, 2.9167, 3.0, 3.4167, 3.5, 3.5417, 3.5833, 3.625, 3.6667, 3.7083, 3.75, 3.7917, 3.8333, 3.875, 3.9167, 3.9583, 4.0, 4.0417, 4.0833, 4.125, 4.1667, 4.2083, 4.25, 4.2917, 4.3333, 4.375, 4.4167, 4.4583, 4.5, 4.5417, 4.5833, 4.625],
            "transform": [
                [1.0, -0.0, -0.0, -0.02044, -0.0, -0.0, -1.0, 0.091253, 0.0, 1.0, -0.0, 0.457877, 0.0, 0.0, 0.0, 1.0],
                [1.0, -0.0, -0.0, -0.019101, -0.0, -0.0, -1.0, 0.173491, 0.0, 1.0, -0.0, 0.500001, 0.0, 0.0, 0.0, 1.0],
                [1.0, -0.0, -0.0, -0.036744, -0.0, -0.0, -1.0, 0.265219, 0.0, 1.0, -0.0, 0.488275, 0.0, 0.0, 0.0, 1.0],
                [1.0, -0.0, -0.0, -0.031774, -0.0, -0.0, -1.0, 0.341934, 0.0, 1.0, -0.0, 0.448087, 0.0, 0.0, 0.0, 1.0],
                [1.0, -0.0, -0.0, 0.019349, -0.0, -0.0, -1.0, 0.519432, 0.0, 1.0, -0.0, 0.451602, 0.0, 0.0, 0.0, 1.0],
                [1.0, -0.0, -0.0, 0.263984, -0.0, -0.0, -1.0, 0.833643, 0.0, 1.0, -0.0, 0.57685, 0.0, 0.0, 0.0, 1.0],
                [1.0, -0.0, -0.0, 0.474173, -0.0, -0.0, -1.0, 1.113744, 0.0, 1.0, -0.0, 0.534556, 0.0, 0.0, 0.0, 1.0],
                [1.0, -0.0, -0.0, 0.670822, -0.0, -0.0, -1.0, 1.312122, 0.0, 1.0, -0.0, 0.877532, 0.0, 0.0, 0.0, 1.0],
                [1.0, -0.0, -0.0, 1.236499, -0.0, -0.0, -1.0, 1.921211, 0.0, 1.0, -0.0, 1.31544, 0.0, 0.0, 0.0, 1.0],
                [1.0, -0.0, -0.0, 1.17063, -0.0, -0.0, -1.0, 2.778805, 0.0, 1.0, -0.0, 1.483617, 0.0, 0.0, 0.0, 1.0],
                [1.0, -0.0, -0.0, 1.232604, -0.0, -0.0, -1.0, 3.246289, 0.0, 1.0, -0.0, 1.703777, 0.0, 0.0, 0.0, 1.0],
                [1.0, -0.0, -0.0, 1.13915, -0.0, -0.0, -1.0, 3.371154, 0.0, 1.0, -0.0, 1.756293, 0.0, 0.0, 0.0, 1.0],
                [1.0, -0.0, -0.0, 1.000498, -0.0, -0.0, -1.0, 3.452845, 0.0, 1.0, -0.0, 1.922979, 0.0, 0.0, 0.0, 1.0],
                [1.0, -0.0, -0.0, 0.854834, -0.0, -0.0, -1.0, 3.482389, 0.0, 1.0, -0.0, 1.976744, 0.0, 0.0, 0.0, 1.0],
                [1.0, -0.0, -0.0, 0.722502, -0.0, -0.0, -1.0, 3.511934, 0.0, 1.0, -0.0, 2.266748, 0.0, 0.0, 0.0, 1.0],
                [1.0, -0.0, -0.0, 0.384302, -0.0, -0.0, -1.0, 3.739244, 0.0, 1.0, -0.0, 4.571197, 0.0, 0.0, 0.0, 1.0],
                [1.0, -0.0, -0.0, 0.387386, -0.0, -0.0, -1.0, 3.784815, 0.0, 1.0, -0.0, 4.798331, 0.0, 0.0, 0.0, 1.0],
                [1.0, -0.0, -0.0, 0.416747, -0.0, -0.0, -1.0, 3.847427, 0.0, 1.0, -0.0, 4.907928, 0.0, 0.0, 0.0, 1.0],
                [1.0, -0.0, -0.0, 0.452348, -0.0, -0.0, -1.0, 3.887907, 0.0, 1.0, -0.0, 4.938598, 0.0, 0.0, 0.0, 1.0],
                [1.0, -0.0, -0.0, 0.503035, -0.0, -0.0, -1.0, 3.946447, 0.0, 1.0, -0.0, 4.957177, 0.0, 0.0, 0.0, 1.0],
                [1.0, -0.0, -0.0, 0.554169, -0.0, -0.0, -1.0, 4.005692, 0.0, 1.0, -0.0, 4.955507, 0.0, 0.0, 0.0, 1.0],
                [1.0, -0.0, -0.0, 0.587385, -0.0, -0.0, -1.0, 4.043737, 0.0, 1.0, -0.0, 4.942307, 0.0, 0.0, 0.0, 1.0],
                [1.0, -0.0, -0.0, 0.608917, -0.0, -0.0, -1.0, 4.067472, 0.0, 1.0, -0.0, 4.923977, 0.0, 0.0, 0.0, 1.0],
                [1.0, -0.0, -0.0, 0.621147, -0.0, -0.0, -1.0, 4.079522, 0.0, 1.0, -0.0, 4.902117, 0.0, 0.0, 0.0, 1.0],
                [1.0, -0.0, -0.0, 0.628238, -0.0, -0.0, -1.0, 4.086107, 0.0, 1.0, -0.0, 4.863592, 0.0, 0.0, 0.0, 1.0],
                [1.0, -0.0, -0.0, 0.63429, -0.0, -0.0, -1.0, 4.091267, 0.0, 1.0, -0.0, 4.794137, 0.0, 0.0, 0.0, 1.0],
                [1.0, -0.0, -0.0, 0.640993, -0.0, -0.0, -1.0, 4.094456, 0.0, 1.0, -0.0, 4.669767, 0.0, 0.0, 0.0, 1.0],
                [1.0, -0.0, -0.0, 0.645991, -0.0, -0.0, -1.0, 4.096988, 0.0, 1.0, -0.0, 4.488647, 0.0, 0.0, 0.0, 1.0],
                [1.0, -0.0, -0.0, 0.649527, -0.0, -0.0, -1.0, 4.100567, 0.0, 1.0, -0.0, 4.299212, 0.0, 0.0, 0.0, 1.0],
                [1.0, -0.0, -0.0, 0.652375, -0.0, -0.0, -1.0, 4.107484, 0.0, 1.0, -0.0, 4.150312, 0.0, 0.0, 0.0, 1.0],
                [1.0, -0.0, -0.0, 0.65459, -0.0, -0.0, -1.0, 4.113601, 0.0, 1.0, -0.0, 4.044997, 0.0, 0.0, 0.0, 1.0],
                [1.0, -0.0, -0.0, 0.656236, -0.0, -0.0, -1.0, 4.115539, 0.0, 1.0, -0.0, 3.963582, 0.0, 0.0, 0.0, 1.0],
                [1.0, -0.0, -0.0, 0.657693, -0.0, -0.0, -1.0, 4.117476, 0.0, 1.0, -0.0, 3.894322, 0.0, 0.0, 0.0, 1.0],
                [1.0, -0.0, -0.0, 0.659323, -0.0, -0.0, -1.0, 4.119898, 0.0, 1.0, -0.0, 3.806232, 0.0, 0.0, 0.0, 1.0],
                [1.0, -0.0, -0.0, 0.661272, -0.0, -0.0, -1.0, 4.128362, 0.0, 1.0, -0.0, 3.697357, 0.0, 0.0, 0.0, 1.0],
                [1.0, -0.0, -0.0, 0.663181, -0.0, -0.0, -1.0, 4.145707, 0.0, 1.0, -0.0, 3.578237, 0.0, 0.0, 0.0, 1.0],
                [1.0, -0.0, -0.0, 0.658395, -0.0, -0.0, -1.0, 4.174387, 0.0, 1.0, -0.0, 3.418452, 0.0, 0.0, 0.0, 1.0],
                [1.0, -0.0, -0.0, 0.609812, -0.0, -0.0, -1.0, 4.217242, 0.0, 1.0, -0.0, 3.206272, 0.0, 0.0, 0.0, 1.0],
                [1.0, -0.0, -0.0, 0.529366, -0.0, -0.0, -1.0, 4.372522, 0.0, 1.0, -0.0, 2.526197, 0.0, 0.0, 0.0, 1.0],
                [1.0, -0.0, -0.0, 0.480845, -0.0, -0.0, -1.0, 4.669985, 0.0, 1.0, -0.0, 2.291058, 0.0, 0.0, 0.0, 1.0],
                [1.0, -0.0, -0.0, 0.483963, -0.0, -0.0, -1.0, 4.899334, 0.0, 1.0, -0.0, 1.938014, 0.0, 0.0, 0.0, 1.0],
                [1.0, -0.0, -0.0, 0.485834, -0.0, -0.0, -1.0, 5.939747, 0.0, 1.0, -0.0, 0.734578, 0.0, 0.0, 0.0, 1.0],
                [1.0, -0.0, -0.0, 0.487312, -0.0, -0.0, -1.0, 5.772502, 0.0, 1.0, -0.0, 0.579753, 0.0, 0.0, 0.0, 1.0],
                [1.0, -0.0, -0.0, 0.432213, -0.0, -0.0, -1.0, 5.779629, 0.0, 1.0, -0.0, 0.435456, 0.0, 0.0, 0.0, 1.0],
                [1.0, -0.0, -0.0, 0.433349, -0.0, -0.0, -1.0, 5.804417, 0.0, 1.0, -0.0, 0.420319, 0.0, 0.0, 0.0, 1.0],
                [1.0, -0.0, -0.0, 0.434136, -0.0, -0.0, -1.0, 5.868662, 0.0, 1.0, -0.0, 0.393871, 0.0, 0.0, 0.0, 1.0],
                [1.0, -0.0, -0.0, 0.434753, -0.0, -0.0, -1.0, 5.92004, 0.0, 1.0, -0.0, 0.378734, 0.0, 0.0, 0.0, 1.0],
                [1.0, -0.0, -0.0, 0.435137, -0.0, -0.0, -1.0, 5.880362, 0.0, 1.0, -0.0, 0.368675, 0.0, 0.0, 0.0, 1.0],
                [1.0, -0.0, -0.0, 0.433931, -0.0, -0.0, -1.0, 5.823379, 0.0, 1.0, -0.0, 0.280458, 0.0, 0.0, 0.0, 1.0],
                [1.0, -0.0, -0.0, 0.433467, -0.0, -0.0, -1.0, 5.850154, 0.0, 1.0, -0.0, 0.280458, 0.0, 0.0, 0.0, 1.0],
                [1.0, -0.0, -0.0, 0.432853, -0.0, -0.0, -1.0, 5.883986, 0.0, 1.0, -0.0, 0.280458, 0.0, 0.0, 0.0, 1.0],
                [1.0, -0.0, -0.0, 0.432236, -0.0, -0.0, -1.0, 5.920263, 0.0, 1.0, -0.0, 0.280458, 0.0, 0.0, 0.0, 1.0],
                [1.0, -0.0, -0.0, 0.431763, -0.0, -0.0, -1.0, 5.952933, 0.0, 1.0, -0.0, 0.280458, 0.0, 0.0, 0.0, 1.0],
                [1.0, -0.0, -0.0, 0.431302, -0.0, -0.0, -1.0, 5.991303, 0.0, 1.0, -0.0, 0.280458, 0.0, 0.0, 0.0, 1.0],
                [1.0, -0.0, -0.0, 0.43081, -0.0, -0.0, -1.0, 6.036515, 0.0, 1.0, -0.0, 0.280458, 0.0, 0.0, 0.0, 1.0],
                [1.0, -0.0, -0.0, 0.430282, -0.0, -0.0, -1.0, 6.085299, 0.0, 1.0, -0.0, 0.280458, 0.0, 0.0, 0.0, 1.0],
                [1.0, -0.0, -0.0, 0.429718, -0.0, -0.0, -1.0, 6.133718, 0.0, 1.0, -0.0, 0.280458, 0.0, 0.0, 0.0, 1.0],
                [1.0, -0.0, -0.0, 0.429119, -0.0, -0.0, -1.0, 6.178039, 0.0, 1.0, -0.0, 0.280458, 0.0, 0.0, 0.0, 1.0],
                [1.0, -0.0, -0.0, 0.428317, -0.0, -0.0, -1.0, 6.221249, 0.0, 1.0, -0.0, 0.280458, 0.0, 0.0, 0.0, 1.0],
                [1.0, -0.0, -0.0, 0.427464, -0.0, -0.0, -1.0, 6.246259, 0.0, 1.0, -0.0, 0.280458, 0.0, 0.0, 0.0, 1.0],
                [1.0, -0.0, -0.0, 0.426743, -0.0, -0.0, -1.0, 6.257556, 0.0, 1.0, -0.0, 0.280458, 0.0, 0.0, 0.0, 1.0],
                [1.0, -0.0, -0.0, 0.425996, -0.0, -0.0, -1.0, 6.263121, 0.0, 1.0, -0.0, 0.280458, 0.0, 0.0, 0.0, 1.0],
                [1.0, -0.0, -0.0, 0.42443, -0.0, -0.0, -1.0, 6.258105, 0.0, 1.0, -0.0, 0.369671, 0.0, 0.0, 0.0, 1.0],
                [1.0, -0.0, -0.0, 0.351489, -0.0, -0.0, -1.0, 6.261332, 0.0, 1.0, -0.0, 0.570768, 0.0, 0.0, 0.0, 1.0],
                [1.0, -0.0, -0.0, 0.335541, -0.0, -0.0, -1.0, 6.244095, 0.0, 1.0, -0.0, 0.591912, 0.0, 0.0, 0.0, 1.0],
                [1.0, -0.0, -0.0, 0.330726, -0.0, -0.0, -1.0, 6.243146, 0.0, 1.0, -0.0, 0.592267, 0.0, 0.0, 0.0, 1.0],
                [1.0, -0.0, -0.0, 0.327962, -0.0, -0.0, -1.0, 6.242198, 0.0, 1.0, -0.0, 0.592621, 0.0, 0.0, 0.0, 1.0],
                [1.0, -0.0, -0.0, 0.325298, -0.0, -0.0, -1.0, 6.241012, 0.0, 1.0, -0.0, 0.592976, 0.0, 0.0, 0.0, 1.0],
                [1.0, -0.0, -0.0, 0.324797, -0.0, -0.0, -1.0, 6.239825, 0.0, 1.0, -0.0, 0.593331, 0.0, 0.0, 0.0, 1.0],
                [1.0, -0.0, -0.0, 0.325248, -0.0, -0.0, -1.0, 6.238877, 0.0, 1.0, -0.0, 0.593685, 0.0, 0.0, 0.0, 1.0],
                [1.0, -0.0, -0.0, 0.3257, -0.0, -0.0, -1.0, 6.237928, 0.0, 1.0, -0.0, 0.59404, 0.0, 0.0, 0.0, 1.0],
                [1.0, -0.0, -0.0, 0.326264, -0.0, -0.0, -1.0, 6.236742, 0.0, 1.0, -0.0, 0.594395, 0.0, 0.0, 0.0, 1.0],
                [1.0, -0.0, -0.0, 0.326829, -0.0, -0.0, -1.0, 6.235557, 0.0, 1.0, -0.0, 0.594749, 0.0, 0.0, 0.0, 1.0],
                [1.0, -0.0, -0.0, 0.334764, -0.0, -0.0, -1.0, 6.231203, 0.0, 1.0, -0.0, 0.595104, 0.0, 0.0, 0.0, 1.0],
                [1.0, -0.0, -0.0, 0.34633, -0.0, -0.0, -1.0, 6.216455, 0.0, 1.0, -0.0, 0.595458, 0.0, 0.0, 0.0, 1.0],
                [1.0, -0.0, -0.0, 0.361148, -0.0, -0.0, -1.0, 6.197396, 0.0, 1.0, -0.0, 0.595813, 0.0, 0.0, 0.0, 1.0],
                [1.0, -0.0, -0.0, 0.375373, -0.0, -0.0, -1.0, 6.179741, 0.0, 1.0, -0.0, 0.596168, 0.0, 0.0, 0.0, 1.0],
                [1.0, -0.0, -0.0, 0.385941, -0.0, -0.0, -1.0, 6.167673, 0.0, 1.0, -0.0, 0.596522, 0.0, 0.0, 0.0, 1.0],
                [1.0, -0.0, -0.0, 0.394699, -0.0, -0.0, -1.0, 6.166234, 0.0, 1.0, -0.0, 0.596877, 0.0, 0.0, 0.0, 1.0],
                [1.0, -0.0, -0.0, 0.402778, -0.0, -0.0, -1.0, 6.168676, 0.0, 1.0, -0.0, 0.597232, 0.0, 0.0, 0.0, 1.0],
                [1.0, -0.0, -0.0, 0.408349, -0.0, -0.0, -1.0, 6.171119, 0.0, 1.0, -0.0, 0.597586, 0.0, 0.0, 0.0, 1.0],
                [1.0, -0.0, -0.0, 0.410179, -0.0, -0.0, -1.0, 6.173073, 0.0, 1.0, -0.0, 0.597941, 0.0, 0.0, 0.0, 1.0],
                [1.0, -0.0, -0.0, 0.409983, -0.0, -0.0, -1.0, 6.176293, 0.0, 1.0, -0.0, 0.598295, 0.0, 0.0, 0.0, 1.0],
                [1.0, -0.0, -0.0, 0.40684, -0.0, -0.0, -1.0, 6.185269, 0.0, 1.0, -0.0, 0.59865, 0.0, 0.0, 0.0, 1.0],
                [1.0, -0.0, -0.0, 0.395644, -0.0, -0.0, -1.0, 6.195352, 0.0, 1.0, -0.0, 0.599005, 0.0, 0.0, 0.0, 1.0],
                [1.0, -0.0, -0.0, 0.384609, -0.0, -0.0, -1.0, 6.203069, 0.0, 1.0, -0.0, 0.599359, 0.0, 0.0, 0.0, 1.0],
                [1.0, -0.0, -0.0, 0.37522, -0.0, -0.0, -1.0, 6.209552, 0.0, 1.0, -0.0, 0.599714, 0.0, 0.0, 0.0, 1.0],
                [1.0, -0.0, -0.0, 0.368569, -0.0, -0.0, -1.0, 6.213665, 0.0, 1.0, -0.0, 0.600069, 0.0, 0.0, 0.0, 1.0],
                [1.0, -0.0, -0.0, 0.363981, -0.0, -0.0, -1.0, 6.217779, 0.0, 1.0, -0.0, 0.600423, 0.0, 0.0, 0.0, 1.0],
                [1.0, -0.0, -0.0, 0.360837, -0.0, -0.0, -1.0, 6.219049, 0.0, 1.0, -0.0, 0.600778, 0.0, 0.0, 0.0, 1.0],
                [1.0, -0.0, -0.0, 0.357772, -0.0, -0.0, -1.0, 6.219646, 0.0, 1.0, -0.0, 0.601132, 0.0, 0.0, 0.0, 1.0],
                [1.0, -0.0, -0.0, 0.353989, -0.0, -0.0, -1.0, 6.218006, 0.0, 1.0, -0.0, 0.601487, 0.0, 0.0, 0.0, 1.0]
            ]
        },
        {
            "name": "Thigh_R",
            "time": [0.0, 0.0417, 0.0833, 0.125, 0.1667, 0.2083, 0.25, 0.2917, 0.3333, 0.375, 0.4167, 0.4583, 0.5, 0.5417, 0.5833, 0.625, 0.6667, 0.7083, 0.75, 0.7917, 0.8333, 0.875, 0.9167, 0.9583, 1.0, 1.0417, 1.0833, 1.125, 1.1667, 1.2083, 1.25, 1.2917, 1.3333, 1.375, 1.4167, 1.4583, 1.5, 1.5417, 1.5833, 1.625, 1.6667, 1.7083, 1.75, 1.7917, 1.8333, 1.875, 1.9167, 1.9583, 2.0, 2.0417, 2.0833, 2.125, 2.1667, 2.2083, 2.25, 2.2917, 2.3333, 2.375, 2.4167, 2.4583, 2.5, 2.5417, 2.5833, 2.625, 2.6667, 2.7083, 2.75, 2.7917, 2.8333, 2.875, 2.9167, 2.9583, 3.0, 3.0417, 3.0833, 3.125, 3.1667, 3.2083, 3.25, 3.2917, 3.3333, 3.375, 3.4167, 3.4583, 3.5, 3.5417, 3.5833, 3.625, 3.6667, 3.7083, 3.75, 3.7917, 3.8333, 3.875, 3.9167, 3.9583, 4.0, 4.0417, 4.0833, 4.125, 4.1667, 4.2083, 4.25, 4.2917, 4.3333, 4.375, 4.4167, 4.4583, 4.5, 4.5417, 4.5833, 4.625],
            "transform": [
                [0.682347, 0.520325, 0.513485, 0.077449, 0.511394, -0.841685, 0.17333, 0.077432, 0.522381, 0.144322, -0.84041, 0.079224, 0.0, 0.0, 0.0, 1.0],
                [0.784036, 0.395796, 0.478159, 0.086277, 0.431216, -0.901403, 0.039074, 0.069365, 0.44648, 0.175555, -0.877403, 0.041906, 0.0, 0.0, 0.0, 1.0],
                [0.840941, 0.416192, 0.345839, 0.09658, 0.404481, -0.908006, 0.109185, 0.067967, 0.359466, 0.048067, -0.931919, 0.030768, 0.0, 0.0, 0.0, 1.0],
                [0.837096, 0.54213, 0.073277, 0.106882, 0.437755, -0.744138, 0.50461, 0.066569, 0.328092, -0.390329, -0.860231, 0.01963, 0.0, 0.0, 0.0, 1.0],
                [0.897052, 0.392169, -0.203724, 0.117185, 0.338344, -0.312904, 0.887476, 0.065171, 0.284295, -0.865042, -0.413378, 0.008492, 0.0, 0.0, 0.0, 1.0],
                [0.984932, -0.170195, 0.030751, 0.078571, 0.015243, 0.262535, 0.964802, 0.051707, -0.172278, -0.949795, 0.261173, -0.026059, 0.0, 0.0, 0.0, 1.0],
                [0.751628, -0.396909, 0.526803, 0.039956, -0.296336, 0.510336, 0.807306, 0.038242, -0.589274, -0.762903, 0.265963, -0.060611, 0.0, 0.0, 0.0, 1.0],
                [0.391588, -0.582407, 0.712364, 0.001342, -0.489996, 0.523298, 0.697183, 0.024778, -0.778823, -0.622064, -0.08046, -0.095162, 0.0, 0.0, 0.0, 1.0],
                [0.142647, -0.887987, 0.437187, -0.037272, -0.475763, 0.325813, 0.817004, 0.011314, -0.867931, -0.324541, -0.375994, -0.129714, 0.0, 0.0, 0.0, 1.0],
                [-0.122301, -0.987138, 0.102975, -0.028291, -0.379454, 0.142377, 0.914189, -0.01001, -0.917093, 0.072732, -0.391985, -0.10429, 0.0, 0.0, 0.0, 1.0],
                [-0.336085, -0.937389, -0.091382, -0.019311, -0.281263, 0.007294, 0.959602, -0.031334, -0.898855, 0.34821, -0.266104, -0.078866, 0.0, 0.0, 0.0, 1.0],
                [-0.47098, -0.860455, -0.194418, -0.010331, -0.214432, -0.102112, 0.971386, -0.052658, -0.855687, 0.499193, -0.136416, -0.053442, 0.0, 0.0, 0.0, 1.0],
                [-0.647999, -0.744197, -0.162081, -0.001351, -0.089767, -0.136698, 0.986536, -0.073982, -0.756335, 0.653825, 0.021775, -0.028018, 0.0, 0.0, 0.0, 1.0],
                [-0.883939, -0.453387, 0.114437, 0.00763, 0.21734, -0.181667, 0.959041, -0.095306, -0.414027, 0.872605, 0.25912, -0.002595, 0.0, 0.0, 0.0, 1.0],
                [-0.938588, -0.262175, 0.224322, 0.022653, 0.314575, -0.383071, 0.868504, -0.068573, -0.141769, 0.885733, 0.442018, 0.018813, 0.0, 0.0, 0.0, 1.0],
                [-0.982709, 0.0341, 0.181998, 0.037677, 0.136037, -0.533854, 0.834562, -0.041839, 0.12562, 0.844889, 0.519982, 0.040221, 0.0, 0.0, 0.0, 1.0],
                [-0.881089, 0.436263, 0.182646, 0.052701, -0.128946, -0.593136, 0.794709, -0.015106, 0.455036, 0.676657, 0.578858, 0.061628, 0.0, 0.0, 0.0, 1.0],
                [-0.58997, 0.766621, 0.253435, 0.067725, -0.315701, -0.50791, 0.801474, 0.011628, 0.74315, 0.392835, 0.541673, 0.083036, 0.0, 0.0, 0.0, 1.0],
                [-0.262784, 0.907625, 0.327355, 0.082749, -0.310505, -0.400781, 0.861952, 0.038361, 0.913528, 0.124862, 0.38714, 0.104444, 0.0, 0.0, 0.0, 1.0],
                [0.071307, 0.935062, 0.347241, 0.078373, -0.134805, -0.335898, 0.932202, 0.079738, 0.988305, -0.113282, 0.102098, 0.052103, 0.0, 0.0, 0.0, 1.0],
                [0.331014, 0.939459, 0.088591, 0.073998, 0.368168, -0.215022, 0.904554, 0.121114, 0.868841, -0.266803, -0.417053, -0.000238, 0.0, 0.0, 0.0, 1.0],
                [-0.300546, 0.501836, -0.811069, 0.019162, -0.183502, -0.864922, -0.467159, 0.043862, -0.935949, 0.00843, 0.352037, 0.011957, 0.0, 0.0, 0.0, 1.0],
                [-0.301998, 0.741358, -0.599321, -0.035674, -0.785518, -0.549727, -0.284189, -0.033391, -0.54015, 0.384953, 0.748365, 0.024152, 0.0, 0.0, 0.0, 1.0],
                [-0.151635, 0.928795, -0.338155, -0.010995, -0.98376, -0.108566, 0.142942, 0.024317, 0.096052, 0.354338, 0.930171, 0.045743, 0.0, 0.0, 0.0, 1.0],
                [0.038274, 0.981722, -0.186437, 0.013685, -0.74821, 0.151825, 0.645858, 0.082025, 0.66236, 0.114774, 0.740343, 0.067334, 0.0, 0.0, 0.0, 1.0],
                [0.179172, 0.969424, -0.167676, 0.038364, -0.251252, 0.209871, 0.944895, 0.139733, 0.951196, -0.127169, 0.281172, 0.088925, 0.0, 0.0, 0.0, 1.0],
                [0.3138, 0.918856, -0.239238, 0.036701, 0.44254, 0.081387, 0.893048, 0.082263, 0.840054, -0.38611, -0.381091, 0.039077, 0.0, 0.0, 0.0, 1.0],
                [0.352237, 0.858227, -0.373332, 0.035038, 0.91245, -0.226144, 0.341022, 0.024792, 0.208248, -0.460767, -0.862744, -0.010773, 0.0, 0.0, 0.0, 1.0],
                [0.283646, 0.818698, -0.499278, 0.033374, 0.763324, -0.507912, -0.399204, -0.032677, -0.580418, -0.267878, -0.768997, -0.060621, 0.0, 0.0, 0.0, 1.0],
                [0.143141, 0.805618, -0.574884, 0.031711, 0.118493, -0.590637, -0.79819, -0.090148, -0.982585, 0.046134, -0.180004, -0.11047, 0.0, 0.0, 0.0, 1.0],
                [-0.03803, 0.81029, -0.584794, 0.023951, -0.561838, -0.501296, -0.658058, -0.074781, -0.826375, 0.303533, 0.474315, -0.050614, 0.0, 0.0, 0.0, 1.0],
                [-0.205093, 0.828616, -0.520896, 0.016191, -0.940398, -0.314344, -0.129782, -0.059414, -0.27128, 0.463232, 0.843696, 0.009242, 0.0, 0.0, 0.0, 1.0],
                [-0.300803, 0.858847, -0.414609, 0.008432, -0.892818, -0.100771, 0.439003, -0.044048, 0.335256, 0.502223, 0.797105, 0.069098, 0.0, 0.0, 0.0, 1.0],
                [-0.315231, 0.891401, -0.32563, 0.00813, -0.597117, 0.080392, 0.798116, 0.018937, 0.737621, 0.446029, 0.506927, 0.060289, 0.0, 0.0, 0.0, 1.0],
                [-0.284164, 0.914727, -0.287274, 0.007829, -0.209274, 0.233227, 0.949637, 0.081923, 0.935659, 0.329971, 0.125153, 0.051479, 0.0, 0.0, 0.0, 1.0],
                [-0.241303, 0.921965, -0.302907, 0.007527, 0.199588, 0.352607, 0.914239, 0.144907, 0.949706, 0.160152, -0.269098, 0.042669, 0.0, 0.0, 0.0, 1.0],
                [-0.227048, 0.907308, -0.353896, 0.003911, 0.557896, 0.419026, 0.716359, 0.141428, 0.798251, -0.034789, -0.601322, 0.010091, 0.0, 0.0, 0.0, 1.0],
                [-0.256934, 0.866417, -0.428144, 0.000296, 0.853119, 0.411483, 0.320738, 0.13795, 0.454067, -0.282849, -0.844879, -0.022487, 0.0, 0.0, 0.0, 1.0],
                [-0.322396, 0.813479, -0.484058, -0.00332, 0.945735, 0.298744, -0.127832, 0.134471, 0.040621, -0.499002, -0.865648, -0.055065, 0.0, 0.0, 0.0, 1.0],
                [-0.383368, 0.775107, -0.502234, 0.00984, 0.882666, 0.147386, -0.446297, 0.116604, -0.271906, -0.614399, -0.740662, -0.076815, 0.0, 0.0, 0.0, 1.0],
                [-0.433479, 0.748953, -0.501166, 0.023001, 0.727413, -0.037478, -0.685177, 0.098737, -0.531949, -0.661563, -0.528551, -0.098564, 0.0, 0.0, 0.0, 1.0],
                [-0.463706, 0.736525, -0.492451, 0.036161, 0.509592, -0.232966, -0.828277, 0.08087, -0.724773, -0.635025, -0.2673, -0.120314, 0.0, 0.0, 0.0, 1.0],
                [-0.231264, 0.844133, -0.483692, 0.025518, 0.387481, -0.376119, -0.841661, 0.064454, -0.892401, -0.382067, -0.240102, -0.081414, 0.0, 0.0, 0.0, 1.0],
                [-0.005859, 0.839974, -0.542595, 0.018749, 0.829905, -0.298626, -0.471256, 0.070875, -0.557878, -0.453063, -0.695347, -0.120329, 0.0, 0.0, 0.0, 1.0],
                [0.320694, 0.882941, -0.342885, 0.071825, 0.417448, -0.456703, -0.785596, 0.08547, -0.850233, 0.1088, -0.515042, -0.058818, 0.0, 0.0, 0.0, 1.0],
                [0.151562, 0.915821, -0.371887, 0.045746, 0.383771, -0.401239, -0.831701, 0.100065, -0.910908, -0.016665, -0.412278, -0.074825, 0.0, 0.0, 0.0, 1.0],
                [-0.087244, 0.903878, -0.418799, 0.050904, 0.318688, -0.372986, -0.871389, 0.095955, -0.943838, -0.20949, -0.255513, -0.07887, 0.0, 0.0, 0.0, 1.0],
                [-0.212169, 0.737322, -0.641359, 0.056062, 0.308892, -0.572052, -0.75983, 0.091845, -0.927132, -0.359322, -0.106381, -0.082914, 0.0, 0.0, 0.0, 1.0],
                [-0.236714, 0.388129, -0.890686, 0.06122, 0.389096, -0.802145, -0.452954, 0.087735, -0.890267, -0.453783, 0.03886, -0.086959, 0.0, 0.0, 0.0, 1.0],
                [-0.172831, 0.068816, -0.982544, 0.066378, 0.443755, -0.885137, -0.140051, 0.083625, -0.879326, -0.460214, 0.122441, -0.091004, 0.0, 0.0, 0.0, 1.0],
                [-0.073113, -0.181186, -0.980727, 0.071535, 0.442798, -0.887021, 0.130863, 0.079515, -0.893638, -0.424695, 0.145081, -0.095049, 0.0, 0.0, 0.0, 1.0],
                [0.065952, -0.426049, -0.902293, 0.076693, 0.385326, -0.823244, 0.416887, 0.075406, -0.920423, -0.375171, 0.109873, -0.099093, 0.0, 0.0, 0.0, 1.0],
                [0.116461, -0.528294, -0.841037, 0.081851, 0.350543, -0.770439, 0.532488, 0.071296, -0.92928, -0.356833, 0.095463, -0.103138, 0.0, 0.0, 0.0, 1.0],
                [0.115245, -0.608621, -0.785047, 0.087009, 0.333789, -0.720632, 0.60768, 0.067186, -0.935579, -0.332072, 0.120101, -0.107183, 0.0, 0.0, 0.0, 1.0],
                [0.10312, -0.688005, -0.718343, 0.092167, 0.32107, -0.660511, 0.678704, 0.063076, -0.941427, -0.300625, 0.152785, -0.111227, 0.0, 0.0, 0.0, 1.0],
                [0.080899, -0.750552, -0.655841, 0.097325, 0.309458, -0.606568, 0.732333, 0.058966, -0.947468, -0.2622, 0.183193, -0.115272, 0.0, 0.0, 0.0, 1.0],
                [0.062753, -0.774539, -0.629406, 0.09544, 0.295524, -0.587947, 0.752984, 0.061238, -0.953274, -0.233256, 0.191998, -0.117996, 0.0, 0.0, 0.0, 1.0],
                [0.043343, -0.785755, -0.617018, 0.093555, 0.269361, -0.585538, 0.764585, 0.06351, -0.962066, -0.19934, 0.186272, -0.120721, 0.0, 0.0, 0.0, 1.0],
                [0.029573, -0.787815, -0.615202, 0.091669, 0.236257, -0.592524, 0.770129, 0.065782, -0.971243, -0.16812, 0.168603, -0.123446, 0.0, 0.0, 0.0, 1.0],
                [0.029719, -0.78171, -0.622934, 0.089784, 0.18914, -0.607553, 0.771431, 0.068055, -0.981502, -0.140748, 0.129796, -0.12617, 0.0, 0.0, 0.0, 1.0],
                [0.058759, -0.769274, -0.636212, 0.087899, 0.129611, -0.626041, 0.768943, 0.070327, -0.989825, -0.127643, 0.06292, -0.128895, 0.0, 0.0, 0.0, 1.0],
                [0.088741, -0.757856, -0.646359, 0.086013, 0.081229, -0.641252, 0.763018, 0.072599, -0.992739, -0.120214, 0.004654, -0.13162, 0.0, 0.0, 0.0, 1.0],
                [0.14063, -0.743475, -0.653811, 0.084128, 0.000255, -0.660347, 0.75096, 0.074871, -0.990064, -0.105774, -0.092675, -0.134344, 0.0, 0.0, 0.0, 1.0],
                [0.222512, -0.723869, -0.653072, 0.082243, -0.086697, -0.681904, 0.726285, 0.077143, -0.97107, -0.104987, -0.214489, -0.137068, 0.0, 0.0, 0.0, 1.0],
                [0.326741, -0.689496, -0.646403, 0.080357, -0.154306, -0.713683, 0.683262, 0.079416, -0.932434, -0.123506, -0.339582, -0.139793, 0.0, 0.0, 0.0, 1.0],
                [0.435526, -0.639337, -0.633692, 0.090446, -0.199539, -0.755019, 0.624604, 0.085721, -0.877784, -0.145585, -0.456402, -0.126275, 0.0, 0.0, 0.0, 1.0],
                [0.538888, -0.57673, -0.613991, 0.100536, -0.222249, -0.800393, 0.556755, 0.092027, -0.812533, -0.163569, -0.559498, -0.112758, 0.0, 0.0, 0.0, 1.0],
                [0.643794, -0.499214, -0.579928, 0.110625, -0.228245, -0.848658, 0.477162, 0.098332, -0.730368, -0.174827, -0.660303, -0.09924, 0.0, 0.0, 0.0, 1.0],
                [0.716842, -0.435855, -0.544215, 0.120715, -0.21911, -0.881809, 0.417617, 0.104638, -0.661916, -0.180122, -0.727616, -0.085723, 0.0, 0.0, 0.0, 1.0],
                [0.761268, -0.383994, -0.522516, 0.118812, -0.198478, -0.905115, 0.375996, 0.110091, -0.617318, -0.182525, -0.765248, -0.08056, 0.0, 0.0, 0.0, 1.0],
                [0.801961, -0.332664, -0.496181, 0.116909, -0.174342, -0.924773, 0.33823, 0.115545, -0.571372, -0.184741, -0.799628, -0.075398, 0.0, 0.0, 0.0, 1.0],
                [0.830119, -0.291446, -0.475358, 0.115007, -0.152111, -0.938554, 0.309804, 0.120999, -0.536441, -0.184867, -0.823442, -0.070235, 0.0, 0.0, 0.0, 1.0],
                [0.868617, -0.235743, -0.435812, 0.113104, -0.122533, -0.954445, 0.272066, 0.126453, -0.480097, -0.18292, -0.857932, -0.065073, 0.0, 0.0, 0.0, 1.0],
                [0.899158, -0.189843, -0.394307, 0.111201, -0.097622, -0.965315, 0.24215, 0.131907, -0.426601, -0.179237, -0.886502, -0.05991, 0.0, 0.0, 0.0, 1.0],
                [0.923692, -0.146526, -0.354014, 0.109298, -0.072233, -0.974012, 0.214674, 0.137361, -0.37627, -0.17272, -0.910269, -0.054747, 0.0, 0.0, 0.0, 1.0],
                [0.949268, -0.096495, -0.299304, 0.107396, -0.042443, -0.982364, 0.182099, 0.142814, -0.311598, -0.160156, -0.93662, -0.049584, 0.0, 0.0, 0.0, 1.0],
                [0.968918, -0.052123, -0.241835, 0.105493, -0.01543, -0.988382, 0.151206, 0.148268, -0.246907, -0.142774, -0.958464, -0.044422, 0.0, 0.0, 0.0, 1.0],
                [0.98031, -0.025041, -0.195877, 0.099783, -0.000146, -0.99202, 0.126087, 0.136242, -0.197472, -0.123575, -0.972489, -0.042681, 0.0, 0.0, 0.0, 1.0],
                [0.987867, -0.003369, -0.155275, 0.094072, 0.013036, -0.994438, 0.104513, 0.124215, -0.154764, -0.105269, -0.982327, -0.040939, 0.0, 0.0, 0.0, 1.0],
                [0.993365, 0.018276, -0.113562, 0.088362, 0.027827, -0.996153, 0.083094, 0.112189, -0.111606, -0.085702, -0.99005, -0.039198, 0.0, 0.0, 0.0, 1.0],
                [0.997333, 0.048428, -0.054643, 0.082651, 0.051252, -0.997357, 0.051509, 0.100163, -0.052004, -0.054171, -0.997176, -0.037457, 0.0, 0.0, 0.0, 1.0],
                [0.997745, 0.06672, 0.007547, 0.08659, 0.066505, -0.99745, 0.025912, 0.097984, 0.009257, -0.025351, -0.999636, -0.034714, 0.0, 0.0, 0.0, 1.0],
                [0.990376, 0.08799, 0.106845, 0.090528, 0.086582, -0.996087, 0.01776, 0.095805, 0.10799, -0.008338, -0.994117, -0.031972, 0.0, 0.0, 0.0, 1.0],
                [0.975032, 0.107093, 0.194545, 0.094467, 0.108714, -0.99407, 0.00236, 0.093626, 0.193644, 0.018849, -0.980891, -0.02923, 0.0, 0.0, 0.0, 1.0],
                [0.951008, 0.123954, 0.283235, 0.098406, 0.131744, -0.991247, -0.008544, 0.091447, 0.279697, 0.04544, -0.959012, -0.026488, 0.0, 0.0, 0.0, 1.0],
                [0.917872, 0.139317, 0.371625, 0.102344, 0.15673, -0.987497, -0.016903, 0.089268, 0.364624, 0.07376, -0.928229, -0.023746, 0.0, 0.0, 0.0, 1.0],
                [0.891944, 0.146965, 0.427598, 0.106283, 0.17231, -0.98482, -0.020945, 0.087089, 0.418029, 0.092361, -0.903726, -0.021004, 0.0, 0.0, 0.0, 1.0],
                [0.859569, 0.157413, 0.486174, 0.110221, 0.192195, -0.981107, -0.022141, 0.08491, 0.473505, 0.112472, -0.873581, -0.018262, 0.0, 0.0, 0.0, 1.0],
                [0.822532, 0.169547, 0.542861, 0.11416, 0.212912, -0.976915, -0.017486, 0.082731, 0.527365, 0.129964, -0.839641, -0.015519, 0.0, 0.0, 0.0, 1.0],
                [0.81572, 0.178565, 0.550198, 0.118098, 0.22133, -0.975129, -0.011664, 0.080552, 0.534433, 0.13129, -0.834953, -0.012777, 0.0, 0.0, 0.0, 1.0],
                [0.823052, 0.188348, 0.53583, 0.122037, 0.226955, -0.973885, -0.006281, 0.078373, 0.520655, 0.126779, -0.844302, -0.010035, 0.0, 0.0, 0.0, 1.0],
                [0.848495, 0.204154, 0.488242, 0.125975, 0.232093, -0.972688, 0.003378, 0.076194, 0.475597, 0.110452, -0.872702, -0.007293, 0.0, 0.0, 0.0, 1.0],
                [0.857641, 0.220214, 0.464716, 0.119471, 0.23521, -0.971588, 0.026323, 0.074539, 0.457309, 0.086731, -0.885069, 0.00263, 0.0, 0.0, 0.0, 1.0],
                [0.848343, 0.233567, 0.475147, 0.112967, 0.236645, -0.970075, 0.054346, 0.072884, 0.473622, 0.066338, -0.878227, 0.012553, 0.0, 0.0, 0.0, 1.0],
                [0.833718, 0.241109, 0.496772, 0.106462, 0.232006, -0.969328, 0.081097, 0.071229, 0.501089, 0.047643, -0.864084, 0.022476, 0.0, 0.0, 0.0, 1.0],
                [0.803286, 0.242358, 0.544056, 0.099958, 0.220573, -0.969567, 0.106238, 0.069574, 0.553247, 0.034665, -0.832296, 0.032399, 0.0, 0.0, 0.0, 1.0],
                [0.761191, 0.239707, 0.602603, 0.093454, 0.207999, -0.970333, 0.123248, 0.067919, 0.61427, 0.031526, -0.788467, 0.042322, 0.0, 0.0, 0.0, 1.0],
                [0.720968, 0.241492, 0.64953, 0.08695, 0.204199, -0.969731, 0.133884, 0.066264, 0.662202, 0.036107, -0.748456, 0.052244, 0.0, 0.0, 0.0, 1.0],
                [0.66764, 0.240563, 0.704548, 0.080446, 0.201554, -0.969419, 0.140007, 0.064609, 0.716684, 0.04853, -0.695709, 0.062167, 0.0, 0.0, 0.0, 1.0],
                [0.587128, 0.226792, 0.777076, 0.073941, 0.198874, -0.970943, 0.133113, 0.062954, 0.784687, 0.076386, -0.615169, 0.07209, 0.0, 0.0, 0.0, 1.0],
                [0.512744, 0.21358, 0.831551, 0.067437, 0.201684, -0.971423, 0.125146, 0.061299, 0.834518, 0.103543, -0.541166, 0.082013, 0.0, 0.0, 0.0, 1.0],
                [0.475349, 0.204957, 0.855592, 0.060933, 0.208087, -0.971085, 0.117016, 0.059644, 0.854838, 0.122414, -0.504252, 0.091936, 0.0, 0.0, 0.0, 1.0],
                [0.452357, 0.194371, 0.870399, 0.060933, 0.214386, -0.971042, 0.105428, 0.059644, 0.865688, 0.138911, -0.480928, 0.091936, 0.0, 0.0, 0.0, 1.0],
                [0.443054, 0.185278, 0.877141, 0.060933, 0.217611, -0.971375, 0.095266, 0.059644, 0.869685, 0.148668, -0.470689, 0.091936, 0.0, 0.0, 0.0, 1.0],
                [0.458332, 0.187583, 0.868761, 0.060933, 0.229833, -0.969241, 0.088027, 0.059644, 0.858553, 0.159324, -0.487346, 0.091936, 0.0, 0.0, 0.0, 1.0],
                [0.486852, 0.195611, 0.851301, 0.060933, 0.241678, -0.966721, 0.08392, 0.059644, 0.839387, 0.164884, -0.517924, 0.091936, 0.0, 0.0, 0.0, 1.0],
                [0.527026, 0.204731, 0.824821, 0.060933, 0.246399, -0.965672, 0.082254, 0.059644, 0.813348, 0.159885, -0.559378, 0.091936, 0.0, 0.0, 0.0, 1.0],
                [0.57161, 0.213146, 0.792359, 0.060933, 0.247878, -0.965409, 0.080878, 0.059644, 0.782191, 0.150178, -0.604671, 0.091936, 0.0, 0.0, 0.0, 1.0],
                [0.591932, 0.21804, 0.775936, 0.060933, 0.249763, -0.964945, 0.080619, 0.059644, 0.766315, 0.146079, -0.625639, 0.091936, 0.0, 0.0, 0.0, 1.0],
                [0.596057, 0.220875, 0.771966, 0.060933, 0.252229, -0.96426, 0.081143, 0.059644, 0.7623, 0.146346, -0.630463, 0.091936, 0.0, 0.0, 0.0, 1.0],
                [0.594357, 0.223418, 0.772545, 0.060933, 0.255063, -0.963408, 0.082384, 0.059644, 0.762684, 0.148083, -0.629593, 0.091936, 0.0, 0.0, 0.0, 1.0],
                [0.592586, 0.2281, 0.772538, 0.060933, 0.261063, -0.961687, 0.083697, 0.059644, 0.762032, 0.152083, -0.629429, 0.091936, 0.0, 0.0, 0.0, 1.0]
            ]
        },
        {
            "name": "Leg_R",
            "time": [0.0, 0.0417, 0.0833, 0.125, 0.1667, 0.2083, 0.25, 0.2917, 0.3333, 0.375, 0.4167, 0.4583, 0.5, 0.5417, 0.5833, 0.625, 0.6667, 0.7083, 0.75, 0.7917, 0.8333, 0.875, 0.9167, 0.9583, 1.0, 1.0417, 1.0833, 1.125, 1.1667, 1.2083, 1.25, 1.2917, 1.3333, 1.375, 1.4167, 1.4583, 1.5, 1.5417, 1.5833, 1.625, 1.6667, 1.7083, 1.75, 1.7917, 1.8333, 1.875, 1.9167, 1.9583, 2.0, 2.0417, 2.0833, 2.125, 2.1667, 2.2083, 2.25, 2.2917, 2.3333, 2.375, 2.4167, 2.4583, 2.5, 2.5417, 2.5833, 2.625, 2.6667, 2.7083, 2.75, 2.7917, 2.8333, 2.875, 2.9167, 2.9583, 3.0, 3.0417, 3.0833, 3.125, 3.1667, 3.2083, 3.25, 3.2917, 3.3333, 3.375, 3.4167, 3.4583, 3.5, 3.5417, 3.5833, 3.625, 3.6667, 3.7083, 3.75, 3.7917, 3.8333, 3.875, 3.9167, 3.9583, 4.0, 4.0417, 4.0833, 4.125, 4.1667, 4.2083, 4.25, 4.2917, 4.3333, 4.375, 4.4167, 4.4583, 4.5, 4.5417, 4.5833, 4.625],
            "transform": [
                [0.999999, 0.0, 0.0, 0.0, -0.0, 0.64677, 0.762685, 0.37472, 0.0, -0.762687, 0.646769, 0.0, 0.0, 0.0, 0.0, 1.0],
                [0.999999, 0.0, 0.0, 0.0, -0.0, 0.638386, 0.769716, 0.37472, 0.0, -0.769718, 0.638384, -0.0, 0.0, 0.0, 0.0, 1.0],
                [1.0, 0.0, 0.0, -0.0, -0.0, 0.459811, 0.888016, 0.37472, 0.0, -0.888018, 0.45981, 0.0, 0.0, 0.0, 0.0, 1.0],
                [1.0, 0.0, 0.0, -0.0, -0.0, -0.075306, 0.997158, 0.37472, 0.0, -0.997162, -0.075306, -0.0, 0.0, 0.0, 0.0, 1.0],
                [1.0, 0.0, 0.0, -0.0, -0.0, -0.54655, 0.837426, 0.37472, 0.0, -0.837427, -0.546549, 0.0, 0.0, 0.0, 0.0, 1.0],
                [1.0, 0.0, 0.0, 0.0, -0.0, -0.35219, 0.935928, 0.37472, 0.0, -0.935929, -0.352189, 0.0, 0.0, 0.0, 0.0, 1.0],
                [1.0, 0.0, 0.0, -0.0, 0.0, -0.600721, 0.799459, 0.37472, 0.0, -0.799459, -0.60072, -0.0, 0.0, 0.0, 0.0, 1.0],
                [0.999999, 0.0, 0.0, -0.0, 0.0, -0.534568, 0.845125, 0.37472, 0.0, -0.845126, -0.534568, 0.0, 0.0, 0.0, 0.0, 1.0],
                [1.0, 0.0, 0.0, -0.0, -0.0, -0.378622, 0.925551, 0.37472, 0.0, -0.925552, -0.378622, 0.0, 0.0, 0.0, 0.0, 1.0],
                [1.0, 0.0, 0.0, -0.0, -0.0, -0.202864, 0.979205, 0.37472, 0.0, -0.979208, -0.202863, -0.0, 0.0, 0.0, 0.0, 1.0],
                [1.0, 0.0, 0.0, -0.0, -0.0, 0.005221, 0.999985, 0.37472, 0.0, -0.999987, 0.005221, -0.0, 0.0, 0.0, 0.0, 1.0],
                [1.0, 0.0, 0.0, -0.0, -0.0, 0.233332, 0.972395, 0.374721, 0.0, -0.972398, 0.233332, -0.0, 0.0, 0.0, 0.0, 1.0],
                [1.0, 0.0, 0.0, -0.0, -0.0, 0.354096, 0.935208, 0.37472, 0.0, -0.93521, 0.354095, -0.0, 0.0, 0.0, 0.0, 1.0],
                [0.999999, 0.0, 0.0, 0.0, -0.0, 0.376192, 0.926541, 0.37472, 0.0, -0.926543, 0.376191, 0.0, 0.0, 0.0, 0.0, 1.0],
                [1.0, 0.0, 0.0, 0.0, -0.0, 0.523771, 0.851859, 0.37472, 0.0, -0.851861, 0.523769, 0.0, 0.0, 0.0, 0.0, 1.0],
                [0.999999, 0.0, 0.0, 0.0, -0.0, 0.598022, 0.80148, 0.37472, -0.0, -0.801481, 0.59802, -0.0, 0.0, 0.0, 0.0, 1.0],
                [0.999999, 0.0, 0.0, -0.0, -0.0, 0.692215, 0.721691, 0.37472, 0.0, -0.721692, 0.692214, 0.0, 0.0, 0.0, 0.0, 1.0],
                [0.999999, 0.0, 0.0, -0.0, -0.0, 0.769392, 0.638778, 0.37472, 0.0, -0.638779, 0.76939, 0.0, 0.0, 0.0, 0.0, 1.0],
                [0.999999, 0.0, 0.0, -0.0, -0.0, 0.80939, 0.587272, 0.37472, 0.0, -0.587273, 0.809389, 0.0, 0.0, 0.0, 0.0, 1.0],
                [1.0, 0.0, 0.0, 0.0, -0.0, 0.825925, 0.563781, 0.37472, 0.0, -0.563782, 0.825923, 0.0, 0.0, 0.0, 0.0, 1.0],
                [0.999999, 0.0, 0.0, 0.0, -0.0, 0.750959, 0.660349, 0.37472, 0.0, -0.660351, 0.750957, 1e-06, 0.0, 0.0, 0.0, 1.0],
                [1.0, 0.0, 1e-06, 0.0, -1e-06, 0.411426, 0.911443, 0.37472, 0.0, -0.911444, 0.411425, 0.0, 0.0, 0.0, 0.0, 1.0],
                [1.0, 0.0, 1e-06, 1e-06, -1e-06, 0.417437, 0.908705, 0.37472, -0.0, -0.908707, 0.417436, 0.0, 0.0, 0.0, 0.0, 1.0],
                [1.0, 0.0, 1e-06, 0.0, -1e-06, 0.435652, 0.900114, 0.37472, 0.0, -0.900116, 0.435651, 0.0, 0.0, 0.0, 0.0, 1.0],
                [1.0, 0.0, 1e-06, -0.0, -1e-06, 0.456265, 0.889843, 0.37472, 0.0, -0.889845, 0.456264, 0.0, 0.0, 0.0, 0.0, 1.0],
                [1.0, 0.0, 1e-06, -0.0, -1e-06, 0.452692, 0.891667, 0.37472, 0.0, -0.891668, 0.452691, -0.0, 0.0, 0.0, 0.0, 1.0],
                [1.0, 0.0, 1e-06, -0.0, -1e-06, 0.426452, 0.904509, 0.374721, -0.0, -0.90451, 0.426451, 0.0, 0.0, 0.0, 0.0, 1.0],
                [1.0, 0.0, 1e-06, 0.0, -1e-06, 0.395683, 0.918386, 0.37472, 0.0, -0.918388, 0.395682, -0.0, 0.0, 0.0, 0.0, 1.0],
                [1.0, 0.0, 1e-06, 1e-06, -1e-06, 0.362732, 0.931892, 0.37472, 0.0, -0.931893, 0.362732, -0.0, 0.0, 0.0, 0.0, 1.0],
                [1.0, 0.0, 1e-06, 0.0, -1e-06, 0.327847, 0.94473, 0.37472, 0.0, -0.944731, 0.327846, 0.0, 0.0, 0.0, 0.0, 1.0],
                [1.0, 0.0, 1e-06, -0.0, -1e-06, 0.291087, 0.956696, 0.37472, 0.0, -0.956697, 0.291086, -1e-06, 0.0, 0.0, 0.0, 1.0],
                [1.0, 0.0, 1e-06, -0.0, -1e-06, 0.252789, 0.967521, 0.37472, 0.0, -0.967521, 0.252789, 0.0, 0.0, 0.0, 0.0, 1.0],
                [1.0, 0.0, 1e-06, 1e-06, -1e-06, 0.213063, 0.977038, 0.37472, 0.0, -0.977038, 0.213063, 0.0, 0.0, 0.0, 0.0, 1.0],
                [1.0, 0.0, 1e-06, 0.0, -1e-06, 0.172269, 0.985049, 0.37472, 0.0, -0.98505, 0.172269, -0.0, 0.0, 0.0, 0.0, 1.0],
                [1.0, 0.0, 1e-06, -0.0, -1e-06, 0.130605, 0.991434, 0.37472, 0.0, -0.991434, 0.130605, 0.0, 0.0, 0.0, 0.0, 1.0],
                [1.0, 0.0, 1e-06, -0.0, -1e-06, 0.088289, 0.996094, 0.37472, 0.0, -0.996095, 0.088289, 0.0, 0.0, 0.0, 0.0, 1.0],
                [1.0, 0.0, 1e-06, -0.0, -1e-06, 0.045727, 0.998953, 0.37472, 0.0, -0.998954, 0.045727, 0.0, 0.0, 0.0, 0.0, 1.0],
                [1.0, 0.0, 1e-06, 0.0, -1e-06, -0.007447, 0.999972, 0.37472, 0.0, -0.999973, -0.007447, 0.0, 0.0, 0.0, 0.0, 1.0],
                [1.0, 0.0, 1e-06, 0.0, -1e-06, -0.060098, 0.998192, 0.37472, 0.0, -0.998192, -0.060098, -0.0, 0.0, 0.0, 0.0, 1.0],
                [1.0, 0.0, 1e-06, 1e-06, -1e-06, -0.10151, 0.994834, 0.37472, 0.0, -0.994834, -0.10151, 0.0, 0.0, 0.0, 0.0, 1.0],
                [1.0, 0.0, 1e-06, 0.0, -1e-06, -0.141916, 0.989878, 0.37472, 0.0, -0.989879, -0.141916, -0.0, 0.0, 0.0, 0.0, 1.0],
                [1.0, 0.0, 1e-06, 0.0, -1e-06, -0.181125, 0.98346, 0.37472, 0.0, -0.98346, -0.181125, -0.0, 0.0, 0.0, 0.0, 1.0],
                [1.0, 0.0, 1e-06, -0.0, -1e-06, -0.218803, 0.975768, 0.37472, 0.0, -0.975769, -0.218803, -0.0, 0.0, 0.0, 0.0, 1.0],
                [1.0, 0.0, 0.0, 1e-06, -0.0, 0.115403, 0.993317, 0.37472, 0.0, -0.99332, 0.115403, -0.0, 0.0, 0.0, 0.0, 1.0],
                [1.0, 0.0, 0.0, 0.0, -0.0, -0.27202, 0.96229, 0.37472, 0.0, -0.962292, -0.27202, 0.0, 0.0, 0.0, 0.0, 1.0],
                [1.0, 0.0, 0.0, 1e-06, -0.0, -0.305087, 0.952324, 0.37472, 0.0, -0.952325, -0.305087, 0.0, 0.0, 0.0, 0.0, 1.0],
                [1.0, 0.0, 0.0, -0.0, -0.0, -0.336536, 0.94167, 0.37472, 0.0, -0.941671, -0.336536, 0.0, 0.0, 0.0, 0.0, 1.0],
                [1.0, 0.0, 0.0, -0.0, -0.0, -0.37315, 0.92777, 0.37472, 0.0, -0.927771, -0.37315, 0.0, 0.0, 0.0, 0.0, 1.0],
                [1.0, 0.0, 0.0, 0.0, -0.0, -0.380028, 0.924974, 0.37472, 0.0, -0.924976, -0.380027, 0.0, 0.0, 0.0, 0.0, 1.0],
                [1.0, 0.0, 0.0, 0.0, -0.0, -0.333461, 0.942763, 0.37472, 0.0, -0.942764, -0.33346, 0.0, 0.0, 0.0, 0.0, 1.0],
                [1.0, 0.0, 0.0, 0.0, -0.0, -0.17836, 0.983963, 0.37472, 0.0, -0.983966, -0.178359, 0.0, 0.0, 0.0, 0.0, 1.0],
                [1.0, 0.0, 0.0, 0.0, -0.0, 0.178047, 0.98402, 0.37472, 0.0, -0.984023, 0.178047, 0.0, 0.0, 0.0, 0.0, 1.0],
                [1.0, 0.0, 0.0, 0.0, -0.0, 0.282462, 0.959277, 0.37472, 0.0, -0.959279, 0.282461, -0.0, 0.0, 0.0, 0.0, 1.0],
                [1.0, 0.0, 0.0, -0.0, -0.0, 0.079071, 0.996867, 0.37472, 0.0, -0.99687, 0.079071, 0.0, 0.0, 0.0, 0.0, 1.0],
                [1.0, 0.0, 0.0, -0.0, -0.0, -0.138129, 0.990412, 0.37472, 0.0, -0.990415, -0.138129, -0.0, 0.0, 0.0, 0.0, 1.0],
                [1.000001, 0.0, 0.0, 1e-06, -0.0, -0.341953, 0.939716, 0.37472, 0.0, -0.939718, -0.341952, 0.0, 0.0, 0.0, 0.0, 1.0],
                [1.0, 0.0, 0.0, -0.0, 0.0, -0.44016, 0.897918, 0.37472, 0.0, -0.89792, -0.440159, 0.0, 0.0, 0.0, 0.0, 1.0],
                [1.0, 0.0, 0.0, 0.0, -0.0, -0.511965, 0.859005, 0.37472, 0.0, -0.859007, -0.511964, 0.0, 0.0, 0.0, 0.0, 1.0],
                [1.0, 0.0, 0.0, 0.0, 0.0, -0.559564, 0.828787, 0.37472, 0.0, -0.828788, -0.559563, -0.0, 0.0, 0.0, 0.0, 1.0],
                [1.0, 0.0, 0.0, 0.0, 0.0, -0.59345, 0.80487, 0.37472, 0.0, -0.804872, -0.593449, 0.0, 0.0, 0.0, 0.0, 1.0],
                [1.0, 0.0, 0.0, 1e-06, 0.0, -0.604678, 0.796469, 0.37472, 0.0, -0.79647, -0.604677, 0.0, 0.0, 0.0, 0.0, 1.0],
                [1.000001, 0.0, 0.0, 0.0, 0.0, -0.59933, 0.800501, 0.37472, 0.0, -0.800502, -0.599329, -0.0, 0.0, 0.0, 0.0, 1.0],
                [1.0, 0.0, 0.0, -1e-06, 0.0, -0.5782, 0.815894, 0.37472, 0.0, -0.815895, -0.578199, -0.0, 0.0, 0.0, 0.0, 1.0],
                [1.0, 0.0, 0.0, -0.0, 0.0, -0.533591, 0.845742, 0.37472, 0.0, -0.845743, -0.53359, 0.0, 0.0, 0.0, 0.0, 1.0],
