{
    "animation": [
        {
            "name": "Root",
            "time": [0.0, 0.0417, 0.0833, 0.125, 0.1667, 0.2083, 0.25, 0.2917, 0.3333, 0.375, 0.4167, 0.4583, 0.5, 0.5417, 0.5833, 0.625, 0.6667, 0.7083, 0.75, 0.7917, 0.8333, 0.875, 0.9167, 0.9583, 1.0, 1.0417, 1.0833, 1.125, 1.1667, 1.2083, 1.25, 1.2917, 1.3333, 1.375, 1.4167, 1.4583, 1.5, 1.5417, 1.5833, 1.625, 1.6667, 1.7083, 1.75, 1.7917, 1.8333, 1.875, 1.9167, 1.9583, 2.0, 2.0417, 2.0833, 2.125, 2.1667, 2.2083, 2.25, 2.2917, 2.3333, 2.375, 2.4167, 2.4583, 2.5, 2.5417, 2.5833, 2.625, 2.6667, 2.7083, 2.75, 2.7917, 2.8333, 2.875, 2.9167, 3.0833, 3.1667, 3.2917, 3.4167, 3.5833, 3.7083, 4.0833, 4.2917, 4.4167, 4.4583, 4.5, 4.5417, 4.5833, 4.625, 4.6667, 4.7083, 4.75, 4.7917, 4.8333, 4.875, 4.9167, 4.9583, 5.0, 5.375, 10.4583],
            "transform": [
                [1.0, -0.0, -0.0, -0.510208, -0.0, -0.0, -1.0, 0.5751, 0.0, 1.0, -0.0, 0.483754, 0.0, 0.0, 0.0, 1.0],
                [1.0, -0.0, -0.0, -0.51997, -0.0, -0.0, -1.0, 0.656627, 0.0, 1.0, -0.0, 0.60157, 0.0, 0.0, 0.0, 1.0],
                [1.0, -0.0, -0.0, -0.53327, -0.0, -0.0, -1.0, 0.754153, 0.0, 1.0, -0.0, 0.648697, 0.0, 0.0, 0.0, 1.0],
                [1.0, -0.0, -0.0, -0.552071, -0.0, -0.0, -1.0, 0.829882, 0.0, 1.0, -0.0, 0.648697, 0.0, 0.0, 0.0, 1.0],
                [1.0, -0.0, -0.0, -0.522572, -0.0, -0.0, -1.0, 0.944908, 0.0, 1.0, -0.0, 0.648697, 0.0, 0.0, 0.0, 1.0],
                [1.0, -0.0, -0.0, -0.377482, -0.0, -0.0, -1.0, 1.15233, 0.0, 1.0, -0.0, 0.648697, 0.0, 0.0, 0.0, 1.0],
                [1.0, -0.0, -0.0, -0.140131, -0.0, -0.0, -1.0, 1.432158, 0.0, 1.0, -0.0, 0.648697, 0.0, 0.0, 0.0, 1.0],
                [1.0, -0.0, -0.0, -0.559519, -0.0, -0.0, -1.0, 1.695633, 0.0, 1.0, -0.0, 1.044462, 0.0, 0.0, 0.0, 1.0],
                [1.0, -0.0, -0.0, -0.570675, -0.0, -0.0, -1.0, 1.893354, 0.0, 1.0, -0.0, 1.212363, 0.0, 0.0, 0.0, 1.0],
                [1.0, -0.0, -0.0, -0.594912, -0.0, -0.0, -1.0, 2.063245, 0.0, 1.0, -0.0, 1.291966, 0.0, 0.0, 0.0, 1.0],
                [1.0, -0.0, -0.0, -0.650497, -0.0, -0.0, -1.0, 2.210656, 0.0, 1.0, -0.0, 1.378235, 0.0, 0.0, 0.0, 1.0],
                [1.0, -0.0, -0.0, -0.69814, -0.0, -0.0, -1.0, 2.334972, 0.0, 1.0, -0.0, 1.460148, 0.0, 0.0, 0.0, 1.0],
                [1.0, -0.0, -0.0, -0.719253, -0.0, -0.0, -1.0, 2.431542, 0.0, 1.0, -0.0, 1.518776, 0.0, 0.0, 0.0, 1.0],
                [1.0, -0.0, -0.0, -0.736361, -0.0, -0.0, -1.0, 2.511164, 0.0, 1.0, -0.0, 1.553541, 0.0, 0.0, 0.0, 1.0],
                [1.0, -0.0, -0.0, -0.744713, -0.0, -0.0, -1.0, 2.570289, 0.0, 1.0, -0.0, 1.638725, 0.0, 0.0, 0.0, 1.0],
                [1.0, -0.0, -0.0, -0.741107, -0.0, -0.0, -1.0, 2.616184, 0.0, 1.0, -0.0, 1.834203, 0.0, 0.0, 0.0, 1.0],
                [1.0, -0.0, -0.0, -0.722403, -0.0, -0.0, -1.0, 2.650788, 0.0, 1.0, -0.0, 2.242382, 0.0, 0.0, 0.0, 1.0],
                [1.0, -0.0, -0.0, -0.692964, -0.0, -0.0, -1.0, 2.682106, 0.0, 1.0, -0.0, 2.722246, 0.0, 0.0, 0.0, 1.0],
                [1.0, -0.0, -0.0, -0.661357, -0.0, -0.0, -1.0, 2.731273, 0.0, 1.0, -0.0, 3.059711, 0.0, 0.0, 0.0, 1.0],
                [1.0, -0.0, -0.0, -0.628189, -0.0, -0.0, -1.0, 2.797237, 0.0, 1.0, -0.0, 3.291236, 0.0, 0.0, 0.0, 1.0],
                [1.0, -0.0, -0.0, -0.592799, -0.0, -0.0, -1.0, 2.870356, 0.0, 1.0, -0.0, 3.493994, 0.0, 0.0, 0.0, 1.0],
                [1.0, -0.0, -0.0, -0.556886, -0.0, -0.0, -1.0, 2.945717, 0.0, 1.0, -0.0, 3.671277, 0.0, 0.0, 0.0, 1.0],
                [1.0, -0.0, -0.0, -0.522149, -0.0, -0.0, -1.0, 3.018406, 0.0, 1.0, -0.0, 3.82638, 0.0, 0.0, 0.0, 1.0],
                [1.0, -0.0, -0.0, -0.490287, -0.0, -0.0, -1.0, 3.083511, 0.0, 1.0, -0.0, 3.962598, 0.0, 0.0, 0.0, 1.0],
                [1.0, -0.0, -0.0, -0.462506, -0.0, -0.0, -1.0, 3.137057, 0.0, 1.0, -0.0, 4.083893, 0.0, 0.0, 0.0, 1.0],
                [1.0, -0.0, -0.0, -0.435379, -0.0, -0.0, -1.0, 3.184618, 0.0, 1.0, -0.0, 4.199108, 0.0, 0.0, 0.0, 1.0],
                [1.0, -0.0, -0.0, -0.407401, -0.0, -0.0, -1.0, 3.230091, 0.0, 1.0, -0.0, 4.310657, 0.0, 0.0, 0.0, 1.0],
                [1.0, -0.0, -0.0, -0.372552, -0.0, -0.0, -1.0, 3.283729, 0.0, 1.0, -0.0, 4.442047, 0.0, 0.0, 0.0, 1.0],
                [1.0, -0.0, -0.0, -0.339191, -0.0, -0.0, -1.0, 3.334006, 0.0, 1.0, -0.0, 4.562689, 0.0, 0.0, 0.0, 1.0],
                [1.0, -0.0, -0.0, -0.314785, -0.0, -0.0, -1.0, 3.371414, 0.0, 1.0, -0.0, 4.648444, 0.0, 0.0, 0.0, 1.0],
                [1.0, -0.0, -0.0, -0.293272, -0.0, -0.0, -1.0, 3.406301, 0.0, 1.0, -0.0, 4.723125, 0.0, 0.0, 0.0, 1.0],
                [1.0, -0.0, -0.0, -0.275484, -0.0, -0.0, -1.0, 3.438574, 0.0, 1.0, -0.0, 4.785089, 0.0, 0.0, 0.0, 1.0],
                [1.0, -0.0, -0.0, -0.262253, -0.0, -0.0, -1.0, 3.468135, 0.0, 1.0, -0.0, 4.832686, 0.0, 0.0, 0.0, 1.0],
                [1.0, -0.0, -0.0, -0.25441, -0.0, -0.0, -1.0, 3.494888, 0.0, 1.0, -0.0, 4.864272, 0.0, 0.0, 0.0, 1.0],
                [1.0, -0.0, -0.0, -0.251146, -0.0, -0.0, -1.0, 3.519053, 0.0, 1.0, -0.0, 4.885112, 0.0, 0.0, 0.0, 1.0],
                [1.0, -0.0, -0.0, -0.249471, -0.0, -0.0, -1.0, 3.541284, 0.0, 1.0, -0.0, 4.907933, 0.0, 0.0, 0.0, 1.0],
                [1.0, -0.0, -0.0, -0.248691, -0.0, -0.0, -1.0, 3.561809, 0.0, 1.0, -0.0, 4.933589, 0.0, 0.0, 0.0, 1.0],
                [1.0, -0.0, -0.0, -0.249548, -0.0, -0.0, -1.0, 3.580795, 0.0, 1.0, -0.0, 4.96158, 0.0, 0.0, 0.0, 1.0],
                [1.0, -0.0, -0.0, -0.250405, -0.0, -0.0, -1.0, 3.598413, 0.0, 1.0, -0.0, 4.991411, 0.0, 0.0, 0.0, 1.0],
                [1.0, -0.0, -0.0, -0.251674, -0.0, -0.0, -1.0, 3.614832, 0.0, 1.0, -0.0, 5.022582, 0.0, 0.0, 0.0, 1.0],
                [1.0, -0.0, -0.0, -0.255146, -0.0, -0.0, -1.0, 3.633886, 0.0, 1.0, -0.0, 5.062687, 0.0, 0.0, 0.0, 1.0],
                [1.0, -0.0, -0.0, -0.259554, -0.0, -0.0, -1.0, 3.651749, 0.0, 1.0, -0.0, 5.103117, 0.0, 0.0, 0.0, 1.0],
                [1.0, -0.0, -0.0, -0.263753, -0.0, -0.0, -1.0, 3.665307, 0.0, 1.0, -0.0, 5.135067, 0.0, 0.0, 0.0, 1.0],
                [1.0, -0.0, -0.0, -0.268418, -0.0, -0.0, -1.0, 3.678429, 0.0, 1.0, -0.0, 5.16612, 0.0, 0.0, 0.0, 1.0],
                [1.0, -0.0, -0.0, -0.27347, -0.0, -0.0, -1.0, 3.691284, 0.0, 1.0, -0.0, 5.19578, 0.0, 0.0, 0.0, 1.0],
                [1.0, -0.0, -0.0, -0.278827, -0.0, -0.0, -1.0, 3.704054, 0.0, 1.0, -0.0, 5.223547, 0.0, 0.0, 0.0, 1.0],
                [1.0, -0.0, -0.0, -0.28441, -0.0, -0.0, -1.0, 3.71688, 0.0, 1.0, -0.0, 5.248927, 0.0, 0.0, 0.0, 1.0],
                [1.0, -0.0, -0.0, -0.290137, -0.0, -0.0, -1.0, 3.729955, 0.0, 1.0, -0.0, 5.27142, 0.0, 0.0, 0.0, 1.0],
                [1.0, -0.0, -0.0, -0.295928, -0.0, -0.0, -1.0, 3.743443, 0.0, 1.0, -0.0, 5.290279, 0.0, 0.0, 0.0, 1.0],
                [1.0, -0.0, -0.0, -0.301703, -0.0, -0.0, -1.0, 3.757513, 0.0, 1.0, -0.0, 5.305477, 0.0, 0.0, 0.0, 1.0],
                [1.0, -0.0, -0.0, -0.307381, -0.0, -0.0, -1.0, 3.772333, 0.0, 1.0, -0.0, 5.31382, 0.0, 0.0, 0.0, 1.0],
                [1.0, -0.0, -0.0, -0.312881, -0.0, -0.0, -1.0, 3.788074, 0.0, 1.0, -0.0, 5.311166, 0.0, 0.0, 0.0, 1.0],
                [1.0, -0.0, -0.0, -0.318123, -0.0, -0.0, -1.0, 3.804906, 0.0, 1.0, -0.0, 5.308512, 0.0, 0.0, 0.0, 1.0],
                [1.0, -0.0, -0.0, -0.324167, -0.0, -0.0, -1.0, 3.827815, 0.0, 1.0, -0.0, 5.305195, 0.0, 0.0, 0.0, 1.0],
                [1.0, -0.0, -0.0, -0.32957, -0.0, -0.0, -1.0, 3.852869, 0.0, 1.0, -0.0, 5.297923, 0.0, 0.0, 0.0, 1.0],
                [1.0, -0.0, -0.0, -0.333275, -0.0, -0.0, -1.0, 3.874853, 0.0, 1.0, -0.0, 5.275805, 0.0, 0.0, 0.0, 1.0],
                [1.0, -0.0, -0.0, -0.336316, -0.0, -0.0, -1.0, 3.89869, 0.0, 1.0, -0.0, 5.246075, 0.0, 0.0, 0.0, 1.0],
                [1.0, -0.0, -0.0, -0.338694, -0.0, -0.0, -1.0, 3.924551, 0.0, 1.0, -0.0, 5.208236, 0.0, 0.0, 0.0, 1.0],
                [1.0, -0.0, -0.0, -0.340127, -0.0, -0.0, -1.0, 3.952603, 0.0, 1.0, -0.0, 5.161792, 0.0, 0.0, 0.0, 1.0],
                [1.0, -0.0, -0.0, -0.340831, -0.0, -0.0, -1.0, 3.983018, 0.0, 1.0, -0.0, 5.106244, 0.0, 0.0, 0.0, 1.0],
                [1.0, -0.0, -0.0, -0.34011, -0.0, -0.0, -1.0, 4.015965, 0.0, 1.0, -0.0, 5.041099, 0.0, 0.0, 0.0, 1.0],
                [1.0, -0.0, -0.0, -0.33939, -0.0, -0.0, -1.0, 4.051613, 0.0, 1.0, -0.0, 4.965852, 0.0, 0.0, 0.0, 1.0],
                [1.0, -0.0, -0.0, -0.337247, -0.0, -0.0, -1.0, 4.090131, 0.0, 1.0, -0.0, 4.880013, 0.0, 0.0, 0.0, 1.0],
                [1.0, -0.0, -0.0, -0.284546, -0.0, -0.0, -1.0, 4.262633, 0.0, 1.0, -0.0, 4.171926, 0.0, 0.0, 0.0, 1.0],
                [1.0, -0.0, -0.0, -0.176603, -0.0, -0.0, -1.0, 4.99929, 0.0, 1.0, -0.0, 1.041648, 0.0, 0.0, 0.0, 1.0],
                [1.0, -0.0, -0.0, -0.049595, -0.0, -0.0, -1.0, 5.405981, 0.0, 1.0, -0.0, 0.42676, 0.0, 0.0, 0.0, 1.0],
                [1.0, -0.0, -0.0, -0.026154, -0.0, -0.0, -1.0, 5.408871, 0.0, 1.0, -0.0, 0.42676, 0.0, 0.0, 0.0, 1.0],
                [1.0, -0.0, -0.0, 0.005433, -0.0, -0.0, -1.0, 5.386834, 0.0, 1.0, -0.0, 0.42676, 0.0, 0.0, 0.0, 1.0],
                [1.0, -0.0, -0.0, 0.018294, -0.0, -0.0, -1.0, 5.400269, 0.0, 1.0, -0.0, 0.42676, 0.0, 0.0, 0.0, 1.0],
                [1.0, -0.0, -0.0, 0.027845, -0.0, -0.0, -1.0, 5.409766, 0.0, 1.0, -0.0, 0.42676, 0.0, 0.0, 0.0, 1.0],
                [1.0, -0.0, -0.0, 0.036884, -0.0, -0.0, -1.0, 5.419237, 0.0, 1.0, -0.0, 0.42676, 0.0, 0.0, 0.0, 1.0],
                [1.0, -0.0, -0.0, 0.055609, -0.0, -0.0, -1.0, 5.489235, 0.0, 1.0, -0.0, 0.265176, 0.0, 0.0, 0.0, 1.0],
                [1.0, -0.0, -0.0, 0.059066, -0.0, -0.0, -1.0, 5.529239, 0.0, 1.0, -0.0, 0.198181, 0.0, 0.0, 0.0, 1.0],
                [1.0, -0.0, -0.0, 0.072432, -0.0, -0.0, -1.0, 5.589243, 0.0, 1.0, -0.0, 0.228594, 0.0, 0.0, 0.0, 1.0],
                [1.0, -0.0, -0.0, 0.084367, -0.0, -0.0, -1.0, 5.649248, 0.0, 1.0, -0.0, 0.30763, 0.0, 0.0, 0.0, 1.0],
                [1.0, -0.0, -0.0, 0.10028, -0.0, -0.0, -1.0, 5.729255, 0.0, 1.0, -0.0, 0.397739, 0.0, 0.0, 0.0, 1.0],
                [1.0, -0.0, -0.0, 0.108942, -0.0, -0.0, -1.0, 5.789259, 0.0, 1.0, -0.0, 0.494697, 0.0, 0.0, 0.0, 1.0],
                [1.0, -0.0, -0.0, 0.145564, -0.0, -0.0, -1.0, 5.969274, 0.0, 1.0, -0.0, 0.551574, 0.0, 0.0, 0.0, 1.0],
                [1.0, -0.0, -0.0, 0.145433, -0.0, -0.0, -1.0, 5.994485, 0.0, 1.0, -0.0, 0.566231, 0.0, 0.0, 0.0, 1.0],
                [1.0, -0.0, -0.0, 0.130254, -0.0, -0.0, -1.0, 5.975011, 0.0, 1.0, -0.0, 0.587322, 0.0, 0.0, 0.0, 1.0],
                [1.0, -0.0, -0.0, 0.12744, -0.0, -0.0, -1.0, 6.004953, 0.0, 1.0, -0.0, 0.587941, 0.0, 0.0, 0.0, 1.0],
                [1.0, -0.0, -0.0, 0.126144, -0.0, -0.0, -1.0, 6.004208, 0.0, 1.0, -0.0, 0.588559, 0.0, 0.0, 0.0, 1.0],
                [1.0, -0.0, -0.0, 0.12661, -0.0, -0.0, -1.0, 6.003611, 0.0, 1.0, -0.0, 0.589178, 0.0, 0.0, 0.0, 1.0],
                [1.0, -0.0, -0.0, 0.127077, -0.0, -0.0, -1.0, 6.003015, 0.0, 1.0, -0.0, 0.589796, 0.0, 0.0, 0.0, 1.0],
                [1.0, -0.0, -0.0, 0.127544, -0.0, -0.0, -1.0, 6.002419, 0.0, 1.0, -0.0, 0.590415, 0.0, 0.0, 0.0, 1.0],
                [1.0, -0.0, -0.0, 0.12801, -0.0, -0.0, -1.0, 6.001822, 0.0, 1.0, -0.0, 0.591034, 0.0, 0.0, 0.0, 1.0],
                [1.0, -0.0, -0.0, 0.131417, -0.0, -0.0, -1.0, 6.001226, 0.0, 1.0, -0.0, 0.591652, 0.0, 0.0, 0.0, 1.0],
                [1.0, -0.0, -0.0, 0.142542, -0.0, -0.0, -1.0, 5.990149, 0.0, 1.0, -0.0, 0.592271, 0.0, 0.0, 0.0, 1.0],
                [1.0, -0.0, -0.0, 0.154247, -0.0, -0.0, -1.0, 5.975047, 0.0, 1.0, -0.0, 0.592889, 0.0, 0.0, 0.0, 1.0],
                [1.0, -0.0, -0.0, 0.166127, -0.0, -0.0, -1.0, 5.959827, 0.0, 1.0, -0.0, 0.593508, 0.0, 0.0, 0.0, 1.0],
                [1.0, -0.0, -0.0, 0.177387, -0.0, -0.0, -1.0, 5.945969, 0.0, 1.0, -0.0, 0.594126, 0.0, 0.0, 0.0, 1.0],
                [1.0, -0.0, -0.0, 0.187952, -0.0, -0.0, -1.0, 5.933902, 0.0, 1.0, -0.0, 0.594745, 0.0, 0.0, 0.0, 1.0],
                [1.0, -0.0, -0.0, 0.196712, -0.0, -0.0, -1.0, 5.927884, 0.0, 1.0, -0.0, 0.595364, 0.0, 0.0, 0.0, 1.0],
                [1.0, -0.0, -0.0, 0.203372, -0.0, -0.0, -1.0, 5.923734, 0.0, 1.0, -0.0, 0.595982, 0.0, 0.0, 0.0, 1.0],
                [1.0, -0.0, -0.0, 0.205284, -0.0, -0.0, -1.0, 5.923734, 0.0, 1.0, -0.0, 0.601549, 0.0, 0.0, 0.0, 1.0],
                [1.0, -0.0, -0.0, 0.205284, -0.0, -0.0, -1.0, 5.923734, 0.0, 1.0, -0.0, 0.601549, 0.0, 0.0, 0.0, 1.0]
            ]
        },
        {
            "name": "Thigh_R",
            "time": [0.0, 0.0417, 0.0833, 0.125, 0.1667, 0.2083, 0.25, 0.2917, 0.3333, 0.375, 0.4167, 0.4583, 0.5, 0.5417, 0.5833, 0.625, 0.6667, 0.7083, 0.75, 0.7917, 0.8333, 0.875, 0.9167, 0.9583, 1.0, 1.0417, 1.0833, 1.125, 1.1667, 1.2083, 1.25, 1.2917, 1.3333, 1.375, 1.4167, 1.4583, 1.5, 1.5417, 1.5833, 1.625, 1.6667, 1.7083, 1.75, 1.7917, 1.8333, 1.875, 1.9167, 1.9583, 2.0, 2.0417, 2.0833, 2.125, 2.1667, 2.2083, 2.25, 2.2917, 2.3333, 2.375, 2.4167, 2.4583, 2.5, 2.5417, 2.5833, 2.625, 2.6667, 2.7083, 2.75, 2.7917, 2.8333, 2.875, 2.9167, 2.9583, 3.0, 3.0417, 3.0833, 3.125, 3.1667, 3.2083, 3.25, 3.2917, 3.3333, 3.375, 3.4167, 3.4583, 3.5, 3.5417, 3.5833, 3.625, 3.6667, 3.7083, 3.75, 3.7917, 3.8333, 3.875, 3.9167, 3.9583, 4.0, 4.0417, 4.0833, 4.125, 4.1667, 4.2083, 4.25, 4.2917, 4.3333, 4.375, 4.4167, 4.4583, 4.5, 4.5417, 4.5833, 4.625, 4.6667, 4.7083, 4.75, 4.7917, 4.8333, 4.875, 4.9167, 4.9583, 5.0, 5.375, 10.4583],
            "transform": [
                [0.706442, 0.49415, 0.506712, 0.069756, 0.494881, -0.856692, 0.145508, 0.088718, 0.506, 0.14797, -0.849747, 0.049886, 0.0, 0.0, 0.0, 1.0],
                [0.816676, 0.384356, 0.430481, 0.082335, 0.410326, -0.911261, 0.035184, 0.085119, 0.405804, 0.147903, -0.901913, 0.052717, 0.0, 0.0, 0.0, 1.0],
                [0.84331, 0.463121, 0.272672, 0.094913, 0.414051, -0.883333, 0.219742, 0.08152, 0.342627, -0.07241, -0.936676, 0.055548, 0.0, 0.0, 0.0, 1.0],
                [0.828885, 0.555519, 0.065964, 0.107492, 0.437771, -0.717526, 0.54177, 0.07792, 0.348295, -0.420188, -0.837934, 0.05838, 0.0, 0.0, 0.0, 1.0],
                [0.856482, 0.49066, -0.160292, 0.12007, 0.390957, -0.41387, 0.82211, 0.074321, 0.337037, -0.766789, -0.546298, 0.061211, 0.0, 0.0, 0.0, 1.0],
                [0.977302, 0.109281, -0.1815, 0.132649, 0.179679, 0.026372, 0.983371, 0.070722, 0.11225, -0.993662, 0.006137, 0.064042, 0.0, 0.0, 0.0, 1.0],
                [0.921275, -0.288863, 0.260413, 0.093339, -0.122553, 0.419852, 0.89928, 0.055962, -0.369104, -0.860397, 0.351397, 0.046797, 0.0, 0.0, 0.0, 1.0],
                [0.548694, -0.448519, 0.705526, 0.054028, -0.430792, 0.571559, 0.698383, 0.041202, -0.716489, -0.687133, 0.120392, 0.029551, 0.0, 0.0, 0.0, 1.0],
                [0.29287, -0.72144, 0.627496, 0.014718, -0.49556, 0.44672, 0.74489, 0.026443, -0.81771, -0.529118, -0.226685, 0.012306, 0.0, 0.0, 0.0, 1.0],
                [0.101835, -0.926668, 0.361825, -0.024592, -0.460594, 0.278462, 0.8428, 0.011683, -0.881751, -0.252481, -0.39846, -0.00494, 0.0, 0.0, 0.0, 1.0],
                [-0.129596, -0.989621, 0.062095, -0.063903, -0.395748, 0.109041, 0.911862, -0.003077, -0.909171, 0.0936, -0.405771, -0.022186, 0.0, 0.0, 0.0, 1.0],
                [-0.359754, -0.920524, -0.152361, -0.051858, -0.328684, -0.027798, 0.94403, -0.009829, -0.873239, 0.389697, -0.292561, -0.01242, 0.0, 0.0, 0.0, 1.0],
                [-0.499227, -0.835209, -0.230653, -0.039813, -0.271139, -0.102247, 0.957094, -0.016581, -0.822957, 0.540346, -0.175414, -0.002654, 0.0, 0.0, 0.0, 1.0],
                [-0.665191, -0.727963, -0.166113, -0.027768, -0.146842, -0.090589, 0.985003, -0.023333, -0.732094, 0.679607, -0.046637, 0.007112, 0.0, 0.0, 0.0, 1.0],
                [-0.898475, -0.42685, 0.102689, -0.015723, 0.17072, -0.124197, 0.977461, -0.030084, -0.404476, 0.895754, 0.184459, 0.016877, 0.0, 0.0, 0.0, 1.0],
                [-0.947704, -0.229775, 0.221501, -0.003678, 0.296034, -0.373525, 0.879115, -0.036836, -0.119263, 0.898712, 0.422012, 0.026643, 0.0, 0.0, 0.0, 1.0],
                [-0.977188, 0.047059, 0.207106, 0.015935, 0.146963, -0.554162, 0.819333, -0.011537, 0.153327, 0.831078, 0.534603, 0.046138, 0.0, 0.0, 0.0, 1.0],
                [-0.910894, 0.350933, 0.217072, 0.035548, -0.062673, -0.637607, 0.767808, 0.013763, 0.407857, 0.685786, 0.602786, 0.065632, 0.0, 0.0, 0.0, 1.0],
                [-0.706065, 0.664934, 0.243591, 0.055161, -0.269039, -0.570068, 0.776299, 0.039063, 0.655052, 0.482582, 0.581397, 0.085126, 0.0, 0.0, 0.0, 1.0],
                [-0.348347, 0.914048, 0.20778, 0.074774, -0.345325, -0.331211, 0.878095, 0.064363, 0.87144, 0.23413, 0.431019, 0.104621, 0.0, 0.0, 0.0, 1.0],
                [0.025749, 0.999328, 0.026123, 0.094387, -0.156316, -0.021785, 0.987467, 0.089663, 0.987373, -0.02951, 0.15565, 0.124115, 0.0, 0.0, 0.0, 1.0],
                [0.191818, 0.931338, -0.309543, 0.063531, 0.223152, 0.265751, 0.937859, 0.096795, 0.955726, -0.248973, -0.156855, 0.102262, 0.0, 0.0, 0.0, 1.0],
                [0.068156, 0.647339, -0.759149, 0.032675, 0.510254, 0.631254, 0.58409, 0.103927, 0.85732, -0.427168, -0.287283, 0.080409, 0.0, 0.0, 0.0, 1.0],
                [-0.111693, 0.162197, -0.980417, 0.001818, 0.607821, 0.791673, 0.061726, 0.111059, 0.786182, -0.589023, -0.187011, 0.058556, 0.0, 0.0, 0.0, 1.0],
                [-0.222641, -0.114171, -0.968192, -0.029038, 0.668568, 0.70492, -0.236866, 0.118191, 0.709542, -0.700038, -0.080612, 0.036703, 0.0, 0.0, 0.0, 1.0],
                [-0.3114, -0.16718, -0.935458, -0.059894, 0.746561, 0.566017, -0.349674, 0.125323, 0.587944, -0.807264, -0.051447, 0.01485, 0.0, 0.0, 0.0, 1.0],
                [-0.367014, -0.118044, -0.922696, -0.037271, 0.823094, 0.420917, -0.381245, 0.134158, 0.433382, -0.899386, -0.057321, 0.021901, 0.0, 0.0, 0.0, 1.0],
                [-0.345932, 0.052998, -0.936762, -0.014647, 0.905831, 0.279088, -0.318719, 0.142992, 0.244548, -0.958802, -0.144553, 0.028952, 0.0, 0.0, 0.0, 1.0],
                [-0.232126, 0.301127, -0.9249, 0.007977, 0.9642, 0.196575, -0.177988, 0.151827, 0.128216, -0.933103, -0.335976, 0.036003, 0.0, 0.0, 0.0, 1.0],
                [-0.105292, 0.533751, -0.839062, 0.0306, 0.987138, 0.158186, -0.023247, 0.160662, 0.120319, -0.830716, -0.54354, 0.043054, 0.0, 0.0, 0.0, 1.0],
                [0.016351, 0.735441, -0.677391, 0.053224, 0.988514, 0.089918, 0.121483, 0.169496, 0.150253, -0.671596, -0.725522, 0.050105, 0.0, 0.0, 0.0, 1.0],
                [0.122804, 0.874834, -0.4686, 0.060833, 0.972433, -0.011755, 0.232893, 0.161845, 0.198234, -0.484281, -0.852159, 0.047256, 0.0, 0.0, 0.0, 1.0],
                [0.204911, 0.945851, -0.25175, 0.068442, 0.947482, -0.127158, 0.293448, 0.154194, 0.245546, -0.298659, -0.922231, 0.044406, 0.0, 0.0, 0.0, 1.0],
                [0.260852, 0.962921, -0.068852, 0.07605, 0.927855, -0.230381, 0.293278, 0.146543, 0.266541, -0.140386, -0.953544, 0.041557, 0.0, 0.0, 0.0, 1.0],
                [0.299033, 0.951336, 0.074431, 0.083659, 0.918136, -0.308094, 0.249212, 0.138893, 0.260016, -0.006185, -0.965584, 0.038708, 0.0, 0.0, 0.0, 1.0],
                [0.337139, 0.918651, 0.205961, 0.091268, 0.90746, -0.375351, 0.188762, 0.131242, 0.250714, 0.123262, -0.960181, 0.035858, 0.0, 0.0, 0.0, 1.0],
                [0.375303, 0.86741, 0.326722, 0.093916, 0.894163, -0.431667, 0.118913, 0.124962, 0.244181, 0.247514, -0.93761, 0.042003, 0.0, 0.0, 0.0, 1.0],
                [0.413147, 0.801426, 0.432465, 0.096565, 0.87821, -0.476283, 0.043651, 0.118681, 0.240959, 0.36176, -0.900593, 0.048147, 0.0, 0.0, 0.0, 1.0],
                [0.451366, 0.726407, 0.51827, 0.099213, 0.859484, -0.510058, -0.033633, 0.112401, 0.239917, 0.460625, -0.854555, 0.054291, 0.0, 0.0, 0.0, 1.0],
                [0.489371, 0.6483, 0.583287, 0.101861, 0.837949, -0.534843, -0.108569, 0.106121, 0.241582, 0.541895, -0.804977, 0.060435, 0.0, 0.0, 0.0, 1.0],
                [0.539017, 0.558546, 0.630466, 0.104509, 0.806399, -0.558391, -0.194735, 0.099841, 0.243278, 0.613373, -0.751392, 0.06658, 0.0, 0.0, 0.0, 1.0],
                [0.58654, 0.4819, 0.650957, 0.104316, 0.770668, -0.57926, -0.265578, 0.103064, 0.249091, 0.657443, -0.711142, 0.064402, 0.0, 0.0, 0.0, 1.0],
                [0.624073, 0.427914, 0.653777, 0.104123, 0.738904, -0.595275, -0.315706, 0.106288, 0.254082, 0.680101, -0.68768, 0.062224, 0.0, 0.0, 0.0, 1.0],
                [0.660648, 0.376416, 0.649505, 0.103931, 0.70463, -0.609358, -0.363568, 0.109512, 0.258928, 0.69785, -0.667804, 0.060046, 0.0, 0.0, 0.0, 1.0],
                [0.697033, 0.328396, 0.637419, 0.103738, 0.667505, -0.621857, -0.409552, 0.112736, 0.261888, 0.71095, -0.65266, 0.057868, 0.0, 0.0, 0.0, 1.0],
                [0.7315, 0.282863, 0.620402, 0.103545, 0.628365, -0.6329, -0.452324, 0.11596, 0.264706, 0.720713, -0.640706, 0.05569, 0.0, 0.0, 0.0, 1.0],
                [0.764223, 0.240647, 0.598376, 0.101716, 0.587404, -0.642803, -0.491693, 0.114124, 0.266314, 0.727251, -0.6326, 0.052206, 0.0, 0.0, 0.0, 1.0],
                [0.794931, 0.201726, 0.572183, 0.099887, 0.545001, -0.651814, -0.527364, 0.112288, 0.266574, 0.731058, -0.628087, 0.048722, 0.0, 0.0, 0.0, 1.0],
                [0.823726, 0.16713, 0.541799, 0.098058, 0.501633, -0.660216, -0.558999, 0.110452, 0.26428, 0.732245, -0.627673, 0.045238, 0.0, 0.0, 0.0, 1.0],
                [0.850035, 0.135151, 0.509095, 0.096229, 0.457624, -0.668073, -0.586735, 0.108616, 0.260815, 0.731719, -0.629733, 0.041754, 0.0, 0.0, 0.0, 1.0],
                [0.873829, 0.106403, 0.474452, 0.0944, 0.413616, -0.675659, -0.610252, 0.10678, 0.255635, 0.729496, -0.634419, 0.03827, 0.0, 0.0, 0.0, 1.0],
                [0.896244, 0.083576, 0.435619, 0.097568, 0.369822, -0.683049, -0.629822, 0.104656, 0.244912, 0.725575, -0.643085, 0.048419, 0.0, 0.0, 0.0, 1.0],
                [0.914842, 0.063676, 0.398764, 0.100735, 0.328486, -0.691701, -0.643155, 0.102532, 0.234872, 0.719372, -0.653712, 0.058569, 0.0, 0.0, 0.0, 1.0],
                [0.935191, 0.041722, 0.351683, 0.103902, 0.277799, -0.702346, -0.655391, 0.100408, 0.219659, 0.710612, -0.668417, 0.068718, 0.0, 0.0, 0.0, 1.0],
                [0.95287, 0.022067, 0.302582, 0.107069, 0.227543, -0.711655, -0.664659, 0.098284, 0.200668, 0.702183, -0.683134, 0.078867, 0.0, 0.0, 0.0, 1.0],
                [0.96528, 0.009848, 0.261036, 0.110236, 0.188528, -0.717962, -0.670065, 0.09616, 0.180816, 0.696013, -0.69489, 0.089016, 0.0, 0.0, 0.0, 1.0],
                [0.975505, 0.002586, 0.219971, 0.109968, 0.15312, -0.725935, -0.670501, 0.094198, 0.15795, 0.687759, -0.708548, 0.081906, 0.0, 0.0, 0.0, 1.0],
                [0.98429, 0.000819, 0.176569, 0.109699, 0.120277, -0.735218, -0.667074, 0.092236, 0.129271, 0.677831, -0.723764, 0.074795, 0.0, 0.0, 0.0, 1.0],
                [0.990792, 0.000915, 0.135404, 0.109431, 0.091051, -0.744654, -0.661211, 0.090274, 0.100224, 0.66745, -0.737879, 0.067684, 0.0, 0.0, 0.0, 1.0],
                [0.995504, 0.003905, 0.094656, 0.109162, 0.065063, -0.754438, -0.653139, 0.088312, 0.068862, 0.65636, -0.751299, 0.060574, 0.0, 0.0, 0.0, 1.0],
                [0.998435, 0.009614, 0.055122, 0.108894, 0.042864, -0.764635, -0.643037, 0.08635, 0.035966, 0.644393, -0.763849, 0.053462, 0.0, 0.0, 0.0, 1.0],
                [0.99969, 0.017432, 0.017854, 0.102296, 0.024792, -0.775017, -0.631454, 0.08404, 0.00283, 0.6317, -0.775208, 0.024446, 0.0, 0.0, 0.0, 1.0],
                [0.999433, 0.028183, -0.01854, 0.095698, 0.010684, -0.785721, -0.618488, 0.081729, -0.031998, 0.617939, -0.785575, -0.004571, 0.0, 0.0, 0.0, 1.0],
                [0.955452, 0.265001, -0.129959, 0.0891, 0.163157, -0.841127, -0.515641, 0.079419, -0.245958, 0.471466, -0.846891, -0.033587, 0.0, 0.0, 0.0, 1.0],
                [0.049686, 0.485174, -0.873005, 0.082502, 0.750342, -0.595025, -0.287982, 0.077108, -0.659183, -0.640742, -0.39361, -0.062604, 0.0, 0.0, 0.0, 1.0],
                [-0.225053, -0.530884, -0.817016, 0.075905, 0.856862, -0.507013, 0.093422, 0.074797, -0.463835, -0.679043, 0.568998, -0.09162, 0.0, 0.0, 0.0, 1.0],
                [0.290944, -0.702656, -0.649328, 0.085567, 0.376406, -0.539891, 0.752886, 0.074755, -0.879587, -0.463457, 0.107405, -0.092224, 0.0, 0.0, 0.0, 1.0],
                [0.534448, -0.479503, -0.69602, 0.09523, 0.2645, -0.687247, 0.676558, 0.074713, -0.802751, -0.545681, -0.240469, -0.092827, 0.0, 0.0, 0.0, 1.0],
                [0.554565, -0.515734, -0.653052, 0.104892, 0.249302, -0.645769, 0.721686, 0.07467, -0.793921, -0.563028, -0.229547, -0.093431, 0.0, 0.0, 0.0, 1.0],
                [0.552139, -0.56263, -0.615298, 0.114555, 0.253025, -0.590109, 0.766649, 0.074628, -0.794434, -0.578981, -0.183462, -0.094035, 0.0, 0.0, 0.0, 1.0],
                [0.5466, -0.616305, -0.56692, 0.124217, 0.259286, -0.519174, 0.814389, 0.074586, -0.796244, -0.592138, -0.123981, -0.094638, 0.0, 0.0, 0.0, 1.0],
                [0.551369, -0.662244, -0.507372, 0.11888, 0.265753, -0.437066, 0.859272, 0.061258, -0.790805, -0.60861, -0.064992, -0.091097, 0.0, 0.0, 0.0, 1.0],
                [0.574438, -0.694736, -0.432857, 0.113542, 0.259993, -0.346569, 0.901273, 0.04793, -0.776163, -0.630264, -0.018456, -0.087555, 0.0, 0.0, 0.0, 1.0],
                [0.619199, -0.704914, -0.345965, 0.108204, 0.24139, -0.248376, 0.938105, 0.034602, -0.747213, -0.664385, 0.016365, -0.084014, 0.0, 0.0, 0.0, 1.0],
                [0.673728, -0.695653, -0.249318, 0.102867, 0.201158, -0.151999, 0.967694, 0.021274, -0.711077, -0.702113, 0.037529, -0.080472, 0.0, 0.0, 0.0, 1.0],
                [0.719628, -0.677527, -0.151967, 0.097529, 0.138351, -0.074563, 0.987572, 0.007945, -0.68044, -0.731709, 0.040078, -0.076931, 0.0, 0.0, 0.0, 1.0],
                [0.748415, -0.659662, -0.06873, 0.09649, 0.061223, -0.034472, 0.997528, 0.021225, -0.660402, -0.750772, 0.014586, -0.086467, 0.0, 0.0, 0.0, 1.0],
                [0.753262, -0.657543, -0.015382, 0.095451, -0.021973, -0.048531, 0.998579, 0.034505, -0.657357, -0.751853, -0.051005, -0.096004, 0.0, 0.0, 0.0, 1.0],
                [0.743683, -0.66853, -0.002402, 0.094411, -0.116466, -0.133095, 0.984236, 0.047785, -0.658313, -0.731679, -0.176841, -0.10554, 0.0, 0.0, 0.0, 1.0],
                [0.724529, -0.68868, -0.02791, 0.093372, -0.215614, -0.264927, 0.939853, 0.061065, -0.654654, -0.674932, -0.340435, -0.115077, 0.0, 0.0, 0.0, 1.0],
                [0.698608, -0.70785, -0.104392, 0.092333, -0.314741, -0.435044, 0.843608, 0.074345, -0.642564, -0.556494, -0.526713, -0.124614, 0.0, 0.0, 0.0, 1.0],
                [0.676665, -0.707823, -0.202762, 0.10144, -0.38394, -0.574182, 0.723121, 0.081453, -0.628266, -0.411461, -0.66029, -0.124609, 0.0, 0.0, 0.0, 1.0],
                [0.668061, -0.689313, -0.280257, 0.110547, -0.417237, -0.658866, 0.625947, 0.08856, -0.616127, -0.301236, -0.727768, -0.124605, 0.0, 0.0, 0.0, 1.0],
                [0.669834, -0.657907, -0.344214, 0.119654, -0.434586, -0.723256, 0.536689, 0.095668, -0.602048, -0.209901, -0.770377, -0.1246, 0.0, 0.0, 0.0, 1.0],
                [0.6822, -0.624622, -0.380069, 0.128761, -0.438007, -0.765339, 0.4716, 0.102775, -0.585454, -0.155252, -0.795702, -0.124596, 0.0, 0.0, 0.0, 1.0],
                [0.700369, -0.59311, -0.397122, 0.137868, -0.42877, -0.794383, 0.430246, 0.109883, -0.570651, -0.131057, -0.810668, -0.124592, 0.0, 0.0, 0.0, 1.0],
                [0.718687, -0.562488, -0.408777, 0.132516, -0.417194, -0.819133, 0.393665, 0.106401, -0.556276, -0.112382, -0.823364, -0.122644, 0.0, 0.0, 0.0, 1.0],
                [0.74061, -0.531814, -0.410699, 0.127163, -0.403777, -0.840788, 0.36061, 0.102919, -0.53709, -0.10124, -0.837428, -0.120695, 0.0, 0.0, 0.0, 1.0],
                [0.764471, -0.501415, -0.405179, 0.121811, -0.389219, -0.860028, 0.329942, 0.099437, -0.513904, -0.094527, -0.852625, -0.118746, 0.0, 0.0, 0.0, 1.0],
                [0.787299, -0.471109, -0.397768, 0.116459, -0.371686, -0.877362, 0.303458, 0.095955, -0.491949, -0.091067, -0.865848, -0.116798, 0.0, 0.0, 0.0, 1.0],
                [0.810101, -0.440458, -0.386957, 0.111106, -0.352021, -0.89321, 0.279744, 0.092473, -0.468851, -0.090403, -0.878639, -0.114849, 0.0, 0.0, 0.0, 1.0],
                [0.833083, -0.409089, -0.37232, 0.10968, -0.331258, -0.908012, 0.256481, 0.090763, -0.442996, -0.090335, -0.891961, -0.103678, 0.0, 0.0, 0.0, 1.0],
                [0.867906, -0.343437, -0.358878, 0.108254, -0.277857, -0.934533, 0.22236, 0.089053, -0.411751, -0.093271, -0.906511, -0.092506, 0.0, 0.0, 0.0, 1.0],
                [0.911771, -0.241529, -0.332175, 0.106828, -0.190099, -0.96513, 0.179966, 0.087343, -0.36406, -0.100941, -0.925889, -0.081334, 0.0, 0.0, 0.0, 1.0],
                [0.945786, -0.141969, -0.292126, 0.105402, -0.102191, -0.983805, 0.147262, 0.085633, -0.308302, -0.109425, -0.944974, -0.070162, 0.0, 0.0, 0.0, 1.0],
                [0.965884, -0.073423, -0.248356, 0.103977, -0.042196, -0.990773, 0.128802, 0.083924, -0.255522, -0.113927, -0.960067, -0.058991, 0.0, 0.0, 0.0, 1.0],
                [0.979179, -0.024632, -0.201508, 0.110374, -0.001509, -0.993468, 0.114105, 0.089702, -0.203002, -0.111425, -0.972818, -0.057577, 0.0, 0.0, 0.0, 1.0],
                [0.98893, -5.4e-05, -0.148394, 0.116772, 0.014742, -0.995018, 0.0986, 0.09548, -0.14766, -0.099696, -0.984, -0.056163, 0.0, 0.0, 0.0, 1.0],
                [0.994845, 0.022411, -0.098923, 0.12317, 0.030474, -0.996269, 0.080752, 0.101258, -0.096744, -0.083349, -0.991813, -0.05475, 0.0, 0.0, 0.0, 1.0],
                [0.997565, 0.044251, -0.053944, 0.129568, 0.047592, -0.996922, 0.062309, 0.107036, -0.051021, -0.064724, -0.996598, -0.053336, 0.0, 0.0, 0.0, 1.0],
                [0.998048, 0.062402, -0.003118, 0.135966, 0.06248, -0.997038, 0.044857, 0.112814, -0.00031, -0.044964, -0.998988, -0.051922, 0.0, 0.0, 0.0, 1.0],
                [0.994678, 0.08201, 0.062391, 0.128997, 0.080178, -0.996288, 0.031332, 0.10617, 0.064729, -0.026162, -0.99756, -0.050827, 0.0, 0.0, 0.0, 1.0],
                [0.986286, 0.097812, 0.132956, 0.122028, 0.095932, -0.995177, 0.020488, 0.099526, 0.134319, -0.007452, -0.99091, -0.049732, 0.0, 0.0, 0.0, 1.0],
                [0.969898, 0.116334, 0.213934, 0.11506, 0.11743, -0.993052, 0.007627, 0.092882, 0.213335, 0.017726, -0.976818, -0.048636, 0.0, 0.0, 0.0, 1.0],
                [0.951175, 0.128787, 0.280506, 0.108091, 0.134336, -0.990936, -0.000558, 0.086238, 0.277892, 0.038213, -0.959852, -0.047542, 0.0, 0.0, 0.0, 1.0],
                [0.918903, 0.143679, 0.367392, 0.101122, 0.158136, -0.987373, -0.00938, 0.079594, 0.361406, 0.066718, -0.930018, -0.046446, 0.0, 0.0, 0.0, 1.0],
                [0.893546, 0.151959, 0.422478, 0.101395, 0.173846, -0.98468, -0.013508, 0.080243, 0.413953, 0.085517, -0.906272, -0.039208, 0.0, 0.0, 0.0, 1.0],
                [0.860119, 0.162758, 0.483433, 0.101669, 0.193946, -0.9809, -0.014825, 0.080891, 0.471788, 0.106511, -0.875255, -0.031968, 0.0, 0.0, 0.0, 1.0],
                [0.823604, 0.174701, 0.539591, 0.101942, 0.214281, -0.976712, -0.01084, 0.08154, 0.525132, 0.124552, -0.841858, -0.024729, 0.0, 0.0, 0.0, 1.0],
                [0.815495, 0.182876, 0.549114, 0.102216, 0.222411, -0.974937, -0.005612, 0.082188, 0.534326, 0.126706, -0.835728, -0.01749, 0.0, 0.0, 0.0, 1.0],
                [0.822305, 0.191998, 0.535681, 0.102489, 0.227952, -0.973672, -0.000936, 0.082837, 0.521399, 0.12288, -0.84442, -0.010252, 0.0, 0.0, 0.0, 1.0],
                [0.845871, 0.205064, 0.492396, 0.100181, 0.232956, -0.972475, 0.004812, 0.079099, 0.479831, 0.110636, -0.870358, -0.002673, 0.0, 0.0, 0.0, 1.0],
                [0.857221, 0.217728, 0.466659, 0.097873, 0.236584, -0.971432, 0.018652, 0.075361, 0.457389, 0.094416, -0.88424, 0.004905, 0.0, 0.0, 0.0, 1.0],
                [0.853295, 0.23373, 0.466112, 0.095565, 0.241498, -0.969404, 0.044004, 0.071622, 0.462137, 0.075017, -0.88363, 0.012483, 0.0, 0.0, 0.0, 1.0],
                [0.842295, 0.241768, 0.481757, 0.093258, 0.236934, -0.968857, 0.071967, 0.067884, 0.484154, 0.053527, -0.873344, 0.020061, 0.0, 0.0, 0.0, 1.0],
                [0.82425, 0.245582, 0.5102, 0.09095, 0.229734, -0.968598, 0.095086, 0.064146, 0.51753, 0.038836, -0.854783, 0.027639, 0.0, 0.0, 0.0, 1.0],
                [0.796622, 0.244328, 0.552902, 0.088718, 0.21904, -0.969186, 0.112695, 0.062959, 0.5634, 0.031333, -0.82559, 0.033957, 0.0, 0.0, 0.0, 1.0],
                [0.762277, 0.240941, 0.600735, 0.086486, 0.207959, -0.970092, 0.125201, 0.061773, 0.612936, 0.029491, -0.789583, 0.040276, 0.0, 0.0, 0.0, 1.0],
                [0.72353, 0.23647, 0.648527, 0.084254, 0.199416, -0.97104, 0.131589, 0.060586, 0.660864, 0.034119, -0.749731, 0.046594, 0.0, 0.0, 0.0, 1.0],
                [0.670191, 0.232986, 0.704673, 0.082022, 0.194805, -0.971382, 0.135897, 0.059399, 0.71617, 0.046197, -0.696397, 0.052912, 0.0, 0.0, 0.0, 1.0],
                [0.604135, 0.227528, 0.76371, 0.079791, 0.196001, -0.971357, 0.134345, 0.058212, 0.772404, 0.068526, -0.631426, 0.05923, 0.0, 0.0, 0.0, 1.0],
                [0.547681, 0.250938, 0.798171, 0.056001, 0.265965, -0.956699, 0.118282, 0.061781, 0.793292, 0.147505, -0.590706, 0.100862, 0.0, 0.0, 0.0, 1.0],
                [0.547681, 0.250938, 0.798171, 0.056001, 0.265965, -0.956699, 0.118282, 0.061781, 0.793292, 0.147505, -0.590706, 0.100862, 0.0, 0.0, 0.0, 1.0]
            ]
        },
        {
            "name": "Leg_R",
            "time": [0.0, 0.0417, 0.0833, 0.125, 0.1667, 0.2083, 0.25, 0.2917, 0.3333, 0.375, 0.4167, 0.4583, 0.5, 0.5417, 0.5833, 0.625, 0.6667, 0.7083, 0.75, 0.7917, 0.8333, 0.875, 0.9167, 0.9583, 1.0, 1.0417, 1.0833, 1.125, 1.1667, 1.2083, 1.25, 1.2917, 1.3333, 1.375, 1.4167, 1.4583, 1.5, 1.5417, 1.5833, 1.625, 1.6667, 1.7083, 1.75, 1.7917, 1.8333, 1.875, 1.9167, 1.9583, 2.0, 2.0417, 2.0833, 2.125, 2.1667, 2.2083, 2.25, 2.2917, 2.3333, 2.375, 2.4167, 2.4583, 2.5, 2.5417, 2.5833, 2.625, 2.6667, 2.7083, 2.75, 2.7917, 2.8333, 2.875, 2.9167, 2.9583, 3.0, 3.0417, 3.0833, 3.125, 3.1667, 3.2083, 3.25, 3.2917, 3.3333, 3.375, 3.4167, 3.4583, 3.5, 3.5417, 3.5833, 3.625, 3.6667, 3.7083, 3.75, 3.7917, 3.8333, 3.875, 3.9167, 3.9583, 4.0, 4.0417, 4.0833, 4.125, 4.1667, 4.2083, 4.25, 4.2917, 4.3333, 4.375, 4.4167, 4.4583, 4.5, 4.5417, 4.5833, 4.625, 4.6667, 4.7083, 4.75, 4.7917, 4.8333, 4.875, 4.9167, 4.9583, 5.0, 5.375, 10.4583],
            "transform": [
                [0.999999, 1e-06, 1e-06, 0.0, -1e-06, 0.639915, 0.768446, 0.37472, 0.0, -0.768446, 0.639914, 0.0, 0.0, 0.0, 0.0, 1.0],
                [1.0, 1e-06, 0.0, 0.0, -1e-06, 0.584457, 0.811425, 0.37472, 0.0, -0.811426, 0.584456, 0.0, 0.0, 0.0, 0.0, 1.0],
                [1.0, 0.0, 1e-06, -0.0, -1e-06, 0.288209, 0.957567, 0.37472, 0.0, -0.957568, 0.288209, 0.0, 0.0, 0.0, 0.0, 1.0],
                [1.0, 0.0, 1e-06, 0.0, -1e-06, -0.191037, 0.981581, 0.37472, 0.0, -0.981584, -0.191036, -0.0, 0.0, 0.0, 0.0, 1.0],
                [0.999999, -0.0, 1e-06, -0.0, -1e-06, -0.557181, 0.830391, 0.37472, 0.0, -0.830392, -0.55718, 0.0, 0.0, 0.0, 0.0, 1.0],
                [0.999999, -0.0, 0.0, 0.0, -1e-06, -0.493881, 0.869529, 0.37472, -0.0, -0.86953, -0.49388, -0.0, 0.0, 0.0, 0.0, 1.0],
                [0.999999, -0.0, 1e-06, -0.0, -1e-06, -0.42996, 0.902847, 0.37472, 0.0, -0.902849, -0.429959, -0.0, 0.0, 0.0, 0.0, 1.0],
                [0.999999, -0.0, 1e-06, 0.0, -1e-06, -0.603099, 0.797666, 0.37472, 0.0, -0.797668, -0.603098, -0.0, 0.0, 0.0, 0.0, 1.0],
                [0.999999, -0.0, 1e-06, -0.0, -1e-06, -0.504118, 0.863635, 0.37472, 0.0, -0.863636, -0.504117, 0.0, 0.0, 0.0, 0.0, 1.0],
                [0.999999, -0.0, 1e-06, -0.0, -1e-06, -0.436765, 0.899576, 0.37472, 0.0, -0.899577, -0.436764, 0.0, 0.0, 0.0, 0.0, 1.0],
                [1.0, 0.0, 1e-06, -0.0, -1e-06, -0.330862, 0.943678, 0.37472, 0.0, -0.943681, -0.330861, -0.0, 0.0, 0.0, 0.0, 1.0],
                [1.0, 0.0, 1e-06, 0.0, -1e-06, -0.142737, 0.98976, 0.37472, 0.0, -0.989761, -0.142737, 0.0, 0.0, 0.0, 0.0, 1.0],
                [1.0, 0.0, 1e-06, 0.0, -1e-06, 0.069696, 0.997567, 0.37472, 0.0, -0.997568, 0.069696, -0.0, 0.0, 0.0, 0.0, 1.0],
                [1.0, 0.0, 1e-06, 0.0, -1e-06, 0.196612, 0.980481, 0.37472, 0.0, -0.980482, 0.196612, 0.0, 0.0, 0.0, 0.0, 1.0],
                [1.0, 0.0, 1e-06, 0.0, -1e-06, 0.272413, 0.96218, 0.37472, 0.0, -0.962181, 0.272413, -0.0, 0.0, 0.0, 0.0, 1.0],
                [0.999999, 0.0, 1e-06, 0.0, -1e-06, 0.483171, 0.875526, 0.37472, -0.0, -0.875527, 0.483171, -0.0, 0.0, 0.0, 0.0, 1.0],
                [0.999999, 1e-06, 1e-06, -0.0, -1e-06, 0.58292, 0.812529, 0.37472, -0.0, -0.81253, 0.58292, -0.0, 0.0, 0.0, 0.0, 1.0],
                [0.999999, 0.0, 1e-06, 0.0, -1e-06, 0.683511, 0.72994, 0.37472, 0.0, -0.729941, 0.68351, -0.0, 0.0, 0.0, 0.0, 1.0],
                [0.999999, 1e-06, 0.0, -0.0, -1e-06, 0.766105, 0.642716, 0.37472, 0.0, -0.642717, 0.766104, 0.0, 0.0, 0.0, 0.0, 1.0],
                [0.999999, 1e-06, 0.0, 0.0, -1e-06, 0.819625, 0.572901, 0.37472, 0.0, -0.572901, 0.819625, -0.0, 0.0, 0.0, 0.0, 1.0],
                [0.999999, 1e-06, 0.0, 0.0, -1e-06, 0.838404, 0.545049, 0.37472, 0.0, -0.545049, 0.838404, 0.0, 0.0, 0.0, 0.0, 1.0],
                [0.999999, 1e-06, 0.0, 0.0, -1e-06, 0.796365, 0.604816, 0.37472, 0.0, -0.604816, 0.796364, 0.0, 0.0, 0.0, 0.0, 1.0],
                [1.0, 1e-06, 1e-06, 0.0, -1e-06, 0.50418, 0.863598, 0.37472, 0.0, -0.863599, 0.504179, -0.0, 0.0, 0.0, 0.0, 1.0],
                [1.0, 0.0, 1e-06, -0.0, -1e-06, 0.055343, 0.998467, 0.37472, 0.0, -0.998468, 0.055343, -0.0, 0.0, 0.0, 0.0, 1.0],
                [0.999999, 0.0, 1e-06, 0.0, -1e-06, -0.071215, 0.997461, 0.37472, 0.0, -0.997461, -0.071215, -0.0, 0.0, 0.0, 0.0, 1.0],
                [0.999999, 0.0, 1e-06, 0.0, -1e-06, 0.139352, 0.990243, 0.37472, 0.0, -0.990243, 0.139352, -0.0, 0.0, 0.0, 0.0, 1.0],
                [1.0, 1e-06, 1e-06, -0.0, -1e-06, 0.472667, 0.881241, 0.37472, 0.0, -0.881242, 0.472666, -0.0, 0.0, 0.0, 0.0, 1.0],
                [0.999999, 1e-06, 0.0, -0.0, -1e-06, 0.818135, 0.575026, 0.37472, 0.0, -0.575027, 0.818134, 0.0, 0.0, 0.0, 0.0, 1.0],
                [1.0, 1e-06, 0.0, -0.0, -1e-06, 0.954633, 0.297787, 0.37472, -0.0, -0.297787, 0.954632, -0.0, 0.0, 0.0, 0.0, 1.0],
                [1.0, 1e-06, 0.0, 0.0, -1e-06, 0.972539, 0.232741, 0.37472, -0.0, -0.232741, 0.972538, 0.0, 0.0, 0.0, 0.0, 1.0],
                [0.999999, 1e-06, 0.0, -0.0, -1e-06, 0.979511, 0.201391, 0.37472, -0.0, -0.201391, 0.97951, -0.0, 0.0, 0.0, 0.0, 1.0],
                [1.0, 1e-06, 0.0, -0.0, -1e-06, 0.982128, 0.188216, 0.37472, -0.0, -0.188216, 0.982127, -0.0, 0.0, 0.0, 0.0, 1.0],
                [1.0, 1e-06, 0.0, 0.0, -1e-06, 0.981535, 0.191287, 0.37472, -0.0, -0.191287, 0.981534, -0.0, 0.0, 0.0, 0.0, 1.0],
                [0.999999, 1e-06, 0.0, -0.0, -1e-06, 0.97804, 0.208418, 0.37472, -0.0, -0.208419, 0.978039, -0.0, 0.0, 0.0, 0.0, 1.0],
                [1.0, 1e-06, 0.0, 0.0, -1e-06, 0.971441, 0.237281, 0.37472, -0.0, -0.237281, 0.97144, -0.0, 0.0, 0.0, 0.0, 1.0],
                [1.0, 1e-06, 0.0, -0.0, -1e-06, 0.9613, 0.275507, 0.37472, -0.0, -0.275507, 0.961298, 0.0, 0.0, 0.0, 0.0, 1.0],
                [1.0, 1e-06, 0.0, -0.0, -1e-06, 0.947168, 0.320737, 0.37472, -0.0, -0.320738, 0.947167, 0.0, 0.0, 0.0, 0.0, 1.0],
                [0.999999, 1e-06, 0.0, 0.0, -1e-06, 0.928865, 0.370419, 0.37472, -0.0, -0.37042, 0.928864, -0.0, 0.0, 0.0, 0.0, 1.0],
                [0.999999, 1e-06, 0.0, 0.0, -1e-06, 0.906503, 0.4222, 0.37472, -0.0, -0.4222, 0.906502, 0.0, 0.0, 0.0, 0.0, 1.0],
                [1.0, 1e-06, 0.0, 0.0, -1e-06, 0.880702, 0.47367, 0.37472, -0.0, -0.47367, 0.880702, 0.0, 0.0, 0.0, 0.0, 1.0],
                [1.0, 1e-06, 0.0, 0.0, -1e-06, 0.845307, 0.534281, 0.37472, 0.0, -0.534281, 0.845306, -0.0, 0.0, 0.0, 0.0, 1.0],
                [1.0, 1e-06, 0.0, 0.0, -1e-06, 0.808501, 0.588494, 0.374721, 0.0, -0.588494, 0.808501, 0.0, 0.0, 0.0, 0.0, 1.0],
                [1.0, 1e-06, 1e-06, -0.0, -1e-06, 0.775761, 0.631027, 0.37472, 0.0, -0.631027, 0.77576, -0.0, 0.0, 0.0, 0.0, 1.0],
                [1.0, 1e-06, 0.0, -0.0, -1e-06, 0.73766, 0.675172, 0.37472, 0.0, -0.675172, 0.73766, 0.0, 0.0, 0.0, 0.0, 1.0],
