{
    "animation": [
        {
            "name": "Root",
            "time": [0.0, 0.0417, 0.0833, 0.125, 0.1667, 0.2083, 0.25, 0.2917, 0.3333, 0.375, 0.4167, 0.4583, 0.5, 0.5417, 0.5833, 0.625, 0.6667, 0.7083, 0.75, 0.7917, 0.8333, 0.875, 0.9167, 0.9583, 1.0, 1.0417, 1.0833, 1.125, 1.1667, 1.2083, 1.25, 1.2917, 1.3333, 1.375, 1.4167, 1.4583, 1.5, 1.5417, 1.5833, 1.625, 1.6667, 1.7917, 1.9167, 1.9583, 2.0, 2.0417, 2.0833, 2.125, 2.1667, 2.2083, 2.25, 2.2917, 2.3333, 2.375, 2.4167, 2.4583, 2.5, 2.5417, 2.625, 2.8333, 2.9167, 3.0, 3.0417, 3.0833, 3.125, 3.1667, 3.2083, 3.25, 3.2917, 3.3333, 3.375, 3.4167, 3.4583, 3.5, 3.5417, 3.5833, 3.625, 3.6667, 3.9167, 3.9583, 4.0, 4.0417, 4.0833, 4.125, 4.1667, 4.2083, 4.25, 4.2917, 4.3333, 4.375, 4.4167, 4.4583, 4.5, 4.5417, 4.5833, 4.625, 4.6667, 4.7083, 4.75, 4.7917, 10.4583],
            "transform": [
                [1.0, -0.0, -0.0, -0.481121, -0.0, -0.0, -1.0, 0.367232, 0.0, 1.0, -0.0, 0.273514, 0.0, 0.0, 0.0, 1.0],
                [1.0, -0.0, -0.0, -0.50106, -0.0, -0.0, -1.0, 0.367232, 0.0, 1.0, -0.0, 0.587788, 0.0, 0.0, 0.0, 1.0],
                [1.0, -0.0, -0.0, -0.50106, -0.0, -0.0, -1.0, 0.519356, 0.0, 1.0, -0.0, 0.749767, 0.0, 0.0, 0.0, 1.0],
                [1.0, -0.0, -0.0, -0.50106, -0.0, -0.0, -1.0, 1.017017, 0.0, 1.0, -0.0, 1.316339, 0.0, 0.0, 0.0, 1.0],
                [1.0, -0.0, -0.0, -0.50106, -0.0, -0.0, -1.0, 1.403192, 0.0, 1.0, -0.0, 1.667387, 0.0, 0.0, 0.0, 1.0],
                [1.0, -0.0, -0.0, -0.499654, -0.0, -0.0, -1.0, 2.496102, 0.0, 1.0, -0.0, 2.532504, 0.0, 0.0, 0.0, 1.0],
                [1.0, -0.0, -0.0, -0.404673, -0.0, -0.0, -1.0, 3.743066, 0.0, 1.0, -0.0, 2.944212, 0.0, 0.0, 0.0, 1.0],
                [1.0, -0.0, -0.0, -0.500813, -0.0, -0.0, -1.0, 3.835943, 0.0, 1.0, -0.0, 3.213832, 0.0, 0.0, 0.0, 1.0],
                [1.0, -0.0, -0.0, -0.589627, -0.0, -0.0, -1.0, 4.457953, 0.0, 1.0, -0.0, 3.382008, 0.0, 0.0, 0.0, 1.0],
                [1.0, -0.0, -0.0, -0.557458, -0.0, -0.0, -1.0, 4.623667, 0.0, 1.0, -0.0, 3.471555, 0.0, 0.0, 0.0, 1.0],
                [1.0, -0.0, -0.0, -0.825858, -0.0, -0.0, -1.0, 4.573123, 0.0, 1.0, -0.0, 3.686997, 0.0, 0.0, 0.0, 1.0],
                [1.0, -0.0, -0.0, -0.598219, -0.0, -0.0, -1.0, 4.647197, 0.0, 1.0, -0.0, 3.747602, 0.0, 0.0, 0.0, 1.0],
                [1.0, -0.0, -0.0, -0.243905, -0.0, -0.0, -1.0, 4.934857, 0.0, 1.0, -0.0, 4.091724, 0.0, 0.0, 0.0, 1.0],
                [1.0, -0.0, -0.0, -0.364084, -0.0, -0.0, -1.0, 4.968154, 0.0, 1.0, -0.0, 4.605451, 0.0, 0.0, 0.0, 1.0],
                [1.0, -0.0, -0.0, -0.637763, -0.0, -0.0, -1.0, 5.878573, 0.0, 1.0, -0.0, 4.534096, 0.0, 0.0, 0.0, 1.0],
                [1.0, -0.0, -0.0, -0.921118, -0.0, -0.0, -1.0, 6.551157, 0.0, 1.0, -0.0, 4.384226, 0.0, 0.0, 0.0, 1.0],
                [1.0, -0.0, -0.0, -0.867746, -0.0, -0.0, -1.0, 7.004942, 0.0, 1.0, -0.0, 4.028907, 0.0, 0.0, 0.0, 1.0],
                [1.0, -0.0, -0.0, -0.888504, -0.0, -0.0, -1.0, 7.719188, 0.0, 1.0, -0.0, 3.547988, 0.0, 0.0, 0.0, 1.0],
                [1.0, -0.0, -0.0, -0.903017, -0.0, -0.0, -1.0, 8.577461, 0.0, 1.0, -0.0, 3.363023, 0.0, 0.0, 0.0, 1.0],
                [1.0, -0.0, -0.0, -0.913707, -0.0, -0.0, -1.0, 8.871494, 0.0, 1.0, -0.0, 3.277576, 0.0, 0.0, 0.0, 1.0],
                [1.0, -0.0, -0.0, -0.921597, -0.0, -0.0, -1.0, 9.187675, 0.0, 1.0, -0.0, 3.003122, 0.0, 0.0, 0.0, 1.0],
                [1.0, -0.0, -0.0, -0.924516, -0.0, -0.0, -1.0, 9.61825, 0.0, 1.0, -0.0, 2.683069, 0.0, 0.0, 0.0, 1.0],
                [1.0, -0.0, -0.0, -0.922134, -0.0, -0.0, -1.0, 9.975112, 0.0, 1.0, -0.0, 2.399581, 0.0, 0.0, 0.0, 1.0],
                [1.0, -0.0, -0.0, -0.921823, -0.0, -0.0, -1.0, 10.312906, 0.0, 1.0, -0.0, 2.050173, 0.0, 0.0, 0.0, 1.0],
                [1.0, -0.0, -0.0, -0.921783, -0.0, -0.0, -1.0, 10.254789, 0.0, 1.0, -0.0, 1.700765, 0.0, 0.0, 0.0, 1.0],
                [1.0, -0.0, -0.0, -0.921742, -0.0, -0.0, -1.0, 10.532034, 0.0, 1.0, -0.0, 1.119733, 0.0, 0.0, 0.0, 1.0],
                [1.0, -0.0, -0.0, -0.921702, -0.0, -0.0, -1.0, 10.430454, 0.0, 1.0, -0.0, 1.026704, 0.0, 0.0, 0.0, 1.0],
                [1.0, -0.0, -0.0, -0.92167, -0.0, -0.0, -1.0, 10.459712, 0.0, 1.0, -0.0, 0.604803, 0.0, 0.0, 0.0, 1.0],
                [1.0, -0.0, -0.0, -0.92163, -0.0, -0.0, -1.0, 10.568598, 0.0, 1.0, -0.0, 1.247314, 0.0, 0.0, 0.0, 1.0],
                [1.0, -0.0, -0.0, -1.227667, -0.0, -0.0, -1.0, 10.691128, 0.0, 1.0, -0.0, 1.846933, 0.0, 0.0, 0.0, 1.0],
                [1.0, -0.0, -0.0, -1.125581, -0.0, -0.0, -1.0, 10.91457, 0.0, 1.0, -0.0, 2.402021, 0.0, 0.0, 0.0, 1.0],
                [1.0, -0.0, -0.0, -0.921469, -0.0, -0.0, -1.0, 11.13978, 0.0, 1.0, -0.0, 2.874922, 0.0, 0.0, 0.0, 1.0],
                [1.0, -0.0, -0.0, -0.853411, -0.0, -0.0, -1.0, 11.311577, 0.0, 1.0, -0.0, 2.977506, 0.0, 0.0, 0.0, 1.0],
                [1.0, -0.0, -0.0, -0.864707, -0.0, -0.0, -1.0, 11.467049, 0.0, 1.0, -0.0, 3.107703, 0.0, 0.0, 0.0, 1.0],
                [1.0, -0.0, -0.0, -0.955357, -0.0, -0.0, -1.0, 11.645932, 0.0, 1.0, -0.0, 3.247782, 0.0, 0.0, 0.0, 1.0],
                [1.0, -0.0, -0.0, -1.011997, -0.0, -0.0, -1.0, 11.733678, 0.0, 1.0, -0.0, 3.323922, 0.0, 0.0, 0.0, 1.0],
                [1.0, -0.0, -0.0, -1.034629, -0.0, -0.0, -1.0, 11.886383, 0.0, 1.0, -0.0, 3.418988, 0.0, 0.0, 0.0, 1.0],
                [1.0, -0.0, -0.0, -0.812302, -0.0, -0.0, -1.0, 11.701547, 0.0, 1.0, -0.0, 3.147356, 0.0, 0.0, 0.0, 1.0],
                [1.0, -0.0, -0.0, -0.675318, -0.0, -0.0, -1.0, 11.418139, 0.0, 1.0, -0.0, 2.906128, 0.0, 0.0, 0.0, 1.0],
                [1.0, -0.0, -0.0, -0.643341, -0.0, -0.0, -1.0, 11.205223, 0.0, 1.0, -0.0, 2.698737, 0.0, 0.0, 0.0, 1.0],
                [1.0, -0.0, -0.0, -0.54293, -0.0, -0.0, -1.0, 11.131854, 0.0, 1.0, -0.0, 2.491346, 0.0, 0.0, 0.0, 1.0],
                [1.0, -0.0, -0.0, -0.547299, -0.0, -0.0, -1.0, 11.181429, 0.0, 1.0, -0.0, 1.467807, 0.0, 0.0, 0.0, 1.0],
                [1.0, -0.0, -0.0, -0.551668, -0.0, -0.0, -1.0, 11.291761, 0.0, 1.0, -0.0, 0.270094, 0.0, 0.0, 0.0, 1.0],
                [1.0, -0.0, -0.0, -0.572836, -0.0, -0.0, -1.0, 11.230486, 0.0, 1.0, -0.0, 0.205909, 0.0, 0.0, 0.0, 1.0],
                [1.0, -0.0, -0.0, -0.579749, -0.0, -0.0, -1.0, 11.198421, 0.0, 1.0, -0.0, 0.18671, 0.0, 0.0, 0.0, 1.0],
                [1.0, -0.0, -0.0, -0.58275, -0.0, -0.0, -1.0, 11.143515, 0.0, 1.0, -0.0, 0.180926, 0.0, 0.0, 0.0, 1.0],
                [1.0, -0.0, -0.0, -0.58312, -0.0, -0.0, -1.0, 11.125334, 0.0, 1.0, -0.0, 0.175143, 0.0, 0.0, 0.0, 1.0],
                [1.0, -0.0, -0.0, -0.582471, -0.0, -0.0, -1.0, 11.086702, 0.0, 1.0, -0.0, 0.227724, 0.0, 0.0, 0.0, 1.0],
                [1.0, -0.0, -0.0, -0.579672, -0.0, -0.0, -1.0, 11.029873, 0.0, 1.0, -0.0, 0.25253, 0.0, 0.0, 0.0, 1.0],
                [1.0, -0.0, -0.0, -0.57608, -0.0, -0.0, -1.0, 10.965988, 0.0, 1.0, -0.0, 0.26319, 0.0, 0.0, 0.0, 1.0],
                [1.0, -0.0, -0.0, -0.574515, -0.0, -0.0, -1.0, 10.964649, 0.0, 1.0, -0.0, 0.27385, 0.0, 0.0, 0.0, 1.0],
                [1.0, -0.0, -0.0, -0.573783, -0.0, -0.0, -1.0, 10.96331, 0.0, 1.0, -0.0, 0.28451, 0.0, 0.0, 0.0, 1.0],
                [1.0, -0.0, -0.0, -0.573729, -0.0, -0.0, -1.0, 10.961971, 0.0, 1.0, -0.0, 0.318208, 0.0, 0.0, 0.0, 1.0],
                [1.0, -0.0, -0.0, -0.573676, -0.0, -0.0, -1.0, 10.960632, 0.0, 1.0, -0.0, 0.385603, 0.0, 0.0, 0.0, 1.0],
                [1.0, -0.0, -0.0, -0.573622, -0.0, -0.0, -1.0, 10.959293, 0.0, 1.0, -0.0, 0.403806, 0.0, 0.0, 0.0, 1.0],
                [1.0, -0.0, -0.0, -0.573568, -0.0, -0.0, -1.0, 10.948658, 0.0, 1.0, -0.0, 0.421228, 0.0, 0.0, 0.0, 1.0],
                [1.0, -0.0, -0.0, -0.573515, -0.0, -0.0, -1.0, 10.952456, 0.0, 1.0, -0.0, 0.424327, 0.0, 0.0, 0.0, 1.0],
                [1.0, -0.0, -0.0, -0.573394, -0.0, -0.0, -1.0, 10.924246, 0.0, 1.0, -0.0, 0.450667, 0.0, 0.0, 0.0, 1.0],
                [1.0, -0.0, -0.0, -0.573121, -0.0, -0.0, -1.0, 10.891429, 0.0, 1.0, -0.0, 0.520072, 0.0, 0.0, 0.0, 1.0],
                [1.0, -0.0, -0.0, -0.572657, -0.0, -0.0, -1.0, 10.917003, 0.0, 1.0, -0.0, 0.569013, 0.0, 0.0, 0.0, 1.0],
                [1.0, -0.0, -0.0, -0.566792, -0.0, -0.0, -1.0, 10.935026, 0.0, 1.0, -0.0, 0.553519, 0.0, 0.0, 0.0, 1.0],
                [1.0, -0.0, -0.0, -0.550029, -0.0, -0.0, -1.0, 10.803226, 0.0, 1.0, -0.0, 0.587788, 0.0, 0.0, 0.0, 1.0],
                [1.0, -0.0, -0.0, -0.537763, -0.0, -0.0, -1.0, 10.762641, 0.0, 1.0, -0.0, 0.587788, 0.0, 0.0, 0.0, 1.0],
                [1.0, -0.0, -0.0, -0.528866, -0.0, -0.0, -1.0, 10.731747, 0.0, 1.0, -0.0, 0.587788, 0.0, 0.0, 0.0, 1.0],
                [1.0, -0.0, -0.0, -0.517814, -0.0, -0.0, -1.0, 10.69202, 0.0, 1.0, -0.0, 0.587788, 0.0, 0.0, 0.0, 1.0],
                [1.0, -0.0, -0.0, -0.506343, -0.0, -0.0, -1.0, 10.649925, 0.0, 1.0, -0.0, 0.587788, 0.0, 0.0, 0.0, 1.0],
                [1.0, -0.0, -0.0, -0.498547, -0.0, -0.0, -1.0, 10.620893, 0.0, 1.0, -0.0, 0.587788, 0.0, 0.0, 0.0, 1.0],
                [1.0, -0.0, -0.0, -0.490738, -0.0, -0.0, -1.0, 10.591484, 0.0, 1.0, -0.0, 0.587788, 0.0, 0.0, 0.0, 1.0],
                [1.0, -0.0, -0.0, -0.484693, -0.0, -0.0, -1.0, 10.564291, 0.0, 1.0, -0.0, 0.587798, 0.0, 0.0, 0.0, 1.0],
                [1.0, -0.0, -0.0, -0.478648, -0.0, -0.0, -1.0, 10.537099, 0.0, 1.0, -0.0, 0.587808, 0.0, 0.0, 0.0, 1.0],
                [1.0, -0.0, -0.0, -0.472603, -0.0, -0.0, -1.0, 10.509907, 0.0, 1.0, -0.0, 0.587818, 0.0, 0.0, 0.0, 1.0],
                [1.0, -0.0, -0.0, -0.466559, -0.0, -0.0, -1.0, 10.482714, 0.0, 1.0, -0.0, 0.587828, 0.0, 0.0, 0.0, 1.0],
                [1.0, -0.0, -0.0, -0.460514, -0.0, -0.0, -1.0, 10.455521, 0.0, 1.0, -0.0, 0.587837, 0.0, 0.0, 0.0, 1.0],
                [1.0, -0.0, -0.0, -0.454469, -0.0, -0.0, -1.0, 10.428329, 0.0, 1.0, -0.0, 0.587847, 0.0, 0.0, 0.0, 1.0],
                [1.0, -0.0, -0.0, -0.452987, -0.0, -0.0, -1.0, 10.428197, 0.0, 1.0, -0.0, 0.589132, 0.0, 0.0, 0.0, 1.0],
                [1.0, -0.0, -0.0, -0.422038, -0.0, -0.0, -1.0, 10.394323, 0.0, 1.0, -0.0, 0.592781, 0.0, 0.0, 0.0, 1.0],
                [1.0, -0.0, -0.0, -0.391089, -0.0, -0.0, -1.0, 10.360449, 0.0, 1.0, -0.0, 0.59643, 0.0, 0.0, 0.0, 1.0],
                [1.0, -0.0, -0.0, -0.36014, -0.0, -0.0, -1.0, 10.326575, 0.0, 1.0, -0.0, 0.600079, 0.0, 0.0, 0.0, 1.0],
                [1.0, -0.0, -0.0, -0.263495, -0.0, -0.0, -1.0, 10.238269, 0.0, 1.0, -0.0, 0.600325, 0.0, 0.0, 0.0, 1.0],
                [1.0, -0.0, -0.0, -0.269784, -0.0, -0.0, -1.0, 10.241218, 0.0, 1.0, -0.0, 0.600366, 0.0, 0.0, 0.0, 1.0],
                [1.0, -0.0, -0.0, -0.286119, -0.0, -0.0, -1.0, 10.244168, 0.0, 1.0, -0.0, 0.600407, 0.0, 0.0, 0.0, 1.0],
                [1.0, -0.0, -0.0, -0.308205, -0.0, -0.0, -1.0, 10.254922, 0.0, 1.0, -0.0, 0.600448, 0.0, 0.0, 0.0, 1.0],
                [1.0, -0.0, -0.0, -0.334387, -0.0, -0.0, -1.0, 10.270936, 0.0, 1.0, -0.0, 0.600489, 0.0, 0.0, 0.0, 1.0],
                [1.0, -0.0, -0.0, -0.366551, -0.0, -0.0, -1.0, 10.289582, 0.0, 1.0, -0.0, 0.600531, 0.0, 0.0, 0.0, 1.0],
                [1.0, -0.0, -0.0, -0.399938, -0.0, -0.0, -1.0, 10.308984, 0.0, 1.0, -0.0, 0.600572, 0.0, 0.0, 0.0, 1.0],
                [1.0, -0.0, -0.0, -0.426485, -0.0, -0.0, -1.0, 10.325295, 0.0, 1.0, -0.0, 0.600613, 0.0, 0.0, 0.0, 1.0],
                [1.0, -0.0, -0.0, -0.441639, -0.0, -0.0, -1.0, 10.337634, 0.0, 1.0, -0.0, 0.600654, 0.0, 0.0, 0.0, 1.0],
                [1.0, -0.0, -0.0, -0.444973, -0.0, -0.0, -1.0, 10.343957, 0.0, 1.0, -0.0, 0.600695, 0.0, 0.0, 0.0, 1.0],
                [1.0, -0.0, -0.0, -0.441368, -0.0, -0.0, -1.0, 10.347285, 0.0, 1.0, -0.0, 0.600736, 0.0, 0.0, 0.0, 1.0],
                [1.0, -0.0, -0.0, -0.434468, -0.0, -0.0, -1.0, 10.346541, 0.0, 1.0, -0.0, 0.600777, 0.0, 0.0, 0.0, 1.0],
                [1.0, -0.0, -0.0, -0.423585, -0.0, -0.0, -1.0, 10.343764, 0.0, 1.0, -0.0, 0.600818, 0.0, 0.0, 0.0, 1.0],
                [1.0, -0.0, -0.0, -0.409667, -0.0, -0.0, -1.0, 10.340707, 0.0, 1.0, -0.0, 0.600859, 0.0, 0.0, 0.0, 1.0],
                [1.0, -0.0, -0.0, -0.394908, -0.0, -0.0, -1.0, 10.335694, 0.0, 1.0, -0.0, 0.6009, 0.0, 0.0, 0.0, 1.0],
                [1.0, -0.0, -0.0, -0.379686, -0.0, -0.0, -1.0, 10.330438, 0.0, 1.0, -0.0, 0.600941, 0.0, 0.0, 0.0, 1.0],
                [1.0, -0.0, -0.0, -0.369586, -0.0, -0.0, -1.0, 10.327001, 0.0, 1.0, -0.0, 0.600982, 0.0, 0.0, 0.0, 1.0],
                [1.0, -0.0, -0.0, -0.367437, -0.0, -0.0, -1.0, 10.327168, 0.0, 1.0, -0.0, 0.601023, 0.0, 0.0, 0.0, 1.0],
                [1.0, -0.0, -0.0, -0.368968, -0.0, -0.0, -1.0, 10.327334, 0.0, 1.0, -0.0, 0.601064, 0.0, 0.0, 0.0, 1.0],
                [1.0, -0.0, -0.0, -0.373019, -0.0, -0.0, -1.0, 10.327502, 0.0, 1.0, -0.0, 0.601105, 0.0, 0.0, 0.0, 1.0],
                [1.0, -0.0, -0.0, -0.378944, -0.0, -0.0, -1.0, 10.327668, 0.0, 1.0, -0.0, 0.601146, 0.0, 0.0, 0.0, 1.0],
                [1.0, -0.0, -0.0, -0.388411, -0.0, -0.0, -1.0, 10.327807, 0.0, 1.0, -0.0, 0.601187, 0.0, 0.0, 0.0, 1.0],
                [1.0, -0.0, -0.0, -0.388411, -0.0, -0.0, -1.0, 10.327807, 0.0, 1.0, -0.0, 0.601187, 0.0, 0.0, 0.0, 1.0]
            ]
        },
        {
            "name": "Thigh_R",
            "time": [0.0, 0.0417, 0.0833, 0.125, 0.1667, 0.2083, 0.25, 0.2917, 0.3333, 0.375, 0.4167, 0.4583, 0.5, 0.5417, 0.5833, 0.625, 0.6667, 0.7083, 0.75, 0.7917, 0.8333, 0.875, 0.9167, 0.9583, 1.0, 1.0417, 1.0833, 1.125, 1.1667, 1.2083, 1.25, 1.2917, 1.3333, 1.375, 1.4167, 1.4583, 1.5, 1.5417, 1.5833, 1.625, 1.6667, 1.9167, 1.9583, 2.0, 2.0417, 2.0833, 2.125, 2.1667, 2.2083, 2.25, 2.2917, 2.3333, 2.375, 2.4167, 2.4583, 2.5, 2.5417, 2.5833, 2.625, 2.6667, 2.7083, 2.75, 2.7917, 2.8333, 2.875, 2.9167, 2.9583, 3.0, 3.0417, 3.0833, 3.125, 3.1667, 3.2083, 3.25, 3.2917, 3.3333, 3.375, 3.4167, 3.4583, 3.5, 3.5417, 3.7917, 3.8333, 3.875, 3.9167, 3.9583, 4.0, 4.0417, 4.0833, 4.125, 4.1667, 4.2083, 4.25, 4.2917, 4.3333, 4.375, 4.4167, 4.4583, 4.5, 4.5417, 4.5833, 4.625, 4.6667, 4.7083, 4.75, 4.7917, 10.4583],
            "transform": [
                [0.538194, 0.782248, 0.313746, 0.066726, 0.652724, -0.62235, 0.43201, 0.138121, 0.5332, -0.027715, -0.845536, 0.083988, 0.0, 0.0, 0.0, 1.0],
                [0.800602, 0.403068, 0.443369, 0.11764, 0.38369, -0.913192, 0.137347, 0.111572, 0.460241, 0.060156, -0.885753, 0.007674, 0.0, 0.0, 0.0, 1.0],
                [0.906168, 0.202886, 0.371078, 0.14047, 0.217337, -0.976093, 0.002944, 0.06945, 0.362805, 0.077982, -0.928596, 0.006608, 0.0, 0.0, 0.0, 1.0],
                [0.934234, 0.151853, 0.322724, 0.139985, 0.030369, -0.93542, 0.352234, 0.048728, 0.355371, -0.319268, -0.878509, -0.011177, 0.0, 0.0, 0.0, 1.0],
                [0.92314, 0.239967, 0.300385, 0.131077, -0.29851, -0.045024, 0.953343, 0.045053, 0.242295, -0.969738, 0.030068, 0.045896, 0.0, 0.0, 0.0, 1.0],
                [0.938556, 0.281862, 0.199173, 0.125332, -0.329473, 0.903577, 0.273854, -0.034744, -0.102779, -0.322649, 0.940922, 0.026882, 0.0, 0.0, 0.0, 1.0],
                [0.945634, 0.277224, 0.170073, 0.121933, -0.192573, 0.898661, -0.394111, -0.015897, -0.262096, 0.339933, 0.90319, 0.04107, 0.0, 0.0, 0.0, 1.0],
                [0.952355, 0.259635, 0.160036, 0.118534, -0.038127, 0.621949, -0.782129, 0.002949, -0.302603, 0.738762, 0.602214, 0.055258, 0.0, 0.0, 0.0, 1.0],
                [0.957143, 0.233184, 0.171768, 0.115135, 0.02849, 0.514401, -0.857077, 0.021796, -0.288215, 0.825239, 0.485711, 0.069446, 0.0, 0.0, 0.0, 1.0],
                [0.958179, 0.2395, 0.156637, 0.111737, -0.120195, 0.833538, -0.53923, 0.040643, -0.259709, 0.497851, 0.827463, 0.083634, 0.0, 0.0, 0.0, 1.0],
                [0.972492, 0.231602, 0.024953, 0.108338, -0.230019, 0.971678, -0.054159, 0.059489, -0.036789, 0.046929, 0.998221, 0.097822, 0.0, 0.0, 0.0, 1.0],
                [0.93062, 0.140408, -0.337989, 0.104939, -0.107744, 0.987663, 0.113635, 0.078336, 0.349775, -0.069335, 0.934264, 0.11201, 0.0, 0.0, 0.0, 1.0],
                [0.664056, -0.063424, -0.744989, 0.069073, 0.165155, 0.984227, 0.063421, 0.073723, 0.729218, -0.165154, 0.664053, 0.100223, 0.0, 0.0, 0.0, 1.0],
                [-0.007287, -0.46517, -0.885191, 0.033206, 0.532996, 0.747182, -0.397033, 0.069111, 0.846088, -0.474696, 0.242489, 0.088435, 0.0, 0.0, 0.0, 1.0],
                [-0.596184, -0.691185, -0.408448, -0.00266, 0.480043, 0.100896, -0.871423, 0.064499, 0.643525, -0.715602, 0.271645, 0.076648, 0.0, 0.0, 0.0, 1.0],
                [-0.813969, -0.578777, 0.049736, -0.038526, 0.274608, -0.458815, -0.845032, 0.059886, 0.511904, -0.674173, 0.532397, 0.064861, 0.0, 0.0, 0.0, 1.0],
                [-0.89471, -0.278026, 0.349567, -0.074392, 0.0268, -0.814651, -0.579333, 0.055274, 0.445845, -0.508967, 0.736326, 0.053074, 0.0, 0.0, 0.0, 1.0],
                [-0.870411, 0.081061, 0.485609, -0.110258, -0.235126, -0.935041, -0.265359, 0.05066, 0.432554, -0.34515, 0.832928, 0.041286, 0.0, 0.0, 0.0, 1.0],
                [-0.72423, 0.404547, 0.558422, -0.146124, -0.47711, -0.878664, 0.017773, 0.046048, 0.497855, -0.253557, 0.829367, 0.029499, 0.0, 0.0, 0.0, 1.0],
                [-0.465509, 0.606718, 0.644357, -0.103644, -0.639455, -0.73391, 0.229074, 0.054658, 0.611884, -0.305401, 0.729609, 0.016767, 0.0, 0.0, 0.0, 1.0],
                [-0.148814, 0.591505, 0.79245, -0.061164, -0.688576, -0.637148, 0.346276, 0.063267, 0.709732, -0.494131, 0.502111, 0.004034, 0.0, 0.0, 0.0, 1.0],
                [0.333044, -0.012878, 0.942823, -0.018685, -0.558042, -0.808682, 0.186077, 0.071876, 0.760049, -0.588106, -0.276512, -0.008699, 0.0, 0.0, 0.0, 1.0],
                [0.798301, -0.24604, 0.549711, 0.023795, -0.125431, -0.960653, -0.247816, 0.080486, 0.589056, 0.128882, -0.797749, -0.021432, 0.0, 0.0, 0.0, 1.0],
                [0.906642, 0.154357, 0.392654, 0.066275, 0.276998, -0.919772, -0.278014, 0.089095, 0.318239, 0.360824, -0.876659, -0.034164, 0.0, 0.0, 0.0, 1.0],
                [0.817696, 0.563931, 0.115571, 0.108755, 0.572015, -0.77345, -0.273083, 0.097705, -0.064612, 0.289407, -0.955023, -0.046897, 0.0, 0.0, 0.0, 1.0],
                [0.632348, 0.728999, -0.262103, 0.098413, 0.617685, -0.678655, -0.397359, 0.091449, -0.467553, 0.089372, -0.879436, -0.061151, 0.0, 0.0, 0.0, 1.0],
                [0.474706, 0.790122, -0.387766, 0.088072, 0.551652, -0.610393, -0.568419, 0.085192, -0.685811, 0.05592, -0.725629, -0.075403, 0.0, 0.0, 0.0, 1.0],
                [0.403139, 0.866622, -0.294019, 0.07773, 0.537781, -0.4843, -0.690105, 0.078936, -0.740454, 0.120091, -0.661291, -0.089656, 0.0, 0.0, 0.0, 1.0],
                [0.286112, 0.957534, -0.035635, 0.067388, 0.522986, -0.187214, -0.831527, 0.07268, -0.802888, 0.219273, -0.554339, -0.103908, 0.0, 0.0, 0.0, 1.0],
                [0.163121, 0.947519, 0.274953, 0.072493, 0.467434, 0.171202, -0.867292, 0.038365, -0.86885, 0.269995, -0.414975, -0.094171, 0.0, 0.0, 0.0, 1.0],
                [0.057328, 0.830116, 0.554637, 0.077598, 0.328578, 0.508912, -0.795641, 0.004049, -0.942738, 0.227853, -0.243582, -0.084434, 0.0, 0.0, 0.0, 1.0],
                [0.060597, 0.805014, 0.590152, 0.079669, 0.200226, 0.569418, -0.79729, -0.003021, -0.977876, 0.166476, -0.12668, -0.071891, 0.0, 0.0, 0.0, 1.0],
                [0.103747, 0.836542, 0.537991, 0.08174, 0.121883, 0.52614, -0.841618, -0.010091, -0.98711, 0.152887, -0.047374, -0.059347, 0.0, 0.0, 0.0, 1.0],
                [0.163523, 0.882663, 0.440644, 0.078888, 0.040686, 0.440243, -0.896956, -0.003633, -0.985703, 0.1646, 0.036078, -0.067766, 0.0, 0.0, 0.0, 1.0],
                [0.217911, 0.925019, 0.311215, 0.076035, -0.041515, 0.327375, -0.943981, 0.002826, -0.975087, 0.192783, 0.109741, -0.076185, 0.0, 0.0, 0.0, 1.0],
                [0.257963, 0.952317, 0.162936, 0.073183, -0.12009, 0.198941, -0.972625, 0.009285, -0.958664, 0.231334, 0.165683, -0.084603, 0.0, 0.0, 0.0, 1.0],
                [0.271572, 0.962316, 0.014055, 0.070331, -0.192196, 0.068537, -0.97896, 0.015743, -0.943035, 0.263156, 0.203566, -0.093022, 0.0, 0.0, 0.0, 1.0],
                [0.253988, 0.960192, -0.116288, 0.067478, -0.23279, -0.05601, -0.970912, 0.022202, -0.938777, 0.273671, 0.209296, -0.101441, 0.0, 0.0, 0.0, 1.0],
                [0.173213, 0.924724, -0.338946, 0.064626, -0.158298, -0.313535, -0.936289, 0.028661, -0.972082, 0.215832, 0.092074, -0.10986, 0.0, 0.0, 0.0, 1.0],
                [-0.082436, 0.717979, -0.691166, 0.052611, -0.029448, -0.694979, -0.718426, 0.029328, -0.996164, -0.03887, 0.078435, -0.111529, 0.0, 0.0, 0.0, 1.0],
                [-0.410978, 0.046019, -0.910483, 0.040597, 0.246518, -0.955909, -0.159589, 0.029995, -0.877685, -0.290037, 0.381512, -0.113199, 0.0, 0.0, 0.0, 1.0],
                [-0.379098, -0.613209, -0.693008, -0.03149, 0.544818, -0.753255, 0.368485, 0.033996, -0.747972, -0.237871, 0.619643, -0.123216, 0.0, 0.0, 0.0, 1.0],
                [-0.300619, -0.696487, -0.651563, -0.049622, 0.623453, -0.660499, 0.418389, 0.035774, -0.721761, -0.280443, 0.632783, -0.135062, 0.0, 0.0, 0.0, 1.0],
                [-0.247156, -0.739851, -0.625727, -0.067754, 0.673915, -0.595251, 0.437626, 0.037552, -0.696245, -0.313525, 0.645715, -0.146909, 0.0, 0.0, 0.0, 1.0],
                [-0.20706, -0.789959, -0.577141, -0.085886, 0.711899, -0.526308, 0.464974, 0.039331, -0.671066, -0.314588, 0.671346, -0.158754, 0.0, 0.0, 0.0, 1.0],
                [-0.169464, -0.830809, -0.530131, -0.061166, 0.738444, -0.463275, 0.489978, 0.041852, -0.652677, -0.308438, 0.692012, -0.156254, 0.0, 0.0, 0.0, 1.0],
                [-0.143209, -0.859664, -0.490377, -0.036445, 0.753411, -0.415994, 0.509238, 0.044373, -0.641768, -0.296527, 0.707252, -0.153752, 0.0, 0.0, 0.0, 1.0],
                [-0.119799, -0.879216, -0.461115, -0.048312, 0.762062, -0.379129, 0.524905, 0.056599, -0.636329, -0.288515, 0.715434, -0.170752, 0.0, 0.0, 0.0, 1.0],
                [-0.09581, -0.882409, -0.460626, -0.039693, 0.757784, -0.364718, 0.54106, 0.058133, -0.645436, -0.297215, 0.703617, -0.171348, 0.0, 0.0, 0.0, 1.0],
                [-0.069765, -0.878198, -0.473184, -0.031074, 0.744779, -0.361421, 0.560964, 0.059667, -0.663657, -0.313281, 0.679276, -0.171943, 0.0, 0.0, 0.0, 1.0],
                [-0.028872, -0.876483, -0.480568, -0.022455, 0.718361, -0.352502, 0.599751, 0.061202, -0.695074, -0.327905, 0.639807, -0.172539, 0.0, 0.0, 0.0, 1.0],
                [0.063031, -0.893273, -0.445075, -0.013836, 0.62891, -0.310723, 0.712689, 0.062736, -0.774922, -0.324833, 0.542201, -0.173134, 0.0, 0.0, 0.0, 1.0],
                [0.181011, -0.891078, -0.416192, -0.005217, 0.489913, -0.285243, 0.823785, 0.06427, -0.852775, -0.353011, 0.384917, -0.173729, 0.0, 0.0, 0.0, 1.0],
                [0.271298, -0.85634, -0.439408, 0.003402, 0.396683, -0.316475, 0.861677, 0.065804, -0.876951, -0.408076, 0.253835, -0.174324, 0.0, 0.0, 0.0, 1.0],
                [0.321138, -0.799008, -0.508387, 0.012021, 0.385309, -0.380146, 0.840848, 0.067339, -0.865107, -0.465914, 0.185785, -0.174919, 0.0, 0.0, 0.0, 1.0],
                [0.344476, -0.728373, -0.592292, 0.020641, 0.41465, -0.447986, 0.79207, 0.068873, -0.842262, -0.518442, 0.147699, -0.175514, 0.0, 0.0, 0.0, 1.0],
                [0.247255, -0.658438, -0.710862, 0.02926, 0.445649, -0.574165, 0.686828, 0.070407, -0.860387, -0.486616, 0.151467, -0.176109, 0.0, 0.0, 0.0, 1.0],
                [0.244177, -0.424564, -0.87185, -0.028949, 0.439861, -0.752765, 0.489763, 0.079284, -0.864236, -0.503081, 0.002941, -0.118683, 0.0, 0.0, 0.0, 1.0],
                [0.197232, -0.302726, -0.932446, -0.024863, 0.434302, -0.825727, 0.359942, 0.074249, -0.878911, -0.475955, -0.031386, -0.120753, 0.0, 0.0, 0.0, 1.0],
                [0.222197, -0.358328, -0.906769, -0.020777, 0.408222, -0.810387, 0.420272, 0.069214, -0.885431, -0.463545, -0.033788, -0.122824, 0.0, 0.0, 0.0, 1.0],
                [0.229514, -0.379974, -0.896071, -0.01669, 0.395392, -0.80486, 0.442568, 0.06418, -0.889377, -0.455875, -0.034488, -0.124895, 0.0, 0.0, 0.0, 1.0],
                [0.23225, -0.396252, -0.888282, -0.012604, 0.3866, -0.80041, 0.458132, 0.059145, -0.892527, -0.44981, -0.032705, -0.126965, 0.0, 0.0, 0.0, 1.0],
                [0.228716, -0.412148, -0.881943, -0.008518, 0.377152, -0.797691, 0.470582, 0.05411, -0.897468, -0.440255, -0.027002, -0.129036, 0.0, 0.0, 0.0, 1.0],
                [0.215521, -0.432066, -0.875711, -0.004431, 0.358238, -0.799276, 0.482518, 0.049076, -0.908416, -0.417705, -0.017478, -0.131106, 0.0, 0.0, 0.0, 1.0],
                [0.1928, -0.441784, -0.876159, -0.000345, 0.341651, -0.806817, 0.481999, 0.044041, -0.919841, -0.39227, -0.004619, -0.133178, 0.0, 0.0, 0.0, 1.0],
                [0.183757, -0.443684, -0.877142, 0.014078, 0.344018, -0.806877, 0.480211, 0.042609, -0.920809, -0.389994, 0.004366, -0.127266, 0.0, 0.0, 0.0, 1.0],
                [0.184178, -0.38604, -0.903909, 0.023994, 0.399705, -0.810749, 0.427695, 0.041625, -0.897952, -0.440068, 0.00498, -0.123201, 0.0, 0.0, 0.0, 1.0],
                [0.166397, -0.239868, -0.956439, 0.03391, 0.470847, -0.832909, 0.290803, 0.040641, -0.866382, -0.498725, -0.025653, -0.119137, 0.0, 0.0, 0.0, 1.0],
                [0.386182, -0.208354, -0.898584, 0.043825, 0.424406, -0.824788, 0.373638, 0.039656, -0.818991, -0.525656, -0.230091, -0.115073, 0.0, 0.0, 0.0, 1.0],
                [0.562803, -0.200907, -0.801805, 0.053741, 0.360177, -0.813479, 0.456646, 0.038672, -0.743995, -0.545793, -0.385465, -0.111009, 0.0, 0.0, 0.0, 1.0],
                [0.688384, -0.148239, -0.710038, 0.063657, 0.300783, -0.832426, 0.4654, 0.037688, -0.660045, -0.53394, -0.528441, -0.106944, 0.0, 0.0, 0.0, 1.0],
                [0.783883, -0.086286, -0.614885, 0.073573, 0.239939, -0.871274, 0.428148, 0.036704, -0.572677, -0.483152, -0.662273, -0.10288, 0.0, 0.0, 0.0, 1.0],
                [0.840611, -0.038718, -0.540255, 0.083489, 0.207593, -0.898246, 0.387376, 0.035719, -0.500281, -0.437785, -0.747037, -0.098816, 0.0, 0.0, 0.0, 1.0],
                [0.894492, 0.015853, -0.446807, 0.093405, 0.188836, -0.91925, 0.345427, 0.034735, -0.405252, -0.393354, -0.825254, -0.094751, 0.0, 0.0, 0.0, 1.0],
                [0.938348, 0.074916, -0.337481, 0.096957, 0.182521, -0.93644, 0.29961, 0.033437, -0.293586, -0.342735, -0.892379, -0.080653, 0.0, 0.0, 0.0, 1.0],
                [0.967575, 0.133256, -0.21458, 0.100509, 0.186154, -0.950395, 0.249193, 0.032139, -0.17073, -0.281057, -0.944383, -0.066555, 0.0, 0.0, 0.0, 1.0],
                [0.980309, 0.179652, -0.081988, 0.104061, 0.192643, -0.961295, 0.196977, 0.03084, -0.043427, -0.208892, -0.976974, -0.052457, 0.0, 0.0, 0.0, 1.0],
                [0.976012, 0.21072, 0.054779, 0.107613, 0.201074, -0.968873, 0.144413, 0.029542, 0.083504, -0.129934, -0.988, -0.038359, 0.0, 0.0, 0.0, 1.0],
                [0.955309, 0.226707, 0.189719, 0.111165, 0.211546, -0.972548, 0.096946, 0.028244, 0.206489, -0.052478, -0.97704, -0.024261, 0.0, 0.0, 0.0, 1.0],
                [0.928124, 0.231251, 0.291741, 0.114717, 0.224294, -0.97282, 0.057563, 0.026946, 0.297124, 0.012011, -0.954763, -0.010162, 0.0, 0.0, 0.0, 1.0],
                [0.938822, 0.20871, 0.273965, 0.120244, 0.190769, -0.977419, 0.090887, 0.038091, 0.286748, -0.033062, -0.957435, 0.054662, 0.0, 0.0, 0.0, 1.0],
                [0.792263, 0.101884, 0.601615, 0.100624, 0.079293, -0.994792, 0.064049, 0.054961, 0.605009, -0.003039, -0.796214, 0.063195, 0.0, 0.0, 0.0, 1.0],
                [0.792819, 0.095822, 0.601879, 0.099085, 0.06387, -0.995188, 0.074307, 0.057772, 0.606104, -0.020469, -0.795123, 0.067166, 0.0, 0.0, 0.0, 1.0],
                [0.788471, 0.102077, 0.606544, 0.097545, 0.066614, -0.994504, 0.080775, 0.060584, 0.611457, -0.023284, -0.790936, 0.071136, 0.0, 0.0, 0.0, 1.0],
                [0.770707, 0.112799, 0.627128, 0.096006, 0.074993, -0.993424, 0.086523, 0.063396, 0.632764, -0.019653, -0.774096, 0.075107, 0.0, 0.0, 0.0, 1.0],
                [0.743554, 0.126642, 0.656575, 0.094466, 0.08692, -0.991876, 0.092882, 0.066207, 0.663005, -0.011992, -0.74852, 0.079077, 0.0, 0.0, 0.0, 1.0],
                [0.711081, 0.144887, 0.688021, 0.092927, 0.10655, -0.989442, 0.098241, 0.069019, 0.694993, 0.003452, -0.719009, 0.083047, 0.0, 0.0, 0.0, 1.0],
                [0.678202, 0.1701, 0.71492, 0.091388, 0.138241, -0.985005, 0.103221, 0.07183, 0.721759, 0.028827, -0.691546, 0.087017, 0.0, 0.0, 0.0, 1.0],
                [0.647548, 0.196216, 0.73633, 0.090261, 0.172653, -0.97893, 0.109028, 0.068741, 0.74221, 0.056529, -0.66778, 0.0876, 0.0, 0.0, 0.0, 1.0],
                [0.617351, 0.227395, 0.753107, 0.089134, 0.211652, -0.970025, 0.119393, 0.065651, 0.757684, 0.08569, -0.646973, 0.088182, 0.0, 0.0, 0.0, 1.0],
                [0.588135, 0.25938, 0.766042, 0.088007, 0.250261, -0.959056, 0.132594, 0.062562, 0.769071, 0.113728, -0.628966, 0.088764, 0.0, 0.0, 0.0, 1.0],
                [0.565356, 0.283807, 0.774485, 0.08688, 0.280086, -0.949208, 0.143378, 0.059472, 0.77584, 0.135863, -0.61613, 0.089346, 0.0, 0.0, 0.0, 1.0],
                [0.551624, 0.293947, 0.780582, 0.085753, 0.29737, -0.943656, 0.145211, 0.056383, 0.779285, 0.15202, -0.607953, 0.089928, 0.0, 0.0, 0.0, 1.0],
                [0.551317, 0.290213, 0.782194, 0.084626, 0.302195, -0.943349, 0.137008, 0.053293, 0.777645, 0.160841, -0.607784, 0.09051, 0.0, 0.0, 0.0, 1.0],
                [0.552509, 0.28217, 0.784292, 0.083499, 0.303358, -0.944496, 0.126103, 0.050204, 0.776345, 0.168249, -0.60744, 0.091092, 0.0, 0.0, 0.0, 1.0],
                [0.557782, 0.270865, 0.784546, 0.082372, 0.298071, -0.947564, 0.115231, 0.047114, 0.774621, 0.169577, -0.609269, 0.091674, 0.0, 0.0, 0.0, 1.0],
                [0.566824, 0.257258, 0.782643, 0.081245, 0.288463, -0.951832, 0.103954, 0.044024, 0.771689, 0.16684, -0.613729, 0.092257, 0.0, 0.0, 0.0, 1.0],
                [0.578869, 0.242613, 0.778493, 0.080118, 0.275921, -0.956674, 0.092974, 0.040935, 0.767321, 0.160982, -0.620729, 0.092838, 0.0, 0.0, 0.0, 1.0],
                [0.591953, 0.228057, 0.773035, 0.078991, 0.262105, -0.961469, 0.082941, 0.037845, 0.762166, 0.153519, -0.628918, 0.09342, 0.0, 0.0, 0.0, 1.0],
                [0.605435, 0.213256, 0.766793, 0.076412, 0.247596, -0.966095, 0.073192, 0.040959, 0.756405, 0.145542, -0.637708, 0.093208, 0.0, 0.0, 0.0, 1.0],
                [0.611994, 0.202975, 0.764373, 0.073832, 0.238554, -0.968865, 0.06628, 0.044073, 0.754029, 0.141781, -0.641358, 0.092997, 0.0, 0.0, 0.0, 1.0],
                [0.609287, 0.202009, 0.766788, 0.071252, 0.240001, -0.968629, 0.064482, 0.047188, 0.75576, 0.144742, -0.638654, 0.092784, 0.0, 0.0, 0.0, 1.0],
                [0.607205, 0.202755, 0.768241, 0.068672, 0.240969, -0.968347, 0.065109, 0.050302, 0.757126, 0.145588, -0.636841, 0.092572, 0.0, 0.0, 0.0, 1.0],
                [0.605557, 0.204074, 0.769192, 0.066092, 0.241304, -0.968142, 0.066888, 0.053416, 0.758338, 0.145104, -0.635507, 0.092361, 0.0, 0.0, 0.0, 1.0],
                [0.603976, 0.207705, 0.769463, 0.063513, 0.243448, -0.967382, 0.070041, 0.05653, 0.758914, 0.145022, -0.634839, 0.092148, 0.0, 0.0, 0.0, 1.0],
                [0.602445, 0.214047, 0.768925, 0.060933, 0.248712, -0.965749, 0.073975, 0.059644, 0.758424, 0.146675, -0.635045, 0.091936, 0.0, 0.0, 0.0, 1.0],
                [0.602445, 0.214047, 0.768925, 0.060933, 0.248712, -0.965749, 0.073975, 0.059644, 0.758424, 0.146675, -0.635045, 0.091936, 0.0, 0.0, 0.0, 1.0]
            ]
        },
        {
            "name": "Leg_R",
            "time": [0.0, 0.0417, 0.0833, 0.125, 0.1667, 0.2083, 0.25, 0.2917, 0.3333, 0.375, 0.4167, 0.4583, 0.5, 0.5417, 0.5833, 0.625, 0.6667, 0.7083, 0.75, 0.7917, 0.8333, 0.875, 0.9167, 0.9583, 1.0, 1.0417, 1.0833, 1.125, 1.1667, 1.2083, 1.25, 1.2917, 1.3333, 1.375, 1.4167, 1.4583, 1.5, 1.5417, 1.5833, 1.625, 1.6667, 1.9167, 1.9583, 2.0, 2.0417, 2.0833, 2.125, 2.1667, 2.2083, 2.25, 2.2917, 2.3333, 2.375, 2.4167, 2.4583, 2.5, 2.5417, 2.5833, 2.625, 2.6667, 2.7083, 2.75, 2.7917, 2.8333, 2.875, 2.9167, 2.9583, 3.0, 3.0417, 3.0833, 3.125, 3.1667, 3.2083, 3.25, 3.2917, 3.3333, 3.375, 3.4167, 3.4583, 3.5, 3.5417, 3.5833, 3.625, 3.6667, 3.7083, 3.75, 3.7917, 3.8333, 3.875, 3.9167, 3.9583, 4.0, 4.0417, 4.0833, 4.125, 4.1667, 4.2083, 4.25, 4.2917, 4.3333, 4.375, 4.4167, 4.4583, 4.5, 4.5417, 4.5833, 4.625, 4.6667, 4.7083, 4.75, 4.7917, 10.4583],
            "transform": [
                [1.0, 0.0, -0.0, 0.0, 0.0, -0.337463, 0.941337, 0.37472, 0.0, -0.941339, -0.337463, 0.0, 0.0, 0.0, 0.0, 1.0],
                [1.0, -0.0, 1e-06, 0.0, -1e-06, 0.048721, 0.998811, 0.37472, -0.0, -0.998814, 0.048721, -0.0, 0.0, 0.0, 0.0, 1.0],
                [1.0, -0.0, 1e-06, -0.0, -1e-06, 0.270353, 0.96276, 0.37472, -0.0, -0.962762, 0.270353, -0.0, 0.0, 0.0, 0.0, 1.0],
                [1.0, -0.0, 1e-06, 0.0, -1e-06, 0.328039, 0.944663, 0.37472, -0.0, -0.944665, 0.328039, 0.0, 0.0, 0.0, 0.0, 1.0],
                [1.0, -0.0, 1e-06, 0.0, -1e-06, 0.226501, 0.97401, 0.37472, -1e-06, -0.974011, 0.226501, -0.0, 0.0, 0.0, 0.0, 1.0],
                [0.999999, -0.0, 1e-06, 0.0, -1e-06, 0.073792, 0.997273, 0.37472, -0.0, -0.997275, 0.073792, 0.0, 0.0, 0.0, 0.0, 1.0],
                [0.999999, -0.0, 1e-06, 0.0, -1e-06, 0.009532, 0.999954, 0.37472, -0.0, -0.999956, 0.009532, -1e-06, 0.0, 0.0, 0.0, 1.0],
                [0.999999, -0.0, 1e-06, -0.0, -1e-06, 0.039328, 0.999226, 0.37472, -0.0, -0.999228, 0.039327, 0.0, 0.0, 0.0, 0.0, 1.0],
                [0.999999, -0.0, 1e-06, -0.0, -1e-06, 0.29923, 0.954181, 0.37472, -0.0, -0.954182, 0.299229, 0.0, 0.0, 0.0, 0.0, 1.0],
                [0.999999, 0.0, 1e-06, 0.0, -1e-06, 0.826095, 0.563531, 0.37472, -0.0, -0.563531, 0.826095, -0.0, 0.0, 0.0, 0.0, 1.0],
                [1.0, 1e-06, 1e-06, -0.0, -1e-06, 0.99842, 0.056213, 0.37472, -1e-06, -0.056213, 0.998418, 0.0, 0.0, 0.0, 0.0, 1.0],
                [1.0, 1e-06, 1e-06, 0.0, -1e-06, 0.999049, 0.043605, 0.37472, -0.0, -0.043605, 0.999048, 0.0, 0.0, 0.0, 0.0, 1.0],
                [1.0, 1e-06, 1e-06, 0.0, -1e-06, 0.954698, 0.297578, 0.374719, -0.0, -0.297578, 0.954697, 0.0, 0.0, 0.0, 0.0, 1.0],
                [1.0, 0.0, 1e-06, -0.0, -1e-06, 0.643454, 0.765484, 0.374721, -0.0, -0.765485, 0.643454, -0.0, 0.0, 0.0, 0.0, 1.0],
                [0.999999, -0.0, 1e-06, 0.0, -1e-06, 0.004824, 0.999988, 0.37472, -0.0, -0.999988, 0.004824, 0.0, 0.0, 0.0, 0.0, 1.0],
                [1.0, -1e-06, 1e-06, -0.0, -1e-06, -0.44902, 0.893521, 0.37472, -0.0, -0.893522, -0.44902, -0.0, 0.0, 0.0, 0.0, 1.0],
                [1.0, -1e-06, 1e-06, 0.0, -1e-06, -0.660773, 0.750585, 0.37472, -0.0, -0.750586, -0.660772, 1e-06, 0.0, 0.0, 0.0, 1.0],
                [0.999999, -1e-06, 1e-06, -0.0, -1e-06, -0.667884, 0.744266, 0.37472, -0.0, -0.744267, -0.667883, -1e-06, 0.0, 0.0, 0.0, 1.0],
                [0.999999, -1e-06, 1e-06, 1e-06, -1e-06, -0.533164, 0.846013, 0.37472, -0.0, -0.846013, -0.533163, -0.0, 0.0, 0.0, 0.0, 1.0],
                [0.999999, -1e-06, 1e-06, 0.0, -1e-06, -0.310474, 0.950582, 0.37472, -0.0, -0.950583, -0.310473, -1e-06, 0.0, 0.0, 0.0, 1.0],
                [0.999999, -0.0, 1e-06, 0.0, -1e-06, -0.06012, 0.99819, 0.374721, -0.0, -0.998192, -0.06012, -0.0, 0.0, 0.0, 0.0, 1.0],
                [1.0, 0.0, 1e-06, -1e-06, -1e-06, 0.40554, 0.914076, 0.37472, -0.0, -0.914078, 0.405539, -0.0, 0.0, 0.0, 0.0, 1.0],
                [1.0, 0.0, 1e-06, 0.0, -1e-06, 0.755062, 0.655653, 0.37472, -1e-06, -0.655654, 0.755061, 1e-06, 0.0, 0.0, 0.0, 1.0],
                [1.0, 0.0, 1e-06, -0.0, -1e-06, 0.790658, 0.612259, 0.37472, -0.0, -0.612259, 0.790657, -0.0, 0.0, 0.0, 0.0, 1.0],
                [0.999999, 0.0, 1e-06, -0.0, -1e-06, 0.748086, 0.663602, 0.37472, -1e-06, -0.663602, 0.748085, -2e-06, 0.0, 0.0, 0.0, 1.0],
                [0.999999, 0.0, 1e-06, 0.0, -1e-06, 0.67429, 0.738466, 0.37472, -0.0, -0.738467, 0.67429, 1e-06, 0.0, 0.0, 0.0, 1.0],
                [0.999999, 0.0, 1e-06, -0.0, -1e-06, 0.633097, 0.774072, 0.37472, -0.0, -0.774073, 0.633096, -0.0, 0.0, 0.0, 0.0, 1.0],
                [1.0, 0.0, 1e-06, 0.0, -1e-06, 0.64167, 0.76698, 0.37472, -0.0, -0.766982, 0.641669, 0.0, 0.0, 0.0, 0.0, 1.0],
                [1.0, 0.0, 1e-06, 1e-06, -1e-06, 0.672885, 0.739746, 0.37472, -1e-06, -0.739748, 0.672884, 0.0, 0.0, 0.0, 0.0, 1.0],
                [1.0, 0.0, 1e-06, -0.0, -1e-06, 0.7009, 0.713258, 0.37472, -0.0, -0.713259, 0.700899, -0.0, 0.0, 0.0, 0.0, 1.0],
                [1.0, 0.0, 1e-06, 1e-06, -1e-06, 0.67251, 0.740088, 0.37472, -0.0, -0.740089, 0.672508, 0.0, 0.0, 0.0, 0.0, 1.0],
                [1.0, 0.0, 1e-06, 1e-06, -1e-06, 0.532359, 0.846518, 0.37472, -0.0, -0.846519, 0.532358, -0.0, 0.0, 0.0, 0.0, 1.0],
                [1.0, -0.0, 1e-06, 1e-06, -1e-06, 0.374959, 0.92704, 0.37472, -0.0, -0.927042, 0.374958, 0.0, 0.0, 0.0, 0.0, 1.0],
                [1.0, -0.0, 1e-06, 0.0, -1e-06, 0.180614, 0.983553, 0.37472, -0.0, -0.983555, 0.180614, 0.0, 0.0, 0.0, 0.0, 1.0],
                [1.0, -0.0, 1e-06, -0.0, -1e-06, -0.029693, 0.999557, 0.37472, -0.0, -0.999559, -0.029693, -0.0, 0.0, 0.0, 0.0, 1.0],
                [1.0, -0.0, 1e-06, 1e-06, -1e-06, -0.232575, 0.972578, 0.37472, -0.0, -0.972579, -0.232575, -0.0, 0.0, 0.0, 0.0, 1.0],
                [1.0, -0.0, 1e-06, 2e-06, -1e-06, -0.407989, 0.912986, 0.37472, -0.0, -0.912987, -0.407988, 0.0, 0.0, 0.0, 0.0, 1.0],
                [1.0, -1e-06, 1e-06, -1e-06, -1e-06, -0.539631, 0.8419, 0.37472, -0.0, -0.841902, -0.539631, 0.0, 0.0, 0.0, 0.0, 1.0],
                [1.0, -1e-06, 0.0, 2e-06, -1e-06, -0.652287, 0.757972, 0.37472, -0.0, -0.757973, -0.652286, -0.0, 0.0, 0.0, 0.0, 1.0],
                [1.0, -1e-06, 0.0, -1e-06, -1e-06, -0.648663, 0.761075, 0.37472, -0.0, -0.761076, -0.648662, -0.0, 0.0, 0.0, 0.0, 1.0],
                [1.000001, -1e-06, 1e-06, 0.0, -1e-06, -0.467913, 0.883773, 0.37472, -0.0, -0.883775, -0.467912, -0.0, 0.0, 0.0, 0.0, 1.0],
                [1.000001, -0.0, 1e-06, 1e-06, -1e-06, -0.248694, 0.96858, 0.37472, -0.0, -0.968583, -0.248693, -0.0, 0.0, 0.0, 0.0, 1.0],
                [1.000001, -0.0, 1e-06, -0.0, -1e-06, -0.231373, 0.972863, 0.37472, -0.0, -0.972866, -0.231372, -0.0, 0.0, 0.0, 0.0, 1.0],
                [1.000001, -0.0, 1e-06, 0.0, -1e-06, -0.228471, 0.973549, 0.37472, -0.0, -0.973552, -0.228471, 0.0, 0.0, 0.0, 0.0, 1.0],
                [1.000001, -0.0, 1e-06, -0.0, -1e-06, -0.199595, 0.979877, 0.37472, -0.0, -0.979879, -0.199595, 1e-06, 0.0, 0.0, 0.0, 1.0],
                [1.000001, -0.0, 1e-06, 1e-06, -1e-06, -0.147662, 0.989036, 0.37472, -0.0, -0.989039, -0.147662, 1e-06, 0.0, 0.0, 0.0, 1.0],
                [1.0, -0.0, 1e-06, 0.0, -1e-06, -0.070903, 0.997482, 0.37472, -0.0, -0.997484, -0.070903, 0.0, 0.0, 0.0, 0.0, 1.0],
                [1.000001, -0.0, 1e-06, 1e-06, -1e-06, 0.080518, 0.996751, 0.37472, -0.0, -0.996754, 0.080518, -1e-06, 0.0, 0.0, 0.0, 1.0],
                [1.0, 0.0, 1e-06, -0.0, -1e-06, 0.248826, 0.968546, 0.37472, -0.0, -0.968549, 0.248825, -0.0, 0.0, 0.0, 0.0, 1.0],
                [1.0, -0.0, 1e-06, -0.0, -1e-06, 0.348388, 0.937349, 0.374719, -0.0, -0.937351, 0.348387, -1e-06, 0.0, 0.0, 0.0, 1.0],
                [1.0, 0.0, 1e-06, 0.0, -1e-06, 0.409239, 0.912425, 0.37472, -0.0, -0.912428, 0.409238, -1e-06, 0.0, 0.0, 0.0, 1.0],
                [1.0, 0.0, 1e-06, -1e-06, -1e-06, 0.31755, 0.94824, 0.37472, -0.0, -0.948242, 0.31755, 1e-06, 0.0, 0.0, 0.0, 1.0],
                [1.000001, -0.0, 1e-06, 0.0, -1e-06, 0.190483, 0.981689, 0.37472, -0.0, -0.981691, 0.190483, 0.0, 0.0, 0.0, 0.0, 1.0],
                [1.0, -0.0, 1e-06, -0.0, -1e-06, 0.164411, 0.98639, 0.37472, -0.0, -0.986392, 0.164411, 0.0, 0.0, 0.0, 0.0, 1.0],
                [1.0, -0.0, 1e-06, 2e-06, -1e-06, 0.220555, 0.975373, 0.37472, -0.0, -0.975375, 0.220555, -0.0, 0.0, 0.0, 0.0, 1.0],
                [1.0, 0.0, 1e-06, -0.0, -1e-06, 0.314084, 0.949394, 0.37472, -0.0, -0.949395, 0.314084, 0.0, 0.0, 0.0, 0.0, 1.0],
                [1.0, 0.0, 1e-06, -1e-06, -1e-06, 0.475857, 0.879521, 0.37472, -0.0, -0.879523, 0.475856, 0.0, 0.0, 0.0, 0.0, 1.0],
                [1.0, 0.0, 1e-06, 0.0, -1e-06, 0.65588, 0.754864, 0.374721, -0.0, -0.754865, 0.655879, 0.0, 0.0, 0.0, 0.0, 1.0],
