{
    "animation": [
        {
            "name": "Root",
            "time": [0.0, 0.0417, 0.0833, 0.125, 0.1667, 0.2083, 0.25, 0.2917, 0.3333, 0.375, 0.4167, 0.4583, 0.5, 0.5417, 0.5833, 0.625, 0.6667, 0.7083, 0.75, 0.7917, 0.8333],
            "transform": [
                [1.0, -0.0, -0.0, 0.012986, -0.0, -0.0, -1.0, -0.122865, 0.0, 1.0, -0.0, 0.542997, 0.0, 0.0, 0.0, 1.0],
                [1.0, -0.0, -0.0, 0.032043, -0.0, -0.0, -1.0, -0.313021, 0.0, 1.0, -0.0, 0.450794, 0.0, 0.0, 0.0, 1.0],
                [1.0, -0.0, -0.0, 0.032557, -0.0, -0.0, -1.0, -0.405358, 0.0, 1.0, -0.0, 0.450794, 0.0, 0.0, 0.0, 1.0],
                [1.0, -0.0, -0.0, 0.017142, -0.0, -0.0, -1.0, -0.41249, 0.0, 1.0, -0.0, 0.450794, 0.0, 0.0, 0.0, 1.0],
                [1.0, -0.0, -0.0, 0.009831, -0.0, -0.0, -1.0, -0.417305, 0.0, 1.0, -0.0, 0.450794, 0.0, 0.0, 0.0, 1.0],
                [1.0, -0.0, -0.0, 0.021395, -0.0, -0.0, -1.0, -0.432958, 0.0, 1.0, -0.0, 0.450794, 0.0, 0.0, 0.0, 1.0],
                [1.0, -0.0, -0.0, 0.013964, -0.0, -0.0, -1.0, -0.429251, 0.0, 1.0, -0.0, 0.450794, 0.0, 0.0, 0.0, 1.0],
                [1.0, -0.0, -0.0, -0.034289, -0.0, -0.0, -1.0, -0.402376, 0.0, 1.0, -0.0, 0.450794, 0.0, 0.0, 0.0, 1.0],
                [1.0, -0.0, -0.0, -0.060773, -0.0, -0.0, -1.0, -0.285257, 0.0, 1.0, -0.0, 0.450794, 0.0, 0.0, 0.0, 1.0],
                [1.0, -0.0, -0.0, -0.030408, -0.0, -0.0, -1.0, -0.09458, 0.0, 1.0, -0.0, 0.450794, 0.0, 0.0, 0.0, 1.0],
                [1.0, -0.0, -0.0, -0.003885, -0.0, -0.0, -1.0, 0.064901, 0.0, 1.0, -0.0, 0.450794, 0.0, 0.0, 0.0, 1.0],
                [1.0, -0.0, -0.0, 0.010639, -0.0, -0.0, -1.0, 0.113383, 0.0, 1.0, -0.0, 0.450794, 0.0, 0.0, 0.0, 1.0],
                [1.0, -0.0, -0.0, 0.014072, -0.0, -0.0, -1.0, 0.083855, 0.0, 1.0, -0.0, 0.450794, 0.0, 0.0, 0.0, 1.0],
                [1.0, -0.0, -0.0, 0.014492, -0.0, -0.0, -1.0, 0.066679, 0.0, 1.0, -0.0, 0.450794, 0.0, 0.0, 0.0, 1.0],
                [1.0, -0.0, -0.0, 0.013586, -0.0, -0.0, -1.0, 0.049836, 0.0, 1.0, -0.0, 0.450794, 0.0, 0.0, 0.0, 1.0],
                [1.0, -0.0, -0.0, 0.011661, -0.0, -0.0, -1.0, 0.032205, 0.0, 1.0, -0.0, 0.450794, 0.0, 0.0, 0.0, 1.0],
                [1.0, -0.0, -0.0, 0.009314, -0.0, -0.0, -1.0, 0.020323, 0.0, 1.0, -0.0, 0.450794, 0.0, 0.0, 0.0, 1.0],
                [1.0, -0.0, -0.0, 0.006909, -0.0, -0.0, -1.0, 0.013614, 0.0, 1.0, -0.0, 0.450794, 0.0, 0.0, 0.0, 1.0],
                [1.0, -0.0, -0.0, 0.004233, -0.0, -0.0, -1.0, 0.008453, 0.0, 1.0, -0.0, 0.450794, 0.0, 0.0, 0.0, 1.0],
                [1.0, -0.0, -0.0, 0.001012, -0.0, -0.0, -1.0, 0.002315, 0.0, 1.0, -0.0, 0.450794, 0.0, 0.0, 0.0, 1.0],
                [1.0, -0.0, -0.0, -2.2e-05, -0.0, -0.0, -1.0, 4.1e-05, 0.0, 1.0, -0.0, 0.450794, 0.0, 0.0, 0.0, 1.0]
            ]
        },
        {
            "name": "Thigh_R",
            "time": [0.0, 0.0417, 0.0833, 0.125, 0.1667, 0.2083, 0.25, 0.2917, 0.3333, 0.375, 0.4167, 0.4583, 0.5, 0.5417, 0.5833, 0.625, 0.6667, 0.7083, 0.75, 0.7917, 0.8333],
            "transform": [
                [0.689335, 0.299365, 0.659696, 0.100807, 0.184799, -0.953163, 0.239437, 0.072861, 0.700478, -0.043141, -0.712369, 0.075275, 0.0, 0.0, 0.0, 1.0],
                [0.834683, 0.352043, 0.423523, 0.105088, 0.078639, -0.837324, 0.541022, 0.091618, 0.54509, -0.418277, -0.726583, 0.059557, 0.0, 0.0, 0.0, 1.0],
                [0.882764, 0.344922, 0.318997, 0.144458, 0.102154, -0.80365, 0.586269, 0.08534, 0.458579, -0.484951, -0.744667, 0.009013, 0.0, 0.0, 0.0, 1.0],
                [0.864299, 0.358947, 0.352344, 0.124994, 0.231562, -0.905823, 0.354776, 0.0832, 0.446507, -0.225043, -0.866018, 0.020539, 0.0, 0.0, 0.0, 1.0],
                [0.813985, 0.384018, 0.435844, 0.105529, 0.313721, -0.922095, 0.226543, 0.08106, 0.488887, -0.047669, -0.871043, 0.032065, 0.0, 0.0, 0.0, 1.0],
                [0.725173, 0.436463, 0.532567, 0.101429, 0.312057, -0.897771, 0.310851, 0.079163, 0.613799, -0.059229, -0.787238, 0.042834, 0.0, 0.0, 0.0, 1.0],
                [0.641479, 0.491885, 0.588689, 0.097329, 0.322606, -0.869197, 0.37473, 0.077265, 0.696012, -0.050467, -0.716255, 0.053604, 0.0, 0.0, 0.0, 1.0],
                [0.572307, 0.527299, 0.62803, 0.093229, 0.352031, -0.849673, 0.392596, 0.075368, 0.740637, -0.003598, -0.671897, 0.064373, 0.0, 0.0, 0.0, 1.0],
                [0.542469, 0.508674, 0.668564, 0.089129, 0.416307, -0.854022, 0.311989, 0.073471, 0.72967, 0.109084, -0.675043, 0.075143, 0.0, 0.0, 0.0, 1.0],
                [0.581044, 0.467554, 0.66617, 0.085029, 0.491666, -0.853931, 0.170496, 0.071574, 0.64858, 0.228468, -0.726049, 0.085912, 0.0, 0.0, 0.0, 1.0],
                [0.563345, 0.369855, 0.738817, 0.081379, 0.584619, -0.810317, -0.04012, 0.076639, 0.583838, 0.454528, -0.67271, 0.083653, 0.0, 0.0, 0.0, 1.0],
                [0.568107, 0.44363, 0.693143, 0.077729, 0.615588, -0.788069, -0.000156, 0.081704, 0.546176, 0.42678, -0.720799, 0.081394, 0.0, 0.0, 0.0, 1.0],
                [0.598738, 0.582046, 0.550215, 0.074079, 0.594881, -0.783146, 0.181111, 0.08677, 0.536314, 0.218874, -0.815145, 0.079135, 0.0, 0.0, 0.0, 1.0],
                [0.61112, 0.601194, 0.514878, 0.070429, 0.581501, -0.782311, 0.223267, 0.091835, 0.537022, 0.162959, -0.827678, 0.076876, 0.0, 0.0, 0.0, 1.0],
                [0.620379, 0.587652, 0.51942, 0.066779, 0.567925, -0.793343, 0.219248, 0.096901, 0.54092, 0.158975, -0.825913, 0.074616, 0.0, 0.0, 0.0, 1.0],
                [0.62206, 0.570679, 0.536068, 0.063129, 0.55823, -0.803339, 0.207431, 0.101966, 0.549021, 0.170215, -0.818293, 0.072357, 0.0, 0.0, 0.0, 1.0],
                [0.61849, 0.575199, 0.535367, 0.063321, 0.557645, -0.801299, 0.21669, 0.100573, 0.553629, 0.164525, -0.81635, 0.075523, 0.0, 0.0, 0.0, 1.0],
                [0.615804, 0.583621, 0.529314, 0.063513, 0.557615, -0.797447, 0.230535, 0.099181, 0.556645, 0.153189, -0.816505, 0.078689, 0.0, 0.0, 0.0, 1.0],
                [0.606791, 0.597618, 0.524079, 0.063706, 0.563586, -0.788417, 0.246516, 0.097788, 0.560516, 0.14578, -0.815212, 0.081855, 0.0, 0.0, 0.0, 1.0],
                [0.597067, 0.614182, 0.516035, 0.063898, 0.570096, -0.777435, 0.265683, 0.096395, 0.564362, 0.135559, -0.814321, 0.085021, 0.0, 0.0, 0.0, 1.0],
                [0.59399, 0.619346, 0.513408, 0.06409, 0.571993, -0.773908, 0.271831, 0.095003, 0.565688, 0.132201, -0.813953, 0.088186, 0.0, 0.0, 0.0, 1.0]
            ]
        },
        {
            "name": "Leg_R",
            "time": [0.0, 0.0417, 0.0833, 0.125, 0.1667, 0.2083, 0.25, 0.2917, 0.3333, 0.375, 0.4167, 0.4583, 0.5, 0.5417, 0.5833, 0.625, 0.6667, 0.7083, 0.75, 0.7917, 0.8333],
            "transform": [
                [1.0, 0.0, 1e-06, 0.0, -0.0, 0.785561, 0.618785, 0.37472, -1e-06, -0.618785, 0.78556, 0.0, 0.0, 0.0, 0.0, 1.0],
                [1.0, -0.0, 0.0, 0.0, -0.0, 0.440926, 0.897542, 0.37472, -0.0, -0.897544, 0.440925, 0.0, 0.0, 0.0, 0.0, 1.0],
                [1.0, -0.0, 0.0, 0.0, -0.0, 0.320043, 0.947402, 0.37472, -0.0, -0.947404, 0.320042, 0.0, 0.0, 0.0, 0.0, 1.0],
                [1.0, -0.0, 0.0, -0.0, -0.0, 0.459518, 0.888168, 0.37472, -0.0, -0.88817, 0.459517, -0.0, 0.0, 0.0, 0.0, 1.0],
                [1.0, -0.0, 0.0, 0.0, -0.0, 0.568962, 0.822363, 0.37472, -0.0, -0.822364, 0.568962, 0.0, 0.0, 0.0, 0.0, 1.0],
                [1.0, -0.0, 0.0, 0.0, -0.0, 0.511624, 0.859209, 0.37472, -0.0, -0.85921, 0.511623, -0.0, 0.0, 0.0, 0.0, 1.0],
                [1.0, -0.0, 0.0, 0.0, -0.0, 0.490704, 0.871326, 0.37472, -0.0, -0.871327, 0.490703, 0.0, 0.0, 0.0, 0.0, 1.0],
                [1.0, -0.0, 0.0, 0.0, -0.0, 0.557365, 0.830267, 0.37472, -0.0, -0.830268, 0.557364, 0.0, 0.0, 0.0, 0.0, 1.0],
                [1.0, -0.0, 1e-06, 0.0, -0.0, 0.713453, 0.700702, 0.37472, -0.0, -0.700703, 0.713452, 0.0, 0.0, 0.0, 0.0, 1.0],
                [1.0, 0.0, 1e-06, 0.0, -0.0, 0.873224, 0.487319, 0.37472, -1e-06, -0.487319, 0.873224, 0.0, 0.0, 0.0, 0.0, 1.0],
                [1.0, 0.0, 1e-06, -0.0, -0.0, 0.96149, 0.27484, 0.37472, -1e-06, -0.27484, 0.96149, 0.0, 0.0, 0.0, 0.0, 1.0],
                [1.0, 0.0, 1e-06, 0.0, -0.0, 0.907221, 0.420655, 0.37472, -1e-06, -0.420655, 0.90722, -0.0, 0.0, 0.0, 0.0, 1.0],
                [1.0, -0.0, 1e-06, 0.0, -0.0, 0.733012, 0.680215, 0.37472, -1e-06, -0.680216, 0.733012, 0.0, 0.0, 0.0, 0.0, 1.0],
                [0.999999, -0.0, 1e-06, -0.0, -0.0, 0.693923, 0.72005, 0.37472, -0.0, -0.72005, 0.693922, -0.0, 0.0, 0.0, 0.0, 1.0],
                [1.0, -0.0, 1e-06, 0.0, -0.0, 0.709059, 0.705149, 0.37472, -0.0, -0.70515, 0.709058, -0.0, 0.0, 0.0, 0.0, 1.0],
                [1.0, -0.0, 1e-06, 0.0, -0.0, 0.732194, 0.681096, 0.37472, -0.0, -0.681097, 0.732193, 0.0, 0.0, 0.0, 0.0, 1.0],
                [1.0, -0.0, 1e-06, -0.0, -0.0, 0.724332, 0.689451, 0.37472, -0.0, -0.689452, 0.724331, 0.0, 0.0, 0.0, 0.0, 1.0],
                [1.0, -0.0, 1e-06, 0.0, -0.0, 0.706726, 0.707487, 0.37472, -0.0, -0.707489, 0.706724, 0.0, 0.0, 0.0, 0.0, 1.0],
                [1.0, -0.0, 1e-06, 0.0, -0.0, 0.684782, 0.728748, 0.37472, -0.0, -0.728749, 0.68478, 0.0, 0.0, 0.0, 0.0, 1.0],
                [1.0, -0.0, 1e-06, -0.0, -0.0, 0.657531, 0.753427, 0.37472, -0.0, -0.753429, 0.65753, 0.0, 0.0, 0.0, 0.0, 1.0],
                [1.0, -0.0, 1e-06, 0.0, -0.0, 0.648846, 0.760919, 0.37472, -0.0, -0.76092, 0.648845, 0.0, 0.0, 0.0, 0.0, 1.0]
            ]
        },
        {
            "name": "Knee_R",
            "time": [0.0, 0.8333],
            "transform": [
                [1.0, 0.0, -0.0, 0.0, -0.0, 1e-06, -1.0, 0.37472, -0.0, 1.0, 1e-06, 0.0, 0.0, 0.0, 0.0, 1.0],
                [1.0, 0.0, -0.0, 0.0, -0.0, 1e-06, -1.0, 0.37472, -0.0, 1.0, 1e-06, 0.0, 0.0, 0.0, 0.0, 1.0]
            ]
        },
        {
            "name": "Thigh_L",
            "time": [0.0, 0.0417, 0.0833, 0.125, 0.1667, 0.2083, 0.25, 0.2917, 0.3333, 0.375, 0.4167, 0.4583, 0.5, 0.5417, 0.5833, 0.625, 0.6667, 0.7083, 0.75, 0.7917, 0.8333],
            "transform": [
                [0.933854, -0.016582, 0.357265, -0.103481, -0.207462, -0.838806, 0.503354, 0.093963, 0.291329, -0.544181, -0.786762, -0.057272, 0.0, 0.0, 0.0, 1.0],
                [0.976167, 0.018833, 0.21619, -0.110335, -0.15678, -0.627599, 0.762588, 0.095455, 0.150042, -0.778312, -0.609688, -0.027864, 0.0, 0.0, 0.0, 1.0],
                [0.993749, -0.045164, 0.102069, -0.117188, -0.108782, -0.596611, 0.795123, 0.096947, 0.024984, -0.801261, -0.597794, 0.001544, 0.0, 0.0, 0.0, 1.0],
                [0.989793, -0.140567, -0.023375, -0.124041, -0.074714, -0.65163, 0.754849, 0.09844, -0.121339, -0.745402, -0.65548, 0.030952, 0.0, 0.0, 0.0, 1.0],
                [0.985235, -0.166975, 0.03778, -0.136849, -0.140024, -0.659012, 0.738983, 0.085698, -0.098494, -0.733366, -0.672662, 0.000463, 0.0, 0.0, 0.0, 1.0],
                [0.921732, -0.088161, 0.377667, -0.149656, -0.353232, -0.592853, 0.723708, 0.072957, 0.160098, -0.800473, -0.577593, -0.030027, 0.0, 0.0, 0.0, 1.0],
                [0.829393, 0.023525, 0.558167, -0.162464, -0.453831, -0.554278, 0.697719, 0.060216, 0.325793, -0.832001, -0.449038, -0.060517, 0.0, 0.0, 0.0, 1.0],
                [0.805322, 0.134318, 0.577419, -0.150748, -0.423329, -0.551572, 0.718721, 0.064442, 0.415024, -0.823245, -0.387332, -0.066473, 0.0, 0.0, 0.0, 1.0],
                [0.826035, 0.128631, 0.548741, -0.139032, -0.378785, -0.594253, 0.709497, 0.068669, 0.417353, -0.793929, -0.44215, -0.072429, 0.0, 0.0, 0.0, 1.0],
                [0.881401, -0.001833, 0.472361, -0.127316, -0.369262, -0.626284, 0.686595, 0.072896, 0.294573, -0.779595, -0.552684, -0.078386, 0.0, 0.0, 0.0, 1.0],
                [0.887593, -0.028847, 0.45972, -0.115599, -0.380887, -0.607217, 0.697289, 0.077122, 0.259034, -0.794015, -0.549948, -0.084342, 0.0, 0.0, 0.0, 1.0],
                [0.899639, -0.011425, 0.43648, -0.126616, -0.378512, -0.518725, 0.766585, 0.074758, 0.217655, -0.854867, -0.47099, -0.079513, 0.0, 0.0, 0.0, 1.0],
                [0.917973, -0.03268, 0.395289, -0.137632, -0.361159, -0.480857, 0.798961, 0.072395, 0.163968, -0.876192, -0.453216, -0.074683, 0.0, 0.0, 0.0, 1.0],
                [0.927259, -0.054899, 0.37037, -0.148649, -0.349609, -0.481022, 0.803984, 0.070031, 0.134018, -0.87499, -0.465225, -0.069854, 0.0, 0.0, 0.0, 1.0],
                [0.933826, -0.077467, 0.349234, -0.159665, -0.341024, -0.487581, 0.803721, 0.067667, 0.108018, -0.869637, -0.481733, -0.065024, 0.0, 0.0, 0.0, 1.0],
                [0.938865, -0.091622, 0.331864, -0.155731, -0.332123, -0.494919, 0.802962, 0.067307, 0.090676, -0.864098, -0.495092, -0.065851, 0.0, 0.0, 0.0, 1.0],
                [0.941073, -0.095377, 0.32447, -0.151797, -0.328012, -0.491076, 0.807002, 0.066948, 0.08237, -0.865883, -0.493423, -0.066677, 0.0, 0.0, 0.0, 1.0],
                [0.941175, -0.093129, 0.324826, -0.147863, -0.328112, -0.4817, 0.812593, 0.066588, 0.080793, -0.871377, -0.48392, -0.067504, 0.0, 0.0, 0.0, 1.0],
                [0.940143, -0.086231, 0.329683, -0.143929, -0.330206, -0.46957, 0.81882, 0.066228, 0.084201, -0.878677, -0.469937, -0.068331, 0.0, 0.0, 0.0, 1.0],
                [0.938752, -0.079774, 0.335226, -0.139995, -0.33354, -0.454704, 0.825829, 0.065869, 0.086549, -0.887065, -0.453463, -0.069158, 0.0, 0.0, 0.0, 1.0],
                [0.938573, -0.077739, 0.336204, -0.136061, -0.33395, -0.450012, 0.828231, 0.065509, 0.086909, -0.889635, -0.44833, -0.069984, 0.0, 0.0, 0.0, 1.0]
            ]
        },
        {
            "name": "Leg_L",
            "time": [0.0, 0.0417, 0.0833, 0.125, 0.1667, 0.2083, 0.25, 0.2917, 0.3333, 0.375, 0.4167, 0.4583, 0.5, 0.5417, 0.5833, 0.625, 0.6667, 0.7083, 0.75, 0.7917, 0.8333],
            "transform": [
                [0.999998, -0.0, -0.0, 0.0, 0.0, 0.769348, 0.638831, 0.37472, 0.0, -0.63883, 0.769349, 0.0, 0.0, 0.0, 0.0, 1.0],
                [0.999998, -0.0, -0.0, -0.0, 0.0, 0.641872, 0.766813, 0.37472, -0.0, -0.766813, 0.641872, -0.0, 0.0, 0.0, 0.0, 1.0],
                [0.999998, -0.0, -0.0, -0.0, 0.0, 0.689599, 0.724193, 0.37472, -0.0, -0.724192, 0.6896, -0.0, 0.0, 0.0, 0.0, 1.0],
                [0.999998, -0.0, -0.0, 0.0, 0.0, 0.743119, 0.66916, 0.37472, -0.0, -0.669159, 0.74312, -0.0, 0.0, 0.0, 0.0, 1.0],
                [0.999998, -0.0, -0.0, 0.0, 0.0, 0.733414, 0.679784, 0.37472, -0.0, -0.679782, 0.733415, -0.0, 0.0, 0.0, 0.0, 1.0],
                [0.999998, -0.0, -0.0, -0.0, 0.0, 0.613594, 0.789623, 0.37472, -0.0, -0.789622, 0.613594, 0.0, 0.0, 0.0, 0.0, 1.0],
                [0.999998, -0.0, -0.0, 0.0, 0.0, 0.501589, 0.865106, 0.37472, -0.0, -0.865107, 0.501589, -0.0, 0.0, 0.0, 0.0, 1.0],
                [0.999998, -0.0, -0.0, -0.0, 0.0, 0.429497, 0.903069, 0.37472, -0.0, -0.903069, 0.429496, -0.0, 0.0, 0.0, 0.0, 1.0],
                [0.999998, -0.0, -0.0, 0.0, 0.0, 0.442939, 0.896552, 0.37472, -0.0, -0.896553, 0.442938, -0.0, 0.0, 0.0, 0.0, 1.0],
                [0.999998, -0.0, -0.0, -0.0, 0.0, 0.567834, 0.823144, 0.37472, -0.0, -0.823144, 0.567834, 0.0, 0.0, 0.0, 0.0, 1.0],
                [0.999998, -0.0, -0.0, -0.0, 0.0, 0.404993, 0.91432, 0.37472, -0.0, -0.914321, 0.404992, -0.0, 0.0, 0.0, 0.0, 1.0],
                [0.999998, -0.0, -0.0, 0.0, 0.0, 0.247699, 0.968837, 0.37472, -0.0, -0.968839, 0.247698, 0.0, 0.0, 0.0, 0.0, 1.0],
                [0.999998, -0.0, -0.0, -0.0, 0.0, 0.280833, 0.959756, 0.37472, -0.0, -0.959758, 0.280833, 0.0, 0.0, 0.0, 0.0, 1.0],
                [0.999998, -0.0, -0.0, 0.0, 0.0, 0.322883, 0.946439, 0.37472, -0.0, -0.946441, 0.322883, -0.0, 0.0, 0.0, 0.0, 1.0],
                [0.999998, -0.0, -0.0, 0.0, 0.0, 0.372197, 0.928154, 0.37472, -0.0, -0.928155, 0.372197, -0.0, 0.0, 0.0, 0.0, 1.0],
                [0.999998, -0.0, -0.0, -0.0, 0.0, 0.419805, 0.907615, 0.37472, -0.0, -0.907616, 0.419804, 0.0, 0.0, 0.0, 0.0, 1.0],
                [0.999997, -0.0, -0.0, -0.0, 0.0, 0.434085, 0.900872, 0.37472, -0.0, -0.900874, 0.434084, 0.0, 0.0, 0.0, 0.0, 1.0],
                [0.999998, -0.0, -0.0, 0.0, 0.0, 0.428715, 0.903441, 0.37472, -0.0, -0.903442, 0.428714, 0.0, 0.0, 0.0, 0.0, 1.0],
                [0.999998, -0.0, -0.0, 0.0, 0.0, 0.414432, 0.910081, 0.37472, -0.0, -0.910082, 0.414431, 0.0, 0.0, 0.0, 0.0, 1.0],
                [0.999998, -0.0, -0.0, -0.0, 0.0, 0.39747, 0.917616, 0.37472, -0.0, -0.917617, 0.397469, 0.0, 0.0, 0.0, 0.0, 1.0],
                [0.999998, -0.0, -0.0, 0.0, 0.0, 0.393109, 0.919493, 0.37472, -0.0, -0.919493, 0.393109, -0.0, 0.0, 0.0, 0.0, 1.0]
            ]
        },
        {
            "name": "Knee_L",
            "time": [0.0, 0.8333],
            "transform": [
                [1.0, 0.0, -0.0, 0.0, -0.0, 1e-06, -1.0, 0.37472, -0.0, 1.0, 1e-06, 0.0, 0.0, 0.0, 0.0, 1.0],
                [1.0, 0.0, -0.0, 0.0, -0.0, 1e-06, -1.0, 0.37472, -0.0, 1.0, 1e-06, -0.0, 0.0, 0.0, 0.0, 1.0]
            ]
        },
        {
            "name": "Torso",
            "time": [0.0, 0.0417, 0.0833, 0.125, 0.1667, 0.2083, 0.25, 0.2917, 0.3333, 0.375, 0.4167, 0.4583, 0.5, 0.5417, 0.5833, 0.625, 0.6667, 0.7083, 0.75, 0.7917, 0.8333],
            "transform": [
                [0.843821, 0.001364, -0.536625, 0.0, 0.00987, 0.999787, 0.018061, 0.05, 0.536537, -0.020536, 0.843628, -0.0, 0.0, 0.0, 0.0, 1.0],
                [0.975479, 0.065411, -0.210156, -0.0, -0.029073, 0.984744, 0.171556, 0.05, 0.218172, -0.161239, 0.962498, -0.0, 0.0, 0.0, 0.0, 1.0],
                [0.997223, 0.053263, -0.052082, -0.0, -0.040784, 0.975402, 0.216622, 0.05, 0.062339, -0.213896, 0.974865, 0.0, 0.0, 0.0, 0.0, 1.0],
                [0.997708, 0.008032, -0.067206, 0.0, 0.004346, 0.983281, 0.182038, 0.05, 0.067544, -0.181912, 0.980992, -0.0, 0.0, 0.0, 0.0, 1.0],
                [0.977634, -0.053835, -0.203313, 0.0, 0.089419, 0.981357, 0.170116, 0.05, 0.190365, -0.184491, 0.964222, 0.0, 0.0, 0.0, 0.0, 1.0],
                [0.88097, -0.105175, -0.461337, 0.0, 0.214589, 0.957761, 0.191428, 0.05, 0.421718, -0.267639, 0.866327, 0.0, 0.0, 0.0, 0.0, 1.0],
                [0.765397, -0.111777, -0.633779, -0.0, 0.275963, 0.946669, 0.166311, 0.05, 0.581391, -0.302193, 0.755424, 0.0, 0.0, 0.0, 0.0, 1.0],
                [0.682516, -0.094797, -0.724698, -0.0, 0.232842, 0.96809, 0.092653, 0.05, 0.692792, -0.231976, 0.682809, -0.0, 0.0, 0.0, 0.0, 1.0],
                [0.675922, -0.039137, -0.735935, 0.0, 0.172571, 0.97923, 0.106422, 0.05, 0.716487, -0.198933, 0.668636, 0.0, 0.0, 0.0, 0.0, 1.0],
                [0.765647, 0.043199, -0.641811, 0.0, 0.14812, 0.959091, 0.241253, 0.05, 0.625978, -0.279779, 0.727926, 0.0, 0.0, 0.0, 0.0, 1.0],
                [0.771667, 0.08019, -0.630954, 0.0, 0.154678, 0.938576, 0.308459, 0.05, 0.616935, -0.335621, 0.711864, 0.0, 0.0, 0.0, 0.0, 1.0],
                [0.773281, 0.083643, -0.628524, 0.0, 0.180506, 0.921204, 0.344671, 0.05, 0.607831, -0.379979, 0.697251, 0.0, 0.0, 0.0, 0.0, 1.0],
                [0.78953, 0.071949, -0.609482, -0.0, 0.199173, 0.90931, 0.365354, 0.05, 0.580496, -0.409849, 0.703597, 0.0, 0.0, 0.0, 0.0, 1.0],
                [0.795025, 0.064298, -0.60316, 0.0, 0.20673, 0.906112, 0.369082, 0.05, 0.570264, -0.41812, 0.70709, -0.0, 0.0, 0.0, 0.0, 1.0],
                [0.797761, 0.057057, -0.600269, -0.0, 0.211199, 0.906008, 0.366802, 0.05, 0.564779, -0.419395, 0.710727, 0.0, 0.0, 0.0, 0.0, 1.0],
                [0.798653, 0.051144, -0.599616, -0.0, 0.212794, 0.908012, 0.360877, 0.05, 0.562916, -0.415809, 0.714303, -0.0, 0.0, 0.0, 0.0, 1.0],
                [0.797034, 0.050081, -0.601857, 0.0, 0.209779, 0.911547, 0.353657, 0.05, 0.566334, -0.408132, 0.716027, 0.0, 0.0, 0.0, 0.0, 1.0],
                [0.795077, 0.05126, -0.60434, -0.0, 0.203977, 0.915781, 0.34603, 0.05, 0.571183, -0.398391, 0.71766, -0.0, 0.0, 0.0, 0.0, 1.0],
                [0.791894, 0.053995, -0.608268, 0.0, 0.19641, 0.920633, 0.337426, 0.05, 0.578212, -0.386675, 0.718438, -0.0, 0.0, 0.0, 0.0, 1.0],
                [0.787746, 0.057397, -0.613322, -0.0, 0.18712, 0.926305, 0.327022, 0.05, 0.586895, -0.372374, 0.718952, 0.0, 0.0, 0.0, 0.0, 1.0],
                [0.786454, 0.058359, -0.614887, 0.0, 0.184242, 0.928037, 0.32373, 0.05, 0.589532, -0.367885, 0.719106, 0.0, 0.0, 0.0, 0.0, 1.0]
            ]
        },
        {
            "name": "Chest",
            "time": [0.0, 0.0417, 0.0833, 0.125, 0.1667, 0.2083, 0.25, 0.2917, 0.3333, 0.375, 0.4167, 0.4583, 0.5, 0.5417, 0.5833, 0.625, 0.6667, 0.7083, 0.75, 0.7917, 0.8333],
            "transform": [
                [0.92844, -0.074598, -0.36392, 0.0, 0.086047, 0.996172, 0.015323, 0.3, 0.361386, -0.045541, 0.931303, -0.0, 0.0, 0.0, 0.0, 1.0],
                [0.853087, -0.084728, -0.514847, 0.0, 0.10488, 0.994432, 0.010129, 0.3, 0.511124, -0.062638, 0.857222, -0.0, 0.0, 0.0, 0.0, 1.0],
                [0.767139, -0.092807, -0.634734, -0.0, 0.12352, 0.992332, 0.004193, 0.3, 0.62948, -0.081618, 0.772719, -0.0, 0.0, 0.0, 0.0, 1.0],
                [0.683901, -0.088803, -0.724151, 0.0, 0.132633, 0.991157, 0.003715, 0.3, 0.717421, -0.098587, 0.68963, 0.0, 0.0, 0.0, 0.0, 1.0],
                [0.713739, -0.087026, -0.694985, 0.0, 0.106878, 0.994162, -0.014727, 0.3, 0.692213, -0.063767, 0.718872, 0.0, 0.0, 0.0, 0.0, 1.0],
                [0.886666, -0.075765, -0.456164, 0.0, 0.04815, 0.996249, -0.071877, 0.3, 0.459901, 0.041767, 0.886987, 0.0, 0.0, 0.0, 0.0, 1.0],
                [0.96359, -0.043289, -0.263863, 0.0, 0.021253, 0.996084, -0.085803, 0.3, 0.266545, 0.077071, 0.960736, 0.0, 0.0, 0.0, 0.0, 1.0],
                [0.979568, -0.007029, -0.200999, -0.0, 0.006509, 0.999972, -0.003247, 0.3, 0.201017, 0.001873, 0.979586, 0.0, 0.0, 0.0, 0.0, 1.0],
                [0.987448, 0.018939, -0.156814, 0.0, -0.007775, 0.997409, 0.071501, 0.3, 0.157763, -0.069384, 0.985036, -0.0, 0.0, 0.0, 0.0, 1.0],
                [0.992641, 0.01044, -0.120657, 0.0, -0.001599, 0.99732, 0.073138, 0.3, 0.121098, -0.072407, 0.989996, -0.0, 0.0, 0.0, 0.0, 1.0],
                [0.997705, -0.031341, -0.06006, 0.0, 0.038238, 0.992352, 0.117361, 0.3, 0.055923, -0.119387, 0.991271, 0.0, 0.0, 0.0, 0.0, 1.0],
                [0.993439, -0.043414, -0.105818, -0.0, 0.060879, 0.983928, 0.167862, 0.3, 0.09683, -0.173202, 0.980115, 0.0, 0.0, 0.0, 0.0, 1.0],
                [0.978858, -0.023298, -0.203218, 0.0, 0.064089, 0.9784, 0.196531, 0.3, 0.194251, -0.2054, 0.959206, 0.0, 0.0, 0.0, 0.0, 1.0],
                [0.973003, -0.021469, -0.229802, -0.0, 0.071367, 0.974855, 0.211097, 0.3, 0.219492, -0.221798, 0.950068, -0.0, 0.0, 0.0, 0.0, 1.0],
                [0.972171, -0.026462, -0.232783, -0.0, 0.079435, 0.971974, 0.221253, 0.3, 0.220405, -0.233586, 0.947026, 0.0, 0.0, 0.0, 0.0, 1.0],
                [0.971752, -0.029643, -0.234145, 0.0, 0.083714, 0.970867, 0.224514, 0.3, 0.220669, -0.237772, 0.945922, -0.0, 0.0, 0.0, 0.0, 1.0],
                [0.97099, -0.025701, -0.237743, -0.0, 0.078006, 0.973863, 0.213315, 0.3, 0.226047, -0.225671, 0.947616, 0.0, 0.0, 0.0, 0.0, 1.0],
                [0.970532, -0.018574, -0.240263, -0.0, 0.067091, 0.978431, 0.195369, 0.3, 0.231453, -0.205731, 0.950844, 0.0, 0.0, 0.0, 0.0, 1.0],
                [0.969712, -0.008584, -0.244108, 0.0, 0.052275, 0.983519, 0.173076, 0.3, 0.2386, -0.180594, 0.954178, 0.0, 0.0, 0.0, 0.0, 1.0],
                [0.96906, 0.00415, -0.246797, 0.0, 0.033177, 0.988594, 0.146894, 0.3, 0.244593, -0.150536, 0.957869, 0.0, 0.0, 0.0, 0.0, 1.0],
                [0.968753, 0.008235, -0.247902, 0.0, 0.02709, 0.989956, 0.138748, 0.3, 0.246556, -0.141128, 0.958798, -0.0, 0.0, 0.0, 0.0, 1.0]
            ]
        },
        {
            "name": "Head",
            "time": [0.0, 0.0417, 0.0833, 0.125, 0.1667, 0.2083, 0.25, 0.2917, 0.3333, 0.375, 0.4167, 0.4583, 0.5, 0.5417, 0.5833, 0.625, 0.6667, 0.7083, 0.75, 0.7917, 0.8333],
            "transform": [
                [0.588797, 0.068037, 0.805413, -0.0, -0.073806, 0.996812, -0.03025, 0.4, -0.804905, -0.041634, 0.591942, 0.0, 0.0, 0.0, 0.0, 1.0],
                [0.677357, 0.168937, 0.715995, 0.0, -0.041372, 0.980481, -0.192203, 0.4, -0.734491, 0.100568, 0.671126, 0.0, 0.0, 0.0, 0.0, 1.0],
                [0.736169, 0.267185, 0.621826, 0.0, -0.052647, 0.938598, -0.34097, 0.4, -0.674747, 0.218274, 0.705035, 0.0, 0.0, 0.0, 0.0, 1.0],
                [0.69175, 0.364105, 0.623626, -0.0, -0.062369, 0.890478, -0.450728, 0.4, -0.719439, 0.272896, 0.638699, 0.0, 0.0, 0.0, 0.0, 1.0],
                [0.631243, 0.423231, 0.649929, 0.0, -0.045062, 0.85658, -0.514039, 0.4, -0.774276, 0.295195, 0.559784, 0.0, 0.0, 0.0, 0.0, 1.0],
                [0.697765, 0.360312, 0.619112, 0.0, -0.032928, 0.879504, -0.474747, 0.4, -0.715571, 0.310874, 0.625554, -0.0, 0.0, 0.0, 0.0, 1.0],
                [0.753965, 0.296312, 0.586291, 0.0, -0.032701, 0.90831, -0.417012, 0.4, -0.656101, 0.295239, 0.694526, -0.0, 0.0, 0.0, 0.0, 1.0],
                [0.769777, 0.23505, 0.593461, -0.0, -0.072372, 0.955874, -0.284718, 0.4, -0.634197, 0.176218, 0.752823, 0.0, 0.0, 0.0, 0.0, 1.0],
                [0.780093, 0.164071, 0.603768, -0.0, -0.047292, 0.977705, -0.204584, 0.4, -0.623873, 0.131041, 0.770462, -0.0, 0.0, 0.0, 0.0, 1.0],
                [0.775805, 0.119762, 0.619503, -0.0, 0.071429, 0.958839, -0.274815, 0.4, -0.626916, 0.257453, 0.73532, 0.0, 0.0, 0.0, 0.0, 1.0],
                [0.783246, 0.075997, 0.61705, -0.0, 0.106736, 0.961325, -0.253884, 0.4, -0.61248, 0.264715, 0.744846, -0.0, 0.0, 0.0, 0.0, 1.0],
                [0.772545, 0.115111, 0.62444, 0.0, 0.103812, 0.947298, -0.303063, 0.4, -0.626416, 0.298953, 0.719882, -0.0, 0.0, 0.0, 0.0, 1.0],
                [0.75016, 0.187281, 0.634182, -0.0, 0.096903, 0.917564, -0.385594, 0.4, -0.654117, 0.35071, 0.670174, -0.0, 0.0, 0.0, 0.0, 1.0],
                [0.747322, 0.188167, 0.637263, -0.0, 0.093875, 0.919544, -0.381607, 0.4, -0.657797, 0.345006, 0.669533, -0.0, 0.0, 0.0, 0.0, 1.0],
                [0.751041, 0.165234, 0.639247, -0.0, 0.092537, 0.932279, -0.3497, 0.4, -0.653739, 0.321792, 0.684891, 0.0, 0.0, 0.0, 0.0, 1.0],
                [0.75443, 0.141993, 0.640838, -0.0, 0.092603, 0.943529, -0.31808, 0.4, -0.649815, 0.299312, 0.69868, -0.0, 0.0, 0.0, 0.0, 1.0],
                [0.75013, 0.147237, 0.644691, 0.0, 0.092952, 0.941741, -0.323234, 0.4, -0.654724, 0.302393, 0.692745, 0.0, 0.0, 0.0, 0.0, 1.0],
                [0.743048, 0.164725, 0.648649, -0.0, 0.09394, 0.933964, -0.344794, 0.4, -0.662612, 0.317132, 0.678508, -0.0, 0.0, 0.0, 0.0, 1.0],
                [0.734327, 0.187656, 0.652342, -0.0, 0.096074, 0.922617, -0.373556, 0.4, -0.671962, 0.336985, 0.659476, 0.0, 0.0, 0.0, 0.0, 1.0],
                [0.723624, 0.215034, 0.655843, 0.0, 0.099846, 0.907616, -0.407751, 0.4, -0.682934, 0.360541, 0.635305, 0.0, 0.0, 0.0, 0.0, 1.0],
                [0.720232, 0.223252, 0.656829, -0.0, 0.10123, 0.902845, -0.417876, 0.4, -0.686307, 0.367457, 0.627661, 0.0, 0.0, 0.0, 0.0, 1.0]
            ]
        },
        {
            "name": "Shoulder_R",
            "time": [0.0, 0.0417, 0.0833, 0.125, 0.1667, 0.2083, 0.25, 0.2917, 0.3333, 0.375, 0.4167, 0.4583, 0.5, 0.5417, 0.5833, 0.625, 0.6667, 0.7083, 0.75, 0.7917, 0.8333],
            "transform": [
                [0.086987, 0.834351, -0.54434, -0.0, 0.728125, -0.426173, -0.536846, 0.4, -0.679892, -0.349658, -0.644576, 0.0, 0.0, 0.0, 0.0, 1.0],
                [-0.264289, 0.555493, -0.788402, 0.0, 0.744082, -0.402644, -0.533116, 0.4, -0.613579, -0.727552, -0.306914, 0.0, 0.0, 0.0, 0.0, 1.0],
                [-0.275128, 0.494535, -0.82446, 0.0, 0.775421, -0.392817, -0.494377, 0.4, -0.56834, -0.775344, -0.275395, 0.0, 0.0, 0.0, 0.0, 1.0],
                [-0.103907, 0.63043, -0.769264, -0.0, 0.800508, -0.405999, -0.440842, 0.4, -0.59023, -0.661626, -0.462474, 0.0, 0.0, 0.0, 0.0, 1.0],
                [-0.065982, 0.690096, -0.72071, 0.0, 0.801225, -0.393846, -0.45046, 0.4, -0.594697, -0.607188, -0.526933, 0.0, 0.0, 0.0, 0.0, 1.0],
                [-0.024684, 0.753532, -0.656955, 0.0, 0.765334, -0.408541, -0.497342, 0.4, -0.643146, -0.515079, -0.566616, -0.0, 0.0, 0.0, 0.0, 1.0],
                [-0.012193, 0.765806, -0.642963, 0.0, 0.735699, -0.428611, -0.524437, 0.4, -0.677189, -0.479432, -0.558173, -0.0, 0.0, 0.0, 0.0, 1.0],
                [-0.066038, 0.687022, -0.723634, -0.0, 0.71864, -0.470375, -0.51215, 0.4, -0.692227, -0.553865, -0.462658, 0.0, 0.0, 0.0, 0.0, 1.0],
                [0.019259, 0.742754, -0.669294, -0.0, 0.736319, -0.463388, -0.493051, 0.4, -0.676346, -0.483327, -0.555829, -0.0, 0.0, 0.0, 0.0, 1.0],
                [0.265074, 0.901777, -0.341386, -0.0, 0.797337, -0.40409, -0.448282, 0.4, -0.54219, -0.153374, -0.826138, 0.0, 0.0, 0.0, 0.0, 1.0],
                [0.380222, 0.90083, -0.209633, -0.0, 0.804668, -0.433943, -0.405209, 0.4, -0.455985, -0.014616, -0.889866, -0.0, 0.0, 0.0, 0.0, 1.0],
                [0.403468, 0.895131, -0.189644, 0.0, 0.783573, -0.445045, -0.433523, 0.4, -0.472453, 0.026313, -0.88096, -0.0, 0.0, 0.0, 0.0, 1.0],
                [0.378849, 0.907622, -0.180852, -0.0, 0.768962, -0.417459, -0.484169, 0.4, -0.514933, 0.044359, -0.856078, -0.0, 0.0, 0.0, 0.0, 1.0],
                [0.337748, 0.924547, -0.1765, -0.0, 0.783841, -0.380098, -0.49103, 0.4, -0.52106, 0.027497, -0.853073, -0.0, 0.0, 0.0, 0.0, 1.0],
                [0.285534, 0.942848, -0.17182, -0.0, 0.808789, -0.333248, -0.484559, 0.4, -0.514117, -0.000608, -0.857716, 0.0, 0.0, 0.0, 0.0, 1.0],
                [0.231263, 0.957794, -0.170769, -0.0, 0.832296, -0.285667, -0.475047, 0.4, -0.503773, -0.03227, -0.86323, -0.0, 0.0, 0.0, 0.0, 1.0],
                [0.20389, 0.961428, -0.184656, 0.0, 0.838728, -0.26883, -0.473558, 0.4, -0.504926, -0.058324, -0.861187, 0.0, 0.0, 0.0, 0.0, 1.0],
                [0.196337, 0.959217, -0.203391, -0.0, 0.836544, -0.272072, -0.475565, 0.4, -0.511499, -0.076776, -0.855844, -0.0, 0.0, 0.0, 0.0, 1.0],
                [0.194828, 0.953568, -0.229697, -0.0, 0.830338, -0.285005, -0.478855, 0.4, -0.522079, -0.097433, -0.847311, 0.0, 0.0, 0.0, 0.0, 1.0],
                [0.193905, 0.945976, -0.25989, 0.0, 0.822101, -0.301245, -0.483108, 0.4, -0.535291, -0.119981, -0.8361, 0.0, 0.0, 0.0, 0.0, 1.0],
                [0.192683, 0.943667, -0.269031, -0.0, 0.819759, -0.305492, -0.484417, 0.4, -0.539307, -0.127204, -0.832445, 0.0, 0.0, 0.0, 0.0, 1.0]
            ]
        },
        {
            "name": "Arm_R",
            "time": [0.0, 0.0417, 0.0833, 0.125, 0.1667, 0.2083, 0.25, 0.2917, 0.3333, 0.375, 0.4167, 0.4583, 0.5, 0.5417, 0.5833, 0.625, 0.6667, 0.7083, 0.75, 0.7917, 0.8333],
            "transform": [
                [0.515515, -0.64966, 0.559214, -0.0, 0.570616, 0.750638, 0.338622, 0.39386, -0.64205, 0.145498, 0.749951, -0.0, 0.0, 0.0, 0.0, 1.0],
                [0.647917, -0.391861, 0.651769, 0.0, 0.248616, 0.923017, 0.301908, 0.39386, -0.722498, -0.033794, 0.688377, 0.0, 0.0, 0.0, 0.0, 1.0],
                [0.486477, -0.144324, 0.85787, -0.0, 0.326715, 0.948103, -0.025892, 0.393861, -0.812521, 0.294822, 0.503218, 0.0, 0.0, 0.0, 0.0, 1.0],
                [0.124075, -0.244237, 0.957092, -0.0, 0.661593, 0.746245, 0.102661, 0.39386, -0.741935, 0.624592, 0.2516, -0.0, 0.0, 0.0, 0.0, 1.0],
                [-0.28687, -0.727571, 0.623026, 0.0, 0.270516, 0.567892, 0.774953, 0.39386, -0.920925, 0.393455, 0.033564, -0.0, 0.0, 0.0, 0.0, 1.0],
                [-0.457854, -0.861005, 0.232716, -0.0, -0.365932, 0.422277, 0.826084, 0.39386, -0.812431, 0.295028, -0.503231, 0.0, 0.0, 0.0, 0.0, 1.0],
                [-0.353701, -0.876194, 0.334027, -0.0, -0.458265, 0.475745, 0.748429, 0.39386, -0.81761, 0.112393, -0.563991, 0.0, 0.0, 0.0, 0.0, 1.0],
                [0.018796, -0.774073, 0.632704, -0.0, -0.224968, 0.618606, 0.75076, 0.39386, -0.976023, -0.157492, -0.160861, 0.0, 0.0, 0.0, 0.0, 1.0],
                [0.366597, -0.639171, 0.67496, 0.0, 0.133757, 0.759895, 0.635923, 0.39386, -0.922662, -0.143798, 0.360368, -0.0, 0.0, 0.0, 0.0, 1.0],
                [0.368919, -0.740077, 0.563061, -0.0, 0.50341, 0.672289, 0.543568, 0.39386, -0.783623, 0.08347, 0.614277, -0.0, 0.0, 0.0, 0.0, 1.0],
                [0.628017, -0.69956, 0.345873, 0.0, 0.404248, 0.6745, 0.617503, 0.39386, -0.667661, -0.249633, 0.699215, 0.0, 0.0, 0.0, 0.0, 1.0],
                [0.60427, -0.665952, 0.440018, 0.0, 0.201448, 0.66535, 0.717301, 0.39386, -0.773215, -0.347098, 0.530757, 0.0, 0.0, 0.0, 0.0, 1.0],
                [0.327657, -0.732861, 0.596524, -0.0, 0.154016, 0.669372, 0.72517, 0.39386, -0.934078, -0.146704, 0.328819, -0.0, 0.0, 0.0, 0.0, 1.0],
                [0.286194, -0.753941, 0.591717, 0.0, 0.227256, 0.658187, 0.716192, 0.39386, -0.932753, -0.070969, 0.356048, 0.0, 0.0, 0.0, 0.0, 1.0],
                [0.315534, -0.772653, 0.551932, -0.0, 0.346487, 0.63957, 0.684995, 0.39386, -0.885416, -0.025068, 0.464747, -0.0, 0.0, 0.0, 0.0, 1.0],
                [0.361484, -0.788308, 0.499913, -0.0, 0.47079, 0.620605, 0.626512, 0.393861, -0.80701, 0.008939, 0.589418, 0.0, 0.0, 0.0, 0.0, 1.0],
                [0.398185, -0.78813, 0.471903, -0.0, 0.522727, 0.620742, 0.584342, 0.39386, -0.756171, 0.014093, 0.65244, 0.0, 0.0, 0.0, 0.0, 1.0],
                [0.436332, -0.777763, 0.455254, 0.0, 0.532038, 0.633833, 0.561802, 0.393861, -0.728107, -0.00294, 0.683336, -0.0, 0.0, 0.0, 0.0, 1.0],
                [0.479762, -0.761121, 0.43954, 0.0, 0.525583, 0.652983, 0.546007, 0.39386, -0.705105, -0.031144, 0.706061, -0.0, 0.0, 0.0, 0.0, 1.0],
                [0.530224, -0.73923, 0.418599, 0.0, 0.515801, 0.675305, 0.528221, 0.393861, -0.675566, -0.064589, 0.731843, -0.0, 0.0, 0.0, 0.0, 1.0],
                [0.545613, -0.732508, 0.410645, 0.0, 0.514413, 0.681669, 0.521477, 0.39386, -0.664281, -0.073773, 0.741114, 0.0, 0.0, 0.0, 0.0, 1.0]
            ]
        },
        {
            "name": "Hand_R",
            "time": [0.0, 0.0417, 0.0833, 0.125, 0.1667, 0.2083, 0.25, 0.2917, 0.3333, 0.375, 0.4167, 0.4583, 0.5, 0.5417, 0.5833, 0.625, 0.6667, 0.7083, 0.75, 0.7917, 0.8333],
            "transform": [
                [0.997805, -2e-06, 0.0, 0.0, 1e-06, 0.582536, -0.813073, 0.3, 1e-06, 0.81884, 0.578433, 0.0, 0.0, 0.0, 0.0, 1.0],
                [0.997809, -2e-06, 1e-06, 0.0, 1e-06, 0.227757, -0.967796, 0.3, 2e-06, 0.983289, 0.224169, -0.0, 0.0, 0.0, 0.0, 1.0],
                [0.9978, -2e-06, 1e-06, 0.0, 1e-06, 0.220508, -0.969257, 0.3, 2e-06, 0.985174, 0.216946, -0.0, 0.0, 0.0, 0.0, 1.0],
                [0.997793, -2e-06, 1e-06, -0.0, 1e-06, 0.122158, -0.985948, 0.3, 2e-06, 1.002091, 0.12019, 0.0, 0.0, 0.0, 0.0, 1.0],
                [0.997793, -1e-06, 1e-06, 0.0, 1e-06, -0.24047, -0.964712, 0.3, 2e-06, 0.980363, -0.23663, 0.0, 0.0, 0.0, 0.0, 1.0],
                [0.9978, -2e-06, 1e-06, 0.0, 1e-06, -0.134532, -0.984486, 0.3, 2e-06, 1.00042, -0.132389, 0.0, 0.0, 0.0, 0.0, 1.0],
                [0.997808, -1e-06, 1e-06, 0.0, 1e-06, -0.251244, -0.961989, 0.3, 2e-06, 0.977749, -0.247195, -0.0, 0.0, 0.0, 0.0, 1.0],
                [0.997794, -1e-06, 1e-06, -0.0, 1e-06, -0.287047, -0.95181, 0.3, 2e-06, 0.96838, -0.282135, -0.0, 0.0, 0.0, 0.0, 1.0],
                [0.997795, -2e-06, 1e-06, -0.0, 1e-06, 0.072312, -0.990641, 0.3, 2e-06, 1.006987, 0.071138, -0.0, 0.0, 0.0, 0.0, 1.0],
                [0.997796, -2e-06, -0.0, -0.0, 1e-06, 0.737815, -0.677516, 0.3, 1e-06, 0.683039, 0.731848, 0.0, 0.0, 0.0, 0.0, 1.0],
                [0.997796, -2e-06, -1e-06, 0.0, 1e-06, 0.910949, -0.418361, 0.3, 1e-06, 0.419715, 0.908009, -0.0, 0.0, 0.0, 0.0, 1.0],
                [0.997799, -2e-06, -1e-06, 0.0, 1e-06, 0.92424, -0.387901, 0.3, 1e-06, 0.388983, 0.921668, -0.0, 0.0, 0.0, 0.0, 1.0],
                [0.997799, -2e-06, -1e-06, -0.0, 1e-06, 0.911988, -0.416023, 0.3, 1e-06, 0.41734, 0.909109, 0.0, 0.0, 0.0, 0.0, 1.0],
                [0.9978, -2e-06, -1e-06, -0.0, 1e-06, 0.921332, -0.394573, 0.3, 1e-06, 0.395627, 0.918877, 0.0, 0.0, 0.0, 0.0, 1.0],
                [0.997793, -2e-06, -1e-06, -0.0, 1e-06, 0.936459, -0.357102, 0.3, 1e-06, 0.357959, 0.934218, 0.0, 0.0, 0.0, 0.0, 1.0],
                [0.997794, -2e-06, -1e-06, -0.0, 1e-06, 0.950168, -0.318495, 0.3, 1e-06, 0.319106, 0.94835, 0.0, 0.0, 0.0, 0.0, 1.0],
                [0.997804, -2e-06, -1e-06, 0.0, 1e-06, 0.954514, -0.305187, 0.3, 1e-06, 0.305749, 0.952758, -0.0, 0.0, 0.0, 0.0, 1.0],
                [0.997805, -2e-06, -1e-06, 0.0, 1e-06, 0.953968, -0.3069, 0.3, 1e-06, 0.307471, 0.952195, -0.0, 0.0, 0.0, 0.0, 1.0],
                [0.997799, -2e-06, -1e-06, -0.0, 1e-06, 0.951469, -0.314479, 0.3, 1e-06, 0.315051, 0.94974, 0.0, 0.0, 0.0, 0.0, 1.0],
                [0.997799, -2e-06, -1e-06, 0.0, 1e-06, 0.948375, -0.323724, 0.3, 1e-06, 0.324344, 0.946561, 0.0, 0.0, 0.0, 0.0, 1.0],
                [0.997802, -2e-06, -1e-06, -0.0, 1e-06, 0.94765, -0.325922, 0.3, 1e-06, 0.326565, 0.945785, -0.0, 0.0, 0.0, 0.0, 1.0]
            ]
        },
        {
            "name": "Tool_R",
            "time": [0.0, 0.0417, 0.0833, 0.125, 0.1667, 0.2083, 0.25, 0.2917, 0.3333, 0.375, 0.4167, 0.4583, 0.5, 0.5417, 0.5833, 0.625, 0.6667, 0.7083, 0.75, 0.7917, 0.8333],
            "transform": [
                [-0.864119, 0.457687, -0.212775, -0.030156, 0.276815, 0.076311, -0.951289, 0.121852, -0.418113, -0.894317, -0.189849, -0.028934, 0.0, 0.0, 0.0, 1.0],
                [-0.402818, 0.895734, 0.206249, -0.011326, 0.446751, 0.391609, -0.802876, 0.14624, -0.795277, -0.23343, -0.554835, -0.018631, 0.0, 0.0, 0.0, 1.0],
                [-0.6597, 0.724204, -0.202222, 0.007505, 0.722687, 0.562497, -0.398137, 0.170629, -0.172183, -0.413282, -0.895174, -0.008328, 0.0, 0.0, 0.0, 1.0],
                [0.118052, 0.177295, -0.973609, 0.026336, 0.675313, 0.709999, 0.208601, 0.195017, 0.727242, -0.687266, -0.035617, 0.001976, 0.0, 0.0, 0.0, 1.0],
                [0.868731, 0.231906, -0.441339, 0.045167, 0.041049, 0.853753, 0.519873, 0.219406, 0.500459, -0.472017, 0.722615, 0.012279, 0.0, 0.0, 0.0, 1.0],
                [0.909312, 0.356788, -0.221641, 0.063997, -0.004834, 0.549264, 0.830358, 0.243795, 0.418609, -0.767765, 0.49047, 0.022582, 0.0, 0.0, 0.0, 1.0],
                [0.888964, 0.372216, -0.252475, 0.041614, 0.433607, -0.592673, 0.680378, 0.299397, 0.102362, -0.721135, -0.688675, 0.059807, 0.0, 0.0, 0.0, 1.0],
                [0.454473, 0.857683, -0.244729, 0.019231, 0.876607, -0.473526, -0.004628, 0.355, -0.118425, -0.213398, -0.97221, 0.097032, 0.0, 0.0, 0.0, 1.0],
                [-0.138682, 0.986579, -0.11765, -0.003152, 0.743504, 0.024303, -0.66644, 0.410603, -0.655513, -0.180941, -0.73014, 0.134257, 0.0, 0.0, 0.0, 1.0],
                [-0.642621, 0.758557, -0.140679, -0.002837, 0.310319, 0.084497, -0.939527, 0.396829, -0.705654, -0.652862, -0.284726, 0.120831, 0.0, 0.0, 0.0, 1.0],
                [-0.857742, 0.512487, -0.095988, -0.002521, 0.185115, 0.124785, -0.967004, 0.383054, -0.486572, -0.854933, -0.198457, 0.107406, 0.0, 0.0, 0.0, 1.0],
                [-0.893641, 0.449222, -0.077734, -0.002206, 0.152123, 0.131474, -0.972125, 0.36928, -0.428478, -0.889169, -0.182805, 0.09398, 0.0, 0.0, 0.0, 1.0],
                [-0.865437, 0.503271, -0.059936, -0.001891, 0.133334, 0.111517, -0.977397, 0.355505, -0.486692, -0.863341, -0.161008, 0.080554, 0.0, 0.0, 0.0, 1.0],
                [-0.849913, 0.53071, -0.049604, -0.001576, 0.122976, 0.10438, -0.97915, 0.341731, -0.516222, -0.847892, -0.151417, 0.067129, 0.0, 0.0, 0.0, 1.0],
                [-0.831603, 0.558832, -0.052923, -0.00126, 0.13017, 0.100498, -0.977681, 0.327956, -0.542034, -0.83225, -0.153424, 0.053703, 0.0, 0.0, 0.0, 1.0],
                [-0.813502, 0.584495, -0.060218, -0.000945, 0.142892, 0.097465, -0.97624, 0.314182, -0.565785, -0.814819, -0.159791, 0.040277, 0.0, 0.0, 0.0, 1.0],
                [-0.806025, 0.594826, -0.061711, -0.00063, 0.146052, 0.095734, -0.975895, 0.300407, -0.57576, -0.807472, -0.160982, 0.026852, 0.0, 0.0, 0.0, 1.0],
                [-0.806253, 0.594468, -0.061719, -0.000314, 0.145558, 0.09515, -0.976053, 0.286632, -0.575523, -0.807768, -0.160215, 0.013426, 0.0, 0.0, 0.0, 1.0],
