{
    "animation": [
        {
            "name": "Root",
            "time": [0.0, 0.0417, 0.0833, 0.125, 0.1667, 0.2083, 0.25, 0.2917, 0.3333, 0.375, 0.4167, 0.4583, 0.5, 0.5417, 0.5833, 0.625, 0.6667, 0.7083, 0.75, 0.7917, 0.8333, 0.875, 0.9167, 0.9583, 1.0, 1.0417, 1.0833, 1.125, 1.1667, 1.2083, 1.25, 1.2917, 1.3333, 1.375, 1.4167, 1.4583, 1.5, 1.5417, 1.5833, 1.625, 1.6667, 1.7083, 1.75, 1.7917, 1.8333, 1.875, 1.9167, 1.9583, 2.0, 2.0417, 2.0833, 2.125, 2.1667, 2.2083, 2.25, 2.2917, 2.3333, 2.375, 2.4167, 2.4583, 2.5, 2.5417, 2.5833, 2.625, 2.6667, 2.7083, 2.75, 2.7917, 2.8333, 2.875, 2.9167],
            "transform": [
                [1.0, -0.0, -0.0, -0.003992, -0.0, -0.0, -1.0, 0.047092, 0.0, 1.0, -0.0, 0.454686, 0.0, 0.0, 0.0, 1.0],
                [1.0, -0.0, -0.0, -0.01544, -0.0, -0.0, -1.0, 0.127368, 0.0, 1.0, -0.0, 0.469642, 0.0, 0.0, 0.0, 1.0],
                [1.0, -0.0, -0.0, -0.027897, -0.0, -0.0, -1.0, 0.268043, 0.0, 1.0, -0.0, 0.571844, 0.0, 0.0, 0.0, 1.0],
                [1.0, -0.0, -0.0, -0.0766, -0.0, -0.0, -1.0, 0.414618, 0.0, 1.0, -0.0, 0.793404, 0.0, 0.0, 0.0, 1.0],
                [1.0, -0.0, -0.0, 0.2537, -0.0, -0.0, -1.0, 0.931628, 0.0, 1.0, -0.0, 1.539629, 0.0, 0.0, 0.0, 1.0],
                [1.0, -0.0, -0.0, 0.705203, -0.0, -0.0, -1.0, 2.025955, 0.0, 1.0, -0.0, 2.059255, 0.0, 0.0, 0.0, 1.0],
                [1.0, -0.0, -0.0, 0.937157, -0.0, -0.0, -1.0, 2.40538, 0.0, 1.0, -0.0, 2.295576, 0.0, 0.0, 0.0, 1.0],
                [1.0, -0.0, -0.0, 0.846973, -0.0, -0.0, -1.0, 2.663208, 0.0, 1.0, -0.0, 2.410584, 0.0, 0.0, 0.0, 1.0],
                [1.0, -0.0, -0.0, 0.863605, -0.0, -0.0, -1.0, 2.912032, 0.0, 1.0, -0.0, 2.424659, 0.0, 0.0, 0.0, 1.0],
                [1.0, -0.0, -0.0, 0.775186, -0.0, -0.0, -1.0, 3.164697, 0.0, 1.0, -0.0, 2.432902, 0.0, 0.0, 0.0, 1.0],
                [1.0, -0.0, -0.0, 0.688522, -0.0, -0.0, -1.0, 3.47631, 0.0, 1.0, -0.0, 2.247948, 0.0, 0.0, 0.0, 1.0],
                [1.0, -0.0, -0.0, 0.523588, -0.0, -0.0, -1.0, 3.657738, 0.0, 1.0, -0.0, 2.21514, 0.0, 0.0, 0.0, 1.0],
                [1.0, -0.0, -0.0, 0.681766, -0.0, -0.0, -1.0, 3.862961, 0.0, 1.0, -0.0, 2.031847, 0.0, 0.0, 0.0, 1.0],
                [1.0, -0.0, -0.0, 0.586405, -0.0, -0.0, -1.0, 4.165521, 0.0, 1.0, -0.0, 1.844222, 0.0, 0.0, 0.0, 1.0],
                [1.0, -0.0, -0.0, 0.550345, -0.0, -0.0, -1.0, 4.271307, 0.0, 1.0, -0.0, 1.81987, 0.0, 0.0, 0.0, 1.0],
                [1.0, -0.0, -0.0, 0.58519, -0.0, -0.0, -1.0, 4.319747, 0.0, 1.0, -0.0, 1.668457, 0.0, 0.0, 0.0, 1.0],
                [1.0, -0.0, -0.0, 0.520768, -0.0, -0.0, -1.0, 4.372087, 0.0, 1.0, -0.0, 1.377441, 0.0, 0.0, 0.0, 1.0],
                [1.0, -0.0, -0.0, 0.413802, -0.0, -0.0, -1.0, 4.582982, 0.0, 1.0, -0.0, 1.289049, 0.0, 0.0, 0.0, 1.0],
                [1.0, -0.0, -0.0, 0.250112, -0.0, -0.0, -1.0, 4.758423, 0.0, 1.0, -0.0, 1.314107, 0.0, 0.0, 0.0, 1.0],
                [1.0, -0.0, -0.0, 0.281801, -0.0, -0.0, -1.0, 5.058968, 0.0, 1.0, -0.0, 1.177558, 0.0, 0.0, 0.0, 1.0],
                [1.0, -0.0, -0.0, 0.313491, -0.0, -0.0, -1.0, 5.260245, 0.0, 1.0, -0.0, 0.757386, 0.0, 0.0, 0.0, 1.0],
                [1.0, -0.0, -0.0, 0.359972, -0.0, -0.0, -1.0, 5.573915, 0.0, 1.0, -0.0, 0.463378, 0.0, 0.0, 0.0, 1.0],
                [1.0, -0.0, -0.0, 0.406452, -0.0, -0.0, -1.0, 6.227931, 0.0, 1.0, -0.0, 0.783689, 0.0, 0.0, 0.0, 1.0],
                [1.0, -0.0, -0.0, 0.452933, -0.0, -0.0, -1.0, 6.256711, 0.0, 1.0, -0.0, 0.860015, 0.0, 0.0, 0.0, 1.0],
                [1.0, -0.0, -0.0, 0.499414, -0.0, -0.0, -1.0, 6.344788, 0.0, 1.0, -0.0, 0.870374, 0.0, 0.0, 0.0, 1.0],
                [1.0, -0.0, -0.0, 0.545894, -0.0, -0.0, -1.0, 6.467227, 0.0, 1.0, -0.0, 0.856031, 0.0, 0.0, 0.0, 1.0],
                [1.0, -0.0, -0.0, 0.546428, -0.0, -0.0, -1.0, 6.527349, 0.0, 1.0, -0.0, 0.828758, 0.0, 0.0, 0.0, 1.0],
                [1.0, -0.0, -0.0, 0.545241, -0.0, -0.0, -1.0, 6.605159, 0.0, 1.0, -0.0, 0.757569, 0.0, 0.0, 0.0, 1.0],
                [1.0, -0.0, -0.0, 0.542883, -0.0, -0.0, -1.0, 6.68008, 0.0, 1.0, -0.0, 0.682358, 0.0, 0.0, 0.0, 1.0],
                [1.0, -0.0, -0.0, 0.538116, -0.0, -0.0, -1.0, 6.718203, 0.0, 1.0, -0.0, 0.628149, 0.0, 0.0, 0.0, 1.0],
                [1.0, -0.0, -0.0, 0.531203, -0.0, -0.0, -1.0, 6.745628, 0.0, 1.0, -0.0, 0.604915, 0.0, 0.0, 0.0, 1.0],
                [1.0, -0.0, -0.0, 0.521607, -0.0, -0.0, -1.0, 6.782922, 0.0, 1.0, -0.0, 0.516635, 0.0, 0.0, 0.0, 1.0],
                [1.0, -0.0, -0.0, 0.51201, -0.0, -0.0, -1.0, 6.820217, 0.0, 1.0, -0.0, 0.428356, 0.0, 0.0, 0.0, 1.0],
                [1.0, -0.0, -0.0, 0.502413, -0.0, -0.0, -1.0, 6.857512, 0.0, 1.0, -0.0, 0.340076, 0.0, 0.0, 0.0, 1.0],
                [1.0, -0.0, -0.0, 0.492816, -0.0, -0.0, -1.0, 6.911488, 0.0, 1.0, -0.0, 0.329839, 0.0, 0.0, 0.0, 1.0],
                [1.0, -0.0, -0.0, 0.48322, -0.0, -0.0, -1.0, 6.977303, 0.0, 1.0, -0.0, 0.361896, 0.0, 0.0, 0.0, 1.0],
                [1.0, -0.0, -0.0, 0.473623, -0.0, -0.0, -1.0, 7.043118, 0.0, 1.0, -0.0, 0.393953, 0.0, 0.0, 0.0, 1.0],
                [1.0, -0.0, -0.0, 0.464027, -0.0, -0.0, -1.0, 7.108933, 0.0, 1.0, -0.0, 0.42601, 0.0, 0.0, 0.0, 1.0],
                [1.0, -0.0, -0.0, 0.45443, -0.0, -0.0, -1.0, 7.174748, 0.0, 1.0, -0.0, 0.458067, 0.0, 0.0, 0.0, 1.0],
                [1.0, -0.0, -0.0, 0.439619, -0.0, -0.0, -1.0, 7.217864, 0.0, 1.0, -0.0, 0.438855, 0.0, 0.0, 0.0, 1.0],
                [1.0, -0.0, -0.0, 0.429591, -0.0, -0.0, -1.0, 7.217085, 0.0, 1.0, -0.0, 0.453021, 0.0, 0.0, 0.0, 1.0],
                [1.0, -0.0, -0.0, 0.419563, -0.0, -0.0, -1.0, 7.216306, 0.0, 1.0, -0.0, 0.467188, 0.0, 0.0, 0.0, 1.0],
                [1.0, -0.0, -0.0, 0.409536, -0.0, -0.0, -1.0, 7.215527, 0.0, 1.0, -0.0, 0.481354, 0.0, 0.0, 0.0, 1.0],
                [1.0, -0.0, -0.0, 0.399508, -0.0, -0.0, -1.0, 7.214747, 0.0, 1.0, -0.0, 0.495521, 0.0, 0.0, 0.0, 1.0],
                [1.0, -0.0, -0.0, 0.389481, -0.0, -0.0, -1.0, 7.213968, 0.0, 1.0, -0.0, 0.509687, 0.0, 0.0, 0.0, 1.0],
                [1.0, -0.0, -0.0, 0.379453, -0.0, -0.0, -1.0, 7.213189, 0.0, 1.0, -0.0, 0.523853, 0.0, 0.0, 0.0, 1.0],
                [1.0, -0.0, -0.0, 0.369426, -0.0, -0.0, -1.0, 7.210062, 0.0, 1.0, -0.0, 0.528627, 0.0, 0.0, 0.0, 1.0],
                [1.0, -0.0, -0.0, 0.359398, -0.0, -0.0, -1.0, 7.206934, 0.0, 1.0, -0.0, 0.533401, 0.0, 0.0, 0.0, 1.0],
                [1.0, -0.0, -0.0, 0.34937, -0.0, -0.0, -1.0, 7.203807, 0.0, 1.0, -0.0, 0.538175, 0.0, 0.0, 0.0, 1.0],
                [1.0, -0.0, -0.0, 0.339343, -0.0, -0.0, -1.0, 7.20068, 0.0, 1.0, -0.0, 0.542949, 0.0, 0.0, 0.0, 1.0],
                [1.0, -0.0, -0.0, 0.329315, -0.0, -0.0, -1.0, 7.197553, 0.0, 1.0, -0.0, 0.547723, 0.0, 0.0, 0.0, 1.0],
                [1.0, -0.0, -0.0, 0.325493, -0.0, -0.0, -1.0, 7.196142, 0.0, 1.0, -0.0, 0.547723, 0.0, 0.0, 0.0, 1.0],
                [1.0, -0.0, -0.0, 0.324741, -0.0, -0.0, -1.0, 7.194379, 0.0, 1.0, -0.0, 0.547723, 0.0, 0.0, 0.0, 1.0],
                [1.0, -0.0, -0.0, 0.325701, -0.0, -0.0, -1.0, 7.192381, 0.0, 1.0, -0.0, 0.547723, 0.0, 0.0, 0.0, 1.0],
                [1.0, -0.0, -0.0, 0.326209, -0.0, -0.0, -1.0, 7.191323, 0.0, 1.0, -0.0, 0.547723, 0.0, 0.0, 0.0, 1.0],
                [1.0, -0.0, -0.0, 0.329322, -0.0, -0.0, -1.0, 7.19003, 0.0, 1.0, -0.0, 0.547723, 0.0, 0.0, 0.0, 1.0],
                [1.0, -0.0, -0.0, 0.344673, -0.0, -0.0, -1.0, 7.173494, 0.0, 1.0, -0.0, 0.547723, 0.0, 0.0, 0.0, 1.0],
                [1.0, -0.0, -0.0, 0.357974, -0.0, -0.0, -1.0, 7.156435, 0.0, 1.0, -0.0, 0.547723, 0.0, 0.0, 0.0, 1.0],
                [1.0, -0.0, -0.0, 0.379801, -0.0, -0.0, -1.0, 7.129637, 0.0, 1.0, -0.0, 0.547723, 0.0, 0.0, 0.0, 1.0],
                [1.0, -0.0, -0.0, 0.397909, -0.0, -0.0, -1.0, 7.122474, 0.0, 1.0, -0.0, 0.547723, 0.0, 0.0, 0.0, 1.0],
                [1.0, -0.0, -0.0, 0.405388, -0.0, -0.0, -1.0, 7.124917, 0.0, 1.0, -0.0, 0.547723, 0.0, 0.0, 0.0, 1.0],
                [1.0, -0.0, -0.0, 0.400007, -0.0, -0.0, -1.0, 7.129835, 0.0, 1.0, -0.0, 0.553104, 0.0, 0.0, 0.0, 1.0],
                [1.0, -0.0, -0.0, 0.394627, -0.0, -0.0, -1.0, 7.134754, 0.0, 1.0, -0.0, 0.558485, 0.0, 0.0, 0.0, 1.0],
                [1.0, -0.0, -0.0, 0.389247, -0.0, -0.0, -1.0, 7.139673, 0.0, 1.0, -0.0, 0.563866, 0.0, 0.0, 0.0, 1.0],
                [1.0, -0.0, -0.0, 0.383866, -0.0, -0.0, -1.0, 7.144591, 0.0, 1.0, -0.0, 0.569248, 0.0, 0.0, 0.0, 1.0],
                [1.0, -0.0, -0.0, 0.378486, -0.0, -0.0, -1.0, 7.14951, 0.0, 1.0, -0.0, 0.574629, 0.0, 0.0, 0.0, 1.0],
                [1.0, -0.0, -0.0, 0.373106, -0.0, -0.0, -1.0, 7.154429, 0.0, 1.0, -0.0, 0.58001, 0.0, 0.0, 0.0, 1.0],
                [1.0, -0.0, -0.0, 0.367725, -0.0, -0.0, -1.0, 7.159348, 0.0, 1.0, -0.0, 0.585391, 0.0, 0.0, 0.0, 1.0],
                [1.0, -0.0, -0.0, 0.362345, -0.0, -0.0, -1.0, 7.164266, 0.0, 1.0, -0.0, 0.590772, 0.0, 0.0, 0.0, 1.0],
                [1.0, -0.0, -0.0, 0.356965, -0.0, -0.0, -1.0, 7.169185, 0.0, 1.0, -0.0, 0.596153, 0.0, 0.0, 0.0, 1.0],
                [1.0, -0.0, -0.0, 0.351584, -0.0, -0.0, -1.0, 7.174104, 0.0, 1.0, -0.0, 0.601535, 0.0, 0.0, 0.0, 1.0]
            ]
        },
        {
            "name": "Thigh_R",
            "time": [0.0, 0.0417, 0.0833, 0.125, 0.1667, 0.2083, 0.25, 0.2917, 0.3333, 0.375, 0.4167, 0.4583, 0.5, 0.5417, 0.5833, 0.625, 0.6667, 0.7083, 0.75, 0.7917, 0.8333, 0.875, 0.9167, 0.9583, 1.0, 1.0417, 1.0833, 1.125, 1.1667, 1.2083, 1.25, 1.2917, 1.3333, 1.375, 1.4167, 1.4583, 1.5, 1.5417, 1.5833, 1.625, 1.6667, 1.7083, 1.75, 1.7917, 1.8333, 1.875, 1.9167, 1.9583, 2.0, 2.0417, 2.0833, 2.125, 2.1667, 2.2083, 2.25, 2.2917, 2.3333, 2.375, 2.4167, 2.4583, 2.5, 2.5417, 2.5833, 2.625, 2.6667, 2.7083, 2.75, 2.7917, 2.8333, 2.875, 2.9167],
            "transform": [
                [0.650927, 0.577843, 0.492335, 0.060933, 0.533546, -0.809578, 0.244774, 0.059644, 0.540025, 0.103354, -0.83528, 0.091935, 0.0, 0.0, 0.0, 1.0],
                [0.787148, 0.43874, 0.433483, 0.126159, 0.44117, -0.891678, 0.101388, 0.077716, 0.431011, 0.111433, -0.89544, 0.023572, 0.0, 0.0, 0.0, 1.0],
                [0.873887, 0.356888, 0.330084, 0.085256, 0.381064, -0.924503, -0.009277, 0.079475, 0.301853, 0.133891, -0.943906, 0.010872, 0.0, 0.0, 0.0, 1.0],
                [0.972755, 0.222424, -0.065417, 0.054256, 0.200473, -0.665215, 0.719236, 0.048878, 0.116459, -0.712754, -0.691679, -0.0154, 0.0, 0.0, 0.0, 1.0],
                [0.89209, -0.347443, 0.288896, 0.023257, -0.214495, 0.237112, 0.947507, 0.018282, -0.397705, -0.907228, 0.136999, -0.041672, 0.0, 0.0, 0.0, 1.0],
                [0.437857, -0.61672, 0.65417, -0.007743, -0.531264, 0.409513, 0.741659, -0.012315, -0.725288, -0.672278, -0.148332, -0.067944, 0.0, 0.0, 0.0, 1.0],
                [0.042403, -0.879394, 0.474203, -0.038742, -0.399258, 0.42017, 0.814892, -0.042911, -0.915859, -0.223884, -0.333288, -0.094215, 0.0, 0.0, 0.0, 1.0],
                [-0.308556, -0.914572, 0.261444, -0.042991, -0.202747, 0.331774, 0.921314, -0.046841, -0.929349, 0.23127, -0.287797, -0.066683, 0.0, 0.0, 0.0, 1.0],
                [-0.623389, -0.779702, 0.058761, -0.04724, -0.019737, 0.090817, 0.995672, -0.05077, -0.781664, 0.619531, -0.072004, -0.03915, 0.0, 0.0, 0.0, 1.0],
                [-0.78971, -0.611896, 0.044101, -0.051489, 0.120445, -0.084156, 0.989146, -0.054699, -0.601544, 0.78645, 0.140158, -0.011617, 0.0, 0.0, 0.0, 1.0],
                [-0.899877, -0.427068, 0.088524, -0.055738, 0.231374, -0.295393, 0.926935, -0.058629, -0.369715, 0.85461, 0.364628, 0.015915, 0.0, 0.0, 0.0, 1.0],
                [-0.999173, -0.022004, 0.034217, -0.028799, 0.040391, -0.436372, 0.898859, -0.038753, -0.004848, 0.899498, 0.436898, 0.034503, 0.0, 0.0, 0.0, 1.0],
                [-0.907816, 0.418703, -0.023665, -0.00186, -0.201916, -0.386933, 0.899729, -0.018876, 0.367563, 0.821567, 0.435805, 0.05309, 0.0, 0.0, 0.0, 1.0],
                [-0.701087, 0.713045, -0.00675, 0.025079, -0.328941, -0.314997, 0.890266, 0.001, 0.632675, 0.626374, 0.455389, 0.071678, 0.0, 0.0, 0.0, 1.0],
                [-0.382894, 0.923444, 0.025383, 0.052018, -0.426556, -0.201104, 0.881821, 0.020877, 0.819418, 0.326817, 0.470901, 0.090265, 0.0, 0.0, 0.0, 1.0],
                [-0.013699, 0.995139, 0.097535, 0.107273, -0.334087, -0.096493, 0.93759, 0.026938, 0.942445, -0.019741, 0.333783, 0.098368, 0.0, 0.0, 0.0, 1.0],
                [0.274136, 0.95733, 0.091495, 0.093881, -0.083265, -0.071155, 0.993984, 0.083009, 0.958081, -0.280105, 0.060205, 0.077788, 0.0, 0.0, 0.0, 1.0],
                [0.471105, 0.817421, -0.331489, 0.062189, 0.690951, -0.108369, 0.714734, 0.151399, 0.548315, -0.565757, -0.615849, -0.038176, 0.0, 0.0, 0.0, 1.0],
                [0.137267, 0.752469, -0.644165, 0.007033, 0.974051, -0.220688, -0.05023, 0.143011, -0.179957, -0.620554, -0.763235, -0.0826, 0.0, 0.0, 0.0, 1.0],
                [-0.13163, 0.784681, -0.605765, -0.007807, 0.779432, -0.29565, -0.552339, 0.066909, -0.612505, -0.544856, -0.572688, -0.128673, 0.0, 0.0, 0.0, 1.0],
                [0.390665, 0.903619, -0.175658, 0.048809, 0.65071, -0.406053, -0.641637, 0.101716, -0.651122, 0.136363, -0.746623, -0.128527, 0.0, 0.0, 0.0, 1.0],
                [0.170542, 0.939717, -0.296391, 0.053065, 0.43404, -0.341687, -0.833583, 0.10187, -0.884606, 0.013516, -0.466146, -0.11742, 0.0, 0.0, 0.0, 1.0],
                [-0.11556, 0.879587, -0.461491, 0.057321, 0.31412, -0.4084, -0.857052, 0.102025, -0.942326, -0.244004, -0.2291, -0.106314, 0.0, 0.0, 0.0, 1.0],
                [-0.250852, 0.638247, -0.727815, 0.061578, 0.325014, -0.652681, -0.684379, 0.102179, -0.911835, -0.408227, -0.043713, -0.095207, 0.0, 0.0, 0.0, 1.0],
                [-0.174309, 0.09489, -0.980108, 0.067374, 0.439021, -0.883456, -0.163611, 0.094486, -0.881408, -0.458807, 0.112335, -0.094834, 0.0, 0.0, 0.0, 1.0],
                [0.038837, -0.380308, -0.924044, 0.073171, 0.399133, -0.841865, 0.36326, 0.086793, -0.916072, -0.382923, 0.119098, -0.094462, 0.0, 0.0, 0.0, 1.0],
                [0.117364, -0.540953, -0.832824, 0.078967, 0.345992, -0.763805, 0.544879, 0.079099, -0.930869, -0.3521, 0.097522, -0.094088, 0.0, 0.0, 0.0, 1.0],
                [0.108948, -0.649686, -0.752356, 0.084763, 0.326498, -0.691483, 0.644399, 0.071406, -0.9389, -0.315848, 0.136785, -0.093715, 0.0, 0.0, 0.0, 1.0],
                [0.092312, -0.731563, -0.675497, 0.09056, 0.316535, -0.621643, 0.716495, 0.063713, -0.94408, -0.27996, 0.17418, -0.093342, 0.0, 0.0, 0.0, 1.0],
                [0.063017, -0.771977, -0.63252, 0.096356, 0.294508, -0.591172, 0.750853, 0.05602, -0.953571, -0.233598, 0.190099, -0.092969, 0.0, 0.0, 0.0, 1.0],
                [0.034667, -0.787964, -0.614745, 0.094129, 0.252892, -0.58818, 0.768173, 0.057124, -0.966875, -0.182094, 0.178879, -0.09819, 0.0, 0.0, 0.0, 1.0],
                [0.044509, -0.778714, -0.625799, 0.091902, 0.182486, -0.609544, 0.771463, 0.058229, -0.982202, -0.148536, 0.114973, -0.103412, 0.0, 0.0, 0.0, 1.0],
                [0.087992, -0.758692, -0.64548, 0.089675, 0.087629, -0.639586, 0.763709, 0.059333, -0.992261, -0.123763, 0.010205, -0.108633, 0.0, 0.0, 0.0, 1.0],
                [0.140519, -0.743531, -0.653772, 0.087448, 0.00018, -0.660305, 0.750998, 0.060438, -0.99008, -0.105646, -0.092652, -0.113854, 0.0, 0.0, 0.0, 1.0],
                [0.261199, -0.712062, -0.651724, 0.085222, -0.113635, -0.69315, 0.711779, 0.061542, -0.958575, -0.111857, -0.261965, -0.119076, 0.0, 0.0, 0.0, 1.0],
                [0.434963, -0.638383, -0.63504, 0.082995, -0.198086, -0.755809, 0.624111, 0.062647, -0.878392, -0.145672, -0.455203, -0.124297, 0.0, 0.0, 0.0, 1.0],
                [0.582972, -0.54522, -0.602396, 0.080768, -0.228125, -0.821431, 0.522696, 0.063752, -0.779812, -0.167295, -0.603248, -0.129519, 0.0, 0.0, 0.0, 1.0],
                [0.667699, -0.479828, -0.569162, 0.082526, -0.227726, -0.859559, 0.457493, 0.066639, -0.708747, -0.175854, -0.683194, -0.108989, 0.0, 0.0, 0.0, 1.0],
                [0.769571, -0.374758, -0.51703, 0.084285, -0.194376, -0.908732, 0.369357, 0.069527, -0.608262, -0.183747, -0.772176, -0.088461, 0.0, 0.0, 0.0, 1.0],
                [0.838678, -0.283355, -0.465115, 0.086044, -0.149768, -0.941066, 0.303256, 0.072414, -0.523634, -0.184674, -0.831687, -0.067932, 0.0, 0.0, 0.0, 1.0],
                [0.885397, -0.212805, -0.413266, 0.093794, -0.110945, -0.960103, 0.256698, 0.077812, -0.451406, -0.181429, -0.87368, -0.067418, 0.0, 0.0, 0.0, 1.0],
                [0.918083, -0.156459, -0.364208, 0.101544, -0.077712, -0.97202, 0.221674, 0.08321, -0.388701, -0.175211, -0.904552, -0.066904, 0.0, 0.0, 0.0, 1.0],
                [0.945231, -0.10257, -0.309872, 0.109294, -0.044258, -0.980851, 0.189665, 0.088609, -0.323393, -0.165563, -0.931669, -0.06639, 0.0, 0.0, 0.0, 1.0],
                [0.966177, -0.053703, -0.252232, 0.117044, -0.013278, -0.98714, 0.159309, 0.094007, -0.257544, -0.150571, -0.954463, -0.065876, 0.0, 0.0, 0.0, 1.0],
                [0.980566, -0.018733, -0.1953, 0.124794, 0.006504, -0.991781, 0.127787, 0.099405, -0.196089, -0.126573, -0.972383, -0.065362, 0.0, 0.0, 0.0, 1.0],
                [0.994819, 0.029935, -0.097167, 0.132545, 0.037419, -0.996396, 0.076138, 0.104803, -0.094538, -0.079379, -0.992352, -0.064848, 0.0, 0.0, 0.0, 1.0],
                [0.997777, 0.066104, 0.008648, 0.140295, 0.065861, -0.997494, 0.025872, 0.110201, 0.010336, -0.025245, -0.999628, -0.064334, 0.0, 0.0, 0.0, 1.0],
                [0.987399, 0.093077, 0.127997, 0.137548, 0.092401, -0.995659, 0.011227, 0.104323, 0.128486, 0.000742, -0.991711, -0.060325, 0.0, 0.0, 0.0, 1.0],
                [0.96985, 0.112006, 0.216448, 0.134802, 0.114819, -0.993387, -0.00042, 0.098444, 0.21497, 0.02526, -0.976294, -0.056316, 0.0, 0.0, 0.0, 1.0],
                [0.937787, 0.130225, 0.32187, 0.132055, 0.141805, -0.989814, -0.012688, 0.092566, 0.316939, 0.057542, -0.946699, -0.052307, 0.0, 0.0, 0.0, 1.0],
                [0.908791, 0.142238, 0.392263, 0.129309, 0.162641, -0.986501, -0.019089, 0.086688, 0.384253, 0.081147, -0.919655, -0.048297, 0.0, 0.0, 0.0, 1.0],
                [0.865596, 0.155602, 0.475956, 0.126562, 0.188703, -0.981784, -0.022212, 0.080809, 0.463829, 0.109042, -0.879189, -0.044289, 0.0, 0.0, 0.0, 1.0],
                [0.821393, 0.173097, 0.543464, 0.123816, 0.21572, -0.976339, -0.015067, 0.074931, 0.527998, 0.129612, -0.839297, -0.040279, 0.0, 0.0, 0.0, 1.0],
                [0.832416, 0.193847, 0.519142, 0.121069, 0.228931, -0.973436, -0.003596, 0.069052, 0.504655, 0.121842, -0.85468, -0.03627, 0.0, 0.0, 0.0, 1.0],
                [0.854509, 0.208857, 0.475601, 0.117644, 0.233171, -0.972403, 0.008089, 0.070682, 0.464165, 0.103984, -0.879624, -0.026449, 0.0, 0.0, 0.0, 1.0],
                [0.853264, 0.228946, 0.468537, 0.114219, 0.238311, -0.970358, 0.040164, 0.072311, 0.463844, 0.077387, -0.88253, -0.016628, 0.0, 0.0, 0.0, 1.0],
                [0.836681, 0.236694, 0.493907, 0.110793, 0.228838, -0.970384, 0.077384, 0.073941, 0.497596, 0.048279, -0.866065, -0.006807, 0.0, 0.0, 0.0, 1.0],
                [0.81345, 0.236717, 0.531287, 0.107368, 0.216832, -0.971007, 0.100648, 0.07557, 0.539709, 0.033328, -0.841192, 0.003014, 0.0, 0.0, 0.0, 1.0],
                [0.746623, 0.23476, 0.62245, 0.103943, 0.201279, -0.971528, 0.124985, 0.077199, 0.634069, 0.031969, -0.772616, 0.012834, 0.0, 0.0, 0.0, 1.0],
                [0.638261, 0.226126, 0.735861, 0.100518, 0.19176, -0.972456, 0.132505, 0.078829, 0.745556, 0.056536, -0.664042, 0.022655, 0.0, 0.0, 0.0, 1.0],
                [0.55423, 0.21774, 0.80338, 0.097092, 0.19551, -0.97223, 0.128627, 0.080458, 0.809079, 0.08578, -0.581408, 0.032476, 0.0, 0.0, 0.0, 1.0],
                [0.493392, 0.209319, 0.844246, 0.093667, 0.204747, -0.971288, 0.12116, 0.082088, 0.845367, 0.113078, -0.522082, 0.042298, 0.0, 0.0, 0.0, 1.0],
                [0.450359, 0.196735, 0.870903, 0.090242, 0.216582, -0.970361, 0.107205, 0.083717, 0.866183, 0.140341, -0.479619, 0.052119, 0.0, 0.0, 0.0, 1.0],
                [0.440544, 0.192229, 0.87691, 0.086816, 0.227782, -0.968775, 0.097934, 0.085347, 0.868355, 0.1566, -0.470573, 0.06194, 0.0, 0.0, 0.0, 1.0],
                [0.454479, 0.188065, 0.870678, 0.083119, 0.23339, -0.968451, 0.087359, 0.081675, 0.85964, 0.163505, -0.484033, 0.066224, 0.0, 0.0, 0.0, 1.0],
                [0.526847, 0.203972, 0.825123, 0.079421, 0.245234, -0.965972, 0.082207, 0.078003, 0.813815, 0.159038, -0.55894, 0.07051, 0.0, 0.0, 0.0, 1.0],
                [0.588076, 0.217486, 0.779017, 0.075723, 0.249735, -0.964932, 0.080867, 0.074331, 0.769288, 0.146992, -0.621766, 0.074795, 0.0, 0.0, 0.0, 1.0],
                [0.598484, 0.220691, 0.770139, 0.072026, 0.251537, -0.96446, 0.080904, 0.070659, 0.760625, 0.145299, -0.632725, 0.07908, 0.0, 0.0, 0.0, 1.0],
                [0.598516, 0.224486, 0.769016, 0.068328, 0.255608, -0.963275, 0.082256, 0.066987, 0.759241, 0.147335, -0.633915, 0.083365, 0.0, 0.0, 0.0, 1.0],
                [0.595583, 0.227641, 0.770364, 0.064631, 0.259302, -0.962151, 0.083844, 0.063316, 0.760294, 0.149821, -0.632067, 0.08765, 0.0, 0.0, 0.0, 1.0],
                [0.593743, 0.229665, 0.771184, 0.060933, 0.261656, -0.961423, 0.084869, 0.059644, 0.760927, 0.151395, -0.630929, 0.091936, 0.0, 0.0, 0.0, 1.0]
            ]
        },
        {
            "name": "Leg_R",
            "time": [0.0, 0.0417, 0.0833, 0.125, 0.1667, 0.2083, 0.25, 0.2917, 0.3333, 0.375, 0.4167, 0.4583, 0.5, 0.5417, 0.5833, 0.625, 0.6667, 0.7083, 0.75, 0.7917, 0.8333, 0.875, 0.9167, 0.9583, 1.0, 1.0417, 1.0833, 1.125, 1.1667, 1.2083, 1.25, 1.2917, 1.3333, 1.375, 1.4167, 1.4583, 1.5, 1.5417, 1.5833, 1.625, 1.6667, 1.7083, 1.75, 1.7917, 1.8333, 1.875, 1.9167, 1.9583, 2.0, 2.0417, 2.0833, 2.125, 2.1667, 2.2083, 2.25, 2.2917, 2.3333, 2.375, 2.4167, 2.4583, 2.5, 2.5417, 2.5833, 2.625, 2.6667, 2.7083, 2.75, 2.7917, 2.8333, 2.875, 2.9167],
            "transform": [
                [0.999999, -0.0, 0.0, 0.0, 0.0, 0.622752, 0.78242, 0.37472, -0.0, -0.78242, 0.622751, 0.0, 0.0, 0.0, 0.0, 1.0],
                [0.999999, -0.0, 0.0, -0.0, 0.0, 0.570347, 0.821403, 0.37472, -0.0, -0.821405, 0.570346, 0.0, 0.0, 0.0, 0.0, 1.0],
                [1.0, -0.0, 0.0, 0.0, 0.0, 0.490344, 0.871529, 0.37472, -0.0, -0.87153, 0.490343, 0.0, 0.0, 0.0, 0.0, 1.0],
                [0.999999, -0.0, -0.0, 0.0, 0.0, 0.160048, 0.987109, 0.37472, -0.0, -0.98711, 0.160048, 0.0, 0.0, 0.0, 0.0, 1.0],
                [1.0, -0.0, -0.0, -0.0, 0.0, -0.463463, 0.886116, 0.37472, -0.0, -0.886118, -0.463462, 0.0, 0.0, 0.0, 0.0, 1.0],
                [1.0, 0.0, -0.0, -0.0, 0.0, -0.534568, 0.845125, 0.37472, -0.0, -0.845126, -0.534567, -0.0, 0.0, 0.0, 0.0, 1.0],
                [1.0, -0.0, -0.0, 0.0, 0.0, -0.363143, 0.931732, 0.37472, -0.0, -0.931734, -0.363142, -0.0, 0.0, 0.0, 0.0, 1.0],
                [1.0, -0.0, -0.0, 0.0, 0.0, -0.202864, 0.979205, 0.37472, -0.0, -0.979208, -0.202863, 0.0, 0.0, 0.0, 0.0, 1.0],
                [1.0, -0.0, 0.0, -0.0, 0.0, 0.135429, 0.990785, 0.37472, -0.0, -0.990788, 0.135429, 0.0, 0.0, 0.0, 0.0, 1.0],
                [1.0, -0.0, -0.0, 0.0, 0.0, 0.421481, 0.906836, 0.37472, -0.0, -0.906838, 0.421481, 0.0, 0.0, 0.0, 0.0, 1.0],
                [1.0, -0.0, 0.0, 0.0, 0.0, 0.435388, 0.900242, 0.37472, -0.0, -0.900244, 0.435387, -0.0, 0.0, 0.0, 0.0, 1.0],
                [1.0, -0.0, -0.0, 0.0, 0.0, 0.359963, 0.932966, 0.37472, -0.0, -0.932968, 0.359962, 0.0, 0.0, 0.0, 0.0, 1.0],
                [1.0, -0.0, -0.0, -0.0, 0.0, 0.290235, 0.956955, 0.37472, -0.0, -0.956956, 0.290235, -0.0, 0.0, 0.0, 0.0, 1.0],
                [1.0, -0.0, -0.0, -0.0, 0.0, 0.230957, 0.972963, 0.37472, -0.0, -0.972965, 0.230956, 0.0, 0.0, 0.0, 0.0, 1.0],
                [0.999999, -0.0, -0.0, -0.0, 0.0, 0.16115, 0.986929, 0.37472, -0.0, -0.986931, 0.16115, -0.0, 0.0, 0.0, 0.0, 1.0],
                [1.0, -0.0, -0.0, 0.0, 0.0, 0.101455, 0.99484, 0.37472, -0.0, -0.994841, 0.101455, -0.0, 0.0, 0.0, 0.0, 1.0],
                [1.0, -0.0, -0.0, -1e-06, 0.0, 0.063582, 0.997976, 0.37472, -0.0, -0.997977, 0.063582, 0.0, 0.0, 0.0, 0.0, 1.0],
                [0.999999, -0.0, -0.0, 0.0, 0.0, 0.081563, 0.996668, 0.37472, -0.0, -0.996669, 0.081563, 0.0, 0.0, 0.0, 0.0, 1.0],
                [1.0, -0.0, -0.0, 0.0, 0.0, 0.128242, 0.991742, 0.37472, -0.0, -0.991744, 0.128242, 0.0, 0.0, 0.0, 0.0, 1.0],
                [0.999999, -0.0, -0.0, -0.0, 0.0, 0.116122, 0.993234, 0.37472, -0.0, -0.993236, 0.116122, 0.0, 0.0, 0.0, 0.0, 1.0],
                [0.999999, -0.0, -0.0, 0.0, 0.0, -0.028635, 0.999589, 0.37472, -0.0, -0.999591, -0.028635, 0.0, 0.0, 0.0, 0.0, 1.0],
                [1.0, -0.0, -0.0, 0.0, 0.0, -0.255166, 0.966896, 0.37472, -0.0, -0.966898, -0.255165, 0.0, 0.0, 0.0, 0.0, 1.0],
                [1.0, -0.0, -0.0, 0.0, 0.0, -0.346427, 0.938076, 0.37472, -0.0, -0.938078, -0.346427, -0.0, 0.0, 0.0, 0.0, 1.0],
                [1.0, -0.0, -0.0, -0.0, 0.0, -0.392271, 0.919849, 0.37472, -0.0, -0.919851, -0.39227, -0.0, 0.0, 0.0, 0.0, 1.0],
                [1.0, -0.0, -0.0, -0.0, 0.0, -0.323768, 0.946136, 0.37472, -0.0, -0.946138, -0.323767, 0.0, 0.0, 0.0, 0.0, 1.0],
                [1.0, -0.0, -0.0, -1e-06, 0.0, 0.104509, 0.994523, 0.37472, -0.0, -0.994525, 0.104509, 0.0, 0.0, 0.0, 0.0, 1.0],
                [1.0, -0.0, -0.0, 0.0, 0.0, 0.245778, 0.969325, 0.37472, -0.0, -0.969327, 0.245777, -0.0, 0.0, 0.0, 0.0, 1.0],
                [1.0, -0.0, -0.0, -0.0, 0.0, -0.029709, 0.999557, 0.37472, -0.0, -0.99956, -0.029709, -0.0, 0.0, 0.0, 0.0, 1.0],
                [1.0, -0.0, -0.0, -0.0, 0.0, -0.280137, 0.959959, 0.37472, -0.0, -0.959961, -0.280137, -0.0, 0.0, 0.0, 0.0, 1.0],
                [1.0, -0.0, -0.0, -0.0, 0.0, -0.434051, 0.900888, 0.37472, -0.0, -0.90089, -0.43405, 0.0, 0.0, 0.0, 0.0, 1.0],
                [1.0, 0.0, -0.0, 1e-06, 0.0, -0.538211, 0.84281, 0.37472, -0.0, -0.842812, -0.53821, -0.0, 0.0, 0.0, 0.0, 1.0],
                [0.999999, 0.0, -0.0, -0.0, 0.0, -0.591452, 0.80634, 0.37472, -0.0, -0.806342, -0.591451, -0.0, 0.0, 0.0, 0.0, 1.0],
                [1.0, 0.0, -0.0, -1e-06, 0.0, -0.599687, 0.800234, 0.37472, -0.0, -0.800235, -0.599686, 0.0, 0.0, 0.0, 0.0, 1.0],
                [1.0, 0.0, -0.0, -0.0, 0.0, -0.578201, 0.815894, 0.37472, -0.0, -0.815896, -0.5782, -0.0, 0.0, 0.0, 0.0, 1.0],
                [1.0, -0.0, -0.0, 0.0, 0.0, -0.508622, 0.86099, 0.37472, -0.0, -0.860991, -0.508621, -0.0, 0.0, 0.0, 0.0, 1.0],
                [1.0, -0.0, -0.0, 1e-06, 0.0, -0.369901, 0.92907, 0.37472, -0.0, -0.929072, -0.369901, 0.0, 0.0, 0.0, 0.0, 1.0],
                [0.999999, -0.0, -0.0, 0.0, 0.0, -0.209833, 0.977737, 0.37472, -0.0, -0.977738, -0.209833, -0.0, 0.0, 0.0, 0.0, 1.0],
                [0.999999, -0.0, -0.0, 1e-06, 0.0, -0.097737, 0.995212, 0.37472, -0.0, -0.995213, -0.097737, 0.0, 0.0, 0.0, 0.0, 1.0],
                [0.999999, -0.0, -0.0, 0.0, 0.0, 0.065979, 0.99782, 0.37472, -0.0, -0.997821, 0.065979, -0.0, 0.0, 0.0, 0.0, 1.0],
                [1.0, -0.0, -0.0, 0.0, 0.0, 0.198441, 0.980112, 0.37472, -0.0, -0.980114, 0.19844, -0.0, 0.0, 0.0, 0.0, 1.0],
                [1.0, -0.0, -0.0, 0.0, 0.0, 0.302838, 0.953041, 0.37472, -0.0, -0.953043, 0.302838, 0.0, 0.0, 0.0, 0.0, 1.0],
                [1.0, -0.0, -0.0, 0.0, 0.0, 0.386771, 0.922175, 0.37472, -0.0, -0.922177, 0.38677, 0.0, 0.0, 0.0, 0.0, 1.0],
                [0.999999, -0.0, 0.0, 0.0, 0.0, 0.468045, 0.883704, 0.37472, -0.0, -0.883705, 0.468045, -1e-06, 0.0, 0.0, 0.0, 1.0],
                [0.999999, -0.0, 0.0, 0.0, 0.0, 0.545399, 0.838176, 0.37472, -0.0, -0.838177, 0.545398, 0.0, 0.0, 0.0, 0.0, 1.0],
                [1.0, -0.0, 0.0, 0.0, 0.0, 0.618158, 0.786053, 0.37472, -0.0, -0.786054, 0.618158, 0.0, 0.0, 0.0, 0.0, 1.0],
                [1.0, -0.0, 0.0, 0.0, 0.0, 0.728084, 0.685488, 0.37472, -0.0, -0.685489, 0.728083, -0.0, 0.0, 0.0, 0.0, 1.0],
                [1.0, -0.0, 0.0, -0.0, 0.0, 0.812566, 0.58287, 0.37472, -0.0, -0.582871, 0.812565, -0.0, 0.0, 0.0, 0.0, 1.0],
                [1.0, -0.0, 0.0, -0.0, 0.0, 0.827772, 0.561065, 0.37472, -0.0, -0.561065, 0.827771, 0.0, 0.0, 0.0, 0.0, 1.0],
                [1.0, -0.0, 0.0, 0.0, 0.0, 0.839979, 0.542619, 0.37472, -0.0, -0.542619, 0.839978, 0.0, 0.0, 0.0, 0.0, 1.0],
                [1.0, -0.0, 0.0, -0.0, 0.0, 0.854141, 0.520042, 0.37472, -0.0, -0.520042, 0.85414, 0.0, 0.0, 0.0, 0.0, 1.0],
                [1.0, -0.0, 0.0, 0.0, 0.0, 0.863939, 0.503597, 0.37472, -0.0, -0.503598, 0.863938, -0.0, 0.0, 0.0, 0.0, 1.0],
                [0.999999, -0.0, 0.0, -0.0, 0.0, 0.875334, 0.483519, 0.37472, -0.0, -0.48352, 0.875333, 1e-06, 0.0, 0.0, 0.0, 1.0],
                [0.999999, -0.0, 0.0, 0.0, 0.0, 0.884689, 0.466182, 0.37472, -0.0, -0.466183, 0.884688, 0.0, 0.0, 0.0, 0.0, 1.0],
                [0.999999, -0.0, 0.0, 0.0, 0.0, 0.883348, 0.468719, 0.37472, -0.0, -0.468719, 0.883347, 0.0, 0.0, 0.0, 0.0, 1.0],
                [0.999999, -0.0, 0.0, -0.0, 0.0, 0.876086, 0.482155, 0.37472, -0.0, -0.482156, 0.876085, -1e-06, 0.0, 0.0, 0.0, 1.0],
                [1.0, -0.0, 0.0, 0.0, 0.0, 0.859687, 0.510822, 0.37472, -0.0, -0.510823, 0.859686, -0.0, 0.0, 0.0, 0.0, 1.0],
                [1.0, -0.0, 0.0, -0.0, 0.0, 0.84637, 0.532595, 0.37472, -0.0, -0.532595, 0.84637, -0.0, 0.0, 0.0, 0.0, 1.0],
                [1.0, -0.0, 0.0, -0.0, 0.0, 0.843055, 0.537827, 0.37472, -1e-06, -0.537828, 0.843054, 0.0, 0.0, 0.0, 0.0, 1.0],
                [1.0, -0.0, 0.0, 0.0, 0.0, 0.852472, 0.522772, 0.37472, -0.0, -0.522773, 0.852472, -0.0, 0.0, 0.0, 0.0, 1.0],
                [1.0, -0.0, 0.0, -0.0, 0.0, 0.876723, 0.480995, 0.37472, -1e-06, -0.480996, 0.876723, 0.0, 0.0, 0.0, 0.0, 1.0],
                [1.0, -0.0, 0.0, 0.0, 0.0, 0.896418, 0.44321, 0.37472, -0.0, -0.44321, 0.896417, 0.0, 0.0, 0.0, 0.0, 1.0],
                [1.0, -0.0, 0.0, 0.0, 0.0, 0.912627, 0.408793, 0.37472, -0.0, -0.408794, 0.912626, -1e-06, 0.0, 0.0, 0.0, 1.0],
                [1.0, -0.0, 0.0, -1e-06, 0.0, 0.929797, 0.368074, 0.37472, -0.0, -0.368074, 0.929796, 0.0, 0.0, 0.0, 0.0, 1.0],
                [1.0, -0.0, 0.0, -0.0, 0.0, 0.939228, 0.343293, 0.37472, -0.0, -0.343294, 0.939228, -0.0, 0.0, 0.0, 0.0, 1.0],
                [1.0, -0.0, 0.0, 0.0, 0.0, 0.945461, 0.325737, 0.37472, -0.0, -0.325737, 0.94546, -0.0, 0.0, 0.0, 0.0, 1.0],
                [1.0, -0.0, 0.0, -0.0, 0.0, 0.941705, 0.336439, 0.37472, -1e-06, -0.336439, 0.941705, 0.0, 0.0, 0.0, 0.0, 1.0],
                [1.0, -0.0, 0.0, -0.0, 0.0, 0.934197, 0.356756, 0.37472, -1e-06, -0.356757, 0.934197, -0.0, 0.0, 0.0, 0.0, 1.0],
                [1.0, -0.0, 0.0, -1e-06, 0.0, 0.93284, 0.360291, 0.37472, -0.0, -0.360291, 0.932839, -0.0, 0.0, 0.0, 0.0, 1.0],
                [1.0, -0.0, 0.0, 0.0, 0.0, 0.932414, 0.361392, 0.37472, -0.0, -0.361392, 0.932414, -0.0, 0.0, 0.0, 0.0, 1.0],
                [1.0, -0.0, 0.0, -0.0, 0.0, 0.932369, 0.361509, 0.37472, -1e-06, -0.361509, 0.932368, 0.0, 0.0, 0.0, 0.0, 1.0],
                [1.0, -0.0, 0.0, 1e-06, 0.0, 0.932363, 0.361524, 0.37472, -0.0, -0.361524, 0.932362, -0.0, 0.0, 0.0, 0.0, 1.0]
            ]
        },
        {
            "name": "Knee_R",
            "time": [0.0, 2.9167],
            "transform": [
                [1.0, 0.0, -0.0, 0.0, -0.0, 1e-06, -1.0, 0.37472, -0.0, 1.0, 1e-06, 0.0, 0.0, 0.0, 0.0, 1.0],
                [1.0, 0.0, -0.0, 1e-06, -0.0, 1e-06, -1.0, 0.37472, -0.0, 1.0, 1e-06, -0.0, 0.0, 0.0, 0.0, 1.0]
            ]
        },
        {
            "name": "Thigh_L",
            "time": [0.0, 0.0417, 0.0833, 0.125, 0.1667, 0.2083, 0.25, 0.2917, 0.3333, 0.375, 0.4167, 0.4583, 0.5, 0.5417, 0.5833, 0.625, 0.6667, 0.7083, 0.75, 0.7917, 0.8333, 0.875, 0.9167, 0.9583, 1.0, 1.0417, 1.0833, 1.125, 1.1667, 1.2083, 1.25, 1.2917, 1.3333, 1.375, 1.4167, 1.4583, 1.5, 1.5417, 1.5833, 1.625, 1.6667, 1.7083, 1.75, 1.7917, 1.8333, 1.875, 1.9167, 1.9583, 2.0, 2.0417, 2.0833, 2.125, 2.1667, 2.2083, 2.25, 2.2917, 2.3333, 2.375, 2.4167, 2.4583, 2.5, 2.5417, 2.5833, 2.625, 2.6667, 2.7083, 2.75, 2.7917, 2.8333, 2.875, 2.9167],
            "transform": [
                [0.943444, -0.114789, 0.311018, -0.116263, -0.325285, -0.501665, 0.801574, 0.064216, 0.064015, -0.857415, -0.510632, -0.033178, 0.0, 0.0, 0.0, 1.0],
                [0.965141, -0.159127, 0.20779, -0.112067, -0.261719, -0.589285, 0.76436, 0.069863, 0.000817, -0.792102, -0.61039, 0.004026, 0.0, 0.0, 0.0, 1.0],
                [0.982879, -0.175464, 0.056187, -0.10787, -0.162032, -0.67808, 0.716906, 0.07551, -0.087691, -0.71374, -0.694901, 0.04123, 0.0, 0.0, 0.0, 1.0],
                [0.947822, -0.241474, -0.208133, -0.103674, -0.082446, -0.816343, 0.571654, 0.081158, -0.307947, -0.524669, -0.793657, 0.078434, 0.0, 0.0, 0.0, 1.0],
                [0.680332, -0.377499, -0.628204, -0.045576, -0.126733, -0.904831, 0.406475, 0.092025, -0.72186, -0.196924, -0.663427, 0.107328, 0.0, 0.0, 0.0, 1.0],
                [0.162552, -0.239533, -0.957183, 0.012521, -0.08157, -0.97003, 0.228893, 0.102893, -0.98332, 0.040871, -0.177219, 0.136222, 0.0, 0.0, 0.0, 1.0],
                [-0.678668, -0.170394, -0.714405, 0.024384, -0.161931, -0.914064, 0.371845, 0.124525, -0.716369, 0.368046, 0.592753, 0.072381, 0.0, 0.0, 0.0, 1.0],
                [-0.974936, 0.132261, -0.178892, 0.036246, -0.218828, -0.715107, 0.663881, 0.146157, -0.040121, 0.686392, 0.726125, 0.008541, 0.0, 0.0, 0.0, 1.0],
                [-0.808807, 0.557544, -0.187015, 0.048108, -0.353548, -0.206888, 0.91225, 0.16779, 0.469926, 0.803957, 0.364451, -0.055299, 0.0, 0.0, 0.0, 1.0],
                [-0.504645, 0.486384, -0.713277, 0.007854, -0.767228, 0.126155, 0.628843, 0.138862, 0.39584, 0.864593, 0.309503, -0.068341, 0.0, 0.0, 0.0, 1.0],
                [0.019287, 0.49861, -0.866612, -0.032401, -0.783956, 0.545489, 0.2964, 0.109934, 0.620513, 0.673673, 0.401409, -0.081384, 0.0, 0.0, 0.0, 1.0],
                [0.461599, 0.413244, -0.784955, -0.072655, -0.441095, 0.874648, 0.20107, 0.081006, 0.769647, 0.253427, 0.586016, -0.094426, 0.0, 0.0, 0.0, 1.0],
                [0.680315, 0.247649, -0.689811, -0.086125, -0.101121, 0.963901, 0.246319, 0.069997, 0.725907, -0.097821, 0.680799, -0.088621, 0.0, 0.0, 0.0, 1.0],
                [0.768027, 0.12818, -0.627457, -0.099595, 0.114116, 0.936695, 0.331034, 0.058987, 0.630165, -0.325848, 0.704778, -0.082815, 0.0, 0.0, 0.0, 1.0],
                [0.79344, 0.000777, -0.608645, -0.092603, 0.320807, 0.84928, 0.419295, 0.020045, 0.517234, -0.527946, 0.673604, -0.054403, 0.0, 0.0, 0.0, 1.0],
                [0.7797, -0.090775, -0.619536, -0.085611, 0.504536, 0.677048, 0.53577, -0.018897, 0.370819, -0.730322, 0.573693, -0.025991, 0.0, 0.0, 0.0, 1.0],
                [0.731472, -0.166899, -0.661128, -0.078199, 0.658504, 0.424538, 0.6214, -0.03321, 0.176962, -0.889897, 0.420441, 0.02076, 0.0, 0.0, 0.0, 1.0],
                [0.346825, -0.286457, -0.893115, -0.070786, 0.834256, -0.340946, 0.433324, -0.047523, -0.428631, -0.895379, 0.120729, 0.067512, 0.0, 0.0, 0.0, 1.0],
                [-0.077893, -0.122196, -0.989444, -0.066228, 0.458721, -0.885557, 0.073252, -0.019714, -0.885157, -0.448175, 0.125032, 0.088075, 0.0, 0.0, 0.0, 1.0],
                [-0.197997, 0.025364, -0.979874, -0.06167, 0.027937, -0.999115, -0.031507, 0.008095, -0.979802, -0.033612, 0.197113, 0.108637, 0.0, 0.0, 0.0, 1.0],
                [0.030462, -0.951516, -0.306096, -0.057113, -0.19662, -0.30596, 0.931519, 0.035904, -0.980004, 0.031808, -0.196407, 0.129199, 0.0, 0.0, 0.0, 1.0],
                [0.109426, -0.842559, -0.527374, -0.052555, -0.263208, -0.536185, 0.802015, 0.063713, -0.958511, 0.051049, -0.280441, 0.149762, 0.0, 0.0, 0.0, 1.0],
                [0.165503, -0.520187, -0.837863, -0.042787, -0.244013, -0.844765, 0.476269, 0.075392, -0.955543, 0.125626, -0.266744, 0.140753, 0.0, 0.0, 0.0, 1.0],
                [0.187964, -0.37758, -0.906699, -0.03302, -0.322809, -0.89562, 0.306043, 0.087072, -0.927609, 0.235167, -0.290231, 0.131744, 0.0, 0.0, 0.0, 1.0],
                [0.170576, -0.39946, -0.900742, -0.023252, -0.457627, -0.841687, 0.286606, 0.098751, -0.872627, 0.363317, -0.326375, 0.122735, 0.0, 0.0, 0.0, 1.0],
                [0.150365, -0.407168, -0.900891, -0.013485, -0.579892, -0.774353, 0.253188, 0.110431, -0.800695, 0.484351, -0.352549, 0.113726, 0.0, 0.0, 0.0, 1.0],
                [0.160012, -0.434169, -0.886506, -0.003717, -0.637014, -0.731465, 0.243256, 0.122111, -0.754059, 0.525795, -0.393614, 0.104717, 0.0, 0.0, 0.0, 1.0],
                [0.201386, -0.51013, -0.836189, 0.00605, -0.692977, -0.677531, 0.246441, 0.13379, -0.692258, 0.529832, -0.489954, 0.095708, 0.0, 0.0, 0.0, 1.0],
                [0.256872, -0.579212, -0.773648, 0.014206, -0.742184, -0.630957, 0.225953, 0.156098, -0.619011, 0.516151, -0.591957, 0.091719, 0.0, 0.0, 0.0, 1.0],
                [0.320987, -0.597946, -0.734458, 0.022361, -0.771923, -0.614487, 0.16291, 0.178405, -0.548724, 0.514655, -0.658811, 0.08773, 0.0, 0.0, 0.0, 1.0],
                [0.392585, -0.577661, -0.715671, 0.031272, -0.784253, -0.616746, 0.067603, 0.171791, -0.480437, 0.53473, -0.695157, 0.087963, 0.0, 0.0, 0.0, 1.0],
                [0.43825, -0.520163, -0.733053, 0.040182, -0.790464, -0.611275, -0.038825, 0.165176, -0.4279, 0.59647, -0.679062, 0.088196, 0.0, 0.0, 0.0, 1.0],
                [0.389677, -0.432946, -0.81284, 0.049093, -0.812793, -0.57668, -0.082499, 0.158561, -0.433029, 0.692822, -0.576614, 0.088429, 0.0, 0.0, 0.0, 1.0],
                [0.300203, -0.516851, -0.801713, 0.049491, -0.821237, -0.567589, 0.058398, 0.164127, -0.485225, 0.640868, -0.594849, 0.091024, 0.0, 0.0, 0.0, 1.0],
                [0.07289, -0.819628, -0.568242, 0.04989, -0.737151, -0.42805, 0.522856, 0.169693, -0.671781, 0.380772, -0.635391, 0.09362, 0.0, 0.0, 0.0, 1.0],
                [-0.170629, -0.942744, -0.286572, 0.050288, -0.330994, -0.219098, 0.917844, 0.175259, -0.928075, 0.251466, -0.274658, 0.096216, 0.0, 0.0, 0.0, 1.0],
                [-0.278014, -0.921372, -0.271634, 0.026647, 0.192545, -0.330497, 0.923957, 0.162266, -0.941079, 0.204573, 0.269287, 0.103547, 0.0, 0.0, 0.0, 1.0],
                [-0.301195, -0.854856, -0.422499, 0.003006, 0.418291, -0.516618, 0.747086, 0.149274, -0.856919, 0.048292, 0.513181, 0.110877, 0.0, 0.0, 0.0, 1.0],
                [-0.231662, -0.749588, -0.620042, -0.020635, 0.520716, -0.633933, 0.571824, 0.136282, -0.821695, -0.190397, 0.53718, 0.118208, 0.0, 0.0, 0.0, 1.0],
                [-0.07207, -0.730229, -0.679392, -0.044189, 0.476894, -0.623485, 0.619547, 0.125081, -0.875999, -0.279348, 0.393176, 0.125276, 0.0, 0.0, 0.0, 1.0],
                [0.10228, -0.732346, -0.673209, -0.067742, 0.383789, -0.595312, 0.705911, 0.113881, -0.917736, -0.330573, 0.220178, 0.132344, 0.0, 0.0, 0.0, 1.0],
                [0.233234, -0.711601, -0.662742, -0.091296, 0.310531, -0.591352, 0.744227, 0.10268, -0.921503, -0.379382, 0.083051, 0.139412, 0.0, 0.0, 0.0, 1.0],
                [0.319645, -0.663174, -0.676778, -0.103966, 0.278556, -0.616922, 0.73608, 0.097893, -0.905665, -0.423807, -0.012465, 0.125374, 0.0, 0.0, 0.0, 1.0],
                [0.387035, -0.608125, -0.6931, -0.116637, 0.256547, -0.650983, 0.714427, 0.093106, -0.885654, -0.454323, -0.09594, 0.111336, 0.0, 0.0, 0.0, 1.0],
                [0.44502, -0.545517, -0.710189, -0.129307, 0.241165, -0.690745, 0.681698, 0.088318, -0.862433, -0.474644, -0.175836, 0.097298, 0.0, 0.0, 0.0, 1.0],
                [0.546708, -0.44443, -0.709642, -0.129831, 0.205677, -0.75027, 0.628326, 0.084533, -0.811666, -0.48947, -0.31877, 0.070949, 0.0, 0.0, 0.0, 1.0],
                [0.66598, -0.340677, -0.663632, -0.130354, 0.166172, -0.799523, 0.577194, 0.080747, -0.727223, -0.494679, -0.475855, 0.0446, 0.0, 0.0, 0.0, 1.0],
                [0.742765, -0.287984, -0.604453, -0.130878, 0.136943, -0.81835, 0.558168, 0.076962, -0.655395, -0.497366, -0.568404, 0.018252, 0.0, 0.0, 0.0, 1.0],
                [0.799194, -0.254025, -0.544755, -0.136007, 0.111943, -0.82755, 0.55012, 0.076596, -0.590554, -0.500637, -0.632936, 0.013599, 0.0, 0.0, 0.0, 1.0],
