{
    "animation": [
        {
            "name": "Root",
            "time": [0.0, 0.0417, 0.0833, 0.125, 0.1667, 0.2083, 0.25, 0.2917, 0.3333, 0.375, 0.4167, 0.4583, 0.5, 0.5417, 0.5833, 0.625, 0.6667, 0.7083, 0.75, 0.7917, 0.8333],
            "transform": [
                [1.0, -0.0, -0.0, -0.50106, -0.0, -0.0, -1.0, 0.46519, 0.0, 1.0, -0.0, 0.483268, 0.0, 0.0, 0.0, 1.0],
                [1.0, -0.0, -0.0, -0.50106, -0.0, -0.0, -1.0, 0.528815, 0.0, 1.0, -0.0, 0.483268, 0.0, 0.0, 0.0, 1.0],
                [1.0, -0.0, -0.0, -0.50106, -0.0, -0.0, -1.0, 0.592441, 0.0, 1.0, -0.0, 0.483268, 0.0, 0.0, 0.0, 1.0],
                [1.0, -0.0, -0.0, -0.50106, -0.0, -0.0, -1.0, 0.656067, 0.0, 1.0, -0.0, 0.483268, 0.0, 0.0, 0.0, 1.0],
                [1.0, -0.0, -0.0, -0.50106, -0.0, -0.0, -1.0, 0.693616, 0.0, 1.0, -0.0, 0.483268, 0.0, 0.0, 0.0, 1.0],
                [1.0, -0.0, -0.0, -0.50106, -0.0, -0.0, -1.0, 0.731166, 0.0, 1.0, -0.0, 0.483268, 0.0, 0.0, 0.0, 1.0],
                [1.0, -0.0, -0.0, -0.50106, -0.0, -0.0, -1.0, 0.742495, 0.0, 1.0, -0.0, 0.483268, 0.0, 0.0, 0.0, 1.0],
                [1.0, -0.0, -0.0, -0.50106, -0.0, -0.0, -1.0, 0.749928, 0.0, 1.0, -0.0, 0.483268, 0.0, 0.0, 0.0, 1.0],
                [1.0, -0.0, -0.0, -0.50106, -0.0, -0.0, -1.0, 0.767537, 0.0, 1.0, -0.0, 0.483268, 0.0, 0.0, 0.0, 1.0],
                [1.0, -0.0, -0.0, -0.50106, -0.0, -0.0, -1.0, 0.809394, 0.0, 1.0, -0.0, 0.483268, 0.0, 0.0, 0.0, 1.0],
                [1.0, -0.0, -0.0, -0.50106, -0.0, -0.0, -1.0, 0.891239, 0.0, 1.0, -0.0, 0.483268, 0.0, 0.0, 0.0, 1.0],
                [1.0, -0.0, -0.0, -0.50106, -0.0, -0.0, -1.0, 0.994814, 0.0, 1.0, -0.0, 0.483268, 0.0, 0.0, 0.0, 1.0],
                [1.0, -0.0, -0.0, -0.50106, -0.0, -0.0, -1.0, 1.083194, 0.0, 1.0, -0.0, 0.483268, 0.0, 0.0, 0.0, 1.0],
                [1.0, -0.0, -0.0, -0.50106, -0.0, -0.0, -1.0, 1.132274, 0.0, 1.0, -0.0, 0.483268, 0.0, 0.0, 0.0, 1.0],
                [1.0, -0.0, -0.0, -0.50106, -0.0, -0.0, -1.0, 1.169245, 0.0, 1.0, -0.0, 0.483268, 0.0, 0.0, 0.0, 1.0],
                [1.0, -0.0, -0.0, -0.50106, -0.0, -0.0, -1.0, 1.226285, 0.0, 1.0, -0.0, 0.483268, 0.0, 0.0, 0.0, 1.0],
                [1.0, -0.0, -0.0, -0.50106, -0.0, -0.0, -1.0, 1.304236, 0.0, 1.0, -0.0, 0.483268, 0.0, 0.0, 0.0, 1.0],
                [1.0, -0.0, -0.0, -0.50106, -0.0, -0.0, -1.0, 1.396107, 0.0, 1.0, -0.0, 0.483268, 0.0, 0.0, 0.0, 1.0],
                [1.0, -0.0, -0.0, -0.50106, -0.0, -0.0, -1.0, 1.491728, 0.0, 1.0, -0.0, 0.483268, 0.0, 0.0, 0.0, 1.0],
                [1.0, -0.0, -0.0, -0.50106, -0.0, -0.0, -1.0, 1.568213, 0.0, 1.0, -0.0, 0.483268, 0.0, 0.0, 0.0, 1.0],
                [1.0, -0.0, -0.0, -0.50106, -0.0, -0.0, -1.0, 1.599501, 0.0, 1.0, -0.0, 0.483268, 0.0, 0.0, 0.0, 1.0]
            ]
        },
        {
            "name": "Thigh_R",
            "time": [0.0, 0.0417, 0.0833, 0.125, 0.1667, 0.2083, 0.25, 0.2917, 0.3333, 0.375, 0.4167, 0.4583, 0.5, 0.5417, 0.5833, 0.625, 0.6667, 0.7083, 0.75, 0.7917, 0.8333],
            "transform": [
                [0.790478, -0.176265, -0.586581, 0.106016, 0.355552, -0.647759, 0.673789, 0.076002, -0.498729, -0.741174, -0.449367, -0.056696, 0.0, 0.0, 0.0, 1.0],
                [0.86369, -0.155575, -0.479414, 0.114281, 0.289433, -0.625623, 0.724448, 0.074572, -0.412639, -0.764456, -0.495315, -0.032127, 0.0, 0.0, 0.0, 1.0],
                [0.909336, -0.115817, -0.399621, 0.122547, 0.246664, -0.623421, 0.741959, 0.073141, -0.335064, -0.773262, -0.538331, -0.007557, 0.0, 0.0, 0.0, 1.0],
                [0.988739, 0.038474, -0.144626, 0.130812, 0.135121, -0.644959, 0.752177, 0.071711, -0.064339, -0.76325, -0.642893, 0.017013, 0.0, 0.0, 0.0, 1.0],
                [0.993256, 0.073728, -0.089495, 0.139078, 0.115896, -0.655598, 0.746164, 0.07028, -0.00366, -0.751504, -0.659719, 0.041582, 0.0, 0.0, 0.0, 1.0],
                [0.993787, 0.096095, -0.056176, 0.137914, 0.106053, -0.664153, 0.740037, 0.070169, 0.033804, -0.741397, -0.670216, 0.041547, 0.0, 0.0, 0.0, 1.0],
                [0.99105, 0.132946, -0.012141, 0.135045, 0.100783, -0.685428, 0.721133, 0.070101, 0.08755, -0.715902, -0.69269, 0.041303, 0.0, 0.0, 0.0, 1.0],
                [0.989369, 0.145329, 0.00557, 0.131405, 0.099336, -0.703239, 0.703979, 0.070067, 0.106225, -0.695942, -0.710198, 0.040638, 0.0, 0.0, 0.0, 1.0],
                [0.993987, 0.098595, -0.047654, 0.127928, 0.103135, -0.696563, 0.710045, 0.070054, 0.036813, -0.71069, -0.702541, 0.039345, 0.0, 0.0, 0.0, 1.0],
                [0.991598, 0.023034, -0.127303, 0.125546, 0.10989, -0.669246, 0.73487, 0.070052, -0.06827, -0.742685, -0.666153, 0.037212, 0.0, 0.0, 0.0, 1.0],
                [0.968708, -0.107332, -0.2238, 0.124464, 0.121407, -0.581545, 0.804404, 0.076111, -0.216489, -0.806403, -0.550316, 0.02182, 0.0, 0.0, 0.0, 1.0],
                [0.929757, -0.225556, -0.290996, 0.121962, 0.148065, -0.494574, 0.85643, 0.087364, -0.337093, -0.839358, -0.426436, -0.012465, 0.0, 0.0, 0.0, 1.0],
                [0.892977, -0.245014, -0.377574, 0.114591, 0.217864, -0.498764, 0.83891, 0.093423, -0.393865, -0.831387, -0.392004, -0.055668, 0.0, 0.0, 0.0, 1.0],
                [0.816318, -0.218507, -0.534679, 0.096613, 0.346051, -0.556151, 0.755609, 0.090754, -0.462469, -0.801843, -0.378381, -0.097955, 0.0, 0.0, 0.0, 1.0],
                [0.788518, -0.197653, -0.582387, 0.074701, 0.385213, -0.579465, 0.718214, 0.085797, -0.479431, -0.790667, -0.38078, -0.130038, 0.0, 0.0, 0.0, 1.0],
                [0.709648, -0.156339, -0.686993, 0.064026, 0.467637, -0.62481, 0.625243, 0.083127, -0.526991, -0.764965, -0.370284, -0.142766, 0.0, 0.0, 0.0, 1.0],
                [0.573577, -0.10826, -0.811966, 0.070867, 0.554566, -0.678209, 0.482173, 0.084482, -0.602883, -0.726852, -0.328967, -0.133875, 0.0, 0.0, 0.0, 1.0],
                [0.55739, -0.066243, -0.827605, 0.085502, 0.56282, -0.702672, 0.4353, 0.086998, -0.610371, -0.708424, -0.354379, -0.112633, 0.0, 0.0, 0.0, 1.0],
                [0.782297, -0.130249, -0.609137, 0.099096, 0.41617, -0.61833, 0.666687, 0.088352, -0.463483, -0.775052, -0.429511, -0.087185, 0.0, 0.0, 0.0, 1.0],
                [0.826755, -0.149152, -0.542431, 0.105088, 0.366549, -0.588622, 0.720532, 0.082177, -0.426756, -0.79453, -0.431974, -0.065732, 0.0, 0.0, 0.0, 1.0],
                [0.768757, -0.168925, -0.61683, 0.106016, 0.376458, -0.660164, 0.649971, 0.076002, -0.517006, -0.73188, -0.443911, -0.056696, 0.0, 0.0, 0.0, 1.0]
            ]
        },
        {
            "name": "Leg_R",
            "time": [0.0, 0.0417, 0.0833, 0.125, 0.1667, 0.2083, 0.25, 0.2917, 0.3333, 0.375, 0.4167, 0.4583, 0.5, 0.5417, 0.5833, 0.625, 0.6667, 0.7083, 0.75, 0.7917, 0.8333],
            "transform": [
                [1.0, 0.0, 0.0, -0.0, -0.0, 0.731137, 0.682231, 0.37472, 0.0, -0.682232, 0.731136, -0.0, 0.0, 0.0, 0.0, 1.0],
                [0.999999, 0.0, 0.0, 0.0, -0.0, 0.645123, 0.764079, 0.37472, 0.0, -0.76408, 0.645122, -0.0, 0.0, 0.0, 0.0, 1.0],
                [1.0, 0.0, 0.0, -0.0, -0.0, 0.617539, 0.786541, 0.37472, 0.0, -0.786542, 0.617537, -0.0, 0.0, 0.0, 0.0, 1.0],
                [1.0, 0.0, 0.0, -0.0, -0.0, 0.593881, 0.804552, 0.37472, 0.0, -0.804554, 0.59388, -0.0, 0.0, 0.0, 0.0, 1.0],
                [1.0, 0.0, 0.0, -0.0, -0.0, 0.589441, 0.807811, 0.37472, 0.0, -0.807813, 0.58944, 0.0, 0.0, 0.0, 0.0, 1.0],
                [1.0, 0.0, 0.0, 0.0, -0.0, 0.586005, 0.810307, 0.37472, 0.0, -0.810308, 0.586004, 0.0, 0.0, 0.0, 0.0, 1.0],
                [1.0, 0.0, 0.0, 0.0, -0.0, 0.571478, 0.820617, 0.37472, 0.0, -0.820618, 0.571477, -0.0, 0.0, 0.0, 0.0, 1.0],
                [0.999999, 0.0, -0.0, 0.0, -0.0, 0.548711, 0.836012, 0.37472, 0.0, -0.836013, 0.548711, 0.0, 0.0, 0.0, 0.0, 1.0],
                [0.999999, 0.0, 0.0, 0.0, -0.0, 0.463973, 0.885849, 0.37472, 0.0, -0.88585, 0.463973, -0.0, 0.0, 0.0, 0.0, 1.0],
                [0.999999, 0.0, 0.0, -0.0, -0.0, 0.342747, 0.939428, 0.37472, 0.0, -0.939429, 0.342746, 0.0, 0.0, 0.0, 0.0, 1.0],
                [0.999999, 0.0, 0.0, -0.0, -0.0, 0.189368, 0.981906, 0.37472, 0.0, -0.981907, 0.189368, -0.0, 0.0, 0.0, 0.0, 1.0],
                [1.0, 0.0, 0.0, -0.0, -0.0, 0.082619, 0.996581, 0.37472, 0.0, -0.996582, 0.082619, -0.0, 0.0, 0.0, 0.0, 1.0],
                [0.999999, 0.0, 0.0, 0.0, -0.0, 0.217181, 0.976131, 0.37472, 0.0, -0.976132, 0.21718, 0.0, 0.0, 0.0, 0.0, 1.0],
                [1.0, 0.0, -0.0, -0.0, -0.0, 0.544236, 0.838932, 0.37472, 0.0, -0.838934, 0.544235, 0.0, 0.0, 0.0, 0.0, 1.0],
                [1.0, 0.0, 0.0, -0.0, -0.0, 0.643868, 0.765137, 0.37472, 0.0, -0.765138, 0.643866, -0.0, 0.0, 0.0, 0.0, 1.0],
                [1.0, 0.0, 0.0, 0.0, -0.0, 0.803555, 0.595232, 0.37472, 0.0, -0.595233, 0.803553, -0.0, 0.0, 0.0, 0.0, 1.0],
                [1.0, 0.0, 0.0, 0.0, -0.0, 0.915857, 0.401507, 0.37472, 0.0, -0.401508, 0.915856, -0.0, 0.0, 0.0, 0.0, 1.0],
                [0.999999, 0.0, 0.0, -0.0, -0.0, 0.953503, 0.301383, 0.37472, -0.0, -0.301383, 0.953503, 0.0, 0.0, 0.0, 0.0, 1.0],
                [1.0, 0.0, 0.0, 0.0, -0.0, 0.819675, 0.57283, 0.37472, 0.0, -0.57283, 0.819674, 0.0, 0.0, 0.0, 0.0, 1.0],
                [1.0, 0.0, 0.0, 0.0, -0.0, 0.716105, 0.697993, 0.37472, 0.0, -0.697994, 0.716104, -0.0, 0.0, 0.0, 0.0, 1.0],
                [0.999999, 0.0, 0.0, 0.0, -0.0, 0.770573, 0.637353, 0.37472, 0.0, -0.637354, 0.770572, -0.0, 0.0, 0.0, 0.0, 1.0]
            ]
        },
        {
            "name": "Knee_R",
            "time": [0.0, 0.8333],
            "transform": [
                [1.0, 0.0, -0.0, -0.0, -0.0, 1e-06, -1.0, 0.37472, -0.0, 1.0, 1e-06, -0.0, 0.0, 0.0, 0.0, 1.0],
                [1.0, 0.0, -0.0, 0.0, -0.0, 1e-06, -1.0, 0.37472, -0.0, 1.0, 1e-06, -0.0, 0.0, 0.0, 0.0, 1.0]
            ]
        },
        {
            "name": "Thigh_L",
            "time": [0.0, 0.0417, 0.0833, 0.125, 0.1667, 0.2083, 0.25, 0.2917, 0.3333, 0.375, 0.4167, 0.4583, 0.5, 0.5417, 0.5833, 0.625, 0.6667, 0.7083, 0.75, 0.7917, 0.8333],
            "transform": [
                [0.829834, -0.371197, -0.416637, -0.063298, -0.339136, -0.928429, 0.151691, 0.104361, -0.443124, 0.015419, -0.896326, 0.122853, 0.0, 0.0, 0.0, 1.0],
                [0.890556, -0.32271, -0.320568, -0.078976, -0.253345, -0.937219, 0.239668, 0.105563, -0.377784, -0.132223, -0.916403, 0.096357, 0.0, 0.0, 0.0, 1.0],
                [0.908933, -0.287365, -0.302091, -0.094654, -0.192769, -0.9321, 0.306648, 0.106765, -0.369698, -0.22049, -0.902611, 0.069862, 0.0, 0.0, 0.0, 1.0],
                [0.934655, -0.222859, -0.277038, -0.103317, -0.105032, -0.917471, 0.38369, 0.104925, -0.339682, -0.329521, -0.880926, 0.041008, 0.0, 0.0, 0.0, 1.0],
                [0.935016, -0.225403, -0.273743, -0.10234, -0.105689, -0.914037, 0.391623, 0.101507, -0.338483, -0.337243, -0.878462, 0.022672, 0.0, 0.0, 0.0, 1.0],
                [0.934025, -0.225648, -0.276903, -0.101364, -0.103625, -0.913041, 0.39449, 0.099667, -0.341838, -0.339772, -0.876186, 0.012195, 0.0, 0.0, 0.0, 1.0],
                [0.913943, -0.235127, -0.330787, -0.121277, -0.098698, -0.919377, 0.380801, 0.106449, -0.393652, -0.315384, -0.863464, 0.007882, 0.0, 0.0, 0.0, 1.0],
                [0.877026, -0.2383, -0.417175, -0.120943, -0.090145, -0.934522, 0.344304, 0.104899, -0.471905, -0.264359, -0.841082, 0.008157, 0.0, 0.0, 0.0, 1.0],
                [0.842393, -0.215967, -0.493689, -0.1186, -0.100124, -0.962952, 0.250401, 0.101488, -0.529476, -0.161506, -0.832808, 0.010086, 0.0, 0.0, 0.0, 1.0],
                [0.834863, -0.202306, -0.511929, -0.11224, -0.135374, -0.976912, 0.165286, 0.098077, -0.533546, -0.068689, -0.842976, 0.015322, 0.0, 0.0, 0.0, 1.0],
                [0.798985, -0.246833, -0.548355, -0.099857, -0.195716, -0.968968, 0.150992, 0.096526, -0.568606, -0.013318, -0.822501, 0.025519, 0.0, 0.0, 0.0, 1.0],
                [0.734695, -0.309252, -0.603808, -0.074109, -0.262614, -0.95031, 0.167175, 0.104082, -0.625502, 0.035747, -0.779402, 0.050165, 0.0, 0.0, 0.0, 1.0],
                [0.651988, -0.352464, -0.671326, -0.043123, -0.314253, -0.931379, 0.183794, 0.118114, -0.690038, 0.091136, -0.718011, 0.082079, 0.0, 0.0, 0.0, 1.0],
                [0.578773, -0.363766, -0.729859, -0.028086, -0.382533, -0.911527, 0.150961, 0.12567, -0.720198, 0.191825, -0.66672, 0.097906, 0.0, 0.0, 0.0, 1.0],
                [0.574479, -0.350615, -0.739622, -0.028106, -0.402281, -0.907892, 0.11792, 0.12567, -0.712839, 0.229795, -0.662611, 0.097513, 0.0, 0.0, 0.0, 1.0],
                [0.558554, -0.325194, -0.763063, -0.028247, -0.436454, -0.897518, 0.063012, 0.12567, -0.705351, 0.297848, -0.643245, 0.096577, 0.0, 0.0, 0.0, 1.0],
                [0.544307, -0.294006, -0.785677, -0.028628, -0.471913, -0.881641, 0.002978, 0.12567, -0.693559, 0.369152, -0.618628, 0.095459, 0.0, 0.0, 0.0, 1.0],
                [0.563976, -0.243511, -0.78907, -0.029371, -0.508426, -0.855347, -0.099428, 0.12567, -0.650715, 0.457261, -0.606202, 0.094522, 0.0, 0.0, 0.0, 1.0],
                [0.735906, -0.29523, -0.609326, -0.030595, -0.478906, -0.863127, -0.160195, 0.12567, -0.47863, 0.409701, -0.776568, 0.09413, 0.0, 0.0, 0.0, 1.0],
                [0.804059, -0.353876, -0.477764, -0.047323, -0.422132, -0.90567, -0.039615, 0.115016, -0.418676, 0.233534, -0.877594, 0.108491, 0.0, 0.0, 0.0, 1.0],
                [0.796176, -0.379311, -0.471407, -0.063298, -0.369172, -0.921814, 0.118212, 0.104361, -0.479387, 0.079913, -0.873957, 0.122853, 0.0, 0.0, 0.0, 1.0]
            ]
        },
        {
            "name": "Leg_L",
            "time": [0.0, 0.0417, 0.0833, 0.125, 0.1667, 0.2083, 0.25, 0.2917, 0.3333, 0.375, 0.4167, 0.4583, 0.5, 0.5417, 0.5833, 0.625, 0.6667, 0.7083, 0.75, 0.7917, 0.8333],
            "transform": [
                [0.999998, -0.0, -0.0, -0.0, 0.0, 0.298643, 0.954365, 0.37472, -0.0, -0.954366, 0.298642, 0.0, 0.0, 0.0, 0.0, 1.0],
                [0.999998, -0.0, -0.0, 0.0, 0.0, 0.208309, 0.978064, 0.37472, -0.0, -0.978065, 0.208309, -0.0, 0.0, 0.0, 0.0, 1.0],
                [0.999998, -0.0, -0.0, -0.0, 0.0, 0.18804, 0.982161, 0.37472, -0.0, -0.982163, 0.18804, -0.0, 0.0, 0.0, 0.0, 1.0],
                [0.999997, -0.0, -0.0, 0.0, 0.0, 0.194171, 0.980969, 0.37472, -0.0, -0.980969, 0.194171, -0.0, 0.0, 0.0, 0.0, 1.0],
                [0.999997, -0.0, -0.0, -0.0, 0.0, 0.204908, 0.978782, 0.37472, -0.0, -0.978783, 0.204908, -0.0, 0.0, 0.0, 0.0, 1.0],
                [0.999997, -0.0, -0.0, -0.0, 0.0, 0.219465, 0.975621, 0.37472, -0.0, -0.975622, 0.219465, -0.0, 0.0, 0.0, 0.0, 1.0],
                [0.999998, -0.0, -0.0, -0.0, 0.0, 0.255045, 0.96693, 0.37472, -0.0, -0.96693, 0.255045, 0.0, 0.0, 0.0, 0.0, 1.0],
                [0.999997, -0.0, -0.0, 0.0, 0.0, 0.296256, 0.95511, 0.37472, -0.0, -0.95511, 0.296255, 0.0, 0.0, 0.0, 0.0, 1.0],
                [0.999998, -0.0, -0.0, -0.0, 0.0, 0.40132, 0.915939, 0.37472, -0.0, -0.915938, 0.401321, -0.0, 0.0, 0.0, 0.0, 1.0],
                [0.999997, -0.0, -0.0, 0.0, 0.0, 0.493478, 0.86976, 0.37472, 0.0, -0.869758, 0.493479, -0.0, 0.0, 0.0, 0.0, 1.0],
                [0.999997, -0.0, -0.0, 0.0, 0.0, 0.53662, 0.843825, 0.37472, 0.0, -0.843824, 0.536621, -0.0, 0.0, 0.0, 0.0, 1.0],
                [0.999997, -0.0, -0.0, -0.0, 0.0, 0.565485, 0.82476, 0.37472, 0.0, -0.824759, 0.565485, -0.0, 0.0, 0.0, 0.0, 1.0],
                [0.999998, -0.0, -0.0, 0.0, 0.0, 0.602646, 0.79801, 0.37472, 0.0, -0.798008, 0.602647, -0.0, 0.0, 0.0, 0.0, 1.0],
                [0.999998, 0.0, -0.0, -0.0, 0.0, 0.695235, 0.718784, 0.37472, 0.0, -0.718782, 0.695236, -0.0, 0.0, 0.0, 0.0, 1.0],
                [0.999998, -0.0, -0.0, 0.0, 0.0, 0.734793, 0.678292, 0.37472, 0.0, -0.67829, 0.734795, 0.0, 0.0, 0.0, 0.0, 1.0],
                [0.999998, -0.0, -0.0, -0.0, 0.0, 0.792652, 0.609674, 0.37472, 0.0, -0.609673, 0.792655, -0.0, 0.0, 0.0, 0.0, 1.0],
                [0.999998, -0.0, -0.0, -0.0, 0.0, 0.841271, 0.540614, 0.37472, 0.0, -0.540612, 0.841274, -0.0, 0.0, 0.0, 0.0, 1.0],
                [0.999998, -0.0, -0.0, 0.0, 0.0, 0.887029, 0.461712, 0.37472, 0.0, -0.461711, 0.887033, 0.0, 0.0, 0.0, 0.0, 1.0],
                [0.999998, -0.0, -0.0, 0.0, 0.0, 0.739353, 0.673319, 0.37472, 0.0, -0.673318, 0.739354, -0.0, 0.0, 0.0, 0.0, 1.0],
                [0.999998, -0.0, -0.0, 0.0, 0.0, 0.499515, 0.866306, 0.37472, 0.0, -0.866306, 0.499515, 0.0, 0.0, 0.0, 0.0, 1.0],
                [0.999998, -0.0, -0.0, -0.0, 0.0, 0.364743, 0.931109, 0.37472, -0.0, -0.931109, 0.364743, -0.0, 0.0, 0.0, 0.0, 1.0]
            ]
        },
        {
            "name": "Knee_L",
            "time": [0.0, 0.8333],
            "transform": [
                [1.0, 0.0, -0.0, -0.0, -0.0, 1e-06, -1.0, 0.37472, -0.0, 1.0, 1e-06, 0.0, 0.0, 0.0, 0.0, 1.0],
                [1.0, 0.0, -0.0, -0.0, -0.0, 1e-06, -1.0, 0.37472, -0.0, 1.0, 1e-06, -0.0, 0.0, 0.0, 0.0, 1.0]
            ]
        },
        {
            "name": "Torso",
            "time": [0.0, 0.0417, 0.0833, 0.125, 0.1667, 0.2083, 0.25, 0.2917, 0.3333, 0.375, 0.4167, 0.4583, 0.5, 0.5417, 0.5833, 0.625, 0.6667, 0.7083, 0.75, 0.7917, 0.8333],
            "transform": [
                [0.709551, 0.115876, 0.695062, 0.0, 0.030905, 0.980319, -0.194981, 0.05, -0.703978, 0.15983, 0.692005, 0.0, 0.0, 0.0, 0.0, 1.0],
                [0.845313, 0.096704, 0.525448, 0.0, 0.024422, 0.97546, -0.218814, 0.05, -0.533715, 0.197798, 0.822208, -0.0, 0.0, 0.0, 0.0, 1.0],
                [0.916918, 0.07649, 0.391681, 0.0, 0.014394, 0.974482, -0.223999, 0.05, -0.398821, 0.211026, 0.892419, -0.0, 0.0, 0.0, 0.0, 1.0],
                [0.999076, 0.00247, 0.042945, 0.0, 0.006657, 0.97744, -0.211101, 0.05, -0.042497, 0.211192, 0.976521, -0.0, 0.0, 0.0, 0.0, 1.0],
                [0.999527, -0.016585, -0.02597, 0.0, 0.010978, 0.97916, -0.202788, 0.05, 0.028792, 0.202406, 0.978879, -0.0, 0.0, 0.0, 0.0, 1.0],
                [0.997827, -0.027798, -0.059756, -0.0, 0.015421, 0.980003, -0.198381, 0.05, 0.064075, 0.197028, 0.978302, -0.0, 0.0, 0.0, 0.0, 1.0],
                [0.994293, -0.048051, -0.095268, -0.0, 0.028624, 0.980251, -0.195671, 0.05, 0.102789, 0.191827, 0.976031, -0.0, 0.0, 0.0, 0.0, 1.0],
                [0.993294, -0.061381, -0.097988, -0.0, 0.040849, 0.979097, -0.199247, 0.05, 0.10817, 0.193908, 0.975038, -0.0, 0.0, 0.0, 0.0, 1.0],
                [0.998519, -0.051141, -0.018625, 0.0, 0.046041, 0.976175, -0.212037, 0.05, 0.029025, 0.210865, 0.977084, 0.0, 0.0, 0.0, 0.0, 1.0],
                [0.995227, -0.02915, 0.093149, 0.0, 0.049352, 0.973661, -0.222593, 0.05, -0.084207, 0.226127, 0.970451, 0.0, 0.0, 0.0, 0.0, 1.0],
                [0.946561, -0.007374, 0.322445, 0.0, 0.073284, 0.978506, -0.192753, 0.05, -0.314094, 0.206082, 0.926755, 0.0, 0.0, 0.0, 0.0, 1.0],
                [0.830084, -0.00535, 0.557615, 0.0, 0.09729, 0.986006, -0.135369, 0.05, -0.549089, 0.166618, 0.818988, 0.0, 0.0, 0.0, 0.0, 1.0],
                [0.710143, -0.019957, 0.703776, 0.0, 0.093521, 0.993413, -0.066197, 0.05, -0.697821, 0.112827, 0.707332, -0.0, 0.0, 0.0, 0.0, 1.0],
                [0.539389, -0.038548, 0.841175, 0.0, 0.041883, 0.998942, 0.018921, 0.05, -0.841016, 0.025025, 0.540433, -0.0, 0.0, 0.0, 0.0, 1.0],
                [0.502907, -0.04068, 0.863383, 0.0, 0.01921, 0.99917, 0.035889, 0.05, -0.864129, -0.001463, 0.503271, -0.0, 0.0, 0.0, 0.0, 1.0],
                [0.458282, -0.038608, 0.887969, 0.0, -0.022355, 0.998238, 0.054939, 0.05, -0.888528, -0.045028, 0.456611, -0.0, 0.0, 0.0, 0.0, 1.0],
                [0.437849, -0.030306, 0.898538, 0.0, -0.057186, 0.996468, 0.061474, 0.05, -0.897231, -0.0783, 0.434569, -0.0, 0.0, 0.0, 0.0, 1.0],
                [0.457597, -0.007286, 0.889131, 0.0, -0.07885, 0.995693, 0.048739, 0.05, -0.885659, -0.092411, 0.455052, -0.0, 0.0, 0.0, 0.0, 1.0],
                [0.562429, 0.057789, 0.824825, 0.0, -0.062516, 0.99767, -0.027271, 0.05, -0.824481, -0.036226, 0.564731, -0.0, 0.0, 0.0, 0.0, 1.0],
                [0.640311, 0.088986, 0.762945, 0.0, -0.02978, 0.995395, -0.091106, 0.05, -0.76754, 0.035615, 0.640012, 0.0, 0.0, 0.0, 0.0, 1.0],
                [0.66042, 0.115952, 0.741891, 0.0, 0.027154, 0.98367, -0.177913, 0.05, -0.750407, 0.137642, 0.646487, 0.0, 0.0, 0.0, 0.0, 1.0]
            ]
        },
        {
            "name": "Chest",
            "time": [0.0, 0.0417, 0.0833, 0.125, 0.1667, 0.2083, 0.25, 0.2917, 0.3333, 0.375, 0.4167, 0.4583, 0.5, 0.5417, 0.5833, 0.625, 0.6667, 0.7083, 0.75, 0.7917, 0.8333],
            "transform": [
                [0.997242, 0.050193, -0.05471, -0.0, -0.047185, 0.997372, 0.054952, 0.3, 0.057325, -0.052219, 0.996989, 0.0, 0.0, 0.0, 0.0, 1.0],
                [0.991799, 0.094874, -0.085659, -0.0, -0.091333, 0.99483, 0.044362, 0.3, 0.089426, -0.036174, 0.995337, -0.0, 0.0, 0.0, 0.0, 1.0],
                [0.987894, 0.118278, -0.1004, -0.0, -0.114642, 0.992548, 0.041269, 0.3, 0.104533, -0.02926, 0.994091, 0.0, 0.0, 0.0, 0.0, 1.0],
                [0.975451, 0.116628, -0.186809, 0.0, -0.105049, 0.991945, 0.070762, 0.3, 0.193558, -0.049401, 0.979844, -0.0, 0.0, 0.0, 0.0, 1.0],
                [0.969553, 0.105287, -0.221098, -0.0, -0.089131, 0.992649, 0.081852, 0.3, 0.228091, -0.059653, 0.971811, 0.0, 0.0, 0.0, 0.0, 1.0],
                [0.963944, 0.097208, -0.247721, 0.0, -0.077366, 0.993054, 0.088632, 0.3, 0.254617, -0.066271, 0.964769, -0.0, 0.0, 0.0, 0.0, 1.0],
                [0.95011, 0.074445, -0.302907, 0.0, -0.046171, 0.993968, 0.099467, 0.3, 0.308485, -0.080519, 0.947815, 0.0, 0.0, 0.0, 0.0, 1.0],
                [0.934702, 0.049841, -0.351926, 0.0, -0.014327, 0.994597, 0.102805, 0.3, 0.35515, -0.09105, 0.930365, -0.0, 0.0, 0.0, 0.0, 1.0],
                [0.927566, 0.005699, -0.373622, 0.0, 0.029943, 0.995533, 0.089524, 0.3, 0.372464, -0.094226, 0.923251, -0.0, 0.0, 0.0, 0.0, 1.0],
                [0.928538, -0.045878, -0.368397, 0.0, 0.07906, 0.994007, 0.07548, 0.3, 0.362727, -0.099211, 0.926599, 0.0, 0.0, 0.0, 0.0, 1.0],
                [0.957792, -0.096456, -0.270805, -0.0, 0.126628, 0.987272, 0.09621, 0.3, 0.258079, -0.12644, 0.957814, 0.0, 0.0, 0.0, 0.0, 1.0],
                [0.980945, -0.133906, -0.140785, -0.0, 0.15299, 0.978985, 0.134826, 0.3, 0.119773, -0.153795, 0.980817, 0.0, 0.0, 0.0, 0.0, 1.0],
                [0.990874, -0.130039, -0.035532, -0.0, 0.134077, 0.978044, 0.159533, 0.3, 0.014007, -0.16284, 0.986553, 0.0, 0.0, 0.0, 0.0, 1.0],
                [0.990792, -0.112578, 0.075232, 0.0, 0.09853, 0.980557, 0.169697, 0.3, -0.092874, -0.160722, 0.98262, -0.0, 0.0, 0.0, 0.0, 1.0],
                [0.990133, -0.106487, 0.091111, -0.0, 0.090306, 0.981936, 0.166265, 0.3, -0.10717, -0.156396, 0.981863, 0.0, 0.0, 0.0, 0.0, 1.0],
                [0.989891, -0.09554, 0.104848, 0.0, 0.0786, 0.984743, 0.155244, 0.3, -0.11808, -0.145433, 0.982297, -0.0, 0.0, 0.0, 0.0, 1.0],
                [0.990488, -0.085611, 0.107739, -0.0, 0.070037, 0.987548, 0.140855, 0.3, -0.118456, -0.131969, 0.984151, -0.0, 0.0, 0.0, 0.0, 1.0],
                [0.992532, -0.073337, 0.097492, -0.0, 0.062027, 0.991498, 0.114373, 0.3, -0.105051, -0.107471, 0.988642, 0.0, 0.0, 0.0, 0.0, 1.0],
                [0.998536, -0.029988, 0.045058, 0.0, 0.026554, 0.996831, 0.074959, 0.3, -0.047163, -0.073652, 0.996168, -0.0, 0.0, 0.0, 0.0, 1.0],
                [0.999932, 0.01023, -0.005855, 0.0, -0.009795, 0.997497, 0.070008, 0.3, 0.006557, -0.069946, 0.99753, -0.0, 0.0, 0.0, 0.0, 1.0],
                [0.998603, 0.033207, -0.041153, 0.0, -0.030797, 0.997847, 0.057874, 0.3, 0.042987, -0.056526, 0.997475, 0.0, 0.0, 0.0, 0.0, 1.0]
            ]
        },
        {
            "name": "Head",
            "time": [0.0, 0.0417, 0.0833, 0.125, 0.1667, 0.2083, 0.25, 0.2917, 0.3333, 0.375, 0.4167, 0.4583, 0.5, 0.5417, 0.5833, 0.625, 0.6667, 0.7083, 0.75, 0.7917, 0.8333],
            "transform": [
                [0.942869, -0.074979, -0.324613, -0.0, 0.118936, 0.985895, 0.117741, 0.4, 0.311206, -0.149623, 0.938492, 0.0, 0.0, 0.0, 0.0, 1.0],
                [0.955854, -0.205905, -0.209625, 0.0, 0.240161, 0.958502, 0.153604, 0.4, 0.169298, -0.197166, 0.965644, 0.0, 0.0, 0.0, 0.0, 1.0],
                [0.952616, -0.273415, -0.133279, 0.0, 0.29352, 0.941247, 0.167028, 0.4, 0.07978, -0.198233, 0.976905, -0.0, 0.0, 0.0, 0.0, 1.0],
                [0.947104, -0.292949, 0.131042, -0.0, 0.272486, 0.949775, 0.15387, 0.4, -0.169536, -0.110023, 0.979365, 0.0, 0.0, 0.0, 0.0, 1.0],
                [0.9408, -0.263916, 0.212699, 0.0, 0.239054, 0.961485, 0.135637, 0.4, -0.240303, -0.07676, 0.96766, 0.0, 0.0, 0.0, 0.0, 1.0],
                [0.934542, -0.239386, 0.263296, 0.0, 0.213831, 0.969194, 0.122212, 0.4, -0.28444, -0.057911, 0.956944, 0.0, 0.0, 0.0, 0.0, 1.0],
                [0.920823, -0.15883, 0.35617, 0.0, 0.134018, 0.98656, 0.093463, 0.4, -0.366227, -0.03833, 0.929737, -0.0, 0.0, 0.0, 0.0, 1.0],
                [0.907414, -0.066001, 0.415021, 0.0, 0.04213, 0.9969, 0.066425, 0.4, -0.418118, -0.04279, 0.907386, 0.0, 0.0, 0.0, 0.0, 1.0],
                [0.927976, 0.050608, 0.369186, 0.0, -0.070142, 0.996746, 0.039672, 0.4, -0.365976, -0.06271, 0.92851, 0.0, 0.0, 0.0, 0.0, 1.0],
                [0.949995, 0.165747, 0.264639, -0.0, -0.176219, 0.984217, 0.016159, 0.4, -0.257783, -0.061985, 0.964215, -0.0, 0.0, 0.0, 0.0, 1.0],
                [0.955663, 0.291132, -0.044129, 0.0, -0.292878, 0.955303, -0.040173, 0.4, 0.030461, 0.051316, 0.998221, 0.0, 0.0, 0.0, 0.0, 1.0],
                [0.853386, 0.349436, -0.386816, 0.0, -0.408826, 0.90903, -0.080756, 0.4, 0.323408, 0.227055, 0.918617, 0.0, 0.0, 0.0, 0.0, 1.0],
                [0.767245, 0.295161, -0.569399, -0.0, -0.439237, 0.888744, -0.131154, 0.4, 0.46734, 0.350727, 0.811532, -0.0, 0.0, 0.0, 0.0, 1.0],
                [0.696513, 0.178258, -0.69505, 0.0, -0.433275, 0.876605, -0.209366, 0.4, 0.571963, 0.446973, 0.687804, -0.0, 0.0, 0.0, 0.0, 1.0],
                [0.696088, 0.154964, -0.701034, -0.0, -0.421966, 0.878287, -0.224841, 0.4, 0.580868, 0.452321, 0.676756, 0.0, 0.0, 0.0, 0.0, 1.0],
                [0.701147, 0.136278, -0.699873, 0.0, -0.400633, 0.887263, -0.228595, 0.4, 0.58982, 0.44067, 0.6767, 0.0, 0.0, 0.0, 0.0, 1.0],
                [0.711204, 0.131466, -0.690584, 0.0, -0.374005, 0.902551, -0.213353, 0.4, 0.595239, 0.410019, 0.691068, -0.0, 0.0, 0.0, 0.0, 1.0],
                [0.738873, 0.13672, -0.65983, -0.0, -0.317559, 0.934295, -0.16201, 0.4, 0.594326, 0.329238, 0.733743, -0.0, 0.0, 0.0, 0.0, 1.0],
                [0.826312, 0.121622, -0.549925, 0.0, -0.160375, 0.986792, -0.022737, 0.4, 0.539895, 0.106981, 0.834908, -0.0, 0.0, 0.0, 0.0, 1.0],
                [0.875681, 0.08314, -0.475677, -0.0, -0.063955, 0.996355, 0.056409, 0.4, 0.478632, -0.018974, 0.877812, 0.0, 0.0, 0.0, 0.0, 1.0],
                [0.930189, -0.032938, -0.365596, 0.0, 0.072174, 0.992934, 0.094176, 0.4, 0.35991, -0.113988, 0.925999, 0.0, 0.0, 0.0, 0.0, 1.0]
            ]
        },
        {
            "name": "Shoulder_R",
            "time": [0.0, 0.0417, 0.0833, 0.125, 0.1667, 0.2083, 0.25, 0.2917, 0.3333, 0.375, 0.4167, 0.4583, 0.5, 0.5417, 0.5833, 0.625, 0.6667, 0.7083, 0.75, 0.7917, 0.8333],
            "transform": [
                [0.062794, 0.984812, -0.161951, -0.0, 0.238904, -0.172389, -0.955611, 0.4, -0.969004, 0.021316, -0.246097, 0.0, 0.0, 0.0, 0.0, 1.0],
                [0.069253, 0.984005, -0.164203, 0.0, 0.245619, -0.176353, -0.953183, 0.4, -0.966883, 0.02568, -0.2539, 0.0, 0.0, 0.0, 0.0, 1.0],
                [0.076584, 0.983073, -0.166515, 0.0, 0.249333, -0.180586, -0.951424, 0.4, -0.965379, 0.031347, -0.258938, -0.0, 0.0, 0.0, 0.0, 1.0],
                [0.120215, 0.98243, -0.142844, -0.0, 0.25545, -0.169658, -0.951812, 0.4, -0.959313, 0.077934, -0.271353, 0.0, 0.0, 0.0, 0.0, 1.0],
                [0.135594, 0.982492, -0.127861, 0.0, 0.257226, -0.15954, -0.953084, 0.4, -0.956784, 0.096346, -0.274351, 0.0, 0.0, 0.0, 0.0, 1.0],
                [0.14634, 0.9824, -0.116186, 0.0, 0.258563, -0.151355, -0.954057, 0.4, -0.954837, 0.109579, -0.276158, 0.0, 0.0, 0.0, 0.0, 1.0],
                [0.167866, 0.982051, -0.086123, 0.0, 0.261069, -0.128531, -0.956722, 0.4, -0.950602, 0.13812, -0.277958, -0.0, 0.0, 0.0, 0.0, 1.0],
                [0.181842, 0.981645, -0.05768, 0.0, 0.262485, -0.104988, -0.959206, 0.4, -0.947636, 0.159288, -0.276758, 0.0, 0.0, 0.0, 0.0, 1.0],
                [0.171002, 0.984808, -0.030527, 0.0, 0.257611, -0.074597, -0.963363, 0.4, -0.950986, 0.156876, -0.266453, 0.0, 0.0, 0.0, 0.0, 1.0],
                [0.150093, 0.988646, -0.00841, -0.0, 0.249066, -0.046043, -0.967389, 0.4, -0.956775, 0.143106, -0.253148, -0.0, 0.0, 0.0, 0.0, 1.0],
                [0.107358, 0.994129, -0.014197, 0.0, 0.231101, -0.038842, -0.972152, 0.4, -0.966979, 0.101089, -0.233914, 0.0, 0.0, 0.0, 0.0, 1.0],
                [0.064005, 0.99737, -0.034271, 0.0, 0.213223, -0.047216, -0.97586, 0.4, -0.974896, 0.055154, -0.215684, 0.0, 0.0, 0.0, 0.0, 1.0],
                [0.037602, 0.997048, -0.067078, -0.0, 0.205065, -0.073397, -0.975991, 0.4, -0.978017, 0.022945, -0.207219, -0.0, 0.0, 0.0, 0.0, 1.0],
                [0.010581, 0.994521, -0.104087, 0.0, 0.199506, -0.1041, -0.97435, 0.4, -0.979831, -0.010457, -0.199514, -0.0, 0.0, 0.0, 0.0, 1.0],
                [0.007437, 0.994046, -0.108792, -0.0, 0.199858, -0.108079, -0.973844, 0.4, -0.979787, -0.014501, -0.199471, 0.0, 0.0, 0.0, 0.0, 1.0],
                [0.005239, 0.993599, -0.112924, 0.0, 0.202106, -0.111648, -0.972978, 0.4, -0.979339, -0.017725, -0.201398, 0.0, 0.0, 0.0, 0.0, 1.0],
                [0.006354, 0.993332, -0.115193, 0.0, 0.205634, -0.114032, -0.971962, 0.4, -0.978598, -0.017512, -0.204988, -0.0, 0.0, 0.0, 0.0, 1.0],
                [0.015159, 0.992668, -0.119991, -0.0, 0.213082, -0.120456, -0.969581, 0.4, -0.976907, -0.01087, -0.213346, -0.0, 0.0, 0.0, 0.0, 1.0],
                [0.040467, 0.98906, -0.141919, 0.0, 0.226951, -0.147423, -0.962684, 0.4, -0.973056, 0.006748, -0.230433, -0.0, 0.0, 0.0, 0.0, 1.0],
                [0.055025, 0.986408, -0.154884, -0.0, 0.232269, -0.16351, -0.958807, 0.4, -0.971086, 0.016784, -0.238109, 0.0, 0.0, 0.0, 0.0, 1.0],
                [0.06161, 0.985008, -0.161188, 0.0, 0.236881, -0.171314, -0.956312, 0.4, -0.969576, 0.020737, -0.243883, 0.0, 0.0, 0.0, 0.0, 1.0]
            ]
        },
        {
            "name": "Arm_R",
            "time": [0.0, 0.0417, 0.0833, 0.125, 0.1667, 0.2083, 0.25, 0.2917, 0.3333, 0.375, 0.4167, 0.4583, 0.5, 0.5417, 0.5833, 0.625, 0.6667, 0.7083, 0.75, 0.7917, 0.8333],
            "transform": [
                [0.337595, 0.647304, 0.682222, 0.0, 0.336774, 0.599857, -0.723986, 0.39386, -0.881019, 0.477337, -0.015329, -0.0, 0.0, 0.0, 0.0, 1.0],
                [0.346722, 0.612094, 0.709131, 0.0, 0.361654, 0.616673, -0.697783, 0.393861, -0.867514, 0.50172, -0.007476, -0.0, 0.0, 0.0, 0.0, 1.0],
                [0.328254, 0.582243, 0.741765, 0.0, 0.37333, 0.647918, -0.663013, 0.39386, -0.869752, 0.497856, -0.00464, -0.0, 0.0, 0.0, 0.0, 1.0],
                [0.601364, 0.355722, 0.71325, 0.0, 0.304427, 0.730466, -0.611368, 0.393861, -0.741125, 0.588689, 0.327617, 0.0, 0.0, 0.0, 0.0, 1.0],
                [0.731002, 0.261326, 0.629, 0.0, 0.230584, 0.779664, -0.582824, 0.393861, -0.64501, 0.574887, 0.504503, -0.0, 0.0, 0.0, 0.0, 1.0],
                [0.712208, 0.21337, 0.666918, 0.0, 0.228882, 0.834392, -0.503581, 0.39386, -0.666289, 0.514703, 0.539891, 0.0, 0.0, 0.0, 0.0, 1.0],
                [0.797176, 0.184152, 0.574199, -0.0, 0.074064, 0.919445, -0.391376, 0.393861, -0.602158, 0.356883, 0.712023, 0.0, 0.0, 0.0, 0.0, 1.0],
                [0.829508, 0.214405, 0.515729, 0.0, -0.082664, 0.964091, -0.262974, 0.39386, -0.555571, 0.176674, 0.809149, -0.0, 0.0, 0.0, 0.0, 1.0],
                [0.802666, 0.382876, 0.458526, -0.0, -0.294703, 0.925004, -0.250671, 0.39386, -0.521977, 0.066515, 0.846621, 0.0, 0.0, 0.0, 0.0, 1.0],
                [0.766841, 0.541524, 0.348569, 0.0, -0.474501, 0.843952, -0.259647, 0.393861, -0.436339, 0.033936, 0.894945, 0.0, 0.0, 0.0, 0.0, 1.0],
                [0.795874, 0.608071, -0.039208, 0.0, -0.606126, 0.786727, -0.137434, 0.39386, -0.052913, 0.134032, 0.984582, 0.0, 0.0, 0.0, 0.0, 1.0],
                [0.638403, 0.631685, -0.442164, -0.0, -0.735483, 0.67356, -0.101122, 0.39386, 0.234794, 0.392352, 0.885482, -0.0, 0.0, 0.0, 0.0, 1.0],
                [0.555708, 0.611788, -0.563227, -0.0, -0.787528, 0.609037, -0.115837, 0.393861, 0.273143, 0.5113, 0.811901, 0.0, 0.0, 0.0, 0.0, 1.0],
                [0.581046, 0.641139, -0.502651, -0.0, -0.79874, 0.57438, -0.190258, 0.393861, 0.167331, 0.515441, 0.837242, -0.0, 0.0, 0.0, 0.0, 1.0],
                [0.61324, 0.668764, -0.423268, 0.0, -0.786857, 0.57669, -0.228412, 0.393861, 0.091671, 0.476267, 0.870918, 0.0, 0.0, 0.0, 0.0, 1.0],
                [0.663581, 0.717611, -0.221749, 0.0, -0.743346, 0.587275, -0.325151, 0.393861, -0.103477, 0.38313, 0.913745, -0.0, 0.0, 0.0, 0.0, 1.0],
                [0.671782, 0.7443, 0.001085, 0.0, -0.6687, 0.606009, -0.433238, 0.39386, -0.324283, 0.292242, 0.895623, 0.0, 0.0, 0.0, 0.0, 1.0],
                [0.629391, 0.728627, 0.277661, 0.0, -0.491246, 0.650268, -0.579684, 0.39386, -0.605098, 0.229962, 0.759423, 0.0, 0.0, 0.0, 0.0, 1.0],
                [0.438381, 0.637195, 0.633293, 0.0, 0.008706, 0.707213, -0.70567, 0.39386, -0.90074, 0.316951, 0.301397, -0.0, 0.0, 0.0, 0.0, 1.0],
                [0.391106, 0.6397, 0.660752, -0.0, 0.170344, 0.661203, -0.728931, 0.393861, -0.906421, 0.400281, 0.148116, 0.0, 0.0, 0.0, 0.0, 1.0],
                [0.332708, 0.647342, 0.684556, 0.0, 0.324528, 0.609073, -0.721941, 0.393861, -0.887446, 0.465422, -0.007362, 0.0, 0.0, 0.0, 0.0, 1.0]
            ]
        },
        {
            "name": "Hand_R",
            "time": [0.0, 0.0417, 0.0833, 0.125, 0.1667, 0.2083, 0.25, 0.2917, 0.3333, 0.375, 0.4167, 0.4583, 0.5, 0.5417, 0.5833, 0.625, 0.6667, 0.7083, 0.75, 0.7917, 0.8333],
            "transform": [
                [0.997802, -0.0, -0.0, 0.0, 0.0, 0.953754, -0.308745, 0.3, 0.0, 0.3096, 0.95112, 0.0, 0.0, 0.0, 0.0, 1.0],
                [0.997806, -0.0, -0.0, -0.0, 0.0, 0.940343, -0.356238, 0.3, 0.0, 0.360255, 0.929858, -0.0, 0.0, 0.0, 0.0, 1.0],
                [0.997807, -1e-06, -0.0, 0.0, 0.0, 0.927909, -0.390445, 0.3, 0.0, 0.396485, 0.913772, 0.0, 0.0, 0.0, 0.0, 1.0],
                [0.997803, -1e-06, -0.0, 0.0, 0.0, 0.917446, -0.413508, 0.3, 0.0, 0.419786, 0.903726, -0.0, 0.0, 0.0, 0.0, 1.0],
                [0.997796, -1e-06, 0.0, -0.0, 1e-06, 0.909965, -0.429464, 0.3, 0.0, 0.436094, 0.89613, 0.0, 0.0, 0.0, 0.0, 1.0],
                [0.997795, -1e-06, -0.0, 0.0, 0.0, 0.900289, -0.449134, 0.3, 0.0, 0.456304, 0.886142, -0.0, 0.0, 0.0, 0.0, 1.0],
                [0.997793, -1e-06, 0.0, -0.0, 0.0, 0.863781, -0.514209, 0.3, 0.0, 0.522814, 0.849564, 0.0, 0.0, 0.0, 0.0, 1.0],
                [0.997792, -1e-06, 0.0, 0.0, 1e-06, 0.820323, -0.579057, 0.3, 0.0, 0.58895, 0.806543, -0.0, 0.0, 0.0, 0.0, 1.0],
                [0.997794, -1e-06, -0.0, 0.0, 0.0, 0.793376, -0.614168, 0.3, 0.0, 0.624261, 0.780548, -0.0, 0.0, 0.0, 0.0, 1.0],
                [0.997797, -1e-06, 0.0, -0.0, 1e-06, 0.77757, -0.633403, 0.3, 0.0, 0.643476, 0.765398, 0.0, 0.0, 0.0, 0.0, 1.0],
                [0.997803, -1e-06, 0.0, -0.0, 0.0, 0.774775, -0.636551, 0.3, 0.0, 0.646006, 0.763436, 0.0, 0.0, 0.0, 0.0, 1.0],
                [0.99781, -0.0, 0.0, 0.0, 0.0, 0.777387, -0.633663, 0.3, 0.0, 0.644003, 0.764904, -0.0, 0.0, 0.0, 0.0, 1.0],
                [0.997804, -1e-06, 0.0, -0.0, 0.0, 0.792892, -0.615387, 0.3, 0.0, 0.627551, 0.777522, 0.0, 0.0, 0.0, 0.0, 1.0],
                [0.997795, -0.0, 0.0, -0.0, 0.0, 0.806609, -0.597298, 0.3, 0.0, 0.607195, 0.793462, -0.0, 0.0, 0.0, 0.0, 1.0],
                [0.997796, -0.0, -0.0, 0.0, 0.0, 0.807927, -0.595238, 0.3, 0.0, 0.604232, 0.795901, -0.0, 0.0, 0.0, 0.0, 1.0],
                [0.997796, -1e-06, -0.0, 0.0, 0.0, 0.812603, -0.589529, 0.3, 0.0, 0.59963, 0.798914, -0.0, 0.0, 0.0, 0.0, 1.0],
                [0.997798, -1e-06, 0.0, 0.0, 0.0, 0.819233, -0.580587, 0.3, 0.0, 0.590514, 0.80546, 0.0, 0.0, 0.0, 0.0, 1.0],
                [0.997797, -1e-06, 0.0, -0.0, 0.0, 0.838241, -0.553803, 0.3, 0.0, 0.563382, 0.823988, -0.0, 0.0, 0.0, 0.0, 1.0],
                [0.997793, -1e-06, -0.0, 0.0, 0.0, 0.905392, -0.438902, 0.3, 0.0, 0.445784, 0.891415, -0.0, 0.0, 0.0, 0.0, 1.0],
                [0.997795, -0.0, -0.0, -0.0, 0.0, 0.945295, -0.344412, 0.3, 0.0, 0.348672, 0.933746, 0.0, 0.0, 0.0, 0.0, 1.0],
                [0.997797, -0.0, -0.0, 0.0, 0.0, 0.95676, -0.310145, 0.3, 0.0, 0.313529, 0.946431, -0.0, 0.0, 0.0, 0.0, 1.0]
            ]
        },
        {
            "name": "Tool_R",
            "time": [0.0, 0.0417, 0.0833, 0.125, 0.1667, 0.2083, 0.25, 0.2917, 0.3333, 0.375, 0.4167, 0.4583, 0.5, 0.5417, 0.5833, 0.625, 0.6667, 0.7083, 0.75, 0.7917, 0.8333],
            "transform": [
                [-0.695436, -0.224429, -0.678901, -0.022338, 0.044544, 0.941073, -0.349976, 0.411924, 0.71423, -0.276876, -0.638457, 0.151891, 0.0, 0.0, 0.0, 1.0],
                [0.32753, -0.052756, -0.938279, 0.071017, -0.023381, 1.000728, -0.063304, 0.301247, 0.947164, 0.042906, 0.322512, 0.133301, 0.0, 0.0, 0.0, 1.0],
                [0.53204, 0.558448, -0.637472, -0.175078, -0.428859, 0.826877, 0.364597, 0.375061, 0.722472, 0.079498, 0.685058, 0.225566, 0.0, 0.0, 0.0, 1.0],
                [-0.705345, 0.703717, -0.100197, 0.041682, 0.307252, 0.434968, 0.845081, 0.230893, 0.634702, 0.57081, -0.51982, 0.523211, 0.0, 0.0, 0.0, 1.0],
                [-0.778594, 0.610675, -0.147921, 0.090328, 0.293308, 0.574669, 0.764126, 0.144693, 0.546085, 0.561369, -0.620581, 0.389535, 0.0, 0.0, 0.0, 1.0],
                [-0.8154, 0.53467, -0.21959, 0.099107, 0.357624, 0.769849, 0.530882, 0.075685, 0.450805, 0.355959, -0.81737, 0.449227, 0.0, 0.0, 0.0, 1.0],
                [-0.856254, 0.494663, -0.155312, 0.284062, 0.516367, 0.838087, -0.185824, 0.054931, 0.038266, -0.240264, -0.966767, 0.489332, 0.0, 0.0, 0.0, 1.0],
                [-0.728272, 0.675056, 0.146328, 0.276532, 0.316576, 0.516411, -0.791364, 0.103958, -0.614552, -0.533311, -0.580381, 0.152666, 0.0, 0.0, 0.0, 1.0],
                [0.048675, 0.483275, 0.867565, 0.279752, 0.218597, 0.854919, -0.474621, 0.11015, -0.978285, 0.214831, -0.062818, 0.061746, 0.0, 0.0, 0.0, 1.0],
                [-0.109238, -0.336974, 0.927899, 1e-06, 0.787265, 0.550415, 0.283096, 0.272858, -0.603116, 0.778579, 0.201232, 1e-06, 0.0, 0.0, 0.0, 1.0],
                [-0.733657, 0.053222, 0.670821, 1e-06, 0.603292, 0.513358, 0.608633, 0.272858, -0.311504, 0.867836, -0.40069, 0.0, 0.0, 0.0, 0.0, 1.0],
                [-0.937604, 0.259216, 0.221656, 0.103081, 0.337629, 0.646743, 0.685188, 0.128745, 0.034033, 0.724474, -0.690162, 0.109009, 0.0, 0.0, 0.0, 1.0],
                [0.063503, 0.254039, 0.965057, 0.107141, 0.975918, -0.193756, -0.014512, 0.366744, 0.181195, 0.95346, -0.259769, 0.084827, 0.0, 0.0, 0.0, 1.0],
                [0.614158, -0.058426, 0.78089, 0.529941, 0.691311, 0.521304, -0.500082, -0.117908, -0.376365, 0.861163, 0.35528, 0.117662, 0.0, 0.0, 0.0, 1.0],
                [-0.972299, 0.224151, -0.073102, 0.459455, -0.188362, -0.558558, 0.804831, -0.098752, 0.139494, 0.807167, 0.576563, 0.136707, 0.0, 0.0, 0.0, 1.0],
                [-0.895416, -0.061556, 0.440893, 0.306574, 0.395198, -0.577565, 0.712759, -0.095086, 0.211127, 0.81909, 0.535091, 0.230205, 0.0, 0.0, 0.0, 1.0],
                [-0.778181, -0.411908, 0.474322, 0.318205, 0.628512, -0.474349, 0.615606, -0.093314, -0.028587, 0.782614, 0.622036, 0.297202, 0.0, 0.0, 0.0, 1.0],
                [-0.42535, -0.835187, 0.356781, 0.211381, 0.824845, -0.195906, 0.527379, -0.199622, -0.369487, 0.523482, 0.765684, 0.192858, 0.0, 0.0, 0.0, 1.0],
                [-0.56719, 0.647092, 0.5104, 0.349624, 0.789339, 0.607992, 0.104769, 0.083775, -0.24327, 0.463486, -0.849029, 0.060558, 0.0, 0.0, 0.0, 1.0],
