{
    "animation": [
        {
            "name": "Root",
            "time": [0.0, 0.0167, 0.0333, 0.05, 0.0667, 0.0833, 0.1, 0.1167, 0.1333, 0.15, 0.1667, 0.1833, 0.2, 0.2167, 0.2333, 0.25, 0.2667, 0.2833, 0.3, 0.3167, 0.3333, 0.35, 0.3667, 0.3833, 0.4, 0.4167, 0.4333, 0.45, 0.4667, 0.4833, 0.5, 0.5167, 0.5333, 0.55, 0.5667, 0.5833, 0.6, 0.6167, 0.6333, 0.65, 0.6667, 0.6833, 0.7, 0.7167, 0.7333, 0.75, 0.7667, 0.7833, 0.8, 0.8167, 0.8333, 0.85, 0.8667, 0.8833, 0.9, 0.9167, 0.9333, 0.95, 0.9667, 0.9833, 1.0, 1.0167, 1.0333, 1.05, 1.0667, 1.0833, 1.1, 1.1167, 1.1333, 1.15, 1.1667, 1.1833, 1.2, 1.2167, 1.2333, 1.25, 1.2667, 1.2833, 1.3, 1.3167, 1.3333, 1.35, 1.3667, 1.3833, 1.4, 1.4167, 1.4333, 1.45, 1.4667, 1.4833, 1.5, 1.5167, 1.5333, 1.55, 1.5667, 1.5833, 1.6, 1.6167, 1.6333],
            "transform": [
                [0.446565, 0.0, -0.894751, 0.044593, -0.894751, 0.0, -0.446565, -0.290799, 0.0, 1.0, 0.0, 0.550916, 0.0, 0.0, 0.0, 1.0],
                [0.460072, 0.0, -0.887882, 0.044149, -0.887882, 0.0, -0.460072, -0.285178, 0.0, 1.0, 0.0, 0.551387, 0.0, 0.0, 0.0, 1.0],
                [0.498289, 0.0, -0.867011, 0.042887, -0.867011, 0.0, -0.498289, -0.269135, 0.0, 1.0, 0.0, 0.552721, 0.0, 0.0, 0.0, 1.0],
                [0.557387, 0.0, -0.830253, 0.040917, -0.830253, 0.0, -0.557387, -0.243897, 0.0, 1.0, 0.0, 0.554805, 0.0, 0.0, 0.0, 1.0],
                [0.632564, 0.0, -0.774508, 0.038348, -0.774508, 0.0, -0.632564, -0.210692, 0.0, 1.0, 0.0, 0.557522, 0.0, 0.0, 0.0, 1.0],
                [0.717503, 0.0, -0.696556, 0.035289, -0.696556, 0.0, -0.717503, -0.170749, 0.0, 1.0, 0.0, 0.560758, 0.0, 0.0, 0.0, 1.0],
                [0.804168, 0.0, -0.594402, 0.031849, -0.594402, 0.0, -0.804168, -0.125295, 0.0, 1.0, 0.0, 0.564397, 0.0, 0.0, 0.0, 1.0],
                [0.883355, 0.0, -0.468704, 0.028136, -0.468704, 0.0, -0.883355, -0.075558, 0.0, 1.0, 0.0, 0.568324, 0.0, 0.0, 0.0, 1.0],
                [0.946129, 0.0, -0.323789, 0.02426, -0.323789, 0.0, -0.946129, -0.022767, 0.0, 1.0, 0.0, 0.572424, 0.0, 0.0, 0.0, 1.0],
                [0.985855, 0.0, -0.167598, 0.020329, -0.167598, 0.0, -0.985855, 0.03185, 0.0, 1.0, 0.0, 0.576581, 0.0, 0.0, 0.0, 1.0],
                [0.999947, 0.0, -0.010301, 0.016453, -0.010301, 0.0, -0.999947, 0.087066, 0.0, 1.0, 0.0, 0.580681, 0.0, 0.0, 0.0, 1.0],
                [0.990438, 0.0, 0.137956, 0.01274, 0.137956, 0.0, -0.990438, 0.141653, 0.0, 1.0, 0.0, 0.584608, 0.0, 0.0, 0.0, 1.0],
                [0.963111, 0.0, 0.269103, 0.0093, 0.269103, 0.0, -0.963111, 0.194381, 0.0, 1.0, 0.0, 0.588247, 0.0, 0.0, 0.0, 1.0],
                [0.925739, 0.0, 0.378164, 0.006241, 0.378164, 0.0, -0.925739, 0.244025, 0.0, 1.0, 0.0, 0.591483, 0.0, 0.0, 0.0, 1.0],
                [0.88633, 0.0, 0.463053, 0.003672, 0.463053, 0.0, -0.88633, 0.289354, 0.0, 1.0, 0.0, 0.5942, 0.0, 0.0, 0.0, 1.0],
                [0.851977, 0.0, 0.52358, 0.001702, 0.52358, 0.0, -0.851977, 0.329142, 0.0, 1.0, 0.0, 0.596284, 0.0, 0.0, 0.0, 1.0],
                [0.828375, 0.0, 0.560174, 0.00044, 0.560174, 0.0, -0.828375, 0.36216, 0.0, 1.0, 0.0, 0.597618, 0.0, 0.0, 0.0, 1.0],
                [0.819792, 0.0, 0.572662, -5e-06, 0.572662, 0.0, -0.819792, 0.387181, 0.0, 1.0, 0.0, 0.598089, 0.0, 0.0, 0.0, 1.0],
                [0.819792, 0.0, 0.572662, -5e-06, 0.572662, 0.0, -0.819792, 0.403442, 0.0, 1.0, 0.0, 0.593017, 0.0, 0.0, 0.0, 1.0],
                [0.819792, 0.0, 0.572662, -5e-06, 0.572662, 0.0, -0.819792, 0.412047, 0.0, 1.0, 0.0, 0.583599, 0.0, 0.0, 0.0, 1.0],
                [0.819792, 0.0, 0.572662, -5e-06, 0.572662, 0.0, -0.819792, 0.414567, 0.0, 1.0, 0.0, 0.578528, 0.0, 0.0, 0.0, 1.0],
                [0.819792, 0.0, 0.572662, -5e-06, 0.572662, 0.0, -0.819792, 0.414564, 0.0, 1.0, 0.0, 0.578564, 0.0, 0.0, 0.0, 1.0],
                [0.819792, 0.0, 0.572662, -5e-06, 0.572662, 0.0, -0.819792, 0.414549, 0.0, 1.0, 0.0, 0.578672, 0.0, 0.0, 0.0, 1.0],
                [0.819792, 0.0, 0.572662, -5e-06, 0.572662, 0.0, -0.819792, 0.414506, 0.0, 1.0, 0.0, 0.578854, 0.0, 0.0, 0.0, 1.0],
                [0.819792, 0.0, 0.572662, -5e-06, 0.572662, 0.0, -0.819792, 0.414423, 0.0, 1.0, 0.0, 0.579108, 0.0, 0.0, 0.0, 1.0],
                [0.819792, 0.0, 0.572662, -5e-06, 0.572662, 0.0, -0.819792, 0.414285, 0.0, 1.0, 0.0, 0.579435, 0.0, 0.0, 0.0, 1.0],
                [0.819792, 0.0, 0.572662, -5e-06, 0.572662, 0.0, -0.819792, 0.41408, 0.0, 1.0, 0.0, 0.579836, 0.0, 0.0, 0.0, 1.0],
                [0.819792, 0.0, 0.572662, -5e-06, 0.572662, 0.0, -0.819792, 0.413795, 0.0, 1.0, 0.0, 0.580311, 0.0, 0.0, 0.0, 1.0],
                [0.819792, 0.0, 0.572662, -5e-06, 0.572662, 0.0, -0.819792, 0.413414, 0.0, 1.0, 0.0, 0.580859, 0.0, 0.0, 0.0, 1.0],
                [0.819792, 0.0, 0.572662, -5e-06, 0.572662, 0.0, -0.819792, 0.412926, 0.0, 1.0, 0.0, 0.581481, 0.0, 0.0, 0.0, 1.0],
                [0.819792, 0.0, 0.572662, -5e-06, 0.572662, 0.0, -0.819792, 0.412316, 0.0, 1.0, 0.0, 0.582178, 0.0, 0.0, 0.0, 1.0],
                [0.819792, 0.0, 0.572662, -5e-06, 0.572662, 0.0, -0.819792, 0.411571, 0.0, 1.0, 0.0, 0.582949, 0.0, 0.0, 0.0, 1.0],
                [0.819792, 0.0, 0.572662, -5e-06, 0.572662, 0.0, -0.819792, 0.410677, 0.0, 1.0, 0.0, 0.583794, 0.0, 0.0, 0.0, 1.0],
                [0.819792, 0.0, 0.572662, -5e-06, 0.572662, 0.0, -0.819792, 0.409622, 0.0, 1.0, 0.0, 0.584715, 0.0, 0.0, 0.0, 1.0],
                [0.819792, 0.0, 0.572662, -5e-06, 0.572662, 0.0, -0.819792, 0.40839, 0.0, 1.0, 0.0, 0.585711, 0.0, 0.0, 0.0, 1.0],
                [0.819792, 0.0, 0.572662, -5e-06, 0.572662, 0.0, -0.819792, 0.40697, 0.0, 1.0, 0.0, 0.586782, 0.0, 0.0, 0.0, 1.0],
                [0.819792, 0.0, 0.572662, -5e-06, 0.572662, 0.0, -0.819792, 0.405347, 0.0, 1.0, 0.0, 0.587928, 0.0, 0.0, 0.0, 1.0],
                [0.819792, 0.0, 0.572662, -5e-06, 0.572662, 0.0, -0.819792, 0.403508, 0.0, 1.0, 0.0, 0.589151, 0.0, 0.0, 0.0, 1.0],
                [0.819792, 0.0, 0.572662, -5e-06, 0.572662, 0.0, -0.819792, 0.40144, 0.0, 1.0, 0.0, 0.590449, 0.0, 0.0, 0.0, 1.0],
                [0.819792, 0.0, 0.572662, -5e-06, 0.572662, 0.0, -0.819792, 0.399128, 0.0, 1.0, 0.0, 0.591824, 0.0, 0.0, 0.0, 1.0],
                [0.819792, 0.0, 0.572662, -5e-06, 0.572662, 0.0, -0.819792, 0.39656, 0.0, 1.0, 0.0, 0.593275, 0.0, 0.0, 0.0, 1.0],
                [0.819792, 0.0, 0.572662, -5e-06, 0.572662, 0.0, -0.819792, 0.393722, 0.0, 1.0, 0.0, 0.594802, 0.0, 0.0, 0.0, 1.0],
                [0.819792, 0.0, 0.572662, -5e-06, 0.572662, 0.0, -0.819792, 0.3906, 0.0, 1.0, 0.0, 0.596407, 0.0, 0.0, 0.0, 1.0],
                [0.819792, 0.0, 0.572662, -5e-06, 0.572662, 0.0, -0.819792, 0.387181, 0.0, 1.0, 0.0, 0.598089, 0.0, 0.0, 0.0, 1.0],
                [0.820477, 0.0, 0.57168, 3.9e-05, 0.57168, 0.0, -0.820477, 0.383244, 0.0, 1.0, 0.0, 0.599847, 0.0, 0.0, 0.0, 1.0],
                [0.822494, 0.0, 0.568773, 0.000168, 0.568773, 0.0, -0.822494, 0.378598, 0.0, 1.0, 0.0, 0.601679, 0.0, 0.0, 0.0, 1.0],
                [0.825778, 0.0, 0.563995, 0.000379, 0.563995, 0.0, -0.825778, 0.373271, 0.0, 1.0, 0.0, 0.60358, 0.0, 0.0, 0.0, 1.0],
                [0.830253, 0.0, 0.557387, 0.000669, 0.557387, 0.0, -0.830253, 0.367292, 0.0, 1.0, 0.0, 0.605547, 0.0, 0.0, 0.0, 1.0],
                [0.835837, 0.0, 0.548978, 0.001034, 0.548978, 0.0, -0.835837, 0.360692, 0.0, 1.0, 0.0, 0.607575, 0.0, 0.0, 0.0, 1.0],
                [0.842438, 0.0, 0.538794, 0.001472, 0.538794, 0.0, -0.842438, 0.353499, 0.0, 1.0, 0.0, 0.609661, 0.0, 0.0, 0.0, 1.0],
                [0.849958, 0.0, 0.526851, 0.001979, 0.526851, 0.0, -0.849958, 0.345742, 0.0, 1.0, 0.0, 0.6118, 0.0, 0.0, 0.0, 1.0],
                [0.858291, 0.0, 0.513164, 0.002552, 0.513164, 0.0, -0.858291, 0.337451, 0.0, 1.0, 0.0, 0.61399, 0.0, 0.0, 0.0, 1.0],
                [0.867323, 0.0, 0.497745, 0.003187, 0.497745, 0.0, -0.867323, 0.328654, 0.0, 1.0, 0.0, 0.616224, 0.0, 0.0, 0.0, 1.0],
                [0.876936, 0.0, 0.480607, 0.003882, 0.480607, 0.0, -0.876936, 0.319382, 0.0, 1.0, 0.0, 0.618501, 0.0, 0.0, 0.0, 1.0],
                [0.887003, 0.0, 0.461763, 0.004634, 0.461763, 0.0, -0.887003, 0.309663, 0.0, 1.0, 0.0, 0.620816, 0.0, 0.0, 0.0, 1.0],
                [0.897393, 0.0, 0.441232, 0.005438, 0.441232, 0.0, -0.897393, 0.299527, 0.0, 1.0, 0.0, 0.623164, 0.0, 0.0, 0.0, 1.0],
                [0.90797, 0.0, 0.419036, 0.006292, 0.419036, 0.0, -0.90797, 0.289002, 0.0, 1.0, 0.0, 0.625542, 0.0, 0.0, 0.0, 1.0],
                [0.918593, 0.0, 0.395205, 0.007193, 0.395205, 0.0, -0.918593, 0.278119, 0.0, 1.0, 0.0, 0.627946, 0.0, 0.0, 0.0, 1.0],
                [0.929119, 0.0, 0.36978, 0.008138, 0.36978, 0.0, -0.929119, 0.266906, 0.0, 1.0, 0.0, 0.630373, 0.0, 0.0, 0.0, 1.0],
                [0.939405, 0.0, 0.34281, 0.009122, 0.34281, 0.0, -0.939405, 0.255392, 0.0, 1.0, 0.0, 0.632817, 0.0, 0.0, 0.0, 1.0],
                [0.949305, 0.0, 0.314356, 0.010144, 0.314356, 0.0, -0.949305, 0.243607, 0.0, 1.0, 0.0, 0.635276, 0.0, 0.0, 0.0, 1.0],
                [0.958679, 0.0, 0.28449, 0.011199, 0.28449, 0.0, -0.958679, 0.23158, 0.0, 1.0, 0.0, 0.637745, 0.0, 0.0, 0.0, 1.0],
                [0.967388, 0.0, 0.253301, 0.012285, 0.253301, 0.0, -0.967388, 0.219341, 0.0, 1.0, 0.0, 0.64022, 0.0, 0.0, 0.0, 1.0],
                [0.975299, 0.0, 0.220887, 0.013398, 0.220887, 0.0, -0.975299, 0.206917, 0.0, 1.0, 0.0, 0.642697, 0.0, 0.0, 0.0, 1.0],
                [0.982291, 0.0, 0.187363, 0.014536, 0.187363, 0.0, -0.982291, 0.19434, 0.0, 1.0, 0.0, 0.645172, 0.0, 0.0, 0.0, 1.0],
                [0.988249, 0.0, 0.152855, 0.015694, 0.152855, 0.0, -0.988249, 0.181637, 0.0, 1.0, 0.0, 0.647642, 0.0, 0.0, 0.0, 1.0],
                [0.993072, 0.0, 0.117503, 0.01687, 0.117503, 0.0, -0.993072, 0.168839, 0.0, 1.0, 0.0, 0.650103, 0.0, 0.0, 0.0, 1.0],
                [0.996677, 0.0, 0.081456, 0.01806, 0.081456, 0.0, -0.996677, 0.155974, 0.0, 1.0, 0.0, 0.65255, 0.0, 0.0, 0.0, 1.0],
                [0.998993, 0.0, 0.044873, 0.019262, 0.044873, 0.0, -0.998993, 0.143071, 0.0, 1.0, 0.0, 0.654979, 0.0, 0.0, 0.0, 1.0],
                [0.999969, 0.0, 0.007922, 0.020472, 0.007922, 0.0, -0.999969, 0.13016, 0.0, 1.0, 0.0, 0.657387, 0.0, 0.0, 0.0, 1.0],
                [0.999573, 0.0, -0.029226, 0.021686, -0.029226, 0.0, -0.999573, 0.117271, 0.0, 1.0, 0.0, 0.65977, 0.0, 0.0, 0.0, 1.0],
                [0.997793, 0.0, -0.066396, 0.022902, -0.066396, 0.0, -0.997793, 0.104432, 0.0, 1.0, 0.0, 0.662124, 0.0, 0.0, 0.0, 1.0],
                [0.994639, 0.0, -0.103411, 0.024117, -0.103411, 0.0, -0.994639, 0.091672, 0.0, 1.0, 0.0, 0.664444, 0.0, 0.0, 0.0, 1.0],
                [0.990137, 0.0, -0.140101, 0.025327, -0.140101, 0.0, -0.990137, 0.079021, 0.0, 1.0, 0.0, 0.666727, 0.0, 0.0, 0.0, 1.0],
                [0.984337, 0.0, -0.176295, 0.026529, -0.176295, 0.0, -0.984337, 0.066508, 0.0, 1.0, 0.0, 0.668968, 0.0, 0.0, 0.0, 1.0],
                [0.977306, 0.0, -0.211833, 0.027719, -0.211833, 0.0, -0.977306, 0.054163, 0.0, 1.0, 0.0, 0.671165, 0.0, 0.0, 0.0, 1.0],
                [0.969127, 0.0, -0.246563, 0.028895, -0.246563, 0.0, -0.969127, 0.042014, 0.0, 1.0, 0.0, 0.673313, 0.0, 0.0, 0.0, 1.0],
                [0.9599, 0.0, -0.280344, 0.030053, -0.280344, 0.0, -0.9599, 0.030091, 0.0, 1.0, 0.0, 0.675408, 0.0, 0.0, 0.0, 1.0],
                [0.949738, 0.0, -0.313046, 0.031191, -0.313046, 0.0, -0.949738, 0.018422, 0.0, 1.0, 0.0, 0.677445, 0.0, 0.0, 0.0, 1.0],
                [0.938766, 0.0, -0.344556, 0.032304, -0.344556, 0.0, -0.938766, 0.007038, 0.0, 1.0, 0.0, 0.679422, 0.0, 0.0, 0.0, 1.0],
                [0.927117, 0.0, -0.374771, 0.03339, -0.374771, 0.0, -0.927117, -0.004032, 0.0, 1.0, 0.0, 0.681334, 0.0, 0.0, 0.0, 1.0],
                [0.914934, 0.0, -0.403604, 0.034445, -0.403604, 0.0, -0.914934, -0.01476, 0.0, 1.0, 0.0, 0.683177, 0.0, 0.0, 0.0, 1.0],
                [0.90236, 0.0, -0.430983, 0.035467, -0.430983, 0.0, -0.90236, -0.025117, 0.0, 1.0, 0.0, 0.684947, 0.0, 0.0, 0.0, 1.0],
                [0.889545, 0.0, -0.456847, 0.036451, -0.456847, 0.0, -0.889545, -0.035071, 0.0, 1.0, 0.0, 0.686641, 0.0, 0.0, 0.0, 1.0],
                [0.876638, 0.0, -0.48115, 0.037396, -0.48115, 0.0, -0.876638, -0.044596, 0.0, 1.0, 0.0, 0.688254, 0.0, 0.0, 0.0, 1.0],
                [0.863787, 0.0, -0.503857, 0.038296, -0.503857, 0.0, -0.863787, -0.053661, 0.0, 1.0, 0.0, 0.689783, 0.0, 0.0, 0.0, 1.0],
                [0.851139, 0.0, -0.524941, 0.039151, -0.524941, 0.0, -0.851139, -0.062237, 0.0, 1.0, 0.0, 0.691223, 0.0, 0.0, 0.0, 1.0],
                [0.838835, 0.0, -0.544386, 0.039955, -0.544386, 0.0, -0.838835, -0.070295, 0.0, 1.0, 0.0, 0.69257, 0.0, 0.0, 0.0, 1.0],
                [0.827014, 0.0, -0.562182, 0.040707, -0.562182, 0.0, -0.827014, -0.077806, 0.0, 1.0, 0.0, 0.693821, 0.0, 0.0, 0.0, 1.0],
                [0.815808, 0.0, -0.578323, 0.041402, -0.578323, 0.0, -0.815808, -0.08474, 0.0, 1.0, 0.0, 0.694972, 0.0, 0.0, 0.0, 1.0],
                [0.805343, 0.0, -0.592809, 0.042037, -0.592809, 0.0, -0.805343, -0.091068, 0.0, 1.0, 0.0, 0.696018, 0.0, 0.0, 0.0, 1.0],
                [0.795741, 0.0, -0.605637, 0.04261, -0.605637, 0.0, -0.795741, -0.096762, 0.0, 1.0, 0.0, 0.696956, 0.0, 0.0, 0.0, 1.0],
                [0.787115, 0.0, -0.616807, 0.043117, -0.616807, 0.0, -0.787115, -0.101791, 0.0, 1.0, 0.0, 0.697781, 0.0, 0.0, 0.0, 1.0],
                [0.779571, 0.0, -0.626314, 0.043555, -0.626314, 0.0, -0.779571, -0.106126, 0.0, 1.0, 0.0, 0.698491, 0.0, 0.0, 0.0, 1.0],
                [0.773209, 0.0, -0.634151, 0.04392, -0.634151, 0.0, -0.773209, -0.109739, 0.0, 1.0, 0.0, 0.69908, 0.0, 0.0, 0.0, 1.0],
                [0.768123, 0.0, -0.640302, 0.04421, -0.640302, 0.0, -0.768123, -0.1126, 0.0, 1.0, 0.0, 0.699546, 0.0, 0.0, 0.0, 1.0],
                [0.764398, 0.0, -0.644744, 0.044421, -0.644744, 0.0, -0.764398, -0.11468, 0.0, 1.0, 0.0, 0.699883, 0.0, 0.0, 0.0, 1.0],
                [0.762112, 0.0, -0.647444, 0.04455, -0.647444, 0.0, -0.762112, -0.115949, 0.0, 1.0, 0.0, 0.700088, 0.0, 0.0, 0.0, 1.0],
                [0.761337, 0.0, -0.648357, 0.044593, -0.648357, 0.0, -0.761337, -0.116378, 0.0, 1.0, 0.0, 0.700157, 0.0, 0.0, 0.0, 1.0]
            ]
        },
        {
            "name": "Thigh_R",
            "time": [0.0, 0.0167, 0.0333, 0.05, 0.0667, 0.0833, 0.1, 0.1167, 0.1333, 0.15, 0.1667, 0.1833, 0.2, 0.2167, 0.2333, 0.25, 0.2667, 0.2833, 0.3, 0.3167, 0.3333, 0.35, 0.3667, 0.3833, 0.4, 0.4167, 0.4333, 0.45, 0.4667, 0.4833, 0.5, 0.5167, 0.5333, 0.55, 0.5667, 0.5833, 0.6, 0.6167, 0.6333, 0.65, 0.6667, 0.6833, 0.7, 0.7167, 0.7333, 0.75, 0.7667, 0.7833, 0.8, 0.8167, 0.8333, 0.85, 0.8667, 0.8833, 0.9, 0.9167, 0.9333, 0.95, 0.9667, 0.9833, 1.0, 1.0167, 1.0333, 1.05, 1.0667, 1.0833, 1.1, 1.1167, 1.1333, 1.15, 1.1667, 1.1833, 1.2, 1.2167, 1.2333, 1.25, 1.2667, 1.2833, 1.3, 1.3167, 1.3333, 1.35, 1.3667, 1.3833, 1.4, 1.4167, 1.4333, 1.45, 1.4667, 1.4833, 1.5, 1.5167, 1.5333, 1.55, 1.5667, 1.5833, 1.6, 1.6167, 1.6333],
            "transform": [
                [0.76766, 0.638985, -0.048924, 0.124994, 0.528171, -0.587595, 0.612998, -0.002831, 0.36295, -0.496413, -0.788569, -1.2e-05, 0.0, 0.0, 0.0, 1.0],
                [0.77508, 0.630061, -0.047663, 0.124994, 0.521116, -0.594751, 0.612134, -0.002831, 0.357335, -0.49929, -0.789316, -1.2e-05, 0.0, 0.0, 0.0, 1.0],
                [0.795968, 0.603775, -0.04345, 0.124994, 0.499704, -0.614862, 0.610114, -0.002831, 0.341657, -0.507343, -0.791122, -1.2e-05, 0.0, 0.0, 0.0, 1.0],
                [0.82738, 0.560549, -0.035005, 0.124994, 0.46246, -0.64458, 0.608807, -0.002831, 0.318703, -0.519903, -0.792546, -1.2e-05, 0.0, 0.0, 0.0, 1.0],
                [0.863954, 0.503172, -0.02001, 0.124994, 0.408698, -0.677415, 0.611615, -0.002831, 0.294192, -0.536584, -0.790903, -1.2e-05, 0.0, 0.0, 0.0, 1.0],
                [0.897825, 0.44032, 0.005218, 0.124994, 0.341743, -0.704197, 0.622348, -0.002831, 0.277707, -0.556976, -0.782723, -1.2e-05, 0.0, 0.0, 0.0, 1.0],
                [0.921125, 0.386723, 0.044422, 0.124994, 0.270095, -0.717128, 0.642475, -0.002831, 0.280317, -0.579801, -0.765018, -1.2e-05, 0.0, 0.0, 0.0, 1.0],
                [0.928762, 0.357433, 0.098195, 0.124994, 0.204143, -0.714335, 0.669365, -0.002831, 0.309397, -0.601634, -0.736416, -1.2e-05, 0.0, 0.0, 0.0, 1.0],
                [0.918647, 0.360212, 0.162275, 0.124994, 0.151278, -0.700151, 0.697784, -0.002831, 0.364967, -0.616468, -0.697685, -1.2e-05, 0.0, 0.0, 0.0, 1.0],
                [0.890593, 0.392525, 0.229713, 0.124994, 0.113986, -0.681606, 0.722786, -0.002831, 0.440286, -0.617523, -0.651777, -1.2e-05, 0.0, 0.0, 0.0, 1.0],
                [0.846143, 0.444147, 0.294575, 0.124994, 0.091081, -0.665095, 0.741182, -0.002831, 0.525115, -0.600315, -0.60322, -1.2e-05, 0.0, 0.0, 0.0, 1.0],
                [0.788997, 0.50215, 0.354017, 0.124994, 0.079681, -0.654966, 0.751445, -0.002831, 0.609208, -0.564678, -0.556779, -1.2e-05, 0.0, 0.0, 0.0, 1.0],
                [0.724761, 0.555269, 0.407917, 0.124994, 0.076596, -0.653304, 0.75321, -0.002831, 0.684729, -0.514652, -0.516022, -1.2e-05, 0.0, 0.0, 0.0, 1.0],
                [0.659911, 0.596369, 0.457012, 0.124994, 0.079022, -0.659974, 0.74712, -0.002831, 0.747176, -0.456918, -0.482652, -1.2e-05, 0.0, 0.0, 0.0, 1.0],
                [0.600611, 0.623166, 0.500928, 0.124994, 0.084809, -0.672638, 0.735095, -0.002831, 0.79503, -0.399022, -0.456845, -1.2e-05, 0.0, 0.0, 0.0, 1.0],
                [0.551988, 0.637829, 0.537105, 0.124994, 0.092497, -0.686985, 0.720759, -0.002831, 0.828705, -0.34817, -0.438206, -1.2e-05, 0.0, 0.0, 0.0, 1.0],
                [0.517969, 0.645425, 0.561368, 0.124994, 0.101276, -0.697919, 0.708979, -0.002831, 0.849383, -0.310375, -0.426868, -1.2e-05, 0.0, 0.0, 0.0, 1.0],
                [0.501464, 0.650336, 0.57061, 0.124994, 0.110991, -0.702434, 0.703041, -0.002831, 0.858029, -0.289217, -0.424428, -1.2e-05, 0.0, 0.0, 0.0, 1.0],
                [0.495357, 0.663494, 0.56071, 0.124994, 0.119956, -0.691527, 0.71232, -0.002831, 0.860367, -0.285592, -0.422144, -1.2e-05, 0.0, 0.0, 0.0, 1.0],
                [0.491288, 0.682667, 0.540925, 0.124994, 0.125871, -0.670167, 0.731458, -0.002831, 0.861854, -0.291269, -0.415174, -1.2e-05, 0.0, 0.0, 0.0, 1.0],
                [0.489807, 0.692118, 0.53015, 0.124994, 0.128013, -0.658591, 0.741532, -0.002831, 0.862381, -0.295341, -0.411184, -1.2e-05, 0.0, 0.0, 0.0, 1.0],
                [0.489812, 0.692053, 0.530231, 0.124994, 0.128006, -0.658678, 0.741456, -0.002831, 0.862379, -0.295301, -0.411216, -1.2e-05, 0.0, 0.0, 0.0, 1.0],
                [0.48983, 0.691857, 0.530471, 0.124994, 0.12798, -0.658935, 0.741232, -0.002831, 0.862373, -0.295188, -0.411311, -1.2e-05, 0.0, 0.0, 0.0, 1.0],
                [0.489866, 0.691528, 0.530867, 0.124994, 0.127928, -0.659359, 0.740863, -0.002831, 0.86236, -0.29501, -0.411464, -1.2e-05, 0.0, 0.0, 0.0, 1.0],
                [0.489925, 0.691065, 0.531415, 0.124994, 0.127843, -0.659948, 0.740354, -0.002831, 0.86234, -0.29478, -0.411673, -1.2e-05, 0.0, 0.0, 0.0, 1.0],
                [0.490012, 0.690465, 0.532113, 0.124994, 0.127717, -0.660698, 0.739707, -0.002831, 0.862309, -0.294504, -0.411935, -1.2e-05, 0.0, 0.0, 0.0, 1.0],
                [0.490131, 0.689728, 0.532959, 0.124994, 0.127544, -0.661606, 0.738924, -0.002831, 0.862266, -0.294194, -0.412246, -1.2e-05, 0.0, 0.0, 0.0, 1.0],
                [0.490289, 0.688849, 0.533949, 0.124994, 0.127317, -0.66267, 0.73801, -0.002831, 0.86221, -0.293857, -0.412603, -1.2e-05, 0.0, 0.0, 0.0, 1.0],
                [0.490489, 0.687827, 0.535083, 0.124994, 0.127027, -0.663888, 0.736964, -0.002831, 0.862139, -0.293502, -0.413004, -1.2e-05, 0.0, 0.0, 0.0, 1.0],
                [0.490736, 0.686657, 0.536357, 0.124994, 0.126669, -0.665259, 0.735788, -0.002831, 0.862051, -0.293138, -0.413446, -1.2e-05, 0.0, 0.0, 0.0, 1.0],
                [0.491036, 0.685335, 0.537772, 0.124994, 0.126236, -0.666782, 0.734483, -0.002831, 0.861944, -0.29277, -0.413929, -1.2e-05, 0.0, 0.0, 0.0, 1.0],
                [0.491391, 0.683856, 0.539327, 0.124994, 0.125721, -0.668457, 0.733047, -0.002831, 0.861817, -0.292407, -0.414451, -1.2e-05, 0.0, 0.0, 0.0, 1.0],
                [0.491808, 0.682215, 0.541024, 0.124994, 0.125118, -0.670286, 0.731478, -0.002831, 0.861667, -0.292055, -0.41501, -1.2e-05, 0.0, 0.0, 0.0, 1.0],
                [0.492289, 0.680404, 0.542863, 0.124994, 0.12442, -0.67227, 0.729775, -0.002831, 0.861493, -0.291717, -0.415608, -1.2e-05, 0.0, 0.0, 0.0, 1.0],
                [0.49284, 0.678417, 0.544847, 0.124994, 0.123621, -0.674414, 0.72793, -0.002831, 0.861293, -0.291398, -0.416245, -1.2e-05, 0.0, 0.0, 0.0, 1.0],
                [0.493463, 0.676244, 0.54698, 0.124994, 0.122715, -0.676721, 0.72594, -0.002831, 0.861066, -0.291102, -0.416923, -1.2e-05, 0.0, 0.0, 0.0, 1.0],
                [0.494163, 0.673873, 0.549269, 0.124994, 0.121696, -0.679199, 0.723794, -0.002831, 0.860809, -0.290828, -0.417643, -1.2e-05, 0.0, 0.0, 0.0, 1.0],
                [0.494943, 0.671292, 0.551721, 0.124994, 0.120559, -0.681857, 0.721482, -0.002831, 0.860521, -0.290577, -0.418412, -1.2e-05, 0.0, 0.0, 0.0, 1.0],
                [0.495806, 0.668487, 0.554346, 0.124994, 0.119299, -0.684705, 0.718989, -0.002831, 0.8602, -0.290346, -0.419232, -1.2e-05, 0.0, 0.0, 0.0, 1.0],
                [0.496756, 0.665439, 0.557156, 0.124994, 0.117911, -0.687758, 0.716299, -0.002831, 0.859843, -0.29013, -0.420112, -1.2e-05, 0.0, 0.0, 0.0, 1.0],
                [0.497794, 0.662128, 0.560167, 0.124994, 0.11639, -0.691034, 0.713389, -0.002831, 0.85945, -0.289922, -0.421059, -1.2e-05, 0.0, 0.0, 0.0, 1.0],
                [0.498924, 0.658528, 0.563396, 0.124994, 0.114733, -0.694554, 0.710232, -0.002831, 0.859017, -0.289711, -0.422085, -1.2e-05, 0.0, 0.0, 0.0, 1.0],
                [0.500146, 0.654609, 0.566868, 0.124994, 0.112934, -0.698343, 0.706796, -0.002831, 0.858545, -0.289483, -0.423203, -1.2e-05, 0.0, 0.0, 0.0, 1.0],
                [0.501464, 0.650336, 0.57061, 0.124994, 0.110991, -0.702434, 0.703041, -0.002831, 0.858029, -0.289217, -0.424428, -1.2e-05, 0.0, 0.0, 0.0, 1.0],
                [0.501054, 0.645224, 0.57674, 0.124994, 0.108921, -0.708148, 0.697611, -0.002831, 0.858534, -0.286721, -0.4251, -1.2e-05, 0.0, 0.0, 0.0, 1.0],
                [0.497607, 0.638674, 0.586926, 0.124994, 0.106725, -0.716586, 0.689285, -0.002831, 0.860812, -0.280353, -0.424741, -1.2e-05, 0.0, 0.0, 0.0, 1.0],
                [0.491897, 0.630424, 0.600501, 0.124994, 0.104399, -0.727444, 0.678177, -0.002831, 0.864371, -0.270901, -0.423645, -1.2e-05, 0.0, 0.0, 0.0, 1.0],
                [0.484701, 0.620195, 0.616783, 0.124994, 0.101979, -0.740412, 0.664371, -0.002831, 0.868714, -0.259122, -0.422127, -1.2e-05, 0.0, 0.0, 0.0, 1.0],
                [0.476795, 0.607735, 0.635078, 0.124994, 0.099526, -0.755165, 0.647934, -0.002831, 0.873362, -0.245725, -0.420545, -1.2e-05, 0.0, 0.0, 0.0, 1.0],
                [0.468953, 0.592862, 0.654673, 0.124994, 0.097124, -0.77135, 0.628954, -0.002831, 0.877866, -0.231365, -0.419309, -1.2e-05, 0.0, 0.0, 0.0, 1.0],
                [0.461943, 0.575511, 0.67483, 0.124994, 0.094872, -0.788575, 0.607575, -0.002831, 0.88182, -0.216642, -0.418877, -1.2e-05, 0.0, 0.0, 0.0, 1.0],
                [0.456515, 0.555793, 0.694757, 0.124994, 0.092871, -0.806376, 0.584064, -0.002831, 0.884855, -0.202111, -0.41974, -1.2e-05, 0.0, 0.0, 0.0, 1.0],
                [0.45339, 0.5341, 0.713564, 0.124994, 0.091219, -0.824177, 0.558936, -0.002831, 0.886632, -0.188325, -0.422395, -1.2e-05, 0.0, 0.0, 0.0, 1.0],
                [0.453256, 0.511288, 0.730166, 0.124994, 0.090001, -0.841203, 0.533174, -0.002831, 0.886825, -0.175948, -0.427298, -1.2e-05, 0.0, 0.0, 0.0, 1.0],
                [0.456758, 0.488984, 0.743147, 0.124994, 0.089282, -0.856358, 0.508603, -0.002831, 0.885099, -0.165959, -0.434806, -1.2e-05, 0.0, 0.0, 0.0, 1.0],
                [0.464499, 0.469707, 0.750743, 0.124994, 0.089098, -0.868232, 0.48809, -0.002831, 0.881079, -0.159828, -0.445144, -1.2e-05, 0.0, 0.0, 0.0, 1.0],
                [0.477059, 0.456926, 0.750755, 0.124994, 0.089456, -0.875033, 0.475723, -0.002831, 0.874306, -0.159788, -0.458318, -1.2e-05, 0.0, 0.0, 0.0, 1.0],
                [0.491762, 0.449327, 0.745838, 0.124994, 0.088658, -0.877952, 0.470465, -0.002831, 0.866203, -0.165232, -0.471581, -1.2e-05, 0.0, 0.0, 0.0, 1.0],
                [0.505589, 0.443094, 0.740302, 0.124994, 0.085294, -0.879513, 0.468166, -0.002831, 0.858548, -0.173556, -0.482466, -1.2e-05, 0.0, 0.0, 0.0, 1.0],
                [0.518593, 0.437048, 0.734881, 0.124994, 0.079789, -0.880473, 0.467331, -0.002831, 0.85129, -0.183719, -0.49148, -1.2e-05, 0.0, 0.0, 0.0, 1.0],
                [0.530839, 0.430023, 0.730266, 0.124994, 0.072584, -0.881601, 0.466377, -0.002831, 0.844358, -0.194565, -0.499203, -1.2e-05, 0.0, 0.0, 0.0, 1.0],
                [0.542404, 0.421405, 0.726784, 0.124994, 0.064129, -0.88334, 0.464322, -0.002831, 0.837666, -0.205241, -0.506153, -1.2e-05, 0.0, 0.0, 0.0, 1.0],
                [0.553367, 0.410771, 0.724604, 0.124994, 0.054871, -0.886024, 0.460377, -0.002831, 0.831128, -0.214998, -0.512838, -1.2e-05, 0.0, 0.0, 0.0, 1.0],
                [0.563817, 0.397918, 0.72372, 0.124994, 0.045245, -0.889845, 0.454011, -0.002831, 0.824659, -0.223235, -0.519715, -1.2e-05, 0.0, 0.0, 0.0, 1.0],
                [0.573844, 0.382795, 0.723997, 0.124994, 0.035665, -0.894879, 0.444878, -0.002831, 0.818187, -0.229469, -0.527175, -1.2e-05, 0.0, 0.0, 0.0, 1.0],
                [0.583535, 0.365461, 0.725207, 0.124994, 0.026516, -0.901111, 0.432773, -0.002831, 0.811655, -0.233308, -0.535522, -1.2e-05, 0.0, 0.0, 0.0, 1.0],
                [0.592973, 0.346064, 0.727065, 0.124994, 0.018146, -0.908448, 0.4176, -0.002831, 0.805017, -0.234432, -0.544966, -1.2e-05, 0.0, 0.0, 0.0, 1.0],
                [0.602233, 0.324822, 0.72925, 0.124994, 0.010863, -0.916728, 0.39936, -0.002831, 0.798246, -0.232585, -0.555614, -1.2e-05, 0.0, 0.0, 0.0, 1.0],
                [0.611377, 0.30202, 0.731438, 0.124994, 0.00493, -0.925738, 0.37813, -0.002831, 0.791324, -0.227574, -0.567465, -1.2e-05, 0.0, 0.0, 0.0, 1.0],
                [0.620451, 0.277998, 0.73332, 0.124994, 0.000564, -0.93522, 0.354062, -0.002831, 0.784245, -0.219264, -0.580416, -1.2e-05, 0.0, 0.0, 0.0, 1.0],
                [0.629483, 0.253146, 0.734621, 0.124994, -0.00206, -0.944892, 0.327371, -0.002831, 0.777011, -0.207588, -0.594274, -1.2e-05, 0.0, 0.0, 0.0, 1.0],
                [0.638484, 0.227897, 0.735119, 0.124994, -0.002811, -0.954455, 0.298337, -0.002831, 0.769629, -0.19255, -0.608765, -1.2e-05, 0.0, 0.0, 0.0, 1.0],
                [0.647445, 0.202715, 0.734657, 0.124994, -0.001597, -0.963611, 0.267298, -0.002831, 0.76211, -0.174234, -0.623563, -1.2e-05, 0.0, 0.0, 0.0, 1.0],
                [0.656339, 0.178078, 0.733149, 0.124994, 0.00164, -0.972078, 0.234646, -0.002831, 0.754464, -0.152804, -0.638306, -1.2e-05, 0.0, 0.0, 0.0, 1.0],
                [0.665122, 0.154479, 0.730582, 0.124994, 0.006921, -0.979599, 0.200833, -0.002831, 0.746703, -0.128522, -0.652624, -1.2e-05, 0.0, 0.0, 0.0, 1.0],
                [0.673737, 0.132403, 0.727013, 0.124994, 0.014239, -0.985959, 0.166367, -0.002831, 0.738834, -0.101736, -0.666164, -1.2e-05, 0.0, 0.0, 0.0, 1.0],
                [0.682116, 0.112322, 0.722566, 0.124994, 0.023556, -0.990993, 0.131813, -0.002831, 0.730864, -0.072891, -0.67862, -1.2e-05, 0.0, 0.0, 0.0, 1.0],
                [0.690185, 0.0947, 0.71741, 0.124994, 0.034806, -0.994595, 0.097805, -0.002831, 0.722795, -0.042533, -0.689753, -1.2e-05, 0.0, 0.0, 0.0, 1.0],
                [0.697864, 0.079985, 0.71175, 0.124994, 0.0479, -0.99673, 0.065046, -0.002831, 0.714626, -0.0113, -0.699415, -1.2e-05, 0.0, 0.0, 0.0, 1.0],
                [0.705076, 0.068629, 0.705803, 0.124994, 0.06272, -0.997439, 0.034331, -0.002831, 0.706352, 0.020062, -0.707576, -1.2e-05, 0.0, 0.0, 0.0, 1.0],
                [0.71175, 0.061094, 0.699772, 0.124994, 0.079126, -0.996841, 0.006549, -0.002831, 0.697962, 0.050708, -0.714337, -1.2e-05, 0.0, 0.0, 0.0, 1.0],
                [0.717824, 0.057871, 0.693815, 0.124994, 0.096955, -0.995137, -0.017306, -0.002831, 0.68944, 0.079691, -0.719946, -1.2e-05, 0.0, 0.0, 0.0, 1.0],
                [0.723257, 0.059488, 0.688012, 0.124994, 0.116024, -0.992587, -0.036145, -0.002831, 0.680763, 0.105967, -0.724799, -1.2e-05, 0.0, 0.0, 0.0, 1.0],
                [0.728022, 0.066453, 0.682325, 0.124994, 0.136136, -0.989482, -0.048885, -0.002831, 0.6719, 0.128478, -0.729413, -1.2e-05, 0.0, 0.0, 0.0, 1.0],
                [0.732123, 0.079183, 0.676555, 0.124994, 0.157081, -0.986075, -0.054574, -0.002831, 0.662813, 0.146229, -0.734368, -1.2e-05, 0.0, 0.0, 0.0, 1.0],
                [0.735925, 0.100535, 0.669558, 0.124994, 0.179092, -0.982594, -0.049306, -0.002831, 0.652947, 0.156197, -0.741123, -1.2e-05, 0.0, 0.0, 0.0, 1.0],
                [0.739556, 0.131044, 0.660216, 0.124994, 0.202066, -0.978845, -0.03206, -0.002831, 0.642049, 0.157117, -0.750392, -1.2e-05, 0.0, 0.0, 0.0, 1.0],
                [0.742774, 0.16738, 0.648283, 0.124994, 0.225371, -0.974248, -0.006679, -0.002831, 0.630471, 0.151065, -0.761371, -1.2e-05, 0.0, 0.0, 0.0, 1.0],
                [0.745446, 0.206507, 0.63377, 0.124994, 0.248462, -0.96836, 0.023288, -0.002831, 0.618528, 0.140107, -0.773171, -1.2e-05, 0.0, 0.0, 0.0, 1.0],
                [0.747522, 0.245987, 0.61701, 0.124994, 0.270867, -0.961043, 0.054985, -0.002831, 0.6065, 0.126025, -0.785033, -1.2e-05, 0.0, 0.0, 0.0, 1.0],
                [0.749019, 0.283952, 0.598617, 0.124994, 0.292179, -0.952468, 0.086212, -0.002831, 0.594644, 0.110329, -0.796383, -1.2e-05, 0.0, 0.0, 0.0, 1.0],
                [0.750005, 0.319026, 0.579408, 0.124994, 0.312043, -0.943041, 0.115328, -0.002831, 0.583199, 0.094304, -0.806837, -1.2e-05, 0.0, 0.0, 0.0, 1.0],
                [0.750581, 0.350263, 0.560306, 0.124994, 0.330147, -0.933311, 0.141178, -0.002831, 0.57239, 0.079017, -0.816166, -1.2e-05, 0.0, 0.0, 0.0, 1.0],
                [0.750865, 0.377062, 0.542241, 0.124994, 0.346211, -0.92388, 0.163035, -0.002831, 0.562441, 0.065313, -0.824254, -1.2e-05, 0.0, 0.0, 0.0, 1.0],
                [0.750972, 0.399108, 0.526073, 0.124994, 0.359975, -0.915323, 0.180551, -0.002831, 0.553587, 0.053784, -0.831053, -1.2e-05, 0.0, 0.0, 0.0, 1.0],
                [0.751004, 0.416293, 0.512535, 0.124994, 0.371182, -0.908126, 0.19372, -0.002831, 0.546091, 0.044759, -0.836529, -1.2e-05, 0.0, 0.0, 0.0, 1.0],
                [0.75103, 0.42863, 0.502225, 0.124994, 0.379566, -0.902665, 0.202786, -0.002831, 0.540262, 0.038329, -0.840624, -1.2e-05, 0.0, 0.0, 0.0, 1.0],
                [0.751076, 0.436141, 0.495647, 0.124994, 0.384836, -0.899217, 0.208102, -0.002831, 0.536457, 0.034442, -0.843225, -1.2e-05, 0.0, 0.0, 0.0, 1.0],
                [0.751109, 0.438715, 0.493318, 0.124994, 0.38667, -0.898014, 0.20989, -0.002831, 0.535089, 0.033101, -0.844147, -1.2e-05, 0.0, 0.0, 0.0, 1.0]
            ]
        },
        {
            "name": "Leg_R",
            "time": [0.0, 0.0167, 0.0333, 0.05, 0.0667, 0.0833, 0.1, 0.1167, 0.1333, 0.15, 0.1667, 0.1833, 0.2, 0.2167, 0.2333, 0.25, 0.2667, 0.2833, 0.3, 0.3167, 0.3333, 0.35, 0.3667, 0.3833, 0.4, 0.4167, 0.4333, 0.45, 0.4667, 0.4833, 0.5, 0.5167, 0.5333, 0.55, 0.5667, 0.5833, 0.6, 0.6167, 0.6333, 0.65, 0.6667, 0.6833, 0.7, 0.7167, 0.7333, 0.75, 0.7667, 0.7833, 0.8, 0.8167, 0.8333, 0.85, 0.8667, 0.8833, 0.9, 0.9167, 0.9333, 0.95, 0.9667, 0.9833, 1.0, 1.0167, 1.0333, 1.05, 1.0667, 1.0833, 1.1, 1.1167, 1.1333, 1.15, 1.1667, 1.1833, 1.2, 1.2167, 1.2333, 1.25, 1.2667, 1.2833, 1.3, 1.3167, 1.3333, 1.35, 1.3667, 1.3833, 1.4, 1.4167, 1.4333, 1.45, 1.4667, 1.4833, 1.5, 1.5167, 1.5333, 1.55, 1.5667, 1.5833, 1.6, 1.6167, 1.6333],
            "transform": [
                [1.0, -1e-06, 0.0, 0.0, -0.0, 0.284673, 0.958624, 0.374726, -1e-06, -0.958626, 0.284671, -0.0, 0.0, 0.0, 0.0, 1.0],
                [1.0, -1e-06, 0.0, -0.0, -0.0, 0.273085, 0.961989, 0.374726, -1e-06, -0.961991, 0.273083, 0.0, 0.0, 0.0, 0.0, 1.0],
                [1.0, -1e-06, 0.0, -0.0, -0.0, 0.242902, 0.97005, 0.374726, -1e-06, -0.970052, 0.2429, -0.0, 0.0, 0.0, 0.0, 1.0],
                [1.0, -1e-06, 0.0, 0.0, -0.0, 0.203263, 0.979123, 0.374726, -1e-06, -0.979125, 0.203261, -0.0, 0.0, 0.0, 0.0, 1.0],
                [1.0, -1e-06, 0.0, 0.0, -0.0, 0.164426, 0.986388, 0.374726, -1e-06, -0.98639, 0.164425, -0.0, 0.0, 0.0, 0.0, 1.0],
                [1.0, -1e-06, 0.0, 0.0, -0.0, 0.135732, 0.990745, 0.374726, -1e-06, -0.990747, 0.135731, -0.0, 0.0, 0.0, 0.0, 1.0],
                [1.0, -1e-06, 0.0, -0.0, -0.0, 0.124137, 0.992264, 0.374726, -1e-06, -0.992266, 0.124136, 0.0, 0.0, 0.0, 0.0, 1.0],
                [1.0, -1e-06, 0.0, -0.0, -0.0, 0.133533, 0.991044, 0.374726, -1e-06, -0.991045, 0.133532, 0.0, 0.0, 0.0, 0.0, 1.0],
                [1.0, -1e-06, 0.0, -0.0, -0.0, 0.164865, 0.986315, 0.374726, -1e-06, -0.986317, 0.164864, 0.0, 0.0, 0.0, 0.0, 1.0],
                [1.0, -1e-06, 0.0, 0.0, -0.0, 0.216793, 0.976216, 0.374726, -1e-06, -0.976218, 0.216791, 0.0, 0.0, 0.0, 0.0, 1.0],
                [1.0, -1e-06, 0.0, -0.0, -0.0, 0.286352, 0.958124, 0.374726, -1e-06, -0.958126, 0.28635, -0.0, 0.0, 0.0, 0.0, 1.0],
                [1.0, -1e-06, 0.0, -0.0, -0.0, 0.369167, 0.929363, 0.374726, -1e-06, -0.929365, 0.369164, 0.0, 0.0, 0.0, 0.0, 1.0],
                [1.0, -1e-06, 1e-06, 0.0, -0.0, 0.459193, 0.888337, 0.374726, -1e-06, -0.888338, 0.45919, -0.0, 0.0, 0.0, 0.0, 1.0],
                [1.0, -1e-06, 1e-06, 0.0, -0.0, 0.548423, 0.836201, 0.374726, -1e-06, -0.836203, 0.54842, -0.0, 0.0, 0.0, 0.0, 1.0],
                [1.0, -1e-06, 1e-06, -0.0, -0.0, 0.627078, 0.778957, 0.374726, -1e-06, -0.778958, 0.627075, 0.0, 0.0, 0.0, 0.0, 1.0],
                [1.0, -1e-06, 1e-06, -0.0, -0.0, 0.684573, 0.728946, 0.374726, -1e-06, -0.728948, 0.684569, 0.0, 0.0, 0.0, 0.0, 1.0],
                [1.0, -1e-06, 1e-06, 0.0, -0.0, 0.711204, 0.702987, 0.374726, -1e-06, -0.702988, 0.7112, 0.0, 0.0, 0.0, 0.0, 1.0],
                [1.0, -1e-06, 1e-06, -0.0, -0.0, 0.700375, 0.713776, 0.374726, -1e-06, -0.713778, 0.700371, 0.0, 0.0, 0.0, 0.0, 1.0],
                [1.0, -1e-06, 1e-06, 0.0, -0.0, 0.654402, 0.756148, 0.374726, -1e-06, -0.756149, 0.654398, -0.0, 0.0, 0.0, 0.0, 1.0],
                [1.0, -1e-06, 1e-06, -0.0, -0.0, 0.600966, 0.799275, 0.374726, -1e-06, -0.799277, 0.600962, 0.0, 0.0, 0.0, 0.0, 1.0],
                [1.0, -1e-06, 1e-06, -0.0, -0.0, 0.575372, 0.817892, 0.374726, -1e-06, -0.817894, 0.575369, 0.0, 0.0, 0.0, 0.0, 1.0],
                [1.0, -1e-06, 1e-06, -0.0, -0.0, 0.575534, 0.817778, 0.374726, -1e-06, -0.81778, 0.57553, -0.0, 0.0, 0.0, 0.0, 1.0],
                [1.0, -1e-06, 1e-06, -0.0, -0.0, 0.576031, 0.817428, 0.374726, -1e-06, -0.81743, 0.576027, -0.0, 0.0, 0.0, 0.0, 1.0],
                [1.0, -1e-06, 1e-06, -0.0, -0.0, 0.576881, 0.816828, 0.374726, -1e-06, -0.81683, 0.576878, 0.0, 0.0, 0.0, 0.0, 1.0],
                [1.0, -1e-06, 1e-06, 0.0, -0.0, 0.578105, 0.815963, 0.374726, -1e-06, -0.815965, 0.578102, 0.0, 0.0, 0.0, 0.0, 1.0],
                [1.0, -1e-06, 1e-06, 0.0, -0.0, 0.579719, 0.814817, 0.374726, -1e-06, -0.814818, 0.579716, -0.0, 0.0, 0.0, 0.0, 1.0],
                [1.0, -1e-06, 1e-06, -0.0, -0.0, 0.581744, 0.813372, 0.374726, -1e-06, -0.813374, 0.581741, 0.0, 0.0, 0.0, 0.0, 1.0],
                [1.0, -1e-06, 1e-06, -0.0, -0.0, 0.584198, 0.811611, 0.374726, -1e-06, -0.811613, 0.584195, 0.0, 0.0, 0.0, 0.0, 1.0],
                [1.0, -1e-06, 1e-06, -0.0, -0.0, 0.587102, 0.809513, 0.374726, -1e-06, -0.809515, 0.587099, -0.0, 0.0, 0.0, 0.0, 1.0],
                [1.0, -1e-06, 1e-06, -0.0, -0.0, 0.590475, 0.807056, 0.374726, -1e-06, -0.807058, 0.590472, 0.0, 0.0, 0.0, 0.0, 1.0],
                [1.0, -1e-06, 1e-06, -0.0, -0.0, 0.594338, 0.804216, 0.374726, -1e-06, -0.804217, 0.594335, -0.0, 0.0, 0.0, 0.0, 1.0],
                [1.0, -1e-06, 1e-06, -0.0, -0.0, 0.598712, 0.800965, 0.374726, -1e-06, -0.800966, 0.598709, 0.0, 0.0, 0.0, 0.0, 1.0],
                [1.0, -1e-06, 1e-06, 0.0, -0.0, 0.60362, 0.797272, 0.374726, -1e-06, -0.797274, 0.603617, -0.0, 0.0, 0.0, 0.0, 1.0],
                [1.0, -1e-06, 1e-06, -0.0, -0.0, 0.609085, 0.793106, 0.374726, -1e-06, -0.793107, 0.609081, -0.0, 0.0, 0.0, 0.0, 1.0],
                [1.0, -1e-06, 1e-06, 0.0, -0.0, 0.61513, 0.788427, 0.374726, -1e-06, -0.788428, 0.615126, -0.0, 0.0, 0.0, 0.0, 1.0],
                [1.0, -1e-06, 1e-06, -0.0, -0.0, 0.621779, 0.783193, 0.374726, -1e-06, -0.783194, 0.621776, 0.0, 0.0, 0.0, 0.0, 1.0],
                [1.0, -1e-06, 1e-06, -0.0, -0.0, 0.629062, 0.777355, 0.374726, -1e-06, -0.777357, 0.629059, -0.0, 0.0, 0.0, 0.0, 1.0],
                [1.0, -1e-06, 1e-06, -0.0, -0.0, 0.637006, 0.77086, 0.374726, -1e-06, -0.770861, 0.637002, -0.0, 0.0, 0.0, 0.0, 1.0],
                [1.0, -1e-06, 1e-06, -0.0, -0.0, 0.64564, 0.763643, 0.374726, -1e-06, -0.763645, 0.645636, 0.0, 0.0, 0.0, 0.0, 1.0],
                [1.0, -1e-06, 1e-06, -0.0, -0.0, 0.654996, 0.755633, 0.374726, -1e-06, -0.755635, 0.654992, 0.0, 0.0, 0.0, 0.0, 1.0],
                [1.0, -1e-06, 1e-06, -0.0, -0.0, 0.66511, 0.746746, 0.374726, -1e-06, -0.746748, 0.665106, -0.0, 0.0, 0.0, 0.0, 1.0],
                [1.0, -1e-06, 1e-06, -0.0, -0.0, 0.676018, 0.736887, 0.374726, -1e-06, -0.736888, 0.676014, -0.0, 0.0, 0.0, 0.0, 1.0],
                [1.0, -1e-06, 1e-06, -0.0, -0.0, 0.687759, 0.725941, 0.374726, -1e-06, -0.725942, 0.687755, -0.0, 0.0, 0.0, 0.0, 1.0],
                [1.0, -1e-06, 1e-06, -0.0, -0.0, 0.700375, 0.713776, 0.374726, -1e-06, -0.713778, 0.700371, 0.0, 0.0, 0.0, 0.0, 1.0],
                [1.0, -0.0, 1e-06, -0.0, -0.0, 0.715912, 0.698192, 0.374726, -1e-06, -0.698193, 0.715908, 0.0, 0.0, 0.0, 0.0, 1.0],
                [1.0, -0.0, 1e-06, 0.0, -0.0, 0.735729, 0.677277, 0.374726, -1e-06, -0.677278, 0.735725, -0.0, 0.0, 0.0, 0.0, 1.0],
                [1.0, -0.0, 1e-06, 0.0, -0.0, 0.758885, 0.651226, 0.374726, -1e-06, -0.651227, 0.758881, -0.0, 0.0, 0.0, 0.0, 1.0],
                [1.0, -1e-06, 1e-06, 0.0, -0.0, 0.784465, 0.620176, 0.374726, -1e-06, -0.620177, 0.78446, -0.0, 0.0, 0.0, 0.0, 1.0],
                [1.0, -0.0, 1e-06, -0.0, -0.0, 0.811556, 0.584277, 0.374726, -1e-06, -0.584279, 0.811551, -0.0, 0.0, 0.0, 0.0, 1.0],
                [1.0, -0.0, 1e-06, -0.0, -0.0, 0.839225, 0.543788, 0.374726, -1e-06, -0.543789, 0.83922, -0.0, 0.0, 0.0, 0.0, 1.0],
                [1.0, -0.0, 1e-06, 0.0, -0.0, 0.866507, 0.499168, 0.374726, -1e-06, -0.499169, 0.866502, -0.0, 0.0, 0.0, 0.0, 1.0],
                [1.0, -0.0, 1e-06, -0.0, -0.0, 0.892397, 0.451256, 0.374726, -1e-06, -0.451257, 0.892392, 0.0, 0.0, 0.0, 0.0, 1.0],
                [1.0, -0.0, 1e-06, -0.0, -0.0, 0.915849, 0.401528, 0.374726, -1e-06, -0.401529, 0.915844, -0.0, 0.0, 0.0, 0.0, 1.0],
                [1.0, -0.0, 1e-06, -0.0, -0.0, 0.935778, 0.352596, 0.374726, -1e-06, -0.352596, 0.935773, 0.0, 0.0, 0.0, 0.0, 1.0],
                [1.0, -0.0, 1e-06, -0.0, -0.0, 0.95107, 0.308983, 0.374726, -1e-06, -0.308984, 0.951064, 0.0, 0.0, 0.0, 0.0, 1.0],
                [1.0, -0.0, 1e-06, -0.0, -0.0, 0.96073, 0.277492, 0.374726, -1e-06, -0.277493, 0.960725, 0.0, 0.0, 0.0, 0.0, 1.0],
                [1.0, -0.0, 1e-06, 0.0, -0.0, 0.963566, 0.26748, 0.374726, -1e-06, -0.26748, 0.96356, -0.0, 0.0, 0.0, 0.0, 1.0],
                [1.0, -0.0, 1e-06, 0.0, -0.0, 0.960937, 0.276774, 0.374726, -1e-06, -0.276775, 0.960932, -0.0, 0.0, 0.0, 0.0, 1.0],
                [1.0, -0.0, 1e-06, -0.0, -0.0, 0.955173, 0.296054, 0.374726, -1e-06, -0.296055, 0.955168, 0.0, 0.0, 0.0, 0.0, 1.0],
                [1.0, -0.0, 1e-06, -0.0, -0.0, 0.946792, 0.321853, 0.374726, -1e-06, -0.321853, 0.946787, -0.0, 0.0, 0.0, 0.0, 1.0],
                [1.0, -0.0, 1e-06, -0.0, -0.0, 0.93652, 0.350621, 0.374726, -1e-06, -0.350622, 0.936514, -0.0, 0.0, 0.0, 0.0, 1.0],
                [1.0, -0.0, 1e-06, 0.0, -0.0, 0.924915, 0.38018, 0.374726, -1e-06, -0.38018, 0.92491, 0.0, 0.0, 0.0, 0.0, 1.0],
