{
    "animation": [
        {
            "name": "Root",
            "time": [0.0, 0.0167, 0.0333, 0.05, 0.0667, 0.0833, 0.1, 0.1167, 0.1333, 0.15, 0.1667, 0.1833, 0.2, 0.2167, 0.2333, 0.25, 0.2667, 0.2833, 0.3, 0.3167, 0.3333, 0.35, 0.3667, 0.3833, 0.4, 0.4167, 0.4333, 0.45, 0.4667, 0.4833, 0.5, 0.5167, 0.5333, 0.55, 0.5667, 0.5833, 0.6, 0.6167, 0.6333, 0.65, 0.6667, 0.6833, 0.7, 0.7167, 0.7333, 0.75, 0.7667, 0.7833, 0.8, 0.8167, 0.8333, 0.85, 0.8667, 0.8833, 0.9, 0.9167, 0.9333, 0.95, 0.9667, 0.9833, 1.0],
            "transform": [
                [0.446565, 0.0, -0.894751, -5e-06, -0.894751, 0.0, -0.446565, 0.000946, 0.0, 1.0, 0.0, 0.627589, 0.0, 0.0, 0.0, 1.0],
                [0.446565, 0.0, -0.894751, -9.1e-05, -0.894751, 0.0, -0.446565, 0.001244, 0.0, 1.0, 0.0, 0.627336, 0.0, 0.0, 0.0, 1.0],
                [0.446565, 0.0, -0.894751, -0.000178, -0.894751, 0.0, -0.446565, 0.001542, 0.0, 1.0, 0.0, 0.627083, 0.0, 0.0, 0.0, 1.0],
                [0.446565, 0.0, -0.894751, -0.000264, -0.894751, 0.0, -0.446565, 0.00184, 0.0, 1.0, 0.0, 0.62683, 0.0, 0.0, 0.0, 1.0],
                [0.446565, 0.0, -0.894751, -0.000351, -0.894751, 0.0, -0.446565, 0.002137, 0.0, 1.0, 0.0, 0.626577, 0.0, 0.0, 0.0, 1.0],
                [0.446565, 0.0, -0.894751, -0.000437, -0.894751, 0.0, -0.446565, 0.002435, 0.0, 1.0, 0.0, 0.626324, 0.0, 0.0, 0.0, 1.0],
                [0.446565, 0.0, -0.894751, -0.000524, -0.894751, 0.0, -0.446565, 0.002733, 0.0, 1.0, 0.0, 0.62607, 0.0, 0.0, 0.0, 1.0],
                [0.446565, 0.0, -0.894751, -0.00061, -0.894751, 0.0, -0.446565, 0.003031, 0.0, 1.0, 0.0, 0.625817, 0.0, 0.0, 0.0, 1.0],
                [0.446565, 0.0, -0.894751, -0.000697, -0.894751, 0.0, -0.446565, 0.003328, 0.0, 1.0, 0.0, 0.625564, 0.0, 0.0, 0.0, 1.0],
                [0.446565, 0.0, -0.894751, -0.000783, -0.894751, 0.0, -0.446565, 0.003626, 0.0, 1.0, 0.0, 0.625311, 0.0, 0.0, 0.0, 1.0],
                [0.446565, 0.0, -0.894751, -0.00087, -0.894751, 0.0, -0.446565, 0.003924, 0.0, 1.0, 0.0, 0.625058, 0.0, 0.0, 0.0, 1.0],
                [0.446565, 0.0, -0.894751, -0.000957, -0.894751, 0.0, -0.446565, 0.004222, 0.0, 1.0, 0.0, 0.624805, 0.0, 0.0, 0.0, 1.0],
                [0.446565, 0.0, -0.894751, -0.001043, -0.894751, 0.0, -0.446565, 0.004519, 0.0, 1.0, 0.0, 0.624552, 0.0, 0.0, 0.0, 1.0],
                [0.446565, 0.0, -0.894751, -0.00113, -0.894751, 0.0, -0.446565, 0.004817, 0.0, 1.0, 0.0, 0.624299, 0.0, 0.0, 0.0, 1.0],
                [0.446565, 0.0, -0.894751, -0.001216, -0.894751, 0.0, -0.446565, 0.005115, 0.0, 1.0, 0.0, 0.624046, 0.0, 0.0, 0.0, 1.0],
                [0.446565, 0.0, -0.894751, -0.001303, -0.894751, 0.0, -0.446565, 0.005412, 0.0, 1.0, 0.0, 0.623793, 0.0, 0.0, 0.0, 1.0],
                [0.446565, 0.0, -0.894751, -0.001389, -0.894751, 0.0, -0.446565, 0.00571, 0.0, 1.0, 0.0, 0.62354, 0.0, 0.0, 0.0, 1.0],
                [0.446565, 0.0, -0.894751, -0.001476, -0.894751, 0.0, -0.446565, 0.006008, 0.0, 1.0, 0.0, 0.623287, 0.0, 0.0, 0.0, 1.0],
                [0.446565, 0.0, -0.894751, -0.001562, -0.894751, 0.0, -0.446565, 0.006306, 0.0, 1.0, 0.0, 0.623034, 0.0, 0.0, 0.0, 1.0],
                [0.446565, 0.0, -0.894751, -0.001649, -0.894751, 0.0, -0.446565, 0.006603, 0.0, 1.0, 0.0, 0.622781, 0.0, 0.0, 0.0, 1.0],
                [0.446565, 0.0, -0.894751, -0.001735, -0.894751, 0.0, -0.446565, 0.006901, 0.0, 1.0, 0.0, 0.622528, 0.0, 0.0, 0.0, 1.0],
                [0.446565, 0.0, -0.894751, -0.001822, -0.894751, 0.0, -0.446565, 0.007199, 0.0, 1.0, 0.0, 0.622275, 0.0, 0.0, 0.0, 1.0],
                [0.446565, 0.0, -0.894751, -0.001908, -0.894751, 0.0, -0.446565, 0.007497, 0.0, 1.0, 0.0, 0.622022, 0.0, 0.0, 0.0, 1.0],
                [0.446565, 0.0, -0.894751, -0.001995, -0.894751, 0.0, -0.446565, 0.007794, 0.0, 1.0, 0.0, 0.621769, 0.0, 0.0, 0.0, 1.0],
                [0.446565, 0.0, -0.894751, -0.002082, -0.894751, 0.0, -0.446565, 0.008092, 0.0, 1.0, 0.0, 0.621516, 0.0, 0.0, 0.0, 1.0],
                [0.446565, 0.0, -0.894751, -0.002168, -0.894751, 0.0, -0.446565, 0.00839, 0.0, 1.0, 0.0, 0.621263, 0.0, 0.0, 0.0, 1.0],
                [0.446565, 0.0, -0.894751, -0.002255, -0.894751, 0.0, -0.446565, 0.008688, 0.0, 1.0, 0.0, 0.62101, 0.0, 0.0, 0.0, 1.0],
                [0.446565, 0.0, -0.894751, -0.002341, -0.894751, 0.0, -0.446565, 0.008985, 0.0, 1.0, 0.0, 0.620757, 0.0, 0.0, 0.0, 1.0],
                [0.446565, 0.0, -0.894751, -0.002428, -0.894751, 0.0, -0.446565, 0.009283, 0.0, 1.0, 0.0, 0.620504, 0.0, 0.0, 0.0, 1.0],
                [0.446565, 0.0, -0.894751, -0.002514, -0.894751, 0.0, -0.446565, 0.009581, 0.0, 1.0, 0.0, 0.620251, 0.0, 0.0, 0.0, 1.0],
                [0.446565, 0.0, -0.894751, -0.002507, -0.894751, 0.0, -0.446565, 0.009554, 0.0, 1.0, 0.0, 0.620274, 0.0, 0.0, 0.0, 1.0],
                [0.446565, 0.0, -0.894751, -0.002484, -0.894751, 0.0, -0.446565, 0.009478, 0.0, 1.0, 0.0, 0.620339, 0.0, 0.0, 0.0, 1.0],
                [0.446565, 0.0, -0.894751, -0.002448, -0.894751, 0.0, -0.446565, 0.009354, 0.0, 1.0, 0.0, 0.620444, 0.0, 0.0, 0.0, 1.0],
                [0.446565, 0.0, -0.894751, -0.0024, -0.894751, 0.0, -0.446565, 0.009187, 0.0, 1.0, 0.0, 0.620586, 0.0, 0.0, 0.0, 1.0],
                [0.446565, 0.0, -0.894751, -0.002339, -0.894751, 0.0, -0.446565, 0.008979, 0.0, 1.0, 0.0, 0.620762, 0.0, 0.0, 0.0, 1.0],
                [0.446565, 0.0, -0.894751, -0.002269, -0.894751, 0.0, -0.446565, 0.008736, 0.0, 1.0, 0.0, 0.620969, 0.0, 0.0, 0.0, 1.0],
                [0.446565, 0.0, -0.894751, -0.002188, -0.894751, 0.0, -0.446565, 0.008459, 0.0, 1.0, 0.0, 0.621205, 0.0, 0.0, 0.0, 1.0],
                [0.446565, 0.0, -0.894751, -0.002099, -0.894751, 0.0, -0.446565, 0.008153, 0.0, 1.0, 0.0, 0.621465, 0.0, 0.0, 0.0, 1.0],
                [0.446565, 0.0, -0.894751, -0.002002, -0.894751, 0.0, -0.446565, 0.00782, 0.0, 1.0, 0.0, 0.621747, 0.0, 0.0, 0.0, 1.0],
                [0.446565, 0.0, -0.894751, -0.001899, -0.894751, 0.0, -0.446565, 0.007465, 0.0, 1.0, 0.0, 0.622049, 0.0, 0.0, 0.0, 1.0],
                [0.446565, 0.0, -0.894751, -0.00179, -0.894751, 0.0, -0.446565, 0.007091, 0.0, 1.0, 0.0, 0.622367, 0.0, 0.0, 0.0, 1.0],
                [0.446565, 0.0, -0.894751, -0.001677, -0.894751, 0.0, -0.446565, 0.006701, 0.0, 1.0, 0.0, 0.622698, 0.0, 0.0, 0.0, 1.0],
                [0.446565, 0.0, -0.894751, -0.00156, -0.894751, 0.0, -0.446565, 0.006299, 0.0, 1.0, 0.0, 0.62304, 0.0, 0.0, 0.0, 1.0],
                [0.446565, 0.0, -0.894751, -0.001441, -0.894751, 0.0, -0.446565, 0.005888, 0.0, 1.0, 0.0, 0.623389, 0.0, 0.0, 0.0, 1.0],
                [0.446565, 0.0, -0.894751, -0.00132, -0.894751, 0.0, -0.446565, 0.005472, 0.0, 1.0, 0.0, 0.623742, 0.0, 0.0, 0.0, 1.0],
                [0.446565, 0.0, -0.894751, -0.001199, -0.894751, 0.0, -0.446565, 0.005055, 0.0, 1.0, 0.0, 0.624097, 0.0, 0.0, 0.0, 1.0],
                [0.446565, 0.0, -0.894751, -0.001078, -0.894751, 0.0, -0.446565, 0.004639, 0.0, 1.0, 0.0, 0.624451, 0.0, 0.0, 0.0, 1.0],
                [0.446565, 0.0, -0.894751, -0.000958, -0.894751, 0.0, -0.446565, 0.004228, 0.0, 1.0, 0.0, 0.6248, 0.0, 0.0, 0.0, 1.0],
                [0.446565, 0.0, -0.894751, -0.000842, -0.894751, 0.0, -0.446565, 0.003826, 0.0, 1.0, 0.0, 0.625141, 0.0, 0.0, 0.0, 1.0],
                [0.446565, 0.0, -0.894751, -0.000728, -0.894751, 0.0, -0.446565, 0.003436, 0.0, 1.0, 0.0, 0.625473, 0.0, 0.0, 0.0, 1.0],
                [0.446565, 0.0, -0.894751, -0.00062, -0.894751, 0.0, -0.446565, 0.003062, 0.0, 1.0, 0.0, 0.625791, 0.0, 0.0, 0.0, 1.0],
                [0.446565, 0.0, -0.894751, -0.000516, -0.894751, 0.0, -0.446565, 0.002707, 0.0, 1.0, 0.0, 0.626092, 0.0, 0.0, 0.0, 1.0],
                [0.446565, 0.0, -0.894751, -0.00042, -0.894751, 0.0, -0.446565, 0.002375, 0.0, 1.0, 0.0, 0.626375, 0.0, 0.0, 0.0, 1.0],
                [0.446565, 0.0, -0.894751, -0.000331, -0.894751, 0.0, -0.446565, 0.002068, 0.0, 1.0, 0.0, 0.626635, 0.0, 0.0, 0.0, 1.0],
                [0.446565, 0.0, -0.894751, -0.00025, -0.894751, 0.0, -0.446565, 0.001792, 0.0, 1.0, 0.0, 0.62687, 0.0, 0.0, 0.0, 1.0],
                [0.446565, 0.0, -0.894751, -0.000179, -0.894751, 0.0, -0.446565, 0.001548, 0.0, 1.0, 0.0, 0.627077, 0.0, 0.0, 0.0, 1.0],
                [0.446565, 0.0, -0.894751, -0.000119, -0.894751, 0.0, -0.446565, 0.001341, 0.0, 1.0, 0.0, 0.627254, 0.0, 0.0, 0.0, 1.0],
                [0.446565, 0.0, -0.894751, -7.1e-05, -0.894751, 0.0, -0.446565, 0.001173, 0.0, 1.0, 0.0, 0.627396, 0.0, 0.0, 0.0, 1.0],
                [0.446565, 0.0, -0.894751, -3.5e-05, -0.894751, 0.0, -0.446565, 0.00105, 0.0, 1.0, 0.0, 0.627501, 0.0, 0.0, 0.0, 1.0],
                [0.446565, 0.0, -0.894751, -1.2e-05, -0.894751, 0.0, -0.446565, 0.000973, 0.0, 1.0, 0.0, 0.627566, 0.0, 0.0, 0.0, 1.0],
                [0.446565, 0.0, -0.894751, -5e-06, -0.894751, 0.0, -0.446565, 0.000946, 0.0, 1.0, 0.0, 0.627589, 0.0, 0.0, 0.0, 1.0]
            ]
        },
        {
            "name": "Thigh_R",
            "time": [0.0, 0.0167, 0.0333, 0.05, 0.0667, 0.0833, 0.1, 0.1167, 0.1333, 0.15, 0.1667, 0.1833, 0.2, 0.2167, 0.2333, 0.25, 0.2667, 0.2833, 0.3, 0.3167, 0.3333, 0.35, 0.3667, 0.3833, 0.4, 0.4167, 0.4333, 0.45, 0.4667, 0.4833, 0.5, 0.5167, 0.5333, 0.55, 0.5667, 0.5833, 0.6, 0.6167, 0.6333, 0.65, 0.6667, 0.6833, 0.7, 0.7167, 0.7333, 0.75, 0.7667, 0.7833, 0.8, 0.8167, 0.8333, 0.85, 0.8667, 0.8833, 0.9, 0.9167, 0.9333, 0.95, 0.9667, 0.9833, 1.0],
            "transform": [
                [0.757677, 0.63833, 0.135864, 0.124994, 0.535371, -0.726981, 0.42997, -0.002831, 0.373234, -0.25304, -0.892563, -1.2e-05, 0.0, 0.0, 0.0, 1.0],
                [0.757132, 0.638949, 0.135991, 0.124994, 0.535756, -0.726451, 0.430387, -0.002831, 0.373787, -0.253001, -0.892342, -1.2e-05, 0.0, 0.0, 0.0, 1.0],
                [0.756587, 0.639567, 0.136118, 0.124994, 0.53614, -0.725921, 0.430803, -0.002831, 0.374338, -0.252961, -0.892122, -1.2e-05, 0.0, 0.0, 0.0, 1.0],
                [0.756042, 0.640185, 0.136244, 0.124994, 0.536524, -0.725391, 0.431218, -0.002831, 0.37489, -0.25292, -0.891902, -1.2e-05, 0.0, 0.0, 0.0, 1.0],
                [0.755496, 0.640802, 0.13637, 0.124994, 0.536907, -0.72486, 0.431634, -0.002831, 0.375441, -0.252879, -0.891682, -1.2e-05, 0.0, 0.0, 0.0, 1.0],
                [0.75495, 0.641419, 0.136496, 0.124994, 0.53729, -0.724329, 0.432048, -0.002831, 0.375992, -0.252836, -0.891462, -1.2e-05, 0.0, 0.0, 0.0, 1.0],
                [0.754403, 0.642035, 0.136621, 0.124994, 0.537672, -0.723798, 0.432462, -0.002831, 0.376542, -0.252793, -0.891242, -1.2e-05, 0.0, 0.0, 0.0, 1.0],
                [0.753856, 0.64265, 0.136746, 0.124994, 0.538054, -0.723267, 0.432876, -0.002831, 0.377092, -0.252748, -0.891022, -1.2e-05, 0.0, 0.0, 0.0, 1.0],
                [0.753309, 0.643266, 0.136871, 0.124994, 0.538435, -0.722736, 0.433289, -0.002831, 0.377642, -0.252703, -0.890802, -1.2e-05, 0.0, 0.0, 0.0, 1.0],
                [0.752761, 0.64388, 0.136996, 0.124994, 0.538816, -0.722204, 0.433701, -0.002831, 0.378191, -0.252657, -0.890582, -1.2e-05, 0.0, 0.0, 0.0, 1.0],
                [0.752212, 0.644495, 0.13712, 0.124994, 0.539196, -0.721673, 0.434113, -0.002831, 0.37874, -0.25261, -0.890362, -1.2e-05, 0.0, 0.0, 0.0, 1.0],
                [0.751663, 0.645108, 0.137244, 0.124994, 0.539576, -0.721141, 0.434525, -0.002831, 0.379288, -0.252562, -0.890142, -1.2e-05, 0.0, 0.0, 0.0, 1.0],
                [0.751114, 0.645722, 0.137367, 0.124994, 0.539956, -0.720609, 0.434936, -0.002831, 0.379836, -0.252514, -0.889923, -1.2e-05, 0.0, 0.0, 0.0, 1.0],
                [0.750564, 0.646335, 0.137491, 0.124994, 0.540335, -0.720076, 0.435347, -0.002831, 0.380384, -0.252464, -0.889703, -1.2e-05, 0.0, 0.0, 0.0, 1.0],
                [0.750014, 0.646947, 0.137614, 0.124994, 0.540713, -0.719544, 0.435757, -0.002831, 0.380931, -0.252414, -0.889483, -1.2e-05, 0.0, 0.0, 0.0, 1.0],
                [0.749463, 0.647559, 0.137736, 0.124994, 0.541091, -0.719012, 0.436166, -0.002831, 0.381478, -0.252362, -0.889263, -1.2e-05, 0.0, 0.0, 0.0, 1.0],
                [0.748912, 0.64817, 0.137859, 0.124994, 0.541469, -0.718479, 0.436576, -0.002831, 0.382024, -0.25231, -0.889043, -1.2e-05, 0.0, 0.0, 0.0, 1.0],
                [0.74836, 0.648781, 0.137981, 0.124994, 0.541846, -0.717946, 0.436985, -0.002831, 0.38257, -0.252257, -0.888824, -1.2e-05, 0.0, 0.0, 0.0, 1.0],
                [0.747808, 0.649391, 0.138102, 0.124994, 0.542222, -0.717413, 0.437393, -0.002831, 0.383116, -0.252203, -0.888604, -1.2e-05, 0.0, 0.0, 0.0, 1.0],
                [0.747256, 0.650001, 0.138224, 0.124994, 0.542598, -0.71688, 0.4378, -0.002831, 0.383661, -0.252148, -0.888384, -1.2e-05, 0.0, 0.0, 0.0, 1.0],
                [0.746703, 0.65061, 0.138345, 0.124994, 0.542973, -0.716347, 0.438207, -0.002831, 0.384206, -0.252093, -0.888165, -1.2e-05, 0.0, 0.0, 0.0, 1.0],
                [0.74615, 0.651219, 0.138466, 0.124994, 0.543349, -0.715813, 0.438614, -0.002831, 0.38475, -0.252036, -0.887945, -1.2e-05, 0.0, 0.0, 0.0, 1.0],
                [0.745596, 0.651827, 0.138586, 0.124994, 0.543723, -0.715279, 0.439021, -0.002831, 0.385294, -0.251979, -0.887725, -1.2e-05, 0.0, 0.0, 0.0, 1.0],
                [0.745042, 0.652435, 0.138707, 0.124994, 0.544097, -0.714746, 0.439426, -0.002831, 0.385837, -0.251921, -0.887506, -1.2e-05, 0.0, 0.0, 0.0, 1.0],
                [0.744487, 0.653042, 0.138826, 0.124994, 0.544471, -0.714212, 0.439832, -0.002831, 0.386381, -0.251862, -0.887286, -1.2e-05, 0.0, 0.0, 0.0, 1.0],
                [0.743932, 0.653649, 0.138946, 0.124994, 0.544844, -0.713677, 0.440237, -0.002831, 0.386923, -0.251802, -0.887067, -1.2e-05, 0.0, 0.0, 0.0, 1.0],
                [0.743377, 0.654255, 0.139065, 0.124994, 0.545216, -0.713143, 0.440641, -0.002831, 0.387466, -0.251741, -0.886847, -1.2e-05, 0.0, 0.0, 0.0, 1.0],
                [0.742821, 0.654861, 0.139185, 0.124994, 0.545588, -0.712609, 0.441045, -0.002831, 0.388007, -0.251679, -0.886628, -1.2e-05, 0.0, 0.0, 0.0, 1.0],
                [0.742265, 0.655466, 0.139303, 0.124994, 0.54596, -0.712074, 0.441448, -0.002831, 0.388549, -0.251617, -0.886408, -1.2e-05, 0.0, 0.0, 0.0, 1.0],
                [0.741708, 0.656071, 0.139422, 0.124994, 0.546331, -0.71154, 0.441851, -0.002831, 0.38909, -0.251553, -0.886189, -1.2e-05, 0.0, 0.0, 0.0, 1.0],
                [0.741757, 0.656017, 0.139411, 0.124994, 0.546298, -0.711587, 0.441815, -0.002831, 0.389042, -0.251559, -0.886208, -1.2e-05, 0.0, 0.0, 0.0, 1.0],
                [0.741901, 0.655861, 0.139381, 0.124994, 0.546203, -0.711725, 0.441711, -0.002831, 0.388902, -0.251575, -0.886265, -1.2e-05, 0.0, 0.0, 0.0, 1.0],
                [0.742132, 0.65561, 0.139331, 0.124994, 0.546048, -0.711947, 0.441544, -0.002831, 0.388678, -0.251602, -0.886356, -1.2e-05, 0.0, 0.0, 0.0, 1.0],
                [0.742445, 0.65527, 0.139265, 0.124994, 0.54584, -0.712247, 0.441317, -0.002831, 0.388374, -0.251637, -0.886479, -1.2e-05, 0.0, 0.0, 0.0, 1.0],
                [0.742832, 0.654849, 0.139182, 0.124994, 0.545581, -0.712619, 0.441036, -0.002831, 0.387997, -0.25168, -0.886632, -1.2e-05, 0.0, 0.0, 0.0, 1.0],
                [0.743287, 0.654353, 0.139085, 0.124994, 0.545277, -0.713057, 0.440706, -0.002831, 0.387553, -0.251731, -0.886812, -1.2e-05, 0.0, 0.0, 0.0, 1.0],
                [0.743804, 0.653789, 0.138974, 0.124994, 0.54493, -0.713554, 0.44033, -0.002831, 0.387049, -0.251788, -0.887016, -1.2e-05, 0.0, 0.0, 0.0, 1.0],
                [0.744375, 0.653165, 0.138851, 0.124994, 0.544546, -0.714103, 0.439914, -0.002831, 0.386491, -0.25185, -0.887242, -1.2e-05, 0.0, 0.0, 0.0, 1.0],
                [0.744994, 0.652487, 0.138717, 0.124994, 0.544129, -0.714699, 0.439461, -0.002831, 0.385884, -0.251916, -0.887487, -1.2e-05, 0.0, 0.0, 0.0, 1.0],
                [0.745655, 0.651763, 0.138573, 0.124994, 0.543683, -0.715336, 0.438978, -0.002831, 0.385236, -0.251985, -0.887748, -1.2e-05, 0.0, 0.0, 0.0, 1.0],
                [0.746351, 0.650998, 0.138422, 0.124994, 0.543213, -0.716006, 0.438467, -0.002831, 0.384553, -0.252057, -0.888024, -1.2e-05, 0.0, 0.0, 0.0, 1.0],
                [0.747075, 0.650201, 0.138264, 0.124994, 0.542721, -0.716705, 0.437934, -0.002831, 0.38384, -0.25213, -0.888312, -1.2e-05, 0.0, 0.0, 0.0, 1.0],
                [0.747821, 0.649377, 0.1381, 0.124994, 0.542214, -0.717425, 0.437384, -0.002831, 0.383104, -0.252205, -0.888609, -1.2e-05, 0.0, 0.0, 0.0, 1.0],
                [0.748582, 0.648535, 0.137932, 0.124994, 0.541694, -0.71816, 0.43682, -0.002831, 0.382351, -0.252279, -0.888912, -1.2e-05, 0.0, 0.0, 0.0, 1.0],
                [0.749352, 0.647682, 0.137761, 0.124994, 0.541167, -0.718904, 0.436249, -0.002831, 0.381588, -0.252352, -0.889219, -1.2e-05, 0.0, 0.0, 0.0, 1.0],
                [0.750125, 0.646824, 0.137589, 0.124994, 0.540637, -0.719651, 0.435674, -0.002831, 0.380821, -0.252424, -0.889527, -1.2e-05, 0.0, 0.0, 0.0, 1.0],
                [0.750893, 0.645968, 0.137417, 0.124994, 0.540108, -0.720395, 0.435101, -0.002831, 0.380056, -0.252494, -0.889834, -1.2e-05, 0.0, 0.0, 0.0, 1.0],
                [0.751651, 0.645122, 0.137247, 0.124994, 0.539585, -0.721129, 0.434534, -0.002831, 0.3793, -0.252561, -0.890137, -1.2e-05, 0.0, 0.0, 0.0, 1.0],
                [0.752392, 0.644293, 0.137079, 0.124994, 0.539072, -0.721847, 0.433978, -0.002831, 0.37856, -0.252626, -0.890434, -1.2e-05, 0.0, 0.0, 0.0, 1.0],
                [0.75311, 0.643489, 0.136917, 0.124994, 0.538573, -0.722543, 0.433438, -0.002831, 0.377841, -0.252687, -0.890722, -1.2e-05, 0.0, 0.0, 0.0, 1.0],
                [0.753798, 0.642716, 0.13676, 0.124994, 0.538094, -0.72321, 0.43292, -0.002831, 0.377151, -0.252744, -0.890999, -1.2e-05, 0.0, 0.0, 0.0, 1.0],
                [0.754451, 0.641982, 0.13661, 0.124994, 0.537639, -0.723844, 0.432426, -0.002831, 0.376495, -0.252797, -0.891261, -1.2e-05, 0.0, 0.0, 0.0, 1.0],
                [0.755061, 0.641293, 0.13647, 0.124994, 0.537212, -0.724437, 0.431964, -0.002831, 0.37588, -0.252845, -0.891507, -1.2e-05, 0.0, 0.0, 0.0, 1.0],
                [0.755623, 0.640659, 0.136341, 0.124994, 0.536818, -0.724983, 0.431537, -0.002831, 0.375314, -0.252889, -0.891733, -1.2e-05, 0.0, 0.0, 0.0, 1.0],
                [0.75613, 0.640085, 0.136224, 0.124994, 0.536462, -0.725476, 0.431151, -0.002831, 0.374801, -0.252927, -0.891938, -1.2e-05, 0.0, 0.0, 0.0, 1.0],
                [0.756576, 0.639579, 0.13612, 0.124994, 0.536148, -0.72591, 0.430811, -0.002831, 0.37435, -0.252961, -0.892118, -1.2e-05, 0.0, 0.0, 0.0, 1.0],
                [0.756956, 0.639149, 0.136032, 0.124994, 0.53588, -0.726279, 0.430522, -0.002831, 0.373965, -0.252988, -0.892271, -1.2e-05, 0.0, 0.0, 0.0, 1.0],
                [0.757262, 0.638802, 0.135961, 0.124994, 0.535664, -0.726577, 0.430288, -0.002831, 0.373655, -0.253011, -0.892395, -1.2e-05, 0.0, 0.0, 0.0, 1.0],
                [0.757488, 0.638545, 0.135908, 0.124994, 0.535504, -0.726797, 0.430115, -0.002831, 0.373426, -0.253027, -0.892486, -1.2e-05, 0.0, 0.0, 0.0, 1.0],
                [0.757628, 0.638385, 0.135875, 0.124994, 0.535405, -0.726934, 0.430007, -0.002831, 0.373283, -0.253037, -0.892543, -1.2e-05, 0.0, 0.0, 0.0, 1.0],
                [0.757677, 0.63833, 0.135864, 0.124994, 0.535371, -0.726981, 0.42997, -0.002831, 0.373234, -0.25304, -0.892563, -1.2e-05, 0.0, 0.0, 0.0, 1.0]
            ]
        },
        {
            "name": "Leg_R",
            "time": [0.0, 0.0167, 0.0333, 0.05, 0.0667, 0.0833, 0.1, 0.1167, 0.1333, 0.15, 0.1667, 0.1833, 0.2, 0.2167, 0.2333, 0.25, 0.2667, 0.2833, 0.3, 0.3167, 0.3333, 0.35, 0.3667, 0.3833, 0.4, 0.4167, 0.4333, 0.45, 0.4667, 0.4833, 0.5, 0.5167, 0.5333, 0.55, 0.5667, 0.5833, 0.6, 0.6167, 0.6333, 0.65, 0.6667, 0.6833, 0.7, 0.7167, 0.7333, 0.75, 0.7667, 0.7833, 0.8, 0.8167, 0.8333, 0.85, 0.8667, 0.8833, 0.9, 0.9167, 0.9333, 0.95, 0.9667, 0.9833, 1.0],
            "transform": [
                [1.0, -0.0, 1e-06, -0.0, -0.0, 0.713914, 0.700235, 0.374726, -1e-06, -0.700236, 0.713909, -0.0, 0.0, 0.0, 0.0, 1.0],
                [1.0, -0.0, 1e-06, 0.0, -0.0, 0.713711, 0.700441, 0.374726, -1e-06, -0.700443, 0.713707, -0.0, 0.0, 0.0, 0.0, 1.0],
                [1.0, -0.0, 1e-06, -0.0, -0.0, 0.71351, 0.700646, 0.374726, -1e-06, -0.700648, 0.713506, -0.0, 0.0, 0.0, 0.0, 1.0],
                [1.0, -1e-06, 1e-06, -0.0, -0.0, 0.71331, 0.70085, 0.374726, -1e-06, -0.700852, 0.713305, 0.0, 0.0, 0.0, 0.0, 1.0],
                [1.0, -1e-06, 1e-06, -0.0, -0.0, 0.713111, 0.701053, 0.374726, -1e-06, -0.701054, 0.713106, -0.0, 0.0, 0.0, 0.0, 1.0],
                [1.0, -0.0, 1e-06, 0.0, -0.0, 0.712913, 0.701254, 0.374726, -1e-06, -0.701255, 0.712908, 0.0, 0.0, 0.0, 0.0, 1.0],
                [1.0, -1e-06, 1e-06, 0.0, -0.0, 0.712716, 0.701454, 0.374726, -1e-06, -0.701456, 0.712712, 0.0, 0.0, 0.0, 0.0, 1.0],
                [1.0, -1e-06, 1e-06, 0.0, -0.0, 0.71252, 0.701653, 0.374726, -1e-06, -0.701654, 0.712516, 0.0, 0.0, 0.0, 0.0, 1.0],
                [1.0, -0.0, 1e-06, 0.0, -0.0, 0.712326, 0.70185, 0.374726, -1e-06, -0.701852, 0.712321, -0.0, 0.0, 0.0, 0.0, 1.0],
                [1.0, -1e-06, 1e-06, 0.0, -0.0, 0.712133, 0.702046, 0.374726, -1e-06, -0.702048, 0.712128, 0.0, 0.0, 0.0, 0.0, 1.0],
                [1.0, -1e-06, 1e-06, -0.0, -0.0, 0.711941, 0.702241, 0.374726, -1e-06, -0.702242, 0.711936, 0.0, 0.0, 0.0, 0.0, 1.0],
                [1.0, -0.0, 1e-06, 0.0, -0.0, 0.711749, 0.702435, 0.374726, -1e-06, -0.702436, 0.711745, -0.0, 0.0, 0.0, 0.0, 1.0],
                [1.0, -1e-06, 1e-06, -0.0, -0.0, 0.71156, 0.702627, 0.374726, -1e-06, -0.702629, 0.711555, -0.0, 0.0, 0.0, 0.0, 1.0],
                [1.0, -0.0, 1e-06, -0.0, -0.0, 0.71137, 0.702819, 0.374726, -1e-06, -0.70282, 0.711366, -0.0, 0.0, 0.0, 0.0, 1.0],
                [1.0, -0.0, 1e-06, -0.0, -0.0, 0.711183, 0.703008, 0.374726, -1e-06, -0.70301, 0.711179, -0.0, 0.0, 0.0, 0.0, 1.0],
                [1.0, -0.0, 1e-06, 0.0, -0.0, 0.710997, 0.703197, 0.374726, -1e-06, -0.703198, 0.710992, 0.0, 0.0, 0.0, 0.0, 1.0],
                [1.0, -0.0, 1e-06, 0.0, -0.0, 0.710811, 0.703384, 0.374726, -1e-06, -0.703386, 0.710806, 0.0, 0.0, 0.0, 0.0, 1.0],
                [1.0, -0.0, 1e-06, -0.0, -0.0, 0.710627, 0.703571, 0.374726, -1e-06, -0.703572, 0.710622, 0.0, 0.0, 0.0, 0.0, 1.0],
                [1.0, -1e-06, 1e-06, -0.0, -0.0, 0.710444, 0.703756, 0.374726, -1e-06, -0.703757, 0.710439, 0.0, 0.0, 0.0, 0.0, 1.0],
                [1.0, -1e-06, 1e-06, 0.0, -0.0, 0.710262, 0.703939, 0.374726, -1e-06, -0.70394, 0.710258, -0.0, 0.0, 0.0, 0.0, 1.0],
                [1.0, -1e-06, 1e-06, 0.0, -0.0, 0.710081, 0.704121, 0.374726, -1e-06, -0.704123, 0.710077, -0.0, 0.0, 0.0, 0.0, 1.0],
                [1.0, -1e-06, 1e-06, -0.0, -0.0, 0.709901, 0.704303, 0.374726, -1e-06, -0.704304, 0.709897, 0.0, 0.0, 0.0, 0.0, 1.0],
                [1.0, -1e-06, 1e-06, 0.0, -0.0, 0.709723, 0.704482, 0.374726, -1e-06, -0.704484, 0.709719, 0.0, 0.0, 0.0, 0.0, 1.0],
                [1.0, -0.0, 1e-06, -0.0, -0.0, 0.709545, 0.704661, 0.374726, -1e-06, -0.704662, 0.709541, -0.0, 0.0, 0.0, 0.0, 1.0],
                [1.0, -0.0, 1e-06, 0.0, -0.0, 0.709369, 0.704838, 0.374726, -1e-06, -0.70484, 0.709365, 0.0, 0.0, 0.0, 0.0, 1.0],
                [1.0, -1e-06, 1e-06, -0.0, -0.0, 0.709194, 0.705015, 0.374726, -1e-06, -0.705016, 0.70919, -0.0, 0.0, 0.0, 0.0, 1.0],
                [1.0, -0.0, 1e-06, -0.0, -0.0, 0.70902, 0.70519, 0.374726, -1e-06, -0.705191, 0.709015, 0.0, 0.0, 0.0, 0.0, 1.0],
                [1.0, -0.0, 1e-06, 0.0, -0.0, 0.708847, 0.705363, 0.374726, -1e-06, -0.705365, 0.708843, 0.0, 0.0, 0.0, 0.0, 1.0],
                [1.0, -1e-06, 1e-06, 0.0, -0.0, 0.708675, 0.705536, 0.374726, -1e-06, -0.705537, 0.708671, -0.0, 0.0, 0.0, 0.0, 1.0],
                [1.0, -0.0, 1e-06, 0.0, -0.0, 0.708505, 0.705707, 0.374726, -1e-06, -0.705709, 0.7085, -0.0, 0.0, 0.0, 0.0, 1.0],
                [1.0, -1e-06, 1e-06, -0.0, -0.0, 0.70852, 0.705692, 0.374726, -1e-06, -0.705693, 0.708516, -0.0, 0.0, 0.0, 0.0, 1.0],
                [1.0, -1e-06, 1e-06, -0.0, -0.0, 0.708564, 0.705648, 0.374726, -1e-06, -0.705649, 0.70856, -0.0, 0.0, 0.0, 0.0, 1.0],
                [1.0, -1e-06, 1e-06, -0.0, -0.0, 0.708635, 0.705577, 0.374726, -1e-06, -0.705578, 0.70863, 0.0, 0.0, 0.0, 0.0, 1.0],
                [1.0, -1e-06, 1e-06, -0.0, -0.0, 0.708731, 0.70548, 0.374726, -1e-06, -0.705482, 0.708727, -0.0, 0.0, 0.0, 0.0, 1.0],
                [1.0, -1e-06, 1e-06, 0.0, -0.0, 0.708851, 0.70536, 0.374726, -1e-06, -0.705361, 0.708847, -0.0, 0.0, 0.0, 0.0, 1.0],
                [1.0, -0.0, 1e-06, 0.0, -0.0, 0.708992, 0.705218, 0.374726, -1e-06, -0.705219, 0.708988, -0.0, 0.0, 0.0, 0.0, 1.0],
                [1.0, -1e-06, 1e-06, 0.0, -0.0, 0.709154, 0.705055, 0.374726, -1e-06, -0.705057, 0.709149, 0.0, 0.0, 0.0, 0.0, 1.0],
                [1.0, -0.0, 1e-06, -0.0, -0.0, 0.709333, 0.704875, 0.374726, -1e-06, -0.704876, 0.709329, 0.0, 0.0, 0.0, 0.0, 1.0],
                [1.0, -1e-06, 1e-06, -0.0, -0.0, 0.70953, 0.704677, 0.374726, -1e-06, -0.704678, 0.709526, -0.0, 0.0, 0.0, 0.0, 1.0],
                [1.0, -1e-06, 1e-06, 0.0, -0.0, 0.709742, 0.704463, 0.374726, -1e-06, -0.704465, 0.709737, 0.0, 0.0, 0.0, 0.0, 1.0],
                [1.0, -1e-06, 1e-06, 0.0, -0.0, 0.709966, 0.704237, 0.374726, -1e-06, -0.704239, 0.709962, 0.0, 0.0, 0.0, 0.0, 1.0],
                [1.0, -1e-06, 1e-06, 0.0, -0.0, 0.710202, 0.703999, 0.374726, -1e-06, -0.704, 0.710198, -0.0, 0.0, 0.0, 0.0, 1.0],
                [1.0, -1e-06, 1e-06, 0.0, -0.0, 0.710447, 0.703751, 0.374726, -1e-06, -0.703753, 0.710443, -0.0, 0.0, 0.0, 0.0, 1.0],
                [1.0, -0.0, 1e-06, -0.0, -0.0, 0.710701, 0.703496, 0.374726, -1e-06, -0.703497, 0.710696, 0.0, 0.0, 0.0, 0.0, 1.0],
                [1.0, -1e-06, 1e-06, -0.0, -0.0, 0.710959, 0.703235, 0.374726, -1e-06, -0.703236, 0.710954, 0.0, 0.0, 0.0, 0.0, 1.0],
                [1.0, -0.0, 1e-06, 0.0, -0.0, 0.711221, 0.70297, 0.374726, -1e-06, -0.702971, 0.711216, -0.0, 0.0, 0.0, 0.0, 1.0],
                [1.0, -0.0, 1e-06, 0.0, -0.0, 0.711483, 0.702704, 0.374726, -1e-06, -0.702706, 0.711479, 0.0, 0.0, 0.0, 0.0, 1.0],
                [1.0, -0.0, 1e-06, -0.0, -0.0, 0.711745, 0.702439, 0.374726, -1e-06, -0.702441, 0.711741, -0.0, 0.0, 0.0, 0.0, 1.0],
                [1.0, -0.0, 1e-06, -0.0, -0.0, 0.712003, 0.702177, 0.374726, -1e-06, -0.702179, 0.711999, 0.0, 0.0, 0.0, 0.0, 1.0],
                [1.0, -0.0, 1e-06, -0.0, -0.0, 0.712256, 0.701921, 0.374726, -1e-06, -0.701923, 0.712252, 0.0, 0.0, 0.0, 0.0, 1.0],
                [1.0, -0.0, 1e-06, 0.0, -0.0, 0.7125, 0.701674, 0.374726, -1e-06, -0.701675, 0.712495, -0.0, 0.0, 0.0, 0.0, 1.0],
                [1.0, -0.0, 1e-06, 0.0, -0.0, 0.712733, 0.701437, 0.374726, -1e-06, -0.701438, 0.712728, 0.0, 0.0, 0.0, 0.0, 1.0],
                [1.0, -1e-06, 1e-06, 0.0, -0.0, 0.712953, 0.701213, 0.374726, -1e-06, -0.701214, 0.712949, 0.0, 0.0, 0.0, 0.0, 1.0],
                [1.0, -0.0, 1e-06, 0.0, -0.0, 0.713157, 0.701006, 0.374726, -1e-06, -0.701007, 0.713152, -0.0, 0.0, 0.0, 0.0, 1.0],
                [1.0, -1e-06, 1e-06, 0.0, -0.0, 0.713342, 0.700817, 0.374726, -1e-06, -0.700819, 0.713338, -0.0, 0.0, 0.0, 0.0, 1.0],
                [1.0, -0.0, 1e-06, -0.0, -0.0, 0.713506, 0.700651, 0.374726, -1e-06, -0.700652, 0.713501, -0.0, 0.0, 0.0, 0.0, 1.0],
                [1.0, -1e-06, 1e-06, -0.0, -0.0, 0.713646, 0.700508, 0.374726, -1e-06, -0.700509, 0.713642, 0.0, 0.0, 0.0, 0.0, 1.0],
                [1.0, -1e-06, 1e-06, -0.0, -0.0, 0.713759, 0.700393, 0.374726, -1e-06, -0.700394, 0.713755, 0.0, 0.0, 0.0, 0.0, 1.0],
                [1.0, -1e-06, 1e-06, 0.0, -0.0, 0.713843, 0.700307, 0.374726, -1e-06, -0.700308, 0.713839, 0.0, 0.0, 0.0, 0.0, 1.0],
                [1.0, -0.0, 1e-06, 0.0, -0.0, 0.713896, 0.700253, 0.374726, -1e-06, -0.700254, 0.713892, -0.0, 0.0, 0.0, 0.0, 1.0],
                [1.0, -0.0, 1e-06, -0.0, -0.0, 0.713914, 0.700235, 0.374726, -1e-06, -0.700236, 0.713909, -0.0, 0.0, 0.0, 0.0, 1.0]
            ]
        },
        {
            "name": "Knee_R",
            "time": [0.0, 1.0],
            "transform": [
                [1.0, 0.0, -0.0, 0.0, -0.0, 0.00567, -0.999984, 0.400019, -0.0, 0.999984, 0.00567, -0.000143, 0.0, 0.0, 0.0, 1.0],
                [1.0, 0.0, -0.0, 0.0, -0.0, 0.00567, -0.999984, 0.400019, -0.0, 0.999984, 0.00567, -0.000143, 0.0, 0.0, 0.0, 1.0]
            ]
        },
        {
            "name": "Thigh_L",
            "time": [0.0, 0.0167, 0.0333, 0.05, 0.0667, 0.0833, 0.1, 0.1167, 0.1333, 0.15, 0.1667, 0.1833, 0.2, 0.2167, 0.2333, 0.25, 0.2667, 0.2833, 0.3, 0.3167, 0.3333, 0.35, 0.3667, 0.3833, 0.4, 0.4167, 0.4333, 0.45, 0.4667, 0.4833, 0.5, 0.5167, 0.5333, 0.55, 0.5667, 0.5833, 0.6, 0.6167, 0.6333, 0.65, 0.6667, 0.6833, 0.7, 0.7167, 0.7333, 0.75, 0.7667, 0.7833, 0.8, 0.8167, 0.8333, 0.85, 0.8667, 0.8833, 0.9, 0.9167, 0.9333, 0.95, 0.9667, 0.9833, 1.0],
            "transform": [
                [0.233568, -0.746866, -0.622604, -0.125006, -0.230326, -0.664588, 0.710825, -0.002831, -0.944667, -0.022624, -0.32725, -1.2e-05, 0.0, 0.0, 0.0, 1.0],
                [0.233505, -0.74723, -0.622191, -0.125006, -0.230369, -0.664176, 0.711196, -0.002831, -0.944672, -0.022734, -0.327228, -1.2e-05, 0.0, 0.0, 0.0, 1.0],
                [0.233443, -0.747592, -0.621779, -0.125006, -0.230412, -0.663764, 0.711567, -0.002831, -0.944677, -0.022844, -0.327206, -1.2e-05, 0.0, 0.0, 0.0, 1.0],
                [0.23338, -0.747953, -0.621369, -0.125006, -0.230455, -0.663354, 0.711935, -0.002831, -0.944682, -0.022954, -0.327184, -1.2e-05, 0.0, 0.0, 0.0, 1.0],
                [0.233317, -0.748313, -0.620959, -0.125006, -0.230499, -0.662944, 0.712303, -0.002831, -0.944687, -0.023062, -0.327162, -1.2e-05, 0.0, 0.0, 0.0, 1.0],
                [0.233254, -0.748671, -0.620551, -0.125006, -0.230542, -0.662536, 0.712668, -0.002831, -0.944692, -0.02317, -0.32714, -1.2e-05, 0.0, 0.0, 0.0, 1.0],
                [0.233191, -0.749028, -0.620144, -0.125006, -0.230585, -0.662129, 0.713032, -0.002831, -0.944697, -0.023277, -0.327118, -1.2e-05, 0.0, 0.0, 0.0, 1.0],
                [0.233128, -0.749383, -0.619739, -0.125006, -0.230629, -0.661723, 0.713395, -0.002831, -0.944702, -0.023383, -0.327096, -1.2e-05, 0.0, 0.0, 0.0, 1.0],
                [0.233065, -0.749737, -0.619334, -0.125006, -0.230672, -0.661318, 0.713756, -0.002831, -0.944707, -0.023489, -0.327074, -1.2e-05, 0.0, 0.0, 0.0, 1.0],
                [0.233002, -0.750089, -0.618931, -0.125006, -0.230716, -0.660915, 0.714116, -0.002831, -0.944712, -0.023593, -0.327052, -1.2e-05, 0.0, 0.0, 0.0, 1.0],
                [0.232938, -0.75044, -0.618529, -0.125006, -0.230759, -0.660512, 0.714474, -0.002831, -0.944717, -0.023697, -0.32703, -1.2e-05, 0.0, 0.0, 0.0, 1.0],
                [0.232875, -0.75079, -0.618128, -0.125006, -0.230803, -0.660111, 0.714831, -0.002831, -0.944722, -0.0238, -0.327008, -1.2e-05, 0.0, 0.0, 0.0, 1.0],
                [0.232811, -0.751139, -0.617729, -0.125006, -0.230847, -0.659711, 0.715186, -0.002831, -0.944727, -0.023903, -0.326986, -1.2e-05, 0.0, 0.0, 0.0, 1.0],
                [0.232748, -0.751486, -0.61733, -0.125006, -0.23089, -0.659311, 0.71554, -0.002831, -0.944732, -0.024005, -0.326964, -1.2e-05, 0.0, 0.0, 0.0, 1.0],
                [0.232684, -0.751832, -0.616933, -0.125006, -0.230934, -0.658914, 0.715892, -0.002831, -0.944737, -0.024106, -0.326942, -1.2e-05, 0.0, 0.0, 0.0, 1.0],
                [0.23262, -0.752176, -0.616538, -0.125006, -0.230978, -0.658517, 0.716243, -0.002831, -0.944742, -0.024206, -0.326921, -1.2e-05, 0.0, 0.0, 0.0, 1.0],
                [0.232556, -0.752519, -0.616143, -0.125006, -0.231022, -0.658121, 0.716593, -0.002831, -0.944747, -0.024305, -0.326899, -1.2e-05, 0.0, 0.0, 0.0, 1.0],
                [0.232492, -0.752861, -0.615749, -0.125006, -0.231066, -0.657726, 0.716941, -0.002831, -0.944752, -0.024404, -0.326877, -1.2e-05, 0.0, 0.0, 0.0, 1.0],
                [0.232428, -0.753201, -0.615357, -0.125006, -0.23111, -0.657333, 0.717287, -0.002831, -0.944757, -0.024502, -0.326855, -1.2e-05, 0.0, 0.0, 0.0, 1.0],
                [0.232364, -0.75354, -0.614966, -0.125006, -0.231154, -0.65694, 0.717632, -0.002831, -0.944762, -0.024599, -0.326833, -1.2e-05, 0.0, 0.0, 0.0, 1.0],
                [0.232299, -0.753878, -0.614576, -0.125006, -0.231199, -0.656549, 0.717976, -0.002831, -0.944767, -0.024696, -0.326812, -1.2e-05, 0.0, 0.0, 0.0, 1.0],
                [0.232235, -0.754215, -0.614187, -0.125006, -0.231243, -0.656159, 0.718319, -0.002831, -0.944772, -0.024792, -0.32679, -1.2e-05, 0.0, 0.0, 0.0, 1.0],
                [0.23217, -0.75455, -0.6138, -0.125006, -0.231287, -0.65577, 0.71866, -0.002831, -0.944777, -0.024887, -0.326768, -1.2e-05, 0.0, 0.0, 0.0, 1.0],
                [0.232105, -0.754884, -0.613414, -0.125006, -0.231332, -0.655382, 0.718999, -0.002831, -0.944782, -0.024981, -0.326747, -1.2e-05, 0.0, 0.0, 0.0, 1.0],
                [0.232041, -0.755217, -0.613029, -0.125006, -0.231376, -0.654994, 0.719338, -0.002831, -0.944787, -0.025075, -0.326725, -1.2e-05, 0.0, 0.0, 0.0, 1.0],
                [0.231976, -0.755548, -0.612645, -0.125006, -0.231421, -0.654609, 0.719675, -0.002831, -0.944792, -0.025168, -0.326703, -1.2e-05, 0.0, 0.0, 0.0, 1.0],
                [0.231911, -0.755878, -0.612262, -0.125006, -0.231466, -0.654224, 0.72001, -0.002831, -0.944797, -0.02526, -0.326682, -1.2e-05, 0.0, 0.0, 0.0, 1.0],
                [0.231846, -0.756207, -0.61188, -0.125006, -0.23151, -0.65384, 0.720344, -0.002831, -0.944802, -0.025352, -0.32666, -1.2e-05, 0.0, 0.0, 0.0, 1.0],
                [0.23178, -0.756535, -0.6115, -0.125006, -0.231555, -0.653457, 0.720677, -0.002831, -0.944807, -0.025443, -0.326638, -1.2e-05, 0.0, 0.0, 0.0, 1.0],
                [0.231715, -0.756861, -0.611121, -0.125006, -0.2316, -0.653076, 0.721008, -0.002831, -0.944812, -0.025533, -0.326617, -1.2e-05, 0.0, 0.0, 0.0, 1.0],
                [0.231721, -0.756832, -0.611154, -0.125006, -0.231596, -0.65311, 0.720979, -0.002831, -0.944811, -0.025525, -0.326619, -1.2e-05, 0.0, 0.0, 0.0, 1.0],
                [0.231738, -0.756748, -0.611252, -0.125006, -0.231584, -0.653208, 0.720893, -0.002831, -0.94481, -0.025502, -0.326624, -1.2e-05, 0.0, 0.0, 0.0, 1.0],
                [0.231765, -0.756613, -0.61141, -0.125006, -0.231566, -0.653367, 0.720756, -0.002831, -0.944808, -0.025464, -0.326633, -1.2e-05, 0.0, 0.0, 0.0, 1.0],
                [0.231802, -0.756429, -0.611623, -0.125006, -0.231541, -0.653581, 0.720569, -0.002831, -0.944805, -0.025413, -0.326645, -1.2e-05, 0.0, 0.0, 0.0, 1.0],
                [0.231847, -0.756201, -0.611888, -0.125006, -0.231509, -0.653848, 0.720337, -0.002831, -0.944802, -0.02535, -0.32666, -1.2e-05, 0.0, 0.0, 0.0, 1.0],
                [0.2319, -0.755931, -0.6122, -0.125006, -0.231473, -0.654162, 0.720064, -0.002831, -0.944798, -0.025275, -0.326678, -1.2e-05, 0.0, 0.0, 0.0, 1.0],
                [0.231961, -0.755625, -0.612556, -0.125006, -0.231431, -0.654519, 0.719752, -0.002831, -0.944793, -0.02519, -0.326698, -1.2e-05, 0.0, 0.0, 0.0, 1.0],
                [0.232027, -0.755284, -0.612951, -0.125006, -0.231385, -0.654916, 0.719406, -0.002831, -0.944788, -0.025094, -0.32672, -1.2e-05, 0.0, 0.0, 0.0, 1.0],
                [0.2321, -0.754913, -0.61338, -0.125006, -0.231336, -0.655348, 0.719029, -0.002831, -0.944782, -0.02499, -0.326745, -1.2e-05, 0.0, 0.0, 0.0, 1.0],
                [0.232177, -0.754515, -0.613841, -0.125006, -0.231283, -0.655811, 0.718624, -0.002831, -0.944776, -0.024877, -0.326771, -1.2e-05, 0.0, 0.0, 0.0, 1.0],
                [0.232258, -0.754093, -0.614328, -0.125006, -0.231227, -0.6563, 0.718195, -0.002831, -0.94477, -0.024757, -0.326798, -1.2e-05, 0.0, 0.0, 0.0, 1.0],
                [0.232342, -0.753651, -0.614838, -0.125006, -0.231169, -0.656812, 0.717746, -0.002831, -0.944763, -0.024631, -0.326826, -1.2e-05, 0.0, 0.0, 0.0, 1.0],
                [0.232429, -0.753194, -0.615366, -0.125006, -0.231109, -0.657341, 0.71728, -0.002831, -0.944757, -0.0245, -0.326856, -1.2e-05, 0.0, 0.0, 0.0, 1.0],
                [0.232518, -0.752724, -0.615907, -0.125006, -0.231048, -0.657885, 0.716801, -0.002831, -0.94475, -0.024365, -0.326886, -1.2e-05, 0.0, 0.0, 0.0, 1.0],
                [0.232607, -0.752245, -0.616458, -0.125006, -0.230987, -0.658437, 0.716314, -0.002831, -0.944743, -0.024226, -0.326916, -1.2e-05, 0.0, 0.0, 0.0, 1.0],
                [0.232697, -0.751762, -0.617013, -0.125006, -0.230925, -0.658994, 0.715821, -0.002831, -0.944736, -0.024085, -0.326947, -1.2e-05, 0.0, 0.0, 0.0, 1.0],
                [0.232786, -0.751278, -0.617569, -0.125006, -0.230864, -0.65955, 0.715328, -0.002831, -0.944729, -0.023944, -0.326977, -1.2e-05, 0.0, 0.0, 0.0, 1.0],
                [0.232874, -0.750798, -0.618119, -0.125006, -0.230804, -0.660102, 0.714839, -0.002831, -0.944722, -0.023803, -0.327008, -1.2e-05, 0.0, 0.0, 0.0, 1.0],
                [0.232959, -0.750325, -0.618661, -0.125006, -0.230745, -0.660644, 0.714357, -0.002831, -0.944715, -0.023663, -0.327037, -1.2e-05, 0.0, 0.0, 0.0, 1.0],
                [0.233042, -0.749865, -0.619188, -0.125006, -0.230688, -0.661172, 0.713887, -0.002831, -0.944709, -0.023527, -0.327066, -1.2e-05, 0.0, 0.0, 0.0, 1.0],
                [0.233122, -0.749421, -0.619695, -0.125006, -0.230633, -0.66168, 0.713433, -0.002831, -0.944702, -0.023394, -0.327093, -1.2e-05, 0.0, 0.0, 0.0, 1.0],
                [0.233197, -0.748997, -0.620179, -0.125006, -0.230581, -0.662164, 0.713001, -0.002831, -0.944696, -0.023268, -0.32712, -1.2e-05, 0.0, 0.0, 0.0, 1.0],
                [0.233267, -0.748598, -0.620634, -0.125006, -0.230533, -0.662619, 0.712594, -0.002831, -0.944691, -0.023148, -0.327144, -1.2e-05, 0.0, 0.0, 0.0, 1.0],
                [0.233332, -0.74823, -0.621054, -0.125006, -0.230489, -0.663039, 0.712218, -0.002831, -0.944686, -0.023037, -0.327167, -1.2e-05, 0.0, 0.0, 0.0, 1.0],
                [0.23339, -0.747895, -0.621435, -0.125006, -0.230448, -0.66342, 0.711876, -0.002831, -0.944681, -0.022936, -0.327187, -1.2e-05, 0.0, 0.0, 0.0, 1.0],
                [0.233441, -0.7476, -0.621771, -0.125006, -0.230413, -0.663756, 0.711574, -0.002831, -0.944677, -0.022847, -0.327205, -1.2e-05, 0.0, 0.0, 0.0, 1.0],
                [0.233485, -0.747348, -0.622058, -0.125006, -0.230383, -0.664042, 0.711316, -0.002831, -0.944674, -0.02277, -0.327221, -1.2e-05, 0.0, 0.0, 0.0, 1.0],
                [0.23352, -0.747144, -0.622289, -0.125006, -0.230359, -0.664273, 0.711108, -0.002831, -0.944671, -0.022708, -0.327233, -1.2e-05, 0.0, 0.0, 0.0, 1.0],
                [0.233546, -0.746993, -0.622461, -0.125006, -0.230341, -0.664445, 0.710954, -0.002831, -0.944669, -0.022662, -0.327242, -1.2e-05, 0.0, 0.0, 0.0, 1.0],
                [0.233562, -0.746899, -0.622568, -0.125006, -0.23033, -0.664552, 0.710858, -0.002831, -0.944667, -0.022634, -0.327248, -1.2e-05, 0.0, 0.0, 0.0, 1.0],
                [0.233568, -0.746866, -0.622604, -0.125006, -0.230326, -0.664588, 0.710825, -0.002831, -0.944667, -0.022624, -0.32725, -1.2e-05, 0.0, 0.0, 0.0, 1.0]
            ]
        },
        {
            "name": "Leg_L",
            "time": [0.0, 0.0167, 0.0333, 0.05, 0.0667, 0.0833, 0.1, 0.1167, 0.1333, 0.15, 0.1667, 0.1833, 0.2, 0.2167, 0.2333, 0.25, 0.2667, 0.2833, 0.3, 0.3167, 0.3333, 0.35, 0.3667, 0.3833, 0.4, 0.4167, 0.4333, 0.45, 0.4667, 0.4833, 0.5, 0.5167, 0.5333, 0.55, 0.5667, 0.5833, 0.6, 0.6167, 0.6333, 0.65, 0.6667, 0.6833, 0.7, 0.7167, 0.7333, 0.75, 0.7667, 0.7833, 0.8, 0.8167, 0.8333, 0.85, 0.8667, 0.8833, 0.9, 0.9167, 0.9333, 0.95, 0.9667, 0.9833, 1.0],
            "transform": [
                [1.0, -1e-06, 1e-06, 0.0, -0.0, 0.51236, 0.858771, 0.374726, -1e-06, -0.85877, 0.51236, 0.0, 0.0, 0.0, 0.0, 1.0],
                [1.0, -1e-06, 1e-06, 0.0, -0.0, 0.510823, 0.859686, 0.374726, -1e-06, -0.859686, 0.510822, 0.0, 0.0, 0.0, 0.0, 1.0],
                [1.0, -1e-06, 1e-06, -0.0, -0.0, 0.509287, 0.860597, 0.374726, -1e-06, -0.860596, 0.509287, -0.0, 0.0, 0.0, 0.0, 1.0],
