{
    "animation": [
        {
            "name": "Root",
            "time": [0.0, 0.0167, 0.0333, 0.05, 0.0667, 0.0833, 0.1, 0.1167, 0.1333, 0.15, 0.1667, 0.1833, 0.2, 0.2167, 0.2333, 0.25, 0.2667, 0.2833, 0.3, 0.3167, 0.3333, 0.35, 0.3667, 0.3833, 0.4, 0.4167, 0.4333, 0.45, 0.4667, 0.4833, 0.5, 0.5167, 0.5333, 0.55, 0.5667, 0.5833, 0.6, 0.6167, 0.6333, 0.65, 0.6667, 0.6833, 0.7, 0.7167, 0.7333, 0.75, 0.7667, 0.7833, 0.8, 0.8167, 0.8333, 0.85, 0.8667, 0.8833, 0.9, 0.9167, 0.9333, 0.95, 0.9667, 0.9833, 1.0, 1.0167, 1.0333, 1.05, 1.0667, 1.0833, 1.1, 1.1167, 1.1333, 1.15, 1.1667, 1.1833, 1.2, 1.2167, 1.2333, 1.25, 1.2667, 1.2833, 1.3, 1.3167, 1.3333, 1.35, 1.3667, 1.3833, 1.4, 1.4167],
            "transform": [
                [0.941787, 0.0, -0.336209, 0.009031, -0.336209, 0.0, -0.941787, -0.017044, 0.0, 1.0, 0.0, 0.763972, 0.0, 0.0, 0.0, 1.0],
                [0.941787, 0.0, -0.336209, 0.009031, -0.336209, 0.0, -0.941787, -0.017044, 0.0, 1.0, 0.0, 0.763972, 0.0, 0.0, 0.0, 1.0],
                [0.941787, 0.0, -0.336209, 0.009031, -0.336209, 0.0, -0.941787, -0.017044, 0.0, 1.0, 0.0, 0.763972, 0.0, 0.0, 0.0, 1.0],
                [0.941787, 0.0, -0.336209, 0.009031, -0.336209, 0.0, -0.941787, -0.017044, 0.0, 1.0, 0.0, 0.763972, 0.0, 0.0, 0.0, 1.0],
                [0.952886, 0.0, -0.303328, 0.009031, -0.303328, 0.0, -0.952886, -0.017044, 0.0, 1.0, 0.0, 0.763972, 0.0, 0.0, 0.0, 1.0],
                [0.962866, 0.0, -0.269981, 0.009031, -0.269981, 0.0, -0.962866, -0.017044, 0.0, 1.0, 0.0, 0.763972, 0.0, 0.0, 0.0, 1.0],
                [0.971699, 0.0, -0.236224, 0.009031, -0.236224, 0.0, -0.971699, -0.017044, 0.0, 1.0, 0.0, 0.763972, 0.0, 0.0, 0.0, 1.0],
                [0.979362, 0.0, -0.202116, 0.009031, -0.202116, 0.0, -0.979362, -0.017044, 0.0, 1.0, 0.0, 0.763972, 0.0, 0.0, 0.0, 1.0],
                [0.985835, 0.0, -0.167719, 0.009031, -0.167719, 0.0, -0.985835, -0.017044, 0.0, 1.0, 0.0, 0.763972, 0.0, 0.0, 0.0, 1.0],
                [0.991103, 0.0, -0.133095, 0.009031, -0.133095, 0.0, -0.991103, -0.017044, 0.0, 1.0, 0.0, 0.763972, 0.0, 0.0, 0.0, 1.0],
                [0.995156, 0.0, -0.098309, 0.009031, -0.098309, 0.0, -0.995156, -0.017044, 0.0, 1.0, 0.0, 0.763972, 0.0, 0.0, 0.0, 1.0],
                [0.997987, 0.0, -0.063422, 0.009031, -0.063422, 0.0, -0.997987, -0.017044, 0.0, 1.0, 0.0, 0.763972, 0.0, 0.0, 0.0, 1.0],
                [0.999594, 0.0, -0.028502, 0.009031, -0.028502, 0.0, -0.999594, -0.017044, 0.0, 1.0, 0.0, 0.763972, 0.0, 0.0, 0.0, 1.0],
                [0.999979, 0.0, 0.00639, 0.009031, 0.00639, 0.0, -0.999979, -0.017044, 0.0, 1.0, 0.0, 0.763972, 0.0, 0.0, 0.0, 1.0],
                [0.999151, 0.0, 0.041189, 0.009031, 0.041189, 0.0, -0.999151, -0.017044, 0.0, 1.0, 0.0, 0.763972, 0.0, 0.0, 0.0, 1.0],
                [0.99712, 0.0, 0.075832, 0.009031, 0.075832, 0.0, -0.99712, -0.017044, 0.0, 1.0, 0.0, 0.763972, 0.0, 0.0, 0.0, 1.0],
                [0.988743, 0.0, 0.149627, 0.009031, 0.149627, 0.0, -0.988743, -0.017044, 0.0, 1.0, 0.0, 0.763972, 0.0, 0.0, 0.0, 1.0],
                [0.974818, 0.0, 0.223002, 0.009031, 0.223002, 0.0, -0.974818, -0.017044, 0.0, 1.0, 0.0, 0.763972, 0.0, 0.0, 0.0, 1.0],
                [0.955395, 0.0, 0.295333, 0.009031, 0.295333, 0.0, -0.955395, -0.017044, 0.0, 1.0, 0.0, 0.763972, 0.0, 0.0, 0.0, 1.0],
                [0.930612, 0.0, 0.366007, 0.009031, 0.366007, 0.0, -0.930612, -0.017044, 0.0, 1.0, 0.0, 0.763972, 0.0, 0.0, 0.0, 1.0],
                [0.900701, 0.0, 0.43444, 0.009031, 0.43444, 0.0, -0.900701, -0.017044, 0.0, 1.0, 0.0, 0.763972, 0.0, 0.0, 0.0, 1.0],
                [0.865974, 0.0, 0.500089, 0.009031, 0.500089, 0.0, -0.865974, -0.017044, 0.0, 1.0, 0.0, 0.763972, 0.0, 0.0, 0.0, 1.0],
                [0.8767, 0.0, 0.481037, 0.009031, 0.481037, 0.0, -0.8767, -0.018748, 0.0, 1.0, 0.0, 0.7625, 0.0, 0.0, 0.0, 1.0],
                [0.887073, 0.0, 0.461629, 0.009031, 0.461629, 0.0, -0.887073, -0.020452, 0.0, 1.0, 0.0, 0.761028, 0.0, 0.0, 0.0, 1.0],
                [0.897077, 0.0, 0.441874, 0.009031, 0.441874, 0.0, -0.897077, -0.022156, 0.0, 1.0, 0.0, 0.759556, 0.0, 0.0, 0.0, 1.0],
                [0.906697, 0.0, 0.421782, 0.009031, 0.421782, 0.0, -0.906697, -0.023861, 0.0, 1.0, 0.0, 0.758084, 0.0, 0.0, 0.0, 1.0],
                [0.915919, 0.0, 0.401362, 0.009031, 0.401362, 0.0, -0.915919, -0.025565, 0.0, 1.0, 0.0, 0.756612, 0.0, 0.0, 0.0, 1.0],
                [0.924729, 0.0, 0.380626, 0.009031, 0.380626, 0.0, -0.924729, -0.027269, 0.0, 1.0, 0.0, 0.75514, 0.0, 0.0, 0.0, 1.0],
                [0.933112, 0.0, 0.359585, 0.009031, 0.359585, 0.0, -0.933112, -0.028974, 0.0, 1.0, 0.0, 0.753668, 0.0, 0.0, 0.0, 1.0],
                [0.941056, 0.0, 0.338252, 0.009031, 0.338252, 0.0, -0.941056, -0.030678, 0.0, 1.0, 0.0, 0.752196, 0.0, 0.0, 0.0, 1.0],
                [0.948546, 0.0, 0.316639, 0.009031, 0.316639, 0.0, -0.948546, -0.032382, 0.0, 1.0, 0.0, 0.750725, 0.0, 0.0, 0.0, 1.0],
                [0.955571, 0.0, 0.294762, 0.009031, 0.294762, 0.0, -0.955571, -0.034087, 0.0, 1.0, 0.0, 0.749253, 0.0, 0.0, 0.0, 1.0],
                [0.962118, 0.0, 0.272633, 0.009031, 0.272633, 0.0, -0.962118, -0.035791, 0.0, 1.0, 0.0, 0.747781, 0.0, 0.0, 0.0, 1.0],
                [0.968176, 0.0, 0.250268, 0.009031, 0.250268, 0.0, -0.968176, -0.037495, 0.0, 1.0, 0.0, 0.746309, 0.0, 0.0, 0.0, 1.0],
                [0.973735, 0.0, 0.227684, 0.009031, 0.227684, 0.0, -0.973735, -0.039199, 0.0, 1.0, 0.0, 0.744837, 0.0, 0.0, 0.0, 1.0],
                [0.978784, 0.0, 0.204897, 0.009031, 0.204897, 0.0, -0.978784, -0.040904, 0.0, 1.0, 0.0, 0.743365, 0.0, 0.0, 0.0, 1.0],
                [0.988689, 0.0, 0.149979, 0.009031, 0.149979, 0.0, -0.988689, -0.044297, 0.0, 1.0, 0.0, 0.740434, 0.0, 0.0, 0.0, 1.0],
                [0.995567, 0.0, 0.094056, 0.009031, 0.094056, 0.0, -0.995567, -0.047691, 0.0, 1.0, 0.0, 0.737504, 0.0, 0.0, 0.0, 1.0],
                [0.999301, 0.0, 0.037377, 0.009031, 0.037377, 0.0, -0.999301, -0.051084, 0.0, 1.0, 0.0, 0.734573, 0.0, 0.0, 0.0, 1.0],
                [0.999804, 0.0, -0.019792, 0.009031, -0.019792, 0.0, -0.999804, -0.054477, 0.0, 1.0, 0.0, 0.731642, 0.0, 0.0, 0.0, 1.0],
                [0.997017, 0.0, -0.077177, 0.009031, -0.077177, 0.0, -0.997017, -0.057871, 0.0, 1.0, 0.0, 0.728712, 0.0, 0.0, 0.0, 1.0],
                [0.994878, 0.0, -0.101083, 0.009031, -0.101083, 0.0, -0.994878, -0.059285, 0.0, 1.0, 0.0, 0.72749, 0.0, 0.0, 0.0, 1.0],
                [0.992162, 0.0, -0.124956, 0.009031, -0.124956, 0.0, -0.992162, -0.060699, 0.0, 1.0, 0.0, 0.726269, 0.0, 0.0, 0.0, 1.0],
                [0.988871, 0.0, -0.148776, 0.009031, -0.148776, 0.0, -0.988871, -0.062113, 0.0, 1.0, 0.0, 0.725048, 0.0, 0.0, 0.0, 1.0],
                [0.985006, 0.0, -0.172521, 0.009031, -0.172521, 0.0, -0.985006, -0.063527, 0.0, 1.0, 0.0, 0.723827, 0.0, 0.0, 0.0, 1.0],
                [0.98057, 0.0, -0.196171, 0.009031, -0.196171, 0.0, -0.98057, -0.064941, 0.0, 1.0, 0.0, 0.722606, 0.0, 0.0, 0.0, 1.0],
                [0.975566, 0.0, -0.219705, 0.009031, -0.219705, 0.0, -0.975566, -0.066355, 0.0, 1.0, 0.0, 0.721385, 0.0, 0.0, 0.0, 1.0],
                [0.97, 0.0, -0.243103, 0.009031, -0.243103, 0.0, -0.97, -0.067768, 0.0, 1.0, 0.0, 0.720164, 0.0, 0.0, 0.0, 1.0],
                [0.963878, 0.0, -0.266345, 0.009031, -0.266345, 0.0, -0.963878, -0.069182, 0.0, 1.0, 0.0, 0.718943, 0.0, 0.0, 0.0, 1.0],
                [0.957205, 0.0, -0.289412, 0.009031, -0.289412, 0.0, -0.957205, -0.070596, 0.0, 1.0, 0.0, 0.717721, 0.0, 0.0, 0.0, 1.0],
                [0.953507, 0.0, -0.30137, 0.009031, -0.30137, 0.0, -0.953507, -0.071334, 0.0, 1.0, 0.0, 0.717084, 0.0, 0.0, 0.0, 1.0],
                [0.949663, 0.0, -0.313272, 0.009031, -0.313272, 0.0, -0.949663, -0.072072, 0.0, 1.0, 0.0, 0.716447, 0.0, 0.0, 0.0, 1.0],
                [0.945674, 0.0, -0.325116, 0.009031, -0.325116, 0.0, -0.945674, -0.072809, 0.0, 1.0, 0.0, 0.71581, 0.0, 0.0, 0.0, 1.0],
                [0.941541, 0.0, -0.336898, 0.009031, -0.336898, 0.0, -0.941541, -0.073547, 0.0, 1.0, 0.0, 0.715173, 0.0, 0.0, 0.0, 1.0],
                [0.937265, 0.0, -0.348617, 0.009031, -0.348617, 0.0, -0.937265, -0.074285, 0.0, 1.0, 0.0, 0.714536, 0.0, 0.0, 0.0, 1.0],
                [0.932848, 0.0, -0.36027, 0.009031, -0.36027, 0.0, -0.932848, -0.075023, 0.0, 1.0, 0.0, 0.713899, 0.0, 0.0, 0.0, 1.0],
                [0.928291, 0.0, -0.371854, 0.009031, -0.371854, 0.0, -0.928291, -0.07576, 0.0, 1.0, 0.0, 0.713262, 0.0, 0.0, 0.0, 1.0],
                [0.923597, 0.0, -0.383366, 0.009031, -0.383366, 0.0, -0.923597, -0.076498, 0.0, 1.0, 0.0, 0.712625, 0.0, 0.0, 0.0, 1.0],
                [0.918765, 0.0, -0.394805, 0.009031, -0.394805, 0.0, -0.918765, -0.077236, 0.0, 1.0, 0.0, 0.711987, 0.0, 0.0, 0.0, 1.0],
                [0.913799, 0.0, -0.406167, 0.009031, -0.406167, 0.0, -0.913799, -0.077973, 0.0, 1.0, 0.0, 0.71135, 0.0, 0.0, 0.0, 1.0],
                [0.908699, 0.0, -0.417451, 0.009031, -0.417451, 0.0, -0.908699, -0.078711, 0.0, 1.0, 0.0, 0.710713, 0.0, 0.0, 0.0, 1.0],
                [0.903468, 0.0, -0.428655, 0.009031, -0.428655, 0.0, -0.903468, -0.079449, 0.0, 1.0, 0.0, 0.710076, 0.0, 0.0, 0.0, 1.0],
                [0.898108, 0.0, -0.439775, 0.009031, -0.439775, 0.0, -0.898108, -0.080186, 0.0, 1.0, 0.0, 0.709439, 0.0, 0.0, 0.0, 1.0],
                [0.89262, 0.0, -0.45081, 0.009031, -0.45081, 0.0, -0.89262, -0.080924, 0.0, 1.0, 0.0, 0.708802, 0.0, 0.0, 0.0, 1.0],
                [0.887006, 0.0, -0.461758, 0.009031, -0.461758, 0.0, -0.887006, -0.081662, 0.0, 1.0, 0.0, 0.708165, 0.0, 0.0, 0.0, 1.0],
                [0.881268, 0.0, -0.472617, 0.009031, -0.472617, 0.0, -0.881268, -0.0824, 0.0, 1.0, 0.0, 0.707528, 0.0, 0.0, 0.0, 1.0],
                [0.875409, 0.0, -0.483384, 0.009031, -0.483384, 0.0, -0.875409, -0.083137, 0.0, 1.0, 0.0, 0.706891, 0.0, 0.0, 0.0, 1.0],
                [0.869429, 0.0, -0.494058, 0.009031, -0.494058, 0.0, -0.869429, -0.083875, 0.0, 1.0, 0.0, 0.706254, 0.0, 0.0, 0.0, 1.0],
                [0.863332, 0.0, -0.504636, 0.009031, -0.504636, 0.0, -0.863332, -0.084613, 0.0, 1.0, 0.0, 0.705616, 0.0, 0.0, 0.0, 1.0],
                [0.857119, 0.0, -0.515118, 0.009031, -0.515118, 0.0, -0.857119, -0.08535, 0.0, 1.0, 0.0, 0.704979, 0.0, 0.0, 0.0, 1.0],
                [0.850793, 0.0, -0.525501, 0.009031, -0.525501, 0.0, -0.850793, -0.086088, 0.0, 1.0, 0.0, 0.704342, 0.0, 0.0, 0.0, 1.0],
                [0.844356, 0.0, -0.535783, 0.009031, -0.535783, 0.0, -0.844356, -0.086826, 0.0, 1.0, 0.0, 0.703705, 0.0, 0.0, 0.0, 1.0],
                [0.837809, 0.0, -0.545963, 0.009031, -0.545963, 0.0, -0.837809, -0.087564, 0.0, 1.0, 0.0, 0.703068, 0.0, 0.0, 0.0, 1.0],
                [0.815349, 0.0, -0.578969, 0.00963, -0.578969, 0.0, -0.815349, -0.091904, 0.0, 1.0, 0.0, 0.700168, 0.0, 0.0, 0.0, 1.0],
                [0.787779, 0.0, -0.615958, 0.011297, -0.615958, 0.0, -0.787779, -0.100019, 0.0, 1.0, 0.0, 0.695521, 0.0, 0.0, 0.0, 1.0],
                [0.755562, 0.0, -0.655076, 0.013839, -0.655076, 0.0, -0.755562, -0.111193, 0.0, 1.0, 0.0, 0.689471, 0.0, 0.0, 0.0, 1.0],
                [0.719413, 0.0, -0.694583, 0.01706, -0.694583, 0.0, -0.719413, -0.124707, 0.0, 1.0, 0.0, 0.682363, 0.0, 0.0, 0.0, 1.0],
                [0.680328, 0.0, -0.732908, 0.020767, -0.732908, 0.0, -0.680328, -0.139845, 0.0, 1.0, 0.0, 0.674541, 0.0, 0.0, 0.0, 1.0],
                [0.639581, 0.0, -0.768724, 0.024765, -0.768724, 0.0, -0.639581, -0.155888, 0.0, 1.0, 0.0, 0.666349, 0.0, 0.0, 0.0, 1.0],
                [0.598675, 0.0, -0.800992, 0.02886, -0.800992, 0.0, -0.598675, -0.17212, 0.0, 1.0, 0.0, 0.658132, 0.0, 0.0, 0.0, 1.0],
                [0.559282, 0.0, -0.828978, 0.032858, -0.828978, 0.0, -0.559282, -0.187823, 0.0, 1.0, 0.0, 0.650235, 0.0, 0.0, 0.0, 1.0],
                [0.523162, 0.0, -0.852233, 0.036565, -0.852233, 0.0, -0.523162, -0.20228, 0.0, 1.0, 0.0, 0.643, 0.0, 0.0, 0.0, 1.0],
                [0.492104, 0.0, -0.870536, 0.039786, -0.870536, 0.0, -0.492104, -0.214773, 0.0, 1.0, 0.0, 0.636774, 0.0, 0.0, 0.0, 1.0],
                [0.467867, 0.0, -0.883799, 0.042327, -0.883799, 0.0, -0.467867, -0.224584, 0.0, 1.0, 0.0, 0.631901, 0.0, 0.0, 0.0, 1.0],
                [0.452148, 0.0, -0.891943, 0.043995, -0.891943, 0.0, -0.452148, -0.230997, 0.0, 1.0, 0.0, 0.628724, 0.0, 0.0, 0.0, 1.0],
                [0.446565, 0.0, -0.894751, 0.044593, -0.894751, 0.0, -0.446565, -0.233295, 0.0, 1.0, 0.0, 0.627589, 0.0, 0.0, 0.0, 1.0]
            ]
        },
        {
            "name": "Thigh_R",
            "time": [0.0, 0.0167, 0.0333, 0.05, 0.0667, 0.0833, 0.1, 0.1167, 0.1333, 0.15, 0.1667, 0.1833, 0.2, 0.2167, 0.2333, 0.25, 0.2667, 0.2833, 0.3, 0.3167, 0.3333, 0.35, 0.3667, 0.3833, 0.4, 0.4167, 0.4333, 0.45, 0.4667, 0.4833, 0.5, 0.5167, 0.5333, 0.55, 0.5667, 0.5833, 0.6, 0.6167, 0.6333, 0.65, 0.6667, 0.6833, 0.7, 0.7167, 0.7333, 0.75, 0.7667, 0.7833, 0.8, 0.8167, 0.8333, 0.85, 0.8667, 0.8833, 0.9, 0.9167, 0.9333, 0.95, 0.9667, 0.9833, 1.0, 1.0167, 1.0333, 1.05, 1.0667, 1.0833, 1.1, 1.1167, 1.1333, 1.15, 1.1667, 1.1833, 1.2, 1.2167, 1.2333, 1.25, 1.2667, 1.2833, 1.3, 1.3167, 1.3333, 1.35, 1.3667, 1.3833, 1.4, 1.4167],
            "transform": [
                [0.989256, 0.144953, 0.018998, 0.124994, 0.143085, -0.986666, 0.077542, -0.002831, 0.029985, -0.073991, -0.996808, -1.2e-05, 0.0, 0.0, 0.0, 1.0],
                [0.989256, 0.144953, 0.018998, 0.124994, 0.143085, -0.986666, 0.077542, -0.002831, 0.029985, -0.073991, -0.996808, -1.2e-05, 0.0, 0.0, 0.0, 1.0],
                [0.989256, 0.144953, 0.018998, 0.124994, 0.143085, -0.986666, 0.077542, -0.002831, 0.029985, -0.073991, -0.996808, -1.2e-05, 0.0, 0.0, 0.0, 1.0],
                [0.989256, 0.144953, 0.018998, 0.124994, 0.143085, -0.986666, 0.077542, -0.002831, 0.029985, -0.073991, -0.996808, -1.2e-05, 0.0, 0.0, 0.0, 1.0],
                [0.987558, 0.147259, 0.055156, 0.124994, 0.143381, -0.987279, 0.068698, -0.002831, 0.064571, -0.059935, -0.996112, -1.2e-05, 0.0, 0.0, 0.0, 1.0],
                [0.984589, 0.14894, 0.09166, 0.124994, 0.143899, -0.987807, 0.059382, -0.002831, 0.099387, -0.045277, -0.994018, -1.2e-05, 0.0, 0.0, 0.0, 1.0],
                [0.980318, 0.149925, 0.128446, 0.124994, 0.144642, -0.98824, 0.049568, -0.002831, 0.134367, -0.030014, -0.990477, -1.2e-05, 0.0, 0.0, 0.0, 1.0],
                [0.974723, 0.150142, 0.165444, 0.124994, 0.145616, -0.988561, 0.039229, -0.002831, 0.169442, -0.014147, -0.985439, -1.2e-05, 0.0, 0.0, 0.0, 1.0],
                [0.967784, 0.149514, 0.202583, 0.124994, 0.146822, -0.988755, 0.028338, -0.002831, 0.204542, 0.002319, -0.978855, -1.2e-05, 0.0, 0.0, 0.0, 1.0],
                [0.959486, 0.147916, 0.239806, 0.124994, 0.148263, -0.988805, 0.016697, -0.002831, 0.239592, 0.019534, -0.970677, -1.2e-05, 0.0, 0.0, 0.0, 1.0],
                [0.94982, 0.145291, 0.277006, 0.124994, 0.149941, -0.988683, 0.004444, -0.002831, 0.274517, 0.037314, -0.960858, -1.2e-05, 0.0, 0.0, 0.0, 1.0],
                [0.938782, 0.141493, 0.314115, 0.124994, 0.151854, -0.988364, -0.008629, -0.002831, 0.309239, 0.055801, -0.949346, -1.2e-05, 0.0, 0.0, 0.0, 1.0],
                [0.926373, 0.136298, 0.351079, 0.124994, 0.154002, -0.987804, -0.022862, -0.002831, 0.343681, 0.075245, -0.936067, -1.2e-05, 0.0, 0.0, 0.0, 1.0],
                [0.9126, 0.129504, 0.387801, 0.124994, 0.156382, -0.986947, -0.038424, -0.002831, 0.377763, 0.09571, -0.920942, -1.2e-05, 0.0, 0.0, 0.0, 1.0],
                [0.897478, 0.120722, 0.424216, 0.124994, 0.158992, -0.985697, -0.055859, -0.002831, 0.411405, 0.117579, -0.903837, -1.2e-05, 0.0, 0.0, 0.0, 1.0],
                [0.881025, 0.108999, 0.460342, 0.124994, 0.161827, -0.983827, -0.076763, -0.002831, 0.44453, 0.142125, -0.884417, -1.2e-05, 0.0, 0.0, 0.0, 1.0],
                [0.8412, 0.068116, 0.536416, 0.124994, 0.168668, -0.975589, -0.14062, -0.002831, 0.513744, 0.208765, -0.832157, -1.2e-05, 0.0, 0.0, 0.0, 1.0],
                [0.794888, 0.051764, 0.604544, 0.124994, 0.176588, -0.972959, -0.148878, -0.002831, 0.580491, 0.225095, -0.782536, -1.2e-05, 0.0, 0.0, 0.0, 1.0],
                [0.742288, 0.034233, 0.669206, 0.124994, 0.185535, -0.970147, -0.15617, -0.002831, 0.643882, 0.240084, -0.726482, -1.2e-05, 0.0, 0.0, 0.0, 1.0],
                [0.683764, 0.015683, 0.729535, 0.124994, 0.195433, -0.967179, -0.16238, -0.002831, 0.703045, 0.253603, -0.664389, -1.2e-05, 0.0, 0.0, 0.0, 1.0],
                [0.619839, -0.003708, 0.784721, 0.124994, 0.206174, -0.964087, -0.16741, -0.002831, 0.75716, 0.265555, -0.596815, -1.2e-05, 0.0, 0.0, 0.0, 1.0],
                [0.551186, -0.023754, 0.834045, 0.124994, 0.21763, -0.9609, -0.17119, -0.002831, 0.8055, 0.27587, -0.524466, -1.2e-05, 0.0, 0.0, 0.0, 1.0],
                [0.57092, -0.020285, 0.820755, 0.124994, 0.216852, -0.960465, -0.174582, -0.002831, 0.791849, 0.277654, -0.543951, -1.2e-05, 0.0, 0.0, 0.0, 1.0],
                [0.590393, -0.016638, 0.806944, 0.124994, 0.216089, -0.960029, -0.177894, -0.002831, 0.777651, 0.279399, -0.5632, -1.2e-05, 0.0, 0.0, 0.0, 1.0],
                [0.609582, -0.012811, 0.79262, 0.124994, 0.215346, -0.959592, -0.181126, -0.002831, 0.762912, 0.281098, -0.582192, -1.2e-05, 0.0, 0.0, 0.0, 1.0],
                [0.628464, -0.008802, 0.777789, 0.124994, 0.214627, -0.959153, -0.184277, -0.002831, 0.747642, 0.282745, -0.600905, -1.2e-05, 0.0, 0.0, 0.0, 1.0],
                [0.647015, -0.004614, 0.762464, 0.124994, 0.213938, -0.958712, -0.187346, -0.002831, 0.731848, 0.284335, -0.619315, -1.2e-05, 0.0, 0.0, 0.0, 1.0],
                [0.665213, -0.000244, 0.746654, 0.124994, 0.213282, -0.95827, -0.190333, -0.002831, 0.715543, 0.285859, -0.637403, -1.2e-05, 0.0, 0.0, 0.0, 1.0],
                [0.683036, 0.004306, 0.730372, 0.124994, 0.212666, -0.957825, -0.193236, -0.002831, 0.698737, 0.287312, -0.655147, -1.2e-05, 0.0, 0.0, 0.0, 1.0],
                [0.700463, 0.009036, 0.713632, 0.124994, 0.212093, -0.957379, -0.196057, -0.002831, 0.681446, 0.288687, -0.672526, -1.2e-05, 0.0, 0.0, 0.0, 1.0],
                [0.717472, 0.013945, 0.696449, 0.124994, 0.211569, -0.95693, -0.198796, -0.002831, 0.663681, 0.289977, -0.689522, -1.2e-05, 0.0, 0.0, 0.0, 1.0],
                [0.734043, 0.019031, 0.678837, 0.124994, 0.211099, -0.956479, -0.201452, -0.002831, 0.64546, 0.291175, -0.706115, -1.2e-05, 0.0, 0.0, 0.0, 1.0],
                [0.750156, 0.024293, 0.660814, 0.124994, 0.210687, -0.956024, -0.204026, -0.002831, 0.626798, 0.292275, -0.722287, -1.2e-05, 0.0, 0.0, 0.0, 1.0],
                [0.765794, 0.037813, 0.641974, 0.124994, 0.210338, -0.958089, -0.194474, -0.002831, 0.607715, 0.283958, -0.741654, -1.2e-05, 0.0, 0.0, 0.0, 1.0],
                [0.780938, 0.067579, 0.620942, 0.124994, 0.210057, -0.964639, -0.159196, -0.002831, 0.588228, 0.254755, -0.767521, -1.2e-05, 0.0, 0.0, 0.0, 1.0],
                [0.795571, 0.08494, 0.599876, 0.124994, 0.209848, -0.967466, -0.141317, -0.002831, 0.568357, 0.23831, -0.787514, -1.2e-05, 0.0, 0.0, 0.0, 1.0],
                [0.828584, 0.114861, 0.547956, 0.124994, 0.208656, -0.971569, -0.11186, -0.002831, 0.519529, 0.207019, -0.828995, -1.2e-05, 0.0, 0.0, 0.0, 1.0],
                [0.858522, 0.137656, 0.493955, 0.124994, 0.207943, -0.973992, -0.089983, -0.002831, 0.468722, 0.179966, -0.864819, -1.2e-05, 0.0, 0.0, 0.0, 1.0],
                [0.885201, 0.156307, 0.438163, 0.124994, 0.207765, -0.975543, -0.071731, -0.002831, 0.416235, 0.154531, -0.896029, -1.2e-05, 0.0, 0.0, 0.0, 1.0],
                [0.908479, 0.171891, 0.380943, 0.124994, 0.208173, -0.976495, -0.055834, -0.002831, 0.362392, 0.130025, -0.922911, -1.2e-05, 0.0, 0.0, 0.0, 1.0],
                [0.928255, 0.185071, 0.322632, 0.124994, 0.209211, -0.976988, -0.041497, -0.002831, 0.307528, 0.106018, -0.945615, -1.2e-05, 0.0, 0.0, 0.0, 1.0],
                [0.935445, 0.189945, 0.298099, 0.124994, 0.209838, -0.977075, -0.035895, -0.002831, 0.284447, 0.09613, -0.95386, -1.2e-05, 0.0, 0.0, 0.0, 1.0],
                [0.942013, 0.194488, 0.273466, 0.124994, 0.210583, -0.977099, -0.030489, -0.002831, 0.261274, 0.086308, -0.961398, -1.2e-05, 0.0, 0.0, 0.0, 1.0],
                [0.947961, 0.198718, 0.24876, 0.124994, 0.211448, -0.977061, -0.025264, -0.002831, 0.238033, 0.076549, -0.968236, -1.2e-05, 0.0, 0.0, 0.0, 1.0],
                [0.953286, 0.202652, 0.224004, 0.124994, 0.212435, -0.976964, -0.02021, -0.002831, 0.214749, 0.066852, -0.974379, -1.2e-05, 0.0, 0.0, 0.0, 1.0],
                [0.95799, 0.206306, 0.199225, 0.124994, 0.213545, -0.976811, -0.01532, -0.002831, 0.191445, 0.057219, -0.979834, -1.2e-05, 0.0, 0.0, 0.0, 1.0],
                [0.962078, 0.209694, 0.174448, 0.124994, 0.21478, -0.976603, -0.010585, -0.002831, 0.168147, 0.047651, -0.984609, -1.2e-05, 0.0, 0.0, 0.0, 1.0],
                [0.965554, 0.21283, 0.149698, 0.124994, 0.216139, -0.976342, -0.006002, -0.002831, 0.144879, 0.03815, -0.988714, -1.2e-05, 0.0, 0.0, 0.0, 1.0],
                [0.96842, 0.215727, 0.124997, 0.124994, 0.217625, -0.97603, -0.001567, -0.002831, 0.121663, 0.02872, -0.992156, -1.2e-05, 0.0, 0.0, 0.0, 1.0],
                [0.970684, 0.218397, 0.10037, 0.124994, 0.219236, -0.975666, 0.002724, -0.002831, 0.098523, 0.01936, -0.994947, -1.2e-05, 0.0, 0.0, 0.0, 1.0],
                [0.970617, 0.215926, 0.106199, 0.124994, 0.21678, -0.976212, 0.00358, -0.002831, 0.104446, 0.019547, -0.994339, -1.2e-05, 0.0, 0.0, 0.0, 1.0],
                [0.970278, 0.213885, 0.113193, 0.124994, 0.214859, -0.976636, 0.003669, -0.002831, 0.111333, 0.020761, -0.993566, -1.2e-05, 0.0, 0.0, 0.0, 1.0],
                [0.969635, 0.212304, 0.121389, 0.124994, 0.213519, -0.976932, 0.003064, -0.002831, 0.11924, 0.022948, -0.992601, -1.2e-05, 0.0, 0.0, 0.0, 1.0],
                [0.968645, 0.211213, 0.130828, 0.124994, 0.212808, -0.977091, 0.001833, -0.002831, 0.128218, 0.026065, -0.991404, -1.2e-05, 0.0, 0.0, 0.0, 1.0],
                [0.967261, 0.210635, 0.141556, 0.124994, 0.212773, -0.9771, 3.9e-05, -0.002831, 0.138323, 0.030082, -0.98993, -1.2e-05, 0.0, 0.0, 0.0, 1.0],
                [0.965428, 0.210591, 0.153621, 0.124994, 0.213464, -0.976947, -0.002258, -0.002831, 0.149604, 0.034972, -0.988127, -1.2e-05, 0.0, 0.0, 0.0, 1.0],
                [0.96308, 0.211098, 0.167073, 0.124994, 0.214933, -0.976614, -0.004999, -0.002831, 0.162111, 0.040723, -0.985932, -1.2e-05, 0.0, 0.0, 0.0, 1.0],
                [0.960143, 0.212167, 0.18196, 0.124994, 0.217229, -0.976085, -0.00812, -0.002831, 0.175886, 0.047323, -0.983273, -1.2e-05, 0.0, 0.0, 0.0, 1.0],
                [0.956533, 0.213802, 0.198326, 0.124994, 0.220403, -0.975339, -0.01156, -0.002831, 0.190963, 0.054769, -0.980068, -1.2e-05, 0.0, 0.0, 0.0, 1.0],
                [0.952154, 0.216002, 0.216208, 0.124994, 0.224502, -0.974353, -0.015252, -0.002831, 0.207369, 0.063061, -0.976229, -1.2e-05, 0.0, 0.0, 0.0, 1.0],
                [0.946901, 0.218754, 0.235636, 0.124994, 0.229567, -0.973103, -0.019124, -0.002831, 0.225115, 0.072203, -0.971654, -1.2e-05, 0.0, 0.0, 0.0, 1.0],
                [0.940661, 0.222039, 0.256623, 0.124994, 0.235637, -0.971565, -0.023104, -0.002831, 0.244196, 0.082203, -0.966236, -1.2e-05, 0.0, 0.0, 0.0, 1.0],
                [0.933311, 0.225822, 0.279166, 0.124994, 0.242739, -0.969711, -0.027113, -0.002831, 0.264588, 0.093069, -0.95986, -1.2e-05, 0.0, 0.0, 0.0, 1.0],
                [0.924727, 0.230057, 0.303239, 0.124994, 0.250892, -0.967515, -0.031071, -0.002831, 0.28624, 0.104812, -0.952408, -1.2e-05, 0.0, 0.0, 0.0, 1.0],
                [0.920776, 0.254603, 0.295546, 0.124994, 0.270562, -0.962604, -0.013684, -0.002831, 0.28101, 0.092563, -0.955231, -1.2e-05, 0.0, 0.0, 0.0, 1.0],
                [0.916181, 0.278639, 0.288048, 0.124994, 0.290158, -0.956973, 0.002825, -0.002831, 0.276441, 0.080991, -0.957613, -1.2e-05, 0.0, 0.0, 0.0, 1.0],
                [0.910917, 0.302202, 0.280896, 0.124994, 0.30966, -0.950664, 0.018582, -0.002831, 0.272654, 0.070056, -0.959559, -1.2e-05, 0.0, 0.0, 0.0, 1.0],
                [0.904952, 0.32533, 0.274263, 0.124994, 0.329047, -0.94371, 0.033711, -0.002831, 0.269792, 0.059739, -0.961064, -1.2e-05, 0.0, 0.0, 0.0, 1.0],
                [0.898244, 0.348061, 0.268348, 0.124994, 0.348301, -0.936134, 0.048344, -0.002831, 0.268037, 0.050041, -0.962109, -1.2e-05, 0.0, 0.0, 0.0, 1.0],
                [0.890731, 0.370438, 0.263387, 0.124994, 0.367398, -0.927951, 0.06263, -0.002831, 0.267611, 0.040981, -0.962655, -1.2e-05, 0.0, 0.0, 0.0, 1.0],
                [0.88233, 0.392513, 0.259667, 0.124994, 0.386315, -0.919167, 0.076747, -0.002831, 0.268802, 0.032597, -0.962644, -1.2e-05, 0.0, 0.0, 0.0, 1.0],
                [0.872916, 0.41435, 0.257548, 0.124994, 0.405021, -0.909774, 0.090922, -0.002831, 0.271984, 0.024945, -0.961979, -1.2e-05, 0.0, 0.0, 0.0, 1.0],
                [0.862309, 0.436029, 0.257489, 0.124994, 0.423474, -0.899748, 0.105449, -0.002831, 0.277654, 0.01811, -0.960511, -1.2e-05, 0.0, 0.0, 0.0, 1.0],
                [0.826734, 0.47068, 0.308171, 0.124994, 0.450985, -0.88193, 0.137144, -0.002831, 0.336336, 0.025599, -0.941394, -1.2e-05, 0.0, 0.0, 0.0, 1.0],
                [0.786749, 0.506655, 0.352598, 0.124994, 0.473277, -0.861829, 0.182366, -0.002831, 0.396275, 0.0234, -0.917834, -1.2e-05, 0.0, 0.0, 0.0, 1.0],
                [0.751181, 0.540414, 0.379048, 0.124994, 0.488586, -0.841318, 0.231222, -0.002831, 0.443856, 0.011508, -0.896024, -1.2e-05, 0.0, 0.0, 0.0, 1.0],
                [0.72673, 0.569794, 0.383662, 0.124994, 0.498423, -0.82173, 0.276285, -0.002831, 0.472692, -0.009559, -0.881176, -1.2e-05, 0.0, 0.0, 0.0, 1.0],
                [0.714849, 0.593887, 0.369171, 0.124994, 0.505269, -0.803637, 0.314432, -0.002831, 0.483418, -0.038241, -0.874555, -1.2e-05, 0.0, 0.0, 0.0, 1.0],
                [0.71318, 0.612483, 0.340936, 0.124994, 0.510904, -0.78718, 0.345431, -0.002831, 0.479949, -0.072169, -0.874323, -1.2e-05, 0.0, 0.0, 0.0, 1.0],
                [0.718108, 0.625794, 0.304467, 0.124994, 0.516151, -0.77238, 0.370156, -0.002831, 0.466806, -0.108661, -0.877659, -1.2e-05, 0.0, 0.0, 0.0, 1.0],
                [0.726334, 0.634367, 0.264605, 0.124994, 0.52121, -0.759292, 0.389632, -0.002831, 0.448083, -0.145088, -0.88214, -1.2e-05, 0.0, 0.0, 0.0, 1.0],
                [0.735405, 0.639032, 0.225423, 0.124994, 0.525962, -0.748045, 0.404711, -0.002831, 0.42725, -0.179062, -0.886225, -1.2e-05, 0.0, 0.0, 0.0, 1.0],
                [0.743715, 0.640828, 0.190332, 0.124994, 0.530155, -0.73883, 0.41601, -0.002831, 0.407214, -0.208487, -0.889219, -1.2e-05, 0.0, 0.0, 0.0, 1.0],
                [0.750302, 0.640881, 0.162229, 0.124994, 0.533493, -0.731889, 0.423936, -0.002831, 0.390426, -0.231532, -0.891045, -1.2e-05, 0.0, 0.0, 0.0, 1.0],
                [0.754588, 0.640281, 0.143654, 0.124994, 0.535683, -0.727499, 0.428704, -0.002831, 0.378999, -0.246541, -0.891951, -1.2e-05, 0.0, 0.0, 0.0, 1.0],
                [0.756128, 0.639931, 0.136953, 0.124994, 0.536463, -0.725965, 0.430326, -0.002831, 0.374803, -0.251911, -0.892224, -1.2e-05, 0.0, 0.0, 0.0, 1.0]
            ]
        },
        {
            "name": "Leg_R",
            "time": [0.0, 0.0167, 0.0333, 0.05, 0.0667, 0.0833, 0.1, 0.1167, 0.1333, 0.15, 0.1667, 0.1833, 0.2, 0.2167, 0.2333, 0.25, 0.2667, 0.2833, 0.3, 0.3167, 0.3333, 0.35, 0.3667, 0.3833, 0.4, 0.4167, 0.4333, 0.45, 0.4667, 0.4833, 0.5, 0.5167, 0.5333, 0.55, 0.5667, 0.5833, 0.6, 0.6167, 0.6333, 0.65, 0.6667, 0.6833, 0.7, 0.7167, 0.7333, 0.75, 0.7667, 0.7833, 0.8, 0.8167, 0.8333, 0.85, 0.8667, 0.8833, 0.9, 0.9167, 0.9333, 0.95, 0.9667, 0.9833, 1.0, 1.0167, 1.0333, 1.05, 1.0667, 1.0833, 1.1, 1.1167, 1.1333, 1.15, 1.1667, 1.1833, 1.2, 1.2167, 1.2333, 1.25, 1.2667, 1.2833, 1.3, 1.3167, 1.3333, 1.35, 1.3667, 1.3833, 1.4, 1.4167],
            "transform": [
                [1.0, -0.0, 1e-06, 0.0, -0.0, 0.955234, 0.295858, 0.374726, -1e-06, -0.295859, 0.955229, 0.0, 0.0, 0.0, 0.0, 1.0],
                [1.0, -0.0, 1e-06, 0.0, -0.0, 0.955234, 0.295858, 0.374726, -1e-06, -0.295859, 0.955229, 0.0, 0.0, 0.0, 0.0, 1.0],
                [1.0, -0.0, 1e-06, 0.0, -0.0, 0.955234, 0.295858, 0.374726, -1e-06, -0.295859, 0.955229, 0.0, 0.0, 0.0, 0.0, 1.0],
                [1.0, -0.0, 1e-06, 0.0, -0.0, 0.955234, 0.295858, 0.374726, -1e-06, -0.295859, 0.955229, 0.0, 0.0, 0.0, 0.0, 1.0],
                [1.0, -0.0, 1e-06, -0.0, -0.0, 0.957092, 0.289791, 0.374726, -1e-06, -0.289791, 0.957087, -0.0, 0.0, 0.0, 0.0, 1.0],
                [1.0, -0.0, 1e-06, 0.0, -0.0, 0.959199, 0.28274, 0.374726, -1e-06, -0.282741, 0.959194, 0.0, 0.0, 0.0, 0.0, 1.0],
                [1.0, -0.0, 1e-06, 0.0, -0.0, 0.961553, 0.274627, 0.374726, -1e-06, -0.274627, 0.961548, -0.0, 0.0, 0.0, 0.0, 1.0],
                [1.0, -0.0, 1e-06, 0.0, -0.0, 0.964152, 0.26536, 0.374726, -1e-06, -0.265361, 0.964146, 0.0, 0.0, 0.0, 0.0, 1.0],
                [1.0, -0.0, 1e-06, 0.0, -0.0, 0.966983, 0.254851, 0.374726, -1e-06, -0.254851, 0.966978, 0.0, 0.0, 0.0, 0.0, 1.0],
                [1.0, -0.0, 1e-06, 0.0, -0.0, 0.97011, 0.242673, 0.374726, -1e-06, -0.242673, 0.970105, -0.0, 0.0, 0.0, 0.0, 1.0],
                [1.0, -0.0, 1e-06, 0.0, -0.0, 0.973417, 0.229049, 0.374726, -1e-06, -0.229049, 0.973412, -0.0, 0.0, 0.0, 0.0, 1.0],
                [1.0, -0.0, 1e-06, 0.0, -0.0, 0.97694, 0.213527, 0.374726, -1e-06, -0.213528, 0.976934, 0.0, 0.0, 0.0, 0.0, 1.0],
                [1.0, -0.0, 1e-06, -0.0, -0.0, 0.98073, 0.195381, 0.374726, -1e-06, -0.195382, 0.980724, -0.0, 0.0, 0.0, 0.0, 1.0],
                [1.0, -0.0, 1e-06, -0.0, -0.0, 0.984711, 0.174211, 0.374726, -1e-06, -0.174212, 0.984706, -0.0, 0.0, 0.0, 0.0, 1.0],
                [1.0, -0.0, 1e-06, -0.0, -0.0, 0.988862, 0.148855, 0.374726, -1e-06, -0.148855, 0.988856, -0.0, 0.0, 0.0, 0.0, 1.0],
                [1.0, -0.0, 1e-06, 0.0, -0.0, 0.993251, 0.116007, 0.374726, -1e-06, -0.116007, 0.993246, -0.0, 0.0, 0.0, 0.0, 1.0],
                [1.0, 0.0, 1e-06, -0.0, 0.0, 0.999992, 0.004681, 0.374726, -1e-06, -0.004681, 0.999986, 0.0, 0.0, 0.0, 0.0, 1.0],
                [1.0, -0.0, 1e-06, 0.0, 0.0, 0.999992, 0.004684, 0.374726, -1e-06, -0.004684, 0.999986, 0.0, 0.0, 0.0, 0.0, 1.0],
                [1.0, -0.0, 1e-06, -0.0, 0.0, 0.999992, 0.004687, 0.374726, -1e-06, -0.004687, 0.999986, 0.0, 0.0, 0.0, 0.0, 1.0],
                [1.0, -0.0, 1e-06, 0.0, -0.0, 0.999992, 0.00469, 0.374726, -1e-06, -0.004691, 0.999986, -0.0, 0.0, 0.0, 0.0, 1.0],
                [1.0, 0.0, 1e-06, 0.0, -0.0, 0.999992, 0.004694, 0.374726, -1e-06, -0.004694, 0.999986, 0.0, 0.0, 0.0, 0.0, 1.0],
                [1.0, -0.0, 1e-06, -0.0, -0.0, 0.999992, 0.004698, 0.374726, -1e-06, -0.004698, 0.999986, -0.0, 0.0, 0.0, 0.0, 1.0],
                [1.0, 0.0, 1e-06, -0.0, 0.0, 0.999991, 0.004696, 0.374726, -1e-06, -0.004696, 0.999986, -0.0, 0.0, 0.0, 0.0, 1.0],
                [1.0, -0.0, 1e-06, 0.0, -0.0, 0.999991, 0.004695, 0.374726, -1e-06, -0.004695, 0.999986, -0.0, 0.0, 0.0, 0.0, 1.0],
                [1.0, 0.0, 1e-06, -0.0, -0.0, 0.999992, 0.004693, 0.374726, -1e-06, -0.004693, 0.999986, 0.0, 0.0, 0.0, 0.0, 1.0],
                [1.0, 0.0, 1e-06, 0.0, 0.0, 0.999992, 0.004692, 0.374726, -1e-06, -0.004692, 0.999986, -0.0, 0.0, 0.0, 0.0, 1.0],
                [1.000001, 0.0, 1e-06, -0.0, 0.0, 0.999992, 0.00469, 0.374726, -1e-06, -0.00469, 0.999986, 0.0, 0.0, 0.0, 0.0, 1.0],
                [1.0, -0.0, 1e-06, 0.0, 0.0, 0.999992, 0.004689, 0.374726, -1e-06, -0.004689, 0.999986, -0.0, 0.0, 0.0, 0.0, 1.0],
                [1.0, 0.0, 1e-06, -0.0, -0.0, 0.999991, 0.004687, 0.374726, -1e-06, -0.004687, 0.999986, 0.0, 0.0, 0.0, 0.0, 1.0],
                [1.0, 0.0, 1e-06, 0.0, 0.0, 0.999992, 0.004686, 0.374726, -1e-06, -0.004686, 0.999986, 0.0, 0.0, 0.0, 0.0, 1.0],
                [1.0, -0.0, 1e-06, 0.0, -0.0, 0.999992, 0.004684, 0.374726, -1e-06, -0.004684, 0.999986, 0.0, 0.0, 0.0, 0.0, 1.0],
                [1.0, -0.0, 1e-06, -0.0, -0.0, 0.999992, 0.004683, 0.374726, -1e-06, -0.004683, 0.999986, 0.0, 0.0, 0.0, 0.0, 1.0],
                [1.0, 0.0, 1e-06, 0.0, 0.0, 0.999992, 0.004681, 0.374726, -1e-06, -0.004681, 0.999986, 0.0, 0.0, 0.0, 0.0, 1.0],
                [1.0, -0.0, 1e-06, -0.0, -0.0, 0.999557, 0.029839, 0.374726, -1e-06, -0.029839, 0.999552, 0.0, 0.0, 0.0, 0.0, 1.0],
                [1.0, -0.0, 1e-06, -0.0, -0.0, 0.994151, 0.108025, 0.374726, -1e-06, -0.108026, 0.994145, 0.0, 0.0, 0.0, 0.0, 1.0],
                [1.0, -0.0, 1e-06, -0.0, -0.0, 0.988758, 0.149545, 0.374726, -1e-06, -0.149545, 0.988752, 0.0, 0.0, 0.0, 0.0, 1.0],
                [1.000001, -0.0, 1e-06, 0.0, -0.0, 0.976317, 0.216359, 0.374726, -1e-06, -0.216359, 0.976311, -0.0, 0.0, 0.0, 0.0, 1.0],
                [1.0, -0.0, 1e-06, -0.0, -0.0, 0.963956, 0.266072, 0.374726, -1e-06, -0.266072, 0.96395, 0.0, 0.0, 0.0, 0.0, 1.0],
                [1.0, -0.0, 1e-06, 0.0, -0.0, 0.951688, 0.307071, 0.374726, -1e-06, -0.307072, 0.951684, 0.0, 0.0, 0.0, 0.0, 1.0],
                [1.0, -0.0, 1e-06, 0.0, -0.0, 0.93965, 0.342144, 0.374726, -1e-06, -0.342145, 0.939645, 0.0, 0.0, 0.0, 0.0, 1.0],
                [1.0, -0.0, 1e-06, -0.0, -0.0, 0.927816, 0.373044, 0.374726, -1e-06, -0.373045, 0.927811, 0.0, 0.0, 0.0, 0.0, 1.0],
                [1.0, -0.0, 1e-06, 0.0, -0.0, 0.92296, 0.384902, 0.374726, -1e-06, -0.384903, 0.922955, -0.0, 0.0, 0.0, 0.0, 1.0],
                [1.0, -0.0, 1e-06, -0.0, -0.0, 0.918157, 0.396222, 0.374726, -1e-06, -0.396223, 0.918152, -0.0, 0.0, 0.0, 0.0, 1.0],
                [1.0, -0.0, 1e-06, 0.0, -0.0, 0.913412, 0.407042, 0.374726, -1e-06, -0.407043, 0.913406, -0.0, 0.0, 0.0, 0.0, 1.0],
                [1.0, -0.0, 1e-06, -0.0, -0.0, 0.908727, 0.417395, 0.374726, -1e-06, -0.417396, 0.908722, -0.0, 0.0, 0.0, 0.0, 1.0],
                [1.0, -0.0, 1e-06, -0.0, -0.0, 0.90411, 0.427303, 0.374726, -1e-06, -0.427304, 0.904105, -0.0, 0.0, 0.0, 0.0, 1.0],
                [1.0, -0.0, 1e-06, -0.0, -0.0, 0.899563, 0.436794, 0.374726, -1e-06, -0.436795, 0.899559, -0.0, 0.0, 0.0, 0.0, 1.0],
                [1.0, -0.0, 1e-06, -0.0, -0.0, 0.895093, 0.445884, 0.374726, -1e-06, -0.445885, 0.895088, -0.0, 0.0, 0.0, 0.0, 1.0],
                [1.0, -0.0, 1e-06, 0.0, -0.0, 0.890704, 0.454589, 0.374726, -1e-06, -0.45459, 0.890698, 0.0, 0.0, 0.0, 0.0, 1.0],
                [1.0, -0.0, 1e-06, -0.0, -0.0, 0.886399, 0.462927, 0.374726, -1e-06, -0.462928, 0.886394, -0.0, 0.0, 0.0, 0.0, 1.0],
                [1.0, -0.0, 1e-06, -0.0, -0.0, 0.879654, 0.475618, 0.374726, -1e-06, -0.475619, 0.879649, -0.0, 0.0, 0.0, 0.0, 1.0],
                [1.0, -0.0, 1e-06, 0.0, -0.0, 0.873517, 0.486796, 0.374726, -1e-06, -0.486798, 0.873513, -0.0, 0.0, 0.0, 0.0, 1.0],
                [1.0, -0.0, 1e-06, 0.0, -0.0, 0.867988, 0.496589, 0.374726, -1e-06, -0.49659, 0.867983, 0.0, 0.0, 0.0, 0.0, 1.0],
                [1.0, -0.0, 1e-06, 0.0, -0.0, 0.863061, 0.505102, 0.374726, -1e-06, -0.505103, 0.863057, -0.0, 0.0, 0.0, 0.0, 1.0],
                [1.0, -0.0, 1e-06, -0.0, -0.0, 0.858738, 0.512417, 0.374726, -1e-06, -0.512418, 0.858733, 0.0, 0.0, 0.0, 0.0, 1.0],
                [1.0, -0.0, 1e-06, 0.0, -0.0, 0.855015, 0.518607, 0.374726, -1e-06, -0.518608, 0.85501, -0.0, 0.0, 0.0, 0.0, 1.0],
                [1.0, -0.0, 1e-06, -0.0, -0.0, 0.851892, 0.523721, 0.374726, -1e-06, -0.523722, 0.851887, -0.0, 0.0, 0.0, 0.0, 1.0],
                [1.0, -0.0, 1e-06, -0.0, -0.0, 0.849366, 0.527807, 0.374726, -1e-06, -0.527808, 0.849361, 0.0, 0.0, 0.0, 0.0, 1.0],
                [1.0, -0.0, 1e-06, -0.0, -0.0, 0.847437, 0.530899, 0.374726, -1e-06, -0.5309, 0.847432, 0.0, 0.0, 0.0, 0.0, 1.0],
                [1.0, -0.0, 1e-06, 0.0, -0.0, 0.846103, 0.533022, 0.374726, -1e-06, -0.533024, 0.846098, 0.0, 0.0, 0.0, 0.0, 1.0],
                [1.0, -0.0, 1e-06, 0.0, -0.0, 0.845362, 0.534197, 0.374726, -1e-06, -0.534198, 0.845357, -0.0, 0.0, 0.0, 0.0, 1.0],
                [1.0, -0.0, 1e-06, 0.0, -0.0, 0.845214, 0.534431, 0.374726, -1e-06, -0.534432, 0.84521, -0.0, 0.0, 0.0, 0.0, 1.0],
                [1.0, -0.0, 1e-06, -0.0, -0.0, 0.845657, 0.53373, 0.374726, -1e-06, -0.533731, 0.845652, -0.0, 0.0, 0.0, 0.0, 1.0],
                [1.0, -0.0, 1e-06, -0.0, -0.0, 0.846691, 0.532088, 0.374726, -1e-06, -0.532089, 0.846686, -0.0, 0.0, 0.0, 0.0, 1.0],
                [1.0, -0.0, 1e-06, 0.0, -0.0, 0.838583, 0.544776, 0.374726, -1e-06, -0.544778, 0.838578, 0.0, 0.0, 0.0, 0.0, 1.0],
                [1.000001, -0.0, 1e-06, -0.0, -0.0, 0.831826, 0.555039, 0.374726, -1e-06, -0.55504, 0.831821, -0.0, 0.0, 0.0, 0.0, 1.0],
                [1.0, -1e-06, 1e-06, -0.0, -0.0, 0.826425, 0.56305, 0.374726, -1e-06, -0.563051, 0.82642, -0.0, 0.0, 0.0, 0.0, 1.0],
                [1.0, -0.0, 1e-06, 0.0, -0.0, 0.822385, 0.568934, 0.374726, -1e-06, -0.568936, 0.82238, 0.0, 0.0, 0.0, 0.0, 1.0],
                [1.0, -1e-06, 1e-06, 0.0, -0.0, 0.819712, 0.57278, 0.374726, -1e-06, -0.572781, 0.819706, 0.0, 0.0, 0.0, 0.0, 1.0],
                [1.0, -0.0, 1e-06, 0.0, -0.0, 0.818411, 0.574636, 0.374726, -1e-06, -0.574637, 0.818406, -0.0, 0.0, 0.0, 0.0, 1.0],
                [1.0, -0.0, 1e-06, -0.0, -0.0, 0.818488, 0.574526, 0.374726, -1e-06, -0.574528, 0.818483, -0.0, 0.0, 0.0, 0.0, 1.0],
                [1.0, -0.0, 1e-06, -0.0, -0.0, 0.819947, 0.572442, 0.374726, -1e-06, -0.572443, 0.819942, 0.0, 0.0, 0.0, 0.0, 1.0],
                [1.0, -0.0, 1e-06, -0.0, -0.0, 0.822795, 0.568342, 0.374726, -1e-06, -0.568343, 0.822789, 0.0, 0.0, 0.0, 0.0, 1.0],
                [1.0, -0.0, 1e-06, -0.0, -0.0, 0.833891, 0.551932, 0.374726, -1e-06, -0.551933, 0.833886, 0.0, 0.0, 0.0, 0.0, 1.0],
                [1.0, -0.0, 1e-06, 0.0, -0.0, 0.836919, 0.54733, 0.374726, -1e-06, -0.547331, 0.836914, -0.0, 0.0, 0.0, 0.0, 1.0],
                [1.0, -0.0, 1e-06, -0.0, -0.0, 0.833353, 0.552744, 0.374726, -1e-06, -0.552745, 0.833348, 0.0, 0.0, 0.0, 0.0, 1.0],
                [1.0, -0.0, 1e-06, -0.0, -0.0, 0.824685, 0.565596, 0.374726, -1e-06, -0.565597, 0.82468, 0.0, 0.0, 0.0, 0.0, 1.0],
                [1.0, -0.0, 1e-06, 0.0, -0.0, 0.812357, 0.583163, 0.374726, -1e-06, -0.583165, 0.812352, 0.0, 0.0, 0.0, 0.0, 1.0],
                [1.0, -0.0, 1e-06, -0.0, -0.0, 0.797726, 0.603023, 0.374726, -1e-06, -0.603024, 0.797721, -0.0, 0.0, 0.0, 0.0, 1.0],
                [1.0, -0.0, 1e-06, -0.0, -0.0, 0.782016, 0.62326, 0.374726, -1e-06, -0.623261, 0.782012, -0.0, 0.0, 0.0, 0.0, 1.0],
                [1.0, -0.0, 1e-06, 0.0, -0.0, 0.766321, 0.64246, 0.374726, -1e-06, -0.642461, 0.766317, 0.0, 0.0, 0.0, 0.0, 1.0],
                [1.0, -0.0, 1e-06, 0.0, -0.0, 0.7516, 0.65962, 0.374726, -1e-06, -0.659622, 0.751596, -0.0, 0.0, 0.0, 0.0, 1.0],
                [1.0, -0.0, 1e-06, -0.0, -0.0, 0.738714, 0.674021, 0.374726, -1e-06, -0.674022, 0.73871, 0.0, 0.0, 0.0, 0.0, 1.0],
                [1.0, -0.0, 1e-06, 0.0, -0.0, 0.728465, 0.685085, 0.374726, -1e-06, -0.685086, 0.728461, 0.0, 0.0, 0.0, 0.0, 1.0],
                [1.000001, -1e-06, 1e-06, 0.0, -0.0, 0.721656, 0.692253, 0.374726, -1e-06, -0.692254, 0.721653, -0.0, 0.0, 0.0, 0.0, 1.0],
                [1.0, -0.0, 1e-06, 0.0, -0.0, 0.719169, 0.694836, 0.374726, -1e-06, -0.694838, 0.719165, 0.0, 0.0, 0.0, 0.0, 1.0]
            ]
        },
        {
            "name": "Knee_R",
            "time": [0.0, 1.4167],
            "transform": [
                [1.0, 0.0, -0.0, -0.0, -0.0, 0.00567, -0.999984, 0.374726, -0.0, 0.999984, 0.00567, 0.0, 0.0, 0.0, 0.0, 1.0],
                [1.0, 0.0, -0.0, 0.0, -0.0, 0.00567, -0.999984, 0.399228, -0.0, 0.999984, 0.00567, -0.000139, 0.0, 0.0, 0.0, 1.0]
            ]
        },
        {
            "name": "Thigh_L",
