{
    "animation": [
        {
            "name": "Root",
            "time": [0.0, 0.0167, 0.0333, 0.05, 0.0667, 0.0833, 0.1, 0.1167, 0.1333, 0.15, 0.1667, 0.1833, 0.2, 0.2167, 0.2333, 0.25, 0.2667, 0.2833, 0.3, 0.3167, 0.3333, 0.35, 0.3667, 0.3833, 0.4, 0.4167, 0.4333, 0.45, 0.4667, 0.4833, 0.5, 0.5167, 0.5333, 0.55, 0.5667, 0.5833, 0.6, 0.6167, 0.6333, 0.65, 0.6667, 0.6833, 0.7, 0.7167, 0.7333, 0.75, 0.7667, 0.7833, 0.8, 0.8167, 0.8333, 0.85, 0.8667, 0.8833, 0.9, 0.9167, 0.9333, 0.95, 0.9667, 0.9833, 1.0, 1.0167, 1.0333, 1.05, 1.0667, 1.0833, 1.1, 1.1167, 1.1333, 1.15, 1.1667],
            "transform": [
                [0.412332, 0.0, 0.911034, -5e-06, 0.911034, 0.0, -0.412332, 0.000946, 0.0, 1.0, 0.0, 0.698586, 0.0, 0.0, 0.0, 1.0],
                [0.420176, 0.0, 0.907443, -5e-06, 0.907443, 0.0, -0.420176, 0.000681, 0.0, 1.0, 0.0, 0.695725, 0.0, 0.0, 0.0, 1.0],
                [0.441836, 0.0, 0.897096, -5e-06, 0.897096, 0.0, -0.441836, -0.000486, 0.0, 1.0, 0.0, 0.687961, 0.0, 0.0, 0.0, 1.0],
                [0.474345, 0.0, 0.880339, -5e-06, 0.880339, 0.0, -0.474345, -0.003115, 0.0, 1.0, 0.0, 0.676518, 0.0, 0.0, 0.0, 1.0],
                [0.514611, 0.0, 0.857424, -5e-06, 0.857424, 0.0, -0.514611, -0.007765, 0.0, 1.0, 0.0, 0.662624, 0.0, 0.0, 0.0, 1.0],
                [0.559524, 0.0, 0.828815, -5e-06, 0.828815, 0.0, -0.559524, -0.014994, 0.0, 1.0, 0.0, 0.647503, 0.0, 0.0, 0.0, 1.0],
                [0.606096, 0.0, 0.795392, -5e-06, 0.795392, 0.0, -0.606096, -0.025361, 0.0, 1.0, 0.0, 0.632383, 0.0, 0.0, 0.0, 1.0],
                [0.651613, 0.0, 0.758552, -5e-06, 0.758552, 0.0, -0.651613, -0.039425, 0.0, 1.0, 0.0, 0.618488, 0.0, 0.0, 0.0, 1.0],
                [0.69377, 0.0, 0.720197, -5e-06, 0.720197, 0.0, -0.69377, -0.057746, 0.0, 1.0, 0.0, 0.607046, 0.0, 0.0, 0.0, 1.0],
                [0.730749, 0.0, 0.682647, -5e-06, 0.682647, 0.0, -0.730749, -0.080882, 0.0, 1.0, 0.0, 0.599281, 0.0, 0.0, 0.0, 1.0],
                [0.761211, 0.0, 0.648504, -5e-06, 0.648504, 0.0, -0.761211, -0.109392, 0.0, 1.0, 0.0, 0.59642, 0.0, 0.0, 0.0, 1.0],
                [0.785072, 0.0, 0.619404, -5e-06, 0.619404, 0.0, -0.785072, -0.14368, 0.0, 1.0, 0.0, 0.602247, 0.0, 0.0, 0.0, 1.0],
                [0.803644, 0.0, 0.595111, -5e-06, 0.595111, 0.0, -0.803644, -0.18353, 0.0, 1.0, 0.0, 0.618713, 0.0, 0.0, 0.0, 1.0],
                [0.817885, 0.0, 0.575381, -5e-06, 0.575381, 0.0, -0.817885, -0.22857, 0.0, 1.0, 0.0, 0.644298, 0.0, 0.0, 0.0, 1.0],
                [0.828626, 0.0, 0.559803, -5e-06, 0.559803, 0.0, -0.828626, -0.278429, 0.0, 1.0, 0.0, 0.677484, 0.0, 0.0, 0.0, 1.0],
                [0.836582, 0.0, 0.547842, -5e-06, 0.547842, 0.0, -0.836582, -0.332736, 0.0, 1.0, 0.0, 0.716748, 0.0, 0.0, 0.0, 1.0],
                [0.842379, 0.0, 0.538886, -5e-06, 0.538886, 0.0, -0.842379, -0.39112, 0.0, 1.0, 0.0, 0.760573, 0.0, 0.0, 0.0, 1.0],
                [0.846574, 0.0, 0.532271, -5e-06, 0.532271, 0.0, -0.846574, -0.453209, 0.0, 1.0, 0.0, 0.807438, 0.0, 0.0, 0.0, 1.0],
                [0.849677, 0.0, 0.527304, -5e-06, 0.527304, 0.0, -0.849677, -0.518631, 0.0, 1.0, 0.0, 0.855822, 0.0, 0.0, 0.0, 1.0],
                [0.852166, 0.0, 0.523272, -5e-06, 0.523272, 0.0, -0.852166, -0.587016, 0.0, 1.0, 0.0, 0.904207, 0.0, 0.0, 0.0, 1.0],
                [0.854499, 0.0, 0.519454, -5e-06, 0.519454, 0.0, -0.854499, -0.657992, 0.0, 1.0, 0.0, 0.951072, 0.0, 0.0, 0.0, 1.0],
                [0.857118, 0.0, 0.51512, -5e-06, 0.51512, 0.0, -0.857118, -0.731189, 0.0, 1.0, 0.0, 0.994896, 0.0, 0.0, 0.0, 1.0],
                [0.860453, 0.0, 0.50953, -5e-06, 0.50953, 0.0, -0.860453, -0.806233, 0.0, 1.0, 0.0, 1.034161, 0.0, 0.0, 0.0, 1.0],
                [0.86491, 0.0, 0.501926, -5e-06, 0.501926, 0.0, -0.86491, -0.882755, 0.0, 1.0, 0.0, 1.067346, 0.0, 0.0, 0.0, 1.0],
                [0.870865, 0.0, 0.491523, -5e-06, 0.491523, 0.0, -0.870865, -0.960383, 0.0, 1.0, 0.0, 1.092932, 0.0, 0.0, 0.0, 1.0],
                [0.878636, 0.0, 0.477492, -5e-06, 0.477492, 0.0, -0.878636, -1.038746, 0.0, 1.0, 0.0, 1.109398, 0.0, 0.0, 0.0, 1.0],
                [0.888464, 0.0, 0.458946, -5e-06, 0.458946, 0.0, -0.888464, -1.117472, 0.0, 1.0, 0.0, 1.115224, 0.0, 0.0, 0.0, 1.0],
                [0.900367, 0.0, 0.435131, -5e-06, 0.435131, 0.0, -0.900367, -1.196167, 0.0, 1.0, 0.0, 1.11194, 0.0, 0.0, 0.0, 1.0],
                [0.913846, 0.0, 0.406061, -5e-06, 0.406061, 0.0, -0.913846, -1.274351, 0.0, 1.0, 0.0, 1.102529, 0.0, 0.0, 0.0, 1.0],
                [0.928247, 0.0, 0.371964, -5e-06, 0.371964, 0.0, -0.928247, -1.351518, 0.0, 1.0, 0.0, 1.087653, 0.0, 0.0, 0.0, 1.0],
                [0.942887, 0.0, 0.333112, -5e-06, 0.333112, 0.0, -0.942887, -1.427165, 0.0, 1.0, 0.0, 1.067976, 0.0, 0.0, 0.0, 1.0],
                [0.957076, 0.0, 0.289838, -5e-06, 0.289838, 0.0, -0.957076, -1.500787, 0.0, 1.0, 0.0, 1.04416, 0.0, 0.0, 0.0, 1.0],
                [0.970138, 0.0, 0.242554, -5e-06, 0.242554, 0.0, -0.970138, -1.57188, 0.0, 1.0, 0.0, 1.016868, 0.0, 0.0, 0.0, 1.0],
                [0.981442, 0.0, 0.191757, -5e-06, 0.191757, 0.0, -0.981442, -1.639941, 0.0, 1.0, 0.0, 0.986763, 0.0, 0.0, 0.0, 1.0],
                [0.990427, 0.0, 0.138036, -5e-06, 0.138036, 0.0, -0.990427, -1.704464, 0.0, 1.0, 0.0, 0.954508, 0.0, 0.0, 0.0, 1.0],
                [0.996628, 0.0, 0.082058, -5e-06, 0.082058, 0.0, -0.996628, -1.764946, 0.0, 1.0, 0.0, 0.920766, 0.0, 0.0, 0.0, 1.0],
                [0.999699, 0.0, 0.024554, -5e-06, 0.024554, 0.0, -0.999699, -1.820882, 0.0, 1.0, 0.0, 0.886198, 0.0, 0.0, 0.0, 1.0],
                [0.999432, 0.0, -0.033699, -5e-06, -0.033699, 0.0, -0.999432, -1.871769, 0.0, 1.0, 0.0, 0.851468, 0.0, 0.0, 0.0, 1.0],
                [0.995767, 0.0, -0.091911, -5e-06, -0.091911, 0.0, -0.995767, -1.917102, 0.0, 1.0, 0.0, 0.817239, 0.0, 0.0, 0.0, 1.0],
                [0.988791, 0.0, -0.149307, -5e-06, -0.149307, 0.0, -0.988791, -1.956378, 0.0, 1.0, 0.0, 0.784174, 0.0, 0.0, 0.0, 1.0],
                [0.978731, 0.0, -0.20515, -5e-06, -0.20515, 0.0, -0.978731, -1.989091, 0.0, 1.0, 0.0, 0.752934, 0.0, 0.0, 0.0, 1.0],
                [0.965939, 0.0, -0.258771, -5e-06, -0.258771, 0.0, -0.965939, -2.014738, 0.0, 1.0, 0.0, 0.724184, 0.0, 0.0, 0.0, 1.0],
                [0.950872, 0.0, -0.309584, -5e-06, -0.309584, 0.0, -0.950872, -2.032815, 0.0, 1.0, 0.0, 0.698586, 0.0, 0.0, 0.0, 1.0],
                [0.933958, 0.0, -0.357383, -5e-06, -0.357383, 0.0, -0.933958, -2.04501, 0.0, 1.0, 0.0, 0.676641, 0.0, 0.0, 0.0, 1.0],
                [0.915562, 0.0, -0.402176, -5e-06, -0.402176, 0.0, -0.915562, -2.053765, 0.0, 1.0, 0.0, 0.658205, 0.0, 0.0, 0.0, 1.0],
                [0.896149, 0.0, -0.443754, -5e-06, -0.443754, 0.0, -0.896149, -2.059702, 0.0, 1.0, 0.0, 0.642973, 0.0, 0.0, 0.0, 1.0],
                [0.876226, 0.0, -0.481901, -5e-06, -0.481901, 0.0, -0.876226, -2.063448, 0.0, 1.0, 0.0, 0.630641, 0.0, 0.0, 0.0, 1.0],
                [0.856348, 0.0, -0.5164, -5e-06, -0.5164, 0.0, -0.856348, -2.065624, 0.0, 1.0, 0.0, 0.620902, 0.0, 0.0, 0.0, 1.0],
                [0.837107, 0.0, -0.547039, -5e-06, -0.547039, 0.0, -0.837107, -2.066854, 0.0, 1.0, 0.0, 0.613452, 0.0, 0.0, 0.0, 1.0],
                [0.819128, 0.0, -0.57361, -5e-06, -0.57361, 0.0, -0.819128, -2.067762, 0.0, 1.0, 0.0, 0.607985, 0.0, 0.0, 0.0, 1.0],
                [0.803055, 0.0, -0.595905, -5e-06, -0.595905, 0.0, -0.803055, -2.068973, 0.0, 1.0, 0.0, 0.604197, 0.0, 0.0, 0.0, 1.0],
                [0.789533, 0.0, -0.613708, -5e-06, -0.613708, 0.0, -0.789533, -2.071109, 0.0, 1.0, 0.0, 0.601781, 0.0, 0.0, 0.0, 1.0],
                [0.779192, 0.0, -0.626786, -5e-06, -0.626786, 0.0, -0.779192, -2.074794, 0.0, 1.0, 0.0, 0.600434, 0.0, 0.0, 0.0, 1.0],
                [0.772618, 0.0, -0.634871, -5e-06, -0.634871, 0.0, -0.772618, -2.080652, 0.0, 1.0, 0.0, 0.599849, 0.0, 0.0, 0.0, 1.0],
                [0.770328, 0.0, -0.637648, -5e-06, -0.637648, 0.0, -0.770328, -2.089308, 0.0, 1.0, 0.0, 0.599722, 0.0, 0.0, 0.0, 1.0],
                [0.772597, 0.0, -0.634896, -5e-06, -0.634896, 0.0, -0.772597, -2.101195, 0.0, 1.0, 0.0, 0.6007, 0.0, 0.0, 0.0, 1.0],
                [0.77896, 0.0, -0.627073, -5e-06, -0.627073, 0.0, -0.77896, -2.115995, 0.0, 1.0, 0.0, 0.603465, 0.0, 0.0, 0.0, 1.0],
                [0.788699, 0.0, -0.61478, -5e-06, -0.61478, 0.0, -0.788699, -2.1332, 0.0, 1.0, 0.0, 0.60776, 0.0, 0.0, 0.0, 1.0],
                [0.801055, 0.0, -0.59859, -5e-06, -0.59859, 0.0, -0.801055, -2.152302, 0.0, 1.0, 0.0, 0.613331, 0.0, 0.0, 0.0, 1.0],
                [0.815262, 0.0, -0.579092, -5e-06, -0.579092, 0.0, -0.815262, -2.172794, 0.0, 1.0, 0.0, 0.619922, 0.0, 0.0, 0.0, 1.0],
                [0.830575, 0.0, -0.556907, -5e-06, -0.556907, 0.0, -0.830575, -2.194167, 0.0, 1.0, 0.0, 0.62728, 0.0, 0.0, 0.0, 1.0],
                [0.846294, 0.0, -0.532716, -5e-06, -0.532716, 0.0, -0.846294, -2.215915, 0.0, 1.0, 0.0, 0.635147, 0.0, 0.0, 0.0, 1.0],
                [0.861791, 0.0, -0.507264, -5e-06, -0.507264, 0.0, -0.861791, -2.237529, 0.0, 1.0, 0.0, 0.643269, 0.0, 0.0, 0.0, 1.0],
                [0.876522, 0.0, -0.481362, -5e-06, -0.481362, 0.0, -0.876522, -2.258502, 0.0, 1.0, 0.0, 0.651392, 0.0, 0.0, 0.0, 1.0],
                [0.890043, 0.0, -0.455877, -5e-06, -0.455877, 0.0, -0.890043, -2.278326, 0.0, 1.0, 0.0, 0.659259, 0.0, 0.0, 0.0, 1.0],
                [0.902007, 0.0, -0.431722, -5e-06, -0.431722, 0.0, -0.902007, -2.296493, 0.0, 1.0, 0.0, 0.666616, 0.0, 0.0, 0.0, 1.0],
                [0.912159, 0.0, -0.409836, -5e-06, -0.409836, 0.0, -0.912159, -2.312495, 0.0, 1.0, 0.0, 0.673208, 0.0, 0.0, 0.0, 1.0],
                [0.920316, 0.0, -0.391175, -5e-06, -0.391175, 0.0, -0.920316, -2.325825, 0.0, 1.0, 0.0, 0.678779, 0.0, 0.0, 0.0, 1.0],
                [0.926338, 0.0, -0.376694, -5e-06, -0.376694, 0.0, -0.926338, -2.335975, 0.0, 1.0, 0.0, 0.683074, 0.0, 0.0, 0.0, 1.0],
                [0.930089, 0.0, -0.367333, -5e-06, -0.367333, 0.0, -0.930089, -2.342438, 0.0, 1.0, 0.0, 0.685838, 0.0, 0.0, 0.0, 1.0],
                [0.931393, 0.0, -0.364014, -5e-06, -0.364014, 0.0, -0.931393, -2.344705, 0.0, 1.0, 0.0, 0.686816, 0.0, 0.0, 0.0, 1.0]
            ]
        },
        {
            "name": "Thigh_R",
            "time": [0.0, 0.0167, 0.0333, 0.05, 0.0667, 0.0833, 0.1, 0.1167, 0.1333, 0.15, 0.1667, 0.1833, 0.2, 0.2167, 0.2333, 0.25, 0.2667, 0.2833, 0.3, 0.3167, 0.3333, 0.35, 0.3667, 0.3833, 0.4, 0.4167, 0.4333, 0.45, 0.4667, 0.4833, 0.5, 0.5167, 0.5333, 0.55, 0.5667, 0.5833, 0.6, 0.6167, 0.6333, 0.65, 0.6667, 0.6833, 0.7, 0.7167, 0.7333, 0.75, 0.7667, 0.7833, 0.8, 0.8167, 0.8333, 0.85, 0.8667, 0.8833, 0.9, 0.9167, 0.9333, 0.95, 0.9667, 0.9833, 1.0, 1.0167, 1.0333, 1.05, 1.0667, 1.0833, 1.1, 1.1167, 1.1333, 1.15, 1.1667],
            "transform": [
                [0.546043, 0.321989, 0.773408, 0.124994, 0.138723, -0.945197, 0.295567, -0.002831, 0.826192, -0.054102, -0.560785, -1.2e-05, 0.0, 0.0, 0.0, 1.0],
                [0.543484, 0.333736, 0.770225, 0.124994, 0.144475, -0.941065, 0.305817, -0.002831, 0.826893, -0.054929, -0.55967, -1.2e-05, 0.0, 0.0, 0.0, 1.0],
                [0.537078, 0.363503, 0.761192, 0.124994, 0.160586, -0.929944, 0.330783, -0.002831, 0.828106, -0.05542, -0.557826, -1.2e-05, 0.0, 0.0, 0.0, 1.0],
                [0.529027, 0.403318, 0.746636, 0.124994, 0.185595, -0.913529, 0.361967, -0.002831, 0.828061, -0.052919, -0.558135, -1.2e-05, 0.0, 0.0, 0.0, 1.0],
                [0.521804, 0.447791, 0.726088, 0.124994, 0.217739, -0.892872, 0.39417, -0.002831, 0.824809, -0.047581, -0.563406, -1.2e-05, 0.0, 0.0, 0.0, 1.0],
                [0.517858, 0.493601, 0.6987, 0.124994, 0.254511, -0.86866, 0.425034, -0.002831, 0.81673, -0.042281, -0.575469, -1.2e-05, 0.0, 0.0, 0.0, 1.0],
                [0.519267, 0.538299, 0.663774, 0.124994, 0.292655, -0.84174, 0.453681, -0.002831, 0.802941, -0.041325, -0.594624, -1.2e-05, 0.0, 0.0, 0.0, 1.0],
                [0.527524, 0.579577, 0.621135, 0.124994, 0.328488, -0.813432, 0.480025, -0.002831, 0.783463, -0.049189, -0.619489, -1.2e-05, 0.0, 0.0, 0.0, 1.0],
                [0.54355, 0.614959, 0.571296, 0.124994, 0.358262, -0.78548, 0.504649, -0.002831, 0.75908, -0.069629, -0.647264, -1.2e-05, 0.0, 0.0, 0.0, 1.0],
                [0.567865, 0.641654, 0.515568, 0.124994, 0.378351, -0.759742, 0.528813, -0.002831, 0.731013, -0.105229, -0.674201, -1.2e-05, 0.0, 0.0, 0.0, 1.0],
                [0.600731, 0.656458, 0.456273, 0.124994, 0.38519, -0.737789, 0.554343, -0.002831, 0.700537, -0.157259, -0.696074, -1.2e-05, 0.0, 0.0, 0.0, 1.0],
                [0.633428, 0.662747, 0.399419, 0.124994, 0.38182, -0.716661, 0.583619, -0.002831, 0.67304, -0.217174, -0.707002, -1.2e-05, 0.0, 0.0, 0.0, 1.0],
                [0.658875, 0.66624, 0.349296, 0.124994, 0.373985, -0.692994, 0.616357, -0.002831, 0.652701, -0.275471, -0.70576, -1.2e-05, 0.0, 0.0, 0.0, 1.0],
                [0.678925, 0.667057, 0.30675, 0.124994, 0.362013, -0.667619, 0.650562, -0.002831, 0.638754, -0.330636, -0.694746, -1.2e-05, 0.0, 0.0, 0.0, 1.0],
                [0.694821, 0.665509, 0.272621, 0.124994, 0.346207, -0.641775, 0.684299, -0.002831, 0.630368, -0.381082, -0.676322, -1.2e-05, 0.0, 0.0, 0.0, 1.0],
                [0.707407, 0.662025, 0.247583, 0.124994, 0.326906, -0.617022, 0.715833, -0.002831, 0.626664, -0.42545, -0.652906, -1.2e-05, 0.0, 0.0, 0.0, 1.0],
                [0.717272, 0.657031, 0.232016, 0.124994, 0.304518, -0.595075, 0.743744, -0.002831, 0.626729, -0.462814, -0.626908, -1.2e-05, 0.0, 0.0, 0.0, 1.0],
                [0.724852, 0.650813, 0.225901, 0.124994, 0.279546, -0.577573, 0.766983, -0.002831, 0.629637, -0.4928, -0.600588, -1.2e-05, 0.0, 0.0, 0.0, 1.0],
                [0.730522, 0.643434, 0.228759, 0.124994, 0.252597, -0.565832, 0.784876, -0.002831, 0.634454, -0.515586, -0.575882, -1.2e-05, 0.0, 0.0, 0.0, 1.0],
                [0.734655, 0.634721, 0.239607, 0.124994, 0.224381, -0.560614, 0.797098, -0.002831, 0.640262, -0.531829, -0.554277, -1.2e-05, 0.0, 0.0, 0.0, 1.0],
                [0.737674, 0.624357, 0.256935, 0.124994, 0.195711, -0.561961, 0.803677, -0.002831, 0.646168, -0.542567, -0.536738, -1.2e-05, 0.0, 0.0, 0.0, 1.0],
                [0.740087, 0.612057, 0.27867, 0.124994, 0.16749, -0.569067, 0.805053, -0.002831, 0.65132, -0.549135, -0.523673, -1.2e-05, 0.0, 0.0, 0.0, 1.0],
                [0.7425, 0.597831, 0.302145, 0.124994, 0.140697, -0.580194, 0.802234, -0.002831, 0.654903, -0.553148, -0.514907, -1.2e-05, 0.0, 0.0, 0.0, 1.0],
                [0.745616, 0.582266, 0.324074, 0.124994, 0.116378, -0.592629, 0.797024, -0.002831, 0.656135, -0.556558, -0.509637, -1.2e-05, 0.0, 0.0, 0.0, 1.0],
                [0.750221, 0.566649, 0.340701, 0.124994, 0.095641, -0.602872, 0.792085, -0.002831, 0.654233, -0.561654, -0.506482, -1.2e-05, 0.0, 0.0, 0.0, 1.0],
                [0.757149, 0.552629, 0.348321, 0.124994, 0.079647, -0.607337, 0.790442, -0.002831, 0.648369, -0.570739, -0.50386, -1.2e-05, 0.0, 0.0, 0.0, 1.0],
                [0.767215, 0.541181, 0.344244, 0.124994, 0.069608, -0.6038, 0.79409, -0.002831, 0.637601, -0.585276, -0.500916, -1.2e-05, 0.0, 0.0, 0.0, 1.0],
                [0.781002, 0.533408, 0.324826, 0.124994, 0.0657, -0.587401, 0.806625, -0.002831, 0.621063, -0.608635, -0.493806, -1.2e-05, 0.0, 0.0, 0.0, 1.0],
                [0.798195, 0.526014, 0.293587, 0.124994, 0.066969, -0.561826, 0.82454, -0.002831, 0.598664, -0.638483, -0.483674, -1.2e-05, 0.0, 0.0, 0.0, 1.0],
                [0.818267, 0.513672, 0.258031, 0.124994, 0.073161, -0.538288, 0.839579, -0.002831, 0.570163, -0.668122, -0.478045, -1.2e-05, 0.0, 0.0, 0.0, 1.0],
                [0.840619, 0.493516, 0.223161, 0.124994, 0.083935, -0.525741, 0.846494, -0.002831, 0.535083, -0.692849, -0.483371, -1.2e-05, 0.0, 0.0, 0.0, 1.0],
                [0.864399, 0.464621, 0.192203, 0.124994, 0.098429, -0.531226, 0.841493, -0.002831, 0.493078, -0.708468, -0.504923, -1.2e-05, 0.0, 0.0, 0.0, 1.0],
                [0.888403, 0.427557, 0.167139, 0.124994, 0.115004, -0.559763, 0.820634, -0.002831, 0.444426, -0.709832, -0.546466, -1.2e-05, 0.0, 0.0, 0.0, 1.0],
                [0.911462, 0.384426, 0.146471, 0.124994, 0.132842, -0.612008, 0.779615, -0.002831, 0.389346, -0.691132, -0.60889, -1.2e-05, 0.0, 0.0, 0.0, 1.0],
                [0.932338, 0.339327, 0.124919, 0.124994, 0.151241, -0.679756, 0.717675, -0.002831, 0.328441, -0.650223, -0.685082, -1.2e-05, 0.0, 0.0, 0.0, 1.0],
                [0.94978, 0.296836, 0.099024, 0.124994, 0.168814, -0.752513, 0.636574, -0.002831, 0.263475, -0.587889, -0.764832, -1.2e-05, 0.0, 0.0, 0.0, 1.0],
                [0.962955, 0.261192, 0.067057, 0.124994, 0.185018, -0.820848, 0.540349, -0.002831, 0.196178, -0.507925, -0.838764, -1.2e-05, 0.0, 0.0, 0.0, 1.0],
                [0.971399, 0.235676, 0.02898, 0.124994, 0.199965, -0.877744, 0.435408, -0.002831, 0.128052, -0.41716, -0.899767, -1.2e-05, 0.0, 0.0, 0.0, 1.0],
                [0.974954, 0.221975, -0.013831, 0.124994, 0.214025, -0.919491, 0.329742, -0.002831, 0.060477, -0.324444, -0.94397, -1.2e-05, 0.0, 0.0, 0.0, 1.0],
                [0.973815, 0.219623, -0.058741, 0.124994, 0.227291, -0.946065, 0.230867, -0.002831, -0.004869, -0.238173, -0.971211, -1.2e-05, 0.0, 0.0, 0.0, 1.0],
                [0.968521, 0.226199, -0.103925, 0.124994, 0.239897, -0.959589, 0.147102, -0.002831, -0.066451, -0.167402, -0.983647, -1.2e-05, 0.0, 0.0, 0.0, 1.0],
                [0.959879, 0.237421, -0.149213, 0.124994, 0.252008, -0.963745, 0.087683, -0.002831, -0.122986, -0.121769, -0.98491, -1.2e-05, 0.0, 0.0, 0.0, 1.0],
                [0.948893, 0.247439, -0.195897, 0.124994, 0.263686, -0.962658, 0.061312, -0.002831, -0.173411, -0.109834, -0.978706, -1.2e-05, 0.0, 0.0, 0.0, 1.0],
                [0.936247, 0.254938, -0.241762, 0.124994, 0.274947, -0.96003, 0.052407, -0.002831, -0.218738, -0.115538, -0.96892, -1.2e-05, 0.0, 0.0, 0.0, 1.0],
                [0.922178, 0.26282, -0.28375, 0.124994, 0.285753, -0.957386, 0.041919, -0.002831, -0.260641, -0.119739, -0.957982, -1.2e-05, 0.0, 0.0, 0.0, 1.0],
                [0.907162, 0.27065, -0.322188, 0.124994, 0.295919, -0.954703, 0.031211, -0.002831, -0.299146, -0.123655, -0.946161, -1.2e-05, 0.0, 0.0, 0.0, 1.0],
                [0.891684, 0.277884, -0.357324, 0.124994, 0.305262, -0.952029, 0.02139, -0.002831, -0.334238, -0.12815, -0.933736, -1.2e-05, 0.0, 0.0, 0.0, 1.0],
                [0.876236, 0.283937, -0.389346, 0.124994, 0.313607, -0.949459, 0.013375, -0.002831, -0.365871, -0.133822, -0.920995, -1.2e-05, 0.0, 0.0, 0.0, 1.0],
                [0.861323, 0.288217, -0.418395, 0.124994, 0.320791, -0.947117, 0.007958, -0.002831, -0.393975, -0.141072, -0.90823, -1.2e-05, 0.0, 0.0, 0.0, 1.0],
                [0.847456, 0.290165, -0.444548, 0.124994, 0.326666, -0.945122, 0.005833, -0.002831, -0.418459, -0.150162, -0.895736, -1.2e-05, 0.0, 0.0, 0.0, 1.0],
                [0.835144, 0.289287, -0.467812, 0.124994, 0.331106, -0.943563, 0.00761, -0.002831, -0.439208, -0.161251, -0.883796, -1.2e-05, 0.0, 0.0, 0.0, 1.0],
                [0.824887, 0.285174, -0.488095, 0.124994, 0.334007, -0.942469, 0.013831, -0.002831, -0.45607, -0.174437, -0.872681, -1.2e-05, 0.0, 0.0, 0.0, 1.0],
                [0.817162, 0.277538, -0.505192, 0.124994, 0.335299, -0.941781, 0.024968, -0.002831, -0.468851, -0.189794, -0.862646, -1.2e-05, 0.0, 0.0, 0.0, 1.0],
                [0.812405, 0.266237, -0.518764, 0.124994, 0.334939, -0.941329, 0.041424, -0.002831, -0.477299, -0.207408, -0.853913, -1.2e-05, 0.0, 0.0, 0.0, 1.0],
                [0.810993, 0.251319, -0.528327, 0.124994, 0.332926, -0.940812, 0.063515, -0.002831, -0.481093, -0.227405, -0.846662, -1.2e-05, 0.0, 0.0, 0.0, 1.0],
                [0.813493, 0.233672, -0.532566, 0.124994, 0.328935, -0.940056, 0.089984, -0.002831, -0.479615, -0.248381, -0.841592, -1.2e-05, 0.0, 0.0, 0.0, 1.0],
                [0.819833, 0.21473, -0.530816, 0.124994, 0.322871, -0.938953, 0.118834, -0.002831, -0.472894, -0.268809, -0.839114, -1.2e-05, 0.0, 0.0, 0.0, 1.0],
                [0.829311, 0.195546, -0.523455, 0.124994, 0.315136, -0.937254, 0.149144, -0.002831, -0.461446, -0.288646, -0.838898, -1.2e-05, 0.0, 0.0, 0.0, 1.0],
                [0.84118, 0.177134, -0.51092, 0.124994, 0.306151, -0.934821, 0.179949, -0.002831, -0.445744, -0.307789, -0.840582, -1.2e-05, 0.0, 0.0, 0.0, 1.0],
                [0.854681, 0.16039, -0.493756, 0.124994, 0.296327, -0.931645, 0.210304, -0.002831, -0.426275, -0.326056, -0.843787, -1.2e-05, 0.0, 0.0, 0.0, 1.0],
                [0.869077, 0.146021, -0.472635, 0.124994, 0.286052, -0.927845, 0.23933, -0.002831, -0.403585, -0.343194, -0.848138, -1.2e-05, 0.0, 0.0, 0.0, 1.0],
                [0.883676, 0.1345, -0.448359, 0.124994, 0.275677, -0.923639, 0.266259, -0.002831, -0.37831, -0.35889, -0.853276, -1.2e-05, 0.0, 0.0, 0.0, 1.0],
                [0.897868, 0.126027, -0.421841, 0.124994, 0.265513, -0.919305, 0.290486, -0.002831, -0.351191, -0.372823, -0.858876, -1.2e-05, 0.0, 0.0, 0.0, 1.0],
                [0.911138, 0.120532, -0.394081, 0.124994, 0.255825, -0.915134, 0.311583, -0.002831, -0.323081, -0.384712, -0.864648, -1.2e-05, 0.0, 0.0, 0.0, 1.0],
                [0.923082, 0.117705, -0.366149, 0.124994, 0.246842, -0.911382, 0.329321, -0.002831, -0.294939, -0.394371, -0.870335, -1.2e-05, 0.0, 0.0, 0.0, 1.0],
                [0.933415, 0.117044, -0.339171, 0.124994, 0.23876, -0.908238, 0.343655, -0.002831, -0.267825, -0.401753, -0.875708, -1.1e-05, 0.0, 0.0, 0.0, 1.0],
                [0.941965, 0.117919, -0.314322, 0.124994, 0.231754, -0.905798, 0.354712, -0.002831, -0.242884, -0.406972, -0.880558, -1.2e-05, 0.0, 0.0, 0.0, 1.0],
                [0.948652, 0.119645, -0.29282, 0.124994, 0.225994, -0.904065, 0.362758, -0.002831, -0.221327, -0.410307, -0.884682, -1.2e-05, 0.0, 0.0, 0.0, 1.0],
                [0.953463, 0.12155, -0.275924, 0.124994, 0.221648, -0.902967, 0.368135, -0.002831, -0.204403, -0.412161, -0.887886, -1.2e-05, 0.0, 0.0, 0.0, 1.0],
                [0.956396, 0.123031, -0.264897, 0.124994, 0.218895, -0.902384, 0.371197, -0.002831, -0.19337, -0.412997, -0.889967, -1.2e-05, 0.0, 0.0, 0.0, 1.0],
                [0.957403, 0.123606, -0.260964, 0.124994, 0.217931, -0.902207, 0.372195, -0.002831, -0.189438, -0.413213, -0.890713, -1.2e-05, 0.0, 0.0, 0.0, 1.0]
            ]
        },
        {
            "name": "Leg_R",
            "time": [0.0, 0.0167, 0.0333, 0.05, 0.0667, 0.0833, 0.1, 0.1167, 0.1333, 0.15, 0.1667, 0.1833, 0.2, 0.2167, 0.2333, 0.25, 0.2667, 0.2833, 0.3, 0.3167, 0.3333, 0.35, 0.3667, 0.3833, 0.4, 0.4167, 0.4333, 0.45, 0.4667, 0.4833, 0.5, 0.5167, 0.5333, 0.55, 0.5667, 0.5833, 0.6, 0.6167, 0.6333, 0.65, 0.6667, 0.6833, 0.7, 0.7167, 0.7333, 0.75, 0.7667, 0.7833, 0.8, 0.8167, 0.8333, 0.85, 0.8667, 0.8833, 0.9, 0.9167, 0.9333, 0.95, 0.9667, 0.9833, 1.0, 1.0167, 1.0333, 1.05, 1.0667, 1.0833, 1.1, 1.1167, 1.1333, 1.15, 1.1667],
            "transform": [
                [1.0, -0.0, 1e-06, 0.0, -0.0, 0.887891, 0.460053, 0.374726, -1e-06, -0.460053, 0.887891, 0.0, 0.0, 0.0, 0.0, 1.0],
                [0.999999, -0.0, 1e-06, 0.0, -0.0, 0.875382, 0.483431, 0.374726, -1e-06, -0.483431, 0.875382, -0.0, 0.0, 0.0, 0.0, 1.0],
                [1.0, -0.0, 1e-06, 0.0, -0.0, 0.84211, 0.539306, 0.374726, -1e-06, -0.539306, 0.84211, -0.0, 0.0, 0.0, 0.0, 1.0],
                [1.0, -0.0, 1e-06, -0.0, -0.0, 0.795274, 0.606249, 0.374726, -1e-06, -0.606249, 0.795274, 0.0, 0.0, 0.0, 0.0, 1.0],
                [1.0, -0.0, 1e-06, -0.0, -0.0, 0.741898, 0.670512, 0.374726, -1e-06, -0.670512, 0.741899, 0.0, 0.0, 0.0, 0.0, 1.0],
                [1.0, -1e-06, 1e-06, -0.0, -0.0, 0.687669, 0.726024, 0.374726, -1e-06, -0.726024, 0.687669, -0.0, 0.0, 0.0, 0.0, 1.0],
                [1.0, -1e-06, 1e-06, 0.0, -0.0, 0.636268, 0.771468, 0.374726, -1e-06, -0.771468, 0.636269, -0.0, 0.0, 0.0, 0.0, 1.0],
                [1.0, -1e-06, 1e-06, -0.0, -0.0, 0.589184, 0.807998, 0.374726, -1e-06, -0.807999, 0.589185, 0.0, 0.0, 0.0, 0.0, 1.0],
                [1.0, -1e-06, 1e-06, 0.0, -0.0, 0.545975, 0.837801, 0.374726, -1e-06, -0.837801, 0.545975, 0.0, 0.0, 0.0, 0.0, 1.0],
                [1.0, -1e-06, 1e-06, -0.0, -0.0, 0.505021, 0.863107, 0.374726, -1e-06, -0.863107, 0.505021, -0.0, 0.0, 0.0, 0.0, 1.0],
                [1.0, -1e-06, 1e-06, 0.0, -0.0, 0.46479, 0.885421, 0.374726, -1e-06, -0.885421, 0.46479, 0.0, 0.0, 0.0, 0.0, 1.0],
                [1.0, -1e-06, 1e-06, 0.0, -0.0, 0.429356, 0.903135, 0.374726, -1e-06, -0.903135, 0.429356, -0.0, 0.0, 0.0, 0.0, 1.0],
                [1.0, -1e-06, 1e-06, -0.0, -0.0, 0.403658, 0.91491, 0.374726, -1e-06, -0.91491, 0.403657, -0.0, 0.0, 0.0, 0.0, 1.0],
                [1.0, -1e-06, 0.0, -0.0, -0.0, 0.388739, 0.921348, 0.374726, -1e-06, -0.921348, 0.38874, 0.0, 0.0, 0.0, 0.0, 1.0],
                [1.0, -1e-06, 0.0, 0.0, -0.0, 0.385599, 0.922667, 0.374726, -1e-06, -0.922667, 0.385599, 0.0, 0.0, 0.0, 0.0, 1.0],
                [1.0, -1e-06, 1e-06, -0.0, -0.0, 0.394871, 0.918736, 0.374726, -1e-06, -0.918736, 0.394871, 0.0, 0.0, 0.0, 0.0, 1.0],
                [1.0, -1e-06, 1e-06, -0.0, -0.0, 0.416591, 0.909094, 0.374726, -1e-06, -0.909094, 0.416591, 0.0, 0.0, 0.0, 0.0, 1.0],
                [1.0, -1e-06, 1e-06, 0.0, -0.0, 0.450026, 0.893015, 0.374726, -1e-06, -0.893015, 0.450026, 0.0, 0.0, 0.0, 0.0, 1.0],
                [1.0, -1e-06, 1e-06, 0.0, -0.0, 0.493578, 0.869702, 0.374726, -1e-06, -0.869702, 0.493578, -0.0, 0.0, 0.0, 0.0, 1.0],
                [1.0, -0.0, 1e-06, 0.0, -0.0, 0.544747, 0.8386, 0.374726, -1e-06, -0.8386, 0.544747, -0.0, 0.0, 0.0, 0.0, 1.0],
                [1.0, -1e-06, 1e-06, 0.0, -0.0, 0.60018, 0.799865, 0.374726, -1e-06, -0.799865, 0.60018, 0.0, 0.0, 0.0, 0.0, 1.0],
                [1.0, -1e-06, 1e-06, 0.0, -0.0, 0.655774, 0.754957, 0.374726, -1e-06, -0.754957, 0.655774, 0.0, 0.0, 0.0, 0.0, 1.0],
                [1.0, -0.0, 1e-06, 0.0, -0.0, 0.706867, 0.707346, 0.374726, -1e-06, -0.707346, 0.706868, 0.0, 0.0, 0.0, 0.0, 1.0],
                [1.0, -1e-06, 1e-06, 0.0, -0.0, 0.748484, 0.663153, 0.374726, -1e-06, -0.663153, 0.748484, -0.0, 0.0, 0.0, 0.0, 1.0],
                [1.0, -0.0, 1e-06, -0.0, -0.0, 0.775666, 0.631143, 0.374726, -1e-06, -0.631143, 0.775666, 0.0, 0.0, 0.0, 0.0, 1.0],
                [1.0, -0.0, 1e-06, 0.0, -0.0, 0.783862, 0.620934, 0.374726, -1e-06, -0.620934, 0.783863, 0.0, 0.0, 0.0, 0.0, 1.0],
                [1.0, -0.0, 1e-06, 0.0, -0.0, 0.769397, 0.63877, 0.374726, -1e-06, -0.63877, 0.769398, -0.0, 0.0, 0.0, 0.0, 1.0],
                [1.0, -0.0, 1e-06, 0.0, -0.0, 0.722818, 0.691038, 0.374726, -1e-06, -0.691038, 0.722818, 0.0, 0.0, 0.0, 0.0, 1.0],
                [1.0, -1e-06, 1e-06, 0.0, -0.0, 0.645155, 0.764051, 0.374726, -1e-06, -0.764051, 0.645155, -0.0, 0.0, 0.0, 0.0, 1.0],
                [1.0, -1e-06, 1e-06, 0.0, -0.0, 0.55004, 0.835138, 0.374726, -1e-06, -0.835138, 0.55004, -0.0, 0.0, 0.0, 0.0, 1.0],
                [1.0, -1e-06, 1e-06, 0.0, -0.0, 0.45139, 0.892327, 0.374726, -1e-06, -0.892327, 0.45139, -0.0, 0.0, 0.0, 0.0, 1.0],
                [1.0, -1e-06, 1e-06, -0.0, -0.0, 0.36299, 0.931793, 0.374726, -1e-06, -0.931793, 0.36299, 0.0, 0.0, 0.0, 0.0, 1.0],
                [1.0, -1e-06, 0.0, 0.0, -0.0, 0.298391, 0.954444, 0.374726, -1e-06, -0.954444, 0.298391, -0.0, 0.0, 0.0, 0.0, 1.0],
                [1.0, -1e-06, 0.0, -0.0, -0.0, 0.268907, 0.963166, 0.374726, -1e-06, -0.963166, 0.268907, -0.0, 0.0, 0.0, 0.0, 1.0],
                [1.0, -1e-06, 0.0, 0.0, -0.0, 0.274681, 0.961535, 0.374726, -1e-06, -0.961536, 0.274681, -0.0, 0.0, 0.0, 0.0, 1.0],
                [1.0, -1e-06, 0.0, -0.0, -0.0, 0.31083, 0.950466, 0.374726, -1e-06, -0.950466, 0.31083, 0.0, 0.0, 0.0, 0.0, 1.0],
                [1.0, -1e-06, 1e-06, 0.0, -0.0, 0.369827, 0.929101, 0.374726, -1e-06, -0.929101, 0.369827, -0.0, 0.0, 0.0, 0.0, 1.0],
                [1.0, -1e-06, 1e-06, 0.0, -0.0, 0.441249, 0.897385, 0.374726, -1e-06, -0.897385, 0.441249, 0.0, 0.0, 0.0, 0.0, 1.0],
                [1.0, -1e-06, 1e-06, -0.0, -0.0, 0.513489, 0.858096, 0.374726, -1e-06, -0.858096, 0.513489, -0.0, 0.0, 0.0, 0.0, 1.0],
                [1.0, -1e-06, 1e-06, -0.0, -0.0, 0.578723, 0.815524, 0.374726, -1e-06, -0.815524, 0.578723, -0.0, 0.0, 0.0, 0.0, 1.0],
                [1.0, -1e-06, 1e-06, -0.0, -0.0, 0.628918, 0.777472, 0.374726, -1e-06, -0.777472, 0.628918, -0.0, 0.0, 0.0, 0.0, 1.0],
                [1.0, -1e-06, 1e-06, 0.0, -0.0, 0.655059, 0.755577, 0.374726, -1e-06, -0.755577, 0.655059, 0.0, 0.0, 0.0, 0.0, 1.0],
                [1.0, -1e-06, 1e-06, -0.0, -0.0, 0.648147, 0.761515, 0.374726, -1e-06, -0.761515, 0.648147, 0.0, 0.0, 0.0, 0.0, 1.0],
                [1.0, -1e-06, 1e-06, 0.0, -0.0, 0.625997, 0.779825, 0.374726, -1e-06, -0.779825, 0.625997, 0.0, 0.0, 0.0, 0.0, 1.0],
                [1.0, -1e-06, 1e-06, -0.0, -0.0, 0.610757, 0.791818, 0.374726, -1e-06, -0.791818, 0.610757, -0.0, 0.0, 0.0, 0.0, 1.0],
                [1.0, -1e-06, 1e-06, -0.0, -0.0, 0.600749, 0.799438, 0.374726, -1e-06, -0.799438, 0.600749, 0.0, 0.0, 0.0, 0.0, 1.0],
                [1.0, -1e-06, 1e-06, -0.0, -0.0, 0.594403, 0.804168, 0.374726, -1e-06, -0.804168, 0.594403, 0.0, 0.0, 0.0, 0.0, 1.0],
                [1.0, -1e-06, 1e-06, -0.0, -0.0, 0.590262, 0.807212, 0.374726, -1e-06, -0.807212, 0.590262, -0.0, 0.0, 0.0, 0.0, 1.0],
                [1.0, -1e-06, 1e-06, 0.0, -0.0, 0.586967, 0.809611, 0.374726, -1e-06, -0.809611, 0.586967, 0.0, 0.0, 0.0, 0.0, 1.0],
                [1.0, -1e-06, 1e-06, -0.0, -0.0, 0.583268, 0.812279, 0.374726, -1e-06, -0.81228, 0.583268, -0.0, 0.0, 0.0, 0.0, 1.0],
                [1.0, -1e-06, 1e-06, -0.0, -0.0, 0.57803, 0.816015, 0.374726, -1e-06, -0.816015, 0.57803, 0.0, 0.0, 0.0, 0.0, 1.0],
                [1.0, -1e-06, 1e-06, 0.0, -0.0, 0.570241, 0.821477, 0.374726, -1e-06, -0.821477, 0.570241, -0.0, 0.0, 0.0, 0.0, 1.0],
                [1.0, -1e-06, 1e-06, 0.0, -0.0, 0.559033, 0.829145, 0.374726, -1e-06, -0.829146, 0.559033, 0.0, 0.0, 0.0, 0.0, 1.0],
                [1.0, -1e-06, 1e-06, -0.0, -0.0, 0.543691, 0.839285, 0.374726, -1e-06, -0.839285, 0.543692, -0.0, 0.0, 0.0, 0.0, 1.0],
                [1.0, -1e-06, 1e-06, 0.0, -0.0, 0.523694, 0.851907, 0.374726, -1e-06, -0.851907, 0.523693, 0.0, 0.0, 0.0, 0.0, 1.0],
                [1.0, -1e-06, 1e-06, 0.0, -0.0, 0.502492, 0.864582, 0.374726, -1e-06, -0.864582, 0.502492, -0.0, 0.0, 0.0, 0.0, 1.0],
                [1.0, -1e-06, 1e-06, 0.0, -0.0, 0.48423, 0.874941, 0.374726, -1e-06, -0.874941, 0.48423, 0.0, 0.0, 0.0, 0.0, 1.0],
                [1.0, -1e-06, 1e-06, 0.0, -0.0, 0.46958, 0.88289, 0.374726, -1e-06, -0.88289, 0.46958, -0.0, 0.0, 0.0, 0.0, 1.0],
                [1.0, -1e-06, 1e-06, 0.0, -0.0, 0.459147, 0.88836, 0.374726, -1e-06, -0.88836, 0.459148, -0.0, 0.0, 0.0, 0.0, 1.0],
                [1.0, -1e-06, 1e-06, -0.0, -0.0, 0.453373, 0.891321, 0.374726, -1e-06, -0.891321, 0.453373, 0.0, 0.0, 0.0, 0.0, 1.0],
                [1.0, -1e-06, 1e-06, -0.0, -0.0, 0.452465, 0.891782, 0.374726, -1e-06, -0.891782, 0.452465, -0.0, 0.0, 0.0, 0.0, 1.0],
                [1.0, -1e-06, 1e-06, 0.0, -0.0, 0.456362, 0.889794, 0.374726, -1e-06, -0.889794, 0.456362, -0.0, 0.0, 0.0, 0.0, 1.0],
                [1.0, -1e-06, 1e-06, 0.0, -0.0, 0.464704, 0.885466, 0.374726, -1e-06, -0.885466, 0.464704, -0.0, 0.0, 0.0, 0.0, 1.0],
                [1.0, -1e-06, 1e-06, -0.0, -0.0, 0.476836, 0.878992, 0.374726, -1e-06, -0.878992, 0.476836, -0.0, 0.0, 0.0, 0.0, 1.0],
                [1.0, -1e-06, 1e-06, 0.0, -0.0, 0.491822, 0.870696, 0.374726, -1e-06, -0.870695, 0.491822, -0.0, 0.0, 0.0, 0.0, 1.0],
                [1.0, -1e-06, 1e-06, -0.0, -0.0, 0.508485, 0.86107, 0.374726, -1e-06, -0.861071, 0.508486, 0.0, 0.0, 0.0, 0.0, 1.0],
                [1.0, -1e-06, 1e-06, -0.0, -0.0, 0.525454, 0.850822, 0.374726, -1e-06, -0.850822, 0.525454, 0.0, 0.0, 0.0, 0.0, 1.0],
                [1.0, -1e-06, 1e-06, -0.0, -0.0, 0.541227, 0.840877, 0.374726, -1e-06, -0.840877, 0.541227, 0.0, 0.0, 0.0, 0.0, 1.0],
                [1.0, -1e-06, 1e-06, -0.0, -0.0, 0.554255, 0.832346, 0.374726, -1e-06, -0.832347, 0.554255, -0.0, 0.0, 0.0, 0.0, 1.0],
                [1.0, -1e-06, 1e-06, -0.0, -0.0, 0.563033, 0.826434, 0.374726, -1e-06, -0.826434, 0.563034, 0.0, 0.0, 0.0, 0.0, 1.0],
                [1.0, -1e-06, 1e-06, 0.0, -0.0, 0.566216, 0.824257, 0.374726, -1e-06, -0.824257, 0.566216, -0.0, 0.0, 0.0, 0.0, 1.0]
            ]
        },
        {
            "name": "Knee_R",
            "time": [0.0, 1.1667],
            "transform": [
                [1.0, 0.0, -0.0, 0.0, -0.0, 0.00567, -0.999984, 0.374726, -0.0, 0.999984, 0.00567, 0.0, 0.0, 0.0, 0.0, 1.0],
                [1.0, 0.0, -0.0, 0.0, -0.0, 0.00567, -0.999984, 0.420309, -0.0, 0.999984, 0.00567, -0.000259, 0.0, 0.0, 0.0, 1.0]
            ]
        },
        {
            "name": "Thigh_L",
            "time": [0.0, 0.0167, 0.0333, 0.05, 0.0667, 0.0833, 0.1, 0.1167, 0.1333, 0.15, 0.1667, 0.1833, 0.2, 0.2167, 0.2333, 0.25, 0.2667, 0.2833, 0.3, 0.3167, 0.3333, 0.35, 0.3667, 0.3833, 0.4, 0.4167, 0.4333, 0.45, 0.4667, 0.4833, 0.5, 0.5167, 0.5333, 0.55, 0.5667, 0.5833, 0.6, 0.6167, 0.6333, 0.65, 0.6667, 0.6833, 0.7, 0.7167, 0.7333, 0.75, 0.7667, 0.7833, 0.8, 0.8167, 0.8333, 0.85, 0.8667, 0.8833, 0.9, 0.9167, 0.9333, 0.95, 0.9667, 0.9833, 1.0, 1.0167, 1.0333, 1.05, 1.0667, 1.0833, 1.1, 1.1167, 1.1333, 1.15, 1.1667],
            "transform": [
                [0.978627, -0.205554, -0.006017, -0.125006, -0.187177, -0.902493, 0.387908, -0.002831, -0.085166, -0.378491, -0.921679, -1.2e-05, 0.0, 0.0, 0.0, 1.0],
                [0.978232, -0.207486, -0.003261, -0.125006, -0.189044, -0.897541, 0.398349, -0.002831, -0.085578, -0.389062, -0.917228, -1.2e-05, 0.0, 0.0, 0.0, 1.0],
                [0.977238, -0.212111, 0.004112, -0.125006, -0.193742, -0.88438, 0.42466, -0.002831, -0.086439, -0.415791, -0.905344, -1.2e-05, 0.0, 0.0, 0.0, 1.0],
                [0.975941, -0.217523, 0.014925, -0.125006, -0.199971, -0.865704, 0.458878, -0.002831, -0.086896, -0.450823, -0.888374, -1.2e-05, 0.0, 0.0, 0.0, 1.0],
                [0.974673, -0.221853, 0.028172, -0.125006, -0.206393, -0.843858, 0.495284, -0.002831, -0.086107, -0.488555, -0.868274, -1.2e-05, 0.0, 0.0, 0.0, 1.0],
                [0.973774, -0.223482, 0.042659, -0.125006, -0.211579, -0.82056, 0.530957, -0.002831, -0.083655, -0.526058, -0.846324, -1.2e-05, 0.0, 0.0, 0.0, 1.0],
                [0.973561, -0.221285, 0.056682, -0.125006, -0.214009, -0.796808, 0.565064, -0.002831, -0.079876, -0.562254, -0.823098, -1.2e-05, 0.0, 0.0, 0.0, 1.0],
                [0.974282, -0.214839, 0.06796, -0.125006, -0.212139, -0.772843, 0.59809, -0.002831, -0.075971, -0.597125, -0.798543, -1.2e-05, 0.0, 0.0, 0.0, 1.0],
                [0.976089, -0.204471, 0.073766, -0.125006, -0.204439, -0.748241, 0.631142, -0.002831, -0.073855, -0.631132, -0.772152, -1.2e-05, 0.0, 0.0, 0.0, 1.0],
                [0.978987, -0.191102, 0.071161, -0.125006, -0.189337, -0.722236, 0.665227, -0.002831, -0.075732, -0.664723, -0.743242, -1.2e-05, 0.0, 0.0, 0.0, 1.0],
                [0.982745, -0.175926, 0.057122, -0.125006, -0.165011, -0.694327, 0.700486, -0.002831, -0.083573, -0.697825, -0.711376, -1.2e-05, 0.0, 0.0, 0.0, 1.0],
                [0.986656, -0.157722, 0.040411, -0.125006, -0.136369, -0.664928, 0.734353, -0.002831, -0.088953, -0.730065, -0.677563, -1.2e-05, 0.0, 0.0, 0.0, 1.0],
                [0.990303, -0.135711, 0.029714, -0.125006, -0.109892, -0.634364, 0.765184, -0.002831, -0.084994, -0.761029, -0.643126, -1.2e-05, 0.0, 0.0, 0.0, 1.0],
                [0.993496, -0.111638, 0.022395, -0.125006, -0.085635, -0.602977, 0.793149, -0.002831, -0.075041, -0.789909, -0.608616, -1.2e-05, 0.0, 0.0, 0.0, 1.0],
                [0.996071, -0.086991, 0.016591, -0.125006, -0.063527, -0.571345, 0.818248, -0.002831, -0.061701, -0.816087, -0.574626, -1.2e-05, 0.0, 0.0, 0.0, 1.0],
                [0.997955, -0.062942, 0.011131, -0.125006, -0.043443, -0.540172, 0.840433, -0.002831, -0.046886, -0.839198, -0.541802, -1.2e-05, 0.0, 0.0, 0.0, 1.0],
                [0.99917, -0.040371, 0.005404, -0.125006, -0.025263, -0.510189, 0.859691, -0.002831, -0.03195, -0.859114, -0.510786, -1.2e-05, 0.0, 0.0, 0.0, 1.0],
                [0.999801, -0.019931, -0.000785, -0.125006, -0.008923, -0.482081, 0.876081, -0.002831, -0.01784, -0.8759, -0.482163, -1.2e-05, 0.0, 0.0, 0.0, 1.0],
                [0.999971, -0.002118, -0.007338, -0.125006, 0.005562, -0.456446, 0.889734, -0.002831, -0.005234, -0.889749, -0.456421, -1.2e-05, 0.0, 0.0, 0.0, 1.0],
                [0.999822, 0.012673, -0.013962, -0.125006, 0.018078, -0.433788, 0.900834, -0.002831, 0.00536, -0.900926, -0.43394, -1.2e-05, 0.0, 0.0, 0.0, 1.0],
                [0.999505, 0.024094, -0.020246, -0.125006, 0.028418, -0.414529, 0.909592, -0.002831, 0.013523, -0.909717, -0.415008, -1.2e-05, 0.0, 0.0, 0.0, 1.0],
                [0.999163, 0.031808, -0.025722, -0.125006, 0.036291, -0.399038, 0.916216, -0.002831, 0.018879, -0.916383, -0.399858, -1.2e-05, 0.0, 0.0, 0.0, 1.0],
                [0.998923, 0.035449, -0.029926, -0.125006, 0.041345, -0.387677, 0.920868, -0.002831, 0.021043, -0.921114, -0.388725, -1.2e-05, 0.0, 0.0, 0.0, 1.0],
                [0.998875, 0.034586, -0.032456, -0.125006, 0.043198, -0.380848, 0.923628, -0.002831, 0.019584, -0.923991, -0.381913, -1.2e-05, 0.0, 0.0, 0.0, 1.0],
                [0.999042, 0.028676, -0.033053, -0.125006, 0.041465, -0.379046, 0.924448, -0.002831, 0.013981, -0.924934, -0.379872, -1.2e-05, 0.0, 0.0, 0.0, 1.0],
                [0.999353, 0.017025, -0.031691, -0.125006, 0.035796, -0.382898, 0.923097, -0.002831, 0.003581, -0.923634, -0.38326, -1.2e-05, 0.0, 0.0, 0.0, 1.0],
                [0.999587, -0.001265, -0.028712, -0.125006, 0.025902, -0.393195, 0.91909, -0.002831, -0.012452, -0.919454, -0.393, -1.2e-05, 0.0, 0.0, 0.0, 1.0],
                [0.999376, -0.026777, -0.023022, -0.125006, 0.009813, -0.415683, 0.909457, -0.002831, -0.033922, -0.909115, -0.415161, -1.2e-05, 0.0, 0.0, 0.0, 1.0],
                [0.998124, -0.059161, -0.015744, -0.125006, -0.012813, -0.453348, 0.891241, -0.002831, -0.059864, -0.889368, -0.453256, -1.2e-05, 0.0, 0.0, 0.0, 1.0],
                [0.995142, -0.097814, -0.011195, -0.125006, -0.039683, -0.502568, 0.863626, -0.002831, -0.090101, -0.858986, -0.504008, -1.2e-05, 0.0, 0.0, 0.0, 1.0],
                [0.989856, -0.141431, -0.013479, -0.125006, -0.068674, -0.559369, 0.826069, -0.002831, -0.124372, -0.816764, -0.563408, -1.2e-05, 0.0, 0.0, 0.0, 1.0],
                [0.981854, -0.187865, -0.02586, -0.125006, -0.098073, -0.619746, 0.778651, -0.002831, -0.162308, -0.761986, -0.626924, -1.2e-05, 0.0, 0.0, 0.0, 1.0],
                [0.970862, -0.23429, -0.050347, -0.125006, -0.126648, -0.680005, 0.722187, -0.002831, -0.203438, -0.694767, -0.689864, -1.2e-05, 0.0, 0.0, 0.0, 1.0],
                [0.956707, -0.277581, -0.087526, -0.125006, -0.153628, -0.737024, 0.658175, -0.002831, -0.247206, -0.616235, -0.74776, -1.2e-05, 0.0, 0.0, 0.0, 1.0],
                [0.939283, -0.314793, -0.13658, -0.125006, -0.178603, -0.788351, 0.588731, -0.002831, -0.293001, -0.528592, -0.796707, -1.2e-05, 0.0, 0.0, 0.0, 1.0],
                [0.918536, -0.343645, -0.195447, -0.125006, -0.201423, -0.8322, 0.516596, -0.002831, -0.340176, -0.435145, -0.833624, -1.2e-05, 0.0, 0.0, 0.0, 1.0],
                [0.894466, -0.363043, -0.261015, -0.125006, -0.222105, -0.867389, 0.445315, -0.002831, -0.38807, -0.340346, -0.856484, -1.2e-05, 0.0, 0.0, 0.0, 1.0],
                [0.867136, -0.373661, -0.329321, -0.125006, -0.240751, -0.893269, 0.379617, -0.002831, -0.43602, -0.249896, -0.864545, -1.2e-05, 0.0, 0.0, 0.0, 1.0],
                [0.836689, -0.37861, -0.395735, -0.125006, -0.257491, -0.909665, 0.325896, -0.002831, -0.483374, -0.170775, -0.858595, -1.2e-05, 0.0, 0.0, 0.0, 1.0],
                [0.803371, -0.383857, -0.455247, -0.125006, -0.272444, -0.916732, 0.292193, -0.002831, -0.529499, -0.11071, -0.841055, -1.2e-05, 0.0, 0.0, 0.0, 1.0],
