{
    "animation": [
        {
            "name": "Root",
            "time": [0.0, 0.0167, 0.0333, 0.05, 0.0667, 0.0833, 0.1, 0.1167, 0.1333, 0.15, 0.1667, 0.1833, 0.2, 0.2167, 0.2333, 0.25, 0.2667, 0.2833, 0.3, 0.3167, 0.3333, 0.35, 0.3667, 0.3833, 0.4, 0.4167, 0.4333, 0.45, 0.4667, 0.4833, 0.5, 0.5167, 0.5333, 0.55, 0.5667, 0.5833, 0.6, 0.6167, 0.6333, 0.65, 0.6667, 0.6833, 0.7, 0.7167, 0.7333, 0.75, 0.7667, 0.7833, 0.8, 0.8167, 0.8333, 0.85, 0.8667, 0.8833, 0.9, 0.9167, 0.9333, 0.95, 0.9667, 0.9833, 1.0, 1.0167, 1.0333, 1.05, 1.0667, 1.0833, 1.1, 1.1167, 1.1333, 1.15, 1.1667],
            "transform": [
                [0.831978, 0.248629, -0.495979, -5e-06, -0.554808, 0.372839, -0.74376, 0.000946, 0.0, 0.893966, 0.448136, 0.629113, 0.0, 0.0, 0.0, 1.0],
                [0.839663, 0.243278, -0.485573, -5e-06, -0.543107, 0.375921, -0.750812, 0.007432, -0.000119, 0.894147, 0.447773, 0.629098, 0.0, 0.0, 0.0, 1.0],
                [0.859967, 0.228343, -0.456418, -5e-06, -0.51035, 0.384065, -0.769439, 0.025215, -0.000402, 0.894625, 0.446818, 0.628992, 0.0, 0.0, 0.0, 1.0],
                [0.888084, 0.205347, -0.411265, -5e-06, -0.45968, 0.395319, -0.795246, 0.051784, -0.00072, 0.895296, 0.445471, 0.628704, 0.0, 0.0, 0.0, 1.0],
                [0.918904, 0.175913, -0.353087, -5e-06, -0.39448, 0.407603, -0.823557, 0.08463, -0.000955, 0.896055, 0.443942, 0.628143, 0.0, 0.0, 0.0, 1.0],
                [0.947752, 0.142022, -0.28565, -5e-06, -0.319007, 0.419053, -0.850076, 0.121241, -0.001027, 0.896785, 0.442465, 0.627218, 0.0, 0.0, 0.0, 1.0],
                [0.971123, 0.106077, -0.213702, -5e-06, -0.238579, 0.428348, -0.871549, 0.159108, -0.000913, 0.897366, 0.441287, 0.625838, 0.0, 0.0, 0.0, 1.0],
                [0.987227, 0.070785, -0.14273, -5e-06, -0.159317, 0.434937, -0.886255, 0.195719, -0.000655, 0.897675, 0.440659, 0.623912, 0.0, 0.0, 0.0, 1.0],
                [0.996155, 0.03893, -0.07849, -5e-06, -0.087613, 0.439095, -0.894159, 0.228565, -0.000345, 0.897597, 0.440817, 0.62135, 0.0, 0.0, 0.0, 1.0],
                [0.999561, 0.013168, -0.026521, -5e-06, -0.02961, 0.441782, -0.896633, 0.255135, -9.1e-05, 0.897026, 0.441979, 0.618059, 0.0, 0.0, 0.0, 1.0],
                [0.999959, -0.004043, 0.008093, -5e-06, 0.009047, 0.44433, -0.895817, 0.272917, 2.6e-05, 0.895854, 0.444348, 0.61395, 0.0, 0.0, 0.0, 1.0],
                [0.999733, -0.010352, 0.020651, -5e-06, 0.0231, 0.448016, -0.893727, 0.279403, 0.0, 0.893965, 0.448136, 0.608931, 0.0, 0.0, 0.0, 1.0],
                [0.999733, -0.0104, 0.020639, -5e-06, 0.023111, 0.452943, -0.89124, 0.278568, -8e-05, 0.891479, 0.453062, 0.602121, 0.0, 0.0, 0.0, 1.0],
                [0.999733, -0.010432, 0.020616, -5e-06, 0.023104, 0.458303, -0.888496, 0.276224, -0.000179, 0.888735, 0.458422, 0.593415, 0.0, 0.0, 0.0, 1.0],
                [0.999733, -0.010449, 0.02059, -5e-06, 0.023088, 0.463683, -0.885701, 0.272612, -0.000293, 0.88594, 0.4638, 0.583886, 0.0, 0.0, 0.0, 1.0],
                [0.999734, -0.010449, 0.020572, -5e-06, 0.02307, 0.468676, -0.883069, 0.267972, -0.000414, 0.883308, 0.468792, 0.574607, 0.0, 0.0, 0.0, 1.0],
                [0.999734, -0.010433, 0.02057, -5e-06, 0.023059, 0.472882, -0.880824, 0.262545, -0.000537, 0.881064, 0.472997, 0.566651, 0.0, 0.0, 0.0, 1.0],
                [0.999734, -0.010401, 0.020593, -5e-06, 0.023062, 0.475904, -0.879195, 0.256572, -0.000656, 0.879436, 0.476017, 0.56109, 0.0, 0.0, 0.0, 1.0],
                [0.999733, -0.010352, 0.020651, -5e-06, 0.023088, 0.477343, -0.878414, 0.250294, -0.000764, 0.878656, 0.477454, 0.558998, 0.0, 0.0, 0.0, 1.0],
                [0.999705, -0.010575, 0.021861, -5e-06, 0.024258, 0.477429, -0.878335, 0.243912, -0.001149, 0.878607, 0.477545, 0.559151, 0.0, 0.0, 0.0, 1.0],
                [0.999616, -0.011346, 0.025286, -5e-06, 0.027636, 0.476679, -0.878643, 0.237472, -0.002085, 0.879004, 0.47681, 0.559602, 0.0, 0.0, 0.0, 1.0],
                [0.999444, -0.012637, 0.030851, -5e-06, 0.03315, 0.475115, -0.879299, 0.230982, -0.003546, 0.879833, 0.47527, 0.560339, 0.0, 0.0, 0.0, 1.0],
                [0.999155, -0.014418, 0.038487, -5e-06, 0.040729, 0.472754, -0.880253, 0.224449, -0.005503, 0.881077, 0.472941, 0.561349, 0.0, 0.0, 0.0, 1.0],
                [0.998703, -0.016655, 0.048123, -5e-06, 0.050304, 0.469608, -0.881441, 0.217879, -0.007919, 0.882718, 0.469837, 0.562622, 0.0, 0.0, 0.0, 1.0],
                [0.99803, -0.019306, 0.059693, -5e-06, 0.061808, 0.465688, -0.882788, 0.211281, -0.010755, 0.884738, 0.465964, 0.564145, 0.0, 0.0, 0.0, 1.0],
                [0.997073, -0.022329, 0.073129, -5e-06, 0.075175, 0.461, -0.88421, 0.204662, -0.013969, 0.887119, 0.461329, 0.565906, 0.0, 0.0, 0.0, 1.0],
                [0.995757, -0.025677, 0.088361, -5e-06, 0.090334, 0.45555, -0.885615, 0.198028, -0.017512, 0.88984, 0.455937, 0.567893, 0.0, 0.0, 0.0, 1.0],
                [0.994007, -0.0293, 0.105316, -5e-06, 0.107213, 0.449342, -0.886903, 0.191386, -0.021336, 0.892879, 0.449791, 0.570095, 0.0, 0.0, 0.0, 1.0],
                [0.991739, -0.033144, 0.123916, -5e-06, 0.125735, 0.442382, -0.887969, 0.184745, -0.025387, 0.896214, 0.442895, 0.5725, 0.0, 0.0, 0.0, 1.0],
                [0.988868, -0.037153, 0.144079, -5e-06, 0.145817, 0.434676, -0.888704, 0.17811, -0.029609, 0.89982, 0.435255, 0.575095, 0.0, 0.0, 0.0, 1.0],
                [0.98531, -0.04127, 0.165715, -5e-06, 0.167369, 0.426233, -0.888996, 0.17149, -0.033944, 0.903672, 0.426878, 0.577868, 0.0, 0.0, 0.0, 1.0],
                [0.980978, -0.045433, 0.188725, -5e-06, 0.190295, 0.417063, -0.888733, 0.164892, -0.038332, 0.907741, 0.417775, 0.580809, 0.0, 0.0, 0.0, 1.0],
                [0.975792, -0.049583, 0.213004, -5e-06, 0.214487, 0.407182, -0.887805, 0.158322, -0.042712, 0.912, 0.40796, 0.583904, 0.0, 0.0, 0.0, 1.0],
                [0.969675, -0.053656, 0.238436, -5e-06, 0.239833, 0.39661, -0.886104, 0.151788, -0.047021, 0.916418, 0.397451, 0.587143, 0.0, 0.0, 0.0, 1.0],
                [0.962555, -0.057593, 0.264897, -5e-06, 0.266207, 0.385371, -0.883529, 0.145297, -0.051199, 0.920963, 0.386272, 0.590512, 0.0, 0.0, 0.0, 1.0],
                [0.954372, -0.061332, 0.292254, -5e-06, 0.293477, 0.373495, -0.879984, 0.138857, -0.055184, 0.925602, 0.374453, 0.594, 0.0, 0.0, 0.0, 1.0],
                [0.945074, -0.064816, 0.320366, -5e-06, 0.321503, 0.361018, -0.875387, 0.132474, -0.058919, 0.930304, 0.362028, 0.597596, 0.0, 0.0, 0.0, 1.0],
                [0.934622, -0.06799, 0.349083, -5e-06, 0.350135, 0.347984, -0.869663, 0.126155, -0.062347, 0.935032, 0.349039, 0.601287, 0.0, 0.0, 0.0, 1.0],
                [0.922992, -0.070802, 0.37825, -5e-06, 0.379219, 0.334439, -0.862753, 0.119908, -0.065417, 0.939754, 0.335534, 0.605062, 0.0, 0.0, 0.0, 1.0],
                [0.910173, -0.073207, 0.407708, -5e-06, 0.408595, 0.32044, -0.854616, 0.113741, -0.068082, 0.944436, 0.321568, 0.608907, 0.0, 0.0, 0.0, 1.0],
                [0.896172, -0.075164, 0.437294, -5e-06, 0.438102, 0.306045, -0.845224, 0.107659, -0.070301, 0.949045, 0.307199, 0.612813, 0.0, 0.0, 0.0, 1.0],
                [0.881012, -0.07664, 0.466844, -5e-06, 0.467576, 0.291321, -0.834569, 0.101671, -0.07204, 0.953551, 0.292492, 0.616766, 0.0, 0.0, 0.0, 1.0],
                [0.864734, -0.077608, 0.496197, -5e-06, 0.496856, 0.276335, -0.822662, 0.095784, -0.073272, 0.957923, 0.277517, 0.620755, 0.0, 0.0, 0.0, 1.0],
                [0.847395, -0.078051, 0.525195, -5e-06, 0.525784, 0.261162, -0.809534, 0.090004, -0.073976, 0.962134, 0.262346, 0.624768, 0.0, 0.0, 0.0, 1.0],
                [0.829068, -0.077958, 0.553686, -5e-06, 0.55421, 0.245877, -0.795233, 0.084339, -0.074144, 0.966161, 0.247054, 0.628792, 0.0, 0.0, 0.0, 1.0],
                [0.809843, -0.077329, 0.581527, -5e-06, 0.581989, 0.230557, -0.779828, 0.078796, -0.073772, 0.969981, 0.23172, 0.632817, 0.0, 0.0, 0.0, 1.0],
                [0.789823, -0.07617, 0.608586, -5e-06, 0.608991, 0.215278, -0.763404, 0.073383, -0.072867, 0.973578, 0.216419, 0.636829, 0.0, 0.0, 0.0, 1.0],
                [0.769124, -0.074498, 0.634743, -5e-06, 0.635094, 0.200118, -0.746062, 0.068106, -0.071443, 0.976935, 0.201229, 0.640818, 0.0, 0.0, 0.0, 1.0],
                [0.747872, -0.072336, 0.65989, -5e-06, 0.660193, 0.18515, -0.727918, 0.062973, -0.069524, 0.980044, 0.186224, 0.644771, 0.0, 0.0, 0.0, 1.0],
                [0.726201, -0.069715, 0.683939, -5e-06, 0.684196, 0.170445, -0.709101, 0.05799, -0.067139, 0.982898, 0.171476, 0.648677, 0.0, 0.0, 0.0, 1.0],
                [0.704253, -0.066674, 0.706812, -5e-06, 0.707029, 0.156072, -0.689747, 0.053166, -0.064325, 0.985493, 0.157055, 0.652523, 0.0, 0.0, 0.0, 1.0],
                [0.682172, -0.063255, 0.728451, -5e-06, 0.728632, 0.142094, -0.670003, 0.048507, -0.061127, 0.98783, 0.143022, 0.656297, 0.0, 0.0, 0.0, 1.0],
                [0.660106, -0.059508, 0.748811, -5e-06, 0.748961, 0.128568, -0.650021, 0.044021, -0.057591, 0.989914, 0.129438, 0.659988, 0.0, 0.0, 0.0, 1.0],
                [0.638203, -0.055487, 0.767866, -5e-06, 0.767988, 0.115547, -0.629955, 0.039714, -0.053771, 0.991751, 0.116356, 0.663584, 0.0, 0.0, 0.0, 1.0],
                [0.616607, -0.051246, 0.785601, -5e-06, 0.785699, 0.103079, -0.60996, 0.035594, -0.049721, 0.993352, 0.103823, 0.667072, 0.0, 0.0, 0.0, 1.0],
                [0.595462, -0.046844, 0.802016, -5e-06, 0.802094, 0.091205, -0.590193, 0.031668, -0.045501, 0.99473, 0.091882, 0.670442, 0.0, 0.0, 0.0, 1.0],
                [0.574906, -0.042341, 0.817124, -5e-06, 0.817183, 0.07996, -0.570804, 0.027943, -0.041168, 0.995898, 0.08057, 0.67368, 0.0, 0.0, 0.0, 1.0],
                [0.55507, -0.037798, 0.830945, -5e-06, 0.83099, 0.069375, -0.551944, 0.024427, -0.036784, 0.996874, 0.069918, 0.676775, 0.0, 0.0, 0.0, 1.0],
                [0.536082, -0.033274, 0.84351, -5e-06, 0.843544, 0.059476, -0.533757, 0.021126, -0.032408, 0.997675, 0.059952, 0.679716, 0.0, 0.0, 0.0, 1.0],
                [0.518062, -0.028829, 0.854857, -5e-06, 0.854882, 0.050284, -0.516381, 0.018048, -0.028099, 0.998319, 0.050695, 0.68249, 0.0, 0.0, 0.0, 1.0],
                [0.501123, -0.02452, 0.865029, -5e-06, 0.865046, 0.041818, -0.499947, 0.015199, -0.023915, 0.998824, 0.042167, 0.685085, 0.0, 0.0, 0.0, 1.0],
                [0.485373, -0.020403, 0.874069, -5e-06, 0.874081, 0.034093, -0.484583, 0.012588, -0.019912, 0.99921, 0.034382, 0.687489, 0.0, 0.0, 0.0, 1.0],
                [0.470913, -0.016533, 0.882025, -5e-06, 0.882032, 0.027121, -0.470408, 0.010222, -0.016144, 0.999495, 0.027354, 0.689691, 0.0, 0.0, 0.0, 1.0],
                [0.457839, -0.012961, 0.888941, -5e-06, 0.888945, 0.020914, -0.457536, 0.008106, -0.012661, 0.999697, 0.021096, 0.691678, 0.0, 0.0, 0.0, 1.0],
                [0.446242, -0.009734, 0.89486, -5e-06, 0.894862, 0.015484, -0.446075, 0.00625, -0.009514, 0.999833, 0.01562, 0.693439, 0.0, 0.0, 0.0, 1.0],
                [0.436208, -0.0069, 0.899819, -5e-06, 0.899821, 0.010842, -0.436125, 0.004659, -0.006746, 0.999917, 0.010938, 0.694962, 0.0, 0.0, 0.0, 1.0],
                [0.427821, -0.004501, 0.903853, -5e-06, 0.903853, 0.007001, -0.427786, 0.003342, -0.004402, 0.999965, 0.007064, 0.696235, 0.0, 0.0, 0.0, 1.0],
                [0.421161, -0.002577, 0.906982, -5e-06, 0.906983, 0.003976, -0.42115, 0.002305, -0.002521, 0.999989, 0.004012, 0.697246, 0.0, 0.0, 0.0, 1.0],
                [0.416308, -0.001164, 0.909223, -5e-06, 0.909223, 0.001786, -0.416305, 0.001555, -0.001139, 0.999998, 0.001802, 0.697982, 0.0, 0.0, 0.0, 1.0],
                [0.413339, -0.000295, 0.910577, -5e-06, 0.910577, 0.000452, -0.413338, 0.0011, -0.000289, 1.0, 0.000456, 0.698433, 0.0, 0.0, 0.0, 1.0],
                [0.412332, -0.0, 0.911034, -5e-06, 0.911034, -0.0, -0.412332, 0.000946, 0.0, 1.0, 0.0, 0.698586, 0.0, 0.0, 0.0, 1.0]
            ]
        },
        {
            "name": "Thigh_R",
            "time": [0.0, 0.0167, 0.0333, 0.05, 0.0667, 0.0833, 0.1, 0.1167, 0.1333, 0.15, 0.1667, 0.1833, 0.2, 0.2167, 0.2333, 0.25, 0.2667, 0.2833, 0.3, 0.3167, 0.3333, 0.35, 0.3667, 0.3833, 0.4, 0.4167, 0.4333, 0.45, 0.4667, 0.4833, 0.5, 0.5167, 0.5333, 0.55, 0.5667, 0.5833, 0.6, 0.6167, 0.6333, 0.65, 0.6667, 0.6833, 0.7, 0.7167, 0.7333, 0.75, 0.7667, 0.7833, 0.8, 0.8167, 0.8333, 0.85, 0.8667, 0.8833, 0.9, 0.9167, 0.9333, 0.95, 0.9667, 0.9833, 1.0, 1.0167, 1.0333, 1.05, 1.0667, 1.0833, 1.1, 1.1167, 1.1333, 1.15, 1.1667],
            "transform": [
                [0.847498, 0.512722, 0.137343, 0.124994, 0.292796, -0.667393, 0.684731, -0.002831, 0.442738, -0.540096, -0.715737, -1.2e-05, 0.0, 0.0, 0.0, 1.0],
                [0.838287, 0.520048, 0.163785, 0.124994, 0.283641, -0.672502, 0.683585, -0.002831, 0.465643, -0.526584, -0.711256, -1.2e-05, 0.0, 0.0, 0.0, 1.0],
                [0.814614, 0.533792, 0.226871, 0.124994, 0.262816, -0.688408, 0.676034, -0.002831, 0.517041, -0.491082, -0.701076, -1.2e-05, 0.0, 0.0, 0.0, 1.0],
                [0.78063, 0.543779, 0.308094, 0.124994, 0.238226, -0.714625, 0.657693, -0.002831, 0.577811, -0.440018, -0.6874, -1.2e-05, 0.0, 0.0, 0.0, 1.0],
                [0.737632, 0.544991, 0.398603, 0.124994, 0.213537, -0.748338, 0.628006, -0.002831, 0.640547, -0.378121, -0.668374, -1.2e-05, 0.0, 0.0, 0.0, 1.0],
                [0.68659, 0.535115, 0.492185, 0.124994, 0.190677, -0.785803, 0.58835, -0.002831, 0.701595, -0.310107, -0.641559, -1.2e-05, 0.0, 0.0, 0.0, 1.0],
                [0.629799, 0.513934, 0.58243, 0.124994, 0.171017, -0.823167, 0.541433, -0.002831, 0.757698, -0.241389, -0.606322, -1.2e-05, 0.0, 0.0, 0.0, 1.0],
                [0.571146, 0.483897, 0.663051, 0.124994, 0.155392, -0.856895, 0.491512, -0.002831, 0.806006, -0.177693, -0.564606, -1.2e-05, 0.0, 0.0, 0.0, 1.0],
                [0.515659, 0.450449, 0.728828, 0.124994, 0.143981, -0.884107, 0.444549, -0.002831, 0.844609, -0.124298, -0.520754, -1.2e-05, 0.0, 0.0, 0.0, 1.0],
                [0.468835, 0.421664, 0.77614, 0.124994, 0.136382, -0.902717, 0.408047, -0.002831, 0.872693, -0.085455, -0.480733, -1.2e-05, 0.0, 0.0, 0.0, 1.0],
                [0.436063, 0.406784, 0.80273, 0.124994, 0.131873, -0.911261, 0.390145, -0.002831, 0.890201, -0.06427, -0.451011, -1.2e-05, 0.0, 0.0, 0.0, 1.0],
                [0.422326, 0.413404, 0.806683, 0.124994, 0.129817, -0.908353, 0.397544, -0.002831, 0.8971, -0.063173, -0.437288, -1.2e-05, 0.0, 0.0, 0.0, 1.0],
                [0.41956, 0.437101, 0.795558, 0.124994, 0.128641, -0.896213, 0.424562, -0.002831, 0.898566, -0.075788, -0.432244, -1.2e-05, 0.0, 0.0, 0.0, 1.0],
                [0.416841, 0.46657, 0.7801, 0.124994, 0.126932, -0.879685, 0.458305, -0.002831, 0.900073, -0.092021, -0.425911, -1.2e-05, 0.0, 0.0, 0.0, 1.0],
                [0.414523, 0.497097, 0.762277, 0.124994, 0.124618, -0.860747, 0.493544, -0.002831, 0.901466, -0.109592, -0.418746, -1.2e-05, 0.0, 0.0, 0.0, 1.0],
                [0.412998, 0.525489, 0.743838, 0.124994, 0.12158, -0.841249, 0.526801, -0.002831, 0.90258, -0.127132, -0.411323, -1.2e-05, 0.0, 0.0, 0.0, 1.0],
                [0.412692, 0.549543, 0.726421, 0.124994, 0.117661, -0.822983, 0.555747, -0.002831, 0.903239, -0.143881, -0.404299, -1.2e-05, 0.0, 0.0, 0.0, 1.0],
                [0.414044, 0.567563, 0.711646, 0.124994, 0.112683, -0.807753, 0.578652, -0.002831, 0.903255, -0.159397, -0.3984, -1.2e-05, 0.0, 0.0, 0.0, 1.0],
                [0.417465, 0.57801, 0.701162, 0.124994, 0.106485, -0.797417, 0.593959, -0.002831, 0.902432, -0.173294, -0.394443, -1.2e-05, 0.0, 0.0, 0.0, 1.0],
                [0.423952, 0.584453, 0.691867, 0.124994, 0.096731, -0.788766, 0.607035, -0.002831, 0.900504, -0.190429, -0.390934, -1.2e-05, 0.0, 0.0, 0.0, 1.0],
                [0.434066, 0.590849, 0.680063, 0.124994, 0.081578, -0.777564, 0.623489, -0.002831, 0.89718, -0.215157, -0.385714, -1.2e-05, 0.0, 0.0, 0.0, 1.0],
                [0.447697, 0.596095, 0.666512, 0.124994, 0.061665, -0.764192, 0.642035, -0.002831, 0.892057, -0.246337, -0.378884, -1.2e-05, 0.0, 0.0, 0.0, 1.0],
                [0.464967, 0.599128, 0.651806, 0.124994, 0.037707, -0.748964, 0.661536, -0.002831, 0.884524, -0.283015, -0.370835, -1.2e-05, 0.0, 0.0, 0.0, 1.0],
                [0.48624, 0.598977, 0.636236, 0.124994, 0.010595, -0.732093, 0.681123, -0.002831, 0.873761, -0.324449, -0.362319, -1.2e-05, 0.0, 0.0, 0.0, 1.0],
                [0.512165, 0.594735, 0.61966, 0.124994, -0.018506, -0.71366, 0.700249, -0.002831, 0.858688, -0.37011, -0.354505, -1.2e-05, 0.0, 0.0, 0.0, 1.0],
                [0.543748, 0.585441, 0.601329, 0.124994, -0.04804, -0.693623, 0.718735, -0.002831, 0.837873, -0.419699, -0.349032, -1.2e-05, 0.0, 0.0, 0.0, 1.0],
                [0.582419, 0.569892, 0.579665, 0.124994, -0.075932, -0.671834, 0.7368, -0.002831, 0.809334, -0.473142, -0.348016, -1.2e-05, 0.0, 0.0, 0.0, 1.0],
                [0.629983, 0.546358, 0.551919, 0.124994, -0.099419, -0.648093, 0.755044, -0.002831, 0.770219, -0.530536, -0.353969, -1.2e-05, 0.0, 0.0, 0.0, 1.0],
                [0.688218, 0.512247, 0.51377, 0.124994, -0.114856, -0.622298, 0.774308, -0.002831, 0.716355, -0.591902, -0.369442, -1.2e-05, 0.0, 0.0, 0.0, 1.0],
                [0.757598, 0.463954, 0.459121, 0.124994, -0.117657, -0.594806, 0.795212, -0.002831, 0.64203, -0.65647, -0.396037, -1.2e-05, 0.0, 0.0, 0.0, 1.0],
                [0.834537, 0.397768, 0.381219, 0.124994, -0.10295, -0.567157, 0.817149, -0.002831, 0.541247, -0.721188, -0.432364, -1.2e-05, 0.0, 0.0, 0.0, 1.0],
                [0.908191, 0.313478, 0.277346, 0.124994, -0.068233, -0.542878, 0.837035, -0.002831, 0.412957, -0.779112, -0.471647, -1.2e-05, 0.0, 0.0, 0.0, 1.0],
                [0.962601, 0.220522, 0.157382, 0.124994, -0.01824, -0.526841, 0.849768, -0.002831, 0.270308, -0.820859, -0.503116, -1.2e-05, 0.0, 0.0, 0.0, 1.0],
                [0.989128, 0.139361, 0.046947, 0.124994, 0.033077, -0.521907, 0.85236, -0.002831, 0.143288, -0.841541, -0.520843, -1.2e-05, 0.0, 0.0, 0.0, 1.0],
                [0.995501, 0.091563, -0.024377, 0.124994, 0.069167, -0.526401, 0.847418, -0.002831, 0.06476, -0.845292, -0.530366, -1.2e-05, 0.0, 0.0, 0.0, 1.0],
                [0.995272, 0.09023, -0.035935, 0.124994, 0.078985, -0.53666, 0.840094, -0.002831, 0.056517, -0.838961, -0.541249, -1.2e-05, 0.0, 0.0, 0.0, 1.0],
                [0.993338, 0.114554, -0.012554, 0.124994, 0.073891, -0.54954, 0.832194, -0.002831, 0.088432, -0.827577, -0.554343, -1.2e-05, 0.0, 0.0, 0.0, 1.0],
                [0.99021, 0.139069, 0.012056, 0.124994, 0.069102, -0.563402, 0.823288, -0.002831, 0.121286, -0.814394, -0.567496, -1.2e-05, 0.0, 0.0, 0.0, 1.0],
                [0.985803, 0.163579, 0.037862, 0.124994, 0.064696, -0.578152, 0.81336, -0.002831, 0.154938, -0.799364, -0.580527, -1.2e-05, 0.0, 0.0, 0.0, 1.0],
                [0.980051, 0.187879, 0.064815, 0.124994, 0.060745, -0.593685, 0.802402, -0.002831, 0.189234, -0.782458, -0.593254, -1.2e-05, 0.0, 0.0, 0.0, 1.0],
                [0.972902, 0.211758, 0.092847, 0.124994, 0.057315, -0.609891, 0.79041, -0.002831, 0.224002, -0.76367, -0.605501, -1.2e-05, 0.0, 0.0, 0.0, 1.0],
                [0.964323, 0.235005, 0.121875, 0.124994, 0.054465, -0.626653, 0.777393, -0.002831, 0.259064, -0.74302, -0.617095, -1.2e-05, 0.0, 0.0, 0.0, 1.0],
                [0.954305, 0.257409, 0.151795, 0.124994, 0.052244, -0.643848, 0.763368, -0.002831, 0.294231, -0.720556, -0.627875, -1.2e-05, 0.0, 0.0, 0.0, 1.0],
                [0.942862, 0.278766, 0.182489, 0.124994, 0.05069, -0.661351, 0.748362, -0.002831, 0.329306, -0.696351, -0.637693, -1.2e-05, 0.0, 0.0, 0.0, 1.0],
                [0.930028, 0.29888, 0.213821, 0.124994, 0.049831, -0.679034, 0.732414, -0.002831, 0.364095, -0.67051, -0.646414, -1.2e-05, 0.0, 0.0, 0.0, 1.0],
                [0.915864, 0.317573, 0.245642, 0.124994, 0.049682, -0.696771, 0.715571, -0.002831, 0.398403, -0.643161, -0.653925, -1.2e-05, 0.0, 0.0, 0.0, 1.0],
                [0.900454, 0.334685, 0.277795, 0.124994, 0.050243, -0.714441, 0.69789, -0.002831, 0.432041, -0.61446, -0.660136, -1.2e-05, 0.0, 0.0, 0.0, 1.0],
                [0.883901, 0.350074, 0.310109, 0.124994, 0.051506, -0.731922, 0.679439, -0.002831, 0.46483, -0.584584, -0.664977, -1.2e-05, 0.0, 0.0, 0.0, 1.0],
                [0.86633, 0.363628, 0.342413, 0.124994, 0.053446, -0.749104, 0.660293, -0.002831, 0.496604, -0.553731, -0.668406, -1.2e-05, 0.0, 0.0, 0.0, 1.0],
                [0.847884, 0.375261, 0.374531, 0.124994, 0.05603, -0.765884, 0.640533, -0.002831, 0.527214, -0.522113, -0.670406, -1.2e-05, 0.0, 0.0, 0.0, 1.0],
                [0.828716, 0.384916, 0.406287, 0.124994, 0.05921, -0.782166, 0.620251, -0.002831, 0.556528, -0.489956, -0.670984, -1.2e-05, 0.0, 0.0, 0.0, 1.0],
                [0.808995, 0.392568, 0.437512, 0.124994, 0.062932, -0.797867, 0.59954, -0.002831, 0.584436, -0.457492, -0.670176, -1.2e-05, 0.0, 0.0, 0.0, 1.0],
                [0.788896, 0.398222, 0.468041, 0.124994, 0.067131, -0.812916, 0.5785, -0.002831, 0.610849, -0.424956, -0.668039, -1.2e-05, 0.0, 0.0, 0.0, 1.0],
                [0.768598, 0.401913, 0.497718, 0.124994, 0.071738, -0.827252, 0.557233, -0.002831, 0.635697, -0.392583, -0.664656, -1.2e-05, 0.0, 0.0, 0.0, 1.0],
                [0.748282, 0.403706, 0.526399, 0.124994, 0.076677, -0.840825, 0.535849, -0.002831, 0.658935, -0.360603, -0.660129, -1.2e-05, 0.0, 0.0, 0.0, 1.0],
                [0.728126, 0.403696, 0.553951, 0.124994, 0.081867, -0.853599, 0.514458, -0.002831, 0.680537, -0.32924, -0.654577, -1.2e-05, 0.0, 0.0, 0.0, 1.0],
                [0.708307, 0.402003, 0.580254, 0.124994, 0.087229, -0.865546, 0.493175, -0.002831, 0.700494, -0.298704, -0.648139, -1.2e-05, 0.0, 0.0, 0.0, 1.0],
                [0.688995, 0.398774, 0.605199, 0.124994, 0.092681, -0.876648, 0.472122, -0.002831, 0.718816, -0.269199, -0.640964, -1.2e-05, 0.0, 0.0, 0.0, 1.0],
                [0.670351, 0.394181, 0.62869, 0.124994, 0.098141, -0.886895, 0.451427, -0.002831, 0.735526, -0.240915, -0.633216, -1.2e-05, 0.0, 0.0, 0.0, 1.0],
                [0.652529, 0.388416, 0.650645, 0.124994, 0.103529, -0.896284, 0.431226, -0.002831, 0.750658, -0.214027, -0.625064, -1.2e-05, 0.0, 0.0, 0.0, 1.0],
                [0.635673, 0.381695, 0.670991, 0.124994, 0.108769, -0.904821, 0.411666, -0.002831, 0.764257, -0.188702, -0.616687, -1.2e-05, 0.0, 0.0, 0.0, 1.0],
                [0.619919, 0.374255, 0.689662, 0.124994, 0.113787, -0.912511, 0.392908, -0.002831, 0.776372, -0.165097, -0.608268, -1.2e-05, 0.0, 0.0, 0.0, 1.0],
                [0.605393, 0.366354, 0.706601, 0.124994, 0.118512, -0.919365, 0.37513, -0.002831, 0.787055, -0.143361, -0.599995, -1.2e-05, 0.0, 0.0, 0.0, 1.0],
                [0.592212, 0.358267, 0.721755, 0.124994, 0.122877, -0.925397, 0.358528, -0.002831, 0.796358, -0.123637, -0.592054, -1.2e-05, 0.0, 0.0, 0.0, 1.0],
                [0.580486, 0.350289, 0.735074, 0.124994, 0.126822, -0.930616, 0.343321, -0.002831, 0.804333, -0.106069, -0.584634, -1.2e-05, 0.0, 0.0, 0.0, 1.0],
                [0.570316, 0.342732, 0.746508, 0.124994, 0.130288, -0.935035, 0.329749, -0.002831, 0.811027, -0.0908, -0.57792, -1.2e-05, 0.0, 0.0, 0.0, 1.0],
                [0.561801, 0.335912, 0.756005, 0.124994, 0.133222, -0.93866, 0.31807, -0.002831, 0.816475, -0.077976, -0.572091, -1.2e-05, 0.0, 0.0, 0.0, 1.0],
                [0.55503, 0.330147, 0.763508, 0.124994, 0.135574, -0.941496, 0.308554, -0.002831, 0.820708, -0.067745, -0.567317, -1.2e-05, 0.0, 0.0, 0.0, 1.0],
                [0.550091, 0.325739, 0.768957, 0.124994, 0.137301, -0.943538, 0.301471, -0.002831, 0.82374, -0.060258, -0.563756, -1.2e-05, 0.0, 0.0, 0.0, 1.0],
                [0.547068, 0.32295, 0.772282, 0.124994, 0.138363, -0.944778, 0.29707, -0.002831, 0.825574, -0.055663, -0.561542, -1.2e-05, 0.0, 0.0, 0.0, 1.0],
                [0.546043, 0.321989, 0.773408, 0.124994, 0.138723, -0.945197, 0.295567, -0.002831, 0.826192, -0.054102, -0.560785, -1.2e-05, 0.0, 0.0, 0.0, 1.0]
            ]
        },
        {
            "name": "Leg_R",
            "time": [0.0, 0.0167, 0.0333, 0.05, 0.0667, 0.0833, 0.1, 0.1167, 0.1333, 0.15, 0.1667, 0.1833, 0.2, 0.2167, 0.2333, 0.25, 0.2667, 0.2833, 0.3, 0.3167, 0.3333, 0.35, 0.3667, 0.3833, 0.4, 0.4167, 0.4333, 0.45, 0.4667, 0.4833, 0.5, 0.5167, 0.5333, 0.55, 0.5667, 0.5833, 0.6, 0.6167, 0.6333, 0.65, 0.6667, 0.6833, 0.7, 0.7167, 0.7333, 0.75, 0.7667, 0.7833, 0.8, 0.8167, 0.8333, 0.85, 0.8667, 0.8833, 0.9, 0.9167, 0.9333, 0.95, 0.9667, 0.9833, 1.0, 1.0167, 1.0333, 1.05, 1.0667, 1.0833, 1.1, 1.1167, 1.1333, 1.15, 1.1667],
            "transform": [
                [1.0, -1e-06, 1e-06, -0.0, -0.0, 0.596691, 0.802471, 0.374726, -1e-06, -0.802471, 0.596692, 0.0, 0.0, 0.0, 0.0, 1.0],
                [1.0, -1e-06, 1e-06, 0.0, -0.0, 0.602789, 0.7979, 0.374726, -1e-06, -0.797901, 0.602789, 0.0, 0.0, 0.0, 0.0, 1.0],
                [1.0, -1e-06, 1e-06, -0.0, -0.0, 0.619619, 0.784902, 0.374726, -1e-06, -0.784903, 0.619619, -0.0, 0.0, 0.0, 0.0, 1.0],
                [1.0, -1e-06, 1e-06, 0.0, -0.0, 0.64524, 0.76398, 0.374726, -1e-06, -0.76398, 0.64524, 0.0, 0.0, 0.0, 0.0, 1.0],
                [1.0, -1e-06, 1e-06, -0.0, -0.0, 0.677698, 0.73534, 0.374726, -1e-06, -0.73534, 0.677698, -0.0, 0.0, 0.0, 0.0, 1.0],
                [1.0, -0.0, 1e-06, -0.0, -0.0, 0.71466, 0.699471, 0.374726, -1e-06, -0.699471, 0.714661, -0.0, 0.0, 0.0, 0.0, 1.0],
                [1.0, -0.0, 1e-06, -0.0, -0.0, 0.753207, 0.657784, 0.374726, -1e-06, -0.657784, 0.753207, -0.0, 0.0, 0.0, 0.0, 1.0],
                [1.0, -0.0, 1e-06, 0.0, -0.0, 0.789779, 0.613391, 0.374726, -1e-06, -0.613391, 0.78978, 0.0, 0.0, 0.0, 0.0, 1.0],
                [1.0, -0.0, 1e-06, 0.0, -0.0, 0.82031, 0.57192, 0.374726, -1e-06, -0.57192, 0.820309, -0.0, 0.0, 0.0, 0.0, 1.0],
                [1.0, -0.0, 1e-06, 0.0, -0.0, 0.840458, 0.541876, 0.374726, -1e-06, -0.541876, 0.840458, 0.0, 0.0, 0.0, 0.0, 1.0],
                [1.0, -0.0, 1e-06, 0.0, -0.0, 0.845901, 0.53334, 0.374726, -1e-06, -0.53334, 0.845901, -0.0, 0.0, 0.0, 0.0, 1.0],
                [1.0, -0.0, 1e-06, 0.0, -0.0, 0.832577, 0.55391, 0.374726, -1e-06, -0.55391, 0.832577, 0.0, 0.0, 0.0, 0.0, 1.0],
                [1.0, -0.0, 1e-06, 0.0, -0.0, 0.801004, 0.598659, 0.374726, -1e-06, -0.598659, 0.801004, -0.0, 0.0, 0.0, 0.0, 1.0],
                [1.0, -1e-06, 1e-06, 0.0, -0.0, 0.757911, 0.652358, 0.374726, -1e-06, -0.652358, 0.757911, -0.0, 0.0, 0.0, 0.0, 1.0],
                [1.0, -1e-06, 1e-06, 0.0, -0.0, 0.708797, 0.705412, 0.374726, -1e-06, -0.705412, 0.708797, 0.0, 0.0, 0.0, 0.0, 1.0],
                [1.0, -1e-06, 1e-06, 0.0, -0.0, 0.658921, 0.752212, 0.374726, -1e-06, -0.752212, 0.658921, -0.0, 0.0, 0.0, 0.0, 1.0],
                [1.0, -1e-06, 1e-06, 0.0, -0.0, 0.613253, 0.789886, 0.374726, -1e-06, -0.789887, 0.613253, -0.0, 0.0, 0.0, 0.0, 1.0],
                [1.0, -1e-06, 1e-06, -0.0, -0.0, 0.576528, 0.817077, 0.374726, -1e-06, -0.817078, 0.576528, 0.0, 0.0, 0.0, 0.0, 1.0],
                [1.0, -1e-06, 1e-06, -0.0, -0.0, 0.553369, 0.832936, 0.374726, -1e-06, -0.832936, 0.553369, 0.0, 0.0, 0.0, 0.0, 1.0],
                [1.0, -1e-06, 1e-06, -0.0, -0.0, 0.533567, 0.845758, 0.374726, -1e-06, -0.845758, 0.533567, 0.0, 0.0, 0.0, 0.0, 1.0],
                [1.0, -1e-06, 1e-06, 0.0, -0.0, 0.505414, 0.862877, 0.374726, -1e-06, -0.862877, 0.505414, 0.0, 0.0, 0.0, 0.0, 1.0],
                [1.0, -1e-06, 1e-06, -0.0, -0.0, 0.471519, 0.881856, 0.374726, -1e-06, -0.881856, 0.471519, -0.0, 0.0, 0.0, 0.0, 1.0],
                [1.0, -1e-06, 1e-06, 0.0, -0.0, 0.434578, 0.900634, 0.374726, -1e-06, -0.900634, 0.434578, 0.0, 0.0, 0.0, 0.0, 1.0],
                [1.0, -1e-06, 1e-06, 0.0, -0.0, 0.397187, 0.917738, 0.374726, -1e-06, -0.917738, 0.397187, 0.0, 0.0, 0.0, 0.0, 1.0],
                [1.0, -1e-06, 0.0, -0.0, -0.0, 0.361693, 0.932297, 0.374726, -1e-06, -0.932297, 0.361693, 0.0, 0.0, 0.0, 0.0, 1.0],
                [1.0, -1e-06, 0.0, 0.0, -0.0, 0.330076, 0.943954, 0.374726, -1e-06, -0.943954, 0.330077, 0.0, 0.0, 0.0, 0.0, 1.0],
                [1.0, -1e-06, 0.0, 0.0, -0.0, 0.303859, 0.952717, 0.374726, -1e-06, -0.952717, 0.303859, 0.0, 0.0, 0.0, 0.0, 1.0],
                [1.0, -1e-06, 0.0, 0.0, -0.0, 0.284048, 0.95881, 0.374726, -1e-06, -0.95881, 0.284048, 0.0, 0.0, 0.0, 0.0, 1.0],
                [1.0, -1e-06, 0.0, -0.0, -0.0, 0.271119, 0.962545, 0.374726, -1e-06, -0.962545, 0.27112, 0.0, 0.0, 0.0, 0.0, 1.0],
                [1.0, -1e-06, 0.0, 0.0, -0.0, 0.265021, 0.964243, 0.374726, -1e-06, -0.964243, 0.265021, -0.0, 0.0, 0.0, 0.0, 1.0],
                [1.000001, -1e-06, 0.0, 0.0, -0.0, 0.26522, 0.964188, 0.374726, -1e-06, -0.964188, 0.26522, -0.0, 0.0, 0.0, 0.0, 1.0],
                [1.0, -1e-06, 0.0, -0.0, -0.0, 0.270771, 0.962643, 0.374726, -1e-06, -0.962644, 0.270772, 0.0, 0.0, 0.0, 0.0, 1.0],
                [1.0, -1e-06, 0.0, -0.0, -0.0, 0.280427, 0.959876, 0.374726, -1e-06, -0.959875, 0.280427, 0.0, 0.0, 0.0, 0.0, 1.0],
                [1.0, -1e-06, 0.0, 0.0, -0.0, 0.292776, 0.956181, 0.374726, -1e-06, -0.956181, 0.292776, 0.0, 0.0, 0.0, 0.0, 1.0],
                [1.0, -1e-06, 0.0, 0.0, -0.0, 0.306406, 0.951901, 0.374726, -1e-06, -0.951901, 0.306406, 0.0, 0.0, 0.0, 0.0, 1.0],
                [1.0, -1e-06, 1e-06, 0.0, -0.0, 0.320109, 0.947381, 0.374726, -1e-06, -0.947381, 0.320109, 0.0, 0.0, 0.0, 0.0, 1.0],
                [1.0, -1e-06, 1e-06, -0.0, -0.0, 0.333916, 0.942603, 0.374726, -1e-06, -0.942603, 0.333916, -0.0, 0.0, 0.0, 0.0, 1.0],
                [1.0, -1e-06, 0.0, -0.0, -0.0, 0.348464, 0.937322, 0.374726, -1e-06, -0.937322, 0.348464, 0.0, 0.0, 0.0, 0.0, 1.0],
                [1.0, -1e-06, 1e-06, -0.0, -0.0, 0.363735, 0.931503, 0.374726, -1e-06, -0.931503, 0.363735, -0.0, 0.0, 0.0, 0.0, 1.0],
                [1.0, -1e-06, 0.0, 0.0, -0.0, 0.379709, 0.925106, 0.374726, -1e-06, -0.925106, 0.37971, 0.0, 0.0, 0.0, 0.0, 1.0],
                [1.0, -1e-06, 1e-06, -0.0, -0.0, 0.39637, 0.918091, 0.374726, -1e-06, -0.918091, 0.39637, -0.0, 0.0, 0.0, 0.0, 1.0],
                [1.0, -1e-06, 0.0, 0.0, -0.0, 0.41369, 0.910418, 0.374726, -1e-06, -0.910418, 0.41369, 0.0, 0.0, 0.0, 0.0, 1.0],
                [1.0, -1e-06, 1e-06, -0.0, -0.0, 0.431644, 0.902044, 0.374726, -1e-06, -0.902044, 0.431644, -0.0, 0.0, 0.0, 0.0, 1.0],
                [1.0, -1e-06, 1e-06, 0.0, -0.0, 0.450201, 0.892927, 0.374726, -1e-06, -0.892927, 0.450201, 0.0, 0.0, 0.0, 0.0, 1.0],
                [1.0, -1e-06, 1e-06, -0.0, -0.0, 0.469321, 0.883027, 0.374726, -1e-06, -0.883028, 0.469321, -0.0, 0.0, 0.0, 0.0, 1.0],
                [1.0, -1e-06, 1e-06, 0.0, -0.0, 0.488961, 0.872306, 0.374726, -1e-06, -0.872306, 0.488961, 0.0, 0.0, 0.0, 0.0, 1.0],
                [1.0, -1e-06, 1e-06, 0.0, -0.0, 0.509069, 0.860725, 0.374726, -1e-06, -0.860725, 0.50907, 0.0, 0.0, 0.0, 0.0, 1.0],
                [1.0, -1e-06, 1e-06, 0.0, -0.0, 0.52959, 0.848253, 0.374726, -1e-06, -0.848254, 0.52959, -0.0, 0.0, 0.0, 0.0, 1.0],
                [1.0, -1e-06, 1e-06, -0.0, -0.0, 0.550456, 0.834865, 0.374726, -1e-06, -0.834865, 0.550456, -0.0, 0.0, 0.0, 0.0, 1.0],
                [1.0, -1e-06, 1e-06, 0.0, -0.0, 0.571595, 0.820536, 0.374726, -1e-06, -0.820536, 0.571595, 0.0, 0.0, 0.0, 0.0, 1.0],
                [1.0, -1e-06, 1e-06, -0.0, -0.0, 0.592924, 0.805258, 0.374726, -1e-06, -0.805259, 0.592924, 0.0, 0.0, 0.0, 0.0, 1.0],
                [1.0, -1e-06, 1e-06, -0.0, -0.0, 0.614354, 0.78903, 0.374726, -1e-06, -0.78903, 0.614355, 0.0, 0.0, 0.0, 0.0, 1.0],
                [1.0, -1e-06, 1e-06, 0.0, -0.0, 0.635791, 0.771861, 0.374726, -1e-06, -0.771861, 0.635791, -0.0, 0.0, 0.0, 0.0, 1.0],
                [1.0, -1e-06, 1e-06, -0.0, -0.0, 0.657132, 0.753775, 0.374726, -1e-06, -0.753775, 0.657132, -0.0, 0.0, 0.0, 0.0, 1.0],
                [1.0, -1e-06, 1e-06, 0.0, -0.0, 0.678267, 0.734815, 0.374726, -1e-06, -0.734815, 0.678267, -0.0, 0.0, 0.0, 0.0, 1.0],
                [1.0, -1e-06, 1e-06, -0.0, -0.0, 0.699082, 0.715041, 0.374726, -1e-06, -0.715041, 0.699082, 0.0, 0.0, 0.0, 0.0, 1.0],
                [1.0, -1e-06, 1e-06, -0.0, -0.0, 0.719458, 0.694536, 0.374726, -1e-06, -0.694536, 0.719459, -0.0, 0.0, 0.0, 0.0, 1.0],
                [1.000001, -1e-06, 1e-06, -0.0, -0.0, 0.739272, 0.673407, 0.374726, -1e-06, -0.673407, 0.739273, -0.0, 0.0, 0.0, 0.0, 1.0],
                [1.0, -1e-06, 1e-06, 0.0, -0.0, 0.758397, 0.651793, 0.374726, -1e-06, -0.651793, 0.758397, 0.0, 0.0, 0.0, 0.0, 1.0],
                [1.0, -0.0, 1e-06, 0.0, -0.0, 0.776705, 0.629864, 0.374726, -1e-06, -0.629864, 0.776705, 0.0, 0.0, 0.0, 0.0, 1.0],
                [1.0, -0.0, 1e-06, -0.0, -0.0, 0.794067, 0.607831, 0.374726, -1e-06, -0.607831, 0.794067, 0.0, 0.0, 0.0, 0.0, 1.0],
                [1.0, -0.0, 1e-06, 0.0, -0.0, 0.810352, 0.585943, 0.374726, -1e-06, -0.585944, 0.810352, -0.0, 0.0, 0.0, 0.0, 1.0],
                [1.0, -0.0, 1e-06, 0.0, -0.0, 0.82543, 0.564504, 0.374726, -1e-06, -0.564504, 0.82543, -0.0, 0.0, 0.0, 0.0, 1.0],
                [1.0, -0.0, 1e-06, 0.0, -0.0, 0.839174, 0.543862, 0.374726, -1e-06, -0.543862, 0.839174, 0.0, 0.0, 0.0, 0.0, 1.0],
                [1.0, -0.0, 1e-06, 0.0, -0.0, 0.851457, 0.524423, 0.374726, -1e-06, -0.524424, 0.851457, 0.0, 0.0, 0.0, 0.0, 1.0],
                [1.0, -0.0, 1e-06, 0.0, -0.0, 0.862157, 0.506642, 0.374726, -1e-06, -0.506642, 0.862157, -0.0, 0.0, 0.0, 0.0, 1.0],
                [1.0, -0.0, 1e-06, -0.0, -0.0, 0.871153, 0.491012, 0.374726, -1e-06, -0.491012, 0.871153, 0.0, 0.0, 0.0, 0.0, 1.0],
                [1.0, -0.0, 1e-06, 0.0, -0.0, 0.87833, 0.478054, 0.374726, -1e-06, -0.478054, 0.878331, 0.0, 0.0, 0.0, 0.0, 1.0],
                [1.0, -0.0, 1e-06, -0.0, -0.0, 0.88358, 0.468281, 0.374726, -1e-06, -0.468281, 0.883579, 0.0, 0.0, 0.0, 0.0, 1.0],
                [1.0, -0.0, 1e-06, 0.0, -0.0, 0.886799, 0.462154, 0.374726, -1e-06, -0.462154, 0.8868, 0.0, 0.0, 0.0, 0.0, 1.0],
                [1.0, -0.0, 1e-06, -0.0, -0.0, 0.887891, 0.460053, 0.374726, -1e-06, -0.460053, 0.887892, -0.0, 0.0, 0.0, 0.0, 1.0]
            ]
        },
        {
            "name": "Knee_R",
            "time": [0.0, 1.1667],
            "transform": [
                [1.0, 0.0, -0.0, -0.0, -0.0, 0.00567, -0.999984, 0.416374, -0.0, 0.999984, 0.00567, -0.000236, 0.0, 0.0, 0.0, 1.0],
                [1.0, 0.0, -0.0, 0.0, -0.0, 0.00567, -0.999984, 0.374726, -0.0, 0.999984, 0.00567, 0.0, 0.0, 0.0, 0.0, 1.0]
            ]
        },
        {
            "name": "Thigh_L",
            "time": [0.0, 0.0167, 0.0333, 0.05, 0.0667, 0.0833, 0.1, 0.1167, 0.1333, 0.15, 0.1667, 0.1833, 0.2, 0.2167, 0.2333, 0.25, 0.2667, 0.2833, 0.3, 0.3167, 0.3333, 0.35, 0.3667, 0.3833, 0.4, 0.4167, 0.4333, 0.45, 0.4667, 0.4833, 0.5, 0.5167, 0.5333, 0.55, 0.5667, 0.5833, 0.6, 0.6167, 0.6333, 0.65, 0.6667, 0.6833, 0.7, 0.7167, 0.7333, 0.75, 0.7667, 0.7833, 0.8, 0.8167, 0.8333, 0.85, 0.8667, 0.8833, 0.9, 0.9167, 0.9333, 0.95, 0.9667, 0.9833, 1.0, 1.0167, 1.0333, 1.05, 1.0667, 1.0833, 1.1, 1.1167, 1.1333, 1.15, 1.1667],
            "transform": [
                [0.876875, -0.428495, 0.217903, -0.125006, -0.377646, -0.333555, 0.863785, -0.002831, -0.297445, -0.839722, -0.454305, -1.2e-05, 0.0, 0.0, 0.0, 1.0],
                [0.88139, -0.425201, 0.205807, -0.125006, -0.360695, -0.324427, 0.874441, -0.002831, -0.305043, -0.844957, -0.439314, -1.2e-05, 0.0, 0.0, 0.0, 1.0],
                [0.892108, -0.412951, 0.183341, -0.125006, -0.324431, -0.303049, 0.89605, -0.002831, -0.314463, -0.858855, -0.404327, -1.2e-05, 0.0, 0.0, 0.0, 1.0],
                [0.906005, -0.388072, 0.168986, -0.125006, -0.290181, -0.278833, 0.91545, -0.002831, -0.308141, -0.878438, -0.365235, -1.2e-05, 0.0, 0.0, 0.0, 1.0],
                [0.921292, -0.350173, 0.169116, -0.125006, -0.268503, -0.258234, 0.92802, -0.002831, -0.281296, -0.900386, -0.331931, -1.2e-05, 0.0, 0.0, 0.0, 1.0],
                [0.935651, -0.30238, 0.181997, -0.125006, -0.260661, -0.244416, 0.933979, -0.002831, -0.237934, -0.921318, -0.307507, -1.2e-05, 0.0, 0.0, 0.0, 1.0],
                [0.946636, -0.249772, 0.203704, -0.125006, -0.263944, -0.23804, 0.934704, -0.002831, -0.184974, -0.93859, -0.291263, -1.2e-05, 0.0, 0.0, 0.0, 1.0],
                [0.95279, -0.197931, 0.230248, -0.125006, -0.27455, -0.237781, 0.931709, -0.002831, -0.129665, -0.950939, -0.280897, -1.2e-05, 0.0, 0.0, 0.0, 1.0],
                [0.954207, -0.151868, 0.257729, -0.125006, -0.288613, -0.240763, 0.926679, -0.002831, -0.078681, -0.958629, -0.273569, -1.2e-05, 0.0, 0.0, 0.0, 1.0],
                [0.952384, -0.11543, 0.282205, -0.125006, -0.302549, -0.243057, 0.921622, -0.002831, -0.037791, -0.96312, -0.266407, -1.2e-05, 0.0, 0.0, 0.0, 1.0],
                [0.949614, -0.091335, 0.299819, -0.125006, -0.313197, -0.240261, 0.918794, -0.002831, -0.011883, -0.966402, -0.256762, -1.2e-05, 0.0, 0.0, 0.0, 1.0],
                [0.948117, -0.081881, 0.307197, -0.125006, -0.317879, -0.228129, 0.920277, -0.002831, -0.005273, -0.970182, -0.242321, -1.2e-05, 0.0, 0.0, 0.0, 1.0],
                [0.947667, -0.080302, 0.308996, -0.125006, -0.31908, -0.205697, 0.925136, -0.002831, -0.010731, -0.975315, -0.220555, -1.2e-05, 0.0, 0.0, 0.0, 1.0],
                [0.947026, -0.07822, 0.311485, -0.125006, -0.320664, -0.176654, 0.930574, -0.002831, -0.017764, -0.98116, -0.192378, -1.2e-05, 0.0, 0.0, 0.0, 1.0],
                [0.946252, -0.075866, 0.314406, -0.125006, -0.322412, -0.144222, 0.935548, -0.002831, -0.025632, -0.986633, -0.160931, -1.2e-05, 0.0, 0.0, 0.0, 1.0],
                [0.945421, -0.073421, 0.317471, -0.125006, -0.32412, -0.111619, 0.939408, -0.002831, -0.033537, -0.991035, -0.129324, -1.2e-05, 0.0, 0.0, 0.0, 1.0],
                [0.944634, -0.071043, 0.320344, -0.125006, -0.325603, -0.082081, 0.941937, -0.002831, -0.040624, -0.99409, -0.100668, -1.2e-05, 0.0, 0.0, 0.0, 1.0],
                [0.944009, -0.06891, 0.322642, -0.125006, -0.326696, -0.058885, 0.943293, -0.002831, -0.046003, -0.995883, -0.078101, -1.2e-05, 0.0, 0.0, 0.0, 1.0],
                [0.943677, -0.067263, 0.323958, -0.125006, -0.327251, -0.04537, 0.943848, -0.002831, -0.048788, -0.996703, -0.064827, -1.2e-05, 0.0, 0.0, 0.0, 1.0],
                [0.943505, -0.064885, 0.324943, -0.125006, -0.327761, -0.038661, 0.943969, -0.002831, -0.048687, -0.997144, -0.057743, -1.2e-05, 0.0, 0.0, 0.0, 1.0],
                [0.943275, -0.060411, 0.32647, -0.125006, -0.328805, -0.033619, 0.943799, -0.002831, -0.04604, -0.997607, -0.051576, -1.2e-05, 0.0, 0.0, 0.0, 1.0],
                [0.942967, -0.053938, 0.328488, -0.125006, -0.33036, -0.030266, 0.94337, -0.002831, -0.040941, -0.998086, -0.046358, -1.2e-05, 0.0, 0.0, 0.0, 1.0],
                [0.942544, -0.045565, 0.330958, -0.125006, -0.332398, -0.028621, 0.942704, -0.002831, -0.033482, -0.998551, -0.042122, -1.2e-05, 0.0, 0.0, 0.0, 1.0],
                [0.941957, -0.035401, 0.333861, -0.125006, -0.334891, -0.028709, 0.94182, -0.002831, -0.023757, -0.998961, -0.038898, -1.2e-05, 0.0, 0.0, 0.0, 1.0],
                [0.941143, -0.023558, 0.337187, -0.125006, -0.337801, -0.030554, 0.940722, -0.002831, -0.011859, -0.999256, -0.036713, -1.2e-05, 0.0, 0.0, 0.0, 1.0],
                [0.940028, -0.010155, 0.340945, -0.125006, -0.34109, -0.034182, 0.939409, -0.002831, 0.002115, -0.999364, -0.035596, -1.2e-05, 0.0, 0.0, 0.0, 1.0],
                [0.938534, 0.004681, 0.345156, -0.125006, -0.344714, -0.039619, 0.937871, -0.002831, 0.018065, -0.999204, -0.035571, -1.2e-05, 0.0, 0.0, 0.0, 1.0],
                [0.936573, 0.020816, 0.349853, -0.125006, -0.348629, -0.046889, 0.936087, -0.002831, 0.03589, -0.998683, -0.036658, -1.2e-05, 0.0, 0.0, 0.0, 1.0],
                [0.934058, 0.038107, 0.355081, -0.125006, -0.352784, -0.056014, 0.934026, -0.002831, 0.055482, -0.997703, -0.038877, -1.2e-05, 0.0, 0.0, 0.0, 1.0],
                [0.930898, 0.0564, 0.360898, -0.125006, -0.357129, -0.067012, 0.931648, -0.002831, 0.076729, -0.996157, -0.042239, -1.2e-05, 0.0, 0.0, 0.0, 1.0],
                [0.927004, 0.07553, 0.367368, -0.125006, -0.361609, -0.079903, 0.928899, -0.002831, 0.099513, -0.993937, -0.046759, -1.2e-05, 0.0, 0.0, 0.0, 1.0],
