{
    "animation": [
        {
            "name": "Root",
            "time": [0.0, 0.0417, 0.0833, 0.125, 0.1667, 0.2083, 0.25, 0.2917, 0.3333, 0.375, 0.4167, 0.4583, 0.5],
            "transform": [
                [1.0, -0.0, -0.0, -2e-05, -0.0, -0.0, -1.0, 0.321534, 0.0, 1.0, -0.0, 0.642777, 0.0, 0.0, 0.0, 1.0],
                [1.0, -0.0, -0.0, -1.3e-05, -0.0, -0.0, -1.0, 0.354528, 0.0, 1.0, -0.0, 0.642778, 0.0, 0.0, 0.0, 1.0],
                [1.0, -0.0, -0.0, -4e-06, -0.0, -0.0, -1.0, 0.398958, 0.0, 1.0, -0.0, 0.642781, 0.0, 0.0, 0.0, 1.0],
                [1.0, -0.0, -0.0, 5e-06, -0.0, -0.0, -1.0, 0.46814, 0.0, 1.0, -0.0, 0.642438, 0.0, 0.0, 0.0, 1.0],
                [1.0, -0.0, -0.0, 1.4e-05, -0.0, -0.0, -1.0, 0.742421, 0.0, 1.0, -0.0, 0.626868, 0.0, 0.0, 0.0, 1.0],
                [1.0, -0.0, -0.0, 2.3e-05, -0.0, -0.0, -1.0, 1.164654, 0.0, 1.0, -0.0, 0.598222, 0.0, 0.0, 0.0, 1.0],
                [1.0, -0.0, -0.0, 3.2e-05, -0.0, -0.0, -1.0, 1.517614, 0.0, 1.0, -0.0, 0.574631, 0.0, 0.0, 0.0, 1.0],
                [1.0, -0.0, -0.0, 0.000327, -0.0, -0.0, -1.0, 1.786511, 0.0, 1.0, -0.0, 0.556997, 0.0, 0.0, 0.0, 1.0],
                [1.0, -0.0, -0.0, 0.001134, -0.0, -0.0, -1.0, 1.913595, 0.0, 1.0, -0.0, 0.550542, 0.0, 0.0, 0.0, 1.0],
                [1.0, -0.0, -0.0, 0.000181, -0.0, -0.0, -1.0, 2.010803, 0.0, 1.0, -0.0, 0.546342, 0.0, 0.0, 0.0, 1.0],
                [1.0, -0.0, -0.0, -0.003168, -0.0, -0.0, -1.0, 2.060341, 0.0, 1.0, -0.0, 0.544354, 0.0, 0.0, 0.0, 1.0],
                [1.0, -0.0, -0.0, -0.011135, -0.0, -0.0, -1.0, 2.10649, 0.0, 1.0, -0.0, 0.543102, 0.0, 0.0, 0.0, 1.0],
                [1.0, -0.0, -0.0, -0.018066, -0.0, -0.0, -1.0, 2.1353, 0.0, 1.0, -0.0, 0.542959, 0.0, 0.0, 0.0, 1.0]
            ]
        },
        {
            "name": "Thigh_R",
            "time": [0.0, 0.0417, 0.0833, 0.125, 0.1667, 0.2083, 0.25, 0.2917, 0.3333, 0.375, 0.4167, 0.4583, 0.5],
            "transform": [
                [0.091453, 0.711673, 0.696533, 0.061995, -0.024973, -0.697606, 0.716047, 0.067514, 0.995498, -0.082879, -0.046026, 0.12184, 0.0, 0.0, 0.0, 1.0],
                [-0.003185, 0.81302, 0.582228, 0.041061, -0.398159, -0.535121, 0.745061, 0.057437, 0.917312, -0.229446, 0.325414, 0.129554, 0.0, 0.0, 0.0, 1.0],
                [-0.000521, 0.829216, 0.558929, 0.020128, -0.576358, -0.457004, 0.677465, 0.04736, 0.817199, -0.32179, 0.478162, 0.137268, 0.0, 0.0, 0.0, 1.0],
                [-0.383547, 0.8747, 0.296297, -0.000806, -0.459076, -0.458966, 0.760657, 0.037282, 0.801339, 0.155725, 0.577588, 0.144981, 0.0, 0.0, 0.0, 1.0],
                [-0.81703, 0.562404, 0.127144, -0.02174, -0.146547, -0.41581, 0.897567, 0.027205, 0.557664, 0.714706, 0.422147, 0.152694, 0.0, 0.0, 0.0, 1.0],
                [-0.742623, 0.613641, 0.268249, -0.042674, -0.084771, -0.483453, 0.871256, 0.017128, 0.664326, 0.624275, 0.411041, 0.160408, 0.0, 0.0, 0.0, 1.0],
                [-0.759118, 0.601006, 0.250066, -0.032593, -0.092054, -0.479405, 0.872753, 0.021926, 0.644413, 0.639503, 0.419249, 0.15596, 0.0, 0.0, 0.0, 1.0],
                [-0.666848, 0.672099, 0.321867, -0.008554, -0.063573, -0.481657, 0.874051, 0.033367, 0.742479, 0.562396, 0.363918, 0.145354, 0.0, 0.0, 0.0, 1.0],
                [-0.468965, 0.76254, 0.445651, 0.020137, 0.01079, -0.499593, 0.866193, 0.047023, 0.883153, 0.411023, 0.226063, 0.132694, 0.0, 0.0, 0.0, 1.0],
                [-0.200171, 0.864404, 0.461234, 0.044176, 0.073657, -0.456153, 0.886848, 0.058465, 0.976989, 0.211495, 0.027639, 0.122087, 0.0, 0.0, 0.0, 1.0],
                [-0.037382, 0.941041, 0.336222, 0.054257, 0.067108, -0.333334, 0.940417, 0.063263, 0.997046, 0.057718, -0.050691, 0.11764, 0.0, 0.0, 0.0, 1.0],
                [0.206369, 0.97812, 0.026352, 0.054178, 0.023857, -0.031953, 0.999205, 0.059018, 0.978185, -0.205576, -0.029929, 0.118345, 0.0, 0.0, 0.0, 1.0],
                [0.430514, 0.878222, -0.208293, 0.054099, 0.003274, 0.229254, 0.973361, 0.054773, 0.90258, -0.419727, 0.095821, 0.119051, 0.0, 0.0, 0.0, 1.0]
            ]
        },
        {
            "name": "Leg_R",
            "time": [0.0, 0.0417, 0.0833, 0.125, 0.1667, 0.2083, 0.25, 0.2917, 0.3333, 0.375, 0.4167, 0.4583, 0.5],
            "transform": [
                [0.999999, 1e-06, -0.0, 0.0, 1e-06, -0.460406, 0.887708, 0.37472, 1e-06, -0.887709, -0.460405, -0.0, 0.0, 0.0, 0.0, 1.0],
                [0.999999, 1e-06, 0.0, -0.0, 1e-06, -0.786628, 0.617428, 0.37472, 1e-06, -0.617428, -0.786627, -0.0, 0.0, 0.0, 0.0, 1.0],
                [0.999999, 1e-06, 0.0, -0.0, 1e-06, -0.664296, 0.74747, 0.37472, 1e-06, -0.747471, -0.664295, -0.0, 0.0, 0.0, 0.0, 1.0],
                [0.999999, 1e-06, 0.0, 0.0, 0.0, -0.608795, 0.793327, 0.37472, 1e-06, -0.793328, -0.608795, -0.0, 0.0, 0.0, 0.0, 1.0],
                [0.999999, 1e-06, 0.0, 0.0, 1e-06, -0.791898, 0.610654, 0.37472, 1e-06, -0.610655, -0.791897, -0.0, 0.0, 0.0, 0.0, 1.0],
                [0.999999, 1e-06, 0.0, 0.0, 1e-06, -0.787609, 0.616176, 0.37472, 1e-06, -0.616177, -0.787608, 0.0, 0.0, 0.0, 0.0, 1.0],
                [0.999999, 1e-06, 0.0, 0.0, 1e-06, -0.789738, 0.613446, 0.37472, 1e-06, -0.613446, -0.789737, 0.0, 0.0, 0.0, 0.0, 1.0],
                [0.999999, 1e-06, 0.0, 0.0, 1e-06, -0.752461, 0.658638, 0.37472, 1e-06, -0.658639, -0.75246, -0.0, 0.0, 0.0, 0.0, 1.0],
                [0.999999, 1e-06, 0.0, -0.0, 0.0, -0.675324, 0.737522, 0.37472, 1e-06, -0.737523, -0.675323, -0.0, 0.0, 0.0, 0.0, 1.0],
                [0.999999, 1e-06, 0.0, -0.0, 1e-06, -0.619206, 0.785229, 0.37472, 1e-06, -0.78523, -0.619205, 0.0, 0.0, 0.0, 0.0, 1.0],
                [0.999999, 1e-06, 0.0, -0.0, 1e-06, -0.648898, 0.760876, 0.37472, 1e-06, -0.760877, -0.648898, -0.0, 0.0, 0.0, 0.0, 1.0],
                [0.999999, 1e-06, 0.0, 0.0, 1e-06, -0.751497, 0.659738, 0.37472, 1e-06, -0.659739, -0.751496, 0.0, 0.0, 0.0, 0.0, 1.0],
                [0.999998, 1e-06, 0.0, 0.0, 1e-06, -0.83428, 0.551342, 0.37472, 1e-06, -0.551343, -0.834279, 0.0, 0.0, 0.0, 0.0, 1.0]
            ]
        },
        {
            "name": "Knee_R",
            "time": [0.0, 0.5],
            "transform": [
                [1.0, 0.0, -0.0, 0.0, -0.0, 1e-06, -1.0, 0.37472, -0.0, 1.0, 1e-06, -0.0, 0.0, 0.0, 0.0, 1.0],
                [1.0, 0.0, -0.0, 0.0, -0.0, 1e-06, -1.0, 0.37472, -0.0, 1.0, 1e-06, 0.0, 0.0, 0.0, 0.0, 1.0]
            ]
        },
        {
            "name": "Thigh_L",
            "time": [0.0, 0.0417, 0.0833, 0.125, 0.1667, 0.2083, 0.25, 0.2917, 0.3333, 0.375, 0.4167, 0.4583, 0.5],
            "transform": [
                [0.93633, 0.244728, -0.251776, -0.107443, 0.084322, 0.539358, 0.837844, 0.073648, 0.34084, -0.805732, 0.484381, -0.051191, 0.0, 0.0, 0.0, 1.0],
                [0.813812, 0.416045, -0.405726, -0.088643, -0.024688, 0.722297, 0.691143, 0.085109, 0.580598, -0.552447, 0.598086, -0.066907, 0.0, 0.0, 0.0, 1.0],
                [0.620666, 0.578537, -0.529215, -0.069842, -0.231404, 0.780052, 0.581354, 0.096569, 0.749146, -0.238365, 0.618028, -0.082623, 0.0, 0.0, 0.0, 1.0],
                [0.455153, 0.865884, 0.207562, -0.051042, -0.573904, 0.107056, 0.811893, 0.108029, 0.680782, -0.488659, 0.545662, -0.098338, 0.0, 0.0, 0.0, 1.0],
                [0.076935, -0.03371, 0.996465, -0.028861, -0.815284, -0.57743, 0.043413, 0.11518, 0.573923, -0.815747, -0.071907, -0.095428, 0.0, 0.0, 0.0, 1.0],
                [0.085968, -0.072267, 0.993673, -0.00668, -0.818239, -0.574143, 0.029036, 0.122331, 0.56841, -0.815562, -0.10849, -0.092517, 0.0, 0.0, 0.0, 1.0],
                [0.076151, -0.228112, 0.970652, 0.015501, -0.821185, -0.566509, -0.068708, 0.129482, 0.565554, -0.791856, -0.230462, -0.089607, 0.0, 0.0, 0.0, 1.0],
                [0.172915, -0.320649, 0.931281, 0.010247, -0.784242, -0.61685, -0.066772, 0.12821, 0.595869, -0.718807, -0.358129, -0.087773, 0.0, 0.0, 0.0, 1.0],
                [0.339883, -0.31651, 0.885607, -0.005319, -0.709311, -0.704599, 0.020407, 0.125178, 0.617537, -0.635111, -0.463985, -0.086941, 0.0, 0.0, 0.0, 1.0],
                [0.572105, -0.227578, 0.787973, -0.030899, -0.622149, -0.746441, 0.236129, 0.12156, 0.534436, -0.625331, -0.56863, -0.08593, 0.0, 0.0, 0.0, 1.0],
                [0.732255, -0.151451, 0.663974, -0.066195, -0.563149, -0.682907, 0.465297, 0.118528, 0.382961, -0.714636, -0.585352, -0.083559, 0.0, 0.0, 0.0, 1.0],
                [0.913989, -0.109885, 0.390571, -0.110911, -0.399227, -0.415267, 0.817417, 0.117256, 0.072369, -0.903041, -0.423419, -0.078647, 0.0, 0.0, 0.0, 1.0],
                [0.9694, -0.193815, 0.150648, -0.145315, -0.170875, -0.092179, 0.980971, 0.117256, -0.176239, -0.9767, -0.122477, -0.050257, 0.0, 0.0, 0.0, 1.0]
            ]
        },
        {
            "name": "Leg_L",
            "time": [0.0, 0.0417, 0.0833, 0.125, 0.1667, 0.2083, 0.25, 0.2917, 0.3333, 0.375, 0.4167, 0.4583, 0.5],
            "transform": [
                [0.999997, 1e-06, -1e-06, -0.0, 2e-06, -0.77587, 0.630894, 0.37472, -0.0, -0.630893, -0.775872, -0.0, 0.0, 0.0, 0.0, 1.0],
                [0.999997, 1e-06, -1e-06, -0.0, 2e-06, -0.854718, 0.519093, 0.37472, -0.0, -0.519092, -0.85472, 0.0, 0.0, 0.0, 0.0, 1.0],
                [0.999997, 1e-06, -1e-06, -0.0, 2e-06, -0.873222, 0.487324, 0.37472, -0.0, -0.487323, -0.873224, 0.0, 0.0, 0.0, 0.0, 1.0],
                [0.999997, 0.0, -2e-06, 0.0, 2e-06, -0.106872, 0.994275, 0.37472, -0.0, -0.994273, -0.106873, -0.0, 0.0, 0.0, 0.0, 1.0],
                [0.999997, -1e-06, -0.0, 0.0, 1e-06, 0.993206, 0.116354, 0.37472, 0.0, -0.116353, 0.993211, -0.0, 0.0, 0.0, 0.0, 1.0],
                [0.999998, -1e-06, -0.0, -0.0, 1e-06, 0.997369, 0.072466, 0.37472, 0.0, -0.072466, 0.997374, 0.0, 0.0, 0.0, 0.0, 1.0],
                [0.999998, -1e-06, -0.0, -0.0, 1e-06, 0.998312, 0.058067, 0.37472, -0.0, -0.058066, 0.998316, 0.0, 0.0, 0.0, 0.0, 1.0],
                [0.999997, -1e-06, -1e-06, 0.0, 1e-06, 0.961073, 0.276294, 0.37472, 0.0, -0.276293, 0.961076, -0.0, 0.0, 0.0, 0.0, 1.0],
                [0.999998, -1e-06, -1e-06, -0.0, 1e-06, 0.794953, 0.606672, 0.37472, 0.0, -0.60667, 0.794955, -0.0, 0.0, 0.0, 0.0, 1.0],
                [0.999997, -1e-06, -2e-06, -0.0, 2e-06, 0.424168, 0.905584, 0.37472, 0.0, -0.905585, 0.424168, -0.0, 0.0, 0.0, 0.0, 1.0],
                [0.999997, -0.0, -2e-06, -0.0, 2e-06, 0.109518, 0.993985, 0.37472, -0.0, -0.993987, 0.109517, 0.0, 0.0, 0.0, 0.0, 1.0],
                [0.999997, 1e-06, -2e-06, 0.0, 2e-06, -0.404173, 0.914684, 0.37472, -0.0, -0.914684, -0.404173, 0.0, 0.0, 0.0, 0.0, 1.0],
                [0.999997, 1e-06, -1e-06, 0.0, 2e-06, -0.753159, 0.65784, 0.37472, -0.0, -0.657839, -0.75316, 0.0, 0.0, 0.0, 0.0, 1.0]
            ]
        },
        {
            "name": "Knee_L",
            "time": [0.0, 0.5],
            "transform": [
                [1.0, 0.0, -0.0, -0.0, -0.0, 1e-06, -1.0, 0.37472, -0.0, 1.0, 1e-06, -0.0, 0.0, 0.0, 0.0, 1.0],
                [1.0, 0.0, -0.0, 0.0, -0.0, 1e-06, -1.0, 0.37472, -0.0, 1.0, 1e-06, 0.0, 0.0, 0.0, 0.0, 1.0]
            ]
        },
        {
            "name": "Torso",
            "time": [0.0, 0.0417, 0.0833, 0.125, 0.1667, 0.2083, 0.25, 0.2917, 0.3333, 0.375, 0.4167, 0.4583, 0.5],
            "transform": [
                [0.484609, 0.041688, -0.873738, 0.0, -0.146355, 0.988647, -0.034003, 0.05, 0.862402, 0.144354, 0.485208, -0.0, 0.0, 0.0, 0.0, 1.0],
                [0.407127, 0.02893, -0.912914, -0.0, -0.206469, 0.976541, -0.061131, 0.05, 0.889731, 0.213376, 0.403549, -0.0, 0.0, 0.0, 0.0, 1.0],
                [0.297927, -0.000473, -0.954589, -0.0, -0.279348, 0.95618, -0.087658, 0.05, 0.912801, 0.292778, 0.28474, 0.0, 0.0, 0.0, 0.0, 1.0],
                [0.068167, -0.101945, -0.992451, 0.0, -0.352127, 0.928287, -0.11954, 0.05, 0.933468, 0.357617, 0.02738, 0.0, 0.0, 0.0, 0.0, 1.0],
                [-0.082205, -0.073379, -0.993911, 0.0, -0.37658, 0.925637, -0.037193, 0.05, 0.922732, 0.371228, -0.103725, -0.0, 0.0, 0.0, 0.0, 1.0],
                [-0.007139, 0.065669, -0.997816, 0.0, -0.370121, 0.9268, 0.063644, 0.05, 0.928958, 0.369766, 0.017689, -0.0, 0.0, 0.0, 0.0, 1.0],
                [-0.026487, 0.050974, -0.998349, -0.0, -0.371744, 0.926573, 0.057171, 0.05, 0.927959, 0.372643, -0.005593, 0.0, 0.0, 0.0, 0.0, 1.0],
                [0.098043, 0.070799, -0.992661, 0.0, -0.357656, 0.93333, 0.031242, 0.05, 0.928694, 0.351967, 0.116828, 0.0, 0.0, 0.0, 0.0, 1.0],
                [0.322685, 0.113523, -0.939674, 0.0, -0.326806, 0.945089, 0.001952, 0.05, 0.888299, 0.30646, 0.342066, 0.0, 0.0, 0.0, 0.0, 1.0],
                [0.550208, 0.15356, -0.820787, -0.0, -0.282559, 0.959198, -0.009956, 0.05, 0.78577, 0.237398, 0.571148, -0.0, 0.0, 0.0, 0.0, 1.0],
                [0.643548, 0.177505, -0.74454, -0.0, -0.259419, 0.965746, 0.006012, 0.05, 0.720105, 0.189279, 0.667551, -0.0, 0.0, 0.0, 0.0, 1.0],
                [0.739455, 0.214907, -0.637983, 0.0, -0.236088, 0.970273, 0.053205, 0.05, 0.630453, 0.111277, 0.76821, -0.0, 0.0, 0.0, 0.0, 1.0],
                [0.802691, 0.234431, -0.54839, 0.0, -0.218468, 0.97117, 0.095389, 0.05, 0.554943, 0.043238, 0.830765, -0.0, 0.0, 0.0, 0.0, 1.0]
            ]
        },
        {
            "name": "Chest",
            "time": [0.0, 0.0417, 0.0833, 0.125, 0.1667, 0.2083, 0.25, 0.2917, 0.3333, 0.375, 0.4167, 0.4583, 0.5],
            "transform": [
                [0.971911, -0.214707, 0.096409, -0.0, 0.18822, 0.954978, 0.229321, 0.3, -0.141306, -0.204732, 0.968564, 0.0, 0.0, 0.0, 0.0, 1.0],
                [0.975634, -0.216932, -0.032903, -0.0, 0.217759, 0.938947, 0.266379, 0.3, -0.026892, -0.267052, 0.963306, 0.0, 0.0, 0.0, 0.0, 1.0],
                [0.958887, -0.212344, -0.188282, -0.0, 0.263022, 0.914105, 0.308595, 0.3, 0.106582, -0.345429, 0.932372, -0.0, 0.0, 0.0, 0.0, 1.0],
                [0.921107, -0.183962, -0.343109, 0.0, 0.315038, 0.869997, 0.379282, 0.3, 0.228732, -0.457451, 0.859313, 0.0, 0.0, 0.0, 0.0, 1.0],
                [0.876784, -0.126108, -0.464058, 0.0, 0.352248, 0.825369, 0.441233, 0.3, 0.327377, -0.550328, 0.76809, -0.0, 0.0, 0.0, 0.0, 1.0],
                [0.856342, -0.109141, -0.504747, 0.0, 0.360026, 0.82689, 0.43201, 0.3, 0.370221, -0.551669, 0.747393, 0.0, 0.0, 0.0, 0.0, 1.0],
                [0.857011, -0.110922, -0.503222, 0.0, 0.360284, 0.827176, 0.431246, 0.3, 0.36842, -0.550884, 0.748861, 0.0, 0.0, 0.0, 0.0, 1.0],
                [0.872418, -0.112094, -0.475737, 0.0, 0.349824, 0.822966, 0.447603, 0.3, 0.341343, -0.55692, 0.757182, -0.0, 0.0, 0.0, 0.0, 1.0],
                [0.895328, -0.110304, -0.431537, 0.0, 0.330602, 0.813832, 0.477889, 0.3, 0.298486, -0.570533, 0.765113, -0.0, 0.0, 0.0, 0.0, 1.0],
                [0.916972, -0.108282, -0.383982, 0.0, 0.301471, 0.818457, 0.489123, 0.3, 0.26131, -0.564269, 0.783145, -0.0, 0.0, 0.0, 0.0, 1.0],
                [0.925223, -0.111722, -0.362609, 0.0, 0.28283, 0.840127, 0.462809, 0.3, 0.252933, -0.530756, 0.808902, 0.0, 0.0, 0.0, 0.0, 1.0],
                [0.930913, -0.120002, -0.344971, -0.0, 0.257843, 0.884865, 0.387981, 0.3, 0.258696, -0.450123, 0.854672, 0.0, 0.0, 0.0, 0.0, 1.0],
                [0.934949, -0.126192, -0.331587, -0.0, 0.234345, 0.921362, 0.310118, 0.3, 0.266378, -0.367649, 0.890998, -0.0, 0.0, 0.0, 0.0, 1.0]
            ]
        },
        {
            "name": "Head",
            "time": [0.0, 0.0417, 0.0833, 0.125, 0.1667, 0.2083, 0.25, 0.2917, 0.3333, 0.375, 0.4167, 0.4583, 0.5],
            "transform": [
                [0.792241, -0.248131, 0.557481, -0.0, 0.148652, 0.964546, 0.218063, 0.4, -0.591824, -0.089888, 0.80104, 0.0, 0.0, 0.0, 0.0, 1.0],
                [0.710162, -0.274125, 0.64848, -0.0, 0.143708, 0.958132, 0.247646, 0.4, -0.689216, -0.082677, 0.719824, 0.0, 0.0, 0.0, 0.0, 1.0],
                [0.597423, -0.31214, 0.738684, 0.0, 0.145495, 0.948038, 0.282934, 0.4, -0.788617, -0.061556, 0.611796, -0.0, 0.0, 0.0, 0.0, 1.0],
                [0.476662, -0.352477, 0.805328, 0.0, 0.192173, 0.935717, 0.295803, 0.4, -0.857827, 0.013764, 0.513757, 0.0, 0.0, 0.0, 0.0, 1.0],
                [0.36926, -0.383759, 0.846389, -0.0, 0.271293, 0.915597, 0.296782, 0.4, -0.888848, 0.120029, 0.442205, 0.0, 0.0, 0.0, 0.0, 1.0],
                [0.321794, -0.390217, 0.862659, -0.0, 0.288766, 0.908158, 0.303083, 0.4, -0.901702, 0.151576, 0.404921, 0.0, 0.0, 0.0, 0.0, 1.0],
                [0.319686, -0.391709, 0.862766, -0.0, 0.289161, 0.90744, 0.30485, 0.4, -0.902325, 0.152021, 0.403364, 0.0, 0.0, 0.0, 0.0, 1.0],
                [0.377325, -0.372655, 0.847794, 0.0, 0.272506, 0.919609, 0.282941, 0.4, -0.885082, 0.124268, 0.448543, -0.0, 0.0, 0.0, 0.0, 1.0],
                [0.468708, -0.33667, 0.816681, 0.0, 0.245318, 0.937763, 0.245796, 0.4, -0.848608, 0.08514, 0.522129, -0.0, 0.0, 0.0, 0.0, 1.0],
                [0.564606, -0.283812, 0.775031, 0.0, 0.200183, 0.958068, 0.205009, 0.4, -0.800718, 0.039398, 0.597746, -0.0, 0.0, 0.0, 0.0, 1.0],
                [0.609047, -0.245633, 0.75414, 0.0, 0.162202, 0.969311, 0.184724, 0.4, -0.776372, 0.009817, 0.630199, 0.0, 0.0, 0.0, 0.0, 1.0],
                [0.661526, -0.185044, 0.726734, -0.0, 0.09943, 0.982164, 0.159575, 0.4, -0.743301, -0.033303, 0.668128, -0.0, 0.0, 0.0, 0.0, 1.0],
                [0.700228, -0.133602, 0.701307, 0.0, 0.041397, 0.988278, 0.146938, 0.4, -0.712718, -0.073858, 0.697552, 0.0, 0.0, 0.0, 0.0, 1.0]
            ]
        },
        {
            "name": "Shoulder_R",
            "time": [0.0, 0.0417, 0.0833, 0.125, 0.1667, 0.2083, 0.25, 0.2917, 0.3333, 0.375, 0.4167, 0.4583, 0.5],
            "transform": [
                [-0.524152, 0.545674, -0.653837, -0.0, 0.659299, -0.225966, -0.717114, 0.4, -0.539046, -0.806974, -0.24132, 0.0, 0.0, 0.0, 0.0, 1.0],
                [-0.552482, 0.590551, -0.588229, -0.0, 0.644554, -0.144763, -0.750721, 0.4, -0.528482, -0.793928, -0.300661, 0.0, 0.0, 0.0, 0.0, 1.0],
                [-0.561804, 0.656081, -0.503921, 0.0, 0.622802, -0.065495, -0.779627, 0.4, -0.544489, -0.75186, -0.371813, -0.0, 0.0, 0.0, 0.0, 1.0],
                [-0.38652, 0.839221, -0.382522, 0.0, 0.62822, -0.064082, -0.775386, 0.4, -0.675218, -0.540023, -0.502446, 0.0, 0.0, 0.0, 0.0, 1.0],
                [-0.039964, 0.97955, -0.197229, -0.0, 0.596246, -0.135013, -0.791364, 0.4, -0.801793, -0.149225, -0.57866, 0.0, 0.0, 0.0, 0.0, 1.0],
                [-0.006418, 0.985699, -0.168436, -0.0, 0.523394, -0.140213, -0.840475, 0.4, -0.852053, -0.093554, -0.515013, 0.0, 0.0, 0.0, 0.0, 1.0],
                [-0.017721, 0.985262, -0.170174, -0.0, 0.525131, -0.135663, -0.840138, 0.4, -0.850823, -0.104253, -0.514992, 0.0, 0.0, 0.0, 0.0, 1.0],
                [0.054721, 0.982502, -0.178079, 0.0, 0.574254, -0.176868, -0.799341, 0.4, -0.816835, -0.058523, -0.573884, -0.0, 0.0, 0.0, 0.0, 1.0],
                [0.19496, 0.965565, -0.172314, 0.0, 0.642061, -0.258455, -0.72177, 0.4, -0.741437, 0.030081, -0.67034, -0.0, 0.0, 0.0, 0.0, 1.0],
                [0.294323, 0.939953, -0.17285, 0.0, 0.672917, -0.332251, -0.660897, 0.4, -0.678629, 0.078206, -0.730299, -0.0, 0.0, 0.0, 0.0, 1.0],
                [0.266374, 0.941484, -0.20656, 0.0, 0.654686, -0.334014, -0.678097, 0.4, -0.707398, 0.045396, -0.705349, 0.0, 0.0, 0.0, 0.0, 1.0],
                [0.1224, 0.952555, -0.278697, -0.0, 0.594351, -0.29524, -0.748049, 0.4, -0.794825, -0.074084, -0.602291, -0.0, 0.0, 0.0, 0.0, 1.0],
                [-0.040446, 0.943325, -0.329416, 0.0, 0.527645, -0.259803, -0.808759, 0.4, -0.84849, -0.206529, -0.487235, 0.0, 0.0, 0.0, 0.0, 1.0]
            ]
        },
        {
            "name": "Arm_R",
            "time": [0.0, 0.0417, 0.0833, 0.125, 0.1667, 0.2083, 0.25, 0.2917, 0.3333, 0.375, 0.4167, 0.4583, 0.5],
            "transform": [
                [0.658014, 0.023804, 0.749817, -0.0, 0.04526, 0.999785, -0.070382, 0.393861, -0.754039, 0.080784, 0.650105, -0.0, 0.0, 0.0, 0.0, 1.0],
                [0.646256, 0.398507, 0.649427, -0.0, 0.091037, 0.811029, -0.578689, 0.393861, -0.760046, 0.435988, 0.482885, -0.0, 0.0, 0.0, 0.0, 1.0],
                [0.614916, 0.704504, 0.358984, -0.0, 0.112429, 0.376054, -0.91559, 0.39386, -0.782834, 0.607395, 0.150487, 0.0, 0.0, 0.0, 0.0, 1.0],
                [0.463605, 0.723295, 0.513267, 0.0, 0.043757, 0.564594, -0.82128, 0.39386, -0.886986, 0.4059, 0.227756, -0.0, 0.0, 0.0, 0.0, 1.0],
                [0.348502, 0.113875, 0.925907, 0.0, -0.286588, 0.961333, -0.009868, 0.39386, -0.894431, -0.263654, 0.363929, -0.0, 0.0, 0.0, 0.0, 1.0],
                [0.349796, 0.121402, 0.924489, 0.0, -0.446918, 0.896465, 0.051026, 0.393861, -0.825527, -0.43388, 0.364104, 0.0, 0.0, 0.0, 0.0, 1.0],
                [0.339057, 0.13709, 0.92628, 0.0, -0.448364, 0.896655, 0.031381, 0.39386, -0.829215, -0.428774, 0.361778, -0.0, 0.0, 0.0, 0.0, 1.0],
                [0.445563, 0.021582, 0.890835, 0.0, -0.293727, 0.951267, 0.122241, 0.39386, -0.84781, -0.318228, 0.425824, -0.0, 0.0, 0.0, 0.0, 1.0],
                [0.582573, -0.227315, 0.777363, 0.0, -0.017058, 0.960014, 0.288647, 0.39386, -0.814804, -0.182624, 0.54976, -0.0, 0.0, 0.0, 0.0, 1.0],
                [0.593363, -0.477328, 0.646954, 0.0, 0.227327, 0.875786, 0.42974, 0.39386, -0.774489, -0.108638, 0.62179, 0.0, 0.0, 0.0, 0.0, 1.0],
                [0.524175, -0.5394, 0.657838, 0.0, 0.254511, 0.841807, 0.478695, 0.39386, -0.814898, -0.084048, 0.572654, 0.0, 0.0, 0.0, 0.0, 1.0],
                [0.379633, -0.551633, 0.740593, -0.0, 0.177689, 0.835382, 0.522008, 0.393861, -0.909887, -0.067019, 0.410939, -0.0, 0.0, 0.0, 0.0, 1.0],
                [0.256929, -0.542512, 0.797075, -0.0, 0.061362, 0.839088, 0.542054, 0.39386, -0.966335, -0.090961, 0.246347, 0.0, 0.0, 0.0, 0.0, 1.0]
            ]
        },
        {
            "name": "Hand_R",
            "time": [0.0, 0.0417, 0.0833, 0.125, 0.1667, 0.2083, 0.25, 0.2917, 0.3333, 0.375, 0.4167, 0.4583, 0.5],
            "transform": [
                [0.997807, 0.0, 0.0, -0.0, 0.0, 0.261637, -0.961564, 0.3, -0.0, 0.972382, 0.258726, -0.0, 0.0, 0.0, 0.0, 1.0],
                [0.997805, 0.0, 0.0, -0.0, 0.0, 0.437634, -0.89572, 0.3, -0.0, 0.908679, 0.431393, 0.0, 0.0, 0.0, 0.0, 1.0],
                [0.997794, 0.0, 0.0, -0.0, 0.0, 0.579968, -0.813959, 0.3, -0.0, 0.823358, 0.573347, -0.0, 0.0, 0.0, 0.0, 1.0],
                [0.997799, 0.0, 0.0, 0.0, 0.0, 0.315126, -0.944568, 0.3, -0.0, 0.957887, 0.310745, -0.0, 0.0, 0.0, 0.0, 1.0],
                [0.9978, 0.0, 0.0, 0.0, 0.0, -0.163019, -0.979139, 0.3, 0.0, 0.997409, -0.160032, 0.0, 0.0, 0.0, 0.0, 1.0],
                [0.997796, 0.0, 0.0, -0.0, 0.0, -0.02712, -0.992417, 0.3, -0.0, 1.00963, -0.026658, -0.0, 0.0, 0.0, 0.0, 1.0],
                [0.997797, 0.0, 0.0, 0.0, 0.0, -0.04477, -0.991859, 0.3, -0.0, 1.008963, -0.044011, 0.0, 0.0, 0.0, 0.0, 1.0],
                [0.9978, 0.0, 0.0, -0.0, 0.0, 0.030811, -0.99238, 0.3, -0.0, 1.009461, 0.03029, 0.0, 0.0, 0.0, 0.0, 1.0],
                [0.9978, 0.0, 0.0, 0.0, 0.0, 0.178366, -0.977511, 0.3, -0.0, 0.993741, 0.175453, 0.0, 0.0, 0.0, 0.0, 1.0],
                [0.997795, 0.0, 0.0, 0.0, 0.0, 0.326569, -0.940243, 0.3, -0.0, 0.954734, 0.321613, 0.0, 0.0, 0.0, 0.0, 1.0],
                [0.997805, 0.0, 0.0, -0.0, 0.0, 0.378947, -0.921208, 0.3, -0.0, 0.934901, 0.373396, 0.0, 0.0, 0.0, 0.0, 1.0],
                [0.997803, 0.0, 0.0, 0.0, 0.0, 0.420298, -0.903843, 0.3, -0.0, 0.916707, 0.4144, 0.0, 0.0, 0.0, 0.0, 1.0],
                [0.997801, 0.0, 0.0, 0.0, 0.0, 0.444323, -0.892732, 0.3, -0.0, 0.905037, 0.438282, -0.0, 0.0, 0.0, 0.0, 1.0]
            ]
        },
        {
            "name": "Tool_R",
            "time": [0.0, 0.0417, 0.0833, 0.125, 0.1667, 0.2083, 0.25, 0.2917, 0.3333, 0.375, 0.4167, 0.4583, 0.5],
            "transform": [
                [0.409076, -0.883777, -0.248428, -0.035366, -0.761069, -0.180552, -0.618436, 0.116052, 0.499415, 0.448224, -0.738078, -0.210383, 0.0, 0.0, 0.0, 1.0],
                [0.455037, -0.859781, -0.245393, -0.035366, -0.753725, -0.235056, -0.608011, 0.116052, 0.457601, 0.467231, -0.756548, -0.210383, 0.0, 0.0, 0.0, 1.0],
                [0.504382, -0.83599, -0.230586, -0.035366, -0.751171, -0.292976, -0.589126, 0.116052, 0.423994, 0.474865, -0.768504, -0.210383, 0.0, 0.0, 0.0, 1.0],
                [0.485262, -0.871103, -0.137234, -0.035366, -0.734389, -0.320656, -0.594143, 0.116052, 0.472219, 0.396004, -0.782046, -0.210383, 0.0, 0.0, 0.0, 1.0],
                [0.395376, -0.920911, -0.008873, -0.035366, -0.714672, -0.305584, -0.626898, 0.116052, 0.569112, 0.255726, -0.780146, -0.210383, 0.0, 0.0, 0.0, 1.0],
                [0.400691, -0.918899, -0.016775, -0.035366, -0.72458, -0.305881, -0.616601, 0.116052, 0.561901, 0.260512, -0.782224, -0.210383, 0.0, 0.0, 0.0, 1.0],
                [0.399059, -0.918887, -0.016755, -0.035366, -0.728972, -0.305937, -0.611875, 0.116052, 0.55785, 0.257231, -0.786648, -0.210383, 0.0, 0.0, 0.0, 1.0],
                [0.404572, -0.916852, -0.004807, -0.035366, -0.685364, -0.300065, -0.662423, 0.116052, 0.606046, 0.272388, -0.745026, -0.210383, 0.0, 0.0, 0.0, 1.0],
                [0.408929, -0.916027, 0.020139, -0.035366, -0.601881, -0.286938, -0.742804, 0.116052, 0.686715, 0.293637, -0.66225, -0.210383, 0.0, 0.0, 0.0, 1.0],
                [0.43591, -0.904583, 0.029893, -0.035366, -0.498677, -0.270068, -0.819317, 0.116051, 0.750274, 0.345645, -0.561275, -0.210383, 0.0, 0.0, 0.0, 1.0],
                [0.488225, -0.877997, 0.007631, -0.035366, -0.446325, -0.257831, -0.85188, 0.116052, 0.751482, 0.416787, -0.510313, -0.210383, 0.0, 0.0, 0.0, 1.0],
                [0.599822, -0.804214, -0.049935, -0.035366, -0.382499, -0.231328, -0.888496, 0.116052, 0.704446, 0.558499, -0.439402, -0.210383, 0.0, 0.0, 0.0, 1.0],
                [0.689214, -0.724081, -0.093666, -0.035366, -0.338317, -0.204242, -0.911953, 0.116052, 0.642145, 0.668752, -0.379492, -0.210383, 0.0, 0.0, 0.0, 1.0]
            ]
        },
        {
            "name": "Elbow_R",
            "time": [0.0, 0.5],
            "transform": [
                [-1.0, 0.0, -0.0, -0.0, 0.0, -0.0, -1.0, 0.3, -0.0, -1.0, 0.0, -0.0, 0.0, 0.0, 0.0, 1.0],
                [-1.0, 0.0, -0.0, 0.0, 0.0, -0.0, -1.0, 0.3, -0.0, -1.0, 0.0, -0.0, 0.0, 0.0, 0.0, 1.0]
            ]
        },
        {
            "name": "Shoulder_L",
            "time": [0.0, 0.0417, 0.0833, 0.125, 0.1667, 0.2083, 0.25, 0.2917, 0.3333, 0.375, 0.4167, 0.4583, 0.5],
            "transform": [
                [-0.005378, -0.937169, 0.348859, -0.0, -0.954775, -0.098853, -0.280294, 0.4, 0.297145, -0.334592, -0.894317, 0.0, 0.0, 0.0, 0.0, 1.0],
                [0.004303, -0.822499, 0.568777, -0.0, -0.976617, -0.125609, -0.174262, 0.4, 0.214756, -0.554733, -0.803862, 0.0, 0.0, 0.0, 0.0, 1.0],
                [0.051756, -0.675518, 0.735552, 0.0, -0.988159, -0.140971, -0.059931, 0.4, 0.144165, -0.723752, -0.674859, -0.0, 0.0, 0.0, 0.0, 1.0],
                [0.173093, -0.858804, 0.482199, 0.0, -0.936983, -0.294393, -0.187953, 0.4, 0.303347, -0.419284, -0.855703, 0.0, 0.0, 0.0, 0.0, 1.0],
                [0.35471, -0.927105, -0.121071, -0.0, -0.801299, -0.234752, -0.550254, 0.4, 0.481682, 0.292198, -0.826215, 0.0, 0.0, 0.0, 0.0, 1.0],
                [0.308412, -0.951037, -0.02034, -0.0, -0.758807, -0.233091, -0.608161, 0.4, 0.573596, 0.203001, -0.793596, 0.0, 0.0, 0.0, 0.0, 1.0],
                [0.31183, -0.949942, -0.019373, -0.0, -0.761698, -0.23777, -0.60271, 0.4, 0.567886, 0.202702, -0.797769, 0.0, 0.0, 0.0, 0.0, 1.0],
                [0.322694, -0.942143, -0.090751, 0.0, -0.781306, -0.211058, -0.587359, 0.4, 0.534178, 0.260444, -0.804267, -0.0, 0.0, 0.0, 0.0, 1.0],
                [0.33443, -0.918244, -0.212097, 0.0, -0.814164, -0.1682, -0.55571, 0.4, 0.474564, 0.358531, -0.803912, -0.0, 0.0, 0.0, 0.0, 1.0],
                [0.316531, -0.896259, -0.310697, 0.0, -0.846278, -0.11891, -0.519264, 0.4, 0.428414, 0.427303, -0.796182, -0.0, 0.0, 0.0, 0.0, 1.0],
                [0.278646, -0.908772, -0.31064, 0.0, -0.850974, -0.08374, -0.518451, 0.4, 0.445104, 0.408814, -0.796734, 0.0, 0.0, 0.0, 0.0, 1.0],
                [0.193977, -0.948475, -0.250553, -0.0, -0.839985, -0.028686, -0.541817, 0.4, 0.506671, 0.315563, -0.802329, -0.0, 0.0, 0.0, 0.0, 1.0],
                [0.105806, -0.977064, -0.184823, 0.0, -0.823656, 0.018003, -0.566776, 0.4, 0.557058, 0.2122, -0.80292, 0.0, 0.0, 0.0, 0.0, 1.0]
            ]
        },
        {
            "name": "Arm_L",
            "time": [0.0, 0.0417, 0.0833, 0.125, 0.1667, 0.2083, 0.25, 0.2917, 0.3333, 0.375, 0.4167, 0.4583, 0.5],
            "transform": [
                [0.798507, -0.163629, -0.578222, -0.0, -0.420471, 0.538715, -0.729353, 0.39386, 0.430862, 0.828974, 0.359842, 0.0, 0.0, 0.0, 0.0, 1.0],
                [0.795281, -0.28465, -0.534468, -0.0, -0.253427, 0.648165, -0.717797, 0.39386, 0.550766, 0.709266, 0.441463, 0.0, 0.0, 0.0, 0.0, 1.0],
                [0.812339, -0.36665, -0.453202, 0.0, -0.026401, 0.756454, -0.653959, 0.39386, 0.582625, 0.545489, 0.602254, 0.0, 0.0, 0.0, 0.0, 1.0],
                [0.807339, 0.055499, -0.586241, -0.0, -0.155336, 0.98251, -0.120776, 0.39386, 0.5693, 0.189377, 0.79841, 0.0, 0.0, 0.0, 0.0, 1.0],
                [0.550494, 0.827645, -0.121797, -0.0, -0.616645, 0.501886, 0.606101, 0.39386, 0.562759, -0.259663, 0.78328, -0.0, 0.0, 0.0, 0.0, 1.0],
                [0.484983, 0.858377, -0.176085, 0.0, -0.541845, 0.453664, 0.706629, 0.39386, 0.686445, -0.248356, 0.682185, 0.0, 0.0, 0.0, 0.0, 1.0],
                [0.487439, 0.855601, -0.182618, -0.0, -0.537759, 0.459654, 0.7059, 0.39386, 0.687906, -0.246939, 0.681226, 0.0, 0.0, 0.0, 0.0, 1.0],
                [0.530129, 0.83815, -0.139271, 0.0, -0.614002, 0.493217, 0.615752, 0.39386, 0.584794, -0.24195, 0.772759, 0.0, 0.0, 0.0, 0.0, 1.0],
                [0.588883, 0.80893, -0.040513, 0.0, -0.711291, 0.542602, 0.447275, 0.39386, 0.383807, -0.23558, 0.891076, -0.0, 0.0, 0.0, 0.0, 1.0],
                [0.620913, 0.778945, 0.101322, 0.0, -0.766493, 0.576075, 0.28585, 0.39386, 0.164298, -0.256241, 0.950647, 0.0, 0.0, 0.0, 0.0, 1.0],
                [0.616315, 0.768336, 0.179453, 0.0, -0.78132, 0.567894, 0.26103, 0.39386, 0.098653, -0.302373, 0.94624, 0.0, 0.0, 0.0, 0.0, 1.0],
                [0.593883, 0.751629, 0.29053, 0.0, -0.802122, 0.524822, 0.286362, 0.393861, 0.062763, -0.404825, 0.910663, 0.0, 0.0, 0.0, 0.0, 1.0],
                [0.555997, 0.739199, 0.382301, -0.0, -0.829454, 0.463465, 0.312603, 0.39386, 0.053895, -0.492999, 0.867096, -0.0, 0.0, 0.0, 0.0, 1.0]
            ]
        },
        {
            "name": "Hand_L",
            "time": [0.0, 0.0417, 0.0833, 0.125, 0.1667, 0.2083, 0.25, 0.2917, 0.3333, 0.375, 0.4167, 0.4583, 0.5],
            "transform": [
                [1.000888, -1e-06, -0.0, 0.0, -1e-06, 0.017201, -0.994867, 0.3, 1e-06, 1.004052, 0.017044, -0.0, 0.0, 0.0, 0.0, 1.0],
                [1.000888, -1e-06, -1e-06, -0.0, -1e-06, -0.042444, -0.993911, 0.3, 1e-06, 1.003527, -0.042037, -0.0, 0.0, 0.0, 0.0, 1.0],
                [1.000888, -1e-06, -0.0, 0.0, -1e-06, -0.034144, -0.993001, 0.3, 1e-06, 1.005078, -0.033733, 0.0, 0.0, 0.0, 0.0, 1.0],
                [1.000888, -0.0, -1e-06, 0.0, -1e-06, 0.565964, -0.821052, 0.3, 1e-06, 0.831955, 0.558548, -0.0, 0.0, 0.0, 0.0, 1.0],
                [1.00089, 1e-06, -1e-06, 0.0, -1e-06, 1.000936, -0.003381, 0.3, 1e-06, 0.00339, 0.998245, 0.0, 0.0, 0.0, 0.0, 1.0],
                [1.000891, 1e-06, -1e-06, 0.0, -1e-06, 1.00015, -0.00605, 0.3, 1e-06, 0.006057, 0.998996, 0.0, 0.0, 0.0, 0.0, 1.0],
                [1.00089, 1e-06, -1e-06, -0.0, -1e-06, 1.000541, -0.001481, 0.3, 1e-06, 0.001484, 0.998646, 0.0, 0.0, 0.0, 0.0, 1.0],
                [1.00089, 1e-06, -1e-06, 0.0, -1e-06, 0.997319, -0.086063, 0.3, 1e-06, 0.086313, 0.994435, -0.0, 0.0, 0.0, 0.0, 1.0],
                [1.00089, 1e-06, -1e-06, -0.0, -1e-06, 0.973253, -0.230995, 0.3, 1e-06, 0.231354, 0.971744, -0.0, 0.0, 0.0, 0.0, 1.0],
                [1.00089, 0.0, -1e-06, 0.0, -1e-06, 0.929829, -0.369092, 0.3, 1e-06, 0.369913, 0.927764, -0.0, 0.0, 0.0, 0.0, 1.0],
                [1.00089, 0.0, -1e-06, -0.0, -1e-06, 0.91431, -0.406134, 0.3, 1e-06, 0.407171, 0.911981, -0.0, 0.0, 0.0, 0.0, 1.0],
                [1.000889, 0.0, -1e-06, 0.0, -1e-06, 0.910842, -0.41385, 0.3, 1e-06, 0.414923, 0.908486, -0.0, 0.0, 0.0, 0.0, 1.0],
                [1.000889, 0.0, -1e-06, -0.0, -1e-06, 0.911282, -0.412877, 0.3, 1e-06, 0.413944, 0.908933, -0.0, 0.0, 0.0, 0.0, 1.0]
            ]
        },
        {
            "name": "Tool_L",
            "time": [0.0, 0.0417, 0.0833, 0.125, 0.1667, 0.2083, 0.25, 0.2917, 0.3333, 0.375, 0.4167, 0.4583, 0.5],
            "transform": [
                [-0.087957, -0.705268, -0.701198, 0.0, 0.482805, -0.649449, 0.58701, 0.272858, -0.874744, -0.287207, 0.39404, -1e-06, 0.0, 0.0, 0.0, 1.0],
                [-0.080717, -0.701581, -0.705012, 0.0, 0.195803, -0.708576, 0.675317, 0.272858, -0.981292, -0.083586, 0.192521, -1e-06, 0.0, 0.0, 0.0, 1.0],
                [-0.098245, -0.693838, -0.709877, 0.0, 0.048057, -0.719536, 0.689332, 0.272858, -0.998693, 0.033584, 0.10289, -1e-06, 0.0, 0.0, 0.0, 1.0],
                [-0.330551, -0.707688, -0.624023, 0.0, 0.945102, -0.215834, -0.252622, 0.272858, 0.044259, -0.675867, 0.733213, -1e-06, 0.0, 0.0, 0.0, 1.0],
                [-0.270216, -0.864949, -0.424593, -0.0, -0.884883, 0.397019, -0.243109, 0.272858, 0.378279, 0.31049, -0.870942, -1e-06, 0.0, 0.0, 0.0, 1.0],
                [-0.322631, -0.819919, -0.474387, -0.0, -0.853994, 0.468794, -0.226403, 0.272858, 0.407607, 0.332809, -0.848821, -1e-06, 0.0, 0.0, 0.0, 1.0],
                [-0.319035, -0.819668, -0.477014, -0.0, -0.853141, 0.467971, -0.231029, 0.272858, 0.412155, 0.333807, -0.846448, -0.0, 0.0, 0.0, 0.0, 1.0],
                [-0.324596, -0.843166, -0.429774, 0.0, -0.83092, 0.471663, -0.295771, 0.272858, 0.451804, 0.261369, -0.851709, -1e-06, 0.0, 0.0, 0.0, 1.0],
                [-0.340221, -0.874217, -0.348505, -0.0, -0.788994, 0.467489, -0.39944, 0.272858, 0.512188, 0.139278, -0.845802, -0.0, 0.0, 0.0, 0.0, 1.0],
                [-0.358156, -0.894849, -0.269475, 1e-06, -0.741969, 0.44822, -0.499057, 0.272858, 0.567862, 0.021236, -0.821056, -1e-06, 0.0, 0.0, 0.0, 1.0],
                [-0.385987, -0.889999, -0.246382, -1e-06, -0.724237, 0.457947, -0.51586, 0.272858, 0.572358, -0.020702, -0.817934, -0.0, 0.0, 0.0, 0.0, 1.0],
                [-0.449077, -0.863582, -0.232658, -1e-06, -0.709521, 0.502906, -0.494122, 0.272857, 0.544137, -0.056884, -0.835328, -0.0, 0.0, 0.0, 0.0, 1.0],
                [-0.494684, -0.837217, -0.236245, 2e-06, -0.692977, 0.54394, -0.473793, 0.272858, 0.525521, -0.070735, -0.846146, -0.0, 0.0, 0.0, 0.0, 1.0]
            ]
        },
        {
            "name": "Elbow_L",
            "time": [0.0, 0.5],
            "transform": [
                [-1.0, 0.0, -0.0, 0.0, 0.0, -0.0, -1.0, 0.3, -0.0, -1.0, -0.0, -0.0, 0.0, 0.0, 0.0, 1.0],
                [-1.0, 0.0, -0.0, -0.0, 0.0, -0.0, -1.0, 0.3, -0.0, -1.0, -0.0, -0.0, 0.0, 0.0, 0.0, 1.0]
            ]
        }
    ]
}