{
    "animation": [
        {
            "name": "Root",
            "time": [0.0, 0.0417, 0.0833, 0.125, 0.1667, 0.2083, 0.25, 0.2917, 0.3333, 0.375, 0.4167, 0.4583, 0.5, 0.5417, 0.5833, 0.625, 0.6667, 0.7083, 0.75, 0.7917, 0.8333, 0.9583],
            "transform": [
                [1.0, -0.0, -0.0, -0.50106, -0.0, -0.0, -1.0, 0.303789, 0.0, 1.0, -0.0, 0.467609, 0.0, 0.0, 0.0, 1.0],
                [1.0, -0.0, -0.0, -0.501055, -0.0, -0.0, -1.0, 0.093755, 0.0, 1.0, -0.0, 0.714662, 0.0, 0.0, 0.0, 1.0],
                [1.0, -0.0, -0.0, -0.50105, -0.0, -0.0, -1.0, -0.159287, 0.0, 1.0, -0.0, 1.353831, 0.0, 0.0, 0.0, 1.0],
                [1.0, -0.0, -0.0, -0.501044, -0.0, -0.0, -1.0, -0.409716, 0.0, 1.0, -0.0, 2.006015, 0.0, 0.0, 0.0, 1.0],
                [1.0, -0.0, -0.0, -0.501038, -0.0, -0.0, -1.0, -0.690286, 0.0, 1.0, -0.0, 2.491901, 0.0, 0.0, 0.0, 1.0],
                [1.0, -0.0, -0.0, -0.501032, -0.0, -0.0, -1.0, -0.992326, 0.0, 1.0, -0.0, 2.680491, 0.0, 0.0, 0.0, 1.0],
                [1.0, -0.0, -0.0, -0.501026, -0.0, -0.0, -1.0, -1.305515, 0.0, 1.0, -0.0, 2.747837, 0.0, 0.0, 0.0, 1.0],
                [1.0, -0.0, -0.0, -0.501022, -0.0, -0.0, -1.0, -1.548096, 0.0, 1.0, -0.0, 2.78508, 0.0, 0.0, 0.0, 1.0],
                [1.0, -0.0, -0.0, -0.501017, -0.0, -0.0, -1.0, -1.79124, 0.0, 1.0, -0.0, 2.80385, 0.0, 0.0, 0.0, 1.0],
                [1.0, -0.0, -0.0, -0.501011, -0.0, -0.0, -1.0, -2.099651, 0.0, 1.0, -0.0, 2.79841, 0.0, 0.0, 0.0, 1.0],
                [1.0, -0.0, -0.0, -0.501005, -0.0, -0.0, -1.0, -2.392794, 0.0, 1.0, -0.0, 2.746587, 0.0, 0.0, 0.0, 1.0],
                [1.0, -0.0, -0.0, -0.500999, -0.0, -0.0, -1.0, -2.677195, 0.0, 1.0, -0.0, 2.630142, 0.0, 0.0, 0.0, 1.0],
                [1.0, -0.0, -0.0, -0.500993, -0.0, -0.0, -1.0, -2.952815, 0.0, 1.0, -0.0, 2.390436, 0.0, 0.0, 0.0, 1.0],
                [1.0, -0.0, -0.0, -0.500987, -0.0, -0.0, -1.0, -3.219188, 0.0, 1.0, -0.0, 1.921614, 0.0, 0.0, 0.0, 1.0],
                [1.0, -0.0, -0.0, -0.500692, -0.0, -0.0, -1.0, -3.47163, 0.0, 1.0, -0.0, 1.654399, 0.0, 0.0, 0.0, 1.0],
                [1.0, -0.0, -0.0, -0.500377, -0.0, -0.0, -1.0, -3.650169, 0.0, 1.0, -0.0, 0.989216, 0.0, 0.0, 0.0, 1.0],
                [1.0, -0.0, -0.0, -0.500276, -0.0, -0.0, -1.0, -3.817026, 0.0, 1.0, -0.0, 0.609452, 0.0, 0.0, 0.0, 1.0],
                [1.0, -0.0, -0.0, -0.500799, -0.0, -0.0, -1.0, -4.02274, 0.0, 1.0, -0.0, 0.384786, 0.0, 0.0, 0.0, 1.0],
                [1.0, -0.0, -0.0, -0.50276, -0.0, -0.0, -1.0, -4.208334, 0.0, 1.0, -0.0, 0.310554, 0.0, 0.0, 0.0, 1.0],
                [1.0, -0.0, -0.0, -0.50618, -0.0, -0.0, -1.0, -4.367791, 0.0, 1.0, -0.0, 0.242147, 0.0, 0.0, 0.0, 1.0],
                [1.0, -0.0, -0.0, -0.509798, -0.0, -0.0, -1.0, -4.485125, 0.0, 1.0, -0.0, 0.160934, 0.0, 0.0, 0.0, 1.0],
                [1.0, -0.0, -0.0, -0.48738, -0.0, -0.0, -1.0, -4.756124, 0.0, 1.0, -0.0, 0.457071, 0.0, 0.0, 0.0, 1.0]
            ]
        },
        {
            "name": "Thigh_R",
            "time": [0.0, 0.0417, 0.0833, 0.125, 0.1667, 0.2083, 0.25, 0.2917, 0.3333, 0.375, 0.4167, 0.4583, 0.5, 0.5417, 0.5833, 0.625, 0.6667, 0.7083, 0.75, 0.7917, 0.8333, 0.875, 0.9583],
            "transform": [
                [-0.776103, 0.507135, 0.374807, -0.073992, -0.151681, -0.727034, 0.669638, -0.002956, 0.612095, 0.462856, 0.641175, 0.111975, 0.0, 0.0, 0.0, 1.0],
                [-0.622246, 0.295576, 0.724877, -0.095957, -0.255066, -0.951998, 0.169235, 0.017846, 0.740104, -0.079586, 0.667767, 0.082436, 0.0, 0.0, 0.0, 1.0],
                [-0.791556, 0.011077, 0.610998, -0.117921, -0.22044, -0.937695, -0.268581, 0.038649, 0.569956, -0.347284, 0.744678, 0.052898, 0.0, 0.0, 0.0, 1.0],
                [-0.920867, -0.294888, 0.255047, -0.139886, 0.144387, -0.865591, -0.479483, 0.059451, 0.362161, -0.404714, 0.83967, 0.023359, 0.0, 0.0, 0.0, 1.0],
                [-0.84609, -0.507886, 0.161822, -0.108539, 0.210463, -0.597215, -0.773976, -0.023453, 0.489735, -0.620795, 0.612188, 0.077743, 0.0, 0.0, 0.0, 1.0],
                [-0.73641, -0.651848, 0.181097, -0.077192, -0.040987, -0.224205, -0.973679, -0.106357, 0.675295, -0.724449, 0.13839, 0.132127, 0.0, 0.0, 0.0, 1.0],
                [-0.599957, -0.789312, 0.130533, -0.0448, -0.357106, 0.118206, -0.926554, -0.078981, 0.715912, -0.602506, -0.352786, 0.135285, 0.0, 0.0, 0.0, 1.0],
                [-0.4863, -0.873792, -0.001348, -0.012408, -0.565367, 0.315823, -0.761982, -0.051604, 0.66624, -0.369789, -0.647597, 0.138443, 0.0, 0.0, 0.0, 1.0],
                [-0.369707, -0.914615, -0.1637, 0.019984, -0.753291, 0.398184, -0.523454, -0.024228, 0.543943, -0.070211, -0.83618, 0.141601, 0.0, 0.0, 0.0, 1.0],
                [-0.224907, -0.912491, -0.341727, 0.075758, -0.9281, 0.30742, -0.210059, -0.065583, 0.296731, 0.269913, -0.916023, 0.107458, 0.0, 0.0, 0.0, 1.0],
                [-0.058648, -0.827775, -0.557987, 0.131531, -0.99826, 0.052196, 0.02749, -0.106938, 0.00637, 0.558628, -0.829394, 0.073315, 0.0, 0.0, 0.0, 1.0],
                [0.116859, -0.631164, -0.766796, 0.131979, -0.949489, -0.297412, 0.100104, -0.079195, -0.291237, 0.716364, -0.634037, 0.039591, 0.0, 0.0, 0.0, 1.0],
                [0.277868, -0.414278, -0.866697, 0.132427, -0.789568, -0.612387, 0.03958, -0.051452, -0.547152, 0.673317, -0.497263, 0.005866, 0.0, 0.0, 0.0, 1.0],
                [0.394912, -0.318032, -0.861917, 0.132875, -0.565898, -0.823275, 0.044492, -0.02371, -0.723745, 0.470187, -0.505093, -0.027858, 0.0, 0.0, 0.0, 1.0],
                [0.485878, -0.365547, -0.793914, 0.142405, -0.310032, -0.921356, 0.234486, -0.018035, -0.817194, 0.132207, -0.560997, -0.038537, 0.0, 0.0, 0.0, 1.0],
                [0.560646, -0.431317, -0.706854, 0.151935, -0.109543, -0.88476, 0.452989, -0.01236, -0.82078, -0.176535, -0.543285, -0.049216, 0.0, 0.0, 0.0, 1.0],
                [0.654616, -0.461798, -0.598517, 0.157789, 0.086595, -0.740711, 0.66622, -0.001173, -0.750988, -0.487946, -0.444891, -0.02857, 0.0, 0.0, 0.0, 1.0],
                [0.784663, -0.404081, -0.470133, 0.163644, 0.290837, -0.429783, 0.85481, 0.010014, -0.547468, -0.807469, -0.219713, -0.007923, 0.0, 0.0, 0.0, 1.0],
                [0.908484, -0.223039, -0.353432, 0.169498, 0.357704, -0.022356, 0.933567, 0.021202, -0.216123, -0.974554, 0.059472, 0.012723, 0.0, 0.0, 0.0, 1.0],
                [0.959443, 0.06282, -0.274819, 0.164429, 0.221266, 0.436247, 0.872198, 0.009205, 0.17468, -0.897632, 0.404653, 0.034087, 0.0, 0.0, 0.0, 1.0],
                [0.906961, 0.274529, -0.319466, 0.15936, 0.037401, 0.702953, 0.710252, -0.002791, 0.419555, -0.656119, 0.627282, 0.055451, 0.0, 0.0, 0.0, 1.0],
                [0.849363, 0.422324, -0.316586, 0.132851, -0.002835, 0.603452, 0.797394, 0.028279, 0.527804, -0.676379, 0.513746, 0.062343, 0.0, 0.0, 0.0, 1.0],
                [0.732839, 0.624495, -0.270103, 0.093087, -0.031389, 0.427582, 0.903431, 0.074885, 0.679681, -0.653591, 0.33295, 0.072681, 0.0, 0.0, 0.0, 1.0]
            ]
        },
        {
            "name": "Leg_R",
            "time": [0.0, 0.0417, 0.0833, 0.125, 0.1667, 0.2083, 0.25, 0.2917, 0.3333, 0.375, 0.4167, 0.4583, 0.5, 0.5417, 0.5833, 0.625, 0.6667, 0.7083, 0.75, 0.7917, 0.8333, 0.9583],
            "transform": [
                [1.0, -1e-06, 0.0, -0.0, -1e-06, -0.677154, 0.735841, 0.37472, -1e-06, -0.735842, -0.677154, 0.0, 0.0, 0.0, 0.0, 1.0],
                [1.0, -1e-06, 0.0, 0.0, -1e-06, -0.520388, 0.85393, 0.37472, -1e-06, -0.853931, -0.520387, -0.0, 0.0, 0.0, 0.0, 1.0],
                [1.0, -1e-06, 0.0, 0.0, -1e-06, -0.544659, 0.838656, 0.37472, -1e-06, -0.838658, -0.544658, 0.0, 0.0, 0.0, 0.0, 1.0],
                [1.000001, -1e-06, 0.0, -0.0, -1e-06, -0.681724, 0.731608, 0.37472, -1e-06, -0.731609, -0.681723, -0.0, 0.0, 0.0, 0.0, 1.0],
                [1.0, -1e-06, 0.0, 0.0, -1e-06, -0.74464, 0.667466, 0.37472, -1e-06, -0.667467, -0.74464, 0.0, 0.0, 0.0, 0.0, 1.0],
                [1.0, -1e-06, 0.0, 0.0, -1e-06, -0.788144, 0.615491, 0.37472, -1e-06, -0.615491, -0.788144, -0.0, 0.0, 0.0, 0.0, 1.0],
                [1.000001, -1e-06, 0.0, 0.0, -1e-06, -0.822381, 0.568937, 0.37472, -0.0, -0.568937, -0.82238, 0.0, 0.0, 0.0, 0.0, 1.0],
                [1.0, -1e-06, 0.0, -0.0, -1e-06, -0.842342, 0.538942, 0.37472, -1e-06, -0.538942, -0.842342, -0.0, 0.0, 0.0, 0.0, 1.0],
                [1.0, -1e-06, 0.0, 0.0, -1e-06, -0.856811, 0.51563, 0.37472, -1e-06, -0.51563, -0.856811, -0.0, 0.0, 0.0, 0.0, 1.0],
                [1.0, -1e-06, -0.0, -0.0, -1e-06, -0.868033, 0.496506, 0.37472, -1e-06, -0.496506, -0.868034, 0.0, 0.0, 0.0, 0.0, 1.0],
                [1.0, -1e-06, -0.0, -0.0, -1e-06, -0.862981, 0.505236, 0.37472, -1e-06, -0.505236, -0.862981, 0.0, 0.0, 0.0, 0.0, 1.0],
                [1.0, -1e-06, 0.0, -0.0, -1e-06, -0.846016, 0.533158, 0.37472, -0.0, -0.533159, -0.846015, -0.0, 0.0, 0.0, 0.0, 1.0],
                [1.0, -1e-06, 0.0, -0.0, -1e-06, -0.828154, 0.560501, 0.37472, -1e-06, -0.560502, -0.828153, 0.0, 0.0, 0.0, 0.0, 1.0],
                [1.0, -1e-06, -0.0, 0.0, -1e-06, -0.821955, 0.569552, 0.37472, -1e-06, -0.569553, -0.821954, 0.0, 0.0, 0.0, 0.0, 1.0],
                [1.0, -1e-06, 0.0, 0.0, -1e-06, -0.829373, 0.558695, 0.37472, -1e-06, -0.558696, -0.829372, 0.0, 0.0, 0.0, 0.0, 1.0],
                [1.0, -1e-06, -0.0, -0.0, -1e-06, -0.838947, 0.544213, 0.37472, -1e-06, -0.544214, -0.838946, -0.0, 0.0, 0.0, 0.0, 1.0],
                [1.0, -1e-06, -0.0, 0.0, -1e-06, -0.848689, 0.528892, 0.37472, -1e-06, -0.528892, -0.848688, -0.0, 0.0, 0.0, 0.0, 1.0],
                [1.0, -1e-06, -0.0, 0.0, -1e-06, -0.855988, 0.516996, 0.37472, -1e-06, -0.516996, -0.855987, -0.0, 0.0, 0.0, 0.0, 1.0],
                [1.0, -1e-06, -0.0, 0.0, -1e-06, -0.853385, 0.521282, 0.37472, -1e-06, -0.521282, -0.853385, 0.0, 0.0, 0.0, 0.0, 1.0],
                [1.0, -1e-06, -0.0, -0.0, -1e-06, -0.839728, 0.543006, 0.37472, -1e-06, -0.543006, -0.839728, 0.0, 0.0, 0.0, 0.0, 1.0],
                [1.0, -1e-06, 0.0, -0.0, -1e-06, -0.82977, 0.558105, 0.37472, -1e-06, -0.558105, -0.82977, -0.0, 0.0, 0.0, 0.0, 1.0],
                [1.000001, -1e-06, 0.0, 0.0, -1e-06, -0.696518, 0.717539, 0.37472, -1e-06, -0.717539, -0.696517, 0.0, 0.0, 0.0, 0.0, 1.0]
            ]
        },
        {
            "name": "Knee_R",
            "time": [0.0, 0.9583],
            "transform": [
                [1.0, 0.0, -0.0, -0.0, -0.0, 1e-06, -1.0, 0.37472, -0.0, 1.0, 1e-06, 0.0, 0.0, 0.0, 0.0, 1.0],
                [1.0, 0.0, -0.0, 0.0, -0.0, 1e-06, -1.0, 0.37472, -0.0, 1.0, 1e-06, 0.0, 0.0, 0.0, 0.0, 1.0]
            ]
        },
        {
            "name": "Thigh_L",
            "time": [0.0, 0.0417, 0.0833, 0.125, 0.1667, 0.2083, 0.25, 0.2917, 0.3333, 0.375, 0.4167, 0.4583, 0.5, 0.5417, 0.5833, 0.625, 0.6667, 0.7083, 0.75, 0.7917, 0.8333, 0.9167, 0.9583],
            "transform": [
                [0.018278, -0.003329, 0.999827, 0.003217, -0.746838, -0.664907, 0.01144, 0.09441, 0.664751, -0.746921, -0.01464, -0.080433, 0.0, 0.0, 0.0, 1.0],
                [-0.11334, -0.102857, 0.988217, 0.056481, -0.662396, -0.733506, -0.152317, 0.094319, 0.740527, -0.671858, 0.015004, -0.053934, 0.0, 0.0, 0.0, 1.0],
                [-0.497108, -0.004654, 0.867675, 0.109744, -0.626949, -0.689381, -0.36289, 0.094229, 0.599845, -0.724387, 0.339779, -0.027434, 0.0, 0.0, 0.0, 1.0],
                [-0.854608, 0.112053, 0.507037, 0.163008, -0.434385, -0.689284, -0.579825, 0.094138, 0.28452, -0.715776, 0.637741, -0.000935, 0.0, 0.0, 0.0, 1.0],
                [-0.953609, -0.026311, 0.299888, 0.152017, -0.257284, -0.445984, -0.857264, 0.067411, 0.1563, -0.894657, 0.418525, 0.001879, 0.0, 0.0, 0.0, 1.0],
                [-0.961265, -0.207813, 0.181047, 0.141027, -0.194028, 0.043702, -0.980021, 0.040683, 0.195749, -0.977194, -0.082331, 0.004693, 0.0, 0.0, 0.0, 1.0],
                [-0.921958, -0.386985, -0.015244, 0.131464, -0.197354, 0.503321, -0.84126, 0.053707, 0.333226, -0.772602, -0.540414, -0.022644, 0.0, 0.0, 0.0, 1.0],
                [-0.844956, -0.479271, -0.237374, 0.121901, -0.247853, 0.744187, -0.620287, 0.066731, 0.473934, -0.465284, -0.747593, -0.049981, 0.0, 0.0, 0.0, 1.0],
                [-0.724123, -0.52804, -0.44364, 0.112338, -0.385696, 0.843329, -0.374215, 0.079755, 0.571733, -0.099869, -0.814337, -0.077318, 0.0, 0.0, 0.0, 1.0],
                [-0.570677, -0.560213, -0.600407, 0.098489, -0.614722, 0.776225, -0.139972, 0.10711, 0.544463, 0.289206, -0.787348, -0.085855, 0.0, 0.0, 0.0, 1.0],
                [-0.44823, -0.577708, -0.68216, 0.084641, -0.800374, 0.599215, 0.018448, 0.134464, 0.398102, 0.554256, -0.730968, -0.094393, 0.0, 0.0, 0.0, 1.0],
                [-0.340312, -0.577772, -0.741867, 0.067052, -0.919855, 0.368221, 0.135189, 0.152732, 0.195063, 0.728421, -0.656776, -0.056137, 0.0, 0.0, 0.0, 1.0],
                [-0.227125, -0.585831, -0.777957, 0.049463, -0.972924, 0.101421, 0.207673, 0.171, -0.04276, 0.804065, -0.593004, -0.017882, 0.0, 0.0, 0.0, 1.0],
                [-0.092786, -0.614652, -0.783323, 0.031874, -0.948066, -0.185844, 0.258126, 0.189268, -0.304232, 0.766596, -0.565487, 0.020374, 0.0, 0.0, 0.0, 1.0],
                [0.105296, -0.655109, -0.748161, 0.019578, -0.817946, -0.484941, 0.309506, 0.182624, -0.565572, 0.579369, -0.586906, 0.047057, 0.0, 0.0, 0.0, 1.0],
                [0.287103, -0.665961, -0.688526, 0.007282, -0.651709, -0.66259, 0.369119, 0.17598, -0.702027, 0.342745, -0.624244, 0.07374, 0.0, 0.0, 0.0, 1.0],
                [0.4753, -0.648613, -0.594467, -0.029644, -0.463065, -0.758933, 0.457814, 0.159362, -0.748102, 0.057678, -0.661071, 0.074798, 0.0, 0.0, 0.0, 1.0],
                [0.669095, -0.587334, -0.455356, -0.06657, -0.237254, -0.74947, 0.618066, 0.142744, -0.704285, -0.305512, -0.640814, 0.075855, 0.0, 0.0, 0.0, 1.0],
                [0.758632, -0.562858, -0.328127, -0.084984, -0.066985, -0.568353, 0.820053, 0.124725, -0.648063, -0.600142, -0.468873, 0.070405, 0.0, 0.0, 0.0, 1.0],
                [0.780762, -0.583092, -0.22453, -0.103399, 0.101752, -0.235899, 0.966435, 0.106707, -0.616484, -0.777406, -0.124851, 0.064953, 0.0, 0.0, 0.0, 1.0],
                [0.781544, -0.594371, -0.1895, -0.121813, 0.263485, 0.039156, 0.963867, 0.088688, -0.565473, -0.80324, 0.18721, 0.059503, 0.0, 0.0, 0.0, 1.0],
                [0.891208, -0.282795, -0.354644, -0.136521, 0.231038, -0.389823, 0.891436, 0.107278, -0.390341, -0.876396, -0.282077, 0.044287, 0.0, 0.0, 0.0, 1.0],
                [0.930041, -0.039671, -0.365301, -0.145667, 0.260174, -0.630935, 0.730911, 0.114974, -0.259477, -0.774824, -0.576474, 0.034115, 0.0, 0.0, 0.0, 1.0]
            ]
        },
        {
            "name": "Leg_L",
            "time": [0.0, 0.0417, 0.0833, 0.125, 0.1667, 0.2083, 0.25, 0.2917, 0.3333, 0.375, 0.4167, 0.4583, 0.5, 0.5417, 0.5833, 0.625, 0.6667, 0.7083, 0.75, 0.7917, 0.8333, 0.9583],
            "transform": [
                [0.999998, -0.0, -0.0, -0.0, 1e-06, 0.991839, 0.127489, 0.37472, 0.0, -0.127488, 0.991843, 0.0, 0.0, 0.0, 0.0, 1.0],
                [0.999998, -1e-06, -0.0, -0.0, 1e-06, 0.999927, -0.011964, 0.37472, 0.0, 0.011964, 0.999931, 0.0, 0.0, 0.0, 0.0, 1.0],
                [0.999998, -0.0, -0.0, 0.0, 0.0, 0.856862, 0.515546, 0.37472, 0.0, -0.515545, 0.856864, -0.0, 0.0, 0.0, 0.0, 1.0],
                [0.999998, -0.0, -0.0, -0.0, 0.0, 0.200604, 0.979672, 0.37472, -0.0, -0.979674, 0.200603, 0.0, 0.0, 0.0, 0.0, 1.0],
                [0.999998, -0.0, -0.0, -0.0, 0.0, -0.104401, 0.994535, 0.37472, -0.0, -0.994537, -0.104401, 0.0, 0.0, 0.0, 0.0, 1.0],
                [0.999998, 0.0, -0.0, 0.0, 0.0, -0.234605, 0.972091, 0.37472, -0.0, -0.972092, -0.234604, 0.0, 0.0, 0.0, 0.0, 1.0],
                [0.999998, 0.0, -0.0, 0.0, 0.0, -0.291564, 0.956551, 0.37472, -0.0, -0.956552, -0.291564, -0.0, 0.0, 0.0, 0.0, 1.0],
                [0.999998, 0.0, -0.0, -0.0, 0.0, -0.310591, 0.950543, 0.37472, -0.0, -0.950545, -0.310591, 0.0, 0.0, 0.0, 0.0, 1.0],
                [0.999998, 0.0, -0.0, 0.0, 0.0, -0.326914, 0.945054, 0.37472, 0.0, -0.945055, -0.326913, -0.0, 0.0, 0.0, 0.0, 1.0],
                [0.999998, 0.0, -0.0, 0.0, 0.0, -0.366365, 0.930471, 0.37472, -0.0, -0.930473, -0.366364, -0.0, 0.0, 0.0, 0.0, 1.0],
                [0.999998, -0.0, -0.0, -0.0, 0.0, -0.400336, 0.916369, 0.37472, -0.0, -0.916369, -0.400336, 0.0, 0.0, 0.0, 0.0, 1.0],
                [0.999998, 0.0, -0.0, -0.0, 0.0, -0.41723, 0.908801, 0.37472, -0.0, -0.908802, -0.41723, -0.0, 0.0, 0.0, 0.0, 1.0],
                [0.999998, 0.0, -0.0, 0.0, 0.0, -0.428195, 0.903687, 0.37472, -0.0, -0.903688, -0.428195, 0.0, 0.0, 0.0, 0.0, 1.0],
                [0.999998, 0.0, -0.0, 0.0, 0.0, -0.440548, 0.89773, 0.37472, -0.0, -0.89773, -0.440548, -0.0, 0.0, 0.0, 0.0, 1.0],
                [0.999998, 0.0, -0.0, 0.0, 0.0, -0.436616, 0.899649, 0.37472, -0.0, -0.899649, -0.436616, -0.0, 0.0, 0.0, 0.0, 1.0],
                [0.999998, 0.0, -0.0, 0.0, 0.0, -0.428553, 0.903517, 0.37472, -0.0, -0.903518, -0.428553, -0.0, 0.0, 0.0, 0.0, 1.0],
                [0.999998, 0.0, -0.0, 0.0, 0.0, -0.433002, 0.901394, 0.37472, 0.0, -0.901394, -0.433002, 0.0, 0.0, 0.0, 0.0, 1.0],
                [0.999998, 0.0, -0.0, 0.0, 0.0, -0.478309, 0.878193, 0.37472, -0.0, -0.878193, -0.478309, 0.0, 0.0, 0.0, 0.0, 1.0],
                [0.999998, 0.0, -0.0, -0.0, 0.0, -0.617198, 0.786808, 0.37472, -0.0, -0.786808, -0.617198, 0.0, 0.0, 0.0, 0.0, 1.0],
                [0.999998, 0.0, -0.0, 0.0, 0.0, -0.810034, 0.586383, 0.374721, -0.0, -0.586382, -0.810036, 0.0, 0.0, 0.0, 0.0, 1.0],
                [0.999998, 0.0, 0.0, -0.0, -0.0, -0.922177, 0.386767, 0.37472, 0.0, -0.386766, -0.92218, -0.0, 0.0, 0.0, 0.0, 1.0],
                [0.999998, -0.0, -1e-06, 0.0, 1e-06, 0.47494, 0.880019, 0.37472, 0.0, -0.88002, 0.474939, 0.0, 0.0, 0.0, 0.0, 1.0]
            ]
        },
        {
            "name": "Knee_L",
            "time": [0.0, 0.9583],
            "transform": [
                [1.0, 0.0, -0.0, -0.0, -0.0, 1e-06, -1.0, 0.37472, -0.0, 1.0, 1e-06, 0.0, 0.0, 0.0, 0.0, 1.0],
                [1.0, 0.0, -0.0, 0.0, -0.0, 1e-06, -1.0, 0.37472, -0.0, 1.0, 1e-06, 0.0, 0.0, 0.0, 0.0, 1.0]
            ]
        },
        {
            "name": "Torso",
            "time": [0.0, 0.0417, 0.0833, 0.125, 0.1667, 0.2083, 0.25, 0.2917, 0.3333, 0.375, 0.4167, 0.4583, 0.5, 0.5417, 0.5833, 0.625, 0.6667, 0.7083, 0.75, 0.7917, 0.8333, 0.9583],
            "transform": [
                [-0.226189, -0.161925, -0.96053, 0.0, -0.545895, 0.837757, -0.01268, 0.05, 0.806747, 0.52148, -0.277886, 0.0, 0.0, 0.0, 0.0, 1.0],
                [-0.385254, -0.135094, -0.912869, -0.0, -0.707781, 0.678011, 0.198362, 0.05, 0.592139, 0.722529, -0.356823, 0.0, 0.0, 0.0, 0.0, 1.0],
                [-0.764877, -0.091802, -0.637602, 0.0, -0.592755, 0.487817, 0.64084, 0.05, 0.252204, 0.868104, -0.427536, -0.0, 0.0, 0.0, 0.0, 1.0],
                [-0.987118, -0.065281, -0.146085, 0.0, -0.158402, 0.26964, 0.949844, 0.05, -0.022617, 0.960745, -0.276507, -0.0, 0.0, 0.0, 0.0, 1.0],
                [-0.991799, 0.009506, 0.127469, 0.0, 0.124154, -0.165569, 0.978352, 0.05, 0.030405, 0.986152, 0.16303, 0.0, 0.0, 0.0, 0.0, 1.0],
                [-0.948629, 0.111221, 0.296204, 0.0, 0.148144, -0.671082, 0.726431, 0.05, 0.279573, 0.732992, 0.62013, -0.0, 0.0, 0.0, 0.0, 1.0],
                [-0.849614, 0.15358, 0.504551, -0.0, 0.014646, -0.949422, 0.313657, 0.05, 0.527205, 0.273876, 0.804392, -0.0, 0.0, 0.0, 0.0, 1.0],
                [-0.724704, 0.105246, 0.680977, -0.0, -0.142143, -0.989843, 0.001712, 0.05, 0.674243, -0.095555, 0.732303, -0.0, 0.0, 0.0, 0.0, 1.0],
                [-0.573635, 0.027541, 0.818648, -0.0, -0.357297, -0.907753, -0.219822, 0.05, 0.737078, -0.418597, 0.530559, -0.0, 0.0, 0.0, 0.0, 1.0],
                [-0.390292, -0.035077, 0.920023, -0.0, -0.649445, -0.697817, -0.302113, 0.05, 0.652607, -0.715415, 0.249572, 0.0, 0.0, 0.0, 0.0, 1.0],
                [-0.204516, -0.058259, 0.977128, -0.0, -0.875723, -0.435122, -0.209235, 0.05, 0.437361, -0.898483, 0.037971, 0.0, 0.0, 0.0, 0.0, 1.0],
                [-0.007491, -0.080702, 0.99671, 0.0, -0.988714, -0.148558, -0.019459, 0.05, 0.14964, -0.985604, -0.078679, -0.0, 0.0, 0.0, 0.0, 1.0],
                [0.176215, -0.096104, 0.979649, -0.0, -0.97396, 0.127218, 0.187672, 0.05, -0.142665, -0.987207, -0.071184, -0.0, 0.0, 0.0, 0.0, 1.0],
                [0.326172, -0.092661, 0.940758, 0.0, -0.865512, 0.370918, 0.336616, 0.05, -0.380137, -0.92403, 0.040784, -0.0, 0.0, 0.0, 0.0, 1.0],
                [0.457367, -0.03804, 0.888465, -0.0, -0.709245, 0.587096, 0.390244, 0.05, -0.536461, -0.808621, 0.241539, -0.0, 0.0, 0.0, 0.0, 1.0],
                [0.558952, 0.026278, 0.828785, 0.0, -0.580121, 0.726554, 0.36821, 0.05, -0.592483, -0.686605, 0.421352, -0.0, 0.0, 0.0, 0.0, 1.0],
                [0.663984, 0.090736, 0.742222, -0.0, -0.455539, 0.83623, 0.30529, 0.05, -0.59297, -0.540818, 0.596577, -0.0, 0.0, 0.0, 0.0, 1.0],
                [0.796959, 0.134497, 0.588871, 0.0, -0.301588, 0.933283, 0.194998, 0.05, -0.523359, -0.333001, 0.784351, 0.0, 0.0, 0.0, 0.0, 1.0],
                [0.913223, 0.12103, 0.389074, 0.0, -0.168468, 0.981582, 0.090078, 0.05, -0.371007, -0.147808, 0.916792, 0.0, 0.0, 0.0, 0.0, 1.0],
                [0.986894, 0.082307, 0.138817, -0.0, -0.082199, 0.996593, -0.00652, 0.05, -0.138881, -0.004976, 0.990296, 0.0, 0.0, 0.0, 0.0, 1.0],
                [0.996196, 0.035256, -0.079716, 0.0, -0.041703, 0.995864, -0.080702, 0.05, 0.076542, 0.083719, 0.993545, 0.0, 0.0, 0.0, 0.0, 1.0],
                [0.999976, -0.002468, -0.006717, 0.0, 0.00263, 0.999702, 0.024203, 0.05, 0.006655, -0.02422, 0.999685, 0.0, 0.0, 0.0, 0.0, 1.0]
            ]
        },
        {
            "name": "Chest",
            "time": [0.0, 0.0417, 0.0833, 0.125, 0.1667, 0.2083, 0.25, 0.2917, 0.3333, 0.375, 0.4167, 0.4583, 0.5, 0.5417, 0.5833, 0.625, 0.6667, 0.7083, 0.75, 0.7917, 0.8333, 0.9583],
            "transform": [
                [0.906105, -0.029675, -0.422016, 0.0, 0.253519, 0.836675, 0.485491, 0.3, 0.338684, -0.546893, 0.765637, -0.0, 0.0, 0.0, 0.0, 1.0],
                [0.907346, 0.118333, -0.403392, -0.0, 0.136102, 0.825197, 0.5482, 0.3, 0.39775, -0.552308, 0.732633, -0.0, 0.0, 0.0, 0.0, 1.0],
                [0.94676, 0.113823, -0.301154, -0.0, 0.098287, 0.788571, 0.607036, 0.3, 0.306578, -0.604315, 0.735399, -0.0, 0.0, 0.0, 0.0, 1.0],
                [0.984869, 0.009792, -0.173036, -0.0, 0.106569, 0.753136, 0.649174, 0.3, 0.136677, -0.65779, 0.740696, 0.0, 0.0, 0.0, 0.0, 1.0],
                [0.990371, -0.030932, -0.134954, -0.0, 0.114051, 0.734893, 0.668524, 0.3, 0.078498, -0.677476, 0.731343, 0.0, 0.0, 0.0, 0.0, 1.0],
                [0.990007, -0.053594, -0.130452, 0.0, 0.128704, 0.721545, 0.680299, 0.3, 0.057668, -0.690289, 0.721231, 0.0, 0.0, 0.0, 0.0, 1.0],
                [0.987789, -0.07094, -0.138725, 0.0, 0.147638, 0.710726, 0.687801, 0.3, 0.049803, -0.699881, 0.712519, 0.0, 0.0, 0.0, 0.0, 1.0],
                [0.985507, -0.079453, -0.14989, 0.0, 0.16192, 0.704141, 0.69135, 0.3, 0.050614, -0.705599, 0.7068, -0.0, 0.0, 0.0, 0.0, 1.0],
                [0.983466, -0.085419, -0.159695, -0.0, 0.173369, 0.699004, 0.693783, 0.3, 0.052365, -0.709996, 0.702255, 0.0, 0.0, 0.0, 0.0, 1.0],
                [0.982025, -0.091626, -0.165033, 0.0, 0.181852, 0.693628, 0.697, 0.3, 0.050608, -0.71448, 0.697822, 0.0, 0.0, 0.0, 0.0, 1.0],
                [0.98173, -0.095155, -0.164789, 0.0, 0.184641, 0.685776, 0.704002, 0.3, 0.046019, -0.721564, 0.690816, -0.0, 0.0, 0.0, 0.0, 1.0],
                [0.982061, -0.098383, -0.160876, -0.0, 0.184637, 0.675088, 0.714257, 0.3, 0.038334, -0.731145, 0.681143, 0.0, 0.0, 0.0, 0.0, 1.0],
                [0.982592, -0.098112, -0.157771, 0.0, 0.182707, 0.664331, 0.724763, 0.3, 0.033704, -0.740969, 0.670691, 0.0, 0.0, 0.0, 0.0, 1.0],
                [0.983188, -0.097676, -0.154285, 0.0, 0.180175, 0.656295, 0.732675, 0.3, 0.029691, -0.748153, 0.66286, -0.0, 0.0, 0.0, 0.0, 1.0],
                [0.983598, -0.095116, -0.15327, -0.0, 0.177842, 0.653523, 0.735717, 0.3, 0.030187, -0.750904, 0.659719, 0.0, 0.0, 0.0, 0.0, 1.0],
                [0.9838, -0.095624, -0.151651, -0.0, 0.176863, 0.656129, 0.73363, 0.3, 0.02935, -0.748564, 0.662412, 0.0, 0.0, 0.0, 0.0, 1.0],
                [0.983525, -0.092738, -0.155188, 0.0, 0.177164, 0.665399, 0.725159, 0.3, 0.036012, -0.740703, 0.670866, 0.0, 0.0, 0.0, 0.0, 1.0],
                [0.982492, -0.089958, -0.163161, -0.0, 0.179767, 0.687852, 0.703237, 0.3, 0.048969, -0.720252, 0.69198, 0.0, 0.0, 0.0, 0.0, 1.0],
                [0.978314, -0.085439, -0.188693, -0.0, 0.187011, 0.756017, 0.627267, 0.3, 0.089062, -0.648949, 0.7556, 0.0, 0.0, 0.0, 0.0, 1.0],
                [0.966751, -0.080483, -0.242731, 0.0, 0.18692, 0.870159, 0.455941, 0.3, 0.17452, -0.486152, 0.85627, 0.0, 0.0, 0.0, 0.0, 1.0],
                [0.952771, -0.084706, -0.291643, 0.0, 0.172266, 0.941613, 0.289288, 0.3, 0.250112, -0.325865, 0.911732, 0.0, 0.0, 0.0, 0.0, 1.0],
                [0.677956, 0.217751, -0.702112, -0.0, 0.351659, 0.742672, 0.569888, 0.3, 0.645537, -0.63326, 0.426924, -1e-06, 0.0, 0.0, 0.0, 1.0]
            ]
        },
        {
            "name": "Head",
            "time": [0.0, 0.0417, 0.0833, 0.125, 0.1667, 0.2083, 0.25, 0.2917, 0.3333, 0.375, 0.4167, 0.4583, 0.5, 0.5417, 0.5833, 0.625, 0.6667, 0.7083, 0.75, 0.7917, 0.8333, 0.9583],
            "transform": [
                [0.80547, 0.025664, 0.592081, 0.0, -0.022835, 0.999663, -0.012266, 0.4, -0.592196, -0.00364, 0.805787, -0.0, 0.0, 0.0, 0.0, 1.0],
                [0.854508, 0.519426, -0.003249, -0.0, -0.505984, 0.830943, -0.231322, 0.4, -0.117455, 0.199309, 0.972874, 0.0, 0.0, 0.0, 0.0, 1.0],
                [0.874965, 0.472826, -0.104256, 0.0, -0.481679, 0.871895, -0.088208, 0.4, 0.049193, 0.127396, 0.990634, -0.0, 0.0, 0.0, 0.0, 1.0],
                [0.98735, 0.117508, 0.106432, -0.0, -0.136014, 0.972743, 0.187803, 0.4, -0.081463, -0.199904, 0.976426, -0.0, 0.0, 0.0, 0.0, 1.0],
                [0.989669, 0.052264, 0.133491, 0.0, -0.084125, 0.965715, 0.245591, 0.4, -0.116079, -0.254284, 0.96014, 0.0, 0.0, 0.0, 0.0, 1.0],
                [0.988321, 0.044253, 0.145803, -0.0, -0.081658, 0.961708, 0.261624, 0.4, -0.128642, -0.270474, 0.954096, -0.0, 0.0, 0.0, 0.0, 1.0],
                [0.985861, 0.039975, 0.162718, -0.0, -0.084027, 0.958132, 0.273714, 0.4, -0.144963, -0.283516, 0.94795, 0.0, 0.0, 0.0, 0.0, 1.0],
                [0.98383, 0.040036, 0.174564, -0.0, -0.088632, 0.955807, 0.280312, 0.4, -0.155626, -0.291251, 0.943905, 0.0, 0.0, 0.0, 0.0, 1.0],
                [0.982339, 0.044561, 0.18172, 0.0, -0.09591, 0.953844, 0.28457, 0.4, -0.160651, -0.296972, 0.941277, -0.0, 0.0, 0.0, 0.0, 1.0],
                [0.98178, 0.05831, 0.180845, -0.0, -0.109343, 0.951747, 0.286738, 0.4, -0.155399, -0.301287, 0.940788, 0.0, 0.0, 0.0, 0.0, 1.0],
                [0.982001, 0.079544, 0.171297, -0.0, -0.125796, 0.951988, 0.279091, 0.4, -0.140872, -0.295615, 0.944866, 0.0, 0.0, 0.0, 0.0, 1.0],
                [0.981904, 0.104162, 0.15815, 0.0, -0.143457, 0.954304, 0.262149, 0.4, -0.123617, -0.280092, 0.951983, 0.0, 0.0, 0.0, 0.0, 1.0],
                [0.981174, 0.12847, 0.144183, -0.0, -0.160567, 0.957528, 0.239493, 0.4, -0.107291, -0.258135, 0.960135, 0.0, 0.0, 0.0, 0.0, 1.0],
                [0.979884, 0.149485, 0.132202, -0.0, -0.175475, 0.960926, 0.214073, 0.4, -0.095036, -0.232964, 0.967833, -0.0, 0.0, 0.0, 0.0, 1.0],
                [0.978526, 0.163733, 0.125197, -0.0, -0.185688, 0.963927, 0.19069, 0.4, -0.089458, -0.209842, 0.973637, -0.0, 0.0, 0.0, 0.0, 1.0],
                [0.977714, 0.168714, 0.124929, -0.0, -0.189243, 0.965918, 0.176597, 0.4, -0.090877, -0.196303, 0.976326, -0.0, 0.0, 0.0, 0.0, 1.0],
                [0.977247, 0.166496, 0.131394, -0.0, -0.187277, 0.968166, 0.166068, 0.4, -0.099561, -0.186896, 0.977325, 0.0, 0.0, 0.0, 0.0, 1.0],
                [0.976663, 0.152116, 0.151612, -0.0, -0.176395, 0.970857, 0.162229, 0.4, -0.122516, -0.185187, 0.975039, -0.0, 0.0, 0.0, 0.0, 1.0],
                [0.96715, 0.090517, 0.237539, -0.0, -0.128759, 0.980149, 0.150752, 0.4, -0.219177, -0.176385, 0.959612, 0.0, 0.0, 0.0, 0.0, 1.0],
                [0.900831, -0.008506, 0.434085, -0.0, -0.045918, 0.992333, 0.114736, 0.4, -0.431732, -0.12329, 0.893538, -0.0, 0.0, 0.0, 0.0, 1.0],
                [0.79096, -0.053568, 0.609518, 0.0, -0.000774, 0.996071, 0.088545, 0.4, -0.611867, -0.070507, 0.787813, 0.0, 0.0, 0.0, 0.0, 1.0],
                [0.702231, 0.311846, 0.64002, -0.0, 0.177167, 0.794142, -0.581333, 0.4, -0.689554, 0.521618, 0.502424, -0.0, 0.0, 0.0, 0.0, 1.0]
            ]
        },
        {
            "name": "Shoulder_R",
            "time": [0.0, 0.0417, 0.0833, 0.125, 0.1667, 0.2083, 0.25, 0.2917, 0.3333, 0.375, 0.4167, 0.4583, 0.5, 0.5417, 0.5833, 0.625, 0.6667, 0.7083, 0.75, 0.7917, 0.8333, 0.9583],
            "transform": [
                [-0.016857, 0.939413, -0.342405, 0.0, 0.666658, -0.244675, -0.704051, 0.4, -0.745184, -0.240143, -0.622113, -0.0, 0.0, 0.0, 0.0, 1.0],
                [0.101803, 0.88267, -0.458851, -0.0, 0.661099, -0.404706, -0.631786, 0.4, -0.743368, -0.239036, -0.624704, 0.0, 0.0, 0.0, 0.0, 1.0],
                [0.154185, 0.851999, -0.500338, 0.0, 0.645825, -0.470162, -0.601542, 0.4, -0.747763, -0.23039, -0.622705, -0.0, 0.0, 0.0, 0.0, 1.0],
                [0.138098, 0.862211, -0.487377, -0.0, 0.642598, -0.452473, -0.618328, 0.4, -0.753662, -0.227805, -0.616513, -0.0, 0.0, 0.0, 0.0, 1.0],
                [0.095706, 0.86888, -0.485699, 0.0, 0.634056, -0.429371, -0.643122, 0.4, -0.767347, -0.246418, -0.591987, 0.0, 0.0, 0.0, 0.0, 1.0],
                [0.0386, 0.873203, -0.485841, -0.0, 0.621262, -0.401797, -0.672742, 0.4, -0.782655, -0.275876, -0.557976, -0.0, 0.0, 0.0, 0.0, 1.0],
                [-0.023214, 0.875246, -0.483137, -0.0, 0.605625, -0.372203, -0.703328, 0.4, -0.795415, -0.308937, -0.52141, 0.0, 0.0, 0.0, 0.0, 1.0],
                [-0.066096, 0.875106, -0.479411, -0.0, 0.593456, -0.351784, -0.723908, 0.4, -0.802153, -0.332367, -0.496065, 0.0, 0.0, 0.0, 0.0, 1.0],
                [-0.099181, 0.874224, -0.4753, 0.0, 0.583228, -0.335951, -0.739572, 0.4, -0.806236, -0.350571, -0.476533, -0.0, 0.0, 0.0, 0.0, 1.0],
                [-0.123983, 0.873231, -0.471285, -0.0, 0.575129, -0.323813, -0.751236, 0.4, -0.808619, -0.364202, -0.462055, 0.0, 0.0, 0.0, 0.0, 1.0],
                [-0.13769, 0.87138, -0.470903, -0.0, 0.571812, -0.318283, -0.756117, 0.4, -0.808753, -0.373387, -0.454425, 0.0, 0.0, 0.0, 0.0, 1.0],
                [-0.14815, 0.868244, -0.473514, 0.0, 0.57052, -0.316074, -0.758017, 0.4, -0.807816, -0.382459, -0.448509, 0.0, 0.0, 0.0, 0.0, 1.0],
                [-0.154904, 0.864877, -0.477498, -0.0, 0.57085, -0.316131, -0.757744, 0.4, -0.806313, -0.389968, -0.444731, 0.0, 0.0, 0.0, 0.0, 1.0],
                [-0.156572, 0.862585, -0.481087, -0.0, 0.572634, -0.317601, -0.755782, 0.4, -0.804724, -0.393831, -0.444204, -0.0, 0.0, 0.0, 0.0, 1.0],
                [-0.150547, 0.862167, -0.483751, -0.0, 0.575581, -0.321412, -0.751923, 0.4, -0.803771, -0.391648, -0.447845, -0.0, 0.0, 0.0, 0.0, 1.0],
                [-0.141894, 0.863828, -0.483403, -0.0, 0.577568, -0.324367, -0.749124, 0.4, -0.803922, -0.385505, -0.452877, -0.0, 0.0, 0.0, 0.0, 1.0],
                [-0.136629, 0.865704, -0.48156, -0.0, 0.577831, -0.325221, -0.74855, 0.4, -0.804645, -0.380544, -0.45578, 0.0, 0.0, 0.0, 0.0, 1.0],
                [-0.141687, 0.867174, -0.477436, -0.0, 0.570549, -0.322611, -0.755235, 0.4, -0.808956, -0.379418, -0.449038, -0.0, 0.0, 0.0, 0.0, 1.0],
                [-0.154271, 0.873781, -0.461215, -0.0, 0.546355, -0.31351, -0.776653, 0.4, -0.823231, -0.371812, -0.429012, 0.0, 0.0, 0.0, 0.0, 1.0],
                [-0.1507, 0.891289, -0.427675, -0.0, 0.510048, -0.300503, -0.805934, 0.4, -0.84685, -0.339598, -0.409298, -0.0, 0.0, 0.0, 0.0, 1.0],
                [-0.138647, 0.906301, -0.399258, 0.0, 0.485263, -0.289278, -0.825117, 0.4, -0.863315, -0.308151, -0.399672, 0.0, 0.0, 0.0, 0.0, 1.0],
                [-0.038609, 0.857149, -0.513625, -0.0, 0.726388, -0.328915, -0.603466, 0.4, -0.686211, -0.396399, -0.6099, -0.0, 0.0, 0.0, 0.0, 1.0]
            ]
        },
        {
            "name": "Arm_R",
            "time": [0.0, 0.0417, 0.0833, 0.125, 0.1667, 0.2083, 0.25, 0.2917, 0.3333, 0.375, 0.4167, 0.4583, 0.5, 0.5417, 0.5833, 0.625, 0.6667, 0.7083, 0.75, 0.7917, 0.8333, 0.9583],
            "transform": [
                [0.464428, 0.023017, 0.881219, 0.0, -0.050962, 1.002018, 0.000753, 0.393861, -0.886212, -0.045559, 0.461768, -0.0, 0.0, 0.0, 0.0, 1.0],
                [0.533892, -0.229094, 0.810607, 0.0, 0.093401, 0.976117, 0.210583, 0.393861, -0.84253, -0.036961, 0.537008, 0.0, 0.0, 0.0, 0.0, 1.0],
                [0.419521, -0.400137, 0.811665, 0.0, 0.230608, 0.918715, 0.327782, 0.39386, -0.880031, 0.049995, 0.472823, 0.0, 0.0, 0.0, 0.0, 1.0],
                [0.2399, -0.43382, 0.864881, -0.0, 0.292427, 0.888938, 0.358442, 0.393861, -0.927648, 0.168033, 0.336661, -0.0, 0.0, 0.0, 0.0, 1.0],
                [0.125356, -0.387761, 0.909137, 0.0, 0.341268, 0.884671, 0.324635, 0.39386, -0.933479, 0.271353, 0.240769, 0.0, 0.0, 0.0, 0.0, 1.0],
                [0.028757, -0.305475, 0.947269, 0.0, 0.399005, 0.87999, 0.267114, 0.39386, -0.918435, 0.372739, 0.145704, 0.0, 0.0, 0.0, 0.0, 1.0],
                [-0.053238, -0.195375, 0.974449, 0.0, 0.457675, 0.870267, 0.196246, 0.39386, -0.889529, 0.459457, 0.042651, -0.0, 0.0, 0.0, 0.0, 1.0],
                [-0.101938, -0.100519, 0.984719, -0.0, 0.498878, 0.859, 0.13716, 0.393861, -0.86273, 0.508599, -0.037039, 0.0, 0.0, 0.0, 0.0, 1.0],
                [-0.136179, -0.001113, 0.985668, 0.0, 0.53431, 0.845437, 0.073746, 0.39386, -0.836403, 0.540262, -0.113372, -0.0, 0.0, 0.0, 0.0, 1.0],
                [-0.161925, 0.128005, 0.973573, 0.0, 0.571133, 0.824194, -0.012872, 0.393861, -0.806987, 0.557627, -0.204461, -0.0, 0.0, 0.0, 0.0, 1.0],
                [-0.180346, 0.24682, 0.947566, 0.0, 0.593207, 0.802886, -0.094293, 0.39386, -0.786874, 0.548709, -0.288261, -0.0, 0.0, 0.0, 0.0, 1.0],
                [-0.200884, 0.348377, 0.911425, 0.0, 0.600669, 0.785594, -0.164697, 0.39386, -0.77618, 0.51779, -0.363342, 0.0, 0.0, 0.0, 0.0, 1.0],
                [-0.225116, 0.425365, 0.87289, -0.0, 0.594241, 0.776415, -0.220898, 0.393861, -0.774488, 0.472082, -0.423206, 0.0, 0.0, 0.0, 0.0, 1.0],
                [-0.257912, 0.465831, 0.843125, 0.0, 0.569854, 0.784337, -0.254217, 0.39386, -0.782547, 0.417629, -0.462999, -0.0, 0.0, 0.0, 0.0, 1.0],
                [-0.324684, 0.41285, 0.847517, -0.0, 0.48803, 0.847249, -0.221467, 0.393861, -0.812422, 0.343955, -0.471747, 0.0, 0.0, 0.0, 0.0, 1.0],
                [-0.381854, 0.310997, 0.86658, 0.0, 0.385019, 0.912968, -0.154875, 0.393861, -0.84235, 0.276316, -0.463627, -0.0, 0.0, 0.0, 0.0, 1.0],
                [-0.42057, 0.174509, 0.88627, 0.0, 0.259503, 0.966785, -0.065735, 0.393861, -0.871412, 0.203682, -0.447317, 0.0, 0.0, 0.0, 0.0, 1.0],
                [-0.424955, -0.006734, 0.900953, 0.0, 0.100285, 0.996782, 0.053982, 0.39386, -0.901626, 0.114043, -0.418634, 0.0, 0.0, 0.0, 0.0, 1.0],
                [-0.317918, -0.150046, 0.931685, 0.0, 0.002606, 0.990613, 0.157757, 0.393861, -0.950005, 0.05293, -0.311355, 0.0, 0.0, 0.0, 0.0, 1.0],
                [-0.053757, -0.24578, 0.963117, -0.0, -0.028076, 0.972643, 0.242524, 0.393861, -0.99996, -0.014096, -0.058585, 0.0, 0.0, 0.0, 0.0, 1.0],
                [0.200866, -0.285711, 0.932622, 0.0, -0.031284, 0.957647, 0.295126, 0.39386, -0.980951, -0.089044, 0.181558, -0.0, 0.0, 0.0, 0.0, 1.0],
                [0.049245, -0.977025, 0.221116, -0.0, 0.438255, 0.221776, 0.86718, 0.393861, -0.899476, 0.054566, 0.434625, -0.0, 0.0, 0.0, 0.0, 1.0]
            ]
        },
        {
            "name": "Hand_R",
            "time": [0.0, 0.0417, 0.0833, 0.125, 0.1667, 0.2083, 0.25, 0.2917, 0.3333, 0.375, 0.4167, 0.4583, 0.5, 0.5417, 0.5833, 0.625, 0.6667, 0.7083, 0.75, 0.7917, 0.8333, 0.9583],
            "transform": [
                [0.997801, -0.0, -5e-06, 0.0, -5e-06, 0.009452, -0.996744, 0.3, 0.0, 1.005875, 0.009366, 0.0, 0.0, 0.0, 0.0, 1.0],
                [0.997811, 0.0, -5e-06, 0.0, -5e-06, 0.139475, -0.98421, 0.3, 0.0, 0.999313, 0.137367, -0.0, 0.0, 0.0, 0.0, 1.0],
                [0.997811, 2e-06, -4e-06, -0.0, -5e-06, 0.432364, -0.898041, 0.3, 0.0, 0.911418, 0.426018, -0.0, 0.0, 0.0, 0.0, 1.0],
                [0.9978, 3e-06, -4e-06, -0.0, -5e-06, 0.668684, -0.744668, 0.3, 0.0, 0.751905, 0.662248, 0.0, 0.0, 0.0, 0.0, 1.0],
                [0.997795, 3e-06, -4e-06, -0.0, -5e-06, 0.662583, -0.749985, 0.3, 0.0, 0.757257, 0.65622, -0.0, 0.0, 0.0, 0.0, 1.0],
                [0.997793, 3e-06, -4e-06, 0.0, -5e-06, 0.601967, -0.798261, 0.3, 0.0, 0.807156, 0.595333, 0.0, 0.0, 0.0, 0.0, 1.0],
                [0.997793, 2e-06, -4e-06, -0.0, -5e-06, 0.514508, -0.855548, 0.3, 0.0, 0.866476, 0.508019, 0.0, 0.0, 0.0, 0.0, 1.0],
                [0.997793, 2e-06, -4e-06, -0.0, -5e-06, 0.434287, -0.89748, 0.3, 0.0, 0.910042, 0.428292, -0.0, 0.0, 0.0, 0.0, 1.0],
                [0.997795, 1e-06, -5e-06, 0.0, -5e-06, 0.34364, -0.934813, 0.3, 0.0, 0.948086, 0.338829, 0.0, 0.0, 0.0, 0.0, 1.0],
                [0.997797, 1e-06, -5e-06, -0.0, -5e-06, 0.21551, -0.970245, 0.3, 0.0, 0.986362, 0.211989, 0.0, 0.0, 0.0, 0.0, 1.0],
                [0.99778, 0.0, -5e-06, 0.0, -5e-06, 0.088226, -0.987576, 0.3, 0.0, 1.007591, 0.086474, -0.0, 0.0, 0.0, 0.0, 1.0],
                [0.997777, -1e-06, -5e-06, -0.0, -5e-06, -0.026888, -0.992861, 0.3, 0.0, 1.009206, -0.026452, -0.0, 0.0, 0.0, 0.0, 1.0],
                [0.997778, -1e-06, -5e-06, 0.0, -5e-06, -0.118418, -0.986069, 0.3, 1e-06, 1.002904, -0.11643, 0.0, 0.0, 0.0, 0.0, 1.0],
                [0.997781, -1e-06, -5e-06, 0.0, -5e-06, -0.172708, -0.978432, 0.3, 1e-06, 0.994845, -0.169859, 0.0, 0.0, 0.0, 0.0, 1.0],
                [0.99778, -1e-06, -5e-06, 0.0, -5e-06, -0.148716, -0.982205, 0.3, 0.0, 0.998761, -0.146251, 0.0, 0.0, 0.0, 0.0, 1.0],
                [0.997782, -1e-06, -5e-06, -0.0, -5e-06, -0.087609, -0.989186, 0.3, 0.0, 1.006074, -0.086138, -0.0, 0.0, 0.0, 0.0, 1.0],
                [0.997784, -1e-06, -5e-06, 0.0, -5e-06, -0.008639, -0.992823, 0.3, 1e-06, 1.009898, -0.008493, 0.0, 0.0, 0.0, 0.0, 1.0],
                [0.997788, 0.0, -5e-06, -0.0, -5e-06, 0.085779, -0.989324, 0.3, 0.0, 1.006229, 0.084338, 0.0, 0.0, 0.0, 0.0, 1.0],
                [0.997789, 0.0, -5e-06, -0.0, -5e-06, 0.147936, -0.982304, 0.3, 0.0, 0.998865, 0.145484, 0.0, 0.0, 0.0, 0.0, 1.0],
                [0.997792, 1e-06, -5e-06, -0.0, -5e-06, 0.199868, -0.973587, 0.3, 0.0, 0.98952, 0.19665, -0.0, 0.0, 0.0, 0.0, 1.0],
                [0.997795, 1e-06, -5e-06, 0.0, -5e-06, 0.248337, -0.962792, 0.3, 0.0, 0.978397, 0.244376, -0.0, 0.0, 0.0, 0.0, 1.0],
                [0.997795, -2e-06, -4e-06, 0.0, -5e-06, -0.345731, -0.93364, 0.300001, 1e-06, 0.947916, -0.340525, 0.0, 0.0, 0.0, 0.0, 1.0]
            ]
        },
        {
            "name": "Tool_R",
            "time": [0.0, 0.0417, 0.0833, 0.125, 0.1667, 0.2083, 0.25, 0.2917, 0.3333, 0.375, 0.4167, 0.4583, 0.5, 0.5417, 0.5833, 0.625, 0.6667, 0.7083, 0.75, 0.7917, 0.8333, 0.9583],
            "transform": [
                [0.400044, -0.92253, -0.018865, 0.00332, -0.718138, -0.304467, -0.621964, 0.13861, 0.564816, 0.265965, -0.776514, -0.234621, 0.0, 0.0, 0.0, 1.0],
                [0.401011, -0.92196, -0.016231, 0.002002, -0.71871, -0.306029, -0.621203, 0.138801, 0.566505, 0.264057, -0.775691, -0.228963, 0.0, 0.0, 0.0, 1.0],
                [0.397711, -0.920226, -0.014924, 0.000684, -0.712598, -0.305649, -0.627961, 0.138992, 0.563685, 0.262558, -0.782394, -0.223305, 0.0, 0.0, 0.0, 1.0],
                [0.397949, -0.922431, -0.014427, -0.000634, -0.71452, -0.30601, -0.62506, 0.139182, 0.565226, 0.262285, -0.779074, -0.217646, 0.0, 0.0, 0.0, 1.0],
