{
    "animation": [
        {
            "name": "Root",
            "time": [0.0, 0.0417, 0.0833, 0.125, 0.1667, 0.2083, 0.25, 0.2917, 0.3333, 0.375, 0.4167, 0.4583, 0.5, 0.5417, 0.5833, 0.625, 0.6667, 0.7083, 0.75, 0.7917, 0.8333, 0.875, 0.9167, 0.9583, 1.0, 1.0417, 1.0833, 1.125, 1.1667, 1.2083, 1.25, 1.2917, 1.3333, 1.375, 1.4167, 1.4583, 1.5, 1.5417, 1.5833, 1.625, 1.6667, 1.7083, 1.75, 1.7917, 1.8333, 1.875, 1.9167, 1.9583, 2.0, 2.0417, 2.0833, 2.125, 2.1667, 2.2083, 2.25, 2.2917, 2.3333, 2.375, 2.4167, 2.4583, 2.5, 2.5417, 2.5833, 2.625, 2.6667, 2.7083, 2.75, 2.7917, 2.8333, 2.875, 2.9167, 2.9583, 3.0, 3.0417, 3.0833, 3.125, 3.9583],
            "transform": [
                [1.0, -0.0, -0.0, -0.499645, -0.0, -0.0, -1.0, 0.677969, 0.0, 1.0, -0.0, 0.660337, 0.0, 0.0, 0.0, 1.0],
                [1.0, -0.0, -0.0, -0.496134, -0.0, -0.0, -1.0, 1.167561, 0.0, 1.0, -0.0, 1.008157, 0.0, 0.0, 0.0, 1.0],
                [1.0, -0.0, -0.0, -0.492518, -0.0, -0.0, -1.0, 1.690402, 0.0, 1.0, -0.0, 1.576871, 0.0, 0.0, 0.0, 1.0],
                [1.0, -0.0, -0.0, -0.489516, -0.0, -0.0, -1.0, 2.14403, 0.0, 1.0, -0.0, 2.242695, 0.0, 0.0, 0.0, 1.0],
                [1.0, -0.0, -0.0, -0.487613, -0.0, -0.0, -1.0, 2.588529, 0.0, 1.0, -0.0, 2.770715, 0.0, 0.0, 0.0, 1.0],
                [1.0, -0.0, -0.0, -0.487257, -0.0, -0.0, -1.0, 3.034834, 0.0, 1.0, -0.0, 2.827619, 0.0, 0.0, 0.0, 1.0],
                [1.0, -0.0, -0.0, -0.487448, -0.0, -0.0, -1.0, 3.478184, 0.0, 1.0, -0.0, 2.780545, 0.0, 0.0, 0.0, 1.0],
                [1.0, -0.0, -0.0, -0.487939, -0.0, -0.0, -1.0, 3.920835, 0.0, 1.0, -0.0, 2.660862, 0.0, 0.0, 0.0, 1.0],
                [1.0, -0.0, -0.0, -0.488878, -0.0, -0.0, -1.0, 4.362562, 0.0, 1.0, -0.0, 2.531386, 0.0, 0.0, 0.0, 1.0],
                [1.0, -0.0, -0.0, -0.489469, -0.0, -0.0, -1.0, 4.694539, 0.0, 1.0, -0.0, 2.344191, 0.0, 0.0, 0.0, 1.0],
                [1.0, -0.0, -0.0, -0.48942, -0.0, -0.0, -1.0, 4.936752, 0.0, 1.0, -0.0, 2.130678, 0.0, 0.0, 0.0, 1.0],
                [1.0, -0.0, -0.0, -0.484016, -0.0, -0.0, -1.0, 5.165353, 0.0, 1.0, -0.0, 1.811086, 0.0, 0.0, 0.0, 1.0],
                [1.0, -0.0, -0.0, -0.474666, -0.0, -0.0, -1.0, 5.426824, 0.0, 1.0, -0.0, 1.214029, 0.0, 0.0, 0.0, 1.0],
                [1.0, -0.0, -0.0, -0.465732, -0.0, -0.0, -1.0, 5.719011, 0.0, 1.0, -0.0, 0.740068, 0.0, 0.0, 0.0, 1.0],
                [1.0, -0.0, -0.0, -0.49328, -0.0, -0.0, -1.0, 5.901946, 0.0, 1.0, -0.0, 0.539717, 0.0, 0.0, 0.0, 1.0],
                [1.0, -0.0, -0.0, -0.474154, -0.0, -0.0, -1.0, 6.386415, 0.0, 1.0, -0.0, 0.309443, 0.0, 0.0, 0.0, 1.0],
                [1.0, -0.0, -0.0, -0.461162, -0.0, -0.0, -1.0, 6.544198, 0.0, 1.0, -0.0, 0.309443, 0.0, 0.0, 0.0, 1.0],
                [1.0, -0.0, -0.0, -0.460677, -0.0, -0.0, -1.0, 6.616434, 0.0, 1.0, -0.0, 0.309443, 0.0, 0.0, 0.0, 1.0],
                [1.0, -0.0, -0.0, -0.46084, -0.0, -0.0, -1.0, 6.670863, 0.0, 1.0, -0.0, 0.309443, 0.0, 0.0, 0.0, 1.0],
                [1.0, -0.0, -0.0, -0.46235, -0.0, -0.0, -1.0, 6.671705, 0.0, 1.0, -0.0, 0.284042, 0.0, 0.0, 0.0, 1.0],
                [1.0, -0.0, -0.0, -0.46386, -0.0, -0.0, -1.0, 6.672546, 0.0, 1.0, -0.0, 0.258641, 0.0, 0.0, 0.0, 1.0],
                [1.0, -0.0, -0.0, -0.46537, -0.0, -0.0, -1.0, 6.675591, 0.0, 1.0, -0.0, 0.239429, 0.0, 0.0, 0.0, 1.0],
                [1.0, -0.0, -0.0, -0.46688, -0.0, -0.0, -1.0, 6.678636, 0.0, 1.0, -0.0, 0.220217, 0.0, 0.0, 0.0, 1.0],
                [1.0, -0.0, -0.0, -0.46839, -0.0, -0.0, -1.0, 6.681681, 0.0, 1.0, -0.0, 0.201005, 0.0, 0.0, 0.0, 1.0],
                [1.0, -0.0, -0.0, -0.4699, -0.0, -0.0, -1.0, 6.684726, 0.0, 1.0, -0.0, 0.189136, 0.0, 0.0, 0.0, 1.0],
                [1.0, -0.0, -0.0, -0.471409, -0.0, -0.0, -1.0, 6.687771, 0.0, 1.0, -0.0, 0.177267, 0.0, 0.0, 0.0, 1.0],
                [1.0, -0.0, -0.0, -0.472919, -0.0, -0.0, -1.0, 6.687208, 0.0, 1.0, -0.0, 0.190642, 0.0, 0.0, 0.0, 1.0],
                [1.0, -0.0, -0.0, -0.474429, -0.0, -0.0, -1.0, 6.686645, 0.0, 1.0, -0.0, 0.204017, 0.0, 0.0, 0.0, 1.0],
                [1.0, -0.0, -0.0, -0.475939, -0.0, -0.0, -1.0, 6.686081, 0.0, 1.0, -0.0, 0.217392, 0.0, 0.0, 0.0, 1.0],
                [1.0, -0.0, -0.0, -0.477449, -0.0, -0.0, -1.0, 6.685518, 0.0, 1.0, -0.0, 0.230767, 0.0, 0.0, 0.0, 1.0],
                [1.0, -0.0, -0.0, -0.478959, -0.0, -0.0, -1.0, 6.680235, 0.0, 1.0, -0.0, 0.253583, 0.0, 0.0, 0.0, 1.0],
                [1.0, -0.0, -0.0, -0.480469, -0.0, -0.0, -1.0, 6.674951, 0.0, 1.0, -0.0, 0.276399, 0.0, 0.0, 0.0, 1.0],
                [1.0, -0.0, -0.0, -0.481978, -0.0, -0.0, -1.0, 6.669668, 0.0, 1.0, -0.0, 0.299215, 0.0, 0.0, 0.0, 1.0],
                [1.0, -0.0, -0.0, -0.483488, -0.0, -0.0, -1.0, 6.664384, 0.0, 1.0, -0.0, 0.322031, 0.0, 0.0, 0.0, 1.0],
                [1.0, -0.0, -0.0, -0.496442, -0.0, -0.0, -1.0, 6.655475, 0.0, 1.0, -0.0, 0.350674, 0.0, 0.0, 0.0, 1.0],
                [1.0, -0.0, -0.0, -0.509396, -0.0, -0.0, -1.0, 6.646566, 0.0, 1.0, -0.0, 0.379317, 0.0, 0.0, 0.0, 1.0],
                [1.0, -0.0, -0.0, -0.52235, -0.0, -0.0, -1.0, 6.637657, 0.0, 1.0, -0.0, 0.407961, 0.0, 0.0, 0.0, 1.0],
                [1.0, -0.0, -0.0, -0.535304, -0.0, -0.0, -1.0, 6.638713, 0.0, 1.0, -0.0, 0.421917, 0.0, 0.0, 0.0, 1.0],
                [1.0, -0.0, -0.0, -0.548258, -0.0, -0.0, -1.0, 6.63977, 0.0, 1.0, -0.0, 0.435875, 0.0, 0.0, 0.0, 1.0],
                [1.0, -0.0, -0.0, -0.561212, -0.0, -0.0, -1.0, 6.595508, 0.0, 1.0, -0.0, 0.485183, 0.0, 0.0, 0.0, 1.0],
                [1.0, -0.0, -0.0, -0.574166, -0.0, -0.0, -1.0, 6.560688, 0.0, 1.0, -0.0, 0.528198, 0.0, 0.0, 0.0, 1.0],
                [1.0, -0.0, -0.0, -0.58712, -0.0, -0.0, -1.0, 6.505412, 0.0, 1.0, -0.0, 0.557051, 0.0, 0.0, 0.0, 1.0],
                [1.0, -0.0, -0.0, -0.600074, -0.0, -0.0, -1.0, 6.435975, 0.0, 1.0, -0.0, 0.578561, 0.0, 0.0, 0.0, 1.0],
                [1.0, -0.0, -0.0, -0.613028, -0.0, -0.0, -1.0, 6.366538, 0.0, 1.0, -0.0, 0.600071, 0.0, 0.0, 0.0, 1.0],
                [1.0, -0.0, -0.0, -0.619535, -0.0, -0.0, -1.0, 6.375442, 0.0, 1.0, -0.0, 0.596924, 0.0, 0.0, 0.0, 1.0],
                [1.0, -0.0, -0.0, -0.625055, -0.0, -0.0, -1.0, 6.367548, 0.0, 1.0, -0.0, 0.618953, 0.0, 0.0, 0.0, 1.0],
                [1.0, -0.0, -0.0, -0.627858, -0.0, -0.0, -1.0, 6.329995, 0.0, 1.0, -0.0, 0.618953, 0.0, 0.0, 0.0, 1.0],
                [1.0, -0.0, -0.0, -0.628373, -0.0, -0.0, -1.0, 6.286569, 0.0, 1.0, -0.0, 0.618953, 0.0, 0.0, 0.0, 1.0],
                [1.0, -0.0, -0.0, -0.627402, -0.0, -0.0, -1.0, 6.247894, 0.0, 1.0, -0.0, 0.618953, 0.0, 0.0, 0.0, 1.0],
                [1.0, -0.0, -0.0, -0.624943, -0.0, -0.0, -1.0, 6.212701, 0.0, 1.0, -0.0, 0.618953, 0.0, 0.0, 0.0, 1.0],
                [1.0, -0.0, -0.0, -0.621577, -0.0, -0.0, -1.0, 6.178336, 0.0, 1.0, -0.0, 0.618953, 0.0, 0.0, 0.0, 1.0],
                [1.0, -0.0, -0.0, -0.616461, -0.0, -0.0, -1.0, 6.143533, 0.0, 1.0, -0.0, 0.618953, 0.0, 0.0, 0.0, 1.0],
                [1.0, -0.0, -0.0, -0.604845, -0.0, -0.0, -1.0, 6.109933, 0.0, 1.0, -0.0, 0.618953, 0.0, 0.0, 0.0, 1.0],
                [1.0, -0.0, -0.0, -0.59109, -0.0, -0.0, -1.0, 6.078863, 0.0, 1.0, -0.0, 0.618953, 0.0, 0.0, 0.0, 1.0],
                [1.0, -0.0, -0.0, -0.572002, -0.0, -0.0, -1.0, 6.037447, 0.0, 1.0, -0.0, 0.618953, 0.0, 0.0, 0.0, 1.0],
                [1.0, -0.0, -0.0, -0.556358, -0.0, -0.0, -1.0, 6.001391, 0.0, 1.0, -0.0, 0.618953, 0.0, 0.0, 0.0, 1.0],
                [1.0, -0.0, -0.0, -0.547432, -0.0, -0.0, -1.0, 5.976656, 0.0, 1.0, -0.0, 0.618953, 0.0, 0.0, 0.0, 1.0],
                [1.0, -0.0, -0.0, -0.541913, -0.0, -0.0, -1.0, 5.958127, 0.0, 1.0, -0.0, 0.618953, 0.0, 0.0, 0.0, 1.0],
                [1.0, -0.0, -0.0, -0.538152, -0.0, -0.0, -1.0, 5.947792, 0.0, 1.0, -0.0, 0.618953, 0.0, 0.0, 0.0, 1.0],
                [1.0, -0.0, -0.0, -0.537425, -0.0, -0.0, -1.0, 5.94905, 0.0, 1.0, -0.0, 0.618953, 0.0, 0.0, 0.0, 1.0],
                [1.0, -0.0, -0.0, -0.539007, -0.0, -0.0, -1.0, 5.953911, 0.0, 1.0, -0.0, 0.618953, 0.0, 0.0, 0.0, 1.0],
                [1.0, -0.0, -0.0, -0.542112, -0.0, -0.0, -1.0, 5.960747, 0.0, 1.0, -0.0, 0.618953, 0.0, 0.0, 0.0, 1.0],
                [1.0, -0.0, -0.0, -0.548376, -0.0, -0.0, -1.0, 5.972267, 0.0, 1.0, -0.0, 0.618953, 0.0, 0.0, 0.0, 1.0],
                [1.0, -0.0, -0.0, -0.558791, -0.0, -0.0, -1.0, 5.987482, 0.0, 1.0, -0.0, 0.618953, 0.0, 0.0, 0.0, 1.0],
                [1.0, -0.0, -0.0, -0.572125, -0.0, -0.0, -1.0, 6.002734, 0.0, 1.0, -0.0, 0.618953, 0.0, 0.0, 0.0, 1.0],
                [1.0, -0.0, -0.0, -0.59549, -0.0, -0.0, -1.0, 6.023474, 0.0, 1.0, -0.0, 0.618953, 0.0, 0.0, 0.0, 1.0],
                [1.0, -0.0, -0.0, -0.614746, -0.0, -0.0, -1.0, 6.045592, 0.0, 1.0, -0.0, 0.618953, 0.0, 0.0, 0.0, 1.0],
                [1.0, -0.0, -0.0, -0.600792, -0.0, -0.0, -1.0, 6.056624, 0.0, 1.0, -0.0, 0.618953, 0.0, 0.0, 0.0, 1.0],
                [1.0, -0.0, -0.0, -0.57665, -0.0, -0.0, -1.0, 6.053629, 0.0, 1.0, -0.0, 0.618953, 0.0, 0.0, 0.0, 1.0],
                [1.0, -0.0, -0.0, -0.566933, -0.0, -0.0, -1.0, 6.044234, 0.0, 1.0, -0.0, 0.618953, 0.0, 0.0, 0.0, 1.0],
                [1.0, -0.0, -0.0, -0.569816, -0.0, -0.0, -1.0, 6.038397, 0.0, 1.0, -0.0, 0.618953, 0.0, 0.0, 0.0, 1.0],
                [1.0, -0.0, -0.0, -0.577593, -0.0, -0.0, -1.0, 6.039349, 0.0, 1.0, -0.0, 0.618953, 0.0, 0.0, 0.0, 1.0],
                [1.0, -0.0, -0.0, -0.581718, -0.0, -0.0, -1.0, 6.04052, 0.0, 1.0, -0.0, 0.618953, 0.0, 0.0, 0.0, 1.0],
                [1.0, -0.0, -0.0, -0.582832, -0.0, -0.0, -1.0, 6.040848, 0.0, 1.0, -0.0, 0.618953, 0.0, 0.0, 0.0, 1.0],
                [1.0, -0.0, -0.0, -0.583063, -0.0, -0.0, -1.0, 6.041135, 0.0, 1.0, -0.0, 0.618953, 0.0, 0.0, 0.0, 1.0],
                [1.0, -0.0, -0.0, -0.583063, -0.0, -0.0, -1.0, 6.041135, 0.0, 1.0, -0.0, 0.601542, 0.0, 0.0, 0.0, 1.0],
                [1.0, -0.0, -0.0, -0.583063, -0.0, -0.0, -1.0, 6.041135, 0.0, 1.0, -0.0, 0.601542, 0.0, 0.0, 0.0, 1.0]
            ]
        },
        {
            "name": "Thigh_R",
            "time": [0.0, 0.0417, 0.0833, 0.125, 0.1667, 0.2083, 0.25, 0.2917, 0.3333, 0.375, 0.4167, 0.4583, 0.5, 0.5417, 0.5833, 0.625, 0.6667, 0.7083, 0.75, 0.7917, 0.8333, 0.875, 0.9167, 0.9583, 1.0, 1.0417, 1.0833, 1.125, 1.1667, 1.2083, 1.25, 1.2917, 1.3333, 1.375, 1.4167, 1.4583, 1.5, 1.5417, 1.5833, 1.625, 1.6667, 1.7083, 1.75, 1.7917, 1.8333, 1.875, 1.9167, 1.9583, 2.0, 2.0417, 2.0833, 2.125, 2.1667, 2.2083, 2.25, 2.2917, 2.3333, 2.375, 2.4167, 2.4583, 2.5, 2.5417, 2.5833, 2.625, 2.6667, 2.7083, 2.75, 2.7917, 2.8333, 2.875, 2.9167, 2.9583, 3.0, 3.0417, 3.0833, 3.125, 3.9583],
            "transform": [
                [0.974645, 0.024971, -0.222368, 0.129681, 0.038351, -0.997691, 0.056057, 0.069804, -0.220455, -0.063163, -0.97335, -0.044864, 0.0, 0.0, 0.0, 1.0],
                [0.991748, -0.010011, 0.12782, 0.135012, 0.020515, -0.971712, -0.235277, 0.095008, 0.12656, 0.235958, -0.963486, -0.034088, 0.0, 0.0, 0.0, 1.0],
                [0.949219, 0.031119, 0.313078, 0.140343, 0.123033, -0.95257, -0.27834, 0.120213, 0.289567, 0.302725, -0.908024, -0.023311, 0.0, 0.0, 0.0, 1.0],
                [0.952214, 0.103013, 0.287539, 0.136013, 0.25534, -0.785076, -0.56432, 0.125091, 0.167608, 0.610774, -0.773862, -0.063758, 0.0, 0.0, 0.0, 1.0],
                [0.958164, 0.231734, 0.167998, 0.142476, 0.268609, -0.525279, -0.807423, 0.056039, -0.098862, 0.818769, -0.565548, -0.075058, 0.0, 0.0, 0.0, 1.0],
                [0.962943, 0.243221, 0.116565, 0.148939, 0.048769, 0.268044, -0.962171, -0.013012, -0.265265, 0.9322, 0.246249, -0.086357, 0.0, 0.0, 0.0, 1.0],
                [0.966006, 0.245707, 0.080396, 0.157254, -0.200806, 0.908992, -0.365256, -0.01455, -0.162825, 0.336695, 0.927429, -0.051289, 0.0, 0.0, 0.0, 1.0],
                [0.970433, 0.226923, 0.08227, 0.165568, -0.240862, 0.888147, 0.391385, -0.016088, 0.015746, -0.399629, 0.916541, -0.016221, 0.0, 0.0, 0.0, 1.0],
                [0.977567, 0.150904, 0.146947, 0.141519, -0.208916, 0.605832, 0.767673, 0.016862, 0.02682, -0.781152, 0.623765, 0.033368, 0.0, 0.0, 0.0, 1.0],
                [0.921242, 0.21949, 0.321153, 0.117469, -0.380873, 0.341157, 0.859388, 0.049812, 0.079064, -0.914023, 0.397885, 0.082957, 0.0, 0.0, 0.0, 1.0],
                [0.747159, 0.356798, 0.560759, 0.093419, -0.628479, 0.10474, 0.770742, 0.082761, 0.216265, -0.928292, 0.302496, 0.132545, 0.0, 0.0, 0.0, 1.0],
                [0.622574, 0.288065, 0.727614, 0.110115, -0.691273, -0.233373, 0.683871, 0.104696, 0.366805, -0.928739, 0.05384, 0.094702, 0.0, 0.0, 0.0, 1.0],
                [0.621588, 0.064565, 0.78068, 0.126812, -0.581631, -0.629533, 0.515165, 0.12663, 0.524726, -0.774287, -0.353757, 0.056858, 0.0, 0.0, 0.0, 1.0],
                [0.719935, -0.105628, 0.685958, 0.143508, -0.394505, -0.875438, 0.27924, 0.148564, 0.571018, -0.471647, -0.671929, 0.019014, 0.0, 0.0, 0.0, 1.0],
                [0.978541, -0.118324, -0.168707, 0.053342, 0.036752, -0.705372, 0.707884, 0.136874, -0.202761, -0.698892, -0.685885, -0.052768, 0.0, 0.0, 0.0, 1.0],
                [0.323207, -0.414297, -0.85082, 0.008259, 0.710319, -0.487858, 0.507389, 0.131029, -0.62529, -0.768345, 0.136604, -0.088658, 0.0, 0.0, 0.0, 1.0],
                [-0.078452, -0.223942, -0.97144, -0.036824, 0.796576, -0.599997, 0.073984, 0.125185, -0.599429, -0.768021, 0.225457, -0.124549, 0.0, 0.0, 0.0, 1.0],
                [-0.024041, -0.113422, -0.993256, -0.02971, 0.642104, -0.763266, 0.071617, 0.114603, -0.766242, -0.636052, 0.091178, -0.124008, 0.0, 0.0, 0.0, 1.0],
                [0.040168, -0.227787, -0.972882, -0.022596, 0.635083, -0.745874, 0.200857, 0.104021, -0.771401, -0.625928, 0.114703, -0.123466, 0.0, 0.0, 0.0, 1.0],
                [0.119108, -0.47698, -0.870807, -0.015483, 0.669393, -0.609174, 0.42523, 0.093439, -0.7333, -0.633559, 0.246729, -0.122925, 0.0, 0.0, 0.0, 1.0],
                [0.213424, -0.59997, -0.77103, -0.008369, 0.659233, -0.494013, 0.56689, 0.082857, -0.721016, -0.629275, 0.290085, -0.122384, 0.0, 0.0, 0.0, 1.0],
                [0.304162, -0.620139, -0.723128, 0.004013, 0.637624, -0.431446, 0.638194, 0.086367, -0.707761, -0.655196, 0.264185, -0.115255, 0.0, 0.0, 0.0, 1.0],
                [0.379762, -0.604595, -0.700176, 0.016394, 0.63908, -0.375772, 0.671099, 0.089877, -0.668851, -0.702325, 0.24368, -0.108126, 0.0, 0.0, 0.0, 1.0],
                [0.442845, -0.57009, -0.692016, 0.028776, 0.656268, -0.319787, 0.68341, 0.093387, -0.610904, -0.756792, 0.232515, -0.100997, 0.0, 0.0, 0.0, 1.0],
                [0.476997, -0.551331, -0.684476, 0.041157, 0.671876, -0.273338, 0.688382, 0.096897, -0.566621, -0.788239, 0.240044, -0.093869, 0.0, 0.0, 0.0, 1.0],
                [0.466923, -0.566486, -0.679027, 0.052472, 0.685564, -0.253126, 0.68259, 0.092697, -0.558558, -0.784233, 0.270171, -0.087552, 0.0, 0.0, 0.0, 1.0],
                [0.443961, -0.581279, -0.68192, 0.063787, 0.699996, -0.250104, 0.668921, 0.088497, -0.559382, -0.774314, 0.295856, -0.081234, 0.0, 0.0, 0.0, 1.0],
                [0.423078, -0.584664, -0.692224, 0.075102, 0.705122, -0.26734, 0.65676, 0.084297, -0.569045, -0.765961, 0.299153, -0.074917, 0.0, 0.0, 0.0, 1.0],
                [0.403778, -0.582587, -0.705377, 0.086417, 0.702154, -0.296917, 0.647164, 0.080097, -0.586469, -0.756593, 0.289176, -0.0686, 0.0, 0.0, 0.0, 1.0],
                [0.386207, -0.575845, -0.720588, 0.072767, 0.695353, -0.33154, 0.637626, 0.087491, -0.606079, -0.747317, 0.272372, -0.076877, 0.0, 0.0, 0.0, 1.0],
                [0.372036, -0.564535, -0.736811, 0.059117, 0.68895, -0.364015, 0.626772, 0.094885, -0.622046, -0.740806, 0.253508, -0.085153, 0.0, 0.0, 0.0, 1.0],
                [0.356584, -0.531408, -0.768411, 0.045467, 0.682769, -0.413183, 0.602584, 0.102279, -0.637713, -0.739517, 0.215494, -0.093429, 0.0, 0.0, 0.0, 1.0],
                [0.340848, -0.478276, -0.809368, 0.031818, 0.680373, -0.468634, 0.56345, 0.109673, -0.648783, -0.742721, 0.165673, -0.101705, 0.0, 0.0, 0.0, 1.0],
                [0.309378, -0.396722, -0.864232, 0.022676, 0.688262, -0.533707, 0.491379, 0.110869, -0.656189, -0.746839, 0.107932, -0.116345, 0.0, 0.0, 0.0, 1.0],
                [0.26648, -0.314783, -0.910989, 0.013534, 0.696422, -0.590529, 0.407766, 0.112065, -0.666325, -0.743093, 0.061857, -0.130984, 0.0, 0.0, 0.0, 1.0],
                [0.218517, -0.25036, -0.943171, 0.004391, 0.698801, -0.634483, 0.33032, 0.11326, -0.681125, -0.731267, 0.036306, -0.145624, 0.0, 0.0, 0.0, 1.0],
                [0.17315, -0.199971, -0.964381, -0.004751, 0.690282, -0.673795, 0.263652, 0.114456, -0.70252, -0.711345, 0.021368, -0.160263, 0.0, 0.0, 0.0, 1.0],
                [0.140898, -0.184495, -0.972682, 0.008053, 0.666138, -0.709155, 0.231002, 0.112635, -0.732402, -0.680486, 0.022981, -0.152302, 0.0, 0.0, 0.0, 1.0],
                [0.122753, -0.204855, -0.971064, 0.020857, 0.630708, -0.739361, 0.235702, 0.110815, -0.766253, -0.64139, 0.038445, -0.14434, 0.0, 0.0, 0.0, 1.0],
                [0.138688, -0.267482, -0.95353, 0.033661, 0.557248, -0.77487, 0.298415, 0.108995, -0.818684, -0.572738, 0.041589, -0.136379, 0.0, 0.0, 0.0, 1.0],
                [0.227566, -0.300134, -0.926355, 0.046465, 0.486856, -0.788809, 0.375169, 0.107174, -0.843321, -0.536376, -0.033385, -0.128417, 0.0, 0.0, 0.0, 1.0],
                [0.402049, -0.263002, -0.877033, 0.059269, 0.430696, -0.79095, 0.434626, 0.105354, -0.807999, -0.552474, -0.204727, -0.120456, 0.0, 0.0, 0.0, 1.0],
                [0.56457, -0.207986, -0.798751, 0.072074, 0.373604, -0.798524, 0.471995, 0.103534, -0.735992, -0.56489, -0.373117, -0.112494, 0.0, 0.0, 0.0, 1.0],
                [0.668128, -0.156437, -0.727416, 0.078499, 0.317474, -0.824247, 0.468858, 0.100803, -0.672919, -0.544192, -0.501036, -0.100707, 0.0, 0.0, 0.0, 1.0],
                [0.748812, -0.109312, -0.653707, 0.084925, 0.262152, -0.857027, 0.4436, 0.098072, -0.608737, -0.503543, -0.613095, -0.088918, 0.0, 0.0, 0.0, 1.0],
                [0.813231, -0.06262, -0.578565, 0.091351, 0.220424, -0.886972, 0.405825, 0.095341, -0.538585, -0.457557, -0.707508, -0.07713, 0.0, 0.0, 0.0, 1.0],
                [0.862988, -0.018776, -0.504878, 0.097777, 0.196766, -0.907917, 0.370094, 0.092611, -0.465337, -0.418729, -0.779825, -0.065342, 0.0, 0.0, 0.0, 1.0],
                [0.922552, 0.051217, -0.382465, 0.104203, 0.183447, -0.930199, 0.317927, 0.08988, -0.339486, -0.363465, -0.867549, -0.053554, 0.0, 0.0, 0.0, 1.0],
                [0.963311, 0.120505, -0.239821, 0.110628, 0.183115, -0.948361, 0.258999, 0.087149, -0.196227, -0.293411, -0.93563, -0.041766, 0.0, 0.0, 0.0, 1.0],
                [0.980215, 0.180207, -0.081899, 0.117054, 0.193145, -0.961302, 0.196454, 0.084419, -0.043327, -0.208385, -0.977086, -0.029978, 0.0, 0.0, 0.0, 1.0],
                [0.97239, 0.218541, 0.081859, 0.111952, 0.206535, -0.969204, 0.134118, 0.082166, 0.108648, -0.113508, -0.987578, -0.018895, 0.0, 0.0, 0.0, 1.0],
                [0.942419, 0.232083, 0.240806, 0.10685, 0.220248, -0.972531, 0.075341, 0.079914, 0.251677, -0.017966, -0.967644, -0.007812, 0.0, 0.0, 0.0, 1.0],
                [0.897189, 0.230892, 0.37649, 0.101748, 0.238386, -0.970788, 0.027282, 0.077662, 0.371792, 0.065274, -0.926018, 0.003271, 0.0, 0.0, 0.0, 1.0],
                [0.871127, 0.215126, 0.441431, 0.096646, 0.232918, -0.972393, 0.014241, 0.075409, 0.432308, 0.090412, -0.897182, 0.014354, 0.0, 0.0, 0.0, 1.0],
                [0.845737, 0.187953, 0.499405, 0.091544, 0.211685, -0.977294, 0.009323, 0.073157, 0.489819, 0.097832, -0.866318, 0.025437, 0.0, 0.0, 0.0, 1.0],
                [0.81974, 0.173808, 0.545729, 0.086443, 0.193435, -0.98087, 0.021838, 0.070905, 0.539086, 0.087662, -0.837677, 0.036521, 0.0, 0.0, 0.0, 1.0],
                [0.795331, 0.178646, 0.579256, 0.081341, 0.183501, -0.981706, 0.050814, 0.068653, 0.577737, 0.06588, -0.81356, 0.047603, 0.0, 0.0, 0.0, 1.0],
                [0.773152, 0.191716, 0.604552, 0.076239, 0.174994, -0.9807, 0.087203, 0.066401, 0.609604, 0.038372, -0.791777, 0.058686, 0.0, 0.0, 0.0, 1.0],
                [0.751846, 0.19566, 0.62964, 0.071137, 0.170988, -0.980144, 0.100404, 0.064148, 0.636784, 0.032173, -0.770371, 0.069769, 0.0, 0.0, 0.0, 1.0],
                [0.722433, 0.19141, 0.664421, 0.066035, 0.175889, -0.980183, 0.091132, 0.061896, 0.668699, 0.051027, -0.741781, 0.080852, 0.0, 0.0, 0.0, 1.0],
                [0.695099, 0.19231, 0.692717, 0.060933, 0.184255, -0.979029, 0.086907, 0.059644, 0.694904, 0.067228, -0.715954, 0.091935, 0.0, 0.0, 0.0, 1.0],
                [0.679381, 0.196843, 0.706892, 0.060933, 0.193495, -0.977309, 0.086181, 0.059644, 0.707817, 0.07823, -0.702051, 0.091935, 0.0, 0.0, 0.0, 1.0],
                [0.657598, 0.207448, 0.724246, 0.060933, 0.207968, -0.973973, 0.090149, 0.059644, 0.724098, 0.091339, -0.683624, 0.091935, 0.0, 0.0, 0.0, 1.0],
                [0.630984, 0.221236, 0.743583, 0.060933, 0.22732, -0.969132, 0.095447, 0.059644, 0.741747, 0.108806, -0.661796, 0.091935, 0.0, 0.0, 0.0, 1.0],
                [0.605222, 0.234912, 0.760607, 0.060933, 0.248002, -0.963558, 0.100256, 0.059644, 0.756442, 0.127955, -0.641424, 0.091936, 0.0, 0.0, 0.0, 1.0],
                [0.583446, 0.252202, 0.772001, 0.060933, 0.275149, -0.95573, 0.104279, 0.059644, 0.764126, 0.151574, -0.627008, 0.091936, 0.0, 0.0, 0.0, 1.0],
                [0.570239, 0.269772, 0.77592, 0.060933, 0.284412, -0.950958, 0.121611, 0.059644, 0.770676, 0.151334, -0.618999, 0.091936, 0.0, 0.0, 0.0, 1.0],
                [0.578301, 0.253138, 0.775558, 0.060933, 0.273087, -0.955867, 0.108361, 0.059644, 0.768762, 0.14913, -0.621906, 0.091936, 0.0, 0.0, 0.0, 1.0],
                [0.590352, 0.232079, 0.773062, 0.060933, 0.264145, -0.960582, 0.086659, 0.059644, 0.762703, 0.153041, -0.628382, 0.091936, 0.0, 0.0, 0.0, 1.0],
                [0.584397, 0.231825, 0.777649, 0.060933, 0.257258, -0.961819, 0.093401, 0.059644, 0.769612, 0.145474, -0.621721, 0.091936, 0.0, 0.0, 0.0, 1.0],
                [0.550212, 0.255867, 0.794858, 0.060933, 0.259075, -0.957231, 0.1288, 0.059644, 0.79382, 0.135061, -0.592968, 0.091936, 0.0, 0.0, 0.0, 1.0],
                [0.528497, 0.268768, 0.805268, 0.060933, 0.263533, -0.95364, 0.145333, 0.059644, 0.806998, 0.135407, -0.574823, 0.091936, 0.0, 0.0, 0.0, 1.0],
                [0.542785, 0.259292, 0.798845, 0.060933, 0.264276, -0.955565, 0.130596, 0.059644, 0.797212, 0.14023, -0.587189, 0.091936, 0.0, 0.0, 0.0, 1.0],
                [0.561559, 0.248504, 0.789239, 0.060933, 0.264621, -0.957679, 0.113258, 0.059644, 0.783984, 0.145248, -0.603551, 0.091936, 0.0, 0.0, 0.0, 1.0],
                [0.572889, 0.240436, 0.783575, 0.060933, 0.264256, -0.959139, 0.101104, 0.059644, 0.775868, 0.149143, -0.613015, 0.091936, 0.0, 0.0, 0.0, 1.0],
                [0.532535, 0.23888, 0.812, 0.056428, 0.270994, -0.956968, 0.103803, 0.058238, 0.801856, 0.164768, -0.574353, 0.092914, 0.0, 0.0, 0.0, 1.0],
                [0.532535, 0.23888, 0.812, 0.056428, 0.270994, -0.956968, 0.103803, 0.058238, 0.801856, 0.164768, -0.574353, 0.092914, 0.0, 0.0, 0.0, 1.0]
            ]
        },
        {
            "name": "Leg_R",
            "time": [0.0, 0.0417, 0.0833, 0.125, 0.1667, 0.2083, 0.25, 0.2917, 0.3333, 0.375, 0.4167, 0.4583, 0.5, 0.5417, 0.5833, 0.625, 0.6667, 0.7083, 0.75, 0.7917, 0.8333, 0.875, 0.9167, 0.9583, 1.0, 1.0417, 1.0833, 1.125, 1.1667, 1.2083, 1.25, 1.2917, 1.3333, 1.375, 1.4167, 1.4583, 1.5, 1.5417, 1.5833, 1.625, 1.6667, 1.7083, 1.75, 1.7917, 1.8333, 1.875, 1.9167, 1.9583, 2.0, 2.0417, 2.0833, 2.125, 2.1667, 2.2083, 2.25, 2.2917, 2.3333, 2.375, 2.4167, 2.4583, 2.5, 2.5417, 2.5833, 2.625, 2.6667, 2.7083, 2.75, 2.7917, 2.8333, 2.875, 2.9167, 2.9583, 3.0, 3.0417, 3.0833, 3.125, 3.9583],
            "transform": [
                [0.999999, -2e-06, -0.0, 0.0, 1e-06, 0.696095, 0.71795, 0.37472, -1e-06, -0.717951, 0.696094, 0.0, 0.0, 0.0, 0.0, 1.0],
                [0.999999, -2e-06, 1e-06, 0.0, 1e-06, 0.957476, 0.288515, 0.37472, -1e-06, -0.288516, 0.957475, -0.0, 0.0, 0.0, 0.0, 1.0],
                [1.0, -2e-06, 1e-06, -0.0, 1e-06, 0.917462, 0.397824, 0.37472, -1e-06, -0.397824, 0.917461, -0.0, 0.0, 0.0, 0.0, 1.0],
                [1.0, -2e-06, -0.0, 0.0, 1e-06, 0.654328, 0.756211, 0.37472, -1e-06, -0.756211, 0.654327, 0.0, 0.0, 0.0, 0.0, 1.0],
                [1.0, -0.0, -2e-06, -0.0, 1e-06, -0.361988, 0.932182, 0.37472, -1e-06, -0.932183, -0.361988, 0.0, 0.0, 0.0, 0.0, 1.0],
                [0.999999, 0.0, -2e-06, -0.0, 2e-06, -0.646823, 0.76264, 0.37472, -1e-06, -0.762641, -0.646822, -0.0, 0.0, 0.0, 0.0, 1.0],
                [0.999999, 1e-06, -2e-06, 0.0, 2e-06, -0.770059, 0.637974, 0.37472, -1e-06, -0.637974, -0.770058, -0.0, 0.0, 0.0, 0.0, 1.0],
                [1.0, 1e-06, -2e-06, 0.0, 2e-06, -0.755656, 0.654969, 0.37472, -1e-06, -0.65497, -0.755655, -0.0, 0.0, 0.0, 0.0, 1.0],
                [1.0, -0.0, -2e-06, -0.0, 2e-06, -0.471335, 0.881953, 0.37472, -1e-06, -0.881955, -0.471335, 0.0, 0.0, 0.0, 0.0, 1.0],
                [0.999999, -1e-06, -2e-06, -0.0, 1e-06, -0.076115, 0.997098, 0.37472, -1e-06, -0.9971, -0.076115, 0.0, 0.0, 0.0, 0.0, 1.0],
                [0.999999, -1e-06, -1e-06, -0.0, 1e-06, 0.271174, 0.96253, 0.374721, -1e-06, -0.962532, 0.271173, -0.0, 0.0, 0.0, 0.0, 1.0],
                [0.999999, -2e-06, -1e-06, -0.0, 1e-06, 0.518303, 0.855197, 0.37472, -1e-06, -0.855198, 0.518302, 0.0, 0.0, 0.0, 0.0, 1.0],
                [0.999999, -2e-06, -0.0, 0.0, 1e-06, 0.703825, 0.710374, 0.37472, -1e-06, -0.710375, 0.703824, -0.0, 0.0, 0.0, 0.0, 1.0],
                [0.999999, -2e-06, 0.0, 0.0, 1e-06, 0.812696, 0.582689, 0.37472, -1e-06, -0.58269, 0.812694, 0.0, 0.0, 0.0, 0.0, 1.0],
                [1.0, -0.0, -0.0, 0.0, 0.0, 0.403887, 0.914808, 0.37472, -0.0, -0.91481, 0.403886, 0.0, 0.0, 0.0, 0.0, 1.0],
                [1.0, 0.0, -0.0, -0.0, -0.0, 0.055357, 0.998465, 0.37472, -0.0, -0.998468, 0.055357, -0.0, 0.0, 0.0, 0.0, 1.0],
                [1.0, -0.0, 0.0, -0.0, 0.0, 0.204669, 0.97883, 0.37472, -0.0, -0.978833, 0.204668, -0.0, 0.0, 0.0, 0.0, 1.0],
                [1.0, -0.0, 0.0, 0.0, -0.0, 0.457013, 0.889459, 0.37472, -0.0, -0.889461, 0.457012, -0.0, 0.0, 0.0, 0.0, 1.0],
                [1.0, -0.0, 0.0, 0.0, -0.0, 0.43481, 0.900521, 0.37472, -0.0, -0.900524, 0.434809, -0.0, 0.0, 0.0, 0.0, 1.0],
                [0.999999, 0.0, -0.0, 0.0, 0.0, 0.309353, 0.950946, 0.37472, 0.0, -0.950949, 0.309353, 0.0, 0.0, 0.0, 0.0, 1.0],
                [0.999999, 0.0, -0.0, -0.0, 0.0, 0.303176, 0.952934, 0.37472, 0.0, -0.952936, 0.303175, 0.0, 0.0, 0.0, 0.0, 1.0],
                [1.0, -0.0, -0.0, -0.0, 0.0, 0.330315, 0.943869, 0.37472, -0.0, -0.943873, 0.330314, -0.0, 0.0, 0.0, 0.0, 1.0],
                [1.0, -0.0, -0.0, 0.0, 0.0, 0.310377, 0.950612, 0.37472, 0.0, -0.950615, 0.310376, -0.0, 0.0, 0.0, 0.0, 1.0],
                [1.0, -0.0, -0.0, 0.0, 0.0, 0.285719, 0.958312, 0.37472, -0.0, -0.958315, 0.285718, 0.0, 0.0, 0.0, 0.0, 1.0],
                [0.999999, -0.0, -0.0, 0.0, 0.0, 0.259428, 0.965762, 0.37472, -0.0, -0.965765, 0.259427, 0.0, 0.0, 0.0, 0.0, 1.0],
                [1.0, 0.0, -0.0, -0.0, 0.0, 0.229008, 0.973423, 0.374721, 0.0, -0.973426, 0.229007, -0.0, 0.0, 0.0, 0.0, 1.0],
                [0.999999, -0.0, -0.0, 0.0, 0.0, 0.213276, 0.976991, 0.37472, -0.0, -0.976994, 0.213275, 0.0, 0.0, 0.0, 0.0, 1.0],
                [0.999999, 0.0, -0.0, 0.0, 0.0, 0.227661, 0.97374, 0.37472, 0.0, -0.973742, 0.22766, -0.0, 0.0, 0.0, 0.0, 1.0],
                [0.999999, 0.0, -0.0, -0.0, 0.0, 0.258573, 0.965991, 0.37472, 0.0, -0.965993, 0.258572, 0.0, 0.0, 0.0, 0.0, 1.0],
                [1.0, 0.0, -0.0, 1e-06, 0.0, 0.298752, 0.95433, 0.374721, -0.0, -0.954332, 0.298751, -1e-06, 0.0, 0.0, 0.0, 1.0],
                [0.999999, 0.0, -0.0, 0.0, 0.0, 0.34143, 0.939906, 0.37472, 0.0, -0.939908, 0.341429, 0.0, 0.0, 0.0, 0.0, 1.0],
                [1.0, -0.0, 0.0, 0.0, 0.0, 0.419189, 0.907898, 0.37472, -0.0, -0.9079, 0.419188, 0.0, 0.0, 0.0, 0.0, 1.0],
                [0.999999, -0.0, -0.0, -0.0, 0.0, 0.51934, 0.854568, 0.37472, -0.0, -0.854569, 0.519339, -0.0, 0.0, 0.0, 0.0, 1.0],
                [1.0, -0.0, -0.0, -0.0, 0.0, 0.648336, 0.761354, 0.37472, -0.0, -0.761355, 0.648335, 0.0, 0.0, 0.0, 0.0, 1.0],
                [1.0, -0.0, 0.0, 0.0, 0.0, 0.745972, 0.665977, 0.374721, -0.0, -0.665978, 0.745971, 0.0, 0.0, 0.0, 0.0, 1.0],
                [1.0, -0.0, 0.0, 0.0, 0.0, 0.796976, 0.604011, 0.374719, -0.0, -0.604012, 0.796975, -0.0, 0.0, 0.0, 0.0, 1.0],
                [1.0, -0.0, 0.0, -0.0, 0.0, 0.835683, 0.549213, 0.37472, -0.0, -0.549213, 0.835682, 0.0, 0.0, 0.0, 0.0, 1.0],
                [1.0, -0.0, 0.0, -0.0, 0.0, 0.850071, 0.526669, 0.37472, -0.0, -0.52667, 0.850069, 0.0, 0.0, 0.0, 0.0, 1.0],
                [1.0, -0.0, 0.0, -0.0, 0.0, 0.840186, 0.542299, 0.37472, -0.0, -0.5423, 0.840184, -0.0, 0.0, 0.0, 0.0, 1.0],
                [1.0, -0.0, 0.0, -1e-06, 0.0, 0.826514, 0.562915, 0.37472, -0.0, -0.562916, 0.826513, -0.0, 0.0, 0.0, 0.0, 1.0],
                [1.0, -0.0, 0.0, -0.0, 0.0, 0.833981, 0.551792, 0.37472, -0.0, -0.551793, 0.83398, -0.0, 0.0, 0.0, 0.0, 1.0],
                [1.0, -0.0, 0.0, -0.0, 0.0, 0.871535, 0.490332, 0.37472, -0.0, -0.490333, 0.871534, 0.0, 0.0, 0.0, 0.0, 1.0],
                [1.0, -0.0, 0.0, -0.0, 0.0, 0.8931, 0.449859, 0.374721, -0.0, -0.449859, 0.893098, 0.0, 0.0, 0.0, 0.0, 1.0],
                [1.0, -0.0, -0.0, -1e-06, 0.0, 0.871774, 0.489908, 0.37472, -0.0, -0.489909, 0.871773, -0.0, 0.0, 0.0, 0.0, 1.0],
                [1.0, -0.0, 0.0, 0.0, 0.0, 0.82566, 0.564168, 0.37472, -0.0, -0.564169, 0.825658, -1e-06, 0.0, 0.0, 0.0, 1.0],
                [1.0, -0.0, 0.0, 0.0, 0.0, 0.775016, 0.631941, 0.37472, -0.0, -0.631942, 0.775015, -0.0, 0.0, 0.0, 0.0, 1.0],
                [1.0, -0.0, 0.0, 0.0, 0.0, 0.743498, 0.668738, 0.37472, -0.0, -0.668739, 0.743496, 0.0, 0.0, 0.0, 0.0, 1.0],
                [1.0, -0.0, -0.0, 0.0, 0.0, 0.728117, 0.685453, 0.37472, -0.0, -0.685454, 0.728115, 0.0, 0.0, 0.0, 0.0, 1.0],
                [1.0, -0.0, -0.0, 0.0, 0.0, 0.724913, 0.68884, 0.37472, -0.0, -0.688841, 0.724912, 1e-06, 0.0, 0.0, 0.0, 1.0],
                [1.0, -0.0, -0.0, -0.0, 0.0, 0.731917, 0.681393, 0.37472, -0.0, -0.681395, 0.731916, -0.0, 0.0, 0.0, 0.0, 1.0],
                [1.0, -0.0, -0.0, 0.0, 0.0, 0.745006, 0.667057, 0.37472, -0.0, -0.667058, 0.745004, -0.0, 0.0, 0.0, 0.0, 1.0],
                [1.0, -0.0, -0.0, -0.0, 0.0, 0.770307, 0.637673, 0.37472, -0.0, -0.637674, 0.770305, 0.0, 0.0, 0.0, 0.0, 1.0],
                [1.0, -0.0, 0.0, 0.0, 0.0, 0.828782, 0.559572, 0.37472, -0.0, -0.559573, 0.82878, 1e-06, 0.0, 0.0, 0.0, 1.0],
                [1.0, -0.0, 0.0, -0.0, 0.0, 0.860159, 0.510026, 0.37472, -0.0, -0.510027, 0.860157, -0.0, 0.0, 0.0, 0.0, 1.0],
                [1.0, -0.0, 0.0, -0.0, 0.0, 0.889124, 0.457666, 0.37472, -0.0, -0.457667, 0.889123, -0.0, 0.0, 0.0, 0.0, 1.0],
                [1.0, -0.0, 0.0, -0.0, 0.0, 0.902742, 0.430182, 0.37472, -0.0, -0.430182, 0.902741, 0.0, 0.0, 0.0, 0.0, 1.0],
                [1.0, -0.0, 0.0, 0.0, 0.0, 0.899533, 0.436853, 0.37472, -0.0, -0.436853, 0.899532, -1e-06, 0.0, 0.0, 0.0, 1.0],
                [1.0, -0.0, 0.0, -0.0, 0.0, 0.888044, 0.459758, 0.37472, -0.0, -0.459759, 0.888042, 1e-06, 0.0, 0.0, 0.0, 1.0],
                [1.0, -0.0, 0.0, -0.0, 0.0, 0.892406, 0.451234, 0.37472, -0.0, -0.451235, 0.892404, -1e-06, 0.0, 0.0, 0.0, 1.0],
                [1.0, -0.0, 0.0, 0.0, 0.0, 0.910989, 0.412431, 0.37472, -0.0, -0.412432, 0.910987, -0.0, 0.0, 0.0, 0.0, 1.0],
                [1.0, -0.0, 0.0, 1e-06, 0.0, 0.922035, 0.387106, 0.37472, -0.0, -0.387106, 0.922034, -0.0, 0.0, 0.0, 0.0, 1.0],
                [1.0, -0.0, 0.0, -1e-06, 0.0, 0.925991, 0.377546, 0.37472, -0.0, -0.377547, 0.92599, -0.0, 0.0, 0.0, 0.0, 1.0],
                [1.0, -0.0, 0.0, 0.0, 0.0, 0.927137, 0.374722, 0.37472, -0.0, -0.374723, 0.927136, 0.0, 0.0, 0.0, 0.0, 1.0],
                [1.0, -0.0, 0.0, -0.0, 0.0, 0.928315, 0.371795, 0.37472, -0.0, -0.371796, 0.928313, 0.0, 0.0, 0.0, 0.0, 1.0],
                [1.0, -0.0, 0.0, 0.0, 0.0, 0.93038, 0.366597, 0.37472, -0.0, -0.366598, 0.930378, -1e-06, 0.0, 0.0, 0.0, 1.0],
                [1.0, -0.0, 0.0, -0.0, 0.0, 0.932829, 0.36032, 0.37472, 0.0, -0.36032, 0.932828, -0.0, 0.0, 0.0, 0.0, 1.0],
                [1.0, -0.0, 0.0, 0.0, 0.0, 0.925822, 0.377961, 0.37472, -0.0, -0.377962, 0.92582, 0.0, 0.0, 0.0, 0.0, 1.0],
                [1.0, -0.0, 0.0, 0.0, 0.0, 0.926562, 0.376142, 0.37472, -0.0, -0.376142, 0.926561, 0.0, 0.0, 0.0, 0.0, 1.0],
                [1.0, -0.0, 0.0, -0.0, 0.0, 0.931838, 0.362874, 0.37472, 0.0, -0.362874, 0.931837, -1e-06, 0.0, 0.0, 0.0, 1.0],
                [1.0, -0.0, 0.0, 0.0, 0.0, 0.92926, 0.369425, 0.37472, -0.0, -0.369426, 0.929259, 0.0, 0.0, 0.0, 0.0, 1.0],
                [1.0, -0.0, 0.0, -0.0, 0.0, 0.916915, 0.399083, 0.37472, -0.0, -0.399084, 0.916914, -1e-06, 0.0, 0.0, 0.0, 1.0],
                [1.0, -0.0, -0.0, -0.0, 0.0, 0.912951, 0.40807, 0.37472, -0.0, -0.408071, 0.912949, 0.0, 0.0, 0.0, 0.0, 1.0],
                [1.0, -0.0, 0.0, -0.0, 0.0, 0.919183, 0.39383, 0.37472, -0.0, -0.393831, 0.919182, 0.0, 0.0, 0.0, 0.0, 1.0],
                [1.0, -0.0, 0.0, -0.0, 0.0, 0.925304, 0.379226, 0.37472, -0.0, -0.379226, 0.925303, -0.0, 0.0, 0.0, 0.0, 1.0],
                [1.0, -0.0, 0.0, -0.0, 0.0, 0.929108, 0.369809, 0.37472, -0.0, -0.369809, 0.929107, -0.0, 0.0, 0.0, 0.0, 1.0],
                [1.0, -0.0, 0.0, -1e-06, 0.0, 0.932201, 0.361941, 0.37472, -0.0, -0.361941, 0.932201, -0.0, 0.0, 0.0, 0.0, 1.0],
                [1.0, -0.0, 0.0, -1e-06, 0.0, 0.932201, 0.361941, 0.37472, -0.0, -0.361941, 0.932201, -0.0, 0.0, 0.0, 0.0, 1.0]
            ]
        },
        {
            "name": "Knee_R",
            "time": [3.125, 0.0, 3.9583],
            "transform": [
                [1.0, 0.0, -0.0, 0.0, -0.0, 1e-06, -1.0, 0.37472, -0.0, 1.0, 1e-06, 0.0, 0.0, 0.0, 0.0, 1.0],
                [1.0, 0.0, -0.0, -1e-06, -0.0, 1e-06, -1.0, 0.37472, -0.0, 1.0, 1e-06, -0.0, 0.0, 0.0, 0.0, 1.0],
                [1.0, 0.0, -0.0, -1e-06, -0.0, 1e-06, -1.0, 0.37472, -0.0, 1.0, 1e-06, -0.0, 0.0, 0.0, 0.0, 1.0]
            ]
        },
        {
            "name": "Thigh_L",
            "time": [0.0, 0.0417, 0.0833, 0.125, 0.1667, 0.2083, 0.25, 0.2917, 0.3333, 0.375, 0.4167, 0.4583, 0.5, 0.5417, 0.5833, 0.625, 0.6667, 0.7083, 0.75, 0.7917, 0.8333, 0.875, 0.9167, 0.9583, 1.0, 1.0417, 1.0833, 1.125, 1.1667, 1.2083, 1.25, 1.2917, 1.3333, 1.375, 1.4167, 1.4583, 1.5, 1.5417, 1.5833, 1.625, 1.6667, 1.7083, 1.75, 1.7917, 1.8333, 1.875, 1.9167, 1.9583, 2.0, 2.0417, 2.0833, 2.125, 2.1667, 2.2083, 2.25, 2.2917, 2.3333, 2.375, 2.4167, 2.4583, 2.5, 2.5417, 2.5833, 2.625, 2.6667, 2.7083, 2.75, 2.7917, 2.8333, 2.875, 2.9167, 2.9583, 3.0, 3.0417, 3.0833, 3.125, 3.9583],
            "transform": [
                [0.807279, -0.391902, -0.441262, -0.122201, -0.009497, -0.756221, 0.654249, 0.134433, -0.590091, -0.523972, -0.614202, 0.09526, 0.0, 0.0, 0.0, 1.0],
                [0.958509, -0.11791, -0.259527, -0.121793, -0.06998, -0.979916, 0.186742, 0.122782, -0.276333, -0.160832, -0.947508, 0.051613, 0.0, 0.0, 0.0, 1.0],
                [0.998369, -0.04258, -0.037978, -0.121386, -0.051296, -0.961289, -0.27073, 0.111132, -0.02498, 0.272239, -0.961905, 0.007967, 0.0, 0.0, 0.0, 1.0],
                [0.997049, -0.071273, -0.028436, -0.120978, -0.071881, -0.737787, -0.671197, 0.099481, 0.026858, 0.671265, -0.740732, -0.03568, 0.0, 0.0, 0.0, 1.0],
                [0.994206, -0.098234, -0.043594, -0.125083, -0.065075, -0.227429, -0.971617, 0.075295, 0.085531, 0.968829, -0.232504, -0.05995, 0.0, 0.0, 0.0, 1.0],
                [0.99398, -0.106004, -0.027608, -0.129187, 0.031561, 0.518492, -0.8545, 0.051109, 0.104894, 0.848489, 0.518717, -0.08422, 0.0, 0.0, 0.0, 1.0],
                [0.993583, -0.110018, -0.026182, -0.145631, 0.104493, 0.981651, -0.159523, 0.067053, 0.043252, 0.155764, 0.986846, -0.039671, 0.0, 0.0, 0.0, 1.0],
                [0.988124, -0.126868, -0.08667, -0.162076, 0.150311, 0.681307, 0.7164, 0.082996, -0.031839, -0.720923, 0.692284, 0.004877, 0.0, 0.0, 0.0, 1.0],
                [0.950126, -0.120432, -0.287668, -0.17852, 0.218918, -0.399389, 0.890259, 0.09894, -0.222106, -0.908839, -0.353105, 0.049426, 0.0, 0.0, 0.0, 1.0],
                [0.959452, -2e-06, -0.281866, -0.159135, 0.115866, -0.911605, 0.394405, 0.091811, -0.256951, -0.411073, -0.87464, 0.012488, 0.0, 0.0, 0.0, 1.0],
                [0.998443, 0.036948, -0.041744, -0.139751, 0.039744, -0.996876, 0.068279, 0.084682, -0.039091, -0.069831, -0.996792, -0.024449, 0.0, 0.0, 0.0, 1.0],
                [0.999385, -0.011237, 0.033164, -0.120366, -0.005984, -0.987992, -0.154398, 0.077553, 0.034501, 0.154106, -0.987451, -0.061386, 0.0, 0.0, 0.0, 1.0],
                [0.999078, -0.032459, -0.028021, -0.11362, -0.04006, -0.939605, -0.339912, 0.077966, -0.015295, 0.340724, -0.940038, -0.030438, 0.0, 0.0, 0.0, 1.0],
                [0.992813, -0.021295, -0.117752, -0.106874, -0.073362, -0.885731, -0.458369, 0.078379, -0.094535, 0.463716, -0.880926, 0.00051, 0.0, 0.0, 0.0, 1.0],
                [0.839825, -0.242648, -0.485607, -0.093381, -0.350484, -0.925481, -0.143699, 0.079205, -0.41455, 0.290882, -0.862284, 0.062406, 0.0, 0.0, 0.0, 1.0],
                [0.178258, -0.847437, -0.500077, -0.029125, -0.705618, -0.464302, 0.535281, 0.093078, -0.685801, 0.257446, -0.680732, 0.081576, 0.0, 0.0, 0.0, 1.0],
                [-0.361244, -0.835732, -0.413589, 0.035132, -0.682717, -0.065062, 0.727778, 0.106951, -0.635135, 0.545272, -0.547065, 0.100745, 0.0, 0.0, 0.0, 1.0],
                [-0.317269, -0.725242, -0.611037, 0.099388, -0.619999, -0.328927, 0.712325, 0.120825, -0.717592, 0.604844, -0.345291, 0.119915, 0.0, 0.0, 0.0, 1.0],
                [-0.340845, -0.71553, -0.609789, 0.089336, -0.564811, -0.362664, 0.741256, 0.118414, -0.751537, 0.597071, -0.280528, 0.131872, 0.0, 0.0, 0.0, 1.0],
                [-0.393809, -0.754871, -0.524486, 0.079284, -0.511524, -0.294105, 0.807368, 0.116003, -0.76371, 0.586239, -0.270314, 0.143829, 0.0, 0.0, 0.0, 1.0],
                [-0.434872, -0.78185, -0.446764, 0.069232, -0.460689, -0.233123, 0.856398, 0.113592, -0.773723, 0.578246, -0.258811, 0.155786, 0.0, 0.0, 0.0, 1.0],
                [-0.446968, -0.796511, -0.407174, 0.05916, -0.441471, -0.199472, 0.874821, 0.111926, -0.778022, 0.570776, -0.262479, 0.167727, 0.0, 0.0, 0.0, 1.0],
                [-0.428429, -0.815833, -0.388416, 0.049087, -0.46423, -0.170054, 0.869236, 0.11026, -0.7752, 0.552722, -0.305878, 0.179668, 0.0, 0.0, 0.0, 1.0],
                [-0.40131, -0.833056, -0.380749, 0.039015, -0.507654, -0.143707, 0.84949, 0.108594, -0.762387, 0.5342, -0.365233, 0.191608, 0.0, 0.0, 0.0, 1.0],
                [-0.379025, -0.850393, -0.364928, 0.038709, -0.543904, -0.114323, 0.831323, 0.106206, -0.748668, 0.51358, -0.419201, 0.186514, 0.0, 0.0, 0.0, 1.0],
                [-0.383893, -0.858237, -0.340671, 0.038404, -0.551715, -0.082649, 0.829926, 0.103819, -0.740427, 0.506559, -0.441775, 0.181421, 0.0, 0.0, 0.0, 1.0],
                [-0.39974, -0.860897, -0.314748, 0.038098, -0.544455, -0.053241, 0.837097, 0.101431, -0.73741, 0.50599, -0.447437, 0.176328, 0.0, 0.0, 0.0, 1.0],
                [-0.411102, -0.858409, -0.306807, 0.037793, -0.528146, -0.050036, 0.847677, 0.099043, -0.743002, 0.510523, -0.432796, 0.171235, 0.0, 0.0, 0.0, 1.0],
                [-0.410435, -0.854785, -0.317629, 0.037487, -0.514678, -0.07039, 0.854488, 0.096656, -0.752758, 0.514191, -0.411048, 0.166141, 0.0, 0.0, 0.0, 1.0],
                [-0.396299, -0.852131, -0.341791, 0.035335, -0.507528, -0.106897, 0.854977, 0.094268, -0.765086, 0.512298, -0.390118, 0.160828, 0.0, 0.0, 0.0, 1.0],
                [-0.378115, -0.850348, -0.365978, 0.033183, -0.501887, -0.143899, 0.852877, 0.091881, -0.777903, 0.506168, -0.372369, 0.155514, 0.0, 0.0, 0.0, 1.0],
