{
    "animation": [
        {
            "name": "Root",
            "time": [0.0, 0.0417, 0.0833, 0.125, 0.1667, 0.2083, 0.25, 0.2917, 0.3333, 0.375, 0.4167, 0.4583, 0.5, 0.5417, 0.5833, 0.625, 0.6667, 0.7083, 0.75, 0.7917, 0.8333, 0.875, 0.9167, 0.9583, 1.0, 1.0417, 1.0833, 1.125, 1.1667, 1.2083, 1.25, 1.2917, 1.3333, 1.375, 1.4167, 1.4583, 1.5, 1.5417, 1.5833, 1.625, 1.6667, 1.7083, 1.75, 1.7917, 1.8333, 1.875, 1.9167, 1.9583, 2.0, 2.0417, 2.0833, 2.125, 2.1667, 2.2083, 2.25, 2.2917, 2.3333, 2.375, 2.4167, 2.4583, 2.5, 2.5417, 2.5833, 2.625, 2.6667, 2.7083, 2.75, 2.7917, 2.8333, 2.875, 2.9167, 2.9583, 3.0, 3.0417, 3.0833, 3.125, 3.1667, 3.2083, 3.25, 3.2917, 3.3333, 3.375, 3.4167, 3.4583, 3.5, 3.5417, 3.5833, 3.625, 3.6667, 3.7083, 3.75, 3.7917, 3.8333, 3.875, 3.9167, 3.9583],
            "transform": [
                [1.0, -0.0, -0.0, -0.499645, -0.0, -0.0, -1.0, 0.677969, 0.0, 1.0, -0.0, 0.660337, 0.0, 0.0, 0.0, 1.0],
                [1.0, -0.0, -0.0, -0.496134, -0.0, -0.0, -1.0, 1.167561, 0.0, 1.0, -0.0, 1.008157, 0.0, 0.0, 0.0, 1.0],
                [1.0, -0.0, -0.0, -0.492518, -0.0, -0.0, -1.0, 1.690402, 0.0, 1.0, -0.0, 1.576871, 0.0, 0.0, 0.0, 1.0],
                [1.0, -0.0, -0.0, -0.489516, -0.0, -0.0, -1.0, 2.14403, 0.0, 1.0, -0.0, 2.242695, 0.0, 0.0, 0.0, 1.0],
                [1.0, -0.0, -0.0, -0.487613, -0.0, -0.0, -1.0, 2.588529, 0.0, 1.0, -0.0, 2.770715, 0.0, 0.0, 0.0, 1.0],
                [1.0, -0.0, -0.0, -0.487257, -0.0, -0.0, -1.0, 3.034834, 0.0, 1.0, -0.0, 2.827619, 0.0, 0.0, 0.0, 1.0],
                [1.0, -0.0, -0.0, -0.487448, -0.0, -0.0, -1.0, 3.478184, 0.0, 1.0, -0.0, 2.780545, 0.0, 0.0, 0.0, 1.0],
                [1.0, -0.0, -0.0, -0.487939, -0.0, -0.0, -1.0, 3.920835, 0.0, 1.0, -0.0, 2.660862, 0.0, 0.0, 0.0, 1.0],
                [1.0, -0.0, -0.0, -0.488878, -0.0, -0.0, -1.0, 4.362562, 0.0, 1.0, -0.0, 2.531386, 0.0, 0.0, 0.0, 1.0],
                [1.0, -0.0, -0.0, -0.489469, -0.0, -0.0, -1.0, 4.694539, 0.0, 1.0, -0.0, 2.344191, 0.0, 0.0, 0.0, 1.0],
                [1.0, -0.0, -0.0, -0.48942, -0.0, -0.0, -1.0, 4.936752, 0.0, 1.0, -0.0, 2.130678, 0.0, 0.0, 0.0, 1.0],
                [1.0, -0.0, -0.0, -0.484016, -0.0, -0.0, -1.0, 5.165353, 0.0, 1.0, -0.0, 1.811086, 0.0, 0.0, 0.0, 1.0],
                [1.0, -0.0, -0.0, -0.474666, -0.0, -0.0, -1.0, 5.426824, 0.0, 1.0, -0.0, 1.214029, 0.0, 0.0, 0.0, 1.0],
                [1.0, -0.0, -0.0, -0.465732, -0.0, -0.0, -1.0, 5.719011, 0.0, 1.0, -0.0, 0.740068, 0.0, 0.0, 0.0, 1.0],
                [1.0, -0.0, -0.0, -0.49328, -0.0, -0.0, -1.0, 5.901946, 0.0, 1.0, -0.0, 0.539717, 0.0, 0.0, 0.0, 1.0],
                [1.0, -0.0, -0.0, -0.474154, -0.0, -0.0, -1.0, 6.386415, 0.0, 1.0, -0.0, 0.309443, 0.0, 0.0, 0.0, 1.0],
                [1.0, -0.0, -0.0, -0.461162, -0.0, -0.0, -1.0, 6.544198, 0.0, 1.0, -0.0, 0.309443, 0.0, 0.0, 0.0, 1.0],
                [1.0, -0.0, -0.0, -0.460677, -0.0, -0.0, -1.0, 6.616434, 0.0, 1.0, -0.0, 0.309443, 0.0, 0.0, 0.0, 1.0],
                [1.0, -0.0, -0.0, -0.46084, -0.0, -0.0, -1.0, 6.670863, 0.0, 1.0, -0.0, 0.309443, 0.0, 0.0, 0.0, 1.0],
                [1.0, -0.0, -0.0, -0.46235, -0.0, -0.0, -1.0, 6.671705, 0.0, 1.0, -0.0, 0.284042, 0.0, 0.0, 0.0, 1.0],
                [1.0, -0.0, -0.0, -0.46386, -0.0, -0.0, -1.0, 6.672546, 0.0, 1.0, -0.0, 0.258641, 0.0, 0.0, 0.0, 1.0],
                [1.0, -0.0, -0.0, -0.46537, -0.0, -0.0, -1.0, 6.675591, 0.0, 1.0, -0.0, 0.239429, 0.0, 0.0, 0.0, 1.0],
                [1.0, -0.0, -0.0, -0.46688, -0.0, -0.0, -1.0, 6.678636, 0.0, 1.0, -0.0, 0.220217, 0.0, 0.0, 0.0, 1.0],
                [1.0, -0.0, -0.0, -0.46839, -0.0, -0.0, -1.0, 6.681681, 0.0, 1.0, -0.0, 0.201005, 0.0, 0.0, 0.0, 1.0],
                [1.0, -0.0, -0.0, -0.4699, -0.0, -0.0, -1.0, 6.684726, 0.0, 1.0, -0.0, 0.189136, 0.0, 0.0, 0.0, 1.0],
                [1.0, -0.0, -0.0, -0.471409, -0.0, -0.0, -1.0, 6.687771, 0.0, 1.0, -0.0, 0.177267, 0.0, 0.0, 0.0, 1.0],
                [1.0, -0.0, -0.0, -0.472919, -0.0, -0.0, -1.0, 6.687208, 0.0, 1.0, -0.0, 0.190642, 0.0, 0.0, 0.0, 1.0],
                [1.0, -0.0, -0.0, -0.474429, -0.0, -0.0, -1.0, 6.686645, 0.0, 1.0, -0.0, 0.204017, 0.0, 0.0, 0.0, 1.0],
                [1.0, -0.0, -0.0, -0.475939, -0.0, -0.0, -1.0, 6.686081, 0.0, 1.0, -0.0, 0.217392, 0.0, 0.0, 0.0, 1.0],
                [1.0, -0.0, -0.0, -0.477449, -0.0, -0.0, -1.0, 6.685518, 0.0, 1.0, -0.0, 0.230767, 0.0, 0.0, 0.0, 1.0],
                [1.0, -0.0, -0.0, -0.478959, -0.0, -0.0, -1.0, 6.680235, 0.0, 1.0, -0.0, 0.253583, 0.0, 0.0, 0.0, 1.0],
                [1.0, -0.0, -0.0, -0.480469, -0.0, -0.0, -1.0, 6.674951, 0.0, 1.0, -0.0, 0.276399, 0.0, 0.0, 0.0, 1.0],
                [1.0, -0.0, -0.0, -0.481978, -0.0, -0.0, -1.0, 6.669668, 0.0, 1.0, -0.0, 0.299215, 0.0, 0.0, 0.0, 1.0],
                [1.0, -0.0, -0.0, -0.483488, -0.0, -0.0, -1.0, 6.664384, 0.0, 1.0, -0.0, 0.322031, 0.0, 0.0, 0.0, 1.0],
                [1.0, -0.0, -0.0, -0.496442, -0.0, -0.0, -1.0, 6.655475, 0.0, 1.0, -0.0, 0.350674, 0.0, 0.0, 0.0, 1.0],
                [1.0, -0.0, -0.0, -0.509396, -0.0, -0.0, -1.0, 6.646566, 0.0, 1.0, -0.0, 0.379317, 0.0, 0.0, 0.0, 1.0],
                [1.0, -0.0, -0.0, -0.52235, -0.0, -0.0, -1.0, 6.637657, 0.0, 1.0, -0.0, 0.407961, 0.0, 0.0, 0.0, 1.0],
                [1.0, -0.0, -0.0, -0.535304, -0.0, -0.0, -1.0, 6.638713, 0.0, 1.0, -0.0, 0.421917, 0.0, 0.0, 0.0, 1.0],
                [1.0, -0.0, -0.0, -0.548258, -0.0, -0.0, -1.0, 6.63977, 0.0, 1.0, -0.0, 0.435875, 0.0, 0.0, 0.0, 1.0],
                [1.0, -0.0, -0.0, -0.561212, -0.0, -0.0, -1.0, 6.595508, 0.0, 1.0, -0.0, 0.485183, 0.0, 0.0, 0.0, 1.0],
                [1.0, -0.0, -0.0, -0.574166, -0.0, -0.0, -1.0, 6.560688, 0.0, 1.0, -0.0, 0.528198, 0.0, 0.0, 0.0, 1.0],
                [1.0, -0.0, -0.0, -0.58712, -0.0, -0.0, -1.0, 6.505412, 0.0, 1.0, -0.0, 0.557051, 0.0, 0.0, 0.0, 1.0],
                [1.0, -0.0, -0.0, -0.600074, -0.0, -0.0, -1.0, 6.435975, 0.0, 1.0, -0.0, 0.578561, 0.0, 0.0, 0.0, 1.0],
                [1.0, -0.0, -0.0, -0.613028, -0.0, -0.0, -1.0, 6.366538, 0.0, 1.0, -0.0, 0.600071, 0.0, 0.0, 0.0, 1.0],
                [1.0, -0.0, -0.0, -0.619535, -0.0, -0.0, -1.0, 6.375442, 0.0, 1.0, -0.0, 0.596924, 0.0, 0.0, 0.0, 1.0],
                [1.0, -0.0, -0.0, -0.625055, -0.0, -0.0, -1.0, 6.367548, 0.0, 1.0, -0.0, 0.618953, 0.0, 0.0, 0.0, 1.0],
                [1.0, -0.0, -0.0, -0.627858, -0.0, -0.0, -1.0, 6.329995, 0.0, 1.0, -0.0, 0.618953, 0.0, 0.0, 0.0, 1.0],
                [1.0, -0.0, -0.0, -0.628373, -0.0, -0.0, -1.0, 6.286569, 0.0, 1.0, -0.0, 0.618953, 0.0, 0.0, 0.0, 1.0],
                [1.0, -0.0, -0.0, -0.627402, -0.0, -0.0, -1.0, 6.247894, 0.0, 1.0, -0.0, 0.618953, 0.0, 0.0, 0.0, 1.0],
                [1.0, -0.0, -0.0, -0.624943, -0.0, -0.0, -1.0, 6.212701, 0.0, 1.0, -0.0, 0.618953, 0.0, 0.0, 0.0, 1.0],
                [1.0, -0.0, -0.0, -0.621577, -0.0, -0.0, -1.0, 6.178336, 0.0, 1.0, -0.0, 0.618953, 0.0, 0.0, 0.0, 1.0],
                [1.0, -0.0, -0.0, -0.616461, -0.0, -0.0, -1.0, 6.143533, 0.0, 1.0, -0.0, 0.618953, 0.0, 0.0, 0.0, 1.0],
                [1.0, -0.0, -0.0, -0.604845, -0.0, -0.0, -1.0, 6.109933, 0.0, 1.0, -0.0, 0.618953, 0.0, 0.0, 0.0, 1.0],
                [1.0, -0.0, -0.0, -0.59109, -0.0, -0.0, -1.0, 6.078863, 0.0, 1.0, -0.0, 0.618953, 0.0, 0.0, 0.0, 1.0],
                [1.0, -0.0, -0.0, -0.572002, -0.0, -0.0, -1.0, 6.037447, 0.0, 1.0, -0.0, 0.618953, 0.0, 0.0, 0.0, 1.0],
                [1.0, -0.0, -0.0, -0.556358, -0.0, -0.0, -1.0, 6.001391, 0.0, 1.0, -0.0, 0.618953, 0.0, 0.0, 0.0, 1.0],
                [1.0, -0.0, -0.0, -0.547432, -0.0, -0.0, -1.0, 5.976656, 0.0, 1.0, -0.0, 0.618953, 0.0, 0.0, 0.0, 1.0],
                [1.0, -0.0, -0.0, -0.541913, -0.0, -0.0, -1.0, 5.958127, 0.0, 1.0, -0.0, 0.618953, 0.0, 0.0, 0.0, 1.0],
                [1.0, -0.0, -0.0, -0.538152, -0.0, -0.0, -1.0, 5.947792, 0.0, 1.0, -0.0, 0.618953, 0.0, 0.0, 0.0, 1.0],
                [1.0, -0.0, -0.0, -0.537425, -0.0, -0.0, -1.0, 5.94905, 0.0, 1.0, -0.0, 0.618953, 0.0, 0.0, 0.0, 1.0],
                [1.0, -0.0, -0.0, -0.539007, -0.0, -0.0, -1.0, 5.953911, 0.0, 1.0, -0.0, 0.618953, 0.0, 0.0, 0.0, 1.0],
                [1.0, -0.0, -0.0, -0.542112, -0.0, -0.0, -1.0, 5.960747, 0.0, 1.0, -0.0, 0.618953, 0.0, 0.0, 0.0, 1.0],
                [1.0, -0.0, -0.0, -0.548376, -0.0, -0.0, -1.0, 5.972267, 0.0, 1.0, -0.0, 0.618953, 0.0, 0.0, 0.0, 1.0],
                [1.0, -0.0, -0.0, -0.558791, -0.0, -0.0, -1.0, 5.987482, 0.0, 1.0, -0.0, 0.618953, 0.0, 0.0, 0.0, 1.0],
                [1.0, -0.0, -0.0, -0.572125, -0.0, -0.0, -1.0, 6.002734, 0.0, 1.0, -0.0, 0.618953, 0.0, 0.0, 0.0, 1.0],
                [1.0, -0.0, -0.0, -0.588074, -0.0, -0.0, -1.0, 6.016973, 0.0, 1.0, -0.0, 0.618953, 0.0, 0.0, 0.0, 1.0],
                [1.0, -0.0, -0.0, -0.602906, -0.0, -0.0, -1.0, 6.029975, 0.0, 1.0, -0.0, 0.618953, 0.0, 0.0, 0.0, 1.0],
                [1.0, -0.0, -0.0, -0.612663, -0.0, -0.0, -1.0, 6.039531, 0.0, 1.0, -0.0, 0.618953, 0.0, 0.0, 0.0, 1.0],
                [1.0, -0.0, -0.0, -0.616668, -0.0, -0.0, -1.0, 6.046554, 0.0, 1.0, -0.0, 0.618953, 0.0, 0.0, 0.0, 1.0],
                [1.0, -0.0, -0.0, -0.614906, -0.0, -0.0, -1.0, 6.050692, 0.0, 1.0, -0.0, 0.618953, 0.0, 0.0, 0.0, 1.0],
                [1.0, -0.0, -0.0, -0.609887, -0.0, -0.0, -1.0, 6.05481, 0.0, 1.0, -0.0, 0.618953, 0.0, 0.0, 0.0, 1.0],
                [1.0, -0.0, -0.0, -0.601259, -0.0, -0.0, -1.0, 6.057496, 0.0, 1.0, -0.0, 0.618953, 0.0, 0.0, 0.0, 1.0],
                [1.0, -0.0, -0.0, -0.591231, -0.0, -0.0, -1.0, 6.057566, 0.0, 1.0, -0.0, 0.618953, 0.0, 0.0, 0.0, 1.0],
                [1.0, -0.0, -0.0, -0.581157, -0.0, -0.0, -1.0, 6.055545, 0.0, 1.0, -0.0, 0.618953, 0.0, 0.0, 0.0, 1.0],
                [1.0, -0.0, -0.0, -0.572143, -0.0, -0.0, -1.0, 6.051714, 0.0, 1.0, -0.0, 0.618953, 0.0, 0.0, 0.0, 1.0],
                [1.0, -0.0, -0.0, -0.568137, -0.0, -0.0, -1.0, 6.047444, 0.0, 1.0, -0.0, 0.618953, 0.0, 0.0, 0.0, 1.0],
                [1.0, -0.0, -0.0, -0.566405, -0.0, -0.0, -1.0, 6.044035, 0.0, 1.0, -0.0, 0.618953, 0.0, 0.0, 0.0, 1.0],
                [1.0, -0.0, -0.0, -0.566257, -0.0, -0.0, -1.0, 6.041223, 0.0, 1.0, -0.0, 0.618953, 0.0, 0.0, 0.0, 1.0],
                [1.0, -0.0, -0.0, -0.56725, -0.0, -0.0, -1.0, 6.038732, 0.0, 1.0, -0.0, 0.618953, 0.0, 0.0, 0.0, 1.0],
                [1.0, -0.0, -0.0, -0.569672, -0.0, -0.0, -1.0, 6.038056, 0.0, 1.0, -0.0, 0.618953, 0.0, 0.0, 0.0, 1.0],
                [1.0, -0.0, -0.0, -0.572527, -0.0, -0.0, -1.0, 6.038401, 0.0, 1.0, -0.0, 0.618953, 0.0, 0.0, 0.0, 1.0],
                [1.0, -0.0, -0.0, -0.575151, -0.0, -0.0, -1.0, 6.038746, 0.0, 1.0, -0.0, 0.618953, 0.0, 0.0, 0.0, 1.0],
                [1.0, -0.0, -0.0, -0.577733, -0.0, -0.0, -1.0, 6.03933, 0.0, 1.0, -0.0, 0.618953, 0.0, 0.0, 0.0, 1.0],
                [1.0, -0.0, -0.0, -0.579893, -0.0, -0.0, -1.0, 6.03997, 0.0, 1.0, -0.0, 0.618953, 0.0, 0.0, 0.0, 1.0],
                [1.0, -0.0, -0.0, -0.581186, -0.0, -0.0, -1.0, 6.040352, 0.0, 1.0, -0.0, 0.618953, 0.0, 0.0, 0.0, 1.0],
                [1.0, -0.0, -0.0, -0.581789, -0.0, -0.0, -1.0, 6.040554, 0.0, 1.0, -0.0, 0.618953, 0.0, 0.0, 0.0, 1.0],
                [1.0, -0.0, -0.0, -0.582178, -0.0, -0.0, -1.0, 6.040652, 0.0, 1.0, -0.0, 0.618953, 0.0, 0.0, 0.0, 1.0],
                [1.0, -0.0, -0.0, -0.582485, -0.0, -0.0, -1.0, 6.04075, 0.0, 1.0, -0.0, 0.618953, 0.0, 0.0, 0.0, 1.0],
                [1.0, -0.0, -0.0, -0.582881, -0.0, -0.0, -1.0, 6.040847, 0.0, 1.0, -0.0, 0.618953, 0.0, 0.0, 0.0, 1.0],
                [1.0, -0.0, -0.0, -0.583129, -0.0, -0.0, -1.0, 6.040945, 0.0, 1.0, -0.0, 0.618953, 0.0, 0.0, 0.0, 1.0],
                [1.0, -0.0, -0.0, -0.58311, -0.0, -0.0, -1.0, 6.041043, 0.0, 1.0, -0.0, 0.618953, 0.0, 0.0, 0.0, 1.0],
                [1.0, -0.0, -0.0, -0.58306, -0.0, -0.0, -1.0, 6.041141, 0.0, 1.0, -0.0, 0.618953, 0.0, 0.0, 0.0, 1.0],
                [1.0, -0.0, -0.0, -0.583019, -0.0, -0.0, -1.0, 6.041222, 0.0, 1.0, -0.0, 0.618953, 0.0, 0.0, 0.0, 1.0],
                [1.0, -0.0, -0.0, -0.582977, -0.0, -0.0, -1.0, 6.041605, 0.0, 1.0, -0.0, 0.618953, 0.0, 0.0, 0.0, 1.0],
                [1.0, -0.0, -0.0, -0.582863, -0.0, -0.0, -1.0, 6.042191, 0.0, 1.0, -0.0, 0.618953, 0.0, 0.0, 0.0, 1.0],
                [1.0, -0.0, -0.0, -0.582863, -0.0, -0.0, -1.0, 6.042191, 0.0, 1.0, -0.0, 0.618953, 0.0, 0.0, 0.0, 1.0]
            ]
        },
        {
            "name": "Thigh_R",
            "time": [0.0, 0.0417, 0.0833, 0.125, 0.1667, 0.2083, 0.25, 0.2917, 0.3333, 0.375, 0.4167, 0.4583, 0.5, 0.5417, 0.5833, 0.625, 0.6667, 0.7083, 0.75, 0.7917, 0.8333, 0.875, 0.9167, 0.9583, 1.0, 1.0417, 1.0833, 1.125, 1.1667, 1.2083, 1.25, 1.2917, 1.3333, 1.375, 1.4167, 1.4583, 1.5, 1.5417, 1.5833, 1.625, 1.6667, 1.7083, 1.75, 1.7917, 1.8333, 1.875, 1.9167, 1.9583, 2.0, 2.0417, 2.0833, 2.125, 2.1667, 2.2083, 2.25, 2.2917, 2.3333, 2.375, 2.4167, 2.4583, 2.5, 2.5417, 2.5833, 2.625, 2.6667, 2.7083, 2.75, 2.7917, 2.8333, 2.875, 2.9167, 2.9583, 3.0, 3.0417, 3.0833, 3.125, 3.1667, 3.2083, 3.25, 3.2917, 3.3333, 3.375, 3.4167, 3.4583, 3.5, 3.5417, 3.5833, 3.625, 3.6667, 3.7083, 3.75, 3.7917, 3.8333, 3.875, 3.9167, 3.9583],
            "transform": [
                [0.974645, 0.024971, -0.222368, 0.129681, 0.038351, -0.997691, 0.056057, 0.069804, -0.220455, -0.063163, -0.97335, -0.044864, 0.0, 0.0, 0.0, 1.0],
                [0.991748, -0.010011, 0.12782, 0.135012, 0.020515, -0.971712, -0.235277, 0.095008, 0.12656, 0.235958, -0.963486, -0.034088, 0.0, 0.0, 0.0, 1.0],
                [0.949219, 0.031119, 0.313078, 0.140343, 0.123033, -0.95257, -0.27834, 0.120213, 0.289567, 0.302725, -0.908024, -0.023311, 0.0, 0.0, 0.0, 1.0],
                [0.952214, 0.103013, 0.287539, 0.136013, 0.25534, -0.785076, -0.56432, 0.125091, 0.167608, 0.610774, -0.773862, -0.063758, 0.0, 0.0, 0.0, 1.0],
                [0.958164, 0.231734, 0.167998, 0.142476, 0.268609, -0.525279, -0.807423, 0.056039, -0.098862, 0.818769, -0.565548, -0.075058, 0.0, 0.0, 0.0, 1.0],
                [0.962943, 0.243221, 0.116565, 0.148939, 0.048769, 0.268044, -0.962171, -0.013012, -0.265265, 0.9322, 0.246249, -0.086357, 0.0, 0.0, 0.0, 1.0],
                [0.966006, 0.245707, 0.080396, 0.157254, -0.200806, 0.908992, -0.365256, -0.01455, -0.162825, 0.336695, 0.927429, -0.051289, 0.0, 0.0, 0.0, 1.0],
                [0.970433, 0.226923, 0.08227, 0.165568, -0.240862, 0.888147, 0.391385, -0.016088, 0.015746, -0.399629, 0.916541, -0.016221, 0.0, 0.0, 0.0, 1.0],
                [0.977567, 0.150904, 0.146947, 0.141519, -0.208916, 0.605832, 0.767673, 0.016862, 0.02682, -0.781152, 0.623765, 0.033368, 0.0, 0.0, 0.0, 1.0],
                [0.921242, 0.21949, 0.321153, 0.117469, -0.380873, 0.341157, 0.859388, 0.049812, 0.079064, -0.914023, 0.397885, 0.082957, 0.0, 0.0, 0.0, 1.0],
                [0.747159, 0.356798, 0.560759, 0.093419, -0.628479, 0.10474, 0.770742, 0.082761, 0.216265, -0.928292, 0.302496, 0.132545, 0.0, 0.0, 0.0, 1.0],
                [0.622574, 0.288065, 0.727614, 0.110115, -0.691273, -0.233373, 0.683871, 0.104696, 0.366805, -0.928739, 0.05384, 0.094702, 0.0, 0.0, 0.0, 1.0],
                [0.621588, 0.064565, 0.78068, 0.126812, -0.581631, -0.629533, 0.515165, 0.12663, 0.524726, -0.774287, -0.353757, 0.056858, 0.0, 0.0, 0.0, 1.0],
                [0.719935, -0.105628, 0.685958, 0.143508, -0.394505, -0.875438, 0.27924, 0.148564, 0.571018, -0.471647, -0.671929, 0.019014, 0.0, 0.0, 0.0, 1.0],
                [0.978541, -0.118324, -0.168707, 0.053342, 0.036752, -0.705372, 0.707884, 0.136874, -0.202761, -0.698892, -0.685885, -0.052768, 0.0, 0.0, 0.0, 1.0],
                [0.323207, -0.414297, -0.85082, 0.008259, 0.710319, -0.487858, 0.507389, 0.131029, -0.62529, -0.768345, 0.136604, -0.088658, 0.0, 0.0, 0.0, 1.0],
                [-0.078452, -0.223942, -0.97144, -0.036824, 0.796576, -0.599997, 0.073984, 0.125185, -0.599429, -0.768021, 0.225457, -0.124549, 0.0, 0.0, 0.0, 1.0],
                [-0.024041, -0.113422, -0.993256, -0.02971, 0.642104, -0.763266, 0.071617, 0.114603, -0.766242, -0.636052, 0.091178, -0.124008, 0.0, 0.0, 0.0, 1.0],
                [0.040168, -0.227787, -0.972882, -0.022596, 0.635083, -0.745874, 0.200857, 0.104021, -0.771401, -0.625928, 0.114703, -0.123466, 0.0, 0.0, 0.0, 1.0],
                [0.119108, -0.47698, -0.870807, -0.015483, 0.669393, -0.609174, 0.42523, 0.093439, -0.7333, -0.633559, 0.246729, -0.122925, 0.0, 0.0, 0.0, 1.0],
                [0.213424, -0.59997, -0.77103, -0.008369, 0.659233, -0.494013, 0.56689, 0.082857, -0.721016, -0.629275, 0.290085, -0.122384, 0.0, 0.0, 0.0, 1.0],
                [0.304162, -0.620139, -0.723128, 0.004013, 0.637624, -0.431446, 0.638194, 0.086367, -0.707761, -0.655196, 0.264185, -0.115255, 0.0, 0.0, 0.0, 1.0],
                [0.379762, -0.604595, -0.700176, 0.016394, 0.63908, -0.375772, 0.671099, 0.089877, -0.668851, -0.702325, 0.24368, -0.108126, 0.0, 0.0, 0.0, 1.0],
                [0.442845, -0.57009, -0.692016, 0.028776, 0.656268, -0.319787, 0.68341, 0.093387, -0.610904, -0.756792, 0.232515, -0.100997, 0.0, 0.0, 0.0, 1.0],
                [0.476997, -0.551331, -0.684476, 0.041157, 0.671876, -0.273338, 0.688382, 0.096897, -0.566621, -0.788239, 0.240044, -0.093869, 0.0, 0.0, 0.0, 1.0],
                [0.466923, -0.566486, -0.679027, 0.052472, 0.685564, -0.253126, 0.68259, 0.092697, -0.558558, -0.784233, 0.270171, -0.087552, 0.0, 0.0, 0.0, 1.0],
                [0.443961, -0.581279, -0.68192, 0.063787, 0.699996, -0.250104, 0.668921, 0.088497, -0.559382, -0.774314, 0.295856, -0.081234, 0.0, 0.0, 0.0, 1.0],
                [0.423078, -0.584664, -0.692224, 0.075102, 0.705122, -0.26734, 0.65676, 0.084297, -0.569045, -0.765961, 0.299153, -0.074917, 0.0, 0.0, 0.0, 1.0],
                [0.403778, -0.582587, -0.705377, 0.086417, 0.702154, -0.296917, 0.647164, 0.080097, -0.586469, -0.756593, 0.289176, -0.0686, 0.0, 0.0, 0.0, 1.0],
                [0.386207, -0.575845, -0.720588, 0.072767, 0.695353, -0.33154, 0.637626, 0.087491, -0.606079, -0.747317, 0.272372, -0.076877, 0.0, 0.0, 0.0, 1.0],
                [0.372036, -0.564535, -0.736811, 0.059117, 0.68895, -0.364015, 0.626772, 0.094885, -0.622046, -0.740806, 0.253508, -0.085153, 0.0, 0.0, 0.0, 1.0],
                [0.356584, -0.531408, -0.768411, 0.045467, 0.682769, -0.413183, 0.602584, 0.102279, -0.637713, -0.739517, 0.215494, -0.093429, 0.0, 0.0, 0.0, 1.0],
                [0.340848, -0.478276, -0.809368, 0.031818, 0.680373, -0.468634, 0.56345, 0.109673, -0.648783, -0.742721, 0.165673, -0.101705, 0.0, 0.0, 0.0, 1.0],
                [0.309378, -0.396722, -0.864232, 0.022676, 0.688262, -0.533707, 0.491379, 0.110869, -0.656189, -0.746839, 0.107932, -0.116345, 0.0, 0.0, 0.0, 1.0],
                [0.26648, -0.314783, -0.910989, 0.013534, 0.696422, -0.590529, 0.407766, 0.112065, -0.666325, -0.743093, 0.061857, -0.130984, 0.0, 0.0, 0.0, 1.0],
                [0.218517, -0.25036, -0.943171, 0.004391, 0.698801, -0.634483, 0.33032, 0.11326, -0.681125, -0.731267, 0.036306, -0.145624, 0.0, 0.0, 0.0, 1.0],
                [0.17315, -0.199971, -0.964381, -0.004751, 0.690282, -0.673795, 0.263652, 0.114456, -0.70252, -0.711345, 0.021368, -0.160263, 0.0, 0.0, 0.0, 1.0],
                [0.140898, -0.184495, -0.972682, 0.008053, 0.666138, -0.709155, 0.231002, 0.112635, -0.732402, -0.680486, 0.022981, -0.152302, 0.0, 0.0, 0.0, 1.0],
                [0.122753, -0.204855, -0.971064, 0.020857, 0.630708, -0.739361, 0.235702, 0.110815, -0.766253, -0.64139, 0.038445, -0.14434, 0.0, 0.0, 0.0, 1.0],
                [0.138688, -0.267482, -0.95353, 0.033661, 0.557248, -0.77487, 0.298415, 0.108995, -0.818684, -0.572738, 0.041589, -0.136379, 0.0, 0.0, 0.0, 1.0],
                [0.227566, -0.300134, -0.926355, 0.046465, 0.486856, -0.788809, 0.375169, 0.107174, -0.843321, -0.536376, -0.033385, -0.128417, 0.0, 0.0, 0.0, 1.0],
                [0.402049, -0.263002, -0.877033, 0.059269, 0.430696, -0.79095, 0.434626, 0.105354, -0.807999, -0.552474, -0.204727, -0.120456, 0.0, 0.0, 0.0, 1.0],
                [0.56457, -0.207986, -0.798751, 0.072074, 0.373604, -0.798524, 0.471995, 0.103534, -0.735992, -0.56489, -0.373117, -0.112494, 0.0, 0.0, 0.0, 1.0],
                [0.668128, -0.156437, -0.727416, 0.078499, 0.317474, -0.824247, 0.468858, 0.100803, -0.672919, -0.544192, -0.501036, -0.100707, 0.0, 0.0, 0.0, 1.0],
                [0.748812, -0.109312, -0.653707, 0.084925, 0.262152, -0.857027, 0.4436, 0.098072, -0.608737, -0.503543, -0.613095, -0.088918, 0.0, 0.0, 0.0, 1.0],
                [0.813231, -0.06262, -0.578565, 0.091351, 0.220424, -0.886972, 0.405825, 0.095341, -0.538585, -0.457557, -0.707508, -0.07713, 0.0, 0.0, 0.0, 1.0],
                [0.862988, -0.018776, -0.504878, 0.097777, 0.196766, -0.907917, 0.370094, 0.092611, -0.465337, -0.418729, -0.779825, -0.065342, 0.0, 0.0, 0.0, 1.0],
                [0.922552, 0.051217, -0.382465, 0.104203, 0.183447, -0.930199, 0.317927, 0.08988, -0.339486, -0.363465, -0.867549, -0.053554, 0.0, 0.0, 0.0, 1.0],
                [0.963311, 0.120505, -0.239821, 0.110628, 0.183115, -0.948361, 0.258999, 0.087149, -0.196227, -0.293411, -0.93563, -0.041766, 0.0, 0.0, 0.0, 1.0],
                [0.980215, 0.180207, -0.081899, 0.117054, 0.193145, -0.961302, 0.196454, 0.084419, -0.043327, -0.208385, -0.977086, -0.029978, 0.0, 0.0, 0.0, 1.0],
                [0.97239, 0.218541, 0.081859, 0.111952, 0.206535, -0.969204, 0.134118, 0.082166, 0.108648, -0.113508, -0.987578, -0.018895, 0.0, 0.0, 0.0, 1.0],
                [0.942419, 0.232083, 0.240806, 0.10685, 0.220248, -0.972531, 0.075341, 0.079914, 0.251677, -0.017966, -0.967644, -0.007812, 0.0, 0.0, 0.0, 1.0],
                [0.897189, 0.230892, 0.37649, 0.101748, 0.238386, -0.970788, 0.027282, 0.077662, 0.371792, 0.065274, -0.926018, 0.003271, 0.0, 0.0, 0.0, 1.0],
                [0.871127, 0.215126, 0.441431, 0.096646, 0.232918, -0.972393, 0.014241, 0.075409, 0.432308, 0.090412, -0.897182, 0.014354, 0.0, 0.0, 0.0, 1.0],
                [0.845737, 0.187953, 0.499405, 0.091544, 0.211685, -0.977294, 0.009323, 0.073157, 0.489819, 0.097832, -0.866318, 0.025437, 0.0, 0.0, 0.0, 1.0],
                [0.81974, 0.173808, 0.545729, 0.086443, 0.193435, -0.98087, 0.021838, 0.070905, 0.539086, 0.087662, -0.837677, 0.036521, 0.0, 0.0, 0.0, 1.0],
                [0.795331, 0.178646, 0.579256, 0.081341, 0.183501, -0.981706, 0.050814, 0.068653, 0.577737, 0.06588, -0.81356, 0.047603, 0.0, 0.0, 0.0, 1.0],
                [0.773152, 0.191716, 0.604552, 0.076239, 0.174994, -0.9807, 0.087203, 0.066401, 0.609604, 0.038372, -0.791777, 0.058686, 0.0, 0.0, 0.0, 1.0],
                [0.751846, 0.19566, 0.62964, 0.071137, 0.170988, -0.980144, 0.100404, 0.064148, 0.636784, 0.032173, -0.770371, 0.069769, 0.0, 0.0, 0.0, 1.0],
                [0.722433, 0.19141, 0.664421, 0.066035, 0.175889, -0.980183, 0.091132, 0.061896, 0.668699, 0.051027, -0.741781, 0.080852, 0.0, 0.0, 0.0, 1.0],
                [0.695099, 0.19231, 0.692717, 0.060933, 0.184255, -0.979029, 0.086907, 0.059644, 0.694904, 0.067228, -0.715954, 0.091935, 0.0, 0.0, 0.0, 1.0],
                [0.679381, 0.196843, 0.706892, 0.060933, 0.193495, -0.977309, 0.086181, 0.059644, 0.707817, 0.07823, -0.702051, 0.091935, 0.0, 0.0, 0.0, 1.0],
                [0.657598, 0.207448, 0.724246, 0.060933, 0.207968, -0.973973, 0.090149, 0.059644, 0.724098, 0.091339, -0.683624, 0.091935, 0.0, 0.0, 0.0, 1.0],
                [0.630984, 0.221236, 0.743583, 0.060933, 0.22732, -0.969132, 0.095447, 0.059644, 0.741747, 0.108806, -0.661796, 0.091935, 0.0, 0.0, 0.0, 1.0],
                [0.605222, 0.234912, 0.760607, 0.060933, 0.248002, -0.963558, 0.100256, 0.059644, 0.756442, 0.127955, -0.641424, 0.091936, 0.0, 0.0, 0.0, 1.0],
                [0.588585, 0.247598, 0.769587, 0.060933, 0.267299, -0.958009, 0.103787, 0.059644, 0.76297, 0.144622, -0.630051, 0.091936, 0.0, 0.0, 0.0, 1.0],
                [0.578258, 0.25676, 0.774398, 0.060933, 0.282977, -0.953384, 0.104802, 0.059644, 0.76521, 0.158534, -0.623958, 0.091936, 0.0, 0.0, 0.0, 1.0],
                [0.57283, 0.26659, 0.77511, 0.060933, 0.288032, -0.950794, 0.114151, 0.059644, 0.767403, 0.157868, -0.621428, 0.091936, 0.0, 0.0, 0.0, 1.0],
                [0.57135, 0.271818, 0.774387, 0.060933, 0.285425, -0.950471, 0.123037, 0.059644, 0.769477, 0.150732, -0.620634, 0.091936, 0.0, 0.0, 0.0, 1.0],
                [0.566533, 0.270927, 0.778228, 0.060933, 0.279744, -0.951555, 0.127622, 0.059644, 0.775105, 0.145403, -0.614876, 0.091936, 0.0, 0.0, 0.0, 1.0],
                [0.564609, 0.264625, 0.781787, 0.060933, 0.275214, -0.953361, 0.123941, 0.059644, 0.778125, 0.145181, -0.611103, 0.091936, 0.0, 0.0, 0.0, 1.0],
                [0.580522, 0.252912, 0.773971, 0.060933, 0.273373, -0.955903, 0.107317, 0.059644, 0.766984, 0.149283, -0.624061, 0.091936, 0.0, 0.0, 0.0, 1.0],
                [0.589638, 0.24189, 0.770596, 0.060933, 0.27044, -0.958154, 0.093833, 0.059644, 0.761048, 0.153073, -0.630379, 0.091936, 0.0, 0.0, 0.0, 1.0],
                [0.590119, 0.234374, 0.772547, 0.060933, 0.266442, -0.959856, 0.087676, 0.059644, 0.762084, 0.1541, -0.628874, 0.091936, 0.0, 0.0, 0.0, 1.0],
                [0.590579, 0.229782, 0.773575, 0.060933, 0.261846, -0.961303, 0.085641, 0.059644, 0.76332, 0.15198, -0.627891, 0.091936, 0.0, 0.0, 0.0, 1.0],
                [0.589904, 0.228076, 0.774594, 0.060933, 0.257717, -0.962289, 0.087074, 0.059644, 0.765244, 0.148261, -0.626436, 0.091936, 0.0, 0.0, 0.0, 1.0],
                [0.586099, 0.230649, 0.776718, 0.060933, 0.256866, -0.962071, 0.091865, 0.059644, 0.768448, 0.145671, -0.623113, 0.091936, 0.0, 0.0, 0.0, 1.0],
                [0.577156, 0.236764, 0.781559, 0.060933, 0.257131, -0.961057, 0.101259, 0.059644, 0.775099, 0.142522, -0.615558, 0.091936, 0.0, 0.0, 0.0, 1.0],
                [0.564541, 0.246128, 0.787856, 0.060933, 0.257985, -0.959301, 0.114828, 0.059644, 0.784055, 0.13843, -0.60506, 0.091936, 0.0, 0.0, 0.0, 1.0],
                [0.5502, 0.256738, 0.794586, 0.060933, 0.259122, -0.957081, 0.129817, 0.059644, 0.793814, 0.13447, -0.593111, 0.091936, 0.0, 0.0, 0.0, 1.0],
                [0.535748, 0.264753, 0.801799, 0.060933, 0.259882, -0.95518, 0.141751, 0.059644, 0.803393, 0.132431, -0.580538, 0.091936, 0.0, 0.0, 0.0, 1.0],
                [0.527928, 0.268724, 0.805655, 0.060933, 0.262189, -0.953855, 0.146349, 0.059644, 0.807807, 0.133972, -0.574022, 0.091936, 0.0, 0.0, 0.0, 1.0],
                [0.526657, 0.270149, 0.80601, 0.060933, 0.264351, -0.953197, 0.146751, 0.059644, 0.807932, 0.135782, -0.57342, 0.091936, 0.0, 0.0, 0.0, 1.0],
                [0.530901, 0.267431, 0.80413, 0.060933, 0.264053, -0.953864, 0.142896, 0.059644, 0.805248, 0.13647, -0.577022, 0.091936, 0.0, 0.0, 0.0, 1.0],
                [0.535579, 0.26376, 0.802239, 0.060933, 0.263943, -0.954664, 0.137665, 0.059644, 0.80218, 0.138015, -0.580914, 0.091936, 0.0, 0.0, 0.0, 1.0],
                [0.541926, 0.259287, 0.79943, 0.060933, 0.264198, -0.955555, 0.130828, 0.059644, 0.797822, 0.140309, -0.586341, 0.091936, 0.0, 0.0, 0.0, 1.0],
                [0.550811, 0.254841, 0.794773, 0.060933, 0.264618, -0.95644, 0.123288, 0.059644, 0.791573, 0.142404, -0.594252, 0.091936, 0.0, 0.0, 0.0, 1.0],
                [0.557486, 0.251188, 0.791274, 0.060933, 0.264875, -0.957132, 0.117224, 0.059644, 0.786801, 0.144238, -0.600119, 0.091936, 0.0, 0.0, 0.0, 1.0],
                [0.562398, 0.24859, 0.788614, 0.060933, 0.264796, -0.957657, 0.113038, 0.059644, 0.783323, 0.14525, -0.604409, 0.091936, 0.0, 0.0, 0.0, 1.0],
                [0.564782, 0.245735, 0.787805, 0.060933, 0.264173, -0.958238, 0.10951, 0.059644, 0.781817, 0.146268, -0.606111, 0.091936, 0.0, 0.0, 0.0, 1.0],
                [0.569469, 0.243094, 0.785246, 0.060933, 0.264119, -0.95873, 0.10526, 0.059644, 0.778428, 0.147456, -0.610171, 0.091936, 0.0, 0.0, 0.0, 1.0],
                [0.573323, 0.240219, 0.783324, 0.060933, 0.264287, -0.959172, 0.100711, 0.059644, 0.775537, 0.149283, -0.6134, 0.091936, 0.0, 0.0, 0.0, 1.0],
                [0.575868, 0.237998, 0.782135, 0.060933, 0.264345, -0.959504, 0.09734, 0.059644, 0.77363, 0.150698, -0.615459, 0.091936, 0.0, 0.0, 0.0, 1.0],
                [0.579524, 0.23619, 0.779979, 0.060933, 0.264283, -0.959826, 0.09429, 0.059644, 0.770916, 0.151492, -0.618661, 0.091936, 0.0, 0.0, 0.0, 1.0],
                [0.584296, 0.234874, 0.77681, 0.060933, 0.264329, -0.960086, 0.091469, 0.059644, 0.76729, 0.151889, -0.623056, 0.091936, 0.0, 0.0, 0.0, 1.0],
                [0.584296, 0.234874, 0.77681, 0.060933, 0.264329, -0.960086, 0.091469, 0.059644, 0.76729, 0.151889, -0.623056, 0.091936, 0.0, 0.0, 0.0, 1.0]
            ]
        },
        {
            "name": "Leg_R",
            "time": [0.0, 0.0417, 0.0833, 0.125, 0.1667, 0.2083, 0.25, 0.2917, 0.3333, 0.375, 0.4167, 0.4583, 0.5, 0.5417, 0.5833, 0.625, 0.6667, 0.7083, 0.75, 0.7917, 0.8333, 0.875, 0.9167, 0.9583, 1.0, 1.0417, 1.0833, 1.125, 1.1667, 1.2083, 1.25, 1.2917, 1.3333, 1.375, 1.4167, 1.4583, 1.5, 1.5417, 1.5833, 1.625, 1.6667, 1.7083, 1.75, 1.7917, 1.8333, 1.875, 1.9167, 1.9583, 2.0, 2.0417, 2.0833, 2.125, 2.1667, 2.2083, 2.25, 2.2917, 2.3333, 2.375, 2.4167, 2.4583, 2.5, 2.5417, 2.5833, 2.625, 2.6667, 2.7083, 2.75, 2.7917, 2.8333, 2.875, 2.9167, 2.9583, 3.0, 3.0417, 3.0833, 3.125, 3.1667, 3.2083, 3.25, 3.2917, 3.3333, 3.375, 3.4167, 3.4583, 3.5, 3.5417, 3.5833, 3.625, 3.6667, 3.7083, 3.75, 3.7917, 3.8333, 3.875, 3.9167, 3.9583],
            "transform": [
                [0.999999, -2e-06, -0.0, 0.0, 1e-06, 0.696095, 0.71795, 0.37472, -1e-06, -0.717951, 0.696094, 0.0, 0.0, 0.0, 0.0, 1.0],
                [0.999999, -2e-06, 1e-06, 0.0, 1e-06, 0.957476, 0.288515, 0.37472, -1e-06, -0.288516, 0.957475, -0.0, 0.0, 0.0, 0.0, 1.0],
                [1.0, -2e-06, 1e-06, -0.0, 1e-06, 0.917462, 0.397824, 0.37472, -1e-06, -0.397824, 0.917461, -0.0, 0.0, 0.0, 0.0, 1.0],
                [1.0, -2e-06, -0.0, 0.0, 1e-06, 0.654328, 0.756211, 0.37472, -1e-06, -0.756211, 0.654327, 0.0, 0.0, 0.0, 0.0, 1.0],
                [1.0, -0.0, -2e-06, -0.0, 1e-06, -0.361988, 0.932182, 0.37472, -1e-06, -0.932183, -0.361988, 0.0, 0.0, 0.0, 0.0, 1.0],
                [0.999999, 0.0, -2e-06, -0.0, 2e-06, -0.646823, 0.76264, 0.37472, -1e-06, -0.762641, -0.646822, -0.0, 0.0, 0.0, 0.0, 1.0],
                [0.999999, 1e-06, -2e-06, 0.0, 2e-06, -0.770059, 0.637974, 0.37472, -1e-06, -0.637974, -0.770058, -0.0, 0.0, 0.0, 0.0, 1.0],
                [1.0, 1e-06, -2e-06, 0.0, 2e-06, -0.755656, 0.654969, 0.37472, -1e-06, -0.65497, -0.755655, -0.0, 0.0, 0.0, 0.0, 1.0],
                [1.0, -0.0, -2e-06, -0.0, 2e-06, -0.471335, 0.881953, 0.37472, -1e-06, -0.881955, -0.471335, 0.0, 0.0, 0.0, 0.0, 1.0],
                [0.999999, -1e-06, -2e-06, -0.0, 1e-06, -0.076115, 0.997098, 0.37472, -1e-06, -0.9971, -0.076115, 0.0, 0.0, 0.0, 0.0, 1.0],
                [0.999999, -1e-06, -1e-06, -0.0, 1e-06, 0.271174, 0.96253, 0.374721, -1e-06, -0.962532, 0.271173, -0.0, 0.0, 0.0, 0.0, 1.0],
                [0.999999, -2e-06, -1e-06, -0.0, 1e-06, 0.518303, 0.855197, 0.37472, -1e-06, -0.855198, 0.518302, 0.0, 0.0, 0.0, 0.0, 1.0],
                [0.999999, -2e-06, -0.0, 0.0, 1e-06, 0.703825, 0.710374, 0.37472, -1e-06, -0.710375, 0.703824, -0.0, 0.0, 0.0, 0.0, 1.0],
                [0.999999, -2e-06, 0.0, 0.0, 1e-06, 0.812696, 0.582689, 0.37472, -1e-06, -0.58269, 0.812694, 0.0, 0.0, 0.0, 0.0, 1.0],
                [1.0, -0.0, -0.0, 0.0, 0.0, 0.403887, 0.914808, 0.37472, -0.0, -0.91481, 0.403886, 0.0, 0.0, 0.0, 0.0, 1.0],
                [1.0, 0.0, -0.0, -0.0, -0.0, 0.055357, 0.998465, 0.37472, -0.0, -0.998468, 0.055357, -0.0, 0.0, 0.0, 0.0, 1.0],
                [1.0, -0.0, 0.0, -0.0, 0.0, 0.204669, 0.97883, 0.37472, -0.0, -0.978833, 0.204668, -0.0, 0.0, 0.0, 0.0, 1.0],
                [1.0, -0.0, 0.0, 0.0, -0.0, 0.457013, 0.889459, 0.37472, -0.0, -0.889461, 0.457012, -0.0, 0.0, 0.0, 0.0, 1.0],
                [1.0, -0.0, 0.0, 0.0, -0.0, 0.43481, 0.900521, 0.37472, -0.0, -0.900524, 0.434809, -0.0, 0.0, 0.0, 0.0, 1.0],
                [0.999999, 0.0, -0.0, 0.0, 0.0, 0.309353, 0.950946, 0.37472, 0.0, -0.950949, 0.309353, 0.0, 0.0, 0.0, 0.0, 1.0],
                [0.999999, 0.0, -0.0, -0.0, 0.0, 0.303176, 0.952934, 0.37472, 0.0, -0.952936, 0.303175, 0.0, 0.0, 0.0, 0.0, 1.0],
                [1.0, -0.0, -0.0, -0.0, 0.0, 0.330315, 0.943869, 0.37472, -0.0, -0.943873, 0.330314, -0.0, 0.0, 0.0, 0.0, 1.0],
                [1.0, -0.0, -0.0, 0.0, 0.0, 0.310377, 0.950612, 0.37472, 0.0, -0.950615, 0.310376, -0.0, 0.0, 0.0, 0.0, 1.0],
                [1.0, -0.0, -0.0, 0.0, 0.0, 0.285719, 0.958312, 0.37472, -0.0, -0.958315, 0.285718, 0.0, 0.0, 0.0, 0.0, 1.0],
                [0.999999, -0.0, -0.0, 0.0, 0.0, 0.259428, 0.965762, 0.37472, -0.0, -0.965765, 0.259427, 0.0, 0.0, 0.0, 0.0, 1.0],
                [1.0, 0.0, -0.0, -0.0, 0.0, 0.229008, 0.973423, 0.374721, 0.0, -0.973426, 0.229007, -0.0, 0.0, 0.0, 0.0, 1.0],
                [0.999999, -0.0, -0.0, 0.0, 0.0, 0.213276, 0.976991, 0.37472, -0.0, -0.976994, 0.213275, 0.0, 0.0, 0.0, 0.0, 1.0],
                [0.999999, 0.0, -0.0, 0.0, 0.0, 0.227661, 0.97374, 0.37472, 0.0, -0.973742, 0.22766, -0.0, 0.0, 0.0, 0.0, 1.0],
                [0.999999, 0.0, -0.0, -0.0, 0.0, 0.258573, 0.965991, 0.37472, 0.0, -0.965993, 0.258572, 0.0, 0.0, 0.0, 0.0, 1.0],
                [1.0, 0.0, -0.0, 1e-06, 0.0, 0.298752, 0.95433, 0.374721, -0.0, -0.954332, 0.298751, -1e-06, 0.0, 0.0, 0.0, 1.0],
                [0.999999, 0.0, -0.0, 0.0, 0.0, 0.34143, 0.939906, 0.37472, 0.0, -0.939908, 0.341429, 0.0, 0.0, 0.0, 0.0, 1.0],
                [1.0, -0.0, 0.0, 0.0, 0.0, 0.419189, 0.907898, 0.37472, -0.0, -0.9079, 0.419188, 0.0, 0.0, 0.0, 0.0, 1.0],
                [0.999999, -0.0, -0.0, -0.0, 0.0, 0.51934, 0.854568, 0.37472, -0.0, -0.854569, 0.519339, -0.0, 0.0, 0.0, 0.0, 1.0],
                [1.0, -0.0, -0.0, -0.0, 0.0, 0.648336, 0.761354, 0.37472, -0.0, -0.761355, 0.648335, 0.0, 0.0, 0.0, 0.0, 1.0],
                [1.0, -0.0, 0.0, 0.0, 0.0, 0.745972, 0.665977, 0.374721, -0.0, -0.665978, 0.745971, 0.0, 0.0, 0.0, 0.0, 1.0],
                [1.0, -0.0, 0.0, 0.0, 0.0, 0.796976, 0.604011, 0.374719, -0.0, -0.604012, 0.796975, -0.0, 0.0, 0.0, 0.0, 1.0],
                [1.0, -0.0, 0.0, -0.0, 0.0, 0.835683, 0.549213, 0.37472, -0.0, -0.549213, 0.835682, 0.0, 0.0, 0.0, 0.0, 1.0],
                [1.0, -0.0, 0.0, -0.0, 0.0, 0.850071, 0.526669, 0.37472, -0.0, -0.52667, 0.850069, 0.0, 0.0, 0.0, 0.0, 1.0],
                [1.0, -0.0, 0.0, -0.0, 0.0, 0.840186, 0.542299, 0.37472, -0.0, -0.5423, 0.840184, -0.0, 0.0, 0.0, 0.0, 1.0],
                [1.0, -0.0, 0.0, -1e-06, 0.0, 0.826514, 0.562915, 0.37472, -0.0, -0.562916, 0.826513, -0.0, 0.0, 0.0, 0.0, 1.0],
                [1.0, -0.0, 0.0, -0.0, 0.0, 0.833981, 0.551792, 0.37472, -0.0, -0.551793, 0.83398, -0.0, 0.0, 0.0, 0.0, 1.0],
                [1.0, -0.0, 0.0, -0.0, 0.0, 0.871535, 0.490332, 0.37472, -0.0, -0.490333, 0.871534, 0.0, 0.0, 0.0, 0.0, 1.0],
                [1.0, -0.0, 0.0, -0.0, 0.0, 0.8931, 0.449859, 0.374721, -0.0, -0.449859, 0.893098, 0.0, 0.0, 0.0, 0.0, 1.0],
                [1.0, -0.0, -0.0, -1e-06, 0.0, 0.871774, 0.489908, 0.37472, -0.0, -0.489909, 0.871773, -0.0, 0.0, 0.0, 0.0, 1.0],
                [1.0, -0.0, 0.0, 0.0, 0.0, 0.82566, 0.564168, 0.37472, -0.0, -0.564169, 0.825658, -1e-06, 0.0, 0.0, 0.0, 1.0],
                [1.0, -0.0, 0.0, 0.0, 0.0, 0.775016, 0.631941, 0.37472, -0.0, -0.631942, 0.775015, -0.0, 0.0, 0.0, 0.0, 1.0],
                [1.0, -0.0, 0.0, 0.0, 0.0, 0.743498, 0.668738, 0.37472, -0.0, -0.668739, 0.743496, 0.0, 0.0, 0.0, 0.0, 1.0],
                [1.0, -0.0, -0.0, 0.0, 0.0, 0.728117, 0.685453, 0.37472, -0.0, -0.685454, 0.728115, 0.0, 0.0, 0.0, 0.0, 1.0],
                [1.0, -0.0, -0.0, 0.0, 0.0, 0.724913, 0.68884, 0.37472, -0.0, -0.688841, 0.724912, 1e-06, 0.0, 0.0, 0.0, 1.0],
                [1.0, -0.0, -0.0, -0.0, 0.0, 0.731917, 0.681393, 0.37472, -0.0, -0.681395, 0.731916, -0.0, 0.0, 0.0, 0.0, 1.0],
                [1.0, -0.0, -0.0, 0.0, 0.0, 0.745006, 0.667057, 0.37472, -0.0, -0.667058, 0.745004, -0.0, 0.0, 0.0, 0.0, 1.0],
                [1.0, -0.0, -0.0, -0.0, 0.0, 0.770307, 0.637673, 0.37472, -0.0, -0.637674, 0.770305, 0.0, 0.0, 0.0, 0.0, 1.0],
                [1.0, -0.0, 0.0, 0.0, 0.0, 0.828782, 0.559572, 0.37472, -0.0, -0.559573, 0.82878, 1e-06, 0.0, 0.0, 0.0, 1.0],
                [1.0, -0.0, 0.0, -0.0, 0.0, 0.860159, 0.510026, 0.37472, -0.0, -0.510027, 0.860157, -0.0, 0.0, 0.0, 0.0, 1.0],
                [1.0, -0.0, 0.0, -0.0, 0.0, 0.889124, 0.457666, 0.37472, -0.0, -0.457667, 0.889123, -0.0, 0.0, 0.0, 0.0, 1.0],
                [1.0, -0.0, 0.0, -0.0, 0.0, 0.902742, 0.430182, 0.37472, -0.0, -0.430182, 0.902741, 0.0, 0.0, 0.0, 0.0, 1.0],
                [1.0, -0.0, 0.0, 0.0, 0.0, 0.899533, 0.436853, 0.37472, -0.0, -0.436853, 0.899532, -1e-06, 0.0, 0.0, 0.0, 1.0],
                [1.0, -0.0, 0.0, -0.0, 0.0, 0.888044, 0.459758, 0.37472, -0.0, -0.459759, 0.888042, 1e-06, 0.0, 0.0, 0.0, 1.0],
                [1.0, -0.0, 0.0, -0.0, 0.0, 0.892406, 0.451234, 0.37472, -0.0, -0.451235, 0.892404, -1e-06, 0.0, 0.0, 0.0, 1.0],
                [1.0, -0.0, 0.0, 0.0, 0.0, 0.910989, 0.412431, 0.37472, -0.0, -0.412432, 0.910987, -0.0, 0.0, 0.0, 0.0, 1.0],
                [1.0, -0.0, 0.0, 1e-06, 0.0, 0.922035, 0.387106, 0.37472, -0.0, -0.387106, 0.922034, -0.0, 0.0, 0.0, 0.0, 1.0],
                [1.0, -0.0, 0.0, -1e-06, 0.0, 0.925991, 0.377546, 0.37472, -0.0, -0.377547, 0.92599, -0.0, 0.0, 0.0, 0.0, 1.0],
                [1.0, -0.0, 0.0, 0.0, 0.0, 0.927137, 0.374722, 0.37472, -0.0, -0.374723, 0.927136, 0.0, 0.0, 0.0, 0.0, 1.0],
                [1.0, -0.0, 0.0, -0.0, 0.0, 0.928315, 0.371795, 0.37472, -0.0, -0.371796, 0.928313, 0.0, 0.0, 0.0, 0.0, 1.0],
                [1.0, -0.0, 0.0, 0.0, 0.0, 0.93038, 0.366597, 0.37472, -0.0, -0.366598, 0.930378, -1e-06, 0.0, 0.0, 0.0, 1.0],
                [1.0, -0.0, 0.0, -0.0, 0.0, 0.931931, 0.362635, 0.37472, -0.0, -0.362636, 0.93193, 0.0, 0.0, 0.0, 0.0, 1.0],
                [1.0, -0.0, 0.0, -0.0, 0.0, 0.933721, 0.358002, 0.37472, -0.0, -0.358002, 0.93372, 0.0, 0.0, 0.0, 0.0, 1.0],
                [1.0, -0.0, 0.0, 0.0, 0.0, 0.929293, 0.369343, 0.37472, -0.0, -0.369343, 0.929292, -0.0, 0.0, 0.0, 0.0, 1.0],
                [1.0, -0.0, 0.0, 0.0, 0.0, 0.92496, 0.380065, 0.37472, 0.0, -0.380065, 0.924959, 0.0, 0.0, 0.0, 0.0, 1.0],
                [1.0, -0.0, 0.0, 0.0, 0.0, 0.923146, 0.384449, 0.37472, 0.0, -0.38445, 0.923145, -0.0, 0.0, 0.0, 0.0, 1.0],
                [1.0, -0.0, 0.0, 0.0, 0.0, 0.923391, 0.38386, 0.37472, 0.0, -0.383861, 0.92339, -0.0, 0.0, 0.0, 0.0, 1.0],
                [1.0, -0.0, 0.0, -0.0, 0.0, 0.926547, 0.376178, 0.37472, 0.0, -0.376179, 0.926546, 0.0, 0.0, 0.0, 0.0, 1.0],
                [1.0, -0.0, 0.0, -0.0, 0.0, 0.929683, 0.36836, 0.37472, -0.0, -0.36836, 0.929682, 0.0, 0.0, 0.0, 0.0, 1.0],
                [1.0, -0.0, 0.0, 1e-06, 0.0, 0.93161, 0.36346, 0.37472, -0.0, -0.36346, 0.931608, -0.0, 0.0, 0.0, 0.0, 1.0],
                [1.0, -0.0, 0.0, -0.0, 0.0, 0.932066, 0.362288, 0.37472, -0.0, -0.362288, 0.932065, 0.0, 0.0, 0.0, 0.0, 1.0],
                [1.0, -0.0, 0.0, 0.0, 0.0, 0.931548, 0.363619, 0.37472, -0.0, -0.363619, 0.931546, -0.0, 0.0, 0.0, 0.0, 1.0],
                [1.0, -0.0, 0.0, 0.0, 0.0, 0.929798, 0.368071, 0.37472, -0.0, -0.368071, 0.929797, -0.0, 0.0, 0.0, 0.0, 1.0],
                [1.0, -0.0, -0.0, -0.0, 0.0, 0.926389, 0.376567, 0.37472, -0.0, -0.376568, 0.926388, -0.0, 0.0, 0.0, 0.0, 1.0],
                [1.0, -0.0, -0.0, 1e-06, 0.0, 0.921589, 0.388167, 0.37472, -0.0, -0.388168, 0.921587, 0.0, 0.0, 0.0, 0.0, 1.0],
                [1.0, -0.0, 0.0, 0.0, 0.0, 0.916381, 0.400308, 0.37472, -0.0, -0.400309, 0.916379, 0.0, 0.0, 0.0, 0.0, 1.0],
                [1.0, -0.0, 0.0, 0.0, 0.0, 0.912659, 0.408722, 0.37472, -0.0, -0.408723, 0.912658, 0.0, 0.0, 0.0, 0.0, 1.0],
                [1.0, -0.0, 0.0, 0.0, 0.0, 0.91201, 0.410167, 0.37472, -0.0, -0.410168, 0.912009, -0.0, 0.0, 0.0, 0.0, 1.0],
