{
    "animation": [
        {
            "name": "Root",
            "time": [0.0, 0.0167, 0.0333, 0.05, 0.0667, 0.0833, 0.1, 0.1167, 0.1333, 0.15, 0.1667, 0.1833, 0.2, 0.2167, 0.2333, 0.25, 0.2667, 0.2833, 0.3, 0.3167, 0.3333, 0.35, 0.3667, 0.3833, 0.4, 0.4167, 0.4333, 0.45, 0.4667, 0.4833, 0.5, 0.5167, 0.5333, 0.55, 0.5667, 0.5833, 0.6, 0.6167, 0.6333, 0.65, 0.6667, 0.6833, 0.7, 0.7167, 0.7333, 0.75, 0.7667, 0.7833, 0.8, 0.8167, 0.8333, 0.85, 0.8667, 0.8833, 0.9, 0.9167, 0.9333],
            "transform": [
                [0.718661, 0.0, -0.695361, -5e-06, -0.695361, 0.0, -0.718661, 0.000946, 0.0, 1.0, 0.0, 0.73843, 0.0, 0.0, 0.0, 1.0],
                [0.718661, 0.0, -0.695361, -5e-06, -0.695361, 0.0, -0.718661, 0.000946, 0.0, 1.0, 0.0, 0.73843, 0.0, 0.0, 0.0, 1.0],
                [0.718661, 0.0, -0.695361, -5e-06, -0.695361, 0.0, -0.718661, 0.000946, 0.0, 1.0, 0.0, 0.73843, 0.0, 0.0, 0.0, 1.0],
                [0.718661, 0.0, -0.695361, -5e-06, -0.695361, 0.0, -0.718661, 0.000946, 0.0, 1.0, 0.0, 0.73843, 0.0, 0.0, 0.0, 1.0],
                [0.718661, 0.0, -0.695361, -5e-06, -0.695361, 0.0, -0.718661, 0.000946, 0.0, 1.0, 0.0, 0.73843, 0.0, 0.0, 0.0, 1.0],
                [0.718661, 0.0, -0.695361, -5e-06, -0.695361, 0.0, -0.718661, 0.000946, 0.0, 1.0, 0.0, 0.73843, 0.0, 0.0, 0.0, 1.0],
                [0.718661, 0.0, -0.695361, -5e-06, -0.695361, 0.0, -0.718661, 0.000946, 0.0, 1.0, 0.0, 0.73843, 0.0, 0.0, 0.0, 1.0],
                [0.718661, 0.0, -0.695361, -5e-06, -0.695361, 0.0, -0.718661, 0.000946, 0.0, 1.0, 0.0, 0.73843, 0.0, 0.0, 0.0, 1.0],
                [0.718661, 0.0, -0.695361, -5e-06, -0.695361, 0.0, -0.718661, 0.000946, 0.0, 1.0, 0.0, 0.73843, 0.0, 0.0, 0.0, 1.0],
                [0.718661, 0.0, -0.695361, -5e-06, -0.695361, 0.0, -0.718661, 0.000946, 0.0, 1.0, 0.0, 0.73843, 0.0, 0.0, 0.0, 1.0],
                [0.718661, 0.0, -0.695361, -5e-06, -0.695361, 0.0, -0.718661, 0.000946, 0.0, 1.0, 0.0, 0.73843, 0.0, 0.0, 0.0, 1.0],
                [0.718661, 0.0, -0.695361, -5e-06, -0.695361, 0.0, -0.718661, 0.000946, 0.0, 1.0, 0.0, 0.73843, 0.0, 0.0, 0.0, 1.0],
                [0.718661, 0.0, -0.695361, -5e-06, -0.695361, 0.0, -0.718661, 0.000946, 0.0, 1.0, 0.0, 0.73843, 0.0, 0.0, 0.0, 1.0],
                [0.718661, 0.0, -0.695361, -5e-06, -0.695361, 0.0, -0.718661, 0.000946, 0.0, 1.0, 0.0, 0.73843, 0.0, 0.0, 0.0, 1.0],
                [0.718661, 0.0, -0.695361, -5e-06, -0.695361, 0.0, -0.718661, 0.000946, 0.0, 1.0, 0.0, 0.73843, 0.0, 0.0, 0.0, 1.0],
                [0.718661, 0.0, -0.695361, -5e-06, -0.695361, 0.0, -0.718661, 0.000946, 0.0, 1.0, 0.0, 0.73843, 0.0, 0.0, 0.0, 1.0],
                [0.718661, 0.0, -0.695361, -5e-06, -0.695361, 0.0, -0.718661, 0.000946, 0.0, 1.0, 0.0, 0.73843, 0.0, 0.0, 0.0, 1.0],
                [0.73936, 0.0, -0.67331, -5e-06, -0.67331, 0.0, -0.73936, 0.00592, 0.0, 1.0, 0.0, 0.736434, 0.0, 0.0, 0.0, 1.0],
                [0.792013, 0.0, -0.610504, -5e-06, -0.610504, 0.0, -0.792013, 0.01917, 0.0, 1.0, 0.0, 0.730489, 0.0, 0.0, 0.0, 1.0],
                [0.85973, 0.0, -0.510749, -5e-06, -0.510749, 0.0, -0.85973, 0.038192, 0.0, 1.0, 0.0, 0.720664, 0.0, 0.0, 0.0, 1.0],
                [0.924749, 0.0, -0.380577, -5e-06, -0.380577, 0.0, -0.924749, 0.060482, 0.0, 1.0, 0.0, 0.707024, 0.0, 0.0, 0.0, 1.0],
                [0.972728, 0.0, -0.231951, -5e-06, -0.231951, 0.0, -0.972728, 0.083535, 0.0, 1.0, 0.0, 0.689638, 0.0, 0.0, 0.0, 1.0],
                [0.996713, 0.0, -0.081009, -5e-06, -0.081009, 0.0, -0.996713, 0.104846, 0.0, 1.0, 0.0, 0.668572, 0.0, 0.0, 0.0, 1.0],
                [0.998442, 0.0, 0.055798, -5e-06, 0.055798, 0.0, -0.998442, 0.12191, 0.0, 1.0, 0.0, 0.643893, 0.0, 0.0, 0.0, 1.0],
                [0.986005, 0.0, 0.166718, -5e-06, 0.166718, 0.0, -0.986005, 0.133576, 0.0, 1.0, 0.0, 0.616247, 0.0, 0.0, 0.0, 1.0],
                [0.968132, 0.0, 0.25044, -5e-06, 0.25044, 0.0, -0.968132, 0.144099, 0.0, 1.0, 0.0, 0.58859, 0.0, 0.0, 0.0, 1.0],
                [0.951193, 0.0, 0.308597, -5e-06, 0.308597, 0.0, -0.951193, 0.159087, 0.0, 1.0, 0.0, 0.564458, 0.0, 0.0, 0.0, 1.0],
                [0.939424, 0.0, 0.342757, -5e-06, 0.342757, 0.0, -0.939424, 0.184149, 0.0, 1.0, 0.0, 0.547387, 0.0, 0.0, 0.0, 1.0],
                [0.935245, 0.0, 0.354, -5e-06, 0.354, 0.0, -0.935245, 0.224893, 0.0, 1.0, 0.0, 0.54091, 0.0, 0.0, 0.0, 1.0],
                [0.935245, 0.0, 0.354, -5e-06, 0.354, 0.0, -0.935245, 0.283112, 0.0, 1.0, 0.0, 0.571439, 0.0, 0.0, 0.0, 1.0],
                [0.935245, 0.0, 0.354, -5e-06, 0.354, 0.0, -0.935245, 0.345339, 0.0, 1.0, 0.0, 0.630567, 0.0, 0.0, 0.0, 1.0],
                [0.935245, 0.0, 0.354, -5e-06, 0.354, 0.0, -0.935245, 0.394292, 0.0, 1.0, 0.0, 0.669605, 0.0, 0.0, 0.0, 1.0],
                [0.935245, 0.0, 0.354, -5e-06, 0.354, 0.0, -0.935245, 0.41412, 0.0, 1.0, 0.0, 0.67386, 0.0, 0.0, 0.0, 1.0],
                [0.935245, 0.0, 0.354, -5e-06, 0.354, 0.0, -0.935245, 0.41467, 0.0, 1.0, 0.0, 0.678921, 0.0, 0.0, 0.0, 1.0],
                [0.935245, 0.0, 0.354, -5e-06, 0.354, 0.0, -0.935245, 0.423186, 0.0, 1.0, 0.0, 0.685099, 0.0, 0.0, 0.0, 1.0],
                [0.935245, 0.0, 0.354, -5e-06, 0.354, 0.0, -0.935245, 0.440298, 0.0, 1.0, 0.0, 0.691074, 0.0, 0.0, 0.0, 1.0],
                [0.935245, 0.0, 0.354, -5e-06, 0.354, 0.0, -0.935245, 0.458307, 0.0, 1.0, 0.0, 0.697118, 0.0, 0.0, 0.0, 1.0],
                [0.935245, 0.0, 0.354, -5e-06, 0.354, 0.0, -0.935245, 0.471346, 0.0, 1.0, 0.0, 0.703414, 0.0, 0.0, 0.0, 1.0],
                [0.935245, 0.0, 0.354, -5e-06, 0.354, 0.0, -0.935245, 0.480869, 0.0, 1.0, 0.0, 0.709776, 0.0, 0.0, 0.0, 1.0],
                [0.935245, 0.0, 0.354, -5e-06, 0.354, 0.0, -0.935245, 0.490157, 0.0, 1.0, 0.0, 0.715927, 0.0, 0.0, 0.0, 1.0],
                [0.935245, 0.0, 0.354, -5e-06, 0.354, 0.0, -0.935245, 0.502495, 0.0, 1.0, 0.0, 0.721593, 0.0, 0.0, 0.0, 1.0],
                [0.935245, 0.0, 0.354, -5e-06, 0.354, 0.0, -0.935245, 0.518792, 0.0, 1.0, 0.0, 0.726531, 0.0, 0.0, 0.0, 1.0],
                [0.935245, 0.0, 0.354, -5e-06, 0.354, 0.0, -0.935245, 0.532517, 0.0, 1.0, 0.0, 0.730627, 0.0, 0.0, 0.0, 1.0],
                [0.935245, 0.0, 0.354, -5e-06, 0.354, 0.0, -0.935245, 0.542962, 0.0, 1.0, 0.0, 0.733711, 0.0, 0.0, 0.0, 1.0],
                [0.935245, 0.0, 0.354, -5e-06, 0.354, 0.0, -0.935245, 0.551468, 0.0, 1.0, 0.0, 0.735592, 0.0, 0.0, 0.0, 1.0],
                [0.935665, 0.0, 0.352888, -5e-06, 0.352888, 0.0, -0.935665, 0.559223, 0.0, 1.0, 0.0, 0.736643, 0.0, 0.0, 0.0, 1.0],
                [0.938079, 0.0, 0.34642, -5e-06, 0.34642, 0.0, -0.938079, 0.56679, 0.0, 1.0, 0.0, 0.737396, 0.0, 0.0, 0.0, 1.0],
                [0.944032, 0.0, 0.329854, -5e-06, 0.329854, 0.0, -0.944032, 0.57458, 0.0, 1.0, 0.0, 0.737901, 0.0, 0.0, 0.0, 1.0],
                [0.954494, 0.0, 0.29823, -5e-06, 0.29823, 0.0, -0.954494, 0.583002, 0.0, 1.0, 0.0, 0.738207, 0.0, 0.0, 0.0, 1.0],
                [0.969242, 0.0, 0.24611, -5e-06, 0.24611, 0.0, -0.969242, 0.592468, 0.0, 1.0, 0.0, 0.738364, 0.0, 0.0, 0.0, 1.0],
                [0.985885, 0.0, 0.167424, -5e-06, 0.167424, 0.0, -0.985885, 0.603387, 0.0, 1.0, 0.0, 0.738422, 0.0, 0.0, 0.0, 1.0],
                [0.998442, 0.0, 0.055798, -5e-06, 0.055798, 0.0, -0.998442, 0.616169, 0.0, 1.0, 0.0, 0.73843, 0.0, 0.0, 0.0, 1.0],
                [0.993716, 0.0, -0.111934, -5e-06, -0.111934, 0.0, -0.993716, 0.630819, 0.0, 1.0, 0.0, 0.73843, 0.0, 0.0, 0.0, 1.0],
                [0.946911, 0.0, -0.321496, -5e-06, -0.321496, 0.0, -0.946911, 0.645725, 0.0, 1.0, 0.0, 0.73843, 0.0, 0.0, 0.0, 1.0],
                [0.856845, 0.0, -0.515573, -5e-06, -0.515573, 0.0, -0.856845, 0.658869, 0.0, 1.0, 0.0, 0.73843, 0.0, 0.0, 0.0, 1.0],
                [0.761872, 0.0, -0.647728, -5e-06, -0.647728, 0.0, -0.761872, 0.668235, 0.0, 1.0, 0.0, 0.73843, 0.0, 0.0, 0.0, 1.0],
                [0.718661, 0.0, -0.695361, -5e-06, -0.695361, 0.0, -0.718661, 0.671806, 0.0, 1.0, 0.0, 0.73843, 0.0, 0.0, 0.0, 1.0]
            ]
        },
        {
            "name": "Thigh_R",
            "time": [0.0, 0.0167, 0.0333, 0.05, 0.0667, 0.0833, 0.1, 0.1167, 0.1333, 0.15, 0.1667, 0.1833, 0.2, 0.2167, 0.2333, 0.25, 0.2667, 0.2833, 0.3, 0.3167, 0.3333, 0.35, 0.3667, 0.3833, 0.4, 0.4167, 0.4333, 0.45, 0.4667, 0.4833, 0.5, 0.5167, 0.5333, 0.55, 0.5667, 0.5833, 0.6, 0.6167, 0.6333, 0.65, 0.6667, 0.6833, 0.7, 0.7167, 0.7333, 0.75, 0.7667, 0.7833, 0.8, 0.8167, 0.8333, 0.85, 0.8667, 0.8833, 0.9, 0.9167, 0.9333],
            "transform": [
                [0.906202, -0.000642, -0.422844, 0.124994, 0.093018, -0.975201, 0.200828, -0.002831, -0.412487, -0.221323, -0.883669, -1.2e-05, 0.0, 0.0, 0.0, 1.0],
                [0.906202, -0.000642, -0.422844, 0.124994, 0.093018, -0.975201, 0.200828, -0.002831, -0.412487, -0.221322, -0.883669, -1.2e-05, 0.0, 0.0, 0.0, 1.0],
                [0.906202, -0.000642, -0.422845, 0.124994, 0.093018, -0.975201, 0.200828, -0.002831, -0.412487, -0.221323, -0.883669, -1.2e-05, 0.0, 0.0, 0.0, 1.0],
                [0.906202, -0.000642, -0.422844, 0.124994, 0.093018, -0.975201, 0.200828, -0.002831, -0.412487, -0.221323, -0.883669, -1.2e-05, 0.0, 0.0, 0.0, 1.0],
                [0.906202, -0.000642, -0.422844, 0.124994, 0.093018, -0.975201, 0.200828, -0.002831, -0.412487, -0.221323, -0.883669, -1.2e-05, 0.0, 0.0, 0.0, 1.0],
                [0.906202, -0.000642, -0.422844, 0.124994, 0.093018, -0.975201, 0.200828, -0.002831, -0.412487, -0.221323, -0.883669, -1.2e-05, 0.0, 0.0, 0.0, 1.0],
                [0.906202, -0.000642, -0.422844, 0.124994, 0.093018, -0.975201, 0.200828, -0.002831, -0.412487, -0.221323, -0.883669, -1.2e-05, 0.0, 0.0, 0.0, 1.0],
                [0.906202, -0.000642, -0.422845, 0.124994, 0.093018, -0.975201, 0.200828, -0.002831, -0.412487, -0.221323, -0.883669, -1.2e-05, 0.0, 0.0, 0.0, 1.0],
                [0.906202, -0.000642, -0.422844, 0.124994, 0.093018, -0.975201, 0.200828, -0.002831, -0.412487, -0.221323, -0.883669, -1.2e-05, 0.0, 0.0, 0.0, 1.0],
                [0.906202, -0.000642, -0.422844, 0.124994, 0.093018, -0.975201, 0.200828, -0.002831, -0.412487, -0.221323, -0.883669, -1.2e-05, 0.0, 0.0, 0.0, 1.0],
                [0.906202, -0.000642, -0.422845, 0.124994, 0.093018, -0.975201, 0.200828, -0.002831, -0.412487, -0.221323, -0.883669, -1.2e-05, 0.0, 0.0, 0.0, 1.0],
                [0.906202, -0.000642, -0.422844, 0.124994, 0.093018, -0.975201, 0.200828, -0.002831, -0.412487, -0.221323, -0.883669, -1.2e-05, 0.0, 0.0, 0.0, 1.0],
                [0.906202, -0.000642, -0.422844, 0.124994, 0.093018, -0.975201, 0.200828, -0.002831, -0.412487, -0.221323, -0.883669, -1.2e-05, 0.0, 0.0, 0.0, 1.0],
                [0.906202, -0.000642, -0.422845, 0.124994, 0.093018, -0.975201, 0.200828, -0.002831, -0.412487, -0.221323, -0.883669, -1.2e-05, 0.0, 0.0, 0.0, 1.0],
                [0.906202, -0.000642, -0.422844, 0.124994, 0.093018, -0.975201, 0.200828, -0.002831, -0.412487, -0.221323, -0.883669, -1.2e-05, 0.0, 0.0, 0.0, 1.0],
                [0.906202, -0.000642, -0.422844, 0.124994, 0.093018, -0.975201, 0.200828, -0.002831, -0.412487, -0.221323, -0.883669, -1.2e-05, 0.0, 0.0, 0.0, 1.0],
                [0.906202, -0.000642, -0.422845, 0.124994, 0.093018, -0.975201, 0.200828, -0.002831, -0.412487, -0.221323, -0.883669, -1.2e-05, 0.0, 0.0, 0.0, 1.0],
                [0.917316, 0.008692, -0.398065, 0.124994, 0.0932, -0.976674, 0.193448, -0.002831, -0.387098, -0.214553, -0.896729, -1.2e-05, 0.0, 0.0, 0.0, 1.0],
                [0.943916, 0.032761, -0.328557, 0.124994, 0.094193, -0.980434, 0.17285, -0.002831, -0.316466, -0.194104, -0.928533, -1.2e-05, 0.0, 0.0, 0.0, 1.0],
                [0.973207, 0.064728, -0.220632, 0.124994, 0.097176, -0.985437, 0.139542, -0.002831, -0.208387, -0.157243, -0.965323, -1.2e-05, 0.0, 0.0, 0.0, 1.0],
                [0.991919, 0.095855, -0.083123, 0.124994, 0.103649, -0.990051, 0.095161, -0.002831, -0.073174, -0.103008, -0.991985, -1.2e-05, 0.0, 0.0, 0.0, 1.0],
                [0.990583, 0.117713, 0.069917, 0.124994, 0.114738, -0.992369, 0.045156, -0.002831, 0.074698, -0.036709, -0.99653, -1.2e-05, 0.0, 0.0, 0.0, 1.0],
                [0.967102, 0.126984, 0.220428, 0.124994, 0.130409, -0.99146, -0.000995, -0.002831, 0.218419, 0.029708, -0.975403, -1.2e-05, 0.0, 0.0, 0.0, 1.0],
                [0.927506, 0.128574, 0.351, 0.124994, 0.149073, -0.988312, -0.031895, -0.002831, 0.342797, 0.081907, -0.935832, -1.2e-05, 0.0, 0.0, 0.0, 1.0],
                [0.882772, 0.13135, 0.451067, 0.124994, 0.168348, -0.984803, -0.042698, -0.002831, 0.438603, 0.113629, -0.891468, -1.2e-05, 0.0, 0.0, 0.0, 1.0],
                [0.841803, 0.133783, 0.522943, 0.124994, 0.187394, -0.980976, -0.050696, -0.002831, 0.506212, 0.140672, -0.850859, -1.2e-05, 0.0, 0.0, 0.0, 1.0],
                [0.810456, 0.126861, 0.571898, 0.124994, 0.205828, -0.975691, -0.075254, -0.002831, 0.548449, 0.178703, -0.816865, -1.2e-05, 0.0, 0.0, 0.0, 1.0],
                [0.792263, 0.09972, 0.601976, 0.124994, 0.22315, -0.965566, -0.133738, -0.002831, 0.567911, 0.240287, -0.787235, -1.2e-05, 0.0, 0.0, 0.0, 1.0],
                [0.788693, 0.039298, 0.613529, 0.124994, 0.238662, -0.93926, -0.246639, -0.002831, 0.566571, 0.340949, -0.750167, -1.2e-05, 0.0, 0.0, 0.0, 1.0],
                [0.785341, 0.017046, 0.618828, 0.124994, 0.228335, -0.937117, -0.263961, -0.002831, 0.575415, 0.348599, -0.739848, -1.2e-05, 0.0, 0.0, 0.0, 1.0],
                [0.77292, 0.055851, 0.63204, 0.124994, 0.191813, -0.970079, -0.148846, -0.002831, 0.604815, 0.23628, -0.760506, -1.2e-05, 0.0, 0.0, 0.0, 1.0],
                [0.760726, 0.084032, 0.64361, 0.124994, 0.163348, -0.984455, -0.064538, -0.002831, 0.628182, 0.154228, -0.762627, -1.2e-05, 0.0, 0.0, 0.0, 1.0],
                [0.757432, 0.083766, 0.647517, 0.124994, 0.162007, -0.984833, -0.062105, -0.002831, 0.632494, 0.151942, -0.759516, -1.2e-05, 0.0, 0.0, 0.0, 1.0],
                [0.753397, 0.083007, 0.652305, 0.124994, 0.160395, -0.985235, -0.05988, -0.002831, 0.637703, 0.14974, -0.755587, -1.2e-05, 0.0, 0.0, 0.0, 1.0],
                [0.749855, 0.082326, 0.656459, 0.124994, 0.157079, -0.98601, -0.055772, -0.002831, 0.642684, 0.144937, -0.752297, -1.2e-05, 0.0, 0.0, 0.0, 1.0],
                [0.744238, 0.079667, 0.663145, 0.124994, 0.155548, -0.986235, -0.056089, -0.002831, 0.649549, 0.144894, -0.746386, -1.2e-05, 0.0, 0.0, 0.0, 1.0],
                [0.737835, 0.075533, 0.670741, 0.124994, 0.154404, -0.986257, -0.058786, -0.002831, 0.657083, 0.14694, -0.739358, -1.2e-05, 0.0, 0.0, 0.0, 1.0],
                [0.731882, 0.070253, 0.6778, 0.124994, 0.152523, -0.986324, -0.062462, -0.002831, 0.664142, 0.149094, -0.732588, -1.2e-05, 0.0, 0.0, 0.0, 1.0],
                [0.726414, 0.063784, 0.684291, 0.124994, 0.15007, -0.986378, -0.067365, -0.002831, 0.670672, 0.151626, -0.726091, -1.2e-05, 0.0, 0.0, 0.0, 1.0],
                [0.721066, 0.056081, 0.690592, 0.124994, 0.147561, -0.986282, -0.07398, -0.002831, 0.67697, 0.155249, -0.71945, -1.2e-05, 0.0, 0.0, 0.0, 1.0],
                [0.715398, 0.047232, 0.697119, 0.124994, 0.145527, -0.985905, -0.082545, -0.002831, 0.683394, 0.160502, -0.712188, -1.2e-05, 0.0, 0.0, 0.0, 1.0],
                [0.711302, 0.036907, 0.701917, 0.124994, 0.143502, -0.985212, -0.093618, -0.002831, 0.688082, 0.167317, -0.706079, -1.2e-05, 0.0, 0.0, 0.0, 1.0],
                [0.709034, 0.02526, 0.704721, 0.124994, 0.141659, -0.984088, -0.107254, -0.002831, 0.690798, 0.175877, -0.70133, -1.2e-05, 0.0, 0.0, 0.0, 1.0],
                [0.708041, 0.014231, 0.706027, 0.124994, 0.140187, -0.982731, -0.120779, -0.002831, 0.692116, 0.184492, -0.697809, -1.2e-05, 0.0, 0.0, 0.0, 1.0],
                [0.708448, 0.0066, 0.705731, 0.124994, 0.138898, -0.981704, -0.130253, -0.002831, 0.691959, 0.190302, -0.696403, -1.2e-05, 0.0, 0.0, 0.0, 1.0],
                [0.711147, 0.003484, 0.703035, 0.124994, 0.137415, -0.981389, -0.134138, -0.002831, 0.689483, 0.191999, -0.69839, -1.2e-05, 0.0, 0.0, 0.0, 1.0],
                [0.719231, 0.004716, 0.694755, 0.124994, 0.135043, -0.981855, -0.133135, -0.002831, 0.681521, 0.189577, -0.706817, -1.2e-05, 0.0, 0.0, 0.0, 1.0],
                [0.735817, 0.011482, 0.677083, 0.124994, 0.131165, -0.983338, -0.125867, -0.002831, 0.664356, 0.181425, -0.725063, -1.2e-05, 0.0, 0.0, 0.0, 1.0],
                [0.763353, 0.02404, 0.645534, 0.124994, 0.125281, -0.985844, -0.111433, -0.002831, 0.633717, 0.165936, -0.755559, -1.2e-05, 0.0, 0.0, 0.0, 1.0],
                [0.803047, 0.041267, 0.594486, 0.124994, 0.117113, -0.989074, -0.089541, -0.002831, 0.584296, 0.141528, -0.799105, -1.2e-05, 0.0, 0.0, 0.0, 1.0],
                [0.853912, 0.060851, 0.516847, 0.124994, 0.106788, -0.992495, -0.059578, -0.002831, 0.509343, 0.106068, -0.854002, -1.2e-05, 0.0, 0.0, 0.0, 1.0],
                [0.911241, 0.078565, 0.404311, 0.124994, 0.095132, -0.995243, -0.021017, -0.002831, 0.400737, 0.057615, -0.91438, -1.2e-05, 0.0, 0.0, 0.0, 1.0],
                [0.9689, 0.088763, 0.230985, 0.124994, 0.083384, -0.995972, 0.032967, -0.002831, 0.232981, -0.012682, -0.972399, -1.2e-05, 0.0, 0.0, 0.0, 1.0],
                [0.996913, 0.078253, 0.006366, 0.124994, 0.077278, -0.992334, 0.096448, -0.002831, 0.013865, -0.095659, -0.995318, -1.2e-05, 0.0, 0.0, 0.0, 1.0],
                [0.976395, 0.047214, -0.210769, 0.124994, 0.080444, -0.985104, 0.151984, -0.002831, -0.200454, -0.165352, -0.965649, -1.2e-05, 0.0, 0.0, 0.0, 1.0],
                [0.930792, 0.014013, -0.36528, 0.124994, 0.08856, -0.978141, 0.188142, -0.002831, -0.354659, -0.207471, -0.911687, -1.2e-05, 0.0, 0.0, 0.0, 1.0],
                [0.906202, -0.000642, -0.422844, 0.124994, 0.093018, -0.975201, 0.200828, -0.002831, -0.412487, -0.221323, -0.883669, -1.2e-05, 0.0, 0.0, 0.0, 1.0]
            ]
        },
        {
            "name": "Leg_R",
            "time": [0.0, 0.0167, 0.0333, 0.05, 0.0667, 0.0833, 0.1, 0.1167, 0.1333, 0.15, 0.1667, 0.1833, 0.2, 0.2167, 0.2333, 0.25, 0.2667, 0.2833, 0.3, 0.3167, 0.3333, 0.35, 0.3667, 0.3833, 0.4, 0.4167, 0.4333, 0.45, 0.4667, 0.4833, 0.5, 0.5167, 0.5333, 0.55, 0.5667, 0.5833, 0.6, 0.6167, 0.6333, 0.65, 0.6667, 0.6833, 0.7, 0.7167, 0.7333, 0.75, 0.7667, 0.7833, 0.8, 0.8167, 0.8333, 0.85, 0.8667, 0.8833, 0.9, 0.9167, 0.9333],
            "transform": [
                [1.0, -0.0, 1e-06, -0.0, -0.0, 0.809552, 0.587047, 0.374726, -1e-06, -0.587047, 0.809553, 0.0, 0.0, 0.0, 0.0, 1.0],
                [1.0, -0.0, 1e-06, -0.0, -0.0, 0.809552, 0.587047, 0.374726, -1e-06, -0.587047, 0.809553, 0.0, 0.0, 0.0, 0.0, 1.0],
                [1.0, -0.0, 1e-06, 0.0, -0.0, 0.809553, 0.587047, 0.374726, -1e-06, -0.587047, 0.809553, -0.0, 0.0, 0.0, 0.0, 1.0],
                [1.0, -1e-06, 1e-06, 0.0, -0.0, 0.809553, 0.587047, 0.374726, -1e-06, -0.587047, 0.809553, -0.0, 0.0, 0.0, 0.0, 1.0],
                [1.0, -0.0, 1e-06, -0.0, -0.0, 0.809552, 0.587047, 0.374726, -1e-06, -0.587047, 0.809553, 0.0, 0.0, 0.0, 0.0, 1.0],
                [1.0, -0.0, 1e-06, -0.0, -0.0, 0.809552, 0.587047, 0.374726, -1e-06, -0.587047, 0.809553, -0.0, 0.0, 0.0, 0.0, 1.0],
                [1.0, -0.0, 1e-06, -0.0, -0.0, 0.809552, 0.587047, 0.374726, -1e-06, -0.587047, 0.809553, 0.0, 0.0, 0.0, 0.0, 1.0],
                [1.0, -0.0, 1e-06, 0.0, -0.0, 0.809553, 0.587047, 0.374726, -1e-06, -0.587047, 0.809553, -0.0, 0.0, 0.0, 0.0, 1.0],
                [1.0, -0.0, 1e-06, -0.0, -0.0, 0.809552, 0.587047, 0.374726, -1e-06, -0.587047, 0.809553, -0.0, 0.0, 0.0, 0.0, 1.0],
                [1.0, -0.0, 1e-06, -0.0, -0.0, 0.809552, 0.587047, 0.374726, -1e-06, -0.587047, 0.809553, 0.0, 0.0, 0.0, 0.0, 1.0],
                [1.0, -0.0, 1e-06, 0.0, -0.0, 0.809553, 0.587047, 0.374726, -1e-06, -0.587047, 0.809553, -0.0, 0.0, 0.0, 0.0, 1.0],
                [1.0, -0.0, 1e-06, -0.0, -0.0, 0.809552, 0.587047, 0.374726, -1e-06, -0.587047, 0.809553, -0.0, 0.0, 0.0, 0.0, 1.0],
                [1.0, -0.0, 1e-06, -0.0, -0.0, 0.809552, 0.587047, 0.374726, -1e-06, -0.587047, 0.809553, 0.0, 0.0, 0.0, 0.0, 1.0],
                [1.0, -0.0, 1e-06, 0.0, -0.0, 0.809553, 0.587047, 0.374726, -1e-06, -0.587047, 0.809553, -0.0, 0.0, 0.0, 0.0, 1.0],
                [1.0, -0.0, 1e-06, -0.0, -0.0, 0.809552, 0.587047, 0.374726, -1e-06, -0.587047, 0.809553, -0.0, 0.0, 0.0, 0.0, 1.0],
                [1.0, -0.0, 1e-06, -0.0, -0.0, 0.809552, 0.587047, 0.374726, -1e-06, -0.587047, 0.809553, 0.0, 0.0, 0.0, 0.0, 1.0],
                [1.0, -0.0, 1e-06, 0.0, -0.0, 0.809553, 0.587047, 0.374726, -1e-06, -0.587047, 0.809553, -0.0, 0.0, 0.0, 0.0, 1.0],
                [1.0, -0.0, 1e-06, 0.0, -0.0, 0.804419, 0.594061, 0.374726, -1e-06, -0.594061, 0.80442, -0.0, 0.0, 0.0, 0.0, 1.0],
                [1.0, -0.0, 1e-06, -0.0, -0.0, 0.790592, 0.612343, 0.374726, -1e-06, -0.612343, 0.790592, -0.0, 0.0, 0.0, 0.0, 1.0],
                [1.0, -0.0, 1e-06, -0.0, -0.0, 0.772385, 0.635155, 0.374726, -1e-06, -0.635155, 0.772385, 0.0, 0.0, 0.0, 0.0, 1.0],
                [1.0, -1e-06, 1e-06, -0.0, -0.0, 0.753747, 0.657165, 0.374726, -1e-06, -0.657165, 0.753747, -0.0, 0.0, 0.0, 0.0, 1.0],
                [1.0, -1e-06, 1e-06, 0.0, -0.0, 0.735101, 0.677957, 0.374726, -1e-06, -0.677957, 0.735101, -0.0, 0.0, 0.0, 0.0, 1.0],
                [1.0, -0.0, 1e-06, -0.0, -0.0, 0.711615, 0.702569, 0.374726, -1e-06, -0.702569, 0.711615, -0.0, 0.0, 0.0, 0.0, 1.0],
                [1.0, -1e-06, 1e-06, -0.0, -0.0, 0.673621, 0.739077, 0.374726, -1e-06, -0.739077, 0.673621, -0.0, 0.0, 0.0, 0.0, 1.0],
                [1.0, -1e-06, 1e-06, 0.0, -0.0, 0.614975, 0.788546, 0.374726, -1e-06, -0.788547, 0.614975, 0.0, 0.0, 0.0, 0.0, 1.0],
                [1.0, -1e-06, 1e-06, 0.0, -0.0, 0.554766, 0.832006, 0.374726, -1e-06, -0.832006, 0.554766, 0.0, 0.0, 0.0, 0.0, 1.0],
                [1.0, -1e-06, 1e-06, -0.0, -0.0, 0.519887, 0.854235, 0.374726, -1e-06, -0.854235, 0.519887, 0.0, 0.0, 0.0, 0.0, 1.0],
                [1.0, -1e-06, 1e-06, -0.0, -0.0, 0.538777, 0.842448, 0.374726, -1e-06, -0.842448, 0.538777, 0.0, 0.0, 0.0, 0.0, 1.0],
                [1.0, -1e-06, 1e-06, 0.0, -0.0, 0.644327, 0.764749, 0.374726, -1e-06, -0.76475, 0.644328, -0.0, 0.0, 0.0, 0.0, 1.0],
                [1.0, -1e-06, 1e-06, 0.0, -0.0, 0.72714, 0.686489, 0.374726, -1e-06, -0.686489, 0.727141, 0.0, 0.0, 0.0, 0.0, 1.0],
                [1.0, -1e-06, 1e-06, 0.0, -0.0, 0.746554, 0.665325, 0.374726, -1e-06, -0.665325, 0.746554, -0.0, 0.0, 0.0, 0.0, 1.0],
                [1.0, -1e-06, 1e-06, -0.0, -0.0, 0.76853, 0.639813, 0.374726, -1e-06, -0.639813, 0.768531, 0.0, 0.0, 0.0, 0.0, 1.0],
                [1.0, -0.0, 1e-06, 0.0, -0.0, 0.777586, 0.628776, 0.374726, -1e-06, -0.628776, 0.777586, -0.0, 0.0, 0.0, 0.0, 1.0],
                [1.0, -0.0, 1e-06, -0.0, -0.0, 0.788859, 0.614574, 0.374726, -1e-06, -0.614574, 0.788859, 0.0, 0.0, 0.0, 0.0, 1.0],
                [1.0, -0.0, 1e-06, 0.0, -0.0, 0.801325, 0.598229, 0.374726, -1e-06, -0.598229, 0.801326, -0.0, 0.0, 0.0, 0.0, 1.0],
                [1.0, -0.0, 1e-06, 0.0, -0.0, 0.816747, 0.576995, 0.374726, -1e-06, -0.576996, 0.816747, -0.0, 0.0, 0.0, 0.0, 1.0],
                [1.0, -0.0, 1e-06, 0.0, -0.0, 0.833851, 0.551989, 0.374726, -1e-06, -0.551989, 0.833852, -0.0, 0.0, 0.0, 0.0, 1.0],
                [1.0, -0.0, 1e-06, 0.0, -0.0, 0.851745, 0.523957, 0.374726, -1e-06, -0.523957, 0.851745, 0.0, 0.0, 0.0, 0.0, 1.0],
                [1.0, -0.0, 1e-06, -0.0, -0.0, 0.870027, 0.493003, 0.374726, -1e-06, -0.493003, 0.870028, 0.0, 0.0, 0.0, 0.0, 1.0],
                [1.0, -0.0, 1e-06, 0.0, -0.0, 0.888268, 0.459324, 0.374726, -1e-06, -0.459324, 0.888269, 0.0, 0.0, 0.0, 0.0, 1.0],
                [1.0, -0.0, 1e-06, -0.0, -0.0, 0.905886, 0.423521, 0.374726, -1e-06, -0.423521, 0.905887, 0.0, 0.0, 0.0, 0.0, 1.0],
                [1.0, -0.0, 1e-06, -0.0, -0.0, 0.922317, 0.386434, 0.374726, -1e-06, -0.386434, 0.922317, -0.0, 0.0, 0.0, 0.0, 1.0],
                [1.0, -0.0, 1e-06, 0.0, -0.0, 0.937226, 0.348722, 0.374726, -1e-06, -0.348722, 0.937226, -0.0, 0.0, 0.0, 0.0, 1.0],
                [1.0, -0.0, 1e-06, 0.0, -0.0, 0.949136, 0.314867, 0.374726, -1e-06, -0.314867, 0.949136, 0.0, 0.0, 0.0, 0.0, 1.0],
                [1.0, -0.0, 1e-06, 0.0, -0.0, 0.956402, 0.292053, 0.374726, -1e-06, -0.292053, 0.956402, -0.0, 0.0, 0.0, 0.0, 1.0],
                [1.0, -0.0, 1e-06, 0.0, -0.0, 0.959292, 0.282415, 0.374726, -1e-06, -0.282415, 0.959292, 0.0, 0.0, 0.0, 0.0, 1.0],
                [1.0, -0.0, 1e-06, 0.0, -0.0, 0.959105, 0.283051, 0.374726, -1e-06, -0.283051, 0.959105, -0.0, 0.0, 0.0, 0.0, 1.0],
                [1.0, -0.0, 1e-06, 0.0, -0.0, 0.955469, 0.29509, 0.374726, -1e-06, -0.29509, 0.955469, -0.0, 0.0, 0.0, 0.0, 1.0],
                [1.0, -0.0, 1e-06, 0.0, -0.0, 0.947983, 0.318321, 0.374726, -1e-06, -0.318321, 0.947983, -0.0, 0.0, 0.0, 0.0, 1.0],
                [1.0, -0.0, 1e-06, 0.0, -0.0, 0.93646, 0.350774, 0.374726, -1e-06, -0.350774, 0.93646, -0.0, 0.0, 0.0, 0.0, 1.0],
                [1.0, -0.0, 1e-06, 0.0, -0.0, 0.920649, 0.390391, 0.374726, -1e-06, -0.390391, 0.920649, -0.0, 0.0, 0.0, 0.0, 1.0],
                [1.0, -0.0, 1e-06, -0.0, -0.0, 0.900755, 0.434326, 0.374726, -1e-06, -0.434327, 0.900756, 0.0, 0.0, 0.0, 0.0, 1.0],
                [1.0, -0.0, 1e-06, -0.0, -0.0, 0.874123, 0.485704, 0.374726, -1e-06, -0.485704, 0.874123, -0.0, 0.0, 0.0, 0.0, 1.0],
                [1.0, -0.0, 1e-06, 0.0, -0.0, 0.84518, 0.53448, 0.374726, -1e-06, -0.534481, 0.845181, 0.0, 0.0, 0.0, 0.0, 1.0],
                [1.0, -0.0, 1e-06, 0.0, -0.0, 0.823525, 0.567279, 0.374726, -1e-06, -0.567279, 0.823526, -0.0, 0.0, 0.0, 0.0, 1.0],
                [1.0, -1e-06, 1e-06, 0.0, -0.0, 0.81252, 0.582933, 0.374726, -1e-06, -0.582934, 0.81252, -0.0, 0.0, 0.0, 0.0, 1.0],
                [1.0, -0.0, 1e-06, -0.0, -0.0, 0.809552, 0.587047, 0.374726, -1e-06, -0.587047, 0.809553, -0.0, 0.0, 0.0, 0.0, 1.0]
            ]
        },
        {
            "name": "Knee_R",
            "time": [0.0, 0.9333],
            "transform": [
                [1.0, 0.0, -0.0, -0.0, -0.0, 0.00567, -0.999984, 0.384439, -0.0, 0.999984, 0.00567, -5.5e-05, 0.0, 0.0, 0.0, 1.0],
                [1.0, 0.0, -0.0, -0.0, -0.0, 0.00567, -0.999984, 0.38444, -0.0, 0.999984, 0.00567, -5.5e-05, 0.0, 0.0, 0.0, 1.0]
            ]
        },
        {
            "name": "Thigh_L",
            "time": [0.0, 0.0167, 0.0333, 0.05, 0.0667, 0.0833, 0.1, 0.1167, 0.1333, 0.15, 0.1667, 0.1833, 0.2, 0.2167, 0.2333, 0.25, 0.2667, 0.2833, 0.3, 0.3167, 0.3333, 0.35, 0.3667, 0.3833, 0.4, 0.4167, 0.4333, 0.45, 0.4667, 0.4833, 0.5, 0.5167, 0.5333, 0.55, 0.5667, 0.5833, 0.6, 0.6167, 0.6333, 0.65, 0.6667, 0.6833, 0.7, 0.7167, 0.7333, 0.75, 0.7667, 0.7833, 0.8, 0.8167, 0.8333, 0.85, 0.8667, 0.8833, 0.9, 0.9167, 0.9333],
            "transform": [
                [0.415751, -0.386105, -0.823453, -0.125006, 0.029227, -0.899273, 0.436411, -0.002831, -0.909009, -0.205505, -0.362589, -1.2e-05, 0.0, 0.0, 0.0, 1.0],
                [0.41685, -0.38713, -0.822415, -0.125006, 0.028973, -0.898653, 0.437702, -0.002831, -0.908514, -0.206284, -0.363387, -1.2e-05, 0.0, 0.0, 0.0, 1.0],
                [0.420039, -0.390293, -0.819292, -0.125006, 0.028241, -0.896736, 0.441664, -0.002831, -0.907067, -0.208654, -0.365642, -1.2e-05, 0.0, 0.0, 0.0, 1.0],
                [0.425175, -0.395638, -0.814062, -0.125006, 0.027064, -0.893446, 0.448355, -0.002831, -0.904707, -0.212661, -0.369164, -1.2e-05, 0.0, 0.0, 0.0, 1.0],
                [0.432137, -0.403105, -0.8067, -0.125006, 0.025467, -0.888724, 0.457734, -0.002831, -0.901448, -0.218348, -0.373785, -1.2e-05, 0.0, 0.0, 0.0, 1.0],
                [0.44081, -0.412545, -0.797178, -0.125006, 0.023467, -0.882521, 0.469687, -0.002831, -0.897293, -0.225751, -0.379343, -1.2e-05, 0.0, 0.0, 0.0, 1.0],
                [0.451085, -0.423744, -0.78547, -0.125006, 0.021074, -0.874795, 0.484035, -0.002831, -0.892232, -0.234894, -0.385677, -1.2e-05, 0.0, 0.0, 0.0, 1.0],
                [0.462848, -0.436447, -0.771548, -0.125006, 0.018291, -0.865504, 0.500568, -0.002831, -0.886249, -0.245799, -0.392614, -1.2e-05, 0.0, 0.0, 0.0, 1.0],
                [0.475974, -0.450382, -0.755384, -0.125006, 0.015118, -0.854602, 0.519064, -0.002831, -0.879329, -0.258481, -0.399959, -1.2e-05, 0.0, 0.0, 0.0, 1.0],
                [0.490322, -0.465273, -0.736957, -0.125006, 0.011552, -0.842036, 0.539298, -0.002831, -0.871465, -0.272943, -0.407494, -1.2e-05, 0.0, 0.0, 0.0, 1.0],
                [0.505728, -0.480854, -0.716254, -0.125006, 0.007587, -0.827742, 0.561058, -0.002831, -0.86266, -0.289177, -0.414964, -1.2e-05, 0.0, 0.0, 0.0, 1.0],
                [0.522003, -0.496877, -0.693272, -0.125006, 0.003217, -0.811647, 0.58414, -0.002831, -0.852937, -0.307154, -0.422083, -1.2e-05, 0.0, 0.0, 0.0, 1.0],
                [0.538928, -0.513117, -0.668033, -0.125006, -0.001561, -0.793664, 0.608355, -0.002831, -0.842351, -0.326816, -0.428528, -1.2e-05, 0.0, 0.0, 0.0, 1.0],
                [0.556255, -0.529379, -0.640577, -0.125006, -0.006751, -0.773693, 0.633525, -0.002831, -0.830985, -0.348077, -0.433944, -1.2e-05, 0.0, 0.0, 0.0, 1.0],
                [0.573707, -0.545502, -0.610973, -0.125006, -0.012349, -0.75162, 0.659481, -0.002831, -0.818968, -0.370804, -0.437946, -1.2e-05, 0.0, 0.0, 0.0, 1.0],
                [0.590986, -0.561365, -0.579315, -0.125006, -0.018345, -0.727312, 0.686062, -0.002831, -0.806473, -0.394825, -0.44013, -1.2e-05, 0.0, 0.0, 0.0, 1.0],
                [0.607776, -0.576891, -0.545716, -0.125006, -0.024723, -0.700619, 0.713108, -0.002831, -0.793724, -0.419918, -0.440082, -1.2e-05, 0.0, 0.0, 0.0, 1.0],
                [0.652062, -0.581419, -0.486588, -0.125006, -0.03148, -0.662005, 0.748838, -0.002831, -0.757512, -0.47297, -0.449971, -1.2e-05, 0.0, 0.0, 0.0, 1.0],
                [0.737782, -0.555515, -0.383511, -0.125006, -0.041373, -0.604276, 0.7957, -0.002831, -0.67377, -0.571187, -0.468807, -1.2e-05, 0.0, 0.0, 0.0, 1.0],
                [0.839299, -0.48459, -0.246474, -0.125006, -0.060119, -0.533297, 0.843789, -0.002831, -0.540336, -0.693374, -0.476729, -1.2e-05, 0.0, 0.0, 0.0, 1.0],
                [0.928048, -0.361841, -0.088307, -0.125006, -0.09487, -0.458915, 0.883401, -0.002831, -0.360176, -0.811461, -0.460223, -1.2e-05, 0.0, 0.0, 0.0, 1.0],
                [0.97744, -0.195398, 0.080192, -0.125006, -0.153052, -0.393603, 0.90645, -0.002831, -0.145555, -0.898274, -0.414629, -1.2e-05, 0.0, 0.0, 0.0, 1.0],
                [0.967042, -0.00637, 0.254538, -0.125006, -0.240733, -0.348491, 0.905871, -0.002831, 0.082934, -0.93729, -0.338539, -1.2e-05, 0.0, 0.0, 0.0, 1.0],
                [0.883804, 0.180008, 0.431843, -0.125006, -0.359611, -0.32908, 0.873147, -0.002831, 0.299284, -0.926987, -0.226109, -1.2e-05, 0.0, 0.0, 0.0, 1.0],
                [0.763603, 0.306237, 0.568445, -0.125006, -0.461283, -0.357292, 0.812133, -0.002831, 0.451806, -0.882362, -0.131567, -1.2e-05, 0.0, 0.0, 0.0, 1.0],
                [0.733813, 0.327517, 0.59519, -0.125006, -0.45538, -0.413005, 0.788706, -0.002831, 0.504131, -0.8498, -0.153924, -1.2e-05, 0.0, 0.0, 0.0, 1.0],
                [0.786658, 0.300029, 0.539586, -0.125006, -0.365645, -0.477809, 0.79875, -0.002831, 0.497467, -0.82564, -0.266168, -1.2e-05, 0.0, 0.0, 0.0, 1.0],
                [0.835866, 0.290813, 0.46557, -0.125006, -0.274827, -0.512482, 0.813531, -0.002831, 0.475182, -0.807954, -0.348443, -1.2e-05, 0.0, 0.0, 0.0, 1.0],
                [0.862979, 0.316446, 0.393864, -0.125006, -0.22078, -0.464999, 0.85734, -0.002831, 0.454448, -0.826824, -0.331419, -1.2e-05, 0.0, 0.0, 0.0, 1.0],
                [0.892243, 0.297481, 0.339716, -0.125006, -0.16336, -0.488717, 0.857012, -0.002831, 0.42097, -0.820159, -0.387458, -1.2e-05, 0.0, 0.0, 0.0, 1.0],
                [0.910326, 0.24026, 0.337019, -0.125006, -0.121184, -0.623862, 0.772082, -0.002831, 0.395753, -0.743688, -0.538802, -1.2e-05, 0.0, 0.0, 0.0, 1.0],
                [0.915721, 0.199454, 0.348816, -0.125006, -0.10549, -0.718319, 0.68767, -0.002831, 0.38772, -0.666511, -0.636739, -1.2e-05, 0.0, 0.0, 0.0, 1.0],
                [0.915885, 0.198576, 0.348887, -0.125006, -0.10364, -0.722661, 0.683389, -0.002831, 0.387832, -0.662064, -0.641294, -1.2e-05, 0.0, 0.0, 0.0, 1.0],
                [0.915216, 0.191748, 0.354417, -0.125006, -0.103596, -0.738006, 0.666795, -0.002831, 0.389419, -0.646978, -0.655571, -1.2e-05, 0.0, 0.0, 0.0, 1.0],
                [0.914994, 0.184584, 0.358768, -0.125006, -0.102478, -0.75373, 0.649145, -0.002831, 0.390236, -0.63073, -0.670742, -1.2e-05, 0.0, 0.0, 0.0, 1.0],
                [0.914726, 0.179467, 0.362032, -0.125006, -0.100935, -0.766069, 0.634783, -0.002831, 0.391264, -0.617195, -0.682629, -1.2e-05, 0.0, 0.0, 0.0, 1.0],
                [0.914388, 0.17358, 0.365738, -0.125006, -0.099365, -0.779554, 0.618403, -0.002831, 0.392455, -0.601802, -0.695567, -1.2e-05, 0.0, 0.0, 0.0, 1.0],
                [0.913978, 0.165761, 0.370361, -0.125006, -0.098086, -0.795425, 0.598062, -0.002831, 0.39373, -0.582943, -0.710742, -1.2e-05, 0.0, 0.0, 0.0, 1.0],
                [0.913531, 0.15675, 0.375352, -0.125006, -0.097019, -0.812172, 0.575295, -0.002831, 0.395028, -0.561967, -0.726737, -1.2e-05, 0.0, 0.0, 0.0, 1.0],
                [0.91308, 0.147454, 0.380185, -0.125006, -0.095978, -0.828427, 0.551813, -0.002831, 0.396323, -0.540339, -0.742268, -1.2e-05, 0.0, 0.0, 0.0, 1.0],
                [0.91266, 0.138852, 0.38441, -0.125006, -0.094758, -0.843015, 0.529477, -0.002831, 0.397583, -0.519659, -0.756229, -1.2e-05, 0.0, 0.0, 0.0, 1.0],
                [0.91273, 0.131143, 0.386944, -0.125006, -0.093012, -0.855518, 0.50935, -0.002831, 0.397835, -0.500889, -0.768659, -1.2e-05, 0.0, 0.0, 0.0, 1.0],
                [0.912957, 0.124016, 0.388754, -0.125006, -0.091454, -0.866276, 0.491123, -0.002831, 0.397675, -0.483927, -0.779531, -1.2e-05, 0.0, 0.0, 0.0, 1.0],
                [0.913117, 0.118255, 0.39017, -0.125006, -0.090297, -0.874582, 0.476396, -0.002831, 0.397572, -0.470236, -0.787918, -1.2e-05, 0.0, 0.0, 0.0, 1.0],
                [0.913248, 0.114553, 0.390968, -0.125006, -0.089439, -0.879872, 0.466719, -0.002831, 0.397465, -0.461198, -0.793295, -1.2e-05, 0.0, 0.0, 0.0, 1.0],
                [0.913836, 0.111816, 0.390385, -0.125006, -0.088666, -0.883207, 0.460526, -0.002831, 0.396285, -0.45546, -0.797192, -1.2e-05, 0.0, 0.0, 0.0, 1.0],
                [0.916662, 0.107204, 0.385017, -0.125006, -0.087568, -0.886072, 0.455201, -0.002831, 0.389952, -0.450981, -0.802841, -1.2e-05, 0.0, 0.0, 0.0, 1.0],
                [0.923526, 0.098552, 0.370657, -0.125006, -0.085794, -0.888849, 0.450096, -0.002831, 0.373816, -0.447476, -0.812421, -1.2e-05, 0.0, 0.0, 0.0, 1.0],
                [0.935687, 0.083525, 0.342801, -0.125006, -0.083082, -0.892098, 0.444138, -0.002831, 0.342909, -0.444055, -0.827785, -1.2e-05, 0.0, 0.0, 0.0, 1.0],
                [0.953246, 0.059586, 0.296265, -0.125006, -0.079357, -0.896604, 0.435665, -0.002831, 0.291592, -0.438806, -0.849955, -1.2e-05, 0.0, 0.0, 0.0, 1.0],
                [0.974115, 0.024251, 0.22475, -0.125006, -0.074923, -0.903396, 0.422212, -0.002831, 0.213277, -0.428122, -0.878194, -1.2e-05, 0.0, 0.0, 0.0, 1.0],
                [0.992402, -0.023992, 0.120676, -0.125006, -0.070763, -0.913655, 0.400285, -0.002831, 0.100652, -0.405783, -0.90841, -1.2e-05, 0.0, 0.0, 0.0, 1.0],
                [0.992127, -0.098869, -0.076865, -0.125006, -0.061181, -0.918199, 0.391366, -0.002831, -0.109272, -0.383582, -0.917019, -1.2e-05, 0.0, 0.0, 0.0, 1.0],
                [0.910192, -0.204802, -0.360009, -0.125006, -0.043486, -0.911644, 0.408674, -0.002831, -0.411898, -0.356317, -0.838677, -1.2e-05, 0.0, 0.0, 0.0, 1.0],
                [0.72191, -0.308611, -0.619359, -0.125006, -0.016971, -0.902671, 0.429997, -0.002831, -0.691779, -0.299908, -0.656885, -1.2e-05, 0.0, 0.0, 0.0, 1.0],
                [0.511875, -0.370118, -0.77524, -0.125006, 0.013609, -0.898821, 0.438104, -0.002831, -0.858952, -0.234805, -0.455047, -1.2e-05, 0.0, 0.0, 0.0, 1.0],
                [0.415751, -0.386105, -0.823453, -0.125006, 0.029227, -0.899273, 0.436411, -0.002831, -0.909009, -0.205505, -0.362589, -1.2e-05, 0.0, 0.0, 0.0, 1.0]
            ]
        },
        {
            "name": "Leg_L",
            "time": [0.0, 0.0167, 0.0333, 0.05, 0.0667, 0.0833, 0.1, 0.1167, 0.1333, 0.15, 0.1667, 0.1833, 0.2, 0.2167, 0.2333, 0.25, 0.2667, 0.2833, 0.3, 0.3167, 0.3333, 0.35, 0.3667, 0.3833, 0.4, 0.4167, 0.4333, 0.45, 0.4667, 0.4833, 0.5, 0.5167, 0.5333, 0.55, 0.5667, 0.5833, 0.6, 0.6167, 0.6333, 0.65, 0.6667, 0.6833, 0.7, 0.7167, 0.7333, 0.75, 0.7667, 0.7833, 0.8, 0.8167, 0.8333, 0.85, 0.8667, 0.8833, 0.9, 0.9167, 0.9333],
            "transform": [
                [1.0, -0.0, 1e-06, -0.0, -0.0, 0.890796, 0.454403, 0.374726, -1e-06, -0.454403, 0.890796, -0.0, 0.0, 0.0, 0.0, 1.0],
                [1.0, -0.0, 1e-06, 0.0, -0.0, 0.889592, 0.456754, 0.374726, -1e-06, -0.456755, 0.889592, 0.0, 0.0, 0.0, 0.0, 1.0],
                [1.0, -0.0, 1e-06, -0.0, -0.0, 0.885868, 0.463937, 0.374726, -1e-06, -0.463937, 0.885868, 0.0, 0.0, 0.0, 0.0, 1.0],
                [1.0, -0.0, 1e-06, -0.0, -0.0, 0.87946, 0.475973, 0.374726, -1e-06, -0.475973, 0.87946, -0.0, 0.0, 0.0, 0.0, 1.0],
                [1.0, -0.0, 1e-06, -0.0, -0.0, 0.870213, 0.492674, 0.374726, -1e-06, -0.492674, 0.870214, -0.0, 0.0, 0.0, 0.0, 1.0],
                [1.0, -0.0, 1e-06, -0.0, -0.0, 0.857981, 0.513681, 0.374726, -1e-06, -0.513681, 0.857981, -0.0, 0.0, 0.0, 0.0, 1.0],
                [1.0, -0.0, 1e-06, 0.0, -0.0, 0.842628, 0.538495, 0.374726, -1e-06, -0.538495, 0.842628, 0.0, 0.0, 0.0, 0.0, 1.0],
                [1.0, -0.0, 1e-06, -0.0, -0.0, 0.824032, 0.566543, 0.374726, -1e-06, -0.566543, 0.824032, -0.0, 0.0, 0.0, 0.0, 1.0],
                [1.0, -0.0, 1e-06, 0.0, -0.0, 0.802085, 0.59721, 0.374726, -1e-06, -0.59721, 0.802085, -0.0, 0.0, 0.0, 0.0, 1.0],
                [1.0, -0.0, 1e-06, -0.0, -0.0, 0.776698, 0.629872, 0.374726, -1e-06, -0.629872, 0.776699, 0.0, 0.0, 0.0, 0.0, 1.0],
                [1.0, -0.0, 1e-06, -0.0, -0.0, 0.747802, 0.663922, 0.374726, -1e-06, -0.663922, 0.747802, 0.0, 0.0, 0.0, 0.0, 1.0],
                [1.0, -1e-06, 1e-06, 0.0, -0.0, 0.715347, 0.698769, 0.374726, -1e-06, -0.698769, 0.715347, 0.0, 0.0, 0.0, 0.0, 1.0],
                [1.0, -0.0, 1e-06, -0.0, -0.0, 0.679314, 0.733847, 0.374726, -1e-06, -0.733848, 0.679314, -0.0, 0.0, 0.0, 0.0, 1.0],
                [1.0, -1e-06, 1e-06, -0.0, -0.0, 0.639707, 0.768619, 0.374726, -1e-06, -0.768619, 0.639707, 0.0, 0.0, 0.0, 0.0, 1.0],
                [1.0, -1e-06, 1e-06, -0.0, -0.0, 0.596563, 0.802566, 0.374726, -1e-06, -0.802566, 0.596563, -0.0, 0.0, 0.0, 0.0, 1.0],
                [1.0, -1e-06, 1e-06, -0.0, -0.0, 0.549955, 0.835194, 0.374726, -1e-06, -0.835194, 0.549955, -0.0, 0.0, 0.0, 0.0, 1.0],
                [1.0, -1e-06, 1e-06, -0.0, -0.0, 0.499991, 0.86603, 0.374726, -1e-06, -0.866031, 0.499991, 0.0, 0.0, 0.0, 0.0, 1.0],
                [1.0, -1e-06, 1e-06, 0.0, -0.0, 0.450657, 0.892697, 0.374726, -1e-06, -0.892697, 0.450657, -0.0, 0.0, 0.0, 0.0, 1.0],
                [1.0, -1e-06, 1e-06, 0.0, -0.0, 0.410479, 0.91187, 0.374726, -1e-06, -0.91187, 0.410479, 0.0, 0.0, 0.0, 0.0, 1.0],
                [1.0, -1e-06, 1e-06, -0.0, -0.0, 0.388904, 0.921278, 0.374726, -1e-06, -0.921278, 0.388904, 0.0, 0.0, 0.0, 0.0, 1.0],
                [1.0, -1e-06, 1e-06, 0.0, -0.0, 0.394511, 0.918891, 0.374726, -1e-06, -0.918891, 0.394511, -0.0, 0.0, 0.0, 0.0, 1.0],
                [1.0, -1e-06, 1e-06, -0.0, -0.0, 0.430181, 0.902743, 0.374726, -1e-06, -0.902743, 0.430181, -0.0, 0.0, 0.0, 0.0, 1.0],
                [1.0, -1e-06, 1e-06, 0.0, -0.0, 0.489814, 0.871826, 0.374726, -1e-06, -0.871827, 0.489814, 0.0, 0.0, 0.0, 0.0, 1.0],
                [1.0, -1e-06, 1e-06, 0.0, -0.0, 0.557968, 0.829862, 0.374726, -1e-06, -0.829862, 0.557968, -0.0, 0.0, 0.0, 0.0, 1.0],
                [1.0, -1e-06, 1e-06, 0.0, -0.0, 0.6565, 0.754326, 0.374726, -1e-06, -0.754326, 0.6565, -0.0, 0.0, 0.0, 0.0, 1.0],
