{
    "animation": [
        {
            "name": "Root",
            "time": [0.0, 0.0167, 0.0333, 0.05, 0.0667, 0.0833, 0.1, 0.1167, 0.1333, 0.15, 0.1667, 0.1833, 0.2, 0.2167, 0.2333, 0.25, 0.2667, 0.2833, 0.3, 0.3167, 0.3333, 0.35, 0.3667, 0.3833, 0.4, 0.4167, 0.4333, 0.45, 0.4667, 0.4833, 0.5, 0.5167, 0.5333, 0.55, 0.5667, 0.5833, 0.6, 0.6167, 0.6333, 0.65, 0.6667, 0.6833, 0.7, 0.7167, 0.7333, 0.75, 0.7667, 0.7833, 0.8, 0.8167, 0.8333, 0.85, 0.8667, 0.8833, 0.9, 0.9167, 0.9333],
            "transform": [
                [0.718661, 0.0, -0.695361, -5e-06, -0.695361, 0.0, -0.718661, 0.000946, 0.0, 1.0, 0.0, 0.73843, 0.0, 0.0, 0.0, 1.0],
                [0.718661, 0.0, -0.695361, -5e-06, -0.695361, 0.0, -0.718661, 0.000946, 0.0, 1.0, 0.0, 0.73843, 0.0, 0.0, 0.0, 1.0],
                [0.718661, 0.0, -0.695361, -5e-06, -0.695361, 0.0, -0.718661, 0.000946, 0.0, 1.0, 0.0, 0.73843, 0.0, 0.0, 0.0, 1.0],
                [0.718661, 0.0, -0.695361, -5e-06, -0.695361, 0.0, -0.718661, 0.000946, 0.0, 1.0, 0.0, 0.73843, 0.0, 0.0, 0.0, 1.0],
                [0.718661, 0.0, -0.695361, -5e-06, -0.695361, 0.0, -0.718661, 0.000946, 0.0, 1.0, 0.0, 0.73843, 0.0, 0.0, 0.0, 1.0],
                [0.718661, 0.0, -0.695361, -5e-06, -0.695361, 0.0, -0.718661, 0.000946, 0.0, 1.0, 0.0, 0.73843, 0.0, 0.0, 0.0, 1.0],
                [0.718661, 0.0, -0.695361, -5e-06, -0.695361, 0.0, -0.718661, 0.000946, 0.0, 1.0, 0.0, 0.73843, 0.0, 0.0, 0.0, 1.0],
                [0.718661, 0.0, -0.695361, -5e-06, -0.695361, 0.0, -0.718661, 0.000946, 0.0, 1.0, 0.0, 0.73843, 0.0, 0.0, 0.0, 1.0],
                [0.718661, 0.0, -0.695361, -5e-06, -0.695361, 0.0, -0.718661, 0.000946, 0.0, 1.0, 0.0, 0.73843, 0.0, 0.0, 0.0, 1.0],
                [0.718661, 0.0, -0.695361, -5e-06, -0.695361, 0.0, -0.718661, 0.000946, 0.0, 1.0, 0.0, 0.73843, 0.0, 0.0, 0.0, 1.0],
                [0.718661, 0.0, -0.695361, -5e-06, -0.695361, 0.0, -0.718661, 0.000946, 0.0, 1.0, 0.0, 0.73843, 0.0, 0.0, 0.0, 1.0],
                [0.718661, 0.0, -0.695361, -5e-06, -0.695361, 0.0, -0.718661, 0.000946, 0.0, 1.0, 0.0, 0.73843, 0.0, 0.0, 0.0, 1.0],
                [0.718661, 0.0, -0.695361, -5e-06, -0.695361, 0.0, -0.718661, 0.000946, 0.0, 1.0, 0.0, 0.73843, 0.0, 0.0, 0.0, 1.0],
                [0.718661, 0.0, -0.695361, -5e-06, -0.695361, 0.0, -0.718661, 0.000946, 0.0, 1.0, 0.0, 0.73843, 0.0, 0.0, 0.0, 1.0],
                [0.718661, 0.0, -0.695361, -5e-06, -0.695361, 0.0, -0.718661, 0.000946, 0.0, 1.0, 0.0, 0.73843, 0.0, 0.0, 0.0, 1.0],
                [0.718661, 0.0, -0.695361, -5e-06, -0.695361, 0.0, -0.718661, 0.000946, 0.0, 1.0, 0.0, 0.73843, 0.0, 0.0, 0.0, 1.0],
                [0.718661, 0.0, -0.695361, -5e-06, -0.695361, 0.0, -0.718661, 0.000946, 0.0, 1.0, 0.0, 0.73843, 0.0, 0.0, 0.0, 1.0],
                [0.73936, 0.0, -0.67331, -5e-06, -0.67331, 0.0, -0.73936, 0.000946, 0.0, 1.0, 0.0, 0.73428, 0.0, 0.0, 0.0, 1.0],
                [0.792013, 0.0, -0.610504, -5e-06, -0.610504, 0.0, -0.792013, 0.000946, 0.0, 1.0, 0.0, 0.723577, 0.0, 0.0, 0.0, 1.0],
                [0.85973, 0.0, -0.510749, -5e-06, -0.510749, 0.0, -0.85973, 0.000946, 0.0, 1.0, 0.0, 0.708942, 0.0, 0.0, 0.0, 1.0],
                [0.924749, 0.0, -0.380577, -5e-06, -0.380577, 0.0, -0.924749, 0.000946, 0.0, 1.0, 0.0, 0.692997, 0.0, 0.0, 0.0, 1.0],
                [0.972728, 0.0, -0.231951, -5e-06, -0.231951, 0.0, -0.972728, 0.000946, 0.0, 1.0, 0.0, 0.678362, 0.0, 0.0, 0.0, 1.0],
                [0.996713, 0.0, -0.081009, -5e-06, -0.081009, 0.0, -0.996713, 0.000946, 0.0, 1.0, 0.0, 0.667659, 0.0, 0.0, 0.0, 1.0],
                [0.998442, 0.0, 0.055798, -5e-06, 0.055798, 0.0, -0.998442, 0.000946, 0.0, 1.0, 0.0, 0.663509, 0.0, 0.0, 0.0, 1.0],
                [0.986005, 0.0, 0.166718, -5e-06, 0.166718, 0.0, -0.986005, 0.000946, 0.0, 1.0, 0.0, 0.663509, 0.0, 0.0, 0.0, 1.0],
                [0.968132, 0.0, 0.25044, -5e-06, 0.25044, 0.0, -0.968132, 0.000946, 0.0, 1.0, 0.0, 0.663509, 0.0, 0.0, 0.0, 1.0],
                [0.951193, 0.0, 0.308597, -5e-06, 0.308597, 0.0, -0.951193, 0.000946, 0.0, 1.0, 0.0, 0.663509, 0.0, 0.0, 0.0, 1.0],
                [0.939424, 0.0, 0.342757, -5e-06, 0.342757, 0.0, -0.939424, 0.000946, 0.0, 1.0, 0.0, 0.663509, 0.0, 0.0, 0.0, 1.0],
                [0.935245, 0.0, 0.354, -5e-06, 0.354, 0.0, -0.935245, 0.000946, 0.0, 1.0, 0.0, 0.663509, 0.0, 0.0, 0.0, 1.0],
                [0.935245, 0.0, 0.354, -5e-06, 0.354, 0.0, -0.935245, 0.002591, 0.0, 1.0, 0.0, 0.664247, 0.0, 0.0, 0.0, 1.0],
                [0.935245, 0.0, 0.354, -5e-06, 0.354, 0.0, -0.935245, 0.007239, 0.0, 1.0, 0.0, 0.66634, 0.0, 0.0, 0.0, 1.0],
                [0.935245, 0.0, 0.354, -5e-06, 0.354, 0.0, -0.935245, 0.01446, 0.0, 1.0, 0.0, 0.669605, 0.0, 0.0, 0.0, 1.0],
                [0.935245, 0.0, 0.354, -5e-06, 0.354, 0.0, -0.935245, 0.023827, 0.0, 1.0, 0.0, 0.67386, 0.0, 0.0, 0.0, 1.0],
                [0.935245, 0.0, 0.354, -5e-06, 0.354, 0.0, -0.935245, 0.03491, 0.0, 1.0, 0.0, 0.678921, 0.0, 0.0, 0.0, 1.0],
                [0.935245, 0.0, 0.354, -5e-06, 0.354, 0.0, -0.935245, 0.04728, 0.0, 1.0, 0.0, 0.684606, 0.0, 0.0, 0.0, 1.0],
                [0.935245, 0.0, 0.354, -5e-06, 0.354, 0.0, -0.935245, 0.060508, 0.0, 1.0, 0.0, 0.690733, 0.0, 0.0, 0.0, 1.0],
                [0.935245, 0.0, 0.354, -5e-06, 0.354, 0.0, -0.935245, 0.074165, 0.0, 1.0, 0.0, 0.697118, 0.0, 0.0, 0.0, 1.0],
                [0.935245, 0.0, 0.354, -5e-06, 0.354, 0.0, -0.935245, 0.087822, 0.0, 1.0, 0.0, 0.703579, 0.0, 0.0, 0.0, 1.0],
                [0.935245, 0.0, 0.354, -5e-06, 0.354, 0.0, -0.935245, 0.10105, 0.0, 1.0, 0.0, 0.709934, 0.0, 0.0, 0.0, 1.0],
                [0.935245, 0.0, 0.354, -5e-06, 0.354, 0.0, -0.935245, 0.11342, 0.0, 1.0, 0.0, 0.715999, 0.0, 0.0, 0.0, 1.0],
                [0.935245, 0.0, 0.354, -5e-06, 0.354, 0.0, -0.935245, 0.124503, 0.0, 1.0, 0.0, 0.721593, 0.0, 0.0, 0.0, 1.0],
                [0.935245, 0.0, 0.354, -5e-06, 0.354, 0.0, -0.935245, 0.13387, 0.0, 1.0, 0.0, 0.726531, 0.0, 0.0, 0.0, 1.0],
                [0.935245, 0.0, 0.354, -5e-06, 0.354, 0.0, -0.935245, 0.141091, 0.0, 1.0, 0.0, 0.730633, 0.0, 0.0, 0.0, 1.0],
                [0.935245, 0.0, 0.354, -5e-06, 0.354, 0.0, -0.935245, 0.145739, 0.0, 1.0, 0.0, 0.733714, 0.0, 0.0, 0.0, 1.0],
                [0.935245, 0.0, 0.354, -5e-06, 0.354, 0.0, -0.935245, 0.147384, 0.0, 1.0, 0.0, 0.735592, 0.0, 0.0, 0.0, 1.0],
                [0.935665, 0.0, 0.352888, -5e-06, 0.352888, 0.0, -0.935665, 0.145593, 0.0, 1.0, 0.0, 0.736643, 0.0, 0.0, 0.0, 1.0],
                [0.938079, 0.0, 0.34642, -5e-06, 0.34642, 0.0, -0.938079, 0.140774, 0.0, 1.0, 0.0, 0.737396, 0.0, 0.0, 0.0, 1.0],
                [0.944032, 0.0, 0.329854, -5e-06, 0.329854, 0.0, -0.944032, 0.133757, 0.0, 1.0, 0.0, 0.737901, 0.0, 0.0, 0.0, 1.0],
                [0.954494, 0.0, 0.29823, -5e-06, 0.29823, 0.0, -0.954494, 0.125369, 0.0, 1.0, 0.0, 0.738207, 0.0, 0.0, 0.0, 1.0],
                [0.969242, 0.0, 0.24611, -5e-06, 0.24611, 0.0, -0.969242, 0.116439, 0.0, 1.0, 0.0, 0.738364, 0.0, 0.0, 0.0, 1.0],
                [0.985885, 0.0, 0.167424, -5e-06, 0.167424, 0.0, -0.985885, 0.107798, 0.0, 1.0, 0.0, 0.738422, 0.0, 0.0, 0.0, 1.0],
                [0.998442, 0.0, 0.055798, -5e-06, 0.055798, 0.0, -0.998442, 0.100274, 0.0, 1.0, 0.0, 0.73843, 0.0, 0.0, 0.0, 1.0],
                [0.993716, 0.0, -0.111934, -5e-06, -0.111934, 0.0, -0.993716, 0.094517, 0.0, 1.0, 0.0, 0.73843, 0.0, 0.0, 0.0, 1.0],
                [0.946911, 0.0, -0.321496, -5e-06, -0.321496, 0.0, -0.946911, 0.090463, 0.0, 1.0, 0.0, 0.73843, 0.0, 0.0, 0.0, 1.0],
                [0.856845, 0.0, -0.515573, -5e-06, -0.515573, 0.0, -0.856845, 0.087868, 0.0, 1.0, 0.0, 0.73843, 0.0, 0.0, 0.0, 1.0],
                [0.761872, 0.0, -0.647728, -5e-06, -0.647728, 0.0, -0.761872, 0.08649, 0.0, 1.0, 0.0, 0.73843, 0.0, 0.0, 0.0, 1.0],
                [0.718661, 0.0, -0.695361, -5e-06, -0.695361, 0.0, -0.718661, 0.086084, 0.0, 1.0, 0.0, 0.73843, 0.0, 0.0, 0.0, 1.0]
            ]
        },
        {
            "name": "Thigh_R",
            "time": [0.0, 0.0167, 0.0333, 0.05, 0.0667, 0.0833, 0.1, 0.1167, 0.1333, 0.15, 0.1667, 0.1833, 0.2, 0.2167, 0.2333, 0.25, 0.2667, 0.2833, 0.3, 0.3167, 0.3333, 0.35, 0.3667, 0.3833, 0.4, 0.4167, 0.4333, 0.45, 0.4667, 0.4833, 0.5, 0.5167, 0.5333, 0.55, 0.5667, 0.5833, 0.6, 0.6167, 0.6333, 0.65, 0.6667, 0.6833, 0.7, 0.7167, 0.7333, 0.75, 0.7667, 0.7833, 0.8, 0.8167, 0.8333, 0.85, 0.8667, 0.8833, 0.9, 0.9167, 0.9333],
            "transform": [
                [0.906202, -0.000642, -0.422844, 0.124994, 0.093018, -0.975201, 0.200828, -0.002831, -0.412487, -0.221323, -0.883669, -1.2e-05, 0.0, 0.0, 0.0, 1.0],
                [0.906202, -0.000642, -0.422844, 0.124994, 0.093018, -0.975201, 0.200828, -0.002831, -0.412487, -0.221322, -0.883669, -1.2e-05, 0.0, 0.0, 0.0, 1.0],
                [0.906202, -0.000642, -0.422845, 0.124994, 0.093018, -0.975201, 0.200828, -0.002831, -0.412487, -0.221323, -0.883669, -1.2e-05, 0.0, 0.0, 0.0, 1.0],
                [0.906202, -0.000642, -0.422844, 0.124994, 0.093018, -0.975201, 0.200828, -0.002831, -0.412487, -0.221323, -0.883669, -1.2e-05, 0.0, 0.0, 0.0, 1.0],
                [0.906202, -0.000642, -0.422844, 0.124994, 0.093018, -0.975201, 0.200828, -0.002831, -0.412487, -0.221323, -0.883669, -1.2e-05, 0.0, 0.0, 0.0, 1.0],
                [0.906202, -0.000642, -0.422844, 0.124994, 0.093018, -0.975201, 0.200828, -0.002831, -0.412487, -0.221323, -0.883669, -1.2e-05, 0.0, 0.0, 0.0, 1.0],
                [0.906202, -0.000642, -0.422844, 0.124994, 0.093018, -0.975201, 0.200828, -0.002831, -0.412487, -0.221323, -0.883669, -1.2e-05, 0.0, 0.0, 0.0, 1.0],
                [0.906202, -0.000642, -0.422845, 0.124994, 0.093018, -0.975201, 0.200828, -0.002831, -0.412487, -0.221323, -0.883669, -1.2e-05, 0.0, 0.0, 0.0, 1.0],
                [0.906202, -0.000642, -0.422844, 0.124994, 0.093018, -0.975201, 0.200828, -0.002831, -0.412487, -0.221323, -0.883669, -1.2e-05, 0.0, 0.0, 0.0, 1.0],
                [0.906202, -0.000642, -0.422844, 0.124994, 0.093018, -0.975201, 0.200828, -0.002831, -0.412487, -0.221323, -0.883669, -1.2e-05, 0.0, 0.0, 0.0, 1.0],
                [0.906202, -0.000642, -0.422845, 0.124994, 0.093018, -0.975201, 0.200828, -0.002831, -0.412487, -0.221323, -0.883669, -1.2e-05, 0.0, 0.0, 0.0, 1.0],
                [0.906202, -0.000642, -0.422844, 0.124994, 0.093018, -0.975201, 0.200828, -0.002831, -0.412487, -0.221323, -0.883669, -1.2e-05, 0.0, 0.0, 0.0, 1.0],
                [0.906202, -0.000642, -0.422844, 0.124994, 0.093018, -0.975201, 0.200828, -0.002831, -0.412487, -0.221323, -0.883669, -1.2e-05, 0.0, 0.0, 0.0, 1.0],
                [0.906202, -0.000642, -0.422845, 0.124994, 0.093018, -0.975201, 0.200828, -0.002831, -0.412487, -0.221323, -0.883669, -1.2e-05, 0.0, 0.0, 0.0, 1.0],
                [0.906202, -0.000642, -0.422844, 0.124994, 0.093018, -0.975201, 0.200828, -0.002831, -0.412487, -0.221323, -0.883669, -1.2e-05, 0.0, 0.0, 0.0, 1.0],
                [0.906202, -0.000642, -0.422844, 0.124994, 0.093018, -0.975201, 0.200828, -0.002831, -0.412487, -0.221323, -0.883669, -1.2e-05, 0.0, 0.0, 0.0, 1.0],
                [0.906202, -0.000642, -0.422845, 0.124994, 0.093018, -0.975201, 0.200828, -0.002831, -0.412487, -0.221323, -0.883669, -1.2e-05, 0.0, 0.0, 0.0, 1.0],
                [0.916332, 0.007919, -0.400341, 0.124994, 0.0962, -0.974876, 0.200907, -0.002831, -0.388692, -0.22261, -0.894071, -1.2e-05, 0.0, 0.0, 0.0, 1.0],
                [0.940888, 0.035463, -0.336856, 0.124994, 0.104431, -0.976429, 0.188896, -0.002831, -0.322217, -0.212908, -0.922414, -1.2e-05, 0.0, 0.0, 0.0, 1.0],
                [0.968568, 0.078876, -0.235911, 0.124994, 0.116248, -0.981988, 0.148949, -0.002831, -0.219914, -0.171692, -0.960292, -1.2e-05, 0.0, 0.0, 0.0, 1.0],
                [0.987233, 0.122661, -0.101609, 0.124994, 0.130818, -0.98834, 0.077914, -0.002831, -0.090867, -0.090211, -0.991769, -1.2e-05, 0.0, 0.0, 0.0, 1.0],
                [0.987718, 0.146367, 0.054679, 0.124994, 0.147315, -0.988995, -0.013699, -0.002831, 0.052072, 0.021586, -0.99841, -1.2e-05, 0.0, 0.0, 0.0, 1.0],
                [0.967208, 0.138794, 0.212708, 0.124994, 0.163871, -0.980866, -0.105116, -0.002831, 0.194048, 0.136526, -0.971445, -1.2e-05, 0.0, 0.0, 0.0, 1.0],
                [0.930075, 0.107542, 0.351277, 0.124994, 0.176862, -0.969167, -0.17157, -0.002831, 0.321995, 0.2217, -0.920417, -1.2e-05, 0.0, 0.0, 0.0, 1.0],
                [0.885855, 0.070682, 0.458546, 0.124994, 0.186773, -0.959036, -0.212994, -0.002831, 0.424707, 0.274326, -0.862768, -1.2e-05, 0.0, 0.0, 0.0, 1.0],
                [0.843704, 0.036101, 0.535593, 0.124994, 0.196182, -0.949456, -0.245043, -0.002831, 0.499676, 0.311818, -0.808142, -1.2e-05, 0.0, 0.0, 0.0, 1.0],
                [0.809738, 0.008298, 0.586733, 0.124994, 0.203737, -0.941671, -0.267856, -0.002831, 0.550287, 0.336432, -0.764197, -1.2e-05, 0.0, 0.0, 0.0, 1.0],
                [0.787906, -0.009607, 0.615721, 0.124994, 0.208581, -0.93661, -0.281524, -0.002831, 0.579395, 0.350242, -0.735957, -1.2e-05, 0.0, 0.0, 0.0, 1.0],
                [0.780404, -0.015771, 0.625075, 0.124994, 0.210242, -0.934859, -0.286074, -0.002831, 0.588869, 0.35467, -0.726252, -1.2e-05, 0.0, 0.0, 0.0, 1.0],
                [0.779833, -0.013961, 0.625831, 0.124994, 0.209576, -0.936235, -0.282033, -0.002831, 0.589862, 0.351098, -0.727181, -1.2e-05, 0.0, 0.0, 0.0, 1.0],
                [0.778193, -0.008977, 0.62796, 0.124994, 0.207681, -0.939965, -0.270805, -0.002831, 0.592691, 0.341154, -0.72961, -1.2e-05, 0.0, 0.0, 0.0, 1.0],
                [0.775566, -0.001603, 0.631264, 0.124994, 0.204709, -0.945319, -0.253903, -0.002831, 0.597153, 0.326144, -0.732828, -1.2e-05, 0.0, 0.0, 0.0, 1.0],
                [0.772003, 0.007304, 0.635576, 0.124994, 0.200803, -0.951527, -0.232971, -0.002831, 0.603066, 0.30748, -0.736048, -1.2e-05, 0.0, 0.0, 0.0, 1.0],
                [0.767551, 0.016873, 0.640765, 0.124994, 0.196104, -0.957902, -0.209683, -0.002831, 0.610252, 0.2866, -0.738547, -1.2e-05, 0.0, 0.0, 0.0, 1.0],
                [0.762257, 0.026267, 0.64674, 0.124994, 0.190752, -0.963919, -0.185674, -0.002831, 0.618528, 0.264898, -0.739765, -1.2e-05, 0.0, 0.0, 0.0, 1.0],
                [0.756195, 0.034709, 0.653425, 0.124994, 0.184885, -0.969236, -0.16248, -0.002831, 0.627683, 0.243675, -0.739348, -1.2e-05, 0.0, 0.0, 0.0, 1.0],
                [0.749474, 0.041497, 0.660732, 0.124994, 0.178651, -0.973686, -0.141494, -0.002831, 0.637473, 0.224086, -0.737165, -1.2e-05, 0.0, 0.0, 0.0, 1.0],
                [0.74226, 0.046027, 0.668529, 0.124994, 0.172206, -0.977236, -0.123917, -0.002831, 0.647606, 0.207103, -0.73329, -1.2e-05, 0.0, 0.0, 0.0, 1.0],
                [0.734795, 0.047823, 0.676601, 0.124994, 0.165726, -0.979937, -0.110717, -0.002831, 0.657731, 0.193484, -0.727978, -1.2e-05, 0.0, 0.0, 0.0, 1.0],
                [0.727405, 0.046577, 0.684625, 0.124994, 0.159411, -0.981869, -0.102573, -0.002831, 0.667435, 0.183748, -0.721641, -1.2e-05, 0.0, 0.0, 0.0, 1.0],
                [0.72051, 0.042212, 0.692158, 0.124994, 0.153485, -0.983097, -0.099817, -0.002831, 0.676245, 0.178155, -0.71481, -1.2e-05, 0.0, 0.0, 0.0, 1.0],
                [0.714614, 0.034989, 0.698643, 0.124994, 0.1482, -0.98365, -0.102326, -0.002831, 0.683639, 0.176662, -0.708115, -1.2e-05, 0.0, 0.0, 0.0, 1.0],
                [0.710276, 0.025636, 0.703456, 0.124994, 0.143827, -0.98354, -0.109378, -0.002831, 0.689073, 0.178865, -0.702272, -1.2e-05, 0.0, 0.0, 0.0, 1.0],
                [0.708057, 0.015533, 0.705984, 0.124994, 0.14064, -0.982831, -0.11943, -0.002831, 0.692008, 0.183852, -0.698085, -1.2e-05, 0.0, 0.0, 0.0, 1.0],
                [0.708448, 0.0066, 0.705731, 0.124994, 0.138898, -0.981704, -0.130253, -0.002831, 0.691959, 0.190302, -0.696403, -1.2e-05, 0.0, 0.0, 0.0, 1.0],
                [0.712004, 0.001281, 0.702174, 0.124994, 0.137522, -0.980886, -0.137659, -0.002831, 0.688577, 0.194578, -0.698571, -1.2e-05, 0.0, 0.0, 0.0, 1.0],
                [0.721054, 0.00147, 0.692877, 0.124994, 0.134956, -0.981144, -0.138362, -0.002831, 0.679608, 0.193274, -0.707657, -1.2e-05, 0.0, 0.0, 0.0, 1.0],
                [0.738387, 0.008229, 0.674327, 0.124994, 0.130763, -0.982695, -0.131194, -0.002831, 0.661578, 0.18505, -0.726685, -1.2e-05, 0.0, 0.0, 0.0, 1.0],
                [0.766175, 0.021449, 0.642274, 0.124994, 0.124612, -0.985432, -0.115742, -0.002831, 0.630434, 0.168714, -0.757686, -1.2e-05, 0.0, 0.0, 0.0, 1.0],
                [0.805465, 0.039581, 0.591321, 0.124994, 0.116366, -0.988907, -0.092314, -0.002831, 0.581107, 0.143165, -0.801135, -1.2e-05, 0.0, 0.0, 0.0, 1.0],
                [0.855293, 0.060039, 0.514655, 0.124994, 0.10625, -0.992479, -0.060794, -0.002831, 0.507134, 0.106678, -0.85524, -1.2e-05, 0.0, 0.0, 0.0, 1.0],
                [0.911241, 0.078565, 0.404311, 0.124994, 0.095132, -0.995243, -0.021017, -0.002831, 0.400737, 0.057615, -0.91438, -1.2e-05, 0.0, 0.0, 0.0, 1.0],
                [0.967923, 0.089745, 0.234674, 0.124994, 0.084177, -0.995882, 0.033658, -0.002831, 0.236728, -0.012824, -0.971491, -1.2e-05, 0.0, 0.0, 0.0, 1.0],
                [0.996645, 0.080551, 0.014531, 0.124994, 0.078764, -0.992118, 0.097459, -0.002831, 0.022267, -0.095987, -0.995133, -1.2e-05, 0.0, 0.0, 0.0, 1.0],
                [0.978701, 0.050811, -0.198905, 0.124994, 0.08226, -0.984766, 0.153196, -0.002831, -0.188091, -0.166295, -0.967971, -1.2e-05, 0.0, 0.0, 0.0, 1.0],
                [0.936031, 0.018425, -0.351435, 0.124994, 0.090408, -0.977702, 0.18954, -0.002831, -0.340107, -0.209188, -0.916825, -1.2e-05, 0.0, 0.0, 0.0, 1.0],
                [0.912768, 0.004027, -0.408459, 0.124994, 0.094834, -0.974719, 0.202313, -0.002831, -0.397318, -0.223401, -0.890073, -1.2e-05, 0.0, 0.0, 0.0, 1.0]
            ]
        },
        {
            "name": "Leg_R",
            "time": [0.0, 0.0167, 0.0333, 0.05, 0.0667, 0.0833, 0.1, 0.1167, 0.1333, 0.15, 0.1667, 0.1833, 0.2, 0.2167, 0.2333, 0.25, 0.2667, 0.2833, 0.3, 0.3167, 0.3333, 0.35, 0.3667, 0.3833, 0.4, 0.4167, 0.4333, 0.45, 0.4667, 0.4833, 0.5, 0.5167, 0.5333, 0.55, 0.5667, 0.5833, 0.6, 0.6167, 0.6333, 0.65, 0.6667, 0.6833, 0.7, 0.7167, 0.7333, 0.75, 0.7667, 0.7833, 0.8, 0.8167, 0.8333, 0.85, 0.8667, 0.8833, 0.9, 0.9167, 0.9333],
            "transform": [
                [1.0, -0.0, 1e-06, -0.0, -0.0, 0.809552, 0.587047, 0.374726, -1e-06, -0.587047, 0.809553, 0.0, 0.0, 0.0, 0.0, 1.0],
                [1.0, -0.0, 1e-06, -0.0, -0.0, 0.809552, 0.587047, 0.374726, -1e-06, -0.587047, 0.809553, 0.0, 0.0, 0.0, 0.0, 1.0],
                [1.0, -0.0, 1e-06, 0.0, -0.0, 0.809553, 0.587047, 0.374726, -1e-06, -0.587047, 0.809553, -0.0, 0.0, 0.0, 0.0, 1.0],
                [1.0, -1e-06, 1e-06, 0.0, -0.0, 0.809553, 0.587047, 0.374726, -1e-06, -0.587047, 0.809553, -0.0, 0.0, 0.0, 0.0, 1.0],
                [1.0, -0.0, 1e-06, -0.0, -0.0, 0.809552, 0.587047, 0.374726, -1e-06, -0.587047, 0.809553, 0.0, 0.0, 0.0, 0.0, 1.0],
                [1.0, -0.0, 1e-06, -0.0, -0.0, 0.809552, 0.587047, 0.374726, -1e-06, -0.587047, 0.809553, -0.0, 0.0, 0.0, 0.0, 1.0],
                [1.0, -0.0, 1e-06, -0.0, -0.0, 0.809552, 0.587047, 0.374726, -1e-06, -0.587047, 0.809553, 0.0, 0.0, 0.0, 0.0, 1.0],
                [1.0, -0.0, 1e-06, 0.0, -0.0, 0.809553, 0.587047, 0.374726, -1e-06, -0.587047, 0.809553, -0.0, 0.0, 0.0, 0.0, 1.0],
                [1.0, -0.0, 1e-06, -0.0, -0.0, 0.809552, 0.587047, 0.374726, -1e-06, -0.587047, 0.809553, -0.0, 0.0, 0.0, 0.0, 1.0],
                [1.0, -0.0, 1e-06, -0.0, -0.0, 0.809552, 0.587047, 0.374726, -1e-06, -0.587047, 0.809553, 0.0, 0.0, 0.0, 0.0, 1.0],
                [1.0, -0.0, 1e-06, 0.0, -0.0, 0.809553, 0.587047, 0.374726, -1e-06, -0.587047, 0.809553, -0.0, 0.0, 0.0, 0.0, 1.0],
                [1.0, -0.0, 1e-06, -0.0, -0.0, 0.809552, 0.587047, 0.374726, -1e-06, -0.587047, 0.809553, -0.0, 0.0, 0.0, 0.0, 1.0],
                [1.0, -0.0, 1e-06, -0.0, -0.0, 0.809552, 0.587047, 0.374726, -1e-06, -0.587047, 0.809553, 0.0, 0.0, 0.0, 0.0, 1.0],
                [1.0, -0.0, 1e-06, 0.0, -0.0, 0.809553, 0.587047, 0.374726, -1e-06, -0.587047, 0.809553, -0.0, 0.0, 0.0, 0.0, 1.0],
                [1.0, -0.0, 1e-06, -0.0, -0.0, 0.809552, 0.587047, 0.374726, -1e-06, -0.587047, 0.809553, -0.0, 0.0, 0.0, 0.0, 1.0],
                [1.0, -0.0, 1e-06, -0.0, -0.0, 0.809552, 0.587047, 0.374726, -1e-06, -0.587047, 0.809553, 0.0, 0.0, 0.0, 0.0, 1.0],
                [1.0, -0.0, 1e-06, 0.0, -0.0, 0.809553, 0.587047, 0.374726, -1e-06, -0.587047, 0.809553, -0.0, 0.0, 0.0, 0.0, 1.0],
                [1.0, -0.0, 1e-06, 0.0, -0.0, 0.784981, 0.61952, 0.374726, -1e-06, -0.61952, 0.784981, -0.0, 0.0, 0.0, 0.0, 1.0],
                [1.0, -0.0, 1e-06, 0.0, -0.0, 0.72991, 0.683543, 0.374726, -1e-06, -0.683543, 0.72991, -0.0, 0.0, 0.0, 0.0, 1.0],
                [1.0, -0.0, 1e-06, 0.0, -0.0, 0.675181, 0.737651, 0.374726, -1e-06, -0.737651, 0.675182, 0.0, 0.0, 0.0, 0.0, 1.0],
                [1.0, -1e-06, 1e-06, 0.0, -0.0, 0.645515, 0.763748, 0.374726, -1e-06, -0.763748, 0.645515, -0.0, 0.0, 0.0, 0.0, 1.0],
                [1.0, -1e-06, 1e-06, 0.0, -0.0, 0.651028, 0.759053, 0.374726, -1e-06, -0.759053, 0.651029, -0.0, 0.0, 0.0, 0.0, 1.0],
                [1.0, -1e-06, 1e-06, -0.0, -0.0, 0.684933, 0.728605, 0.374726, -1e-06, -0.728605, 0.684934, -0.0, 0.0, 0.0, 0.0, 1.0],
                [1.0, -0.0, 1e-06, -0.0, -0.0, 0.728893, 0.684627, 0.374726, -1e-06, -0.684627, 0.728893, 0.0, 0.0, 0.0, 0.0, 1.0],
                [1.0, -0.0, 1e-06, 0.0, -0.0, 0.767138, 0.641482, 0.374726, -1e-06, -0.641482, 0.767138, -0.0, 0.0, 0.0, 0.0, 1.0],
                [1.0, -0.0, 1e-06, -0.0, -0.0, 0.796951, 0.604043, 0.374726, -1e-06, -0.604043, 0.796951, -0.0, 0.0, 0.0, 0.0, 1.0],
                [1.0, -0.0, 1e-06, -0.0, -0.0, 0.818167, 0.574981, 0.374726, -1e-06, -0.574981, 0.818167, 0.0, 0.0, 0.0, 0.0, 1.0],
                [1.0, -0.0, 1e-06, 0.0, -0.0, 0.830831, 0.556525, 0.374726, -1e-06, -0.556525, 0.830831, -0.0, 0.0, 0.0, 0.0, 1.0],
                [1.0, -0.0, 1e-06, -0.0, -0.0, 0.835033, 0.5502, 0.374726, -1e-06, -0.5502, 0.835033, 0.0, 0.0, 0.0, 0.0, 1.0],
                [1.0, -0.0, 1e-06, -0.0, -0.0, 0.834083, 0.551638, 0.374726, -1e-06, -0.551638, 0.834084, 0.0, 0.0, 0.0, 0.0, 1.0],
                [1.0, -0.0, 1e-06, -0.0, -0.0, 0.831668, 0.555272, 0.374726, -1e-06, -0.555272, 0.831669, 0.0, 0.0, 0.0, 0.0, 1.0],
                [1.0, -0.0, 1e-06, -0.0, -0.0, 0.828676, 0.559728, 0.374726, -1e-06, -0.559729, 0.828676, -0.0, 0.0, 0.0, 0.0, 1.0],
                [1.0, -0.0, 1e-06, -0.0, -0.0, 0.826157, 0.563439, 0.374726, -1e-06, -0.563439, 0.826158, 0.0, 0.0, 0.0, 0.0, 1.0],
                [1.0, -0.0, 1e-06, 0.0, -0.0, 0.825165, 0.564891, 0.374726, -1e-06, -0.564892, 0.825165, 0.0, 0.0, 0.0, 0.0, 1.0],
                [1.0, -0.0, 1e-06, 0.0, -0.0, 0.826613, 0.56277, 0.374726, -1e-06, -0.56277, 0.826613, -0.0, 0.0, 0.0, 0.0, 1.0],
                [1.0, -0.0, 1e-06, 0.0, -0.0, 0.831175, 0.55601, 0.374726, -1e-06, -0.55601, 0.831176, -0.0, 0.0, 0.0, 0.0, 1.0],
                [1.0, -0.0, 1e-06, 0.0, -0.0, 0.839206, 0.543813, 0.374726, -1e-06, -0.543813, 0.839206, 0.0, 0.0, 0.0, 0.0, 1.0],
                [1.0, -0.0, 1e-06, 0.0, -0.0, 0.850693, 0.525662, 0.374726, -1e-06, -0.525662, 0.850694, -0.0, 0.0, 0.0, 0.0, 1.0],
                [1.0, -0.0, 1e-06, 0.0, -0.0, 0.865247, 0.501345, 0.374726, -1e-06, -0.501346, 0.865248, 0.0, 0.0, 0.0, 0.0, 1.0],
                [1.0, -0.0, 1e-06, 0.0, -0.0, 0.882103, 0.471056, 0.374726, -1e-06, -0.471056, 0.882104, 0.0, 0.0, 0.0, 0.0, 1.0],
                [1.0, -0.0, 1e-06, 0.0, -0.0, 0.900176, 0.435526, 0.374726, -1e-06, -0.435526, 0.900177, 0.0, 0.0, 0.0, 0.0, 1.0],
                [1.0, -0.0, 1e-06, 0.0, -0.0, 0.918122, 0.396297, 0.374726, -1e-06, -0.396297, 0.918123, 0.0, 0.0, 0.0, 0.0, 1.0],
                [1.0, -0.0, 1e-06, -0.0, -0.0, 0.93445, 0.356093, 0.374726, -1e-06, -0.356093, 0.934451, 0.0, 0.0, 0.0, 0.0, 1.0],
                [1.0, -0.0, 1e-06, -0.0, -0.0, 0.947635, 0.319355, 0.374726, -1e-06, -0.319355, 0.947636, 0.0, 0.0, 0.0, 0.0, 1.0],
                [1.0, -0.0, 1e-06, -0.0, -0.0, 0.956402, 0.292053, 0.374726, -1e-06, -0.292053, 0.956402, 0.0, 0.0, 0.0, 0.0, 1.0],
                [1.0, -0.0, 1e-06, 0.0, -0.0, 0.960653, 0.277751, 0.374726, -1e-06, -0.277751, 0.960653, -0.0, 0.0, 0.0, 0.0, 1.0],
                [1.0, -0.0, 1e-06, 0.0, -0.0, 0.961075, 0.276287, 0.374726, -1e-06, -0.276288, 0.961075, 0.0, 0.0, 0.0, 0.0, 1.0],
                [1.0, -0.0, 1e-06, 0.0, -0.0, 0.95747, 0.288531, 0.374726, -1e-06, -0.288531, 0.95747, 0.0, 0.0, 0.0, 0.0, 1.0],
                [1.0, -0.0, 1e-06, -0.0, -0.0, 0.949611, 0.313429, 0.374726, -1e-06, -0.313429, 0.949612, 0.0, 0.0, 0.0, 0.0, 1.0],
                [1.0, -0.0, 1e-06, -0.0, -0.0, 0.937506, 0.347967, 0.374726, -1e-06, -0.347967, 0.937507, 0.0, 0.0, 0.0, 0.0, 1.0],
                [1.0, -0.0, 1e-06, -0.0, -0.0, 0.921093, 0.389341, 0.374726, -1e-06, -0.389341, 0.921094, -0.0, 0.0, 0.0, 0.0, 1.0],
                [1.0, -0.0, 1e-06, 0.0, -0.0, 0.900755, 0.434326, 0.374726, -1e-06, -0.434327, 0.900756, 0.0, 0.0, 0.0, 0.0, 1.0],
                [1.0, -0.0, 1e-06, 0.0, -0.0, 0.873944, 0.486025, 0.374726, -1e-06, -0.486026, 0.873944, 0.0, 0.0, 0.0, 0.0, 1.0],
                [1.0, -0.0, 1e-06, -0.0, -0.0, 0.845011, 0.534749, 0.374726, -1e-06, -0.534749, 0.845011, 0.0, 0.0, 0.0, 0.0, 1.0],
                [1.0, -0.0, 1e-06, 0.0, -0.0, 0.823431, 0.567416, 0.374726, -1e-06, -0.567416, 0.823432, -0.0, 0.0, 0.0, 0.0, 1.0],
                [1.0, -1e-06, 1e-06, 0.0, -0.0, 0.812493, 0.582971, 0.374726, -1e-06, -0.582971, 0.812493, -0.0, 0.0, 0.0, 0.0, 1.0],
                [1.0, -0.0, 1e-06, -0.0, -0.0, 0.809552, 0.587047, 0.374726, -1e-06, -0.587047, 0.809553, -0.0, 0.0, 0.0, 0.0, 1.0]
            ]
        },
        {
            "name": "Knee_R",
            "time": [0.0, 0.9333],
            "transform": [
                [1.0, 0.0, -0.0, -0.0, -0.0, 0.00567, -0.999984, 0.384439, -0.0, 0.999984, 0.00567, -5.5e-05, 0.0, 0.0, 0.0, 1.0],
                [1.0, 0.0, -0.0, -0.0, -0.0, 0.00567, -0.999984, 0.38444, -0.0, 0.999984, 0.00567, -5.5e-05, 0.0, 0.0, 0.0, 1.0]
            ]
        },
        {
            "name": "Thigh_L",
            "time": [0.0, 0.0167, 0.0333, 0.05, 0.0667, 0.0833, 0.1, 0.1167, 0.1333, 0.15, 0.1667, 0.1833, 0.2, 0.2167, 0.2333, 0.25, 0.2667, 0.2833, 0.3, 0.3167, 0.3333, 0.35, 0.3667, 0.3833, 0.4, 0.4167, 0.4333, 0.45, 0.4667, 0.4833, 0.5, 0.5167, 0.5333, 0.55, 0.5667, 0.5833, 0.6, 0.6167, 0.6333, 0.65, 0.6667, 0.6833, 0.7, 0.7167, 0.7333, 0.75, 0.7667, 0.7833, 0.8, 0.8167, 0.8333, 0.85, 0.8667, 0.8833, 0.9, 0.9167, 0.9333],
            "transform": [
                [0.415751, -0.386105, -0.823453, -0.125006, 0.029227, -0.899273, 0.436411, -0.002831, -0.909009, -0.205505, -0.362589, -1.2e-05, 0.0, 0.0, 0.0, 1.0],
                [0.416824, -0.390596, -0.820788, -0.125006, 0.029009, -0.896794, 0.441497, -0.002831, -0.908524, -0.207837, -0.362474, -1.2e-05, 0.0, 0.0, 0.0, 1.0],
                [0.419944, -0.402705, -0.813312, -0.125006, 0.028372, -0.889898, 0.455276, -0.002831, -0.907107, -0.214266, -0.362282, -1.2e-05, 0.0, 0.0, 0.0, 1.0],
                [0.424985, -0.420056, -0.801836, -0.125006, 0.027329, -0.879453, 0.475201, -0.002831, -0.904788, -0.223866, -0.362274, -1.2e-05, 0.0, 0.0, 0.0, 1.0],
                [0.431838, -0.440399, -0.787124, -0.125006, 0.025881, -0.866281, 0.498886, -0.002831, -0.90158, -0.23581, -0.362695, -1.2e-05, 0.0, 0.0, 0.0, 1.0],
                [0.440408, -0.461953, -0.769831, -0.125006, 0.024021, -0.851096, 0.52446, -0.002831, -0.897476, -0.249469, -0.363733, -1.2e-05, 0.0, 0.0, 0.0, 1.0],
                [0.450603, -0.483408, -0.750515, -0.125006, 0.021736, -0.834512, 0.55056, -0.002831, -0.89246, -0.264397, -0.365527, -1.2e-05, 0.0, 0.0, 0.0, 1.0],
                [0.462325, -0.503832, -0.729664, -0.125006, 0.019007, -0.817068, 0.576228, -0.002831, -0.886507, -0.280273, -0.368174, -1.2e-05, 0.0, 0.0, 0.0, 1.0],
                [0.475461, -0.522563, -0.707718, -0.125006, 0.015819, -0.799258, 0.60078, -0.002831, -0.879594, -0.296843, -0.37175, -1.2e-05, 0.0, 0.0, 0.0, 1.0],
                [0.489878, -0.539126, -0.685101, -0.125006, 0.012157, -0.781554, 0.623719, -0.002831, -0.871706, -0.313875, -0.376312, -1.2e-05, 0.0, 0.0, 0.0, 1.0],
                [0.505414, -0.553186, -0.662226, -0.125006, 0.008016, -0.764419, 0.64467, -0.002831, -0.86284, -0.331133, -0.381913, -1.2e-05, 0.0, 0.0, 0.0, 1.0],
                [0.521866, -0.564511, -0.639518, -0.125006, 0.003405, -0.74832, 0.663329, -0.002831, -0.853021, -0.348347, -0.388601, -1.2e-05, 0.0, 0.0, 0.0, 1.0],
                [0.538992, -0.572949, -0.617428, -0.125006, -0.001649, -0.733734, 0.679435, -0.002831, -0.842309, -0.365192, -0.396421, -1.2e-05, 0.0, 0.0, 0.0, 1.0],
                [0.556502, -0.578417, -0.59644, -0.125006, -0.007092, -0.721151, 0.692742, -0.002831, -0.830817, -0.381282, -0.405425, -1.2e-05, 0.0, 0.0, 0.0, 1.0],
                [0.574059, -0.580886, -0.577085, -0.125006, -0.012839, -0.711081, 0.702993, -0.002831, -0.818713, -0.39615, -0.415661, -1.2e-05, 0.0, 0.0, 0.0, 1.0],
                [0.591287, -0.58037, -0.559956, -0.125006, -0.018769, -0.704053, 0.7099, -0.002831, -0.806243, -0.409245, -0.42719, -1.2e-05, 0.0, 0.0, 0.0, 1.0],
                [0.607776, -0.576891, -0.545716, -0.125006, -0.024723, -0.700619, 0.713108, -0.002831, -0.793724, -0.419918, -0.440082, -1.2e-05, 0.0, 0.0, 0.0, 1.0],
                [0.65044, -0.563516, -0.509291, -0.125006, -0.028998, -0.688444, 0.724709, -0.002831, -0.759004, -0.456612, -0.464133, -1.2e-05, 0.0, 0.0, 0.0, 1.0],
                [0.73331, -0.525771, -0.43107, -0.125006, -0.033504, -0.661199, 0.749462, -0.002831, -0.679069, -0.535146, -0.502479, -1.2e-05, 0.0, 0.0, 0.0, 1.0],
                [0.832296, -0.452088, -0.32078, -0.125006, -0.04387, -0.630584, 0.77488, -0.002831, -0.552592, -0.630857, -0.544666, -1.2e-05, 0.0, 0.0, 0.0, 1.0],
                [0.920625, -0.341721, -0.188884, -0.125006, -0.064356, -0.60995, 0.789822, -0.002831, -0.385108, -0.714974, -0.583527, -1.2e-05, 0.0, 0.0, 0.0, 1.0],
                [0.976281, -0.211352, -0.046954, -0.125006, -0.094334, -0.610461, 0.786409, -0.002831, -0.194873, -0.763327, -0.615919, -1.2e-05, 0.0, 0.0, 0.0, 1.0],
                [0.992107, -0.08885, 0.088483, -0.125006, -0.124871, -0.635686, 0.761781, -0.002831, -0.011437, -0.766818, -0.641763, -1.2e-05, 0.0, 0.0, 0.0, 1.0],
                [0.980976, 0.005025, 0.194064, -0.125006, -0.139772, -0.675465, 0.724024, -0.002831, 0.134721, -0.737375, -0.661913, -1.2e-05, 0.0, 0.0, 0.0, 1.0],
                [0.960425, 0.066013, 0.270605, -0.125006, -0.141618, -0.720844, 0.678475, -0.002831, 0.239852, -0.689947, -0.682968, -1.2e-05, 0.0, 0.0, 0.0, 1.0],
                [0.937337, 0.090969, 0.33634, -0.125006, -0.143689, -0.778483, 0.610997, -0.002831, 0.317417, -0.621039, -0.71663, -1.2e-05, 0.0, 0.0, 0.0, 1.0],
                [0.917393, 0.127916, 0.376867, -0.125006, -0.145474, -0.773633, 0.616708, -0.002831, 0.370443, -0.620588, -0.691117, -1.2e-05, 0.0, 0.0, 0.0, 1.0],
                [0.90414, 0.149808, 0.40011, -0.125006, -0.146659, -0.770774, 0.619999, -0.002831, 0.401275, -0.619246, -0.674917, -1.2e-05, 0.0, 0.0, 0.0, 1.0],
                [0.899523, 0.157046, 0.40767, -0.125006, -0.147071, -0.769831, 0.621072, -0.002831, 0.411373, -0.618626, -0.669384, -1.2e-05, 0.0, 0.0, 0.0, 1.0],
                [0.89943, 0.156377, 0.408132, -0.125006, -0.146924, -0.771282, 0.619305, -0.002831, 0.41163, -0.616985, -0.670738, -1.2e-05, 0.0, 0.0, 0.0, 1.0],
                [0.899164, 0.154477, 0.40944, -0.125006, -0.146504, -0.775373, 0.614275, -0.002831, 0.41236, -0.612318, -0.674556, -1.2e-05, 0.0, 0.0, 0.0, 1.0],
                [0.898744, 0.151498, 0.41147, -0.125006, -0.145843, -0.781699, 0.606363, -0.002831, 0.413509, -0.604976, -0.680452, -1.2e-05, 0.0, 0.0, 0.0, 1.0],
                [0.898186, 0.147585, 0.414102, -0.125006, -0.144969, -0.78984, 0.595934, -0.002831, 0.415025, -0.595291, -0.688028, -1.2e-05, 0.0, 0.0, 0.0, 1.0],
                [0.897507, 0.142886, 0.41721, -0.125006, -0.143911, -0.799369, 0.583351, -0.002831, 0.416857, -0.583603, -0.696877, -1.2e-05, 0.0, 0.0, 0.0, 1.0],
                [0.896724, 0.149529, 0.416565, -0.125006, -0.142698, -0.793258, 0.591928, -0.002831, 0.418954, -0.590239, -0.689996, -1.2e-05, 0.0, 0.0, 0.0, 1.0],
                [0.895856, 0.167797, 0.411444, -0.125006, -0.141362, -0.770223, 0.621911, -0.002831, 0.421258, -0.615305, -0.666289, -1.2e-05, 0.0, 0.0, 0.0, 1.0],
                [0.894924, 0.174391, 0.41073, -0.125006, -0.139939, -0.764346, 0.629438, -0.002831, 0.423708, -0.620777, -0.659627, -1.2e-05, 0.0, 0.0, 0.0, 1.0],
                [0.893952, 0.177091, 0.41169, -0.125006, -0.138467, -0.764532, 0.629537, -0.002831, 0.426235, -0.619782, -0.658934, -1.2e-05, 0.0, 0.0, 0.0, 1.0],
                [0.89297, 0.177341, 0.413709, -0.125006, -0.13699, -0.76844, 0.625087, -0.002831, 0.428764, -0.614858, -0.661899, -1.2e-05, 0.0, 0.0, 0.0, 1.0],
                [0.892011, 0.175931, 0.416371, -0.125006, -0.135559, -0.774627, 0.617719, -0.002831, 0.431208, -0.607455, -0.667126, -1.2e-05, 0.0, 0.0, 0.0, 1.0],
                [0.891112, 0.173269, 0.419401, -0.125006, -0.134228, -0.782226, 0.608363, -0.002831, 0.433476, -0.598415, -0.673793, -1.2e-05, 0.0, 0.0, 0.0, 1.0],
                [0.890316, 0.16979, 0.422502, -0.125006, -0.133057, -0.790369, 0.598008, -0.002831, 0.435468, -0.588633, -0.681086, -1.2e-05, 0.0, 0.0, 0.0, 1.0],
                [0.889668, 0.165833, 0.42543, -0.125006, -0.132108, -0.798384, 0.587478, -0.002831, 0.437079, -0.578863, -0.688389, -1.2e-05, 0.0, 0.0, 0.0, 1.0],
                [0.889212, 0.16168, 0.427973, -0.125006, -0.131444, -0.805742, 0.577497, -0.002831, 0.438205, -0.569772, -0.695223, -1.2e-05, 0.0, 0.0, 0.0, 1.0],
                [0.888993, 0.157463, 0.429995, -0.125006, -0.131126, -0.812161, 0.568507, -0.002831, 0.438744, -0.561783, -0.701358, -1.2e-05, 0.0, 0.0, 0.0, 1.0],
                [0.889497, 0.150767, 0.431351, -0.125006, -0.131101, -0.820106, 0.556992, -0.002831, 0.437729, -0.551993, -0.709716, -1.2e-05, 0.0, 0.0, 0.0, 1.0],
                [0.892492, 0.137409, 0.429625, -0.125006, -0.131091, -0.832342, 0.538537, -0.002831, 0.431595, -0.53696, -0.724845, -1.2e-05, 0.0, 0.0, 0.0, 1.0],
                [0.899787, 0.114254, 0.421105, -0.125006, -0.130838, -0.850047, 0.510198, -0.002831, 0.416251, -0.514166, -0.749912, -1.2e-05, 0.0, 0.0, 0.0, 1.0],
                [0.91274, 0.072888, 0.401985, -0.125006, -0.130141, -0.880823, 0.455208, -0.002831, 0.387257, -0.467802, -0.794477, -1.2e-05, 0.0, 0.0, 0.0, 1.0],
                [0.931756, 0.050553, 0.359549, -0.125006, -0.128909, -0.879688, 0.457747, -0.002831, 0.339432, -0.472857, -0.813138, -1.2e-05, 0.0, 0.0, 0.0, 1.0],
                [0.955413, 0.014869, 0.294899, -0.125006, -0.127232, -0.880527, 0.456602, -0.002831, 0.266455, -0.473764, -0.839375, -1.2e-05, 0.0, 0.0, 0.0, 1.0],
                [0.978984, -0.021761, 0.202773, -0.125006, -0.125514, -0.847965, 0.514978, -0.002831, 0.160738, -0.529606, -0.832875, -1.2e-05, 0.0, 0.0, 0.0, 1.0],
                [0.992188, -0.104637, 0.067931, -0.125006, -0.124698, -0.815509, 0.56515, -0.002831, -0.003737, -0.569206, -0.822187, -1.2e-05, 0.0, 0.0, 0.0, 1.0],
                [0.967057, -0.232755, -0.103085, -0.125006, -0.127489, -0.793339, 0.595281, -0.002831, -0.220336, -0.562529, -0.796877, -1.2e-05, 0.0, 0.0, 0.0, 1.0],
                [0.891233, -0.363907, -0.270695, -0.125006, -0.135022, -0.782664, 0.607623, -0.002831, -0.432981, -0.504984, -0.746672, -1.2e-05, 0.0, 0.0, 0.0, 1.0],
                [0.79858, -0.455413, -0.393533, -0.125006, -0.143982, -0.779391, 0.60977, -0.002831, -0.584413, -0.430289, -0.687978, -1.2e-05, 0.0, 0.0, 0.0, 1.0],
                [0.753799, -0.487855, -0.440209, -0.125006, -0.148259, -0.778918, 0.60935, -0.002831, -0.640161, -0.394062, -0.659476, -1.2e-05, 0.0, 0.0, 0.0, 1.0]
            ]
        },
        {
            "name": "Leg_L",
            "time": [0.0, 0.0167, 0.0333, 0.05, 0.0667, 0.0833, 0.1, 0.1167, 0.1333, 0.15, 0.1667, 0.1833, 0.2, 0.2167, 0.2333, 0.25, 0.2667, 0.2833, 0.3, 0.3167, 0.3333, 0.35, 0.3667, 0.3833, 0.4, 0.4167, 0.4333, 0.45, 0.4667, 0.4833, 0.5, 0.5167, 0.5333, 0.55, 0.5667, 0.5833, 0.6, 0.6167, 0.6333, 0.65, 0.6667, 0.6833, 0.7, 0.7167, 0.7333, 0.75, 0.7667, 0.7833, 0.8, 0.8167, 0.8333, 0.85, 0.8667, 0.8833, 0.9, 0.9167, 0.9333],
            "transform": [
                [1.0, -0.0, 1e-06, -0.0, -0.0, 0.890796, 0.454403, 0.374726, -1e-06, -0.454403, 0.890796, -0.0, 0.0, 0.0, 0.0, 1.0],
                [1.0, -0.0, 1e-06, -0.0, -0.0, 0.885898, 0.463878, 0.374726, -1e-06, -0.463878, 0.885899, -0.0, 0.0, 0.0, 0.0, 1.0],
                [1.0, -0.0, 1e-06, -0.0, -0.0, 0.872112, 0.489307, 0.374726, -1e-06, -0.489307, 0.872111, -0.0, 0.0, 0.0, 0.0, 1.0],
                [1.0, -0.0, 1e-06, -0.0, -0.0, 0.85083, 0.525442, 0.374726, -1e-06, -0.525442, 0.850829, 0.0, 0.0, 0.0, 0.0, 1.0],
                [1.0, -0.0, 1e-06, -0.0, -0.0, 0.823475, 0.567352, 0.374726, -1e-06, -0.567352, 0.823475, 0.0, 0.0, 0.0, 0.0, 1.0],
                [1.0, -0.0, 1e-06, -0.0, -0.0, 0.791466, 0.611213, 0.374726, -1e-06, -0.611213, 0.791467, -0.0, 0.0, 0.0, 0.0, 1.0],
                [1.0, -0.0, 1e-06, -0.0, -0.0, 0.756204, 0.654335, 0.374726, -1e-06, -0.654335, 0.756205, 0.0, 0.0, 0.0, 0.0, 1.0],
                [1.0, -0.0, 1e-06, -0.0, -0.0, 0.719051, 0.694957, 0.374726, -1e-06, -0.694957, 0.719051, -0.0, 0.0, 0.0, 0.0, 1.0],
                [1.0, -1e-06, 1e-06, 0.0, -0.0, 0.681322, 0.731984, 0.374726, -1e-06, -0.731984, 0.681323, -0.0, 0.0, 0.0, 0.0, 1.0],
                [1.0, -1e-06, 1e-06, -0.0, -0.0, 0.644279, 0.764789, 0.374726, -1e-06, -0.76479, 0.64428, 0.0, 0.0, 0.0, 0.0, 1.0],
                [1.0, -1e-06, 1e-06, -0.0, -0.0, 0.609128, 0.793072, 0.374726, -1e-06, -0.793072, 0.609128, 0.0, 0.0, 0.0, 0.0, 1.0],
                [1.0, -1e-06, 1e-06, -0.0, -0.0, 0.577019, 0.816731, 0.374726, -1e-06, -0.816731, 0.577019, 0.0, 0.0, 0.0, 0.0, 1.0],
                [1.0, -1e-06, 1e-06, -0.0, -0.0, 0.549059, 0.835783, 0.374726, -1e-06, -0.835783, 0.54906, -0.0, 0.0, 0.0, 0.0, 1.0],
                [1.0, -1e-06, 1e-06, -0.0, -0.0, 0.526319, 0.850287, 0.374726, -1e-06, -0.850287, 0.526319, 0.0, 0.0, 0.0, 0.0, 1.0],
                [1.0, -1e-06, 1e-06, -0.0, -0.0, 0.509852, 0.860262, 0.374726, -1e-06, -0.860262, 0.509852, 0.0, 0.0, 0.0, 0.0, 1.0],
                [1.0, -1e-06, 1e-06, -0.0, -0.0, 0.500714, 0.865612, 0.374726, -1e-06, -0.865612, 0.500715, 0.0, 0.0, 0.0, 0.0, 1.0],
                [1.0, -1e-06, 1e-06, -0.0, -0.0, 0.499991, 0.86603, 0.374726, -1e-06, -0.866031, 0.499991, 0.0, 0.0, 0.0, 0.0, 1.0],
                [1.0, -1e-06, 1e-06, 0.0, -0.0, 0.509381, 0.860541, 0.374726, -1e-06, -0.860541, 0.509381, -0.0, 0.0, 0.0, 0.0, 1.0],
                [1.0, -1e-06, 1e-06, -0.0, -0.0, 0.534326, 0.845278, 0.374726, -1e-06, -0.845278, 0.534327, 0.0, 0.0, 0.0, 0.0, 1.0],
                [1.0, -1e-06, 1e-06, -0.0, -0.0, 0.583391, 0.812191, 0.374726, -1e-06, -0.812191, 0.583392, 0.0, 0.0, 0.0, 0.0, 1.0],
                [1.0, -1e-06, 1e-06, -0.0, -0.0, 0.660685, 0.750663, 0.374726, -1e-06, -0.750663, 0.660685, 0.0, 0.0, 0.0, 0.0, 1.0],
                [1.0, -0.0, 1e-06, -0.0, -0.0, 0.75953, 0.650472, 0.374726, -1e-06, -0.650472, 0.75953, -0.0, 0.0, 0.0, 0.0, 1.0],
                [1.0, -0.0, 1e-06, 0.0, -0.0, 0.860271, 0.509836, 0.374726, -1e-06, -0.509836, 0.860271, -0.0, 0.0, 0.0, 0.0, 1.0],
                [1.0, -0.0, 1e-06, -0.0, -0.0, 0.933826, 0.357727, 0.374726, -1e-06, -0.357727, 0.933827, 0.0, 0.0, 0.0, 0.0, 1.0],
                [1.0, -0.0, 1e-06, -0.0, -0.0, 0.978839, 0.204633, 0.374726, -1e-06, -0.204633, 0.978839, 0.0, 0.0, 0.0, 0.0, 1.0],
