{
    "animation": [
        {
            "name": "Root",
            "time": [0.0, 0.0167, 0.0333, 0.05, 0.0667, 0.0833, 0.1, 0.1167, 0.1333, 0.15, 0.1667, 0.1833, 0.2, 0.2167, 0.2333, 0.25, 0.2667, 0.2833, 0.3, 0.3167, 0.3333, 0.35, 0.3667, 0.3833, 0.4, 0.4167, 0.4333, 0.45, 0.4667, 0.4833, 0.5, 0.5167, 0.5333, 0.55, 0.5667, 0.5833, 0.6, 0.6167, 0.6333, 0.65, 0.6667, 0.6833, 0.7, 0.7167, 0.7333, 0.75, 0.7667, 0.7833, 0.8, 0.8167, 0.8333, 0.85, 0.8667, 0.8833, 0.9, 0.9167, 0.9333, 0.95, 0.9667, 0.9833, 1.0],
            "transform": [
                [0.711013, 0.0, -0.703179, -5e-06, -0.703179, 0.0, -0.711013, 0.000946, 0.0, 1.0, 0.0, 0.756275, 0.0, 0.0, 0.0, 1.0],
                [0.714229, 0.0, -0.699912, -5e-06, -0.699912, 0.0, -0.714229, 0.000946, 0.0, 1.0, 0.0, 0.756275, 0.0, 0.0, 0.0, 1.0],
                [0.723532, 0.0, -0.690291, -5e-06, -0.690291, 0.0, -0.723532, 0.000946, 0.0, 1.0, 0.0, 0.756275, 0.0, 0.0, 0.0, 1.0],
                [0.738333, 0.0, -0.674436, -5e-06, -0.674436, 0.0, -0.738333, 0.000946, 0.0, 1.0, 0.0, 0.756275, 0.0, 0.0, 0.0, 1.0],
                [0.757946, 0.0, -0.652318, -5e-06, -0.652318, 0.0, -0.757946, 0.000946, 0.0, 1.0, 0.0, 0.756275, 0.0, 0.0, 0.0, 1.0],
                [0.781578, 0.0, -0.623808, -5e-06, -0.623808, 0.0, -0.781578, 0.000946, 0.0, 1.0, 0.0, 0.756275, 0.0, 0.0, 0.0, 1.0],
                [0.808325, 0.0, -0.588736, -5e-06, -0.588736, 0.0, -0.808325, 0.000946, 0.0, 1.0, 0.0, 0.756275, 0.0, 0.0, 0.0, 1.0],
                [0.837168, 0.0, -0.546946, -5e-06, -0.546946, 0.0, -0.837168, 0.000946, 0.0, 1.0, 0.0, 0.756275, 0.0, 0.0, 0.0, 1.0],
                [0.86697, 0.0, -0.49836, -5e-06, -0.49836, 0.0, -0.86697, 0.000946, 0.0, 1.0, 0.0, 0.756275, 0.0, 0.0, 0.0, 1.0],
                [0.896505, 0.0, -0.443033, -5e-06, -0.443033, 0.0, -0.896505, 0.000946, 0.0, 1.0, 0.0, 0.756275, 0.0, 0.0, 0.0, 1.0],
                [0.924486, 0.0, -0.381215, -5e-06, -0.381215, 0.0, -0.924486, 0.000946, 0.0, 1.0, 0.0, 0.756275, 0.0, 0.0, 0.0, 1.0],
                [0.949624, 0.0, -0.313391, -5e-06, -0.313391, 0.0, -0.949624, 0.000946, 0.0, 1.0, 0.0, 0.756275, 0.0, 0.0, 0.0, 1.0],
                [0.970695, 0.0, -0.240315, -5e-06, -0.240315, 0.0, -0.970695, 0.000946, 0.0, 1.0, 0.0, 0.756275, 0.0, 0.0, 0.0, 1.0],
                [0.986626, 0.0, -0.163003, -5e-06, -0.163003, 0.0, -0.986626, 0.000946, 0.0, 1.0, 0.0, 0.756275, 0.0, 0.0, 0.0, 1.0],
                [0.996573, 0.0, -0.082715, -5e-06, -0.082715, 0.0, -0.996573, 0.000946, 0.0, 1.0, 0.0, 0.756275, 0.0, 0.0, 0.0, 1.0],
                [1.0, 0.0, -0.000886, -5e-06, -0.000886, 0.0, -1.0, 0.000946, 0.0, 1.0, 0.0, 0.756275, 0.0, 0.0, 0.0, 1.0],
                [0.996718, 0.0, 0.080949, -5e-06, 0.080949, 0.0, -0.996718, 0.000946, 0.0, 1.0, 0.0, 0.756275, 0.0, 0.0, 0.0, 1.0],
                [0.986913, 0.0, 0.161255, -5e-06, 0.161255, 0.0, -0.986913, 0.000946, 0.0, 1.0, 0.0, 0.756275, 0.0, 0.0, 0.0, 1.0],
                [0.971119, 0.0, 0.238594, -5e-06, 0.238594, 0.0, -0.971119, 0.000946, 0.0, 1.0, 0.0, 0.756275, 0.0, 0.0, 0.0, 1.0],
                [0.950178, 0.0, 0.311708, -5e-06, 0.311708, 0.0, -0.950178, 0.000946, 0.0, 1.0, 0.0, 0.756275, 0.0, 0.0, 0.0, 1.0],
                [0.925161, 0.0, 0.379576, -5e-06, 0.379576, 0.0, -0.925161, 0.000946, 0.0, 1.0, 0.0, 0.756275, 0.0, 0.0, 0.0, 1.0],
                [0.897289, 0.0, 0.441444, -5e-06, 0.441444, 0.0, -0.897289, 0.000946, 0.0, 1.0, 0.0, 0.756275, 0.0, 0.0, 0.0, 1.0],
                [0.867852, 0.0, 0.496823, -5e-06, 0.496823, 0.0, -0.867852, 0.000946, 0.0, 1.0, 0.0, 0.756275, 0.0, 0.0, 0.0, 1.0],
                [0.838135, 0.0, 0.545462, -5e-06, 0.545462, 0.0, -0.838135, 0.000946, 0.0, 1.0, 0.0, 0.756275, 0.0, 0.0, 0.0, 1.0],
                [0.809367, 0.0, 0.587303, -5e-06, 0.587303, 0.0, -0.809367, 0.000946, 0.0, 1.0, 0.0, 0.756275, 0.0, 0.0, 0.0, 1.0],
                [0.782682, 0.0, 0.622422, -5e-06, 0.622422, 0.0, -0.782682, 0.000946, 0.0, 1.0, 0.0, 0.756275, 0.0, 0.0, 0.0, 1.0],
                [0.7591, 0.0, 0.650974, -5e-06, 0.650974, 0.0, -0.7591, 0.000946, 0.0, 1.0, 0.0, 0.756275, 0.0, 0.0, 0.0, 1.0],
                [0.739527, 0.0, 0.673127, -5e-06, 0.673127, 0.0, -0.739527, 0.000946, 0.0, 1.0, 0.0, 0.756275, 0.0, 0.0, 0.0, 1.0],
                [0.724754, 0.0, 0.689007, -5e-06, 0.689007, 0.0, -0.724754, 0.000946, 0.0, 1.0, 0.0, 0.756275, 0.0, 0.0, 0.0, 1.0],
                [0.715468, 0.0, 0.698645, -5e-06, 0.698645, 0.0, -0.715468, 0.000946, 0.0, 1.0, 0.0, 0.756275, 0.0, 0.0, 0.0, 1.0],
                [0.712258, 0.0, 0.701918, -5e-06, 0.701918, 0.0, -0.712258, 0.000946, 0.0, 1.0, 0.0, 0.756275, 0.0, 0.0, 0.0, 1.0],
                [0.715468, 0.0, 0.698646, -5e-06, 0.698646, 0.0, -0.715468, 0.000946, 0.0, 1.0, 0.0, 0.756275, 0.0, 0.0, 0.0, 1.0],
                [0.724754, 0.0, 0.689008, -5e-06, 0.689008, 0.0, -0.724754, 0.000946, 0.0, 1.0, 0.0, 0.756275, 0.0, 0.0, 0.0, 1.0],
                [0.739527, 0.0, 0.673127, -5e-06, 0.673127, 0.0, -0.739527, 0.000946, 0.0, 1.0, 0.0, 0.756275, 0.0, 0.0, 0.0, 1.0],
                [0.7591, 0.0, 0.650974, -5e-06, 0.650974, 0.0, -0.7591, 0.000946, 0.0, 1.0, 0.0, 0.756275, 0.0, 0.0, 0.0, 1.0],
                [0.782682, 0.0, 0.622422, -5e-06, 0.622422, 0.0, -0.782682, 0.000946, 0.0, 1.0, 0.0, 0.756275, 0.0, 0.0, 0.0, 1.0],
                [0.809367, 0.0, 0.587303, -5e-06, 0.587303, 0.0, -0.809367, 0.000946, 0.0, 1.0, 0.0, 0.756275, 0.0, 0.0, 0.0, 1.0],
                [0.838135, 0.0, 0.545462, -5e-06, 0.545462, 0.0, -0.838135, 0.000946, 0.0, 1.0, 0.0, 0.756275, 0.0, 0.0, 0.0, 1.0],
                [0.867852, 0.0, 0.496823, -5e-06, 0.496823, 0.0, -0.867852, 0.000946, 0.0, 1.0, 0.0, 0.756275, 0.0, 0.0, 0.0, 1.0],
                [0.897289, 0.0, 0.441444, -5e-06, 0.441444, 0.0, -0.897289, 0.000946, 0.0, 1.0, 0.0, 0.756275, 0.0, 0.0, 0.0, 1.0],
                [0.92516, 0.0, 0.379576, -5e-06, 0.379576, 0.0, -0.92516, 0.000946, 0.0, 1.0, 0.0, 0.756275, 0.0, 0.0, 0.0, 1.0],
                [0.950178, 0.0, 0.311708, -5e-06, 0.311708, 0.0, -0.950178, 0.000946, 0.0, 1.0, 0.0, 0.756275, 0.0, 0.0, 0.0, 1.0],
                [0.971119, 0.0, 0.238594, -5e-06, 0.238594, 0.0, -0.971119, 0.000946, 0.0, 1.0, 0.0, 0.756275, 0.0, 0.0, 0.0, 1.0],
                [0.986913, 0.0, 0.161255, -5e-06, 0.161255, 0.0, -0.986913, 0.000946, 0.0, 1.0, 0.0, 0.756275, 0.0, 0.0, 0.0, 1.0],
                [0.996718, 0.0, 0.080949, -5e-06, 0.080949, 0.0, -0.996718, 0.000946, 0.0, 1.0, 0.0, 0.756275, 0.0, 0.0, 0.0, 1.0],
                [1.0, 0.0, -0.000886, -5e-06, -0.000886, 0.0, -1.0, 0.000946, 0.0, 1.0, 0.0, 0.756275, 0.0, 0.0, 0.0, 1.0],
                [0.996573, 0.0, -0.082715, -5e-06, -0.082715, 0.0, -0.996573, 0.000946, 0.0, 1.0, 0.0, 0.756275, 0.0, 0.0, 0.0, 1.0],
                [0.986626, 0.0, -0.163003, -5e-06, -0.163003, 0.0, -0.986626, 0.000946, 0.0, 1.0, 0.0, 0.756275, 0.0, 0.0, 0.0, 1.0],
                [0.970695, 0.0, -0.240314, -5e-06, -0.240314, 0.0, -0.970695, 0.000946, 0.0, 1.0, 0.0, 0.756275, 0.0, 0.0, 0.0, 1.0],
                [0.949624, 0.0, -0.313391, -5e-06, -0.313391, 0.0, -0.949624, 0.000946, 0.0, 1.0, 0.0, 0.756275, 0.0, 0.0, 0.0, 1.0],
                [0.924487, 0.0, -0.381215, -5e-06, -0.381215, 0.0, -0.924487, 0.000946, 0.0, 1.0, 0.0, 0.756275, 0.0, 0.0, 0.0, 1.0],
                [0.896505, 0.0, -0.443033, -5e-06, -0.443033, 0.0, -0.896505, 0.000946, 0.0, 1.0, 0.0, 0.756275, 0.0, 0.0, 0.0, 1.0],
                [0.86697, 0.0, -0.49836, -5e-06, -0.49836, 0.0, -0.86697, 0.000946, 0.0, 1.0, 0.0, 0.756275, 0.0, 0.0, 0.0, 1.0],
                [0.837168, 0.0, -0.546946, -5e-06, -0.546946, 0.0, -0.837168, 0.000946, 0.0, 1.0, 0.0, 0.756275, 0.0, 0.0, 0.0, 1.0],
                [0.808325, 0.0, -0.588736, -5e-06, -0.588736, 0.0, -0.808325, 0.000946, 0.0, 1.0, 0.0, 0.756275, 0.0, 0.0, 0.0, 1.0],
                [0.781578, 0.0, -0.623808, -5e-06, -0.623808, 0.0, -0.781578, 0.000946, 0.0, 1.0, 0.0, 0.756275, 0.0, 0.0, 0.0, 1.0],
                [0.757946, 0.0, -0.652318, -5e-06, -0.652318, 0.0, -0.757946, 0.000946, 0.0, 1.0, 0.0, 0.756275, 0.0, 0.0, 0.0, 1.0],
                [0.738333, 0.0, -0.674436, -5e-06, -0.674436, 0.0, -0.738333, 0.000946, 0.0, 1.0, 0.0, 0.756275, 0.0, 0.0, 0.0, 1.0],
                [0.723532, 0.0, -0.690291, -5e-06, -0.690291, 0.0, -0.723532, 0.000946, 0.0, 1.0, 0.0, 0.756275, 0.0, 0.0, 0.0, 1.0],
                [0.714229, 0.0, -0.699912, -5e-06, -0.699912, 0.0, -0.714229, 0.000946, 0.0, 1.0, 0.0, 0.756275, 0.0, 0.0, 0.0, 1.0],
                [0.711013, 0.0, -0.703179, -5e-06, -0.703179, 0.0, -0.711013, 0.000946, 0.0, 1.0, 0.0, 0.756275, 0.0, 0.0, 0.0, 1.0]
            ]
        },
        {
            "name": "Thigh_R",
            "time": [0.0, 0.0167, 0.0333, 0.05, 0.0667, 0.0833, 0.1, 0.1167, 0.1333, 0.15, 0.1667, 0.1833, 0.2, 0.2167, 0.2333, 0.25, 0.2667, 0.2833, 0.3, 0.3167, 0.3333, 0.35, 0.3667, 0.3833, 0.4, 0.4167, 0.4333, 0.45, 0.4667, 0.4833, 0.5, 0.5167, 0.5333, 0.55, 0.5667, 0.5833, 0.6, 0.6167, 0.6333, 0.65, 0.6667, 0.6833, 0.7, 0.7167, 0.7333, 0.75, 0.7667, 0.7833, 0.8, 0.8167, 0.8333, 0.85, 0.8667, 0.8833, 0.9, 0.9167, 0.9333, 0.95, 0.9667, 0.9833, 1.0],
            "transform": [
                [0.908559, 0.225848, -0.351444, 0.124994, 0.301584, -0.936737, 0.177685, -0.002831, -0.289081, -0.267427, -0.919193, -1.2e-05, 0.0, 0.0, 0.0, 1.0],
                [0.909873, 0.226808, -0.347404, 0.124994, 0.301371, -0.936802, 0.177703, -0.002831, -0.285144, -0.266385, -0.920724, -1.2e-05, 0.0, 0.0, 0.0, 1.0],
                [0.913609, 0.229622, -0.335548, 0.124994, 0.300767, -0.936996, 0.177705, -0.002831, -0.273602, -0.263275, -0.92511, -1.2e-05, 0.0, 0.0, 0.0, 1.0],
                [0.919349, 0.234208, -0.31614, 0.124994, 0.299842, -0.937321, 0.177554, -0.002831, -0.25474, -0.258026, -0.93195, -1.2e-05, 0.0, 0.0, 0.0, 1.0],
                [0.926534, 0.240485, -0.289313, 0.124994, 0.298691, -0.937783, 0.177053, -0.002831, -0.228734, -0.250461, -0.940718, -1.2e-05, 0.0, 0.0, 0.0, 1.0],
                [0.934471, 0.248348, -0.25512, 0.124994, 0.297431, -0.938386, 0.175972, -0.002831, -0.195699, -0.240322, -0.950761, -1.2e-05, 0.0, 0.0, 0.0, 1.0],
                [0.942342, 0.25763, -0.213584, 0.124994, 0.296205, -0.939128, 0.174074, -0.002831, -0.155736, -0.227302, -0.961291, -1.2e-05, 0.0, 0.0, 0.0, 1.0],
                [0.949206, 0.268076, -0.164754, 0.124994, 0.295176, -0.939993, 0.171128, -0.002831, -0.108993, -0.211067, -0.971376, -1.2e-05, 0.0, 0.0, 0.0, 1.0],
                [0.954018, 0.27932, -0.108768, 0.124994, 0.294527, -0.940949, 0.166942, -0.002831, -0.055715, -0.191301, -0.979949, -1.2e-05, 0.0, 0.0, 0.0, 1.0],
                [0.955659, 0.290876, -0.045911, 0.124994, 0.294453, -0.941943, 0.161372, -0.002831, 0.003694, -0.167735, -0.985825, -1.2e-05, 0.0, 0.0, 0.0, 1.0],
                [0.952982, 0.302129, 0.023319, 0.124994, 0.295157, -0.942901, 0.15434, -0.002831, 0.068619, -0.140201, -0.987742, -1.2e-05, 0.0, 0.0, 0.0, 1.0],
                [0.944878, 0.312362, 0.098158, 0.124994, 0.29683, -0.943727, 0.145851, -0.002831, 0.138193, -0.108676, -0.984425, -1.2e-05, 0.0, 0.0, 0.0, 1.0],
                [0.930363, 0.320785, 0.177543, 0.124994, 0.299641, -0.94431, 0.135996, -0.002831, 0.211281, -0.073326, -0.974671, -1.2e-05, 0.0, 0.0, 0.0, 1.0],
                [0.908671, 0.326594, 0.260103, 0.124994, 0.303717, -0.944533, 0.124953, -0.002831, 0.286485, -0.034544, -0.957462, -1.2e-05, 0.0, 0.0, 0.0, 1.0],
                [0.879354, 0.329046, 0.344189, 0.124994, 0.309121, -0.944288, 0.112981, -0.002831, 0.362189, 0.007046, -0.932078, -1.2e-05, 0.0, 0.0, 0.0, 1.0],
                [0.842364, 0.327533, 0.427954, 0.124994, 0.315844, -0.943484, 0.1004, -0.002831, 0.436652, 0.050593, -0.898207, -1.2e-05, 0.0, 0.0, 0.0, 1.0],
                [0.798106, 0.321667, 0.509467, 0.124994, 0.323793, -0.942067, 0.087563, -0.002831, 0.508119, 0.095077, -0.856023, -1.2e-05, 0.0, 0.0, 0.0, 1.0],
                [0.747442, 0.311329, 0.58686, 0.124994, 0.332794, -0.940026, 0.074826, -0.002831, 0.57496, 0.139375, -0.806223, -1.2e-05, 0.0, 0.0, 0.0, 1.0],
                [0.691644, 0.296702, 0.65848, 0.124994, 0.342604, -0.937397, 0.062519, -0.002831, 0.635807, 0.182357, -0.749997, -1.2e-05, 0.0, 0.0, 0.0, 1.0],
                [0.632302, 0.278268, 0.723022, 0.124994, 0.352932, -0.934263, 0.05092, -0.002831, 0.689662, 0.222981, -0.688945, -1.2e-05, 0.0, 0.0, 0.0, 1.0],
                [0.571191, 0.256757, 0.779627, 0.124994, 0.363462, -0.93074, 0.040234, -0.002831, 0.73596, 0.260383, -0.624951, -1.2e-05, 0.0, 0.0, 0.0, 1.0],
                [0.510136, 0.233086, 0.827908, 0.124994, 0.373882, -0.926971, 0.030599, -0.002831, 0.774579, 0.293931, -0.560028, -1.2e-05, 0.0, 0.0, 0.0, 1.0],
                [0.450888, 0.208276, 0.867941, 0.124994, 0.383903, -0.92311, 0.022081, -0.002831, 0.805803, 0.323249, -0.496177, -1.2e-05, 0.0, 0.0, 0.0, 1.0],
                [0.395025, 0.183378, 0.900182, 0.124994, 0.39327, -0.919306, 0.014695, -0.002831, 0.830237, 0.34821, -0.435266, -1.2e-05, 0.0, 0.0, 0.0, 1.0],
                [0.343905, 0.159401, 0.925376, 0.124994, 0.401777, -0.915699, 0.008418, -0.002831, 0.848708, 0.3689, -0.378957, -1.2e-05, 0.0, 0.0, 0.0, 1.0],
                [0.298649, 0.137272, 0.944439, 0.124994, 0.409257, -0.912414, 0.003203, -0.002831, 0.862159, 0.385561, -0.328671, -1.2e-05, 0.0, 0.0, 0.0, 1.0],
                [0.260166, 0.117813, 0.95835, 0.124994, 0.41558, -0.909556, -0.001004, -0.002831, 0.871555, 0.398532, -0.285596, -1.2e-05, 0.0, 0.0, 0.0, 1.0],
                [0.229194, 0.101734, 0.96805, 0.124994, 0.420645, -0.907216, -0.004251, -0.002831, 0.877797, 0.40818, -0.250722, -1.2e-05, 0.0, 0.0, 0.0, 1.0],
                [0.206358, 0.089643, 0.974362, 0.124994, 0.424366, -0.905467, -0.006571, -0.002831, 0.881663, 0.414842, -0.224891, -1.2e-05, 0.0, 0.0, 0.0, 1.0],
                [0.192229, 0.082066, 0.977913, 0.124994, 0.426662, -0.904376, -0.007975, -0.002831, 0.883746, 0.418771, -0.208862, -1.2e-05, 0.0, 0.0, 0.0, 1.0],
                [0.187385, 0.07945, 0.979068, 0.124994, 0.427448, -0.904, -0.008451, -0.002831, 0.884407, 0.420085, -0.203357, -1.2e-05, 0.0, 0.0, 0.0, 1.0],
                [0.192229, 0.082066, 0.977913, 0.124994, 0.426662, -0.904376, -0.007975, -0.002831, 0.883746, 0.418771, -0.208862, -1.2e-05, 0.0, 0.0, 0.0, 1.0],
                [0.206357, 0.089644, 0.974361, 0.124994, 0.424366, -0.905467, -0.00657, -0.002831, 0.881663, 0.414842, -0.224891, -1.2e-05, 0.0, 0.0, 0.0, 1.0],
                [0.229194, 0.101733, 0.96805, 0.124994, 0.420645, -0.907216, -0.004251, -0.002831, 0.877797, 0.40818, -0.250722, -1.2e-05, 0.0, 0.0, 0.0, 1.0],
                [0.260166, 0.117813, 0.958349, 0.124994, 0.41558, -0.909556, -0.001004, -0.002831, 0.871554, 0.398532, -0.285597, -1.2e-05, 0.0, 0.0, 0.0, 1.0],
                [0.298649, 0.137272, 0.944439, 0.124994, 0.409257, -0.912414, 0.003203, -0.002831, 0.862159, 0.385562, -0.328671, -1.2e-05, 0.0, 0.0, 0.0, 1.0],
                [0.343905, 0.1594, 0.925376, 0.124994, 0.401777, -0.915699, 0.008417, -0.002831, 0.848708, 0.3689, -0.378957, -1.2e-05, 0.0, 0.0, 0.0, 1.0],
                [0.395025, 0.183377, 0.900182, 0.124994, 0.39327, -0.919306, 0.014694, -0.002831, 0.830237, 0.348211, -0.435265, -1.2e-05, 0.0, 0.0, 0.0, 1.0],
                [0.450888, 0.208277, 0.867941, 0.124994, 0.383902, -0.92311, 0.022081, -0.002831, 0.805803, 0.323249, -0.496177, -1.2e-05, 0.0, 0.0, 0.0, 1.0],
                [0.510136, 0.233086, 0.827908, 0.124994, 0.373882, -0.926971, 0.030599, -0.002831, 0.774579, 0.293931, -0.560029, -1.2e-05, 0.0, 0.0, 0.0, 1.0],
                [0.571191, 0.256757, 0.779626, 0.124994, 0.363462, -0.93074, 0.040234, -0.002831, 0.73596, 0.260383, -0.624951, -1.2e-05, 0.0, 0.0, 0.0, 1.0],
                [0.632302, 0.278268, 0.723022, 0.124994, 0.352932, -0.934263, 0.050919, -0.002831, 0.689662, 0.222981, -0.688945, -1.2e-05, 0.0, 0.0, 0.0, 1.0],
                [0.691644, 0.296702, 0.65848, 0.124994, 0.342604, -0.937397, 0.062519, -0.002831, 0.635807, 0.182357, -0.749997, -1.2e-05, 0.0, 0.0, 0.0, 1.0],
                [0.747442, 0.311329, 0.58686, 0.124994, 0.332794, -0.940026, 0.074827, -0.002831, 0.57496, 0.139375, -0.806223, -1.2e-05, 0.0, 0.0, 0.0, 1.0],
                [0.798106, 0.321667, 0.509468, 0.124994, 0.323793, -0.942067, 0.087563, -0.002831, 0.508119, 0.095078, -0.856023, -1.2e-05, 0.0, 0.0, 0.0, 1.0],
                [0.842364, 0.327533, 0.427954, 0.124994, 0.315844, -0.943484, 0.1004, -0.002831, 0.436652, 0.050594, -0.898206, -1.2e-05, 0.0, 0.0, 0.0, 1.0],
                [0.879354, 0.329046, 0.344189, 0.124994, 0.309121, -0.944288, 0.112981, -0.002831, 0.362189, 0.007045, -0.932078, -1.2e-05, 0.0, 0.0, 0.0, 1.0],
                [0.908671, 0.326594, 0.260103, 0.124994, 0.303717, -0.944533, 0.124954, -0.002831, 0.286485, -0.034544, -0.957462, -1.2e-05, 0.0, 0.0, 0.0, 1.0],
                [0.930363, 0.320785, 0.177544, 0.124994, 0.299641, -0.94431, 0.135996, -0.002831, 0.211281, -0.073326, -0.974671, -1.2e-05, 0.0, 0.0, 0.0, 1.0],
                [0.944878, 0.312362, 0.098159, 0.124994, 0.29683, -0.943727, 0.145851, -0.002831, 0.138193, -0.108675, -0.984425, -1.2e-05, 0.0, 0.0, 0.0, 1.0],
                [0.952982, 0.302129, 0.023319, 0.124994, 0.295157, -0.942901, 0.15434, -0.002831, 0.068619, -0.140201, -0.987742, -1.2e-05, 0.0, 0.0, 0.0, 1.0],
                [0.955659, 0.290876, -0.045911, 0.124994, 0.294454, -0.941943, 0.161372, -0.002831, 0.003694, -0.167735, -0.985826, -1.2e-05, 0.0, 0.0, 0.0, 1.0],
                [0.954018, 0.27932, -0.108768, 0.124994, 0.294527, -0.940949, 0.166942, -0.002831, -0.055714, -0.191301, -0.979949, -1.2e-05, 0.0, 0.0, 0.0, 1.0],
                [0.949206, 0.268075, -0.164754, 0.124994, 0.295176, -0.939993, 0.171128, -0.002831, -0.108993, -0.211068, -0.971376, -1.2e-05, 0.0, 0.0, 0.0, 1.0],
                [0.942342, 0.25763, -0.213584, 0.124994, 0.296205, -0.939128, 0.174073, -0.002831, -0.155736, -0.227302, -0.961291, -1.2e-05, 0.0, 0.0, 0.0, 1.0],
                [0.934471, 0.248348, -0.25512, 0.124994, 0.297431, -0.938386, 0.175972, -0.002831, -0.195699, -0.240322, -0.950761, -1.2e-05, 0.0, 0.0, 0.0, 1.0],
                [0.926534, 0.240485, -0.289313, 0.124994, 0.29869, -0.937783, 0.177053, -0.002831, -0.228734, -0.250461, -0.940718, -1.2e-05, 0.0, 0.0, 0.0, 1.0],
                [0.919349, 0.234207, -0.31614, 0.124994, 0.299842, -0.937321, 0.177554, -0.002831, -0.25474, -0.258026, -0.93195, -1.2e-05, 0.0, 0.0, 0.0, 1.0],
                [0.913609, 0.229622, -0.335548, 0.124994, 0.300767, -0.936995, 0.177705, -0.002831, -0.273602, -0.263275, -0.92511, -1.2e-05, 0.0, 0.0, 0.0, 1.0],
                [0.909873, 0.226808, -0.347404, 0.124994, 0.301371, -0.936802, 0.177703, -0.002831, -0.285144, -0.266385, -0.920724, -1.2e-05, 0.0, 0.0, 0.0, 1.0],
                [0.908559, 0.225848, -0.351444, 0.124994, 0.301584, -0.936737, 0.177685, -0.002831, -0.289081, -0.267427, -0.919193, -1.2e-05, 0.0, 0.0, 0.0, 1.0]
            ]
        },
        {
            "name": "Leg_R",
            "time": [0.0, 0.0167, 0.0333, 0.05, 0.0667, 0.0833, 0.1, 0.1167, 0.1333, 0.15, 0.1667, 0.1833, 0.2, 0.2167, 0.2333, 0.25, 0.2667, 0.2833, 0.3, 0.3167, 0.3333, 0.35, 0.3667, 0.3833, 0.4, 0.4167, 0.4333, 0.45, 0.4667, 0.4833, 0.5, 0.5167, 0.5333, 0.55, 0.5667, 0.5833, 0.6, 0.6167, 0.6333, 0.65, 0.6667, 0.6833, 0.7, 0.7167, 0.7333, 0.75, 0.7667, 0.7833, 0.8, 0.8167, 0.8333, 0.85, 0.8667, 0.8833, 0.9, 0.9167, 0.9333, 0.95, 0.9667, 0.9833, 1.0],
            "transform": [
                [1.0, -0.0, 1e-06, -0.0, -0.0, 0.866936, 0.498419, 0.374726, -1e-06, -0.498419, 0.866936, 0.0, 0.0, 0.0, 0.0, 1.0],
                [1.0, -0.0, 1e-06, 0.0, -0.0, 0.866247, 0.499615, 0.374726, -1e-06, -0.499615, 0.866247, 0.0, 0.0, 0.0, 0.0, 1.0],
                [1.0, -0.0, 1e-06, 0.0, -0.0, 0.864278, 0.503014, 0.374726, -1e-06, -0.503014, 0.864278, -0.0, 0.0, 0.0, 0.0, 1.0],
                [1.0, -0.0, 1e-06, 0.0, -0.0, 0.861214, 0.508242, 0.374726, -1e-06, -0.508242, 0.861215, 0.0, 0.0, 0.0, 0.0, 1.0],
                [1.0, -0.0, 1e-06, -0.0, -0.0, 0.857289, 0.514836, 0.374726, -1e-06, -0.514836, 0.857289, 0.0, 0.0, 0.0, 0.0, 1.0],
                [1.0, -0.0, 1e-06, -0.0, -0.0, 0.852775, 0.522277, 0.374726, -1e-06, -0.522277, 0.852775, 0.0, 0.0, 0.0, 0.0, 1.0],
                [1.0, -0.0, 1e-06, 0.0, -0.0, 0.847978, 0.53003, 0.374726, -1e-06, -0.53003, 0.847978, 0.0, 0.0, 0.0, 0.0, 1.0],
                [1.0, -0.0, 1e-06, 0.0, -0.0, 0.843223, 0.537562, 0.374726, -1e-06, -0.537563, 0.843224, 0.0, 0.0, 0.0, 0.0, 1.0],
                [1.0, -0.0, 1e-06, 0.0, -0.0, 0.838844, 0.544372, 0.374726, -1e-06, -0.544372, 0.838844, 0.0, 0.0, 0.0, 0.0, 1.0],
                [1.0, -0.0, 1e-06, -0.0, -0.0, 0.835164, 0.55, 0.374726, -1e-06, -0.55, 0.835164, -0.0, 0.0, 0.0, 0.0, 1.0],
                [1.0, -0.0, 1e-06, -0.0, -0.0, 0.832489, 0.554041, 0.374726, -1e-06, -0.554041, 0.83249, 0.0, 0.0, 0.0, 0.0, 1.0],
                [1.0, -0.0, 1e-06, 0.0, -0.0, 0.831076, 0.556158, 0.374726, -1e-06, -0.556158, 0.831077, 0.0, 0.0, 0.0, 0.0, 1.0],
                [1.0, -0.0, 1e-06, -0.0, -0.0, 0.831123, 0.556089, 0.374726, -1e-06, -0.55609, 0.831122, -0.0, 0.0, 0.0, 0.0, 1.0],
                [1.0, -0.0, 1e-06, 0.0, -0.0, 0.832744, 0.553658, 0.374726, -1e-06, -0.553658, 0.832744, 0.0, 0.0, 0.0, 0.0, 1.0],
                [1.0, -0.0, 1e-06, -0.0, -0.0, 0.835967, 0.548779, 0.374726, -1e-06, -0.54878, 0.835967, 0.0, 0.0, 0.0, 0.0, 1.0],
                [1.0, -0.0, 1e-06, -0.0, -0.0, 0.840721, 0.541467, 0.374726, -1e-06, -0.541467, 0.840722, -0.0, 0.0, 0.0, 0.0, 1.0],
                [1.0, -0.0, 1e-06, 0.0, -0.0, 0.846851, 0.531829, 0.374726, -1e-06, -0.53183, 0.846851, -0.0, 0.0, 0.0, 0.0, 1.0],
                [1.0, -0.0, 1e-06, -0.0, -0.0, 0.854124, 0.52007, 0.374726, -1e-06, -0.52007, 0.854124, -0.0, 0.0, 0.0, 0.0, 1.0],
                [1.0, -0.0, 1e-06, 0.0, -0.0, 0.862251, 0.50648, 0.374726, -1e-06, -0.50648, 0.862251, 0.0, 0.0, 0.0, 0.0, 1.0],
                [1.0, -0.0, 1e-06, 0.0, -0.0, 0.870918, 0.491429, 0.374726, -1e-06, -0.491429, 0.870918, 0.0, 0.0, 0.0, 0.0, 1.0],
                [1.0, -0.0, 1e-06, 0.0, -0.0, 0.879805, 0.475335, 0.374726, -1e-06, -0.475335, 0.879805, 0.0, 0.0, 0.0, 0.0, 1.0],
                [1.0, -0.0, 1e-06, -0.0, -0.0, 0.888609, 0.458665, 0.374726, -1e-06, -0.458665, 0.888609, -0.0, 0.0, 0.0, 0.0, 1.0],
                [1.0, -0.0, 1e-06, 0.0, -0.0, 0.897064, 0.441899, 0.374726, -1e-06, -0.4419, 0.897065, -0.0, 0.0, 0.0, 0.0, 1.0],
                [1.0, -0.0, 1e-06, 0.0, -0.0, 0.904944, 0.42553, 0.374726, -1e-06, -0.42553, 0.904944, 0.0, 0.0, 0.0, 0.0, 1.0],
                [1.000001, -0.0, 1e-06, 0.0, -0.0, 0.912068, 0.410037, 0.374726, -1e-06, -0.410037, 0.912069, 0.0, 0.0, 0.0, 0.0, 1.0],
                [1.0, -0.0, 1e-06, -0.0, -0.0, 0.918302, 0.395879, 0.374726, -1e-06, -0.395879, 0.918302, -0.0, 0.0, 0.0, 0.0, 1.0],
                [1.0, -0.0, 1e-06, -0.0, -0.0, 0.923547, 0.383485, 0.374726, -1e-06, -0.383485, 0.923547, -0.0, 0.0, 0.0, 0.0, 1.0],
                [1.0, -0.0, 1e-06, 0.0, -0.0, 0.927727, 0.373259, 0.374726, -1e-06, -0.373259, 0.927727, 0.0, 0.0, 0.0, 0.0, 1.0],
                [1.0, -0.0, 1e-06, -0.0, -0.0, 0.930786, 0.365563, 0.374726, -1e-06, -0.365563, 0.930787, -0.0, 0.0, 0.0, 0.0, 1.0],
                [1.0, -0.0, 1e-06, -0.0, -0.0, 0.932667, 0.360738, 0.374726, -1e-06, -0.360738, 0.932667, -0.0, 0.0, 0.0, 0.0, 1.0],
                [1.0, -0.0, 1e-06, -0.0, -0.0, 0.93331, 0.359071, 0.374726, -1e-06, -0.359071, 0.933311, 0.0, 0.0, 0.0, 0.0, 1.0],
                [1.0, -0.0, 1e-06, 0.0, -0.0, 0.932667, 0.360738, 0.374726, -1e-06, -0.360738, 0.932667, -0.0, 0.0, 0.0, 0.0, 1.0],
                [1.0, -0.0, 1e-06, 0.0, -0.0, 0.930785, 0.365565, 0.374726, -1e-06, -0.365565, 0.930786, 0.0, 0.0, 0.0, 0.0, 1.0],
                [1.0, -0.0, 1e-06, 0.0, -0.0, 0.927727, 0.373258, 0.374726, -1e-06, -0.373258, 0.927728, 0.0, 0.0, 0.0, 0.0, 1.0],
                [1.0, -0.0, 1e-06, 0.0, -0.0, 0.923546, 0.383486, 0.374726, -1e-06, -0.383486, 0.923546, -0.0, 0.0, 0.0, 0.0, 1.0],
                [1.0, -0.0, 1e-06, -0.0, -0.0, 0.918303, 0.395879, 0.374726, -1e-06, -0.395879, 0.918303, 0.0, 0.0, 0.0, 0.0, 1.0],
                [1.0, -0.0, 1e-06, 0.0, -0.0, 0.912069, 0.410036, 0.374726, -1e-06, -0.410036, 0.912069, 0.0, 0.0, 0.0, 0.0, 1.0],
                [1.0, -0.0, 1e-06, 0.0, -0.0, 0.904945, 0.425528, 0.374726, -1e-06, -0.425528, 0.904945, 0.0, 0.0, 0.0, 0.0, 1.0],
                [1.0, -0.0, 1e-06, 0.0, -0.0, 0.897064, 0.4419, 0.374726, -1e-06, -0.4419, 0.897064, -0.0, 0.0, 0.0, 0.0, 1.0],
                [1.0, -0.0, 1e-06, -0.0, -0.0, 0.888609, 0.458665, 0.374726, -1e-06, -0.458665, 0.888609, -0.0, 0.0, 0.0, 0.0, 1.0],
                [1.0, -0.0, 1e-06, -0.0, -0.0, 0.879805, 0.475335, 0.374726, -1e-06, -0.475335, 0.879805, 0.0, 0.0, 0.0, 0.0, 1.0],
                [1.0, -0.0, 1e-06, 0.0, -0.0, 0.870918, 0.491429, 0.374726, -1e-06, -0.491429, 0.870918, -0.0, 0.0, 0.0, 0.0, 1.0],
                [1.0, -0.0, 1e-06, 0.0, -0.0, 0.862251, 0.50648, 0.374726, -1e-06, -0.50648, 0.862251, 0.0, 0.0, 0.0, 0.0, 1.0],
                [1.0, -0.0, 1e-06, 0.0, -0.0, 0.854123, 0.52007, 0.374726, -1e-06, -0.52007, 0.854124, -0.0, 0.0, 0.0, 0.0, 1.0],
                [1.0, -0.0, 1e-06, 0.0, -0.0, 0.846852, 0.531829, 0.374726, -1e-06, -0.531829, 0.846852, 0.0, 0.0, 0.0, 0.0, 1.0],
                [1.0, -0.0, 1e-06, 0.0, -0.0, 0.840722, 0.541467, 0.374726, -1e-06, -0.541467, 0.840722, -0.0, 0.0, 0.0, 0.0, 1.0],
                [1.0, -0.0, 1e-06, -0.0, -0.0, 0.835967, 0.54878, 0.374726, -1e-06, -0.54878, 0.835967, 0.0, 0.0, 0.0, 0.0, 1.0],
                [1.0, -0.0, 1e-06, 0.0, -0.0, 0.832744, 0.553659, 0.374726, -1e-06, -0.553659, 0.832744, -0.0, 0.0, 0.0, 0.0, 1.0],
                [1.0, -0.0, 1e-06, -0.0, -0.0, 0.831123, 0.556089, 0.374726, -1e-06, -0.556089, 0.831123, -0.0, 0.0, 0.0, 0.0, 1.0],
                [1.0, -0.0, 1e-06, -0.0, -0.0, 0.831077, 0.556158, 0.374726, -1e-06, -0.556158, 0.831077, -0.0, 0.0, 0.0, 0.0, 1.0],
                [1.0, -0.0, 1e-06, 0.0, -0.0, 0.832489, 0.554041, 0.374726, -1e-06, -0.554041, 0.83249, 0.0, 0.0, 0.0, 0.0, 1.0],
                [1.0, -0.0, 1e-06, -0.0, -0.0, 0.835164, 0.55, 0.374726, -1e-06, -0.550001, 0.835164, 0.0, 0.0, 0.0, 0.0, 1.0],
                [1.0, -0.0, 1e-06, 0.0, -0.0, 0.838843, 0.544373, 0.374726, -1e-06, -0.544373, 0.838843, -0.0, 0.0, 0.0, 0.0, 1.0],
                [1.0, -0.0, 1e-06, 0.0, -0.0, 0.843223, 0.537563, 0.374726, -1e-06, -0.537564, 0.843223, 0.0, 0.0, 0.0, 0.0, 1.0],
                [1.0, -0.0, 1e-06, 0.0, -0.0, 0.847978, 0.53003, 0.374726, -1e-06, -0.53003, 0.847979, 0.0, 0.0, 0.0, 0.0, 1.0],
                [1.0, -0.0, 1e-06, -0.0, -0.0, 0.852775, 0.522277, 0.374726, -1e-06, -0.522277, 0.852775, 0.0, 0.0, 0.0, 0.0, 1.0],
                [1.0, -0.0, 1e-06, -0.0, -0.0, 0.857288, 0.514836, 0.374726, -1e-06, -0.514836, 0.857288, -0.0, 0.0, 0.0, 0.0, 1.0],
                [1.0, -0.0, 1e-06, 0.0, -0.0, 0.861214, 0.508243, 0.374726, -1e-06, -0.508243, 0.861214, 0.0, 0.0, 0.0, 0.0, 1.0],
                [1.0, -0.0, 1e-06, -0.0, -0.0, 0.864278, 0.503014, 0.374726, -1e-06, -0.503014, 0.864278, -0.0, 0.0, 0.0, 0.0, 1.0],
                [1.0, -0.0, 1e-06, -0.0, -0.0, 0.866247, 0.499615, 0.374726, -1e-06, -0.499615, 0.866247, 0.0, 0.0, 0.0, 0.0, 1.0],
                [1.0, -0.0, 1e-06, -0.0, -0.0, 0.866936, 0.498419, 0.374726, -1e-06, -0.498419, 0.866936, 0.0, 0.0, 0.0, 0.0, 1.0]
            ]
        },
        {
            "name": "Knee_R",
            "time": [0.0, 1.0],
            "transform": [
                [1.0, 0.0, -0.0, -0.0, -0.0, 0.00567, -0.999984, 0.374726, -0.0, 0.999984, 0.00567, -0.0, 0.0, 0.0, 0.0, 1.0],
                [1.0, 0.0, -0.0, -0.0, -0.0, 0.00567, -0.999984, 0.374726, -0.0, 0.999984, 0.00567, -0.0, 0.0, 0.0, 0.0, 1.0]
            ]
        },
        {
            "name": "Thigh_L",
            "time": [0.0, 0.0167, 0.0333, 0.05, 0.0667, 0.0833, 0.1, 0.1167, 0.1333, 0.15, 0.1667, 0.1833, 0.2, 0.2167, 0.2333, 0.25, 0.2667, 0.2833, 0.3, 0.3167, 0.3333, 0.35, 0.3667, 0.3833, 0.4, 0.4167, 0.4333, 0.45, 0.4667, 0.4833, 0.5, 0.5167, 0.5333, 0.55, 0.5667, 0.5833, 0.6, 0.6167, 0.6333, 0.65, 0.6667, 0.6833, 0.7, 0.7167, 0.7333, 0.75, 0.7667, 0.7833, 0.8, 0.8167, 0.8333, 0.85, 0.8667, 0.8833, 0.9, 0.9167, 0.9333, 0.95, 0.9667, 0.9833, 1.0],
            "transform": [
                [0.75868, -0.385127, -0.525434, -0.125006, -0.208277, -0.907607, 0.364514, -0.002831, -0.617272, -0.167114, -0.768797, -1.2e-05, 0.0, 0.0, 0.0, 1.0],
                [0.76226, -0.384514, -0.52068, -0.125006, -0.207991, -0.907271, 0.365512, -0.002831, -0.612943, -0.170318, -0.771552, -1.2e-05, 0.0, 0.0, 0.0, 1.0],
                [0.772528, -0.382583, -0.506785, -0.125006, -0.207164, -0.906296, 0.36839, -0.002831, -0.600237, -0.179604, -0.779397, -1.2e-05, 0.0, 0.0, 0.0, 1.0],
                [0.788586, -0.379023, -0.484224, -0.125006, -0.205839, -0.904731, 0.37295, -0.002831, -0.579449, -0.194431, -0.791477, -1.2e-05, 0.0, 0.0, 0.0, 1.0],
                [0.809328, -0.373359, -0.453423, -0.125006, -0.204075, -0.902623, 0.37898, -0.002831, -0.550766, -0.214187, -0.80671, -1.2e-05, 0.0, 0.0, 0.0, 1.0],
                [0.833471, -0.36504, -0.414816, -0.125006, -0.201939, -0.900011, 0.386266, -0.002831, -0.514341, -0.238174, -0.823848, -1.2e-05, 0.0, 0.0, 0.0, 1.0],
                [0.859616, -0.353514, -0.368902, -0.125006, -0.199518, -0.89693, 0.3946, -0.002831, -0.470376, -0.265602, -0.841548, -1.2e-05, 0.0, 0.0, 0.0, 1.0],
                [0.88629, -0.338301, -0.316295, -0.125006, -0.196917, -0.89341, 0.403785, -0.002831, -0.419182, -0.295587, -0.858437, -1.2e-05, 0.0, 0.0, 0.0, 1.0],
                [0.912015, -0.319045, -0.25776, -0.125006, -0.19426, -0.88948, 0.413629, -0.002831, -0.361238, -0.327163, -0.873197, -1.2e-05, 0.0, 0.0, 0.0, 1.0],
                [0.93537, -0.29557, -0.19422, -0.125006, -0.191683, -0.885175, 0.423938, -0.002831, -0.297222, -0.35931, -0.884622, -1.2e-05, 0.0, 0.0, 0.0, 1.0],
                [0.955071, -0.267904, -0.126754, -0.125006, -0.18933, -0.880542, 0.434512, -0.002831, -0.22802, -0.390992, -0.891702, -1.2e-05, 0.0, 0.0, 0.0, 1.0],
                [0.970034, -0.236295, -0.056564, -0.125006, -0.187344, -0.875641, 0.445146, -0.002831, -0.154715, -0.42121, -0.89367, -1.2e-05, 0.0, 0.0, 0.0, 1.0],
                [0.979433, -0.201206, 0.015078, -0.125006, -0.185853, -0.87055, 0.455633, -0.002831, -0.07855, -0.449064, -0.89004, -1.2e-05, 0.0, 0.0, 0.0, 1.0],
                [0.982746, -0.163288, 0.086882, -0.125006, -0.184961, -0.865361, 0.465768, -0.002831, -0.00087, -0.473801, -0.880632, -1.2e-05, 0.0, 0.0, 0.0, 1.0],
                [0.979771, -0.12333, 0.157605, -0.125006, -0.184743, -0.860171, 0.475369, -0.002831, 0.07694, -0.494869, -0.865555, -1.2e-05, 0.0, 0.0, 0.0, 1.0],
                [0.970627, -0.082207, 0.226107, -0.125006, -0.185235, -0.855078, 0.484284, -0.002831, 0.153527, -0.511942, -0.845189, -1.2e-05, 0.0, 0.0, 0.0, 1.0],
                [0.955731, -0.040811, 0.291398, -0.125006, -0.186433, -0.850169, 0.492397, -0.002831, 0.227642, -0.524926, -0.820141, -1.2e-05, 0.0, 0.0, 0.0, 1.0],
                [0.935749, 6e-06, 0.352667, -0.125006, -0.1883, -0.84552, 0.499639, -0.002831, 0.298191, -0.533944, -0.791193, -1.2e-05, 0.0, 0.0, 0.0, 1.0],
                [0.911544, 0.039487, 0.409302, -0.125006, -0.190759, -0.841183, 0.505987, -0.002831, 0.364277, -0.539308, -0.759243, -1.2e-05, 0.0, 0.0, 0.0, 1.0],
                [0.884113, 0.076996, 0.460885, -0.125006, -0.193713, -0.837188, 0.51146, -0.002831, 0.425228, -0.541468, -0.725254, -1.2e-05, 0.0, 0.0, 0.0, 1.0],
                [0.854522, 0.112037, 0.507189, -0.125006, -0.19704, -0.833552, 0.516107, -0.002831, 0.480591, -0.540961, -0.690212, -1.2e-05, 0.0, 0.0, 0.0, 1.0],
                [0.823848, 0.144248, 0.548149, -0.125006, -0.200611, -0.830273, 0.520003, -0.002831, 0.530122, -0.538368, -0.655081, -1.2e-05, 0.0, 0.0, 0.0, 1.0],
                [0.793138, 0.173389, 0.583839, -0.125006, -0.20429, -0.827343, 0.52323, -0.002831, 0.573757, -0.534267, -0.620775, -1.2e-05, 0.0, 0.0, 0.0, 1.0],
                [0.763372, 0.199314, 0.61444, -0.125006, -0.207943, -0.824749, 0.52588, -0.002831, 0.611574, -0.52921, -0.588145, -1.2e-05, 0.0, 0.0, 0.0, 1.0],
                [0.735445, 0.221942, 0.640205, -0.125006, -0.211441, -0.822483, 0.528028, -0.002831, 0.643749, -0.523701, -0.557964, -1.2e-05, 0.0, 0.0, 0.0, 1.0],
                [0.710159, 0.241236, 0.661423, -0.125006, -0.214663, -0.82054, 0.529749, -0.002831, 0.670518, -0.518189, -0.530929, -1.2e-05, 0.0, 0.0, 0.0, 1.0],
                [0.688224, 0.257172, 0.678389, -0.125006, -0.217498, -0.81892, 0.531097, -0.002831, 0.692129, -0.513062, -0.507666, -1.2e-05, 0.0, 0.0, 0.0, 1.0],
                [0.670268, 0.269722, 0.691369, -0.125006, -0.219846, -0.817631, 0.532116, -0.002831, 0.708808, -0.508655, -0.488735, -1.2e-05, 0.0, 0.0, 0.0, 1.0],
                [0.65685, 0.278833, 0.700572, -0.125006, -0.221617, -0.816686, 0.532832, -0.002831, 0.720718, -0.505249, -0.474646, -1.2e-05, 0.0, 0.0, 0.0, 1.0],
                [0.64847, 0.284415, 0.706113, -0.125006, -0.222729, -0.816102, 0.533264, -0.002831, 0.727928, -0.503077, -0.46587, -1.2e-05, 0.0, 0.0, 0.0, 1.0],
                [0.645582, 0.28632, 0.707986, -0.125006, -0.223113, -0.815901, 0.53341, -0.002831, 0.730373, -0.502321, -0.462849, -1.2e-05, 0.0, 0.0, 0.0, 1.0],
                [0.648469, 0.284416, 0.706113, -0.125006, -0.222729, -0.816101, 0.533264, -0.002831, 0.727928, -0.503077, -0.465869, -1.2e-05, 0.0, 0.0, 0.0, 1.0],
                [0.65685, 0.278834, 0.700571, -0.125006, -0.221616, -0.816685, 0.532833, -0.002831, 0.720718, -0.50525, -0.474645, -1.2e-05, 0.0, 0.0, 0.0, 1.0],
                [0.670268, 0.269721, 0.691369, -0.125006, -0.219846, -0.817631, 0.532116, -0.002831, 0.708808, -0.508655, -0.488735, -1.2e-05, 0.0, 0.0, 0.0, 1.0],
                [0.688224, 0.257172, 0.678388, -0.125006, -0.217498, -0.81892, 0.531098, -0.002831, 0.692129, -0.513062, -0.507666, -1.2e-05, 0.0, 0.0, 0.0, 1.0],
                [0.710159, 0.241236, 0.661423, -0.125006, -0.214663, -0.82054, 0.529749, -0.002831, 0.670518, -0.518189, -0.530929, -1.2e-05, 0.0, 0.0, 0.0, 1.0],
                [0.735445, 0.221942, 0.640205, -0.125006, -0.211441, -0.822484, 0.528028, -0.002831, 0.643749, -0.523701, -0.557964, -1.2e-05, 0.0, 0.0, 0.0, 1.0],
                [0.763372, 0.199313, 0.61444, -0.125006, -0.207943, -0.82475, 0.525879, -0.002831, 0.611574, -0.52921, -0.588145, -1.2e-05, 0.0, 0.0, 0.0, 1.0],
                [0.793138, 0.173389, 0.583839, -0.125006, -0.20429, -0.827342, 0.523231, -0.002831, 0.573757, -0.534267, -0.620775, -1.2e-05, 0.0, 0.0, 0.0, 1.0],
                [0.823848, 0.144248, 0.548149, -0.125006, -0.200611, -0.830273, 0.520002, -0.002831, 0.530122, -0.538368, -0.655081, -1.2e-05, 0.0, 0.0, 0.0, 1.0],
                [0.854522, 0.112037, 0.507189, -0.125006, -0.19704, -0.833552, 0.516107, -0.002831, 0.480591, -0.540961, -0.690213, -1.2e-05, 0.0, 0.0, 0.0, 1.0],
                [0.884113, 0.076996, 0.460885, -0.125006, -0.193713, -0.837188, 0.51146, -0.002831, 0.425228, -0.541468, -0.725254, -1.2e-05, 0.0, 0.0, 0.0, 1.0],
                [0.911544, 0.039487, 0.409302, -0.125006, -0.190759, -0.841182, 0.505987, -0.002831, 0.364277, -0.539308, -0.759242, -1.2e-05, 0.0, 0.0, 0.0, 1.0],
                [0.935749, 6e-06, 0.352667, -0.125006, -0.1883, -0.84552, 0.49964, -0.002831, 0.298191, -0.533944, -0.791193, -1.2e-05, 0.0, 0.0, 0.0, 1.0],
                [0.955731, -0.040812, 0.291398, -0.125006, -0.186433, -0.85017, 0.492397, -0.002831, 0.227642, -0.524925, -0.820142, -1.2e-05, 0.0, 0.0, 0.0, 1.0],
                [0.970627, -0.082207, 0.226107, -0.125006, -0.185234, -0.855078, 0.484284, -0.002831, 0.153527, -0.511942, -0.845189, -1.2e-05, 0.0, 0.0, 0.0, 1.0],
                [0.979771, -0.12333, 0.157605, -0.125006, -0.184743, -0.860171, 0.47537, -0.002831, 0.07694, -0.49487, -0.865554, -1.2e-05, 0.0, 0.0, 0.0, 1.0],
                [0.982746, -0.163288, 0.086882, -0.125006, -0.184961, -0.865361, 0.465768, -0.002831, -0.00087, -0.473802, -0.880631, -1.2e-05, 0.0, 0.0, 0.0, 1.0],
                [0.979433, -0.201206, 0.015078, -0.125006, -0.185853, -0.87055, 0.455633, -0.002831, -0.07855, -0.449064, -0.890041, -1.2e-05, 0.0, 0.0, 0.0, 1.0],
                [0.970034, -0.236295, -0.056564, -0.125006, -0.187344, -0.875641, 0.445147, -0.002831, -0.154715, -0.421211, -0.893669, -1.2e-05, 0.0, 0.0, 0.0, 1.0],
                [0.955071, -0.267904, -0.126754, -0.125006, -0.18933, -0.880542, 0.434513, -0.002831, -0.22802, -0.390992, -0.891702, -1.2e-05, 0.0, 0.0, 0.0, 1.0],
                [0.93537, -0.29557, -0.19422, -0.125006, -0.191682, -0.885175, 0.423938, -0.002831, -0.297222, -0.35931, -0.884622, -1.2e-05, 0.0, 0.0, 0.0, 1.0],
                [0.912014, -0.319045, -0.257759, -0.125006, -0.19426, -0.88948, 0.413629, -0.002831, -0.361238, -0.327163, -0.873196, -1.2e-05, 0.0, 0.0, 0.0, 1.0],
                [0.88629, -0.338301, -0.316295, -0.125006, -0.196917, -0.89341, 0.403785, -0.002831, -0.419182, -0.295587, -0.858437, -1.2e-05, 0.0, 0.0, 0.0, 1.0],
                [0.859616, -0.353514, -0.368902, -0.125006, -0.199518, -0.89693, 0.3946, -0.002831, -0.470376, -0.265602, -0.841548, -1.2e-05, 0.0, 0.0, 0.0, 1.0],
                [0.833471, -0.36504, -0.414816, -0.125006, -0.201939, -0.900011, 0.386266, -0.002831, -0.514341, -0.238174, -0.823848, -1.2e-05, 0.0, 0.0, 0.0, 1.0],
                [0.809327, -0.373359, -0.453423, -0.125006, -0.204075, -0.902623, 0.378981, -0.002831, -0.550766, -0.214187, -0.80671, -1.2e-05, 0.0, 0.0, 0.0, 1.0],
                [0.788587, -0.379023, -0.484224, -0.125006, -0.20584, -0.904731, 0.37295, -0.002831, -0.579449, -0.194431, -0.791477, -1.2e-05, 0.0, 0.0, 0.0, 1.0],
                [0.772528, -0.382583, -0.506784, -0.125006, -0.207164, -0.906296, 0.368389, -0.002831, -0.600236, -0.179604, -0.779396, -1.2e-05, 0.0, 0.0, 0.0, 1.0],
                [0.76226, -0.384514, -0.52068, -0.125006, -0.207991, -0.907271, 0.365512, -0.002831, -0.612943, -0.170318, -0.771553, -1.2e-05, 0.0, 0.0, 0.0, 1.0],
                [0.75868, -0.385127, -0.525434, -0.125006, -0.208277, -0.907607, 0.364514, -0.002831, -0.617272, -0.167114, -0.768797, -1.2e-05, 0.0, 0.0, 0.0, 1.0]
            ]
        },
        {
            "name": "Leg_L",
            "time": [0.0, 0.0167, 0.0333, 0.05, 0.0667, 0.0833, 0.1, 0.1167, 0.1333, 0.15, 0.1667, 0.1833, 0.2, 0.2167, 0.2333, 0.25, 0.2667, 0.2833, 0.3, 0.3167, 0.3333, 0.35, 0.3667, 0.3833, 0.4, 0.4167, 0.4333, 0.45, 0.4667, 0.4833, 0.5, 0.5167, 0.5333, 0.55, 0.5667, 0.5833, 0.6, 0.6167, 0.6333, 0.65, 0.6667, 0.6833, 0.7, 0.7167, 0.7333, 0.75, 0.7667, 0.7833, 0.8, 0.8167, 0.8333, 0.85, 0.8667, 0.8833, 0.9, 0.9167, 0.9333, 0.95, 0.9667, 0.9833, 1.0],
            "transform": [
                [1.0, -0.0, 1e-06, -0.0, -0.0, 0.912342, 0.409428, 0.374726, -1e-06, -0.409428, 0.912342, 0.0, 0.0, 0.0, 0.0, 1.0],
                [1.0, -0.0, 1e-06, 0.0, -0.0, 0.911514, 0.411268, 0.374726, -1e-06, -0.411268, 0.911515, 0.0, 0.0, 0.0, 0.0, 1.0],
                [1.0, -0.0, 1e-06, -0.0, -0.0, 0.909136, 0.416499, 0.374726, -1e-06, -0.416499, 0.909136, 0.0, 0.0, 0.0, 0.0, 1.0],
                [1.0, -0.0, 1e-06, -0.0, -0.0, 0.9054, 0.424559, 0.374726, -1e-06, -0.424559, 0.905401, -0.0, 0.0, 0.0, 0.0, 1.0],
                [1.0, -0.0, 1e-06, -0.0, -0.0, 0.900539, 0.434774, 0.374726, -1e-06, -0.434774, 0.90054, 0.0, 0.0, 0.0, 0.0, 1.0],
                [1.0, -0.0, 1e-06, 0.0, -0.0, 0.89482, 0.446427, 0.374726, -1e-06, -0.446427, 0.89482, -0.0, 0.0, 0.0, 0.0, 1.0],
                [1.0, -0.0, 1e-06, 0.0, -0.0, 0.88853, 0.458818, 0.374726, -1e-06, -0.458818, 0.88853, 0.0, 0.0, 0.0, 0.0, 1.0],
