{
    "animation": [
        {
            "name": "Root",
            "time": [0.0, 0.0417, 0.0833, 0.125, 0.1667, 0.2083, 0.25, 0.2917, 0.3333, 0.375, 0.4167, 0.4583, 0.5, 0.5417, 0.5833, 0.625, 0.6667, 0.7083, 0.75, 0.7917, 0.8333, 0.875, 0.9167, 0.9583, 1.0, 1.0417, 1.0833, 1.125, 1.1667, 1.2083, 1.25],
            "transform": [
                [1.0, -0.0, -0.0, -0.491245, -0.0, -0.0, -1.0, 0.484749, 0.0, 1.0, -0.0, 0.573053, 0.0, 0.0, 0.0, 1.0],
                [1.0, -0.0, -0.0, -0.490068, -0.0, -0.0, -1.0, 0.48463, 0.0, 1.0, -0.0, 0.574275, 0.0, 0.0, 0.0, 1.0],
                [1.0, -0.0, -0.0, -0.488892, -0.0, -0.0, -1.0, 0.484511, 0.0, 1.0, -0.0, 0.575496, 0.0, 0.0, 0.0, 1.0],
                [1.0, -0.0, -0.0, -0.487716, -0.0, -0.0, -1.0, 0.484393, 0.0, 1.0, -0.0, 0.576718, 0.0, 0.0, 0.0, 1.0],
                [1.0, -0.0, -0.0, -0.48654, -0.0, -0.0, -1.0, 0.484274, 0.0, 1.0, -0.0, 0.577939, 0.0, 0.0, 0.0, 1.0],
                [1.0, -0.0, -0.0, -0.478738, -0.0, -0.0, -1.0, 0.484155, 0.0, 1.0, -0.0, 0.580683, 0.0, 0.0, 0.0, 1.0],
                [1.0, -0.0, -0.0, -0.470937, -0.0, -0.0, -1.0, 0.484036, 0.0, 1.0, -0.0, 0.583426, 0.0, 0.0, 0.0, 1.0],
                [1.0, -0.0, -0.0, -0.463136, -0.0, -0.0, -1.0, 0.483918, 0.0, 1.0, -0.0, 0.58617, 0.0, 0.0, 0.0, 1.0],
                [1.0, -0.0, -0.0, -0.456692, -0.0, -0.0, -1.0, 0.483799, 0.0, 1.0, -0.0, 0.588913, 0.0, 0.0, 0.0, 1.0],
                [1.0, -0.0, -0.0, -0.450248, -0.0, -0.0, -1.0, 0.48368, 0.0, 1.0, -0.0, 0.591657, 0.0, 0.0, 0.0, 1.0],
                [1.0, -0.0, -0.0, -0.444393, -0.0, -0.0, -1.0, 0.483561, 0.0, 1.0, -0.0, 0.594571, 0.0, 0.0, 0.0, 1.0],
                [1.0, -0.0, -0.0, -0.438538, -0.0, -0.0, -1.0, 0.483443, 0.0, 1.0, -0.0, 0.597485, 0.0, 0.0, 0.0, 1.0],
                [1.0, -0.0, -0.0, -0.432683, -0.0, -0.0, -1.0, 0.483324, 0.0, 1.0, -0.0, 0.600399, 0.0, 0.0, 0.0, 1.0],
                [1.0, -0.0, -0.0, -0.432257, -0.0, -0.0, -1.0, 0.483205, 0.0, 1.0, -0.0, 0.601142, 0.0, 0.0, 0.0, 1.0],
                [1.0, -0.0, -0.0, -0.431831, -0.0, -0.0, -1.0, 0.483086, 0.0, 1.0, -0.0, 0.601884, 0.0, 0.0, 0.0, 1.0],
                [1.0, -0.0, -0.0, -0.431405, -0.0, -0.0, -1.0, 0.482968, 0.0, 1.0, -0.0, 0.602627, 0.0, 0.0, 0.0, 1.0],
                [1.0, -0.0, -0.0, -0.448106, -0.0, -0.0, -1.0, 0.482849, 0.0, 1.0, -0.0, 0.602284, 0.0, 0.0, 0.0, 1.0],
                [1.0, -0.0, -0.0, -0.464807, -0.0, -0.0, -1.0, 0.48273, 0.0, 1.0, -0.0, 0.601941, 0.0, 0.0, 0.0, 1.0],
                [1.0, -0.0, -0.0, -0.481508, -0.0, -0.0, -1.0, 0.482611, 0.0, 1.0, -0.0, 0.601598, 0.0, 0.0, 0.0, 1.0],
                [1.0, -0.0, -0.0, -0.498209, -0.0, -0.0, -1.0, 0.482493, 0.0, 1.0, -0.0, 0.601255, 0.0, 0.0, 0.0, 1.0],
                [1.0, -0.0, -0.0, -0.503399, -0.0, -0.0, -1.0, 0.482374, 0.0, 1.0, -0.0, 0.60032, 0.0, 0.0, 0.0, 1.0],
                [1.0, -0.0, -0.0, -0.508589, -0.0, -0.0, -1.0, 0.482255, 0.0, 1.0, -0.0, 0.599385, 0.0, 0.0, 0.0, 1.0],
                [1.0, -0.0, -0.0, -0.513779, -0.0, -0.0, -1.0, 0.482137, 0.0, 1.0, -0.0, 0.598449, 0.0, 0.0, 0.0, 1.0],
                [1.0, -0.0, -0.0, -0.518969, -0.0, -0.0, -1.0, 0.482018, 0.0, 1.0, -0.0, 0.597514, 0.0, 0.0, 0.0, 1.0],
                [1.0, -0.0, -0.0, -0.515201, -0.0, -0.0, -1.0, 0.481899, 0.0, 1.0, -0.0, 0.59402, 0.0, 0.0, 0.0, 1.0],
                [1.0, -0.0, -0.0, -0.511434, -0.0, -0.0, -1.0, 0.48178, 0.0, 1.0, -0.0, 0.590525, 0.0, 0.0, 0.0, 1.0],
                [1.0, -0.0, -0.0, -0.507667, -0.0, -0.0, -1.0, 0.481662, 0.0, 1.0, -0.0, 0.587031, 0.0, 0.0, 0.0, 1.0],
                [1.0, -0.0, -0.0, -0.5039, -0.0, -0.0, -1.0, 0.481543, 0.0, 1.0, -0.0, 0.583537, 0.0, 0.0, 0.0, 1.0],
                [1.0, -0.0, -0.0, -0.500133, -0.0, -0.0, -1.0, 0.481424, 0.0, 1.0, -0.0, 0.580042, 0.0, 0.0, 0.0, 1.0],
                [1.0, -0.0, -0.0, -0.496365, -0.0, -0.0, -1.0, 0.481305, 0.0, 1.0, -0.0, 0.576548, 0.0, 0.0, 0.0, 1.0],
                [1.0, -0.0, -0.0, -0.492598, -0.0, -0.0, -1.0, 0.481187, 0.0, 1.0, -0.0, 0.573053, 0.0, 0.0, 0.0, 1.0]
            ]
        },
        {
            "name": "Thigh_R",
            "time": [0.0, 0.0417, 0.0833, 0.125, 0.1667, 0.2083, 0.25, 0.2917, 0.3333, 0.375, 0.4167, 0.4583, 0.5, 0.5417, 0.5833, 0.625, 0.6667, 0.7083, 0.75, 0.7917, 0.8333, 0.875, 0.9167, 0.9583, 1.0, 1.0417, 1.0833, 1.125, 1.1667, 1.2083, 1.25],
            "transform": [
                [0.809694, 0.207816, -0.548827, 0.04415, 0.39456, -0.88506, 0.246968, 0.062636, -0.434421, -0.416513, -0.798621, -0.085766, 0.0, 0.0, 0.0, 1.0],
                [0.742862, 0.205329, -0.637179, 0.041535, 0.400491, -0.899002, 0.177215, 0.066128, -0.536438, -0.38683, -0.750065, -0.087329, 0.0, 0.0, 0.0, 1.0],
                [0.667383, 0.20746, -0.715235, 0.038921, 0.39868, -0.910729, 0.10784, 0.069621, -0.629013, -0.35712, -0.690513, -0.088892, 0.0, 0.0, 0.0, 1.0],
                [0.596563, 0.2122, -0.774005, 0.036307, 0.389928, -0.919573, 0.048427, 0.073113, -0.701478, -0.330696, -0.631323, -0.090455, 0.0, 0.0, 0.0, 1.0],
                [0.549272, 0.212151, -0.808265, 0.036307, 0.377493, -0.925915, 0.013501, 0.073113, -0.745521, -0.31253, -0.588662, -0.090455, 0.0, 0.0, 0.0, 1.0],
                [0.520626, 0.203962, -0.829064, 0.036307, 0.363129, -0.931739, -0.001189, 0.073113, -0.772714, -0.300438, -0.559151, -0.090455, 0.0, 0.0, 0.0, 1.0],
                [0.507506, 0.198731, -0.838418, 0.036307, 0.34855, -0.937224, -0.01117, 0.073113, -0.788006, -0.286562, -0.544913, -0.090455, 0.0, 0.0, 0.0, 1.0],
                [0.507169, 0.191543, -0.840292, 0.037024, 0.335469, -0.941973, -0.012245, 0.073113, -0.793879, -0.275681, -0.541995, -0.090255, 0.0, 0.0, 0.0, 1.0],
                [0.511139, 0.178858, -0.840683, 0.038742, 0.32482, -0.94577, -0.003724, 0.073113, -0.795759, -0.271167, -0.541515, -0.089775, 0.0, 0.0, 0.0, 1.0],
                [0.516857, 0.167012, -0.839623, 0.040814, 0.316842, -0.948458, 0.006381, 0.073113, -0.795282, -0.269325, -0.543132, -0.089196, 0.0, 0.0, 0.0, 1.0],
                [0.518779, 0.156034, -0.840548, 0.042591, 0.309358, -0.950837, 0.014425, 0.073113, -0.796975, -0.267513, -0.541544, -0.0887, 0.0, 0.0, 0.0, 1.0],
                [0.515532, 0.145471, -0.844432, 0.043662, 0.304514, -0.952258, 0.021861, 0.072992, -0.800938, -0.268411, -0.535215, -0.088367, 0.0, 0.0, 0.0, 1.0],
                [0.509195, 0.134185, -0.850127, 0.04456, 0.301699, -0.952923, 0.030296, 0.072635, -0.80604, -0.271909, -0.525705, -0.087879, 0.0, 0.0, 0.0, 1.0],
                [0.509343, 0.124601, -0.851496, 0.046054, 0.300678, -0.95287, 0.040422, 0.072053, -0.806329, -0.276614, -0.5228, -0.086815, 0.0, 0.0, 0.0, 1.0],
                [0.524102, 0.120166, -0.843135, 0.048915, 0.301866, -0.951934, 0.05197, 0.071257, -0.796365, -0.281751, -0.535183, -0.084758, 0.0, 0.0, 0.0, 1.0],
                [0.558587, 0.122228, -0.820391, 0.053911, 0.304522, -0.950233, 0.065769, 0.070257, -0.771524, -0.286565, -0.568007, -0.081288, 0.0, 0.0, 0.0, 1.0],
                [0.633811, 0.137574, -0.761156, 0.061812, 0.31065, -0.94648, 0.087606, 0.069063, -0.708367, -0.291978, -0.642624, -0.075986, 0.0, 0.0, 0.0, 1.0],
                [0.723541, 0.159958, -0.671493, 0.074707, 0.316751, -0.941255, 0.117083, 0.067702, -0.613319, -0.29741, -0.731702, -0.064685, 0.0, 0.0, 0.0, 1.0],
                [0.796218, 0.179454, -0.577785, 0.091557, 0.318113, -0.936508, 0.147505, 0.066262, -0.514631, -0.301246, -0.802749, -0.046932, 0.0, 0.0, 0.0, 1.0],
                [0.859462, 0.199267, -0.470766, 0.108443, 0.31413, -0.932385, 0.178833, 0.064848, -0.403301, -0.301581, -0.863943, -0.027874, 0.0, 0.0, 0.0, 1.0],
                [0.913418, 0.217513, -0.344032, 0.121449, 0.302353, -0.928461, 0.215742, 0.063563, -0.272494, -0.301081, -0.913837, -0.012663, 0.0, 0.0, 0.0, 1.0],
                [0.949396, 0.233674, -0.209873, 0.126655, 0.283497, -0.925178, 0.252343, 0.062512, -0.135204, -0.299072, -0.944603, -0.006449, 0.0, 0.0, 0.0, 1.0],
                [0.965503, 0.246134, -0.084998, 0.126565, 0.260312, -0.920682, 0.290833, 0.061771, -0.006672, -0.302926, -0.95299, -0.009599, 0.0, 0.0, 0.0, 1.0],
                [0.966442, 0.256549, 0.013225, 0.125937, 0.237092, -0.910596, 0.338532, 0.061304, 0.098892, -0.324035, -0.940862, -0.017889, 0.0, 0.0, 0.0, 1.0],
                [0.962789, 0.265478, 0.050603, 0.124232, 0.226284, -0.894251, 0.386151, 0.06105, 0.147766, -0.360331, -0.921046, -0.029574, 0.0, 0.0, 0.0, 1.0],
                [0.963849, 0.245099, -0.104518, 0.120913, 0.266401, -0.894263, 0.359618, 0.060943, -0.005325, -0.374461, -0.927227, -0.042911, 0.0, 0.0, 0.0, 1.0],
                [0.937267, 0.235989, -0.256597, 0.115441, 0.307577, -0.906253, 0.290007, 0.060921, -0.164104, -0.350737, -0.921983, -0.056155, 0.0, 0.0, 0.0, 1.0],
                [0.909183, 0.239978, -0.340292, 0.101152, 0.339253, -0.900762, 0.271176, 0.061546, -0.241447, -0.361993, -0.900369, -0.067715, 0.0, 0.0, 0.0, 1.0],
                [0.877942, 0.222052, -0.424162, 0.079033, 0.367289, -0.880676, 0.299183, 0.062835, -0.307115, -0.418455, -0.854737, -0.076608, 0.0, 0.0, 0.0, 1.0],
                [0.849152, 0.211429, -0.483985, 0.060022, 0.385903, -0.874018, 0.29525, 0.06391, -0.360587, -0.437483, -0.823763, -0.081999, 0.0, 0.0, 0.0, 1.0],
                [0.849155, 0.211431, -0.483979, 0.053156, 0.385903, -0.874018, 0.295251, 0.064178, -0.360582, -0.437482, -0.823766, -0.08352, 0.0, 0.0, 0.0, 1.0]
            ]
        },
        {
            "name": "Leg_R",
            "time": [0.0, 0.0417, 0.0833, 0.125, 0.1667, 0.2083, 0.25, 0.2917, 0.3333, 0.375, 0.4167, 0.4583, 0.5, 0.5417, 0.5833, 0.625, 0.6667, 0.7083, 0.75, 0.7917, 0.8333, 0.875, 0.9167, 0.9583, 1.0, 1.0417, 1.0833, 1.125, 1.1667, 1.2083, 1.25],
            "transform": [
                [1.0, 0.0, 0.0, -0.0, -0.0, 0.905872, 0.423552, 0.37472, -0.0, -0.423552, 0.905871, -0.0, 0.0, 0.0, 0.0, 1.0],
                [1.0, 0.0, 0.0, -0.0, -0.0, 0.918623, 0.395135, 0.37472, -0.0, -0.395135, 0.918623, 0.0, 0.0, 0.0, 0.0, 1.0],
                [1.0, 0.0, 0.0, 0.0, -0.0, 0.930617, 0.365993, 0.37472, -0.0, -0.365994, 0.930617, -0.0, 0.0, 0.0, 0.0, 1.0],
                [1.0, 0.0, 0.0, -0.0, -0.0, 0.94023, 0.34054, 0.37472, -0.0, -0.34054, 0.94023, 0.0, 0.0, 0.0, 0.0, 1.0],
                [1.0, 0.0, 0.0, -0.0, -0.0, 0.94403, 0.32986, 0.37472, -0.0, -0.32986, 0.94403, -0.0, 0.0, 0.0, 0.0, 1.0],
                [1.0, 0.0, 0.0, 0.0, -0.0, 0.944111, 0.329626, 0.37472, -0.0, -0.329626, 0.944112, 0.0, 0.0, 0.0, 0.0, 1.0],
                [1.0, 0.0, 0.0, 0.0, -0.0, 0.947131, 0.320849, 0.37472, -0.0, -0.320849, 0.94713, -0.0, 0.0, 0.0, 0.0, 1.0],
                [1.0, 0.0, 0.0, 0.0, -0.0, 0.949631, 0.313371, 0.37472, -0.0, -0.313371, 0.949631, -0.0, 0.0, 0.0, 0.0, 1.0],
                [1.0, 0.0, 0.0, -0.0, -0.0, 0.949476, 0.313841, 0.37472, -0.0, -0.31384, 0.949476, 0.0, 0.0, 0.0, 0.0, 1.0],
                [1.0, 0.0, 0.0, -0.0, -0.0, 0.949233, 0.314574, 0.37472, -0.0, -0.314574, 0.949233, -0.0, 0.0, 0.0, 0.0, 1.0],
                [1.0, 0.0, 0.0, -0.0, -0.0, 0.948687, 0.316217, 0.37472, 0.0, -0.316217, 0.948687, 0.0, 0.0, 0.0, 0.0, 1.0],
                [1.0, 0.0, 0.0, 0.0, -0.0, 0.947061, 0.321053, 0.37472, -0.0, -0.321054, 0.947061, -0.0, 0.0, 0.0, 0.0, 1.0],
                [1.0, 0.0, 0.0, -0.0, -0.0, 0.944467, 0.328603, 0.37472, -0.0, -0.328603, 0.944468, 0.0, 0.0, 0.0, 0.0, 1.0],
                [1.0, 0.0, 0.0, -0.0, -0.0, 0.941865, 0.335992, 0.37472, -0.0, -0.335992, 0.941865, -0.0, 0.0, 0.0, 0.0, 1.0],
                [1.0, 0.0, 0.0, 0.0, -0.0, 0.94041, 0.340044, 0.37472, -0.0, -0.340044, 0.940409, -0.0, 0.0, 0.0, 0.0, 1.0],
                [1.0, 0.0, 0.0, 0.0, -0.0, 0.941145, 0.338004, 0.37472, -0.0, -0.338004, 0.941144, -0.0, 0.0, 0.0, 0.0, 1.0],
                [1.0, 0.0, 0.0, 0.0, -0.0, 0.943959, 0.330065, 0.37472, -0.0, -0.330065, 0.943958, 0.0, 0.0, 0.0, 0.0, 1.0],
                [1.0, 0.0, 0.0, 0.0, -0.0, 0.94802, 0.318211, 0.37472, -0.0, -0.318211, 0.94802, 0.0, 0.0, 0.0, 0.0, 1.0],
                [1.0, 0.0, 0.0, 0.0, -0.0, 0.953561, 0.301201, 0.37472, -0.0, -0.301201, 0.95356, -0.0, 0.0, 0.0, 0.0, 1.0],
                [1.0, 0.0, 0.0, -0.0, -0.0, 0.962103, 0.272689, 0.37472, -0.0, -0.272689, 0.962102, -0.0, 0.0, 0.0, 0.0, 1.0],
                [0.999999, 0.0, 0.0, 0.0, -0.0, 0.970404, 0.241489, 0.37472, -0.0, -0.241489, 0.970403, -0.0, 0.0, 0.0, 0.0, 1.0],
                [1.0, 0.0, 0.0, -0.0, -0.0, 0.977661, 0.210189, 0.37472, -0.0, -0.210189, 0.97766, 0.0, 0.0, 0.0, 0.0, 1.0],
                [1.0, 0.0, 0.0, -0.0, -0.0, 0.980884, 0.194595, 0.37472, -0.0, -0.194596, 0.980883, -0.0, 0.0, 0.0, 0.0, 1.0],
                [1.0, 0.0, 0.0, -0.0, -0.0, 0.976052, 0.217537, 0.37472, -0.0, -0.217538, 0.976051, -0.0, 0.0, 0.0, 0.0, 1.0],
                [1.0, 0.0, 0.0, 0.0, -0.0, 0.959186, 0.282778, 0.37472, -0.0, -0.282778, 0.959185, 0.0, 0.0, 0.0, 0.0, 1.0],
                [0.999999, 0.0, 0.0, -0.0, -0.0, 0.935084, 0.354427, 0.37472, -0.0, -0.354427, 0.935083, 0.0, 0.0, 0.0, 0.0, 1.0],
                [1.0, 0.0, 0.0, 0.0, -0.0, 0.935809, 0.352509, 0.37472, -0.0, -0.352509, 0.935808, 0.0, 0.0, 0.0, 0.0, 1.0],
                [1.0, 0.0, 0.0, -0.0, -0.0, 0.929772, 0.368136, 0.37472, 0.0, -0.368137, 0.929771, 0.0, 0.0, 0.0, 0.0, 1.0],
                [1.0, 0.0, 0.0, -0.0, -0.0, 0.899994, 0.435903, 0.37472, -0.0, -0.435904, 0.899993, 0.0, 0.0, 0.0, 0.0, 1.0],
                [1.0, 0.0, 0.0, -0.0, -0.0, 0.896446, 0.443154, 0.37472, -0.0, -0.443154, 0.896445, -0.0, 0.0, 0.0, 0.0, 1.0],
                [1.0, 0.0, 0.0, -0.0, -0.0, 0.896446, 0.443154, 0.37472, -0.0, -0.443154, 0.896444, 0.0, 0.0, 0.0, 0.0, 1.0]
            ]
        },
        {
            "name": "Knee_R",
            "time": [0.0, 1.25],
            "transform": [
                [1.0, 0.0, -0.0, -0.0, -0.0, 1e-06, -1.0, 0.37472, -0.0, 1.0, 1e-06, -0.0, 0.0, 0.0, 0.0, 1.0],
                [1.0, 0.0, -0.0, -0.0, -0.0, 1e-06, -1.0, 0.37472, -0.0, 1.0, 1e-06, 0.0, 0.0, 0.0, 0.0, 1.0]
            ]
        },
        {
            "name": "Thigh_L",
            "time": [0.0, 0.0417, 0.0833, 0.125, 0.1667, 0.2083, 0.25, 0.2917, 0.3333, 0.375, 0.4167, 0.4583, 0.5, 0.5417, 0.5833, 0.625, 0.6667, 0.7083, 0.75, 0.7917, 0.8333, 0.875, 0.9167, 0.9583, 1.0, 1.0417, 1.0833, 1.125, 1.1667, 1.2083, 1.25],
            "transform": [
                [0.359825, -0.341318, -0.868348, -0.074202, -0.120073, -0.939888, 0.319681, 0.078334, -0.925259, -0.010764, -0.379178, 0.08085, 0.0, 0.0, 0.0, 1.0],
                [0.333373, -0.319493, -0.887009, -0.074119, -0.121612, -0.947544, 0.295589, 0.077743, -0.934916, 0.00933, -0.35474, 0.080332, 0.0, 0.0, 0.0, 1.0],
                [0.307489, -0.299725, -0.903114, -0.074035, -0.126735, -0.953542, 0.273309, 0.077153, -0.943071, 0.030417, -0.33119, 0.079813, 0.0, 0.0, 0.0, 1.0],
                [0.289217, -0.284061, -0.914146, -0.073952, -0.131791, -0.957682, 0.255891, 0.076562, -0.948145, 0.046469, -0.314415, 0.079294, 0.0, 0.0, 0.0, 1.0],
                [0.289109, -0.275903, -0.916676, -0.073869, -0.132914, -0.959864, 0.24698, 0.075971, -0.948021, 0.050435, -0.314176, 0.078776, 0.0, 0.0, 0.0, 1.0],
                [0.286388, -0.292541, -0.912361, -0.073786, -0.13403, -0.955118, 0.264177, 0.075381, -0.94869, 0.046628, -0.312744, 0.078257, 0.0, 0.0, 0.0, 1.0],
                [0.280317, -0.325476, -0.903044, -0.065248, -0.138626, -0.944627, 0.297431, 0.073193, -0.949842, 0.041811, -0.309915, 0.084257, 0.0, 0.0, 0.0, 1.0],
                [0.275312, -0.364711, -0.889488, -0.056709, -0.143281, -0.930479, 0.337169, 0.071005, -0.950615, 0.034621, -0.308428, 0.090257, 0.0, 0.0, 0.0, 1.0],
                [0.268743, -0.404218, -0.874291, -0.048171, -0.147191, -0.914258, 0.377451, 0.068817, -0.951897, 0.027251, -0.305198, 0.096258, 0.0, 0.0, 0.0, 1.0],
                [0.265753, -0.435595, -0.860019, -0.04445, -0.14815, -0.899956, 0.410041, 0.067528, -0.952586, 0.018443, -0.3037, 0.097581, 0.0, 0.0, 0.0, 1.0],
                [0.264375, -0.451321, -0.8523, -0.040728, -0.148772, -0.892252, 0.426327, 0.06624, -0.952874, 0.014089, -0.303033, 0.098905, 0.0, 0.0, 0.0, 1.0],
                [0.258982, -0.450382, -0.85445, -0.037006, -0.148245, -0.892687, 0.425601, 0.064951, -0.954435, 0.016445, -0.297957, 0.100228, 0.0, 0.0, 0.0, 1.0],
                [0.250372, -0.436547, -0.864142, -0.049839, -0.143932, -0.899437, 0.412673, 0.066599, -0.957388, 0.021056, -0.288027, 0.100382, 0.0, 0.0, 0.0, 1.0],
                [0.248673, -0.417157, -0.874152, -0.062671, -0.141022, -0.90848, 0.39342, 0.068248, -0.958264, 0.025443, -0.284743, 0.100536, 0.0, 0.0, 0.0, 1.0],
                [0.264212, -0.398041, -0.878496, -0.075504, -0.141583, -0.917005, 0.372905, 0.069896, -0.954013, 0.025855, -0.298641, 0.10069, 0.0, 0.0, 0.0, 1.0],
                [0.304485, -0.382498, -0.872344, -0.085087, -0.148293, -0.923701, 0.353254, 0.072334, -0.9409, 0.021803, -0.337975, 0.087444, 0.0, 0.0, 0.0, 1.0],
                [0.400523, -0.352741, -0.845668, -0.094671, -0.162246, -0.93565, 0.313429, 0.074772, -0.901805, 0.011671, -0.431981, 0.074199, 0.0, 0.0, 0.0, 1.0],
                [0.525054, -0.312363, -0.791673, -0.104254, -0.173347, -0.949964, 0.259848, 0.07721, -0.833226, 0.0008, -0.552929, 0.060953, 0.0, 0.0, 0.0, 1.0],
                [0.635936, -0.277097, -0.720278, -0.113838, -0.175284, -0.960787, 0.214862, 0.079648, -0.751569, -0.010384, -0.659571, 0.047708, 0.0, 0.0, 0.0, 1.0],
                [0.738482, -0.244416, -0.628413, -0.112905, -0.171345, -0.969421, 0.175688, 0.07988, -0.652135, -0.022067, -0.75778, 0.025061, 0.0, 0.0, 0.0, 1.0],
                [0.832171, -0.208151, -0.513966, -0.110853, -0.159689, -0.977568, 0.137347, 0.079999, -0.531023, -0.032222, -0.846743, 0.004041, 0.0, 0.0, 0.0, 1.0],
                [0.904679, -0.171111, -0.390222, -0.108801, -0.141445, -0.984494, 0.103771, 0.080042, -0.401926, -0.038684, -0.914854, -0.011441, 0.0, 0.0, 0.0, 1.0],
                [0.951631, -0.137727, -0.274637, -0.107869, -0.120819, -0.989636, 0.077641, 0.080049, -0.282483, -0.040704, -0.958408, -0.017471, 0.0, 0.0, 0.0, 1.0],
                [0.976172, -0.112488, -0.185554, -0.109178, -0.102878, -0.992845, 0.060658, 0.080049, -0.191049, -0.040123, -0.98076, -0.017448, 0.0, 0.0, 0.0, 1.0],
                [0.981039, -0.105681, -0.162445, -0.11161, -0.097582, -0.993592, 0.05707, 0.080049, -0.167435, -0.040136, -0.985065, -0.017282, 0.0, 0.0, 0.0, 1.0],
                [0.918591, -0.173802, -0.354936, -0.11292, -0.147117, -0.983945, 0.101058, 0.080049, -0.3668, -0.040613, -0.929412, -0.016833, 0.0, 0.0, 0.0, 1.0],
                [0.78993, -0.244965, -0.562139, -0.109716, -0.176701, -0.968788, 0.173864, 0.080036, -0.587182, -0.03801, -0.80856, -0.006171, 0.0, 0.0, 0.0, 1.0],
                [0.657865, -0.285904, -0.696757, -0.102078, -0.163379, -0.95729, 0.238549, 0.080005, -0.735198, -0.043097, -0.676479, 0.018331, 0.0, 0.0, 0.0, 1.0],
                [0.505879, -0.323737, -0.79955, -0.092962, -0.135992, -0.945245, 0.296684, 0.079969, -0.851815, -0.041354, -0.522205, 0.047362, 0.0, 0.0, 0.0, 1.0],
                [0.378085, -0.353362, -0.855679, -0.085324, -0.116001, -0.935088, 0.334898, 0.079938, -0.918472, -0.02736, -0.394533, 0.071609, 0.0, 0.0, 0.0, 1.0],
                [0.378081, -0.35338, -0.855674, -0.082121, -0.116028, -0.935082, 0.334905, 0.079925, -0.91847, -0.027339, -0.394539, 0.081761, 0.0, 0.0, 0.0, 1.0]
            ]
        },
        {
            "name": "Leg_L",
            "time": [0.0, 0.0417, 0.0833, 0.125, 0.1667, 0.2083, 0.25, 0.2917, 0.3333, 0.375, 0.4167, 0.4583, 0.5, 0.5417, 0.5833, 0.625, 0.6667, 0.7083, 0.75, 0.7917, 0.8333, 0.875, 0.9167, 0.9583, 1.0, 1.0417, 1.0833, 1.125, 1.1667, 1.2083, 1.25],
            "transform": [
                [0.999997, -0.0, -0.0, -0.0, 0.0, 0.716457, 0.697632, 0.37472, -0.0, -0.697632, 0.716458, 0.0, 0.0, 0.0, 0.0, 1.0],
                [0.999997, -0.0, -0.0, 0.0, 0.0, 0.74148, 0.670976, 0.37472, -0.0, -0.670974, 0.741482, -0.0, 0.0, 0.0, 0.0, 1.0],
                [0.999997, -0.0, -0.0, -0.0, 0.0, 0.765141, 0.643864, 0.37472, 0.0, -0.643863, 0.765142, -0.0, 0.0, 0.0, 0.0, 1.0],
                [0.999997, -0.0, -0.0, 0.0, 0.0, 0.783249, 0.62171, 0.37472, -0.0, -0.621709, 0.78325, 0.0, 0.0, 0.0, 0.0, 1.0],
                [0.999997, -0.0, -0.0, 0.0, 0.0, 0.792355, 0.610061, 0.37472, 0.0, -0.610059, 0.792357, -0.0, 0.0, 0.0, 0.0, 1.0],
                [0.999997, -0.0, -0.0, 0.0, 0.0, 0.786551, 0.617526, 0.37472, 0.0, -0.617525, 0.786553, 0.0, 0.0, 0.0, 0.0, 1.0],
                [0.999997, -0.0, -0.0, 0.0, 0.0, 0.769326, 0.638858, 0.37472, -0.0, -0.638856, 0.769328, -0.0, 0.0, 0.0, 0.0, 1.0],
                [0.999997, -0.0, -0.0, -0.0, 0.0, 0.746568, 0.665311, 0.37472, 0.0, -0.665308, 0.74657, -0.0, 0.0, 0.0, 0.0, 1.0],
                [0.999998, -0.0, -0.0, -0.0, 0.0, 0.72231, 0.691571, 0.37472, -0.0, -0.691569, 0.722312, 0.0, 0.0, 0.0, 0.0, 1.0],
                [0.999997, -0.0, -0.0, -0.0, 0.0, 0.703797, 0.710402, 0.37472, -0.0, -0.710401, 0.703798, 0.0, 0.0, 0.0, 0.0, 1.0],
                [0.999997, -0.0, -0.0, 0.0, 0.0, 0.699768, 0.714371, 0.37472, -0.0, -0.71437, 0.69977, 0.0, 0.0, 0.0, 0.0, 1.0],
                [0.999998, -0.0, -0.0, 0.0, 0.0, 0.714132, 0.700013, 0.37472, -0.0, -0.700011, 0.714133, 0.0, 0.0, 0.0, 0.0, 1.0],
                [0.999997, -0.0, -0.0, 0.0, 0.0, 0.739566, 0.673085, 0.37472, -0.0, -0.673083, 0.739568, -0.0, 0.0, 0.0, 0.0, 1.0],
                [0.999997, -0.0, -0.0, -0.0, 0.0, 0.766809, 0.641876, 0.37472, 0.0, -0.641875, 0.766811, 0.0, 0.0, 0.0, 0.0, 1.0],
                [0.999997, -0.0, -0.0, -0.0, 0.0, 0.787666, 0.616104, 0.37472, 0.0, -0.616102, 0.787668, -0.0, 0.0, 0.0, 0.0, 1.0],
                [0.999997, -0.0, -0.0, 0.0, 0.0, 0.796368, 0.604814, 0.37472, 0.0, -0.604813, 0.79637, -0.0, 0.0, 0.0, 0.0, 1.0],
                [0.999997, -0.0, -0.0, -0.0, 0.0, 0.798001, 0.602657, 0.37472, 0.0, -0.602657, 0.798002, 0.0, 0.0, 0.0, 0.0, 1.0],
                [0.999997, -0.0, -0.0, 0.0, 0.0, 0.797496, 0.603325, 0.37472, 0.0, -0.603325, 0.797497, -0.0, 0.0, 0.0, 0.0, 1.0],
                [0.999997, -0.0, -0.0, 0.0, 0.0, 0.794846, 0.606813, 0.37472, 0.0, -0.606812, 0.794847, -0.0, 0.0, 0.0, 0.0, 1.0],
                [0.999997, -0.0, -0.0, -0.0, 0.0, 0.790522, 0.612435, 0.37472, 0.0, -0.612434, 0.790523, -0.0, 0.0, 0.0, 0.0, 1.0],
                [0.999997, -0.0, -0.0, 0.0, 0.0, 0.784915, 0.619605, 0.37472, 0.0, -0.619604, 0.784916, 0.0, 0.0, 0.0, 0.0, 1.0],
                [0.999997, -0.0, -0.0, 0.0, 0.0, 0.778361, 0.627819, 0.37472, -0.0, -0.627819, 0.778361, 0.0, 0.0, 0.0, 0.0, 1.0],
                [0.999997, -0.0, -0.0, 0.0, 0.0, 0.771295, 0.63648, 0.37472, -0.0, -0.636479, 0.771296, -0.0, 0.0, 0.0, 0.0, 1.0],
                [0.999997, -0.0, -0.0, 0.0, 0.0, 0.764119, 0.645077, 0.37472, 0.0, -0.645077, 0.76412, -0.0, 0.0, 0.0, 0.0, 1.0],
                [0.999997, -0.0, -0.0, -0.0, 0.0, 0.75698, 0.653439, 0.37472, 0.0, -0.653439, 0.756981, -0.0, 0.0, 0.0, 0.0, 1.0],
                [0.999997, -0.0, -0.0, 0.0, 0.0, 0.747766, 0.663964, 0.37472, -0.0, -0.663963, 0.747767, 0.0, 0.0, 0.0, 0.0, 1.0],
                [0.999997, -0.0, -0.0, -0.0, 0.0, 0.736036, 0.676944, 0.37472, -0.0, -0.676943, 0.736037, 0.0, 0.0, 0.0, 0.0, 1.0],
                [0.999997, -0.0, -0.0, -0.0, 0.0, 0.722814, 0.691045, 0.37472, -0.0, -0.691043, 0.722815, 0.0, 0.0, 0.0, 0.0, 1.0],
                [0.999997, -0.0, -0.0, 0.0, 0.0, 0.709222, 0.704987, 0.37472, -0.0, -0.704985, 0.709223, -0.0, 0.0, 0.0, 0.0, 1.0],
                [0.999997, -0.0, -0.0, 0.0, 0.0, 0.699461, 0.714673, 0.37472, -0.0, -0.714671, 0.699463, -0.0, 0.0, 0.0, 0.0, 1.0],
                [0.999997, -0.0, -0.0, -0.0, 0.0, 0.699461, 0.714673, 0.37472, -0.0, -0.714671, 0.699463, -0.0, 0.0, 0.0, 0.0, 1.0]
            ]
        },
        {
            "name": "Knee_L",
            "time": [0.0, 1.25],
            "transform": [
                [1.0, 0.0, -0.0, -0.0, -0.0, 1e-06, -1.0, 0.37472, -0.0, 1.0, 1e-06, 0.0, 0.0, 0.0, 0.0, 1.0],
                [1.0, 0.0, -0.0, -0.0, -0.0, 1e-06, -1.0, 0.37472, -0.0, 1.0, 1e-06, -0.0, 0.0, 0.0, 0.0, 1.0]
            ]
        },
        {
            "name": "Torso",
            "time": [0.0, 0.0417, 0.0833, 0.125, 0.1667, 0.2083, 0.25, 0.2917, 0.3333, 0.375, 0.4167, 0.4583, 0.5, 0.5417, 0.5833, 0.625, 0.6667, 0.7083, 0.75, 0.7917, 0.8333, 0.875, 0.9167, 0.9583, 1.0, 1.0417, 1.0833, 1.125, 1.1667, 1.2083, 1.25],
            "transform": [
                [0.634371, 0.033205, 0.772317, 0.0, 0.029456, 0.997312, -0.067073, 0.05, -0.77247, 0.065298, 0.631687, 0.0, 0.0, 0.0, 0.0, 1.0],
                [0.611286, 0.025755, 0.790992, 0.0, 0.030135, 0.997987, -0.055783, 0.05, -0.790838, 0.057936, 0.609279, 0.0, 0.0, 0.0, 0.0, 1.0],
                [0.589161, 0.017611, 0.807825, 0.0, 0.030772, 0.998547, -0.044211, 0.05, -0.807432, 0.050906, 0.587763, 0.0, 0.0, 0.0, 0.0, 1.0],
                [0.572505, 0.007986, 0.819863, 0.0, 0.031686, 0.998989, -0.031857, 0.05, -0.81929, 0.044216, 0.571673, 0.0, 0.0, 0.0, 0.0, 1.0],
                [0.568827, -0.005496, 0.82244, 0.0, 0.034597, 0.999252, -0.017251, 0.05, -0.821731, 0.038266, 0.568591, 0.0, 0.0, 0.0, 0.0, 1.0],
                [0.560741, -0.025186, 0.827609, 0.0, 0.04442, 0.999012, 0.000305, 0.05, -0.826801, 0.036591, 0.561305, 0.0, 0.0, 0.0, 0.0, 1.0],
                [0.548527, -0.049585, 0.834661, 0.0, 0.058528, 0.998067, 0.02083, 0.05, -0.834083, 0.037425, 0.550369, 0.0, 0.0, 0.0, 0.0, 1.0],
                [0.535263, -0.074695, 0.841377, 0.0, 0.073171, 0.996437, 0.041911, 0.05, -0.841512, 0.03913, 0.538821, 0.0, 0.0, 0.0, 0.0, 1.0],
                [0.522838, -0.096523, 0.846951, 0.0, 0.084932, 0.994522, 0.060911, 0.05, -0.848193, 0.040087, 0.528171, 0.0, 0.0, 0.0, 0.0, 1.0],
                [0.513621, -0.111016, 0.850806, 0.0, 0.090481, 0.993072, 0.074958, 0.05, -0.853235, 0.038481, 0.520107, 0.0, 0.0, 0.0, 0.0, 1.0],
                [0.509008, -0.114227, 0.85315, 0.0, 0.086474, 0.992926, 0.08135, 0.05, -0.856409, 0.032367, 0.515285, 0.0, 0.0, 0.0, 0.0, 1.0],
                [0.50361, -0.103169, 0.85775, 0.0, 0.069434, 0.994465, 0.078847, 0.05, -0.861139, 0.019849, 0.507985, 0.0, 0.0, 0.0, 0.0, 1.0],
                [0.49887, -0.081516, 0.862836, 0.0, 0.042997, 0.996668, 0.069301, 0.05, -0.865612, 0.002527, 0.500712, 0.0, 0.0, 0.0, 0.0, 1.0],
                [0.501264, -0.054567, 0.863573, 0.0, 0.01342, 0.998379, 0.055296, 0.05, -0.865193, -0.016128, 0.501183, 0.0, 0.0, 0.0, 0.0, 1.0],
                [0.517739, -0.027492, 0.855098, 0.0, -0.013299, 0.999103, 0.040174, 0.05, -0.855438, -0.032172, 0.516908, 0.0, 0.0, 0.0, 0.0, 1.0],
                [0.558041, -0.004387, 0.829803, 0.0, -0.031533, 0.999151, 0.026488, 0.05, -0.829217, -0.040948, 0.557428, 0.0, 0.0, 0.0, 0.0, 1.0],
                [0.644203, 0.01804, 0.764643, 0.0, -0.039961, 0.999149, 0.010095, 0.05, -0.763813, -0.037059, 0.644375, 0.0, 0.0, 0.0, 0.0, 1.0],
                [0.748461, 0.036075, 0.662199, 0.0, -0.04258, 0.999072, -0.0063, 0.05, -0.661813, -0.023481, 0.749302, 0.0, 0.0, 0.0, 0.0, 1.0],
                [0.833869, 0.043538, 0.550245, 0.0, -0.041398, 0.999009, -0.01631, 0.05, -0.550411, -0.009178, 0.834844, 0.0, 0.0, 0.0, 0.0, 1.0],
                [0.905329, 0.043208, 0.42251, 0.0, -0.03747, 0.999057, -0.021881, 0.05, -0.423058, 0.003978, 0.906094, 0.0, 0.0, 0.0, 0.0, 1.0],
                [0.960782, 0.038011, 0.274693, -0.0, -0.031922, 0.999135, -0.026605, 0.05, -0.275468, 0.016793, 0.961164, 0.0, 0.0, 0.0, 0.0, 1.0],
                [0.991915, 0.029272, 0.123494, -0.0, -0.025554, 0.999173, -0.031585, 0.05, -0.124317, 0.028174, 0.991842, 0.0, 0.0, 0.0, 0.0, 1.0],
                [0.999751, 0.01882, -0.012106, -0.0, -0.019262, 0.999112, -0.037452, 0.05, 0.01139, 0.037676, 0.999225, 0.0, 0.0, 0.0, 0.0, 1.0],
                [0.993419, 0.008755, -0.114215, -0.0, -0.013909, 0.998916, -0.044405, 0.05, 0.113703, 0.045702, 0.992463, 0.0, 0.0, 0.0, 0.0, 1.0],
                [0.989938, 0.00248, -0.141494, -0.0, -0.009998, 0.998573, -0.052448, 0.05, 0.141163, 0.053335, 0.988549, 0.0, 0.0, 0.0, 0.0, 1.0],
                [0.996662, 0.008836, 0.081185, -0.0, -0.003853, 0.998109, -0.061324, 0.05, -0.081574, 0.060806, 0.994811, 0.0, 0.0, 0.0, 0.0, 1.0],
                [0.942096, 0.018574, 0.334834, -0.0, 0.004443, 0.997685, -0.067845, 0.05, -0.33532, 0.065404, 0.939832, 0.0, 0.0, 0.0, 0.0, 1.0],
                [0.860025, 0.025796, 0.509602, -0.0, 0.012852, 0.997308, -0.072174, 0.05, -0.510093, 0.068621, 0.857378, 0.0, 0.0, 0.0, 0.0, 1.0],
                [0.750706, 0.033135, 0.659807, -0.0, 0.021721, 0.996962, -0.07478, 0.05, -0.660282, 0.070469, 0.747705, 0.0, 0.0, 0.0, 0.0, 1.0],
                [0.650874, 0.038809, 0.758194, 0.0, 0.028616, 0.996728, -0.075584, 0.05, -0.758648, 0.070892, 0.647633, 0.0, 0.0, 0.0, 0.0, 1.0],
                [0.650874, 0.038809, 0.758194, 0.0, 0.028616, 0.996728, -0.075584, 0.05, -0.758648, 0.070892, 0.647633, 0.0, 0.0, 0.0, 0.0, 1.0]
            ]
        },
        {
            "name": "Chest",
            "time": [0.0, 0.0417, 0.0833, 0.125, 0.1667, 0.2083, 0.25, 0.2917, 0.3333, 0.375, 0.4167, 0.4583, 0.5, 0.5417, 0.5833, 0.625, 0.6667, 0.7083, 0.75, 0.7917, 0.8333, 0.875, 0.9167, 0.9583, 1.0, 1.0417, 1.0833, 1.125, 1.1667, 1.2083, 1.25],
            "transform": [
                [0.9802, 0.011401, 0.19769, -0.0, 0.018479, 0.988717, -0.148644, 0.3, -0.197155, 0.149354, 0.968929, -0.0, 0.0, 0.0, 0.0, 1.0],
                [0.981558, 0.007467, 0.191027, -0.0, 0.022018, 0.988171, -0.151761, 0.3, -0.189901, 0.153168, 0.969782, -0.0, 0.0, 0.0, 0.0, 1.0],
                [0.982758, 0.003402, 0.184873, 0.0, 0.025677, 0.987632, -0.15467, 0.3, -0.183113, 0.15675, 0.970515, 0.0, 0.0, 0.0, 0.0, 1.0],
                [0.982791, -0.001245, 0.184726, 0.0, 0.030362, 0.987466, -0.154882, 0.3, -0.182218, 0.157825, 0.970509, -0.0, 0.0, 0.0, 0.0, 1.0],
                [0.980548, -0.007013, 0.196161, 0.0, 0.037024, 0.98803, -0.149748, 0.3, -0.192764, 0.154097, 0.969069, 0.0, 0.0, 0.0, 0.0, 1.0],
                [0.966718, -0.016588, 0.255314, -0.0, 0.050105, 0.990847, -0.125339, 0.3, -0.250899, 0.133959, 0.958699, -0.0, 0.0, 0.0, 0.0, 1.0],
                [0.938317, -0.031225, 0.344368, 0.0, 0.062616, 0.994793, -0.080411, 0.3, -0.340065, 0.097014, 0.935384, -0.0, 0.0, 0.0, 0.0, 1.0],
                [0.928831, -0.045177, 0.367743, 0.0, 0.065935, 0.996849, -0.044073, 0.3, -0.364594, 0.065183, 0.928882, 0.0, 0.0, 0.0, 0.0, 1.0],
                [0.929097, -0.058752, 0.365146, 0.0, 0.06678, 0.997723, -0.009383, 0.3, -0.363764, 0.033102, 0.930902, 0.0, 0.0, 0.0, 0.0, 1.0],
                [0.933809, -0.07226, 0.350404, -0.0, 0.070017, 0.997362, 0.019084, 0.3, -0.35086, 0.006713, 0.936404, 0.0, 0.0, 0.0, 0.0, 1.0],
                [0.938608, -0.085418, 0.33425, -0.0, 0.078492, 0.996327, 0.0342, 0.3, -0.335944, -0.005865, 0.941864, -0.0, 0.0, 0.0, 0.0, 1.0],
                [0.94371, -0.098981, 0.315622, 0.0, 0.093813, 0.995088, 0.031564, 0.3, -0.317197, -0.000178, 0.94836, -0.0, 0.0, 0.0, 0.0, 1.0],
                [0.949716, -0.112417, 0.29224, 0.0, 0.112432, 0.993516, 0.016804, 0.3, -0.292235, 0.016898, 0.956197, 0.0, 0.0, 0.0, 0.0, 1.0],
                [0.958688, -0.124682, 0.255684, -0.0, 0.129498, 0.991576, -0.002015, 0.3, -0.25328, 0.035043, 0.966758, -0.0, 0.0, 0.0, 0.0, 1.0],
                [0.971554, -0.136169, 0.193764, 0.0, 0.143961, 0.989223, -0.026651, 0.3, -0.188047, 0.053787, 0.980686, -0.0, 0.0, 0.0, 0.0, 1.0],
                [0.98427, -0.135902, 0.112906, -0.0, 0.145824, 0.985668, -0.084807, 0.3, -0.099763, 0.099937, 0.989979, 0.0, 0.0, 0.0, 0.0, 1.0],
                [0.992099, -0.1254, 0.00434, 0.0, 0.123956, 0.974127, -0.188966, 0.3, 0.019469, 0.18801, 0.981974, -0.0, 0.0, 0.0, 0.0, 1.0],
                [0.987897, -0.115639, -0.103403, -0.0, 0.081959, 0.955014, -0.285006, 0.3, 0.13171, 0.273081, 0.952932, 0.0, 0.0, 0.0, 0.0, 1.0],
                [0.980454, -0.105955, -0.165792, -0.0, 0.049341, 0.948097, -0.314126, 0.3, 0.190471, 0.299805, 0.934793, 0.0, 0.0, 0.0, 0.0, 1.0],
                [0.980876, -0.090445, -0.172354, -0.0, 0.042007, 0.96298, -0.266275, 0.3, 0.190057, 0.253942, 0.948363, -0.0, 0.0, 0.0, 0.0, 1.0],
                [0.986403, -0.072285, -0.147603, 0.0, 0.044605, 0.98212, -0.18289, 0.3, 0.158185, 0.173819, 0.97199, -0.0, 0.0, 0.0, 0.0, 1.0],
                [0.991766, -0.056063, -0.115152, 0.0, 0.043696, 0.993271, -0.107244, 0.3, 0.12039, 0.101329, 0.987541, -0.0, 0.0, 0.0, 0.0, 1.0],
                [0.996585, -0.040309, -0.072092, -0.0, 0.038148, 0.998786, -0.031108, 0.3, 0.073259, 0.028251, 0.996912, -0.0, 0.0, 0.0, 0.0, 1.0],
                [0.999431, -0.026687, -0.020719, -0.0, 0.027349, 0.999101, 0.032347, 0.3, 0.019837, -0.032895, 0.999262, -0.0, 0.0, 0.0, 0.0, 1.0],
                [0.9995, -0.019922, 0.02465, 0.0, 0.018727, 0.998681, 0.047782, 0.3, -0.02557, -0.047296, 0.998554, 0.0, 0.0, 0.0, 0.0, 1.0],
                [0.997821, -0.017252, 0.063715, -0.0, 0.01569, 0.999565, 0.024939, 0.3, -0.064117, -0.023885, 0.997656, 0.0, 0.0, 0.0, 0.0, 1.0],
                [0.994785, -0.013749, 0.101078, -0.0, 0.015417, 0.999756, -0.015739, 0.3, -0.100837, 0.017215, 0.994754, 0.0, 0.0, 0.0, 0.0, 1.0],
                [0.990438, -0.006748, 0.137808, 0.0, 0.015907, 0.997727, -0.065468, 0.3, -0.137054, 0.067034, 0.988292, 0.0, 0.0, 0.0, 0.0, 1.0],
                [0.984695, 0.004483, 0.174243, 0.0, 0.015856, 0.993219, -0.115158, 0.3, -0.173578, 0.116158, 0.977946, -0.0, 0.0, 0.0, 0.0, 1.0],
                [0.979331, 0.014889, 0.201722, -0.0, 0.01537, 0.988925, -0.14761, 0.3, -0.201687, 0.14766, 0.968255, 0.0, 0.0, 0.0, 0.0, 1.0],
                [0.979333, 0.014888, 0.201716, 0.0, 0.01537, 0.988925, -0.14761, 0.3, -0.20168, 0.14766, 0.968256, 0.0, 0.0, 0.0, 0.0, 1.0]
            ]
        },
        {
            "name": "Head",
            "time": [0.0, 0.0417, 0.0833, 0.125, 0.1667, 0.2083, 0.25, 0.2917, 0.3333, 0.375, 0.4167, 0.4583, 0.5, 0.5417, 0.5833, 0.625, 0.6667, 0.7083, 0.75, 0.7917, 0.8333, 0.875, 0.9167, 0.9583, 1.0, 1.0417, 1.0833, 1.125, 1.1667, 1.2083, 1.25],
            "transform": [
                [0.631346, -0.012608, -0.7754, -0.0, -0.353104, 0.885534, -0.301902, 0.4, 0.690451, 0.4644, 0.554626, 0.0, 0.0, 0.0, 0.0, 1.0],
                [0.718356, 0.017994, -0.695443, -0.0, -0.35036, 0.87299, -0.339315, 0.4, 0.60101, 0.487403, 0.633423, -0.0, 0.0, 0.0, 0.0, 1.0],
                [0.793244, 0.05174, -0.606702, -0.0, -0.343835, 0.860387, -0.376179, 0.4, 0.502535, 0.507006, 0.700289, 0.0, 0.0, 0.0, 0.0, 1.0],
                [0.849556, 0.085304, -0.520555, 0.0, -0.336734, 0.847307, -0.410707, 0.4, 0.406034, 0.524207, 0.748561, 0.0, 0.0, 0.0, 0.0, 1.0],
                [0.885539, 0.114396, -0.450259, -0.0, -0.332438, 0.83305, -0.442166, 0.4, 0.324506, 0.541237, 0.775731, 0.0, 0.0, 0.0, 0.0, 1.0],
                [0.893769, 0.122157, -0.431571, -0.0, -0.341419, 0.809289, -0.477999, 0.4, 0.290875, 0.574566, 0.765027, 0.0, 0.0, 0.0, 0.0, 1.0],
                [0.886083, 0.118593, -0.448098, -0.0, -0.366278, 0.77159, -0.520085, 0.4, 0.284069, 0.624965, 0.727134, -0.0, 0.0, 0.0, 0.0, 1.0],
                [0.893562, 0.153793, -0.421775, 0.0, -0.388611, 0.735374, -0.555163, 0.4, 0.224782, 0.659976, 0.716871, 0.0, 0.0, 0.0, 0.0, 1.0],
                [0.90532, 0.19552, -0.377051, 0.0, -0.39765, 0.702095, -0.590708, 0.4, 0.14923, 0.684711, 0.713373, 0.0, 0.0, 0.0, 0.0, 1.0],
                [0.919405, 0.222824, -0.324102, -0.0, -0.384737, 0.680623, -0.623481, 0.4, 0.081665, 0.697923, 0.711502, 0.0, 0.0, 0.0, 0.0, 1.0],
                [0.940538, 0.210962, -0.266233, 0.0, -0.336819, 0.680766, -0.65047, 0.4, 0.044018, 0.701462, 0.711347, 0.0, 0.0, 0.0, 0.0, 1.0],
                [0.97521, 0.104335, -0.195132, 0.0, -0.210882, 0.70531, -0.676807, 0.4, 0.067014, 0.701176, 0.709833, 0.0, 0.0, 0.0, 0.0, 1.0],
                [0.990512, -0.056175, -0.125399, 0.0, -0.043887, 0.735473, -0.676133, 0.4, 0.130209, 0.675219, 0.726035, 0.0, 0.0, 0.0, 0.0, 1.0],
                [0.977125, -0.187785, -0.099792, 0.0, 0.087712, 0.783387, -0.615314, 0.4, 0.193722, 0.592483, 0.781945, 0.0, 0.0, 0.0, 0.0, 1.0],
                [0.947021, -0.276321, -0.163688, -0.0, 0.179436, 0.877928, -0.443895, 0.4, 0.266363, 0.391005, 0.881005, 0.0, 0.0, 0.0, 0.0, 1.0],
                [0.929742, -0.311643, -0.196102, 0.0, 0.258611, 0.931797, -0.254699, 0.4, 0.262101, 0.186089, 0.946931, 0.0, 0.0, 0.0, 0.0, 1.0],
                [0.932319, -0.331865, -0.14368, -0.0, 0.324483, 0.943086, -0.072772, 0.4, 0.159652, 0.021225, 0.986948, 0.0, 0.0, 0.0, 0.0, 1.0],
                [0.931705, -0.354763, -0.077892, -0.0, 0.360587, 0.92919, 0.081112, 0.4, 0.043601, -0.103659, 0.993659, 0.0, 0.0, 0.0, 0.0, 1.0],
                [0.935803, -0.34781, -0.057427, -0.0, 0.352478, 0.925673, 0.13742, 0.4, 0.005362, -0.14884, 0.988849, 0.0, 0.0, 0.0, 0.0, 1.0],
                [0.948276, -0.304645, -0.089219, -0.0, 0.312841, 0.944538, 0.099876, 0.4, 0.053844, -0.122621, 0.990995, 0.0, 0.0, 0.0, 0.0, 1.0],
                [0.958941, -0.243651, -0.145129, 0.0, 0.249342, 0.968161, 0.022125, 0.4, 0.135117, -0.057403, 0.989168, -0.0, 0.0, 0.0, 0.0, 1.0],
                [0.962612, -0.177222, -0.204858, 0.0, 0.169807, 0.98403, -0.053367, 0.4, 0.211044, 0.016586, 0.977338, 0.0, 0.0, 0.0, 0.0, 1.0],
                [0.953852, -0.11165, -0.278743, -0.0, 0.076378, 0.987981, -0.134373, 0.4, 0.290395, 0.106882, 0.950921, -0.0, 0.0, 0.0, 0.0, 1.0],
                [0.927438, -0.053332, -0.370153, -0.0, -0.025933, 0.978223, -0.205923, 0.4, 0.373073, 0.200579, 0.905863, 0.0, 0.0, 0.0, 0.0, 1.0],
                [0.878229, 0.003004, -0.478229, -0.0, -0.130844, 0.963333, -0.234236, 0.4, 0.459989, 0.268286, 0.846425, 0.0, 0.0, 0.0, 0.0, 1.0],
                [0.764049, 0.060342, -0.64233, 0.0, -0.272727, 0.932491, -0.236808, 0.4, 0.584678, 0.356113, 0.728928, -0.0, 0.0, 0.0, 0.0, 1.0],
                [0.597772, 0.079001, -0.797764, -0.0, -0.408175, 0.886476, -0.218063, 0.4, 0.689974, 0.455978, 0.562157, 0.0, 0.0, 0.0, 0.0, 1.0],
                [0.488124, 0.055065, -0.871035, 0.0, -0.463888, 0.861732, -0.205482, 0.4, 0.739288, 0.504362, 0.446176, 0.0, 0.0, 0.0, 0.0, 1.0],
                [0.519434, 0.007669, -0.854476, 0.0, -0.409833, 0.87968, -0.24124, 0.4, 0.749819, 0.4755, 0.460078, -0.0, 0.0, 0.0, 0.0, 1.0],
                [0.564121, -0.032258, -0.825062, -0.0, -0.3511, 0.895027, -0.275051, 0.4, 0.747328, 0.444841, 0.493578, -0.0, 0.0, 0.0, 0.0, 1.0],
                [0.564121, -0.032258, -0.825062, -0.0, -0.3511, 0.895027, -0.275051, 0.4, 0.747328, 0.44484, 0.493578, -0.0, 0.0, 0.0, 0.0, 1.0]
            ]
        },
        {
            "name": "Shoulder_R",
            "time": [0.0, 0.0417, 0.0833, 0.125, 0.1667, 0.2083, 0.25, 0.2917, 0.3333, 0.375, 0.4167, 0.4583, 0.5, 0.5417, 0.5833, 0.625, 0.6667, 0.7083, 0.75, 0.7917, 0.8333, 0.875, 0.9167, 0.9583, 1.0, 1.0417, 1.0833, 1.125, 1.1667, 1.2083, 1.25],
            "transform": [
                [0.419744, 0.852509, -0.311543, -0.0, 0.629179, -0.520693, -0.57707, 0.4, -0.654165, 0.046206, -0.75493, 0.0, 0.0, 0.0, 0.0, 1.0],
                [0.425829, 0.835182, -0.348074, -0.0, 0.619171, -0.549502, -0.560958, 0.4, -0.659759, 0.023356, -0.751106, -0.0, 0.0, 0.0, 0.0, 1.0],
                [0.434593, 0.82689, -0.356927, -0.0, 0.612285, -0.561912, -0.556203, 0.4, -0.660469, 0.023182, -0.750485, 0.0, 0.0, 0.0, 0.0, 1.0],
                [0.443656, 0.825128, -0.349784, 0.0, 0.609941, -0.56397, -0.556695, 0.4, -0.6566, 0.033635, -0.753479, 0.0, 0.0, 0.0, 0.0, 1.0],
                [0.448102, 0.823273, -0.348481, -0.0, 0.609015, -0.566493, -0.555144, 0.4, -0.654432, 0.036532, -0.755229, 0.0, 0.0, 0.0, 0.0, 1.0],
