{
    "animation": [
        {
            "name": "Root",
            "time": [0.0, 0.0167, 0.0333, 0.05, 0.0667, 0.0833, 0.1, 0.1167, 0.1333, 0.15, 0.1667, 0.1833, 0.2, 0.2167, 0.2333, 0.25, 0.2667, 0.2833, 0.3, 0.3167, 0.3333, 0.35, 0.3667, 0.3833, 0.4, 0.4167, 0.4333, 0.45, 0.4667, 0.4833, 0.5, 0.5167, 0.5333, 0.55, 0.5667, 0.5833, 0.6, 0.6167, 0.6333, 0.65, 0.6667, 0.6833],
            "transform": [
                [0.575191, 0.0, 0.818019, -5e-06, 0.818019, 0.0, -0.575191, 0.000946, 0.0, 1.0, 0.0, 0.627436, 0.0, 0.0, 0.0, 1.0],
                [0.578429, 0.0, 0.815733, -5e-06, 0.815733, 0.0, -0.578429, 0.000946, 0.0, 1.0, 0.0, 0.627436, 0.0, 0.0, 0.0, 1.0],
                [0.589216, 0.0, 0.807976, -5e-06, 0.807976, 0.0, -0.589216, 0.000946, 0.0, 1.0, 0.0, 0.627436, 0.0, 0.0, 0.0, 1.0],
                [0.608936, 0.0, 0.79322, -5e-06, 0.79322, 0.0, -0.608936, 0.000946, 0.0, 1.0, 0.0, 0.627436, 0.0, 0.0, 0.0, 1.0],
                [0.638635, 0.0, 0.76951, -5e-06, 0.76951, 0.0, -0.638635, 0.000946, 0.0, 1.0, 0.0, 0.627436, 0.0, 0.0, 0.0, 1.0],
                [0.678928, 0.0, 0.734205, -5e-06, 0.734205, 0.0, -0.678928, 0.000946, 0.0, 1.0, 0.0, 0.627436, 0.0, 0.0, 0.0, 1.0],
                [0.729786, 0.0, 0.683676, -5e-06, 0.683676, 0.0, -0.729786, 0.000946, 0.0, 1.0, 0.0, 0.627436, 0.0, 0.0, 0.0, 1.0],
                [0.790073, 0.0, 0.613012, -5e-06, 0.613012, 0.0, -0.790073, 0.000946, 0.0, 1.0, 0.0, 0.627436, 0.0, 0.0, 0.0, 1.0],
                [0.856688, 0.0, 0.515834, -5e-06, 0.515834, 0.0, -0.856688, 0.000946, 0.0, 1.0, 0.0, 0.627436, 0.0, 0.0, 0.0, 1.0],
                [0.923115, 0.0, 0.384525, -5e-06, 0.384525, 0.0, -0.923115, 0.000946, 0.0, 1.0, 0.0, 0.627436, 0.0, 0.0, 0.0, 1.0],
                [0.977367, 0.0, 0.211551, -5e-06, 0.211551, 0.0, -0.977367, 0.000946, 0.0, 1.0, 0.0, 0.627436, 0.0, 0.0, 0.0, 1.0],
                [0.999975, 0.0, -0.007013, -5e-06, -0.007013, 0.0, -0.999975, 0.000946, 0.0, 1.0, 0.0, 0.627436, 0.0, 0.0, 0.0, 1.0],
                [0.964479, 0.0, -0.264161, -0.007766, -0.264161, 0.0, -0.964479, -0.004604, 0.0, 1.0, 0.0, 0.627436, 0.0, 0.0, 0.0, 1.0],
                [0.846283, 0.0, -0.532734, -0.028699, -0.532734, 0.0, -0.846283, -0.017838, 0.0, 1.0, 0.0, 0.627436, 0.0, 0.0, 0.0, 1.0],
                [0.638542, 0.0, -0.769587, -0.059275, -0.769587, 0.0, -0.638542, -0.033634, 0.0, 1.0, 0.0, 0.627436, 0.0, 0.0, 0.0, 1.0],
                [0.362533, 0.0, -0.931971, -0.095966, -0.931971, 0.0, -0.362533, -0.046868, 0.0, 1.0, 0.0, 0.627436, 0.0, 0.0, 0.0, 1.0],
                [0.060925, 0.0, -0.998143, -0.135245, -0.998143, 0.0, -0.060925, -0.052418, 0.0, 1.0, 0.0, 0.627436, 0.0, 0.0, 0.0, 1.0],
                [-0.224808, 0.0, -0.974403, -0.17371, -0.974403, 0.0, 0.224808, -0.038733, 0.0, 1.0, 0.0, 0.62732, 0.0, 0.0, 0.0, 1.0],
                [-0.473166, 0.0, -0.880973, -0.208458, -0.880973, 0.0, 0.473166, -0.001181, 0.0, 1.0, 0.0, 0.626678, 0.0, 0.0, 0.0, 1.0],
                [-0.674662, 0.0, -0.738126, -0.236715, -0.738126, 0.0, 0.674662, 0.054985, 0.0, 1.0, 0.0, 0.625071, 0.0, 0.0, 0.0, 1.0],
                [-0.826353, 0.0, -0.563152, -0.255705, -0.563152, 0.0, 0.826353, 0.124508, 0.0, 1.0, 0.0, 0.622058, 0.0, 0.0, 0.0, 1.0],
                [-0.929162, 0.0, -0.369674, -0.262652, -0.369674, 0.0, 0.929162, 0.202135, 0.0, 1.0, 0.0, 0.6172, 0.0, 0.0, 0.0, 1.0],
                [-0.986321, 0.0, -0.164835, -0.251534, -0.164835, 0.0, 0.986321, 0.2833, 0.0, 1.0, 0.0, 0.610208, 0.0, 0.0, 0.0, 1.0],
                [-0.999094, 0.0, 0.042565, -0.22374, 0.042565, 0.0, 0.999094, 0.366201, 0.0, 1.0, 0.0, 0.601403, 0.0, 0.0, 0.0, 1.0],
                [-0.970642, 0.0, 0.240528, -0.187608, 0.240528, 0.0, 0.970642, 0.449726, 0.0, 1.0, 0.0, 0.591256, 0.0, 0.0, 0.0, 1.0],
                [-0.907462, 0.0, 0.420134, -0.151476, 0.420134, 0.0, 0.907462, 0.53276, 0.0, 1.0, 0.0, 0.58024, 0.0, 0.0, 0.0, 1.0],
                [-0.817389, 0.0, 0.576085, -0.123682, 0.576085, 0.0, 0.817389, 0.614193, 0.0, 1.0, 0.0, 0.568828, 0.0, 0.0, 0.0, 1.0],
                [-0.707968, 0.0, 0.706244, -0.112565, 0.706244, 0.0, 0.707968, 0.692911, 0.0, 1.0, 0.0, 0.557491, 0.0, 0.0, 0.0, 1.0],
                [-0.584971, 0.0, 0.811054, -0.130521, 0.811054, 0.0, 0.584971, 0.767862, 0.0, 1.0, 0.0, 0.546658, 0.0, 0.0, 0.0, 1.0],
                [-0.449781, 0.0, 0.893139, -0.178284, 0.893139, 0.0, 0.449781, 0.83824, 0.0, 1.0, 0.0, 0.536584, 0.0, 0.0, 0.0, 1.0],
                [-0.300123, 0.0, 0.953901, -0.246693, 0.953901, 0.0, 0.300123, 0.9033, 0.0, 1.0, 0.0, 0.52748, 0.0, 0.0, 0.0, 1.0],
                [-0.131474, 0.0, 0.99132, -0.326589, 0.99132, 0.0, 0.131474, 0.962296, 0.0, 1.0, 0.0, 0.519558, 0.0, 0.0, 0.0, 1.0],
                [0.06129, 0.0, 0.99812, -0.408813, 0.99812, 0.0, -0.06129, 1.014484, 0.0, 1.0, 0.0, 0.513029, 0.0, 0.0, 0.0, 1.0],
                [0.280776, 0.0, 0.959773, -0.484205, 0.959773, 0.0, -0.280776, 1.059118, 0.0, 1.0, 0.0, 0.508103, 0.0, 0.0, 0.0, 1.0],
                [0.520872, 0.0, 0.853635, -0.543606, 0.853635, 0.0, -0.520872, 1.095452, 0.0, 1.0, 0.0, 0.504993, 0.0, 0.0, 0.0, 1.0],
                [0.756893, 0.0, 0.653539, -0.577856, 0.653539, 0.0, -0.756893, 1.122741, 0.0, 1.0, 0.0, 0.503909, 0.0, 0.0, 0.0, 1.0],
                [0.928265, 0.0, 0.371919, -0.584551, 0.371919, 0.0, -0.928265, 1.142449, 0.0, 1.0, 0.0, 0.503909, 0.0, 0.0, 0.0, 1.0],
                [0.995352, 0.0, 0.096304, -0.583974, 0.096304, 0.0, -0.995352, 1.162351, 0.0, 1.0, 0.0, 0.504375, 0.0, 0.0, 0.0, 1.0],
                [0.99078, 0.0, -0.135477, -0.582598, -0.135477, 0.0, -0.99078, 1.182362, 0.0, 1.0, 0.0, 0.505486, 0.0, 0.0, 0.0, 1.0],
                [0.953622, 0.0, -0.301005, -0.580955, -0.301005, 0.0, -0.953622, 1.199878, 0.0, 1.0, 0.0, 0.506812, 0.0, 0.0, 0.0, 1.0],
                [0.917456, 0.0, -0.397838, -0.579578, -0.397838, 0.0, -0.917456, 1.212298, 0.0, 1.0, 0.0, 0.507923, 0.0, 0.0, 0.0, 1.0],
                [0.902958, 0.0, -0.429728, -0.579001, -0.429728, 0.0, -0.902958, 1.217016, 0.0, 1.0, 0.0, 0.508389, 0.0, 0.0, 0.0, 1.0]
            ]
        },
        {
            "name": "Thigh_R",
            "time": [0.0, 0.0167, 0.0333, 0.05, 0.0667, 0.0833, 0.1, 0.1167, 0.1333, 0.15, 0.1667, 0.1833, 0.2, 0.2167, 0.2333, 0.25, 0.2667, 0.2833, 0.3, 0.3167, 0.3333, 0.35, 0.3667, 0.3833, 0.4, 0.4167, 0.4333, 0.45, 0.4667, 0.4833, 0.5, 0.5167, 0.5333, 0.55, 0.5667, 0.5833, 0.6, 0.6167, 0.6333, 0.65, 0.6667, 0.6833],
            "transform": [
                [0.287514, 0.434108, 0.853748, 0.124994, 0.529657, -0.814745, 0.235906, -0.002831, 0.797997, 0.384367, -0.46418, -1.2e-05, 0.0, 0.0, 0.0, 1.0],
                [0.291119, 0.436449, 0.85133, 0.124994, 0.529154, -0.814817, 0.236783, -0.002831, 0.797023, 0.381552, -0.468159, -1.2e-05, 0.0, 0.0, 0.0, 1.0],
                [0.303175, 0.444169, 0.843089, 0.124994, 0.52747, -0.81505, 0.239721, -0.002831, 0.793637, 0.372025, -0.48139, -1.2e-05, 0.0, 0.0, 0.0, 1.0],
                [0.325401, 0.45796, 0.827276, 0.124994, 0.524357, -0.815441, 0.245159, -0.002831, 0.786869, 0.354012, -0.505481, -1.2e-05, 0.0, 0.0, 0.0, 1.0],
                [0.359337, 0.477887, 0.801561, 0.124994, 0.519583, -0.815936, 0.253532, -0.002831, 0.775183, 0.325374, -0.541499, -1.2e-05, 0.0, 0.0, 0.0, 1.0],
                [0.406309, 0.503149, 0.762728, 0.124994, 0.512936, -0.816397, 0.265311, -0.002831, 0.756181, 0.283433, -0.589794, -1.2e-05, 0.0, 0.0, 0.0, 1.0],
                [0.467248, 0.531664, 0.706408, 0.124994, 0.504243, -0.816551, 0.281036, -0.002831, 0.726236, 0.224888, -0.649621, -1.2e-05, 0.0, 0.0, 0.0, 1.0],
                [0.542216, 0.55945, 0.62691, 0.124994, 0.49344, -0.815911, 0.301337, -0.002831, 0.680086, 0.145952, -0.718457, -1.2e-05, 0.0, 0.0, 0.0, 1.0],
                [0.629432, 0.579733, 0.51742, 0.124994, 0.480722, -0.813669, 0.326874, -0.002831, 0.610509, 0.04299, -0.790841, -1.2e-05, 0.0, 0.0, 0.0, 1.0],
                [0.723575, 0.582032, 0.371048, 0.124994, 0.46681, -0.808614, 0.358091, -0.002831, 0.508456, -0.085897, -0.856793, -1.2e-05, 0.0, 0.0, 0.0, 1.0],
                [0.813389, 0.552016, 0.18351, 0.124994, 0.453359, -0.799206, 0.394631, -0.002831, 0.364506, -0.237792, -0.900329, -1.2e-05, 0.0, 0.0, 0.0, 1.0],
                [0.879529, 0.473984, -0.042028, 0.124994, 0.44334, -0.784161, 0.43421, -0.002831, 0.172853, -0.400533, -0.899831, -1.2e-05, 0.0, 0.0, 0.0, 1.0],
                [0.911266, 0.367964, -0.184922, 0.124994, 0.410628, -0.777765, 0.475881, -0.002831, 0.031282, -0.509588, -0.859849, -1.2e-05, 0.0, 0.0, 0.0, 1.0],
                [0.9325, 0.342027, -0.11602, 0.124994, 0.35123, -0.783928, 0.511949, -0.002831, 0.084149, -0.518142, -0.851145, -1.2e-05, 0.0, 0.0, 0.0, 1.0],
                [0.880359, 0.45556, 0.132028, 0.124994, 0.331543, -0.790112, 0.515557, -0.002831, 0.339185, -0.410102, -0.846623, -1.2e-05, 0.0, 0.0, 0.0, 1.0],
                [0.821661, 0.517332, 0.239248, 0.124994, 0.382462, -0.811645, 0.441535, -0.002831, 0.422605, -0.271288, -0.864759, -1.2e-05, 0.0, 0.0, 0.0, 1.0],
                [0.868486, 0.481764, 0.116761, 0.124994, 0.435536, -0.85407, 0.284376, -0.002831, 0.236725, -0.196123, -0.951576, -1.2e-05, 0.0, 0.0, 0.0, 1.0],
                [0.887771, 0.453644, -0.0779, 0.124994, 0.45975, -0.882103, 0.102577, -0.002831, -0.022183, -0.12688, -0.99167, -1.2e-05, 0.0, 0.0, 0.0, 1.0],
                [0.846405, 0.496038, -0.193763, 0.124994, 0.493994, -0.867232, -0.062253, -0.002831, -0.198917, -0.043026, -0.979072, -1.2e-05, 0.0, 0.0, 0.0, 1.0],
                [0.796817, 0.565688, -0.212318, 0.124994, 0.541567, -0.824465, -0.164197, -0.002831, -0.267933, 0.01585, -0.963308, -1.2e-05, 0.0, 0.0, 0.0, 1.0],
                [0.78124, 0.596075, -0.185355, 0.124994, 0.595789, -0.800622, -0.06354, -0.002831, -0.186274, -0.060793, -0.980615, -1.2e-05, 0.0, 0.0, 0.0, 1.0],
                [0.795073, 0.594024, -0.122442, 0.124994, 0.606052, -0.770239, 0.198572, -0.002831, 0.023647, -0.232085, -0.972408, -1.2e-05, 0.0, 0.0, 0.0, 1.0],
                [0.816804, 0.575067, -0.046131, 0.124994, 0.541825, -0.737204, 0.403676, -0.002831, 0.198133, -0.354718, -0.913739, -1.2e-05, 0.0, 0.0, 0.0, 1.0],
                [0.829819, 0.552461, 0.078648, 0.124994, 0.460843, -0.75793, 0.461696, -0.002831, 0.314678, -0.346879, -0.883545, -1.2e-05, 0.0, 0.0, 0.0, 1.0],
                [0.810135, 0.533141, 0.243804, 0.124994, 0.42839, -0.822275, 0.374625, -0.002831, 0.400202, -0.199053, -0.894548, -1.2e-05, 0.0, 0.0, 0.0, 1.0],
                [0.744968, 0.521546, 0.415946, 0.124994, 0.461351, -0.853157, 0.243469, -0.002831, 0.481848, 0.01052, -0.876192, -1.2e-05, 0.0, 0.0, 0.0, 1.0],
                [0.645109, 0.538099, 0.542478, 0.124994, 0.510612, -0.831758, 0.217833, -0.002831, 0.568427, 0.136469, -0.811336, -1.2e-05, 0.0, 0.0, 0.0, 1.0],
                [0.570156, 0.620343, 0.538605, 0.124994, 0.487378, -0.783183, 0.386114, -0.002831, 0.66135, 0.042359, -0.74888, -1.2e-05, 0.0, 0.0, 0.0, 1.0],
                [0.544601, 0.671204, 0.502885, 0.124994, 0.383809, -0.732586, 0.562144, -0.002831, 0.745721, -0.113133, -0.656582, -1.2e-05, 0.0, 0.0, 0.0, 1.0],
                [0.536403, 0.65384, 0.533632, 0.124994, 0.293546, -0.737355, 0.608388, -0.002831, 0.791266, -0.169696, -0.587454, -1.2e-05, 0.0, 0.0, 0.0, 1.0],
                [0.537617, 0.597353, 0.595093, 0.124994, 0.251842, -0.787306, 0.562782, -0.002831, 0.804701, -0.152691, -0.573708, -1.2e-05, 0.0, 0.0, 0.0, 1.0],
                [0.543351, 0.529949, 0.651093, 0.124994, 0.268609, -0.844541, 0.463246, -0.002831, 0.795373, -0.076815, -0.601233, -1.2e-05, 0.0, 0.0, 0.0, 1.0],
                [0.547615, 0.487447, 0.680082, 0.124994, 0.334812, -0.872532, 0.355791, -0.002831, 0.766823, 0.032863, -0.641016, -1.2e-05, 0.0, 0.0, 0.0, 1.0],
                [0.545599, 0.498578, 0.673603, 0.124994, 0.42598, -0.857186, 0.289431, -0.002831, 0.721708, 0.129028, -0.680066, -1.2e-05, 0.0, 0.0, 0.0, 1.0],
                [0.541484, 0.569153, 0.618756, 0.124994, 0.507524, -0.808047, 0.299129, -0.002831, 0.670235, 0.152059, -0.726404, -1.2e-05, 0.0, 0.0, 0.0, 1.0],
                [0.554765, 0.670453, 0.492673, 0.124994, 0.54586, -0.740187, 0.392629, -0.002831, 0.62791, 0.051114, -0.776605, -1.2e-05, 0.0, 0.0, 0.0, 1.0],
                [0.561157, 0.751616, 0.346662, 0.124994, 0.523088, -0.646615, 0.555219, -0.002831, 0.641468, -0.13023, -0.756015, -1.2e-05, 0.0, 0.0, 0.0, 1.0],
                [0.705876, 0.696876, 0.126891, 0.124994, 0.512885, -0.626392, 0.58701, -0.002831, 0.488557, -0.349275, -0.799575, -1.2e-05, 0.0, 0.0, 0.0, 1.0],
                [0.790131, 0.608318, -0.075104, 0.124994, 0.533324, -0.621932, 0.57338, -0.002831, 0.302088, -0.493099, -0.81584, -1.2e-05, 0.0, 0.0, 0.0, 1.0],
                [0.812648, 0.532655, -0.236392, 0.124994, 0.567871, -0.63272, 0.526484, -0.002831, 0.130865, -0.562085, -0.81666, -1.2e-05, 0.0, 0.0, 0.0, 1.0],
                [0.800939, 0.492939, -0.339862, 0.124994, 0.598657, -0.649548, 0.468716, -0.002831, 0.010292, -0.578873, -0.815352, -1.2e-05, 0.0, 0.0, 0.0, 1.0],
                [0.790494, 0.483635, -0.375786, 0.124994, 0.611476, -0.658138, 0.439261, -0.002831, -0.034877, -0.577016, -0.815987, -1.2e-05, 0.0, 0.0, 0.0, 1.0]
            ]
        },
        {
            "name": "Leg_R",
            "time": [0.0, 0.0167, 0.0333, 0.05, 0.0667, 0.0833, 0.1, 0.1167, 0.1333, 0.15, 0.1667, 0.1833, 0.2, 0.2167, 0.2333, 0.25, 0.2667, 0.2833, 0.3, 0.3167, 0.3333, 0.35, 0.3667, 0.3833, 0.4, 0.4167, 0.4333, 0.45, 0.4667, 0.4833, 0.5, 0.5167, 0.5333, 0.55, 0.5667, 0.5833, 0.6, 0.6167, 0.6333, 0.65, 0.6667, 0.6833],
            "transform": [
                [1.0, -1e-06, 1e-06, -0.0, -0.0, 0.752064, 0.659092, 0.374726, -1e-06, -0.659093, 0.752059, 0.0, 0.0, 0.0, 0.0, 1.0],
                [1.0, -0.0, 1e-06, 0.0, -0.0, 0.750771, 0.660564, 0.374726, -1e-06, -0.660565, 0.750767, 0.0, 0.0, 0.0, 0.0, 1.0],
                [1.0, -0.0, 1e-06, -0.0, -0.0, 0.746458, 0.665435, 0.374726, -1e-06, -0.665436, 0.746453, 0.0, 0.0, 0.0, 0.0, 1.0],
                [1.0, -1e-06, 1e-06, -0.0, -0.0, 0.738545, 0.674205, 0.374726, -1e-06, -0.674207, 0.738541, -0.0, 0.0, 0.0, 0.0, 1.0],
                [1.0, -1e-06, 1e-06, -0.0, -0.0, 0.726567, 0.687096, 0.374726, -1e-06, -0.687098, 0.726563, -0.0, 0.0, 0.0, 0.0, 1.0],
                [1.0, -0.0, 1e-06, 0.0, -0.0, 0.71018, 0.704022, 0.374726, -1e-06, -0.704023, 0.710175, 0.0, 0.0, 0.0, 0.0, 1.0],
                [1.0, -1e-06, 1e-06, 0.0, -0.0, 0.68924, 0.724534, 0.374726, -1e-06, -0.724536, 0.689236, 0.0, 0.0, 0.0, 0.0, 1.0],
                [1.0, -0.0, 1e-06, 0.0, -0.0, 0.663953, 0.747775, 0.374726, -1e-06, -0.747776, 0.66395, -0.0, 0.0, 0.0, 0.0, 1.0],
                [1.0, -1e-06, 1e-06, -0.0, -0.0, 0.635192, 0.772355, 0.374726, -1e-06, -0.772357, 0.635188, -0.0, 0.0, 0.0, 0.0, 1.0],
                [1.0, -1e-06, 1e-06, 0.0, -0.0, 0.605031, 0.796202, 0.374726, -1e-06, -0.796204, 0.605028, 0.0, 0.0, 0.0, 0.0, 1.0],
                [1.0, -1e-06, 1e-06, -0.0, -0.0, 0.577571, 0.816341, 0.374726, -1e-06, -0.816342, 0.577567, -0.0, 0.0, 0.0, 0.0, 1.0],
                [1.0, -1e-06, 1e-06, -0.0, -0.0, 0.559824, 0.828611, 0.374726, -1e-06, -0.828613, 0.559821, -0.0, 0.0, 0.0, 0.0, 1.0],
                [1.0, -1e-06, 1e-06, 0.0, -0.0, 0.528708, 0.848804, 0.374726, -1e-06, -0.848806, 0.528705, -0.0, 0.0, 0.0, 0.0, 1.0],
                [1.0, -0.0, 1e-06, -0.0, -0.0, 0.494741, 0.869041, 0.374726, -1e-06, -0.869042, 0.494738, 0.0, 0.0, 0.0, 0.0, 1.0],
                [1.0, -0.0, 0.0, -0.0, -0.0, 0.527821, 0.849355, 0.374726, -1e-06, -0.849357, 0.527818, -0.0, 0.0, 0.0, 0.0, 1.0],
                [1.0, -1e-06, 1e-06, 0.0, -0.0, 0.636543, 0.771242, 0.374726, -1e-06, -0.771244, 0.636539, -0.0, 0.0, 0.0, 0.0, 1.0],
                [1.0, -0.0, 1e-06, 0.0, -0.0, 0.74271, 0.669615, 0.374726, -1e-06, -0.669616, 0.742705, 0.0, 0.0, 0.0, 0.0, 1.0],
                [1.0, -0.0, 1e-06, 0.0, -0.0, 0.823015, 0.568021, 0.374726, -1e-06, -0.568023, 0.823011, 0.0, 0.0, 0.0, 0.0, 1.0],
                [1.0, -0.0, 1e-06, -0.0, -0.0, 0.914953, 0.403565, 0.374726, -1e-06, -0.403566, 0.914948, -0.0, 0.0, 0.0, 0.0, 1.0],
                [1.0, -0.0, 1e-06, -0.0, 0.0, 0.978042, 0.20842, 0.374726, -1e-06, -0.20842, 0.978036, 0.0, 0.0, 0.0, 0.0, 1.0],
                [1.0, -0.0, 1e-06, -0.0, -0.0, 0.96784, 0.251575, 0.374726, -1e-06, -0.251575, 0.967835, 0.0, 0.0, 0.0, 0.0, 1.0],
                [1.0, -0.0, 1e-06, -0.0, 0.0, 0.860882, 0.508809, 0.374726, -1e-06, -0.50881, 0.860876, -0.0, 0.0, 0.0, 0.0, 1.0],
                [1.0, -1e-06, 1e-06, 0.0, -0.0, 0.661635, 0.749827, 0.374726, -1e-06, -0.749828, 0.661631, 0.0, 0.0, 0.0, 0.0, 1.0],
                [1.0, -1e-06, 1e-06, 0.0, -0.0, 0.494636, 0.8691, 0.374726, -1e-06, -0.869102, 0.494633, 0.0, 0.0, 0.0, 0.0, 1.0],
                [1.0, -1e-06, 1e-06, 0.0, -0.0, 0.480557, 0.876963, 0.374726, -1e-06, -0.876965, 0.480554, -0.0, 0.0, 0.0, 0.0, 1.0],
                [1.0, -1e-06, 1e-06, 0.0, -0.0, 0.593535, 0.804809, 0.374726, -1e-06, -0.804811, 0.593531, -0.0, 0.0, 0.0, 0.0, 1.0],
                [1.0, -1e-06, 1e-06, -0.0, -0.0, 0.676614, 0.736339, 0.374726, -1e-06, -0.73634, 0.67661, 0.0, 0.0, 0.0, 0.0, 1.0],
                [1.0, -1e-06, 1e-06, 0.0, -0.0, 0.55043, 0.834881, 0.374726, -1e-06, -0.834883, 0.550427, -0.0, 0.0, 0.0, 0.0, 1.0],
                [1.0, -1e-06, 0.0, -0.0, -0.0, 0.335074, 0.942191, 0.374726, -1e-06, -0.942193, 0.335072, 0.0, 0.0, 0.0, 0.0, 1.0],
                [1.0, -1e-06, 0.0, -0.0, -0.0, 0.199874, 0.979821, 0.374726, -1e-06, -0.979822, 0.199873, 0.0, 0.0, 0.0, 0.0, 1.0],
                [1.0, -1e-06, 0.0, -0.0, -0.0, 0.142601, 0.989779, 0.374726, -1e-06, -0.989781, 0.1426, 0.0, 0.0, 0.0, 0.0, 1.0],
                [1.0, -1e-06, 0.0, 0.0, -0.0, 0.158153, 0.987414, 0.374726, -1e-06, -0.987416, 0.158152, 0.0, 0.0, 0.0, 0.0, 1.0],
                [1.0, -1e-06, 0.0, 0.0, -0.0, 0.22831, 0.973588, 0.374726, -1e-06, -0.97359, 0.228309, -0.0, 0.0, 0.0, 0.0, 1.0],
                [1.0, -1e-06, 1e-06, -0.0, -0.0, 0.319065, 0.947732, 0.374726, -1e-06, -0.947734, 0.319063, -0.0, 0.0, 0.0, 0.0, 1.0],
                [1.0, -1e-06, 1e-06, -0.0, -0.0, 0.38711, 0.922033, 0.374726, -1e-06, -0.922035, 0.387108, -0.0, 0.0, 0.0, 0.0, 1.0],
                [1.0, -1e-06, 1e-06, 0.0, -0.0, 0.395796, 0.918338, 0.374726, -1e-06, -0.91834, 0.395794, -0.0, 0.0, 0.0, 0.0, 1.0],
                [1.0, -1e-06, 1e-06, -0.0, -0.0, 0.351404, 0.936223, 0.374726, -1e-06, -0.936225, 0.351402, 0.0, 0.0, 0.0, 0.0, 1.0],
                [1.0, -1e-06, 1e-06, -0.0, -0.0, 0.35409, 0.935211, 0.374726, -1e-06, -0.935213, 0.354088, -0.0, 0.0, 0.0, 0.0, 1.0],
                [1.0, -1e-06, 1e-06, -0.0, -0.0, 0.425937, 0.904753, 0.374726, -1e-06, -0.904754, 0.425934, 0.0, 0.0, 0.0, 0.0, 1.0],
                [1.0, -1e-06, 1e-06, -0.0, -0.0, 0.533843, 0.845584, 0.374726, -1e-06, -0.845585, 0.53384, -0.0, 0.0, 0.0, 0.0, 1.0],
                [1.0, -1e-06, 1e-06, 0.0, -0.0, 0.63511, 0.772422, 0.374726, -1e-06, -0.772423, 0.635107, 0.0, 0.0, 0.0, 0.0, 1.0],
                [1.0, -1e-06, 1e-06, 0.0, -0.0, 0.679724, 0.733469, 0.374726, -1e-06, -0.73347, 0.67972, 0.0, 0.0, 0.0, 0.0, 1.0]
            ]
        },
        {
            "name": "Knee_R",
            "time": [0.0, 0.6833],
            "transform": [
                [1.0, 0.0, -0.0, -0.0, -0.0, 0.00567, -0.999984, 0.394125, -0.0, 0.999984, 0.00567, -0.00011, 0.0, 0.0, 0.0, 1.0],
                [1.0, 0.0, -0.0, -0.0, -0.0, 0.00567, -0.999984, 0.405028, -0.0, 0.999984, 0.00567, -0.000172, 0.0, 0.0, 0.0, 1.0]
            ]
        },
        {
            "name": "Thigh_L",
            "time": [0.0, 0.0167, 0.0333, 0.05, 0.0667, 0.0833, 0.1, 0.1167, 0.1333, 0.15, 0.1667, 0.1833, 0.2, 0.2167, 0.2333, 0.25, 0.2667, 0.2833, 0.3, 0.3167, 0.3333, 0.35, 0.3667, 0.3833, 0.4, 0.4167, 0.4333, 0.45, 0.4667, 0.4833, 0.5, 0.5167, 0.5333, 0.55, 0.5667, 0.5833, 0.6, 0.6167, 0.6333, 0.65, 0.6667, 0.6833],
            "transform": [
                [0.514228, -0.049242, 0.856239, -0.125006, -0.517256, -0.814151, 0.263825, -0.002831, 0.684117, -0.578561, -0.44413, -1.2e-05, 0.0, 0.0, 0.0, 1.0],
                [0.520837, -0.028981, 0.853164, -0.125006, -0.509648, -0.812322, 0.283534, -0.002831, 0.684827, -0.582488, -0.437858, -1.2e-05, 0.0, 0.0, 0.0, 1.0],
                [0.540382, 0.019829, 0.841186, -0.125006, -0.487991, -0.807032, 0.332512, -0.002831, 0.685457, -0.590174, -0.42643, -1.2e-05, 0.0, 0.0, 0.0, 1.0],
                [0.572285, 0.079128, 0.816228, -0.125006, -0.45363, -0.798634, 0.395478, -0.002831, 0.68316, -0.596592, -0.421152, -1.2e-05, 0.0, 0.0, 0.0, 1.0],
                [0.615568, 0.135317, 0.776379, -0.125006, -0.407984, -0.788143, 0.460846, -0.002831, 0.674258, -0.600432, -0.42995, -1.2e-05, 0.0, 0.0, 0.0, 1.0],
                [0.668651, 0.179114, 0.721682, -0.125006, -0.353232, -0.777537, 0.520252, -0.002831, 0.654319, -0.602788, -0.456632, -1.2e-05, 0.0, 0.0, 0.0, 1.0],
                [0.729246, 0.204419, 0.653003, -0.125006, -0.292814, -0.769304, 0.56783, -0.002831, 0.618433, -0.605296, -0.501155, -1.2e-05, 0.0, 0.0, 0.0, 1.0],
                [0.794378, 0.207575, 0.570854, -0.125006, -0.23155, -0.765353, 0.600515, -0.002831, 0.561557, -0.609218, -0.559916, -1.2e-05, 0.0, 0.0, 0.0, 1.0],
                [0.860308, 0.1864, 0.474472, -0.125006, -0.175282, -0.765835, 0.618685, -0.002831, 0.478691, -0.615426, -0.626182, -1.2e-05, 0.0, 0.0, 0.0, 1.0],
                [0.921945, 0.138445, 0.361732, -0.125006, -0.130232, -0.768753, 0.626145, -0.002831, 0.36477, -0.62438, -0.690719, -1.2e-05, 0.0, 0.0, 0.0, 1.0],
                [0.971285, 0.058689, 0.230565, -0.125006, -0.102454, -0.771461, 0.627973, -0.002831, 0.214727, -0.633563, -0.743296, -1.2e-05, 0.0, 0.0, 0.0, 1.0],
                [0.9949, -0.060182, 0.080938, -0.125006, -0.097702, -0.774284, 0.62525, -0.002831, 0.02504, -0.62997, -0.776215, -1.2e-05, 0.0, 0.0, 0.0, 1.0],
                [0.975659, -0.199754, -0.090478, -0.125006, -0.102554, -0.78033, 0.616901, -0.002831, -0.193831, -0.592607, -0.781823, -1.2e-05, 0.0, 0.0, 0.0, 1.0],
                [0.901566, -0.332855, -0.276378, -0.125006, -0.104961, -0.788009, 0.606649, -0.002831, -0.419715, -0.517926, -0.74538, -1.2e-05, 0.0, 0.0, 0.0, 1.0],
                [0.775039, -0.444924, -0.448728, -0.125006, -0.112512, -0.795924, 0.594849, -0.002831, -0.621816, -0.410544, -0.666932, -1.2e-05, 0.0, 0.0, 0.0, 1.0],
                [0.640623, -0.514971, -0.569567, -0.125006, -0.133282, -0.805079, 0.577999, -0.002831, -0.7562, -0.294366, -0.584389, -1.2e-05, 0.0, 0.0, 0.0, 1.0],
                [0.656085, -0.504576, -0.561208, -0.125006, -0.184545, -0.828319, 0.528989, -0.002831, -0.731775, -0.243493, -0.636566, -1.2e-05, 0.0, 0.0, 0.0, 1.0],
                [0.949789, -0.085676, 0.300931, -0.125006, -0.182699, -0.932649, 0.311103, -0.002831, 0.254009, -0.350462, -0.901474, -1.2e-05, 0.0, 0.0, 0.0, 1.0],
                [0.630236, 0.146779, 0.762403, -0.125006, -0.097858, -0.959119, 0.265545, -0.002831, 0.770212, -0.241963, -0.590108, -1.2e-05, 0.0, 0.0, 0.0, 1.0],
                [0.673404, 0.109085, 0.731182, -0.125006, -0.156706, -0.945515, 0.285385, -0.002831, 0.722475, -0.30676, -0.619619, -1.2e-05, 0.0, 0.0, 0.0, 1.0],
                [0.777847, 0.028167, 0.627821, -0.125006, -0.224842, -0.920398, 0.319864, -0.002831, 0.586855, -0.389966, -0.709596, -1.2e-05, 0.0, 0.0, 0.0, 1.0],
                [0.874728, -0.032083, 0.483549, -0.125006, -0.25137, -0.883117, 0.396127, -0.002831, 0.414322, -0.468053, -0.780553, -1.2e-05, 0.0, 0.0, 0.0, 1.0],
                [0.94541, -0.072079, 0.31781, -0.125006, -0.232235, -0.833175, 0.501882, -0.002831, 0.228617, -0.548291, -0.804432, -1.2e-05, 0.0, 0.0, 0.0, 1.0],
                [0.978894, -0.125511, 0.161282, -0.125006, -0.198404, -0.772863, 0.602758, -0.002831, 0.048996, -0.622036, -0.781454, -1.2e-05, 0.0, 0.0, 0.0, 1.0],
                [0.979985, -0.19613, 0.034094, -0.125006, -0.165071, -0.704875, 0.689856, -0.002831, -0.11127, -0.681676, -0.723143, -1.2e-05, 0.0, 0.0, 0.0, 1.0],
                [0.960299, -0.276244, -0.038923, -0.125006, -0.152699, -0.637255, 0.755374, -0.002831, -0.233471, -0.719441, -0.654138, -1.2e-05, 0.0, 0.0, 0.0, 1.0],
                [0.9388, -0.343617, -0.024088, -0.125006, -0.193907, -0.58498, 0.787526, -0.002831, -0.284699, -0.734659, -0.61581, -1.2e-05, 0.0, 0.0, 0.0, 1.0],
                [0.922879, -0.359489, 0.138062, -0.125006, -0.337636, -0.582949, 0.739035, -0.002831, -0.185192, -0.728654, -0.659368, -1.2e-05, 0.0, 0.0, 0.0, 1.0],
                [0.878312, -0.302523, 0.370198, -0.125006, -0.474486, -0.646441, 0.597475, -0.002831, 0.058562, -0.700423, -0.711321, -1.2e-05, 0.0, 0.0, 0.0, 1.0],
                [0.820833, -0.153579, 0.550133, -0.125006, -0.474539, -0.719414, 0.507204, -0.002831, 0.317878, -0.677389, -0.663398, -1.2e-05, 0.0, 0.0, 0.0, 1.0],
                [0.732912, 0.086272, 0.67483, -0.125006, -0.38119, -0.769522, 0.512376, -0.002831, 0.5635, -0.632765, -0.531107, -1.2e-05, 0.0, 0.0, 0.0, 1.0],
                [0.626287, 0.327746, 0.707352, -0.125006, -0.283195, -0.749708, 0.598112, -0.002831, 0.726336, -0.574908, -0.376716, -1.2e-05, 0.0, 0.0, 0.0, 1.0],
                [0.575728, 0.472029, 0.667626, -0.125006, -0.247112, -0.677892, 0.692385, -0.002831, 0.779405, -0.563604, -0.273637, -1.2e-05, 0.0, 0.0, 0.0, 1.0],
                [0.611349, 0.493594, 0.61856, -0.125006, -0.255209, -0.616907, 0.744509, -0.002831, 0.749079, -0.613017, -0.251176, -1.2e-05, 0.0, 0.0, 0.0, 1.0],
                [0.714223, 0.406582, 0.569715, -0.125006, -0.264049, -0.597308, 0.757298, -0.002831, 0.6482, -0.691312, -0.319254, -1.2e-05, 0.0, 0.0, 0.0, 1.0],
                [0.850483, 0.229315, 0.473384, -0.125006, -0.241471, -0.629319, 0.738681, -0.002831, 0.4673, -0.742544, -0.479852, -1.2e-05, 0.0, 0.0, 0.0, 1.0],
                [0.857757, 0.161501, 0.488026, -0.125006, -0.223486, -0.737794, 0.636957, -0.002831, 0.462932, -0.655421, -0.596755, -1.2e-05, 0.0, 0.0, 0.0, 1.0],
                [0.871645, 0.12761, 0.473234, -0.125006, -0.165452, -0.832233, 0.529163, -0.002831, 0.461367, -0.539539, -0.704299, -1.2e-05, 0.0, 0.0, 0.0, 1.0],
                [0.912975, 0.093371, 0.397189, -0.125006, -0.098014, -0.89477, 0.435636, -0.002831, 0.396069, -0.436655, -0.807751, -1.2e-05, 0.0, 0.0, 0.0, 1.0],
                [0.949117, 0.070396, 0.306954, -0.125006, -0.046994, -0.932123, 0.35908, -0.002831, 0.311397, -0.355234, -0.881386, -1.2e-05, 0.0, 0.0, 0.0, 1.0],
                [0.969971, 0.05759, 0.2363, -0.125006, -0.018232, -0.951611, 0.306761, -0.002831, 0.242532, -0.301858, -0.921986, -1.2e-05, 0.0, 0.0, 0.0, 1.0],
                [0.976628, 0.052719, 0.208369, -0.125006, -0.009625, -0.957752, 0.287433, -0.002831, 0.214719, -0.282721, -0.93486, -1.2e-05, 0.0, 0.0, 0.0, 1.0]
            ]
        },
        {
            "name": "Leg_L",
            "time": [0.0, 0.0167, 0.0333, 0.05, 0.0667, 0.0833, 0.1, 0.1167, 0.1333, 0.15, 0.1667, 0.1833, 0.2, 0.2167, 0.2333, 0.25, 0.2667, 0.2833, 0.3, 0.3167, 0.3333, 0.35, 0.3667, 0.3833, 0.4, 0.4167, 0.4333, 0.45, 0.4667, 0.4833, 0.5, 0.5167, 0.5333, 0.55, 0.5667, 0.5833, 0.6, 0.6167, 0.6333, 0.65, 0.6667, 0.6833],
            "transform": [
                [1.0, -0.0, 1e-06, 0.0, -0.0, 0.92645, 0.376419, 0.374726, -1e-06, -0.376419, 0.926449, -0.0, 0.0, 0.0, 0.0, 1.0],
                [1.0, -0.0, 1e-06, 0.0, -0.0, 0.915528, 0.402255, 0.374726, -1e-06, -0.402255, 0.915527, -0.0, 0.0, 0.0, 0.0, 1.0],
                [1.0, -0.0, 1e-06, -0.0, -0.0, 0.887587, 0.46064, 0.374726, -1e-06, -0.460639, 0.887587, 0.0, 0.0, 0.0, 0.0, 1.0],
                [1.0, -0.0, 1e-06, 0.0, -0.0, 0.851999, 0.523543, 0.374726, -1e-06, -0.523543, 0.851999, 0.0, 0.0, 0.0, 0.0, 1.0],
                [1.0, -0.0, 1e-06, -0.0, -0.0, 0.818493, 0.574516, 0.374726, -1e-06, -0.574516, 0.818493, -0.0, 0.0, 0.0, 0.0, 1.0],
                [1.0, -0.0, 1e-06, 0.0, -0.0, 0.794644, 0.607076, 0.374726, -1e-06, -0.607076, 0.794643, -0.0, 0.0, 0.0, 0.0, 1.0],
                [1.0, -0.0, 1e-06, 0.0, -0.0, 0.784106, 0.620628, 0.374726, -1e-06, -0.620627, 0.784105, 0.0, 0.0, 0.0, 0.0, 1.0],
                [1.0, -1e-06, 1e-06, 0.0, -0.0, 0.785632, 0.618694, 0.374726, -1e-06, -0.618694, 0.785632, -0.0, 0.0, 0.0, 0.0, 1.0],
                [1.0, -0.0, 1e-06, 0.0, -0.0, 0.793016, 0.609201, 0.374726, -1e-06, -0.609201, 0.793016, 0.0, 0.0, 0.0, 0.0, 1.0],
                [1.0, -0.0, 1e-06, -0.0, -0.0, 0.796177, 0.605063, 0.374726, -1e-06, -0.605063, 0.796177, -0.0, 0.0, 0.0, 0.0, 1.0],
                [1.0, -0.0, 1e-06, -0.0, -0.0, 0.783847, 0.620954, 0.374726, -1e-06, -0.620953, 0.783847, -0.0, 0.0, 0.0, 0.0, 1.0],
                [1.0, -0.0, 1e-06, 0.0, -0.0, 0.748485, 0.663152, 0.374726, -1e-06, -0.663152, 0.748485, -0.0, 0.0, 0.0, 0.0, 1.0],
                [1.0, -1e-06, 1e-06, -0.0, -0.0, 0.707983, 0.70623, 0.374726, -1e-06, -0.70623, 0.707982, -0.0, 0.0, 0.0, 0.0, 1.0],
                [1.0, -1e-06, 1e-06, 0.0, -0.0, 0.679163, 0.733987, 0.374726, -1e-06, -0.733987, 0.679163, 0.0, 0.0, 0.0, 0.0, 1.0],
                [1.0, -0.0, 1e-06, -0.0, -0.0, 0.661293, 0.750128, 0.374726, -1e-06, -0.750128, 0.661293, -0.0, 0.0, 0.0, 0.0, 1.0],
                [1.0, -1e-06, 1e-06, -0.0, -0.0, 0.652787, 0.757542, 0.374726, -1e-06, -0.757542, 0.652787, -0.0, 0.0, 0.0, 0.0, 1.0],
                [1.0, -1e-06, 1e-06, 0.0, -0.0, 0.649404, 0.760443, 0.374726, -1e-06, -0.760443, 0.649404, 0.0, 0.0, 0.0, 0.0, 1.0],
                [1.000001, -0.0, 1e-06, 0.0, -0.0, 0.628299, 0.777972, 0.374726, -1e-06, -0.777972, 0.628299, 0.0, 0.0, 0.0, 0.0, 1.0],
                [1.0, -1e-06, 1e-06, -0.0, -0.0, 0.591869, 0.806034, 0.374726, -1e-06, -0.806034, 0.591869, -0.0, 0.0, 0.0, 0.0, 1.0],
                [1.0, -1e-06, 1e-06, -0.0, -0.0, 0.564578, 0.825379, 0.374726, -1e-06, -0.825379, 0.564579, 0.0, 0.0, 0.0, 0.0, 1.0],
                [1.0, -1e-06, 1e-06, 0.0, -0.0, 0.542881, 0.83981, 0.374726, -1e-06, -0.839809, 0.542881, -0.0, 0.0, 0.0, 0.0, 1.0],
                [1.0, -1e-06, 1e-06, -0.0, -0.0, 0.500561, 0.865701, 0.374726, -1e-06, -0.865701, 0.500561, 0.0, 0.0, 0.0, 0.0, 1.0],
                [1.0, -1e-06, 1e-06, -0.0, -0.0, 0.438223, 0.898866, 0.374726, -1e-06, -0.898866, 0.438223, 0.0, 0.0, 0.0, 0.0, 1.0],
                [1.0, -1e-06, 1e-06, 0.0, -0.0, 0.383429, 0.92357, 0.374726, -1e-06, -0.92357, 0.383429, 0.0, 0.0, 0.0, 0.0, 1.0],
                [1.0, -1e-06, 0.0, 0.0, -0.0, 0.352193, 0.935927, 0.374726, -1e-06, -0.935927, 0.352192, -0.0, 0.0, 0.0, 0.0, 1.0],
                [1.0, -1e-06, 0.0, 0.0, -0.0, 0.354157, 0.935186, 0.374726, -1e-06, -0.935186, 0.354156, -0.0, 0.0, 0.0, 0.0, 1.0],
                [1.000001, -1e-06, 1e-06, 0.0, -0.0, 0.392388, 0.9198, 0.374726, -1e-06, -0.9198, 0.392388, 0.0, 0.0, 0.0, 0.0, 1.0],
                [1.0, -1e-06, 1e-06, -0.0, -0.0, 0.466844, 0.884339, 0.374726, -1e-06, -0.884339, 0.466845, -0.0, 0.0, 0.0, 0.0, 1.0],
                [1.0, -1e-06, 1e-06, -0.0, -0.0, 0.490433, 0.871479, 0.374726, -1e-06, -0.871479, 0.490433, 0.0, 0.0, 0.0, 0.0, 1.0],
                [1.0, -1e-06, 1e-06, -0.0, -0.0, 0.393575, 0.919293, 0.374726, -1e-06, -0.919292, 0.393574, -0.0, 0.0, 0.0, 0.0, 1.0],
                [1.0, -1e-06, 0.0, -0.0, -0.0, 0.254396, 0.9671, 0.374726, -1e-06, -0.9671, 0.254396, -0.0, 0.0, 0.0, 0.0, 1.0],
                [1.0, -1e-06, 0.0, 0.0, -0.0, 0.157226, 0.987563, 0.374726, -1e-06, -0.987562, 0.157227, 0.0, 0.0, 0.0, 0.0, 1.0],
                [1.0, -1e-06, 0.0, -0.0, -0.0, 0.141755, 0.989902, 0.374726, -1e-06, -0.989902, 0.141755, 0.0, 0.0, 0.0, 0.0, 1.0],
                [1.0, -1e-06, 0.0, -0.0, -0.0, 0.184424, 0.982847, 0.374726, -1e-06, -0.982847, 0.184424, -0.0, 0.0, 0.0, 0.0, 1.0],
                [1.0, -1e-06, 0.0, -0.0, -0.0, 0.21561, 0.97648, 0.374726, -1e-06, -0.976479, 0.215609, 0.0, 0.0, 0.0, 0.0, 1.0],
                [1.0, -1e-06, 0.0, -0.0, -0.0, 0.17567, 0.984449, 0.374726, -1e-06, -0.984449, 0.17567, -0.0, 0.0, 0.0, 0.0, 1.0],
                [1.0, -1e-06, 0.0, -0.0, -0.0, 0.132889, 0.991131, 0.374726, -1e-06, -0.99113, 0.132889, 0.0, 0.0, 0.0, 0.0, 1.0],
                [1.0, -1e-06, 0.0, 0.0, -0.0, 0.134416, 0.990925, 0.374726, -1e-06, -0.990925, 0.134416, -0.0, 0.0, 0.0, 0.0, 1.0],
                [1.0, -1e-06, 0.0, -0.0, -0.0, 0.164265, 0.986416, 0.374726, -1e-06, -0.986416, 0.164265, 0.0, 0.0, 0.0, 0.0, 1.0],
                [1.0, -1e-06, 0.0, 0.0, -0.0, 0.205432, 0.978671, 0.374726, -1e-06, -0.978671, 0.205432, -0.0, 0.0, 0.0, 0.0, 1.0],
                [1.0, -1e-06, 0.0, 0.0, -0.0, 0.240245, 0.970712, 0.374726, -1e-06, -0.970712, 0.240245, 0.0, 0.0, 0.0, 0.0, 1.0],
                [1.0, -1e-06, 0.0, 0.0, -0.0, 0.254259, 0.967136, 0.374726, -1e-06, -0.967136, 0.254259, 0.0, 0.0, 0.0, 0.0, 1.0]
            ]
        },
        {
            "name": "Knee_L",
            "time": [0.0, 0.6833],
            "transform": [
                [1.0, 0.0, -0.0, 0.0, -0.0, 0.00567, -0.999984, 0.374726, -0.0, 0.999984, 0.00567, -0.0, 0.0, 0.0, 0.0, 1.0],
                [1.0, 0.0, -0.0, -0.0, -0.0, 0.00567, -0.999984, 0.45653, -0.0, 0.999984, 0.00567, -0.000464, 0.0, 0.0, 0.0, 1.0]
            ]
        },
        {
            "name": "Torso",
            "time": [0.0, 0.0167, 0.0333, 0.05, 0.0667, 0.0833, 0.1, 0.1167, 0.1333, 0.15, 0.1667, 0.1833, 0.2, 0.2167, 0.2333, 0.25, 0.2667, 0.2833, 0.3, 0.3167, 0.3333, 0.35, 0.3667, 0.3833, 0.4, 0.4167, 0.4333, 0.45, 0.4667, 0.4833, 0.5, 0.5167, 0.5333, 0.55, 0.5667, 0.5833, 0.6, 0.6167, 0.6333, 0.65, 0.6667, 0.6833],
            "transform": [
                [1.0, 0.0, 0.0, 0.0, 0.0, 1.0, 0.0, 0.05, -0.0, 0.0, 1.0, 0.0, 0.0, 0.0, 0.0, 1.0],
                [1.0, 0.0, 0.0, -0.0, 0.0, 1.0, 0.0, 0.05, 0.0, 0.0, 1.0, 0.0, 0.0, 0.0, 0.0, 1.0],
                [1.0, 0.0, -0.0, -0.0, 0.0, 1.0, 0.0, 0.05, 0.0, 0.0, 1.0, 0.0, 0.0, 0.0, 0.0, 1.0],
                [1.0, 0.0, 0.0, -0.0, 0.0, 1.0, 0.0, 0.05, 0.0, 0.0, 1.0, -0.0, 0.0, 0.0, 0.0, 1.0],
                [1.0, 0.0, -0.0, 0.0, 0.0, 1.0, 0.0, 0.05, 0.0, 0.0, 1.0, -0.0, 0.0, 0.0, 0.0, 1.0],
                [1.0, 0.0, 0.0, 0.0, 0.0, 1.0, 0.0, 0.05, 0.0, 0.0, 1.0, 0.0, 0.0, 0.0, 0.0, 1.0],
                [1.0, 0.0, 0.0, 0.0, 0.0, 1.0, 0.0, 0.05, 0.0, 0.0, 1.0, 0.0, 0.0, 0.0, 0.0, 1.0],
                [1.0, 0.0, -0.0, 0.0, 0.0, 1.0, 0.0, 0.05, 0.0, 0.0, 1.0, -0.0, 0.0, 0.0, 0.0, 1.0],
                [1.0, 0.0, 0.0, 0.0, 0.0, 1.0, 0.0, 0.05, 0.0, 0.0, 1.0, 0.0, 0.0, 0.0, 0.0, 1.0],
                [1.0, 0.0, 0.0, -0.0, 0.0, 1.0, 0.0, 0.05, 0.0, 0.0, 1.0, -0.0, 0.0, 0.0, 0.0, 1.0],
                [1.0, 0.0, 0.0, 0.0, 0.0, 1.0, 0.0, 0.05, 0.0, 0.0, 1.0, 0.0, 0.0, 0.0, 0.0, 1.0],
                [1.0, 0.0, 0.0, -0.0, 0.0, 1.0, 0.0, 0.05, 0.0, 0.0, 1.0, -0.0, 0.0, 0.0, 0.0, 1.0],
                [1.0, 0.0, 0.0, -0.0, 0.0, 1.0, 0.0, 0.05, 0.0, 0.0, 1.0, 0.0, 0.0, 0.0, 0.0, 1.0],
                [1.0, 0.0, 0.0, 0.0, 0.0, 1.0, 0.0, 0.05, 0.0, 0.0, 1.0, 0.0, 0.0, 0.0, 0.0, 1.0],
                [1.0, 0.0, -0.0, -0.0, 0.0, 1.0, 0.0, 0.05, 0.0, 0.0, 1.0, 0.0, 0.0, 0.0, 0.0, 1.0],
                [1.0, 0.0, 0.0, -0.0, 0.0, 1.0, 0.0, 0.05, 0.0, 0.0, 1.0, -0.0, 0.0, 0.0, 0.0, 1.0],
                [1.0, 0.0, 0.0, -0.0, 0.0, 1.0, 0.0, 0.05, 0.0, 0.0, 1.0, 0.0, 0.0, 0.0, 0.0, 1.0],
                [1.0, 0.0, -0.0, -0.0, 0.0, 1.0, 0.0, 0.05, 0.0, 0.0, 1.0, 0.0, 0.0, 0.0, 0.0, 1.0],
                [1.0, 0.0, 0.0, 0.0, 0.0, 1.0, 0.0, 0.05, 0.0, 0.0, 1.0, -0.0, 0.0, 0.0, 0.0, 1.0],
                [1.0, 0.0, 0.0, 0.0, 0.0, 1.0, 0.0, 0.05, -0.0, 0.0, 1.0, -0.0, 0.0, 0.0, 0.0, 1.0],
                [1.0, 0.0, -0.0, -0.0, 0.0, 1.0, 0.0, 0.05, 0.0, 0.0, 1.0, 0.0, 0.0, 0.0, 0.0, 1.0],
                [1.0, 0.0, 0.0, 0.0, 0.0, 1.0, 0.0, 0.05, 0.0, 0.0, 1.0, -0.0, 0.0, 0.0, 0.0, 1.0],
                [1.0, 0.0, 0.0, 0.0, 0.0, 1.0, 0.0, 0.05, 0.0, 0.0, 1.0, -0.0, 0.0, 0.0, 0.0, 1.0],
                [1.0, 0.0, 0.0, 0.0, 0.0, 1.0, 0.0, 0.05, 0.0, 0.0, 1.0, 0.0, 0.0, 0.0, 0.0, 1.0],
                [1.0, 0.0, 0.0, 0.0, 0.0, 1.0, 0.0, 0.05, 0.0, 0.0, 1.0, 0.0, 0.0, 0.0, 0.0, 1.0],
                [1.0, 0.0, -0.0, 0.0, 0.0, 1.0, 0.0, 0.05, 0.0, 0.0, 1.0, 0.0, 0.0, 0.0, 0.0, 1.0],
                [1.0, 0.0, 0.0, -0.0, 0.0, 1.0, 0.0, 0.05, -0.0, 0.0, 1.0, 0.0, 0.0, 0.0, 0.0, 1.0],
                [1.0, 0.0, 0.0, 0.0, 0.0, 1.0, 0.0, 0.05, 0.0, 0.0, 1.0, -0.0, 0.0, 0.0, 0.0, 1.0],
                [1.0, 0.0, 0.0, 0.0, 0.0, 1.0, 0.0, 0.05, 0.0, 0.0, 1.0, -0.0, 0.0, 0.0, 0.0, 1.0],
                [1.0, 0.0, 0.0, 0.0, 0.0, 1.0, 0.0, 0.05, 0.0, 0.0, 1.0, 0.0, 0.0, 0.0, 0.0, 1.0],
                [1.0, 0.0, 0.0, -0.0, 0.0, 1.0, 0.0, 0.05, 0.0, 0.0, 1.0, 0.0, 0.0, 0.0, 0.0, 1.0],
                [1.0, 0.0, 0.0, -0.0, 0.0, 1.0, 0.0, 0.05, 0.0, 0.0, 1.0, 0.0, 0.0, 0.0, 0.0, 1.0],
                [1.0, 0.0, 0.0, 0.0, 0.0, 1.0, 0.0, 0.05, 0.0, 0.0, 1.0, -0.0, 0.0, 0.0, 0.0, 1.0],
                [1.0, 0.0, 0.0, 0.0, 0.0, 1.0, 0.0, 0.05, 0.0, 0.0, 1.0, -0.0, 0.0, 0.0, 0.0, 1.0],
                [1.0, 0.0, 0.0, -0.0, 0.0, 1.0, 0.0, 0.05, 0.0, 0.0, 1.0, 0.0, 0.0, 0.0, 0.0, 1.0],
                [1.0, 0.0, -0.0, 0.0, 0.0, 1.0, 0.0, 0.05, 0.0, 0.0, 1.0, 0.0, 0.0, 0.0, 0.0, 1.0],
                [1.0, 0.0, 0.0, 0.0, 0.0, 1.0, 0.0, 0.05, 0.0, 0.0, 1.0, 0.0, 0.0, 0.0, 0.0, 1.0],
                [1.0, 0.0, 0.0, 0.0, 0.0, 1.0, 0.0, 0.05, -0.0, 0.0, 1.0, -0.0, 0.0, 0.0, 0.0, 1.0],
                [1.0, 0.0, 0.0, 0.0, 0.0, 1.0, 0.0, 0.05, 0.0, 0.0, 1.0, 0.0, 0.0, 0.0, 0.0, 1.0],
                [1.0, 0.0, 0.0, -0.0, 0.0, 1.0, 0.0, 0.05, 0.0, 0.0, 1.0, 0.0, 0.0, 0.0, 0.0, 1.0],
                [1.0, 0.0, 0.0, 0.0, 0.0, 1.0, 0.0, 0.05, 0.0, 0.0, 1.0, -0.0, 0.0, 0.0, 0.0, 1.0],
                [1.0, 0.0, 0.0, 0.0, 0.0, 1.0, 0.0, 0.05, 0.0, 0.0, 1.0, 0.0, 0.0, 0.0, 0.0, 1.0]
            ]
        },
        {
            "name": "Chest",
            "time": [0.0, 0.0167, 0.0333, 0.05, 0.0667, 0.0833, 0.1, 0.1167, 0.1333, 0.15, 0.1667, 0.1833, 0.2, 0.2167, 0.2333, 0.25, 0.2667, 0.2833, 0.3, 0.3167, 0.3333, 0.35, 0.3667, 0.3833, 0.4, 0.4167, 0.4333, 0.45, 0.4667, 0.4833, 0.5, 0.5167, 0.5333, 0.55, 0.5667, 0.5833, 0.6, 0.6167, 0.6333, 0.65, 0.6667, 0.6833],
            "transform": [
                [0.803406, -0.429382, 0.412518, 0.0, 0.090576, 0.772872, 0.628064, 0.3, -0.588503, -0.467226, 0.659821, 0.0, 0.0, 0.0, 0.0, 1.0],
                [0.81303, -0.41805, 0.405236, -0.0, 0.089393, 0.777396, 0.622627, 0.3, -0.575318, -0.469989, 0.669417, 0.0, 0.0, 0.0, 0.0, 1.0],
                [0.838452, -0.386471, 0.384238, -0.0, 0.085535, 0.789638, 0.607582, 0.3, -0.538222, -0.476562, 0.69513, -0.0, 0.0, 0.0, 0.0, 1.0],
                [0.873565, -0.338078, 0.350124, -0.0, 0.078076, 0.807398, 0.584819, 0.3, -0.480403, -0.483541, 0.731711, 0.0, 0.0, 0.0, 0.0, 1.0],
                [0.911717, -0.27671, 0.303652, 0.0, 0.066054, 0.828258, 0.55644, 0.3, -0.405475, -0.487258, 0.773414, -0.0, 0.0, 0.0, 0.0, 1.0],
                [0.946681, -0.207116, 0.246774, 0.0, 0.049085, 0.849753, 0.524891, 0.3, -0.31841, -0.484792, 0.814612, 0.0, 0.0, 0.0, 0.0, 1.0],
                [0.97379, -0.134895, 0.183128, 0.0, 0.027788, 0.869669, 0.492852, 0.3, -0.225744, -0.474846, 0.850624, 0.0, 0.0, 0.0, 0.0, 1.0],
                [0.990834, -0.065932, 0.117901, 0.0, 0.003897, 0.886384, 0.462933, 0.3, -0.135028, -0.458231, 0.878517, -0.0, 0.0, 0.0, 0.0, 1.0],
                [0.998349, -0.005642, 0.057158, 0.0, -0.019958, 0.899074, 0.437341, 0.3, -0.053856, -0.43776, 0.897477, 0.0, 0.0, 0.0, 0.0, 1.0],
                [0.999112, 0.041544, 0.007041, -0.0, -0.040685, 0.907672, 0.417703, 0.3, 0.010962, -0.417618, 0.908556, -0.0, 0.0, 0.0, 0.0, 1.0],
                [0.997034, 0.072155, -0.026767, 0.0, -0.055166, 0.91258, 0.40516, 0.3, 0.053661, -0.402481, 0.913854, 0.0, 0.0, 0.0, 0.0, 1.0],
