{
    "animation": [
        {
            "name": "Root",
            "time": [0.0, 0.0167, 0.0333, 0.05, 0.0667, 0.0833, 0.1, 0.1167, 0.1333, 0.15, 0.1667, 0.1833, 0.2, 0.2167, 0.2333, 0.25, 0.2667, 0.2833, 0.3, 0.3167, 0.3333, 0.35, 0.3667, 0.3833, 0.4, 0.4167, 0.4333, 0.45, 0.4667, 0.4833, 0.5, 0.5167, 0.5333, 0.55, 0.5667, 0.5833, 0.6, 0.6167, 0.6333, 0.65, 0.6667, 0.6833, 0.7, 0.7167, 0.7333, 0.75, 0.7667, 0.7833, 0.8, 0.8167, 0.8333, 0.85, 0.8667, 0.8833, 0.9, 0.9167, 0.9333, 0.95, 0.9667, 0.9833, 1.0, 1.0167, 1.0333, 1.05, 1.0667, 1.0833, 1.1, 1.1167, 1.1333, 1.15, 1.1667, 1.1833, 1.2, 1.2167, 1.2333, 1.25, 1.2667, 1.2833, 1.3, 1.3167, 1.3333, 1.35, 1.3667, 1.3833, 1.4, 1.4167, 1.4333, 1.45, 1.4667, 1.4833, 1.5, 1.5167, 1.5333, 1.55, 1.5667, 1.5833, 1.6, 1.6167, 1.6333, 1.65, 1.6667, 1.6833, 1.7, 1.7167, 1.7333, 1.75, 1.7667, 1.7833, 1.8, 1.8167, 1.8333, 1.85],
            "transform": [
                [0.575191, 0.0, 0.818019, -5e-06, 0.818019, 0.0, -0.575191, 0.000946, 0.0, 1.0, 0.0, 0.627436, 0.0, 0.0, 0.0, 1.0],
                [0.581806, 0.0, 0.813328, -5e-06, 0.813328, 0.0, -0.581806, 0.000946, 0.0, 1.0, 0.0, 0.627436, 0.0, 0.0, 0.0, 1.0],
                [0.606809, 0.0, 0.794847, -5e-06, 0.794847, 0.0, -0.606809, 0.000946, 0.0, 1.0, 0.0, 0.627436, 0.0, 0.0, 0.0, 1.0],
                [0.65647, 0.0, 0.754352, -5e-06, 0.754352, 0.0, -0.65647, 0.000946, 0.0, 1.0, 0.0, 0.627436, 0.0, 0.0, 0.0, 1.0],
                [0.734113, 0.0, 0.679027, -5e-06, 0.679027, 0.0, -0.734113, 0.000946, 0.0, 1.0, 0.0, 0.627436, 0.0, 0.0, 0.0, 1.0],
                [0.836581, 0.0, 0.547843, -5e-06, 0.547843, 0.0, -0.836581, 0.000946, 0.0, 1.0, 0.0, 0.627436, 0.0, 0.0, 0.0, 1.0],
                [0.944148, 0.0, 0.32952, -5e-06, 0.32952, 0.0, -0.944148, 0.000946, 0.0, 1.0, 0.0, 0.627436, 0.0, 0.0, 0.0, 1.0],
                [0.999975, 0.0, -0.007013, -5e-06, -0.007013, 0.0, -0.999975, 0.000946, 0.0, 1.0, 0.0, 0.627436, 0.0, 0.0, 0.0, 1.0],
                [0.89326, 0.0, -0.44954, -0.02193, -0.44954, 0.0, -0.89326, -0.012889, 0.0, 1.0, 0.0, 0.627436, 0.0, 0.0, 0.0, 1.0],
                [0.535969, 0.0, -0.844238, -0.073909, -0.844238, 0.0, -0.535969, -0.038583, 0.0, 1.0, 0.0, 0.627436, 0.0, 0.0, 0.0, 1.0],
                [0.060925, 0.0, -0.998143, -0.135245, -0.998143, 0.0, -0.060925, -0.052418, 0.0, 1.0, 0.0, 0.627436, 0.0, 0.0, 0.0, 1.0],
                [-0.313573, 0.0, -0.949564, -0.188405, -0.949564, 0.0, 0.313573, -0.038646, 0.0, 1.0, 0.0, 0.627276, 0.0, 0.0, 0.0, 1.0],
                [-0.576296, 0.0, -0.817241, -0.228507, -0.817241, 0.0, 0.576296, 0.005522, 0.0, 1.0, 0.0, 0.626156, 0.0, 0.0, 0.0, 1.0],
                [-0.775293, 0.0, -0.631602, -0.253829, -0.631602, 0.0, 0.775293, 0.084358, 0.0, 1.0, 0.0, 0.623118, 0.0, 0.0, 0.0, 1.0],
                [-0.929162, 0.0, -0.369674, -0.262652, -0.369674, 0.0, 0.929162, 0.202135, 0.0, 1.0, 0.0, 0.6172, 0.0, 0.0, 0.0, 1.0],
                [-0.999977, 0.0, -0.00689, -0.195243, -0.00689, 0.0, 0.999977, 0.35798, 0.0, 1.0, 0.0, 0.603154, 0.0, 0.0, 0.0, 1.0],
                [-0.921964, 0.0, 0.387277, -0.069915, 0.387277, 0.0, 0.921964, 0.530439, 0.0, 1.0, 0.0, 0.580958, 0.0, 0.0, 0.0, 1.0],
                [-0.707968, 0.0, 0.706244, -0.002017, 0.706244, 0.0, 0.707968, 0.692911, 0.0, 1.0, 0.0, 0.557491, 0.0, 0.0, 0.0, 1.0],
                [-0.505521, 0.0, 0.862815, -0.001773, 0.862815, 0.0, 0.505521, 0.764549, 0.0, 1.0, 0.0, 0.54856, 0.0, 0.0, 0.0, 1.0],
                [-0.250107, 0.0, 0.968219, -0.001528, 0.968219, 0.0, 0.250107, 0.836187, 0.0, 1.0, 0.0, 0.53963, 0.0, 0.0, 0.0, 1.0],
                [0.035957, 0.0, 0.999353, -0.001284, 0.999353, 0.0, -0.035957, 0.907826, 0.0, 1.0, 0.0, 0.5307, 0.0, 0.0, 0.0, 1.0],
                [0.319042, 0.0, 0.947741, -0.00104, 0.947741, 0.0, -0.319042, 0.979464, 0.0, 1.0, 0.0, 0.52177, 0.0, 0.0, 0.0, 1.0],
                [0.566221, 0.0, 0.824253, -0.000795, 0.824253, 0.0, -0.566221, 1.051103, 0.0, 1.0, 0.0, 0.512839, 0.0, 0.0, 0.0, 1.0],
                [0.756893, 0.0, 0.653539, -0.000551, 0.653539, 0.0, -0.756893, 1.122741, 0.0, 1.0, 0.0, 0.503909, 0.0, 0.0, 0.0, 1.0],
                [0.824629, 0.0, 0.565675, -0.008752, 0.565675, 0.0, -0.824629, 1.134728, 0.0, 1.0, 0.0, 0.504357, 0.0, 0.0, 0.0, 1.0],
                [0.883627, 0.0, 0.468192, -0.016953, 0.468192, 0.0, -0.883627, 1.146714, 0.0, 1.0, 0.0, 0.504805, 0.0, 0.0, 0.0, 1.0],
                [0.932012, 0.0, 0.362428, -0.025154, 0.362428, 0.0, -0.932012, 1.1587, 0.0, 1.0, 0.0, 0.505253, 0.0, 0.0, 0.0, 1.0],
                [0.968199, 0.0, 0.250181, -0.033355, 0.250181, 0.0, -0.968199, 1.170687, 0.0, 1.0, 0.0, 0.505701, 0.0, 0.0, 0.0, 1.0],
                [0.991032, 0.0, 0.133628, -0.041555, 0.133628, 0.0, -0.991032, 1.182673, 0.0, 1.0, 0.0, 0.506149, 0.0, 0.0, 0.0, 1.0],
                [0.999885, 0.0, 0.015191, -0.049756, 0.015191, 0.0, -0.999885, 1.19466, 0.0, 1.0, 0.0, 0.506597, 0.0, 0.0, 0.0, 1.0],
                [0.994719, 0.0, -0.102632, -0.057957, -0.102632, 0.0, -0.994719, 1.206646, 0.0, 1.0, 0.0, 0.507045, 0.0, 0.0, 0.0, 1.0],
                [0.976075, 0.0, -0.217434, -0.066158, -0.217434, 0.0, -0.976075, 1.218633, 0.0, 1.0, 0.0, 0.507493, 0.0, 0.0, 0.0, 1.0],
                [0.945003, 0.0, -0.327062, -0.074359, -0.327062, 0.0, -0.945003, 1.230619, 0.0, 1.0, 0.0, 0.507941, 0.0, 0.0, 0.0, 1.0],
                [0.902958, 0.0, -0.429728, -0.08256, -0.429728, 0.0, -0.902958, 1.242606, 0.0, 1.0, 0.0, 0.508389, 0.0, 0.0, 0.0, 1.0],
                [0.902958, 0.0, -0.429728, -0.08256, -0.429728, 0.0, -0.902958, 1.242606, 0.0, 1.0, 0.0, 0.508389, 0.0, 0.0, 0.0, 1.0],
                [0.902958, 0.0, -0.429728, -0.08256, -0.429728, 0.0, -0.902958, 1.242606, 0.0, 1.0, 0.0, 0.508389, 0.0, 0.0, 0.0, 1.0],
                [0.902958, 0.0, -0.429728, -0.08256, -0.429728, 0.0, -0.902958, 1.242606, 0.0, 1.0, 0.0, 0.508389, 0.0, 0.0, 0.0, 1.0],
                [0.902958, 0.0, -0.429728, -0.08256, -0.429728, 0.0, -0.902958, 1.242606, 0.0, 1.0, 0.0, 0.508389, 0.0, 0.0, 0.0, 1.0],
                [0.902958, 0.0, -0.429728, -0.08256, -0.429728, 0.0, -0.902958, 1.242606, 0.0, 1.0, 0.0, 0.508389, 0.0, 0.0, 0.0, 1.0],
                [0.902958, 0.0, -0.429728, -0.08256, -0.429728, 0.0, -0.902958, 1.242606, 0.0, 1.0, 0.0, 0.508389, 0.0, 0.0, 0.0, 1.0],
                [0.902958, 0.0, -0.429728, -0.08256, -0.429728, 0.0, -0.902958, 1.242606, 0.0, 1.0, 0.0, 0.508389, 0.0, 0.0, 0.0, 1.0],
                [0.902958, 0.0, -0.429728, -0.08256, -0.429728, 0.0, -0.902958, 1.242606, 0.0, 1.0, 0.0, 0.508389, 0.0, 0.0, 0.0, 1.0],
                [0.902958, 0.0, -0.429728, -0.08256, -0.429728, 0.0, -0.902958, 1.242606, 0.0, 1.0, 0.0, 0.508389, 0.0, 0.0, 0.0, 1.0],
                [0.902958, 0.0, -0.429728, -0.08256, -0.429728, 0.0, -0.902958, 1.242606, 0.0, 1.0, 0.0, 0.508389, 0.0, 0.0, 0.0, 1.0],
                [0.902958, 0.0, -0.429728, -0.08256, -0.429728, 0.0, -0.902958, 1.242606, 0.0, 1.0, 0.0, 0.508389, 0.0, 0.0, 0.0, 1.0],
                [0.902958, 0.0, -0.429728, -0.08256, -0.429728, 0.0, -0.902958, 1.242606, 0.0, 1.0, 0.0, 0.508389, 0.0, 0.0, 0.0, 1.0],
                [0.902958, 0.0, -0.429728, -0.08256, -0.429728, 0.0, -0.902958, 1.242606, 0.0, 1.0, 0.0, 0.508389, 0.0, 0.0, 0.0, 1.0],
                [0.902958, 0.0, -0.429728, -0.08256, -0.429728, 0.0, -0.902958, 1.242606, 0.0, 1.0, 0.0, 0.508389, 0.0, 0.0, 0.0, 1.0],
                [0.902958, 0.0, -0.429728, -0.08256, -0.429728, 0.0, -0.902958, 1.242606, 0.0, 1.0, 0.0, 0.508389, 0.0, 0.0, 0.0, 1.0],
                [0.902958, 0.0, -0.429728, -0.08256, -0.429728, 0.0, -0.902958, 1.242606, 0.0, 1.0, 0.0, 0.508389, 0.0, 0.0, 0.0, 1.0],
                [0.902958, 0.0, -0.429728, -0.08256, -0.429728, 0.0, -0.902958, 1.242606, 0.0, 1.0, 0.0, 0.508389, 0.0, 0.0, 0.0, 1.0],
                [0.902958, 0.0, -0.429728, -0.08256, -0.429728, 0.0, -0.902958, 1.242606, 0.0, 1.0, 0.0, 0.508389, 0.0, 0.0, 0.0, 1.0],
                [0.902958, 0.0, -0.429728, -0.08256, -0.429728, 0.0, -0.902958, 1.242606, 0.0, 1.0, 0.0, 0.508389, 0.0, 0.0, 0.0, 1.0],
                [0.902958, 0.0, -0.429728, -0.08256, -0.429728, 0.0, -0.902958, 1.242606, 0.0, 1.0, 0.0, 0.508389, 0.0, 0.0, 0.0, 1.0],
                [0.902958, 0.0, -0.429728, -0.08256, -0.429728, 0.0, -0.902958, 1.242606, 0.0, 1.0, 0.0, 0.508389, 0.0, 0.0, 0.0, 1.0],
                [0.903221, 0.0, -0.429175, -0.081542, -0.429175, 0.0, -0.903221, 1.241315, 0.0, 1.0, 0.0, 0.509909, 0.0, 0.0, 0.0, 1.0],
                [0.903484, 0.0, -0.428622, -0.080524, -0.428622, 0.0, -0.903484, 1.240025, 0.0, 1.0, 0.0, 0.511428, 0.0, 0.0, 0.0, 1.0],
                [0.903746, 0.0, -0.428069, -0.079506, -0.428069, 0.0, -0.903746, 1.238734, 0.0, 1.0, 0.0, 0.512948, 0.0, 0.0, 0.0, 1.0],
                [0.904008, 0.0, -0.427516, -0.078488, -0.427516, 0.0, -0.904008, 1.237444, 0.0, 1.0, 0.0, 0.514468, 0.0, 0.0, 0.0, 1.0],
                [0.904269, 0.0, -0.426962, -0.07747, -0.426962, 0.0, -0.904269, 1.236154, 0.0, 1.0, 0.0, 0.515988, 0.0, 0.0, 0.0, 1.0],
                [0.904531, 0.0, -0.426409, -0.076452, -0.426409, 0.0, -0.904531, 1.234863, 0.0, 1.0, 0.0, 0.517508, 0.0, 0.0, 0.0, 1.0],
                [0.904792, 0.0, -0.425855, -0.075433, -0.425855, 0.0, -0.904792, 1.233573, 0.0, 1.0, 0.0, 0.519028, 0.0, 0.0, 0.0, 1.0],
                [0.905052, 0.0, -0.425301, -0.074415, -0.425301, 0.0, -0.905052, 1.232283, 0.0, 1.0, 0.0, 0.520547, 0.0, 0.0, 0.0, 1.0],
                [0.905312, 0.0, -0.424747, -0.073397, -0.424747, 0.0, -0.905312, 1.230992, 0.0, 1.0, 0.0, 0.522067, 0.0, 0.0, 0.0, 1.0],
                [0.905572, 0.0, -0.424192, -0.072379, -0.424192, 0.0, -0.905572, 1.229702, 0.0, 1.0, 0.0, 0.523587, 0.0, 0.0, 0.0, 1.0],
                [0.905832, 0.0, -0.423638, -0.071361, -0.423638, 0.0, -0.905832, 1.228411, 0.0, 1.0, 0.0, 0.525107, 0.0, 0.0, 0.0, 1.0],
                [0.906091, 0.0, -0.423083, -0.070343, -0.423083, 0.0, -0.906091, 1.227121, 0.0, 1.0, 0.0, 0.526627, 0.0, 0.0, 0.0, 1.0],
                [0.90635, 0.0, -0.422529, -0.069325, -0.422529, 0.0, -0.90635, 1.225831, 0.0, 1.0, 0.0, 0.528147, 0.0, 0.0, 0.0, 1.0],
                [0.906608, 0.0, -0.421973, -0.068307, -0.421973, 0.0, -0.906608, 1.22454, 0.0, 1.0, 0.0, 0.529666, 0.0, 0.0, 0.0, 1.0],
                [0.90709, 0.0, -0.420937, -0.066406, -0.420937, 0.0, -0.90709, 1.222132, 0.0, 1.0, 0.0, 0.532503, 0.0, 0.0, 0.0, 1.0],
                [0.90757, 0.0, -0.4199, -0.064506, -0.4199, 0.0, -0.90757, 1.219723, 0.0, 1.0, 0.0, 0.53534, 0.0, 0.0, 0.0, 1.0],
                [0.90805, 0.0, -0.418863, -0.062605, -0.418863, 0.0, -0.90805, 1.217314, 0.0, 1.0, 0.0, 0.538177, 0.0, 0.0, 0.0, 1.0],
                [0.908528, 0.0, -0.417825, -0.060705, -0.417825, 0.0, -0.908528, 1.214906, 0.0, 1.0, 0.0, 0.541014, 0.0, 0.0, 0.0, 1.0],
                [0.909005, 0.0, -0.416786, -0.058804, -0.416786, 0.0, -0.909005, 1.212497, 0.0, 1.0, 0.0, 0.543851, 0.0, 0.0, 0.0, 1.0],
                [0.90948, 0.0, -0.415747, -0.056904, -0.415747, 0.0, -0.90948, 1.210088, 0.0, 1.0, 0.0, 0.546688, 0.0, 0.0, 0.0, 1.0],
                [0.909955, 0.0, -0.414707, -0.055003, -0.414707, 0.0, -0.909955, 1.207679, 0.0, 1.0, 0.0, 0.549525, 0.0, 0.0, 0.0, 1.0],
                [0.910428, 0.0, -0.413667, -0.053103, -0.413667, 0.0, -0.910428, 1.205271, 0.0, 1.0, 0.0, 0.552362, 0.0, 0.0, 0.0, 1.0],
                [0.9109, 0.0, -0.412627, -0.051202, -0.412627, 0.0, -0.9109, 1.202862, 0.0, 1.0, 0.0, 0.555199, 0.0, 0.0, 0.0, 1.0],
                [0.911371, 0.0, -0.411585, -0.049302, -0.411585, 0.0, -0.911371, 1.200453, 0.0, 1.0, 0.0, 0.558036, 0.0, 0.0, 0.0, 1.0],
                [0.911841, 0.0, -0.410543, -0.047402, -0.410543, 0.0, -0.911841, 1.198045, 0.0, 1.0, 0.0, 0.560873, 0.0, 0.0, 0.0, 1.0],
                [0.91231, 0.0, -0.409501, -0.045501, -0.409501, 0.0, -0.91231, 1.195636, 0.0, 1.0, 0.0, 0.56371, 0.0, 0.0, 0.0, 1.0],
                [0.912777, 0.0, -0.408458, -0.043601, -0.408458, 0.0, -0.912777, 1.193227, 0.0, 1.0, 0.0, 0.566547, 0.0, 0.0, 0.0, 1.0],
                [0.913243, 0.0, -0.407415, -0.0417, -0.407415, 0.0, -0.913243, 1.190819, 0.0, 1.0, 0.0, 0.569384, 0.0, 0.0, 0.0, 1.0],
                [0.913708, 0.0, -0.406371, -0.0398, -0.406371, 0.0, -0.913708, 1.18841, 0.0, 1.0, 0.0, 0.572221, 0.0, 0.0, 0.0, 1.0],
                [0.91423, 0.0, -0.405195, -0.037662, -0.405195, 0.0, -0.91423, 1.1857, 0.0, 1.0, 0.0, 0.575413, 0.0, 0.0, 0.0, 1.0],
                [0.91475, 0.0, -0.40402, -0.035524, -0.40402, 0.0, -0.91475, 1.18299, 0.0, 1.0, 0.0, 0.578605, 0.0, 0.0, 0.0, 1.0],
                [0.915269, 0.0, -0.402843, -0.033386, -0.402843, 0.0, -0.915269, 1.18028, 0.0, 1.0, 0.0, 0.581796, 0.0, 0.0, 0.0, 1.0],
                [0.915786, 0.0, -0.401666, -0.031248, -0.401666, 0.0, -0.915786, 1.177571, 0.0, 1.0, 0.0, 0.584988, 0.0, 0.0, 0.0, 1.0],
                [0.916302, 0.0, -0.400488, -0.02911, -0.400488, 0.0, -0.916302, 1.174861, 0.0, 1.0, 0.0, 0.588179, 0.0, 0.0, 0.0, 1.0],
                [0.916675, 0.0, -0.399634, -0.02756, -0.399634, 0.0, -0.916675, 1.172897, 0.0, 1.0, 0.0, 0.590492, 0.0, 0.0, 0.0, 1.0],
                [0.917047, 0.0, -0.39878, -0.026011, -0.39878, 0.0, -0.917047, 1.170934, 0.0, 1.0, 0.0, 0.592805, 0.0, 0.0, 0.0, 1.0],
                [0.917418, 0.0, -0.397925, -0.024462, -0.397925, 0.0, -0.917418, 1.16897, 0.0, 1.0, 0.0, 0.595118, 0.0, 0.0, 0.0, 1.0],
                [0.917788, 0.0, -0.397071, -0.022912, -0.397071, 0.0, -0.917788, 1.167006, 0.0, 1.0, 0.0, 0.59743, 0.0, 0.0, 0.0, 1.0],
                [0.918158, 0.0, -0.396215, -0.021363, -0.396215, 0.0, -0.918158, 1.165043, 0.0, 1.0, 0.0, 0.599743, 0.0, 0.0, 0.0, 1.0],
                [0.918526, 0.0, -0.39536, -0.019814, -0.39536, 0.0, -0.918526, 1.163079, 0.0, 1.0, 0.0, 0.602056, 0.0, 0.0, 0.0, 1.0],
                [0.918894, 0.0, -0.394504, -0.018264, -0.394504, 0.0, -0.918894, 1.161116, 0.0, 1.0, 0.0, 0.604369, 0.0, 0.0, 0.0, 1.0],
                [0.919262, 0.0, -0.393647, -0.016715, -0.393647, 0.0, -0.919262, 1.159152, 0.0, 1.0, 0.0, 0.606682, 0.0, 0.0, 0.0, 1.0],
                [0.919628, 0.0, -0.392791, -0.015166, -0.392791, 0.0, -0.919628, 1.157188, 0.0, 1.0, 0.0, 0.608994, 0.0, 0.0, 0.0, 1.0],
                [0.919993, 0.0, -0.391934, -0.013617, -0.391934, 0.0, -0.919993, 1.155225, 0.0, 1.0, 0.0, 0.611307, 0.0, 0.0, 0.0, 1.0],
                [0.920358, 0.0, -0.391077, -0.012067, -0.391077, 0.0, -0.920358, 1.153261, 0.0, 1.0, 0.0, 0.61362, 0.0, 0.0, 0.0, 1.0],
                [0.920722, 0.0, -0.390219, -0.010518, -0.390219, 0.0, -0.920722, 1.151297, 0.0, 1.0, 0.0, 0.615933, 0.0, 0.0, 0.0, 1.0],
                [0.921085, 0.0, -0.389361, -0.008969, -0.389361, 0.0, -0.921085, 1.149334, 0.0, 1.0, 0.0, 0.618245, 0.0, 0.0, 0.0, 1.0],
                [0.921448, 0.0, -0.388503, -0.007419, -0.388503, 0.0, -0.921448, 1.14737, 0.0, 1.0, 0.0, 0.620558, 0.0, 0.0, 0.0, 1.0],
                [0.921809, 0.0, -0.387644, -0.00587, -0.387644, 0.0, -0.921809, 1.145407, 0.0, 1.0, 0.0, 0.622871, 0.0, 0.0, 0.0, 1.0],
                [0.92217, 0.0, -0.386785, -0.004321, -0.386785, 0.0, -0.92217, 1.143443, 0.0, 1.0, 0.0, 0.625184, 0.0, 0.0, 0.0, 1.0],
                [0.92253, 0.0, -0.385926, -0.002771, -0.385926, 0.0, -0.92253, 1.141479, 0.0, 1.0, 0.0, 0.627496, 0.0, 0.0, 0.0, 1.0],
                [0.922889, 0.0, -0.385066, -0.001222, -0.385066, 0.0, -0.922889, 1.139516, 0.0, 1.0, 0.0, 0.629809, 0.0, 0.0, 0.0, 1.0],
                [0.923247, 0.0, -0.384206, 0.000327, -0.384206, 0.0, -0.923247, 1.137552, 0.0, 1.0, 0.0, 0.632122, 0.0, 0.0, 0.0, 1.0],
                [0.923605, 0.0, -0.383346, 0.001876, -0.383346, 0.0, -0.923605, 1.135589, 0.0, 1.0, 0.0, 0.634435, 0.0, 0.0, 0.0, 1.0],
                [0.923961, 0.0, -0.382486, 0.003426, -0.382486, 0.0, -0.923961, 1.133625, 0.0, 1.0, 0.0, 0.636748, 0.0, 0.0, 0.0, 1.0],
                [0.924317, 0.0, -0.381625, 0.004975, -0.381625, 0.0, -0.924317, 1.131661, 0.0, 1.0, 0.0, 0.63906, 0.0, 0.0, 0.0, 1.0],
                [0.924672, 0.0, -0.380764, 0.006524, -0.380764, 0.0, -0.924672, 1.129698, 0.0, 1.0, 0.0, 0.641373, 0.0, 0.0, 0.0, 1.0]
            ]
        },
        {
            "name": "Thigh_R",
            "time": [0.0, 0.0167, 0.0333, 0.05, 0.0667, 0.0833, 0.1, 0.1167, 0.1333, 0.15, 0.1667, 0.1833, 0.2, 0.2167, 0.2333, 0.25, 0.2667, 0.2833, 0.3, 0.3167, 0.3333, 0.35, 0.3667, 0.3833, 0.4, 0.4167, 0.4333, 0.45, 0.4667, 0.4833, 0.5, 0.5167, 0.5333, 0.55, 0.5667, 0.5833, 0.6, 0.6167, 0.6333, 0.65, 0.6667, 0.6833, 0.7, 0.7167, 0.7333, 0.75, 0.7667, 0.7833, 0.8, 0.8167, 0.8333, 0.85, 0.8667, 0.8833, 0.9, 0.9167, 0.9333, 0.95, 0.9667, 0.9833, 1.0, 1.0167, 1.0333, 1.05, 1.0667, 1.0833, 1.1, 1.1167, 1.1333, 1.15, 1.1667, 1.1833, 1.2, 1.2167, 1.2333, 1.25, 1.2667, 1.2833, 1.3, 1.3167, 1.3333, 1.35, 1.3667, 1.3833, 1.4, 1.4167, 1.4333, 1.45, 1.4667, 1.4833, 1.5, 1.5167, 1.5333, 1.55, 1.5667, 1.5833, 1.6, 1.6167, 1.6333, 1.65, 1.6667, 1.6833, 1.7, 1.7167, 1.7333, 1.75, 1.7667, 1.7833, 1.8, 1.8167, 1.8333, 1.85],
            "transform": [
                [0.286856, 0.433525, 0.854266, 0.124994, 0.530402, -0.814459, 0.23522, -0.002831, 0.797739, 0.385629, -0.463576, -1.2e-05, 0.0, 0.0, 0.0, 1.0],
                [0.294291, 0.438311, 0.84928, 0.124994, 0.529369, -0.814619, 0.236988, -0.002831, 0.795714, 0.379838, -0.471764, -1.2e-05, 0.0, 0.0, 0.0, 1.0],
                [0.322552, 0.455992, 0.829477, 0.124994, 0.525416, -0.815164, 0.243811, -0.002831, 0.787336, 0.357178, -0.502519, -1.2e-05, 0.0, 0.0, 0.0, 1.0],
                [0.379735, 0.488967, 0.78531, 0.124994, 0.517346, -0.815987, 0.257907, -0.002831, 0.766911, 0.30834, -0.562825, -1.2e-05, 0.0, 0.0, 0.0, 1.0],
                [0.472424, 0.53371, 0.701404, 0.124994, 0.504094, -0.816415, 0.281699, -0.002831, 0.722983, 0.220492, -0.654735, -1.2e-05, 0.0, 0.0, 0.0, 1.0],
                [0.602504, 0.575039, 0.553459, 0.124994, 0.48515, -0.814507, 0.318127, -0.002831, 0.633733, 0.076838, -0.769727, -1.2e-05, 0.0, 0.0, 0.0, 1.0],
                [0.756027, 0.576175, 0.310554, 0.124994, 0.462265, -0.805917, 0.369875, -0.002831, 0.463394, -0.136077, -0.875642, -1.2e-05, 0.0, 0.0, 0.0, 1.0],
                [0.879529, 0.473984, -0.042028, 0.124994, 0.44334, -0.784161, 0.43421, -0.002831, 0.172853, -0.400533, -0.899831, -1.2e-05, 0.0, 0.0, 0.0, 1.0],
                [0.930458, 0.329078, -0.161101, 0.124994, 0.364073, -0.780952, 0.507507, -0.002831, 0.041197, -0.530866, -0.846453, -1.2e-05, 0.0, 0.0, 0.0, 1.0],
                [0.857613, 0.4795, 0.185953, 0.124994, 0.33915, -0.799096, 0.496407, -0.002831, 0.386622, -0.362658, -0.84794, -1.2e-05, 0.0, 0.0, 0.0, 1.0],
                [0.868487, 0.481764, 0.116761, 0.124994, 0.435536, -0.85407, 0.284376, -0.002831, 0.236725, -0.196123, -0.951576, -1.2e-05, 0.0, 0.0, 0.0, 1.0],
                [0.868415, 0.481416, -0.118716, 0.124994, 0.482553, -0.875616, -0.020892, -0.002831, -0.114007, -0.039144, -0.992708, -1.2e-05, 0.0, 0.0, 0.0, 1.0],
                [0.788515, 0.592789, -0.163842, 0.124994, 0.539679, -0.794677, -0.277908, -0.002831, -0.294942, 0.130713, -0.946533, -1.2e-05, 0.0, 0.0, 0.0, 1.0],
                [0.755101, 0.634344, -0.165615, 0.124994, 0.6014, -0.77078, -0.210271, -0.002831, -0.261037, 0.059174, -0.963514, -1.2e-05, 0.0, 0.0, 0.0, 1.0],
                [0.795073, 0.594024, -0.122442, 0.124994, 0.606052, -0.770239, 0.198572, -0.002831, 0.023647, -0.232085, -0.972408, -1.2e-05, 0.0, 0.0, 0.0, 1.0],
                [0.820482, 0.57087, 0.030253, 0.124994, 0.52461, -0.772907, 0.356929, -0.002831, 0.227143, -0.276982, -0.933642, -1.2e-05, 0.0, 0.0, 0.0, 1.0],
                [0.713725, 0.606865, 0.349728, 0.124994, 0.525494, -0.794064, 0.305477, -0.002831, 0.46309, -0.034247, -0.88565, -1.2e-05, 0.0, 0.0, 0.0, 1.0],
                [0.570156, 0.620343, 0.538605, 0.124994, 0.487378, -0.783183, 0.386114, -0.002831, 0.66135, 0.042359, -0.74888, -1.2e-05, 0.0, 0.0, 0.0, 1.0],
                [0.424085, 0.514711, 0.745133, 0.124994, 0.509446, -0.815843, 0.273611, -0.002831, 0.748743, 0.263569, -0.608206, -1.2e-05, 0.0, 0.0, 0.0, 1.0],
                [0.392151, 0.433047, 0.811595, 0.124994, 0.575119, -0.803993, 0.151103, -0.002831, 0.717952, 0.407507, -0.564341, -1.2e-05, 0.0, 0.0, 0.0, 1.0],
                [0.40108, 0.452145, 0.79668, 0.124994, 0.623809, -0.77169, 0.123913, -0.002831, 0.670817, 0.447277, -0.591563, -1.2e-05, 0.0, 0.0, 0.0, 1.0],
                [0.42028, 0.549627, 0.721993, 0.124994, 0.648091, -0.738724, 0.185104, -0.002831, 0.635092, 0.390121, -0.666681, -1.2e-05, 0.0, 0.0, 0.0, 1.0],
                [0.452518, 0.653181, 0.607108, 0.124994, 0.652345, -0.706645, 0.274038, -0.002831, 0.608007, 0.272037, -0.745871, -1.2e-05, 0.0, 0.0, 0.0, 1.0],
                [0.518931, 0.711505, 0.473782, 0.124994, 0.648049, -0.688891, 0.324745, -0.002831, 0.557443, 0.138514, -0.818578, -1.2e-05, 0.0, 0.0, 0.0, 1.0],
                [0.537915, 0.73691, 0.409401, 0.124994, 0.643497, -0.672664, 0.365285, -0.002831, 0.544572, 0.066956, -0.836037, -1.2e-05, 0.0, 0.0, 0.0, 1.0],
                [0.573865, 0.748705, 0.33184, 0.124994, 0.628554, -0.662417, 0.40758, -0.002831, 0.524974, -0.025316, -0.850741, -1.2e-05, 0.0, 0.0, 0.0, 1.0],
                [0.621183, 0.743369, 0.248056, 0.124994, 0.606089, -0.656376, 0.449249, -0.002831, 0.496776, -0.128722, -0.85828, -1.2e-05, 0.0, 0.0, 0.0, 1.0],
                [0.674624, 0.719726, 0.163932, 0.124994, 0.578572, -0.653481, 0.488073, -0.002831, 0.458406, -0.234419, -0.85727, -1.2e-05, 0.0, 0.0, 0.0, 1.0],
                [0.729238, 0.679188, 0.083151, 0.124994, 0.548629, -0.652979, 0.522134, -0.002831, 0.408923, -0.33514, -0.848801, -1.2e-05, 0.0, 0.0, 0.0, 1.0],
                [0.780435, 0.625199, 0.006702, 0.124994, 0.519281, -0.654111, 0.549986, -0.002831, 0.348235, -0.425747, -0.835148, -1.2e-05, 0.0, 0.0, 0.0, 1.0],
                [0.824146, 0.562421, -0.066813, 0.124994, 0.493918, -0.655961, 0.570753, -0.002831, 0.277177, -0.503383, -0.818399, -1.2e-05, 0.0, 0.0, 0.0, 1.0],
                [0.856942, 0.495969, -0.140227, 0.124994, 0.476076, -0.657433, 0.584065, -0.002831, 0.197488, -0.567267, -0.799503, -1.2e-05, 0.0, 0.0, 0.0, 1.0],
                [0.876039, 0.43088, -0.216556, 0.124994, 0.469117, -0.657393, 0.589714, -0.002831, 0.111734, -0.618202, -0.778037, -1.2e-05, 0.0, 0.0, 0.0, 1.0],
                [0.879204, 0.371921, -0.297783, 0.124994, 0.475875, -0.654918, 0.587048, -0.002831, 0.023312, -0.657841, -0.752796, -1.2e-05, 0.0, 0.0, 0.0, 1.0],
                [0.879204, 0.371921, -0.297783, 0.124994, 0.475875, -0.654917, 0.587048, -0.002831, 0.023312, -0.657841, -0.752795, -1.2e-05, 0.0, 0.0, 0.0, 1.0],
                [0.879204, 0.371921, -0.297783, 0.124994, 0.475875, -0.654917, 0.587048, -0.002831, 0.023312, -0.657841, -0.752795, -1.2e-05, 0.0, 0.0, 0.0, 1.0],
                [0.879204, 0.371921, -0.297783, 0.124994, 0.475875, -0.654917, 0.587048, -0.002831, 0.023312, -0.657841, -0.752795, -1.2e-05, 0.0, 0.0, 0.0, 1.0],
                [0.879204, 0.371921, -0.297783, 0.124994, 0.475875, -0.654917, 0.587048, -0.002831, 0.023312, -0.657841, -0.752795, -1.2e-05, 0.0, 0.0, 0.0, 1.0],
                [0.879204, 0.371921, -0.297783, 0.124994, 0.475875, -0.654917, 0.587048, -0.002831, 0.023312, -0.657841, -0.752795, -1.2e-05, 0.0, 0.0, 0.0, 1.0],
                [0.879204, 0.371921, -0.297783, 0.124994, 0.475875, -0.654917, 0.587048, -0.002831, 0.023312, -0.657841, -0.752795, -1.2e-05, 0.0, 0.0, 0.0, 1.0],
                [0.879204, 0.371921, -0.297783, 0.124994, 0.475875, -0.654917, 0.587048, -0.002831, 0.023312, -0.657841, -0.752795, -1.2e-05, 0.0, 0.0, 0.0, 1.0],
                [0.879204, 0.371921, -0.297783, 0.124994, 0.475875, -0.654917, 0.587048, -0.002831, 0.023312, -0.657841, -0.752795, -1.2e-05, 0.0, 0.0, 0.0, 1.0],
                [0.879204, 0.371921, -0.297783, 0.124994, 0.475875, -0.654917, 0.587048, -0.002831, 0.023312, -0.657841, -0.752795, -1.2e-05, 0.0, 0.0, 0.0, 1.0],
                [0.879204, 0.371921, -0.297783, 0.124994, 0.475875, -0.654917, 0.587048, -0.002831, 0.023312, -0.657841, -0.752795, -1.2e-05, 0.0, 0.0, 0.0, 1.0],
                [0.879204, 0.371921, -0.297783, 0.124994, 0.475875, -0.654917, 0.587048, -0.002831, 0.023312, -0.657841, -0.752795, -1.2e-05, 0.0, 0.0, 0.0, 1.0],
                [0.879204, 0.371921, -0.297783, 0.124994, 0.475875, -0.654917, 0.587048, -0.002831, 0.023312, -0.657841, -0.752795, -1.2e-05, 0.0, 0.0, 0.0, 1.0],
                [0.879204, 0.371921, -0.297783, 0.124994, 0.475875, -0.654917, 0.587048, -0.002831, 0.023312, -0.657841, -0.752795, -1.2e-05, 0.0, 0.0, 0.0, 1.0],
                [0.879204, 0.371921, -0.297783, 0.124994, 0.475875, -0.654917, 0.587048, -0.002831, 0.023312, -0.657841, -0.752795, -1.2e-05, 0.0, 0.0, 0.0, 1.0],
                [0.879204, 0.371921, -0.297783, 0.124994, 0.475875, -0.654917, 0.587048, -0.002831, 0.023312, -0.657841, -0.752795, -1.2e-05, 0.0, 0.0, 0.0, 1.0],
                [0.879204, 0.371921, -0.297783, 0.124994, 0.475875, -0.654917, 0.587048, -0.002831, 0.023312, -0.657841, -0.752795, -1.2e-05, 0.0, 0.0, 0.0, 1.0],
                [0.879204, 0.371921, -0.297783, 0.124994, 0.475875, -0.654917, 0.587048, -0.002831, 0.023312, -0.657841, -0.752795, -1.2e-05, 0.0, 0.0, 0.0, 1.0],
                [0.879204, 0.371921, -0.297783, 0.124994, 0.475875, -0.654917, 0.587048, -0.002831, 0.023312, -0.657841, -0.752795, -1.2e-05, 0.0, 0.0, 0.0, 1.0],
                [0.879204, 0.371921, -0.297783, 0.124994, 0.475875, -0.654917, 0.587048, -0.002831, 0.023312, -0.657841, -0.752795, -1.2e-05, 0.0, 0.0, 0.0, 1.0],
                [0.879204, 0.371921, -0.297783, 0.124994, 0.475875, -0.654917, 0.587048, -0.002831, 0.023312, -0.657841, -0.752795, -1.2e-05, 0.0, 0.0, 0.0, 1.0],
                [0.879204, 0.371921, -0.297783, 0.124994, 0.475875, -0.654917, 0.587048, -0.002831, 0.023312, -0.657841, -0.752795, -1.2e-05, 0.0, 0.0, 0.0, 1.0],
                [0.880701, 0.369659, -0.29617, 0.124994, 0.473142, -0.656985, 0.586946, -0.002831, 0.022391, -0.657054, -0.75351, -1.2e-05, 0.0, 0.0, 0.0, 1.0],
                [0.882183, 0.367438, -0.294518, 0.124994, 0.470414, -0.659066, 0.586806, -0.002831, 0.021508, -0.656214, -0.754267, -1.2e-05, 0.0, 0.0, 0.0, 1.0],
                [0.883648, 0.365289, -0.292793, 0.124994, 0.467693, -0.661177, 0.586607, -0.002831, 0.020693, -0.65529, -0.755093, -1.2e-05, 0.0, 0.0, 0.0, 1.0],
                [0.885096, 0.36324, -0.290966, 0.124994, 0.464979, -0.66333, 0.586332, -0.002831, 0.019973, -0.654252, -0.756012, -1.2e-05, 0.0, 0.0, 0.0, 1.0],
                [0.886524, 0.361318, -0.289004, 0.124994, 0.462276, -0.665541, 0.585965, -0.002831, 0.019376, -0.65307, -0.757049, -1.2e-05, 0.0, 0.0, 0.0, 1.0],
                [0.887933, 0.359551, -0.286876, 0.124994, 0.459584, -0.667823, 0.585486, -0.002831, 0.018929, -0.651715, -0.758228, -1.2e-05, 0.0, 0.0, 0.0, 1.0],
                [0.88932, 0.357966, -0.284551, 0.124994, 0.456904, -0.670192, 0.584877, -0.002831, 0.018662, -0.650154, -0.759572, -1.2e-05, 0.0, 0.0, 0.0, 1.0],
                [0.890686, 0.356588, -0.281997, 0.124994, 0.454238, -0.672661, 0.584118, -0.002831, 0.018602, -0.648359, -0.761107, -1.2e-05, 0.0, 0.0, 0.0, 1.0],
                [0.892029, 0.355445, -0.279181, 0.124994, 0.451587, -0.675245, 0.583192, -0.002831, 0.018777, -0.646297, -0.762854, -1.2e-05, 0.0, 0.0, 0.0, 1.0],
                [0.893347, 0.354563, -0.276069, 0.124994, 0.448955, -0.677959, 0.582074, -0.002831, 0.019218, -0.643936, -0.764837, -1.2e-05, 0.0, 0.0, 0.0, 1.0],
                [0.89464, 0.353968, -0.272627, 0.124994, 0.446342, -0.680818, 0.580745, -0.002831, 0.019956, -0.641241, -0.767079, -1.2e-05, 0.0, 0.0, 0.0, 1.0],
                [0.895902, 0.353689, -0.268816, 0.124994, 0.443753, -0.683836, 0.579181, -0.002831, 0.021024, -0.638176, -0.769602, -1.2e-05, 0.0, 0.0, 0.0, 1.0],
                [0.897132, 0.353755, -0.264597, 0.124994, 0.441192, -0.68703, 0.577355, -0.002831, 0.022456, -0.6347, -0.772431, -1.2e-05, 0.0, 0.0, 0.0, 1.0],
                [0.898323, 0.354195, -0.259926, 0.124994, 0.438664, -0.690415, 0.57524, -0.002831, 0.02429, -0.63077, -0.775589, -1.2e-05, 0.0, 0.0, 0.0, 1.0],
                [0.900636, 0.35304, -0.253412, 0.124994, 0.433809, -0.695774, 0.572457, -0.002831, 0.025783, -0.625506, -0.779793, -1.2e-05, 0.0, 0.0, 0.0, 1.0],
                [0.902882, 0.352249, -0.246424, 0.124994, 0.428994, -0.701328, 0.569299, -0.002831, 0.027711, -0.619723, -0.784331, -1.2e-05, 0.0, 0.0, 0.0, 1.0],
                [0.905058, 0.3518, -0.238967, 0.124994, 0.424223, -0.707071, 0.56576, -0.002831, 0.030068, -0.613421, -0.789183, -1.2e-05, 0.0, 0.0, 0.0, 1.0],
                [0.907161, 0.351677, -0.231046, 0.124994, 0.419499, -0.712992, 0.561837, -0.002831, 0.032851, -0.606599, -0.794328, -1.2e-05, 0.0, 0.0, 0.0, 1.0],
                [0.909184, 0.351862, -0.222661, 0.124994, 0.414831, -0.719084, 0.557524, -0.002831, 0.03606, -0.599257, -0.799744, -1.2e-05, 0.0, 0.0, 0.0, 1.0],
                [0.91112, 0.352339, -0.213812, 0.124994, 0.410223, -0.725334, 0.552816, -0.002831, 0.039694, -0.591392, -0.805406, -1.2e-05, 0.0, 0.0, 0.0, 1.0],
                [0.912965, 0.353094, -0.204497, 0.124994, 0.405685, -0.731734, 0.547707, -0.002831, 0.043755, -0.582998, -0.811294, -1.2e-05, 0.0, 0.0, 0.0, 1.0],
                [0.914708, 0.354111, -0.194714, 0.124994, 0.401224, -0.73827, 0.542195, -0.002831, 0.048245, -0.574073, -0.817381, -1.2e-05, 0.0, 0.0, 0.0, 1.0],
                [0.916342, 0.355375, -0.184458, 0.124994, 0.396849, -0.74493, 0.536273, -0.002831, 0.053169, -0.564611, -0.823642, -1.2e-05, 0.0, 0.0, 0.0, 1.0],
                [0.917857, 0.356872, -0.173725, 0.124994, 0.392571, -0.751698, 0.52994, -0.002831, 0.058532, -0.554607, -0.83005, -1.2e-05, 0.0, 0.0, 0.0, 1.0],
                [0.919241, 0.358589, -0.162506, 0.124994, 0.3884, -0.75856, 0.523193, -0.002831, 0.064341, -0.544058, -0.836577, -1.2e-05, 0.0, 0.0, 0.0, 1.0],
                [0.920485, 0.360509, -0.150797, 0.124994, 0.384347, -0.765497, 0.516033, -0.002831, 0.0706, -0.532959, -0.843191, -1.2e-05, 0.0, 0.0, 0.0, 1.0],
                [0.921575, 0.362619, -0.138589, 0.124994, 0.380423, -0.772493, 0.508461, -0.002831, 0.077319, -0.521307, -0.84986, -1.2e-05, 0.0, 0.0, 0.0, 1.0],
                [0.922497, 0.364904, -0.125874, 0.124994, 0.376641, -0.779526, 0.500479, -0.002831, 0.084505, -0.509099, -0.856549, -1.2e-05, 0.0, 0.0, 0.0, 1.0],
                [0.923238, 0.367347, -0.112642, 0.124994, 0.373011, -0.786578, 0.492094, -0.002831, 0.092167, -0.496336, -0.863224, -1.2e-05, 0.0, 0.0, 0.0, 1.0],
                [0.924075, 0.369261, -0.098643, 0.124994, 0.368883, -0.794083, 0.483069, -0.002831, 0.100048, -0.48278, -0.870008, -1.2e-05, 0.0, 0.0, 0.0, 1.0],
                [0.924727, 0.371183, -0.084277, 0.124994, 0.364903, -0.801523, 0.473716, -0.002831, 0.108286, -0.46881, -0.876636, -1.2e-05, 0.0, 0.0, 0.0, 1.0],
                [0.925211, 0.372998, -0.069699, 0.124994, 0.361049, -0.808842, 0.464131, -0.002831, 0.116744, -0.454583, -0.88302, -1.2e-05, 0.0, 0.0, 0.0, 1.0],
                [0.925553, 0.374588, -0.055089, 0.124994, 0.357293, -0.815989, 0.454426, -0.002831, 0.125271, -0.440278, -0.88908, -1.2e-05, 0.0, 0.0, 0.0, 1.0],
                [0.925796, 0.375832, -0.040645, 0.124994, 0.353594, -0.822921, 0.444716, -0.002831, 0.133691, -0.426088, -0.89475, -1.2e-05, 0.0, 0.0, 0.0, 1.0],
                [0.925248, 0.378395, -0.027086, 0.124994, 0.351578, -0.82847, 0.435924, -0.002831, 0.142511, -0.41286, -0.899576, -1.2e-05, 0.0, 0.0, 0.0, 1.0],
                [0.924659, 0.380541, -0.0139, 0.124994, 0.349565, -0.833782, 0.427331, -0.002831, 0.151027, -0.399994, -0.903989, -1.2e-05, 0.0, 0.0, 0.0, 1.0],
                [0.92405, 0.382268, -0.001123, 0.124994, 0.347539, -0.838868, 0.418947, -0.002831, 0.159208, -0.387518, -0.90801, -1.2e-05, 0.0, 0.0, 0.0, 1.0],
                [0.923442, 0.383573, 0.01121, 0.124994, 0.345482, -0.843743, 0.410779, -0.002831, 0.167022, -0.375458, -0.911666, -1.2e-05, 0.0, 0.0, 0.0, 1.0],
                [0.922855, 0.384456, 0.023068, 0.124994, 0.343378, -0.84842, 0.402833, -0.002831, 0.174443, -0.363836, -0.914983, -1.2e-05, 0.0, 0.0, 0.0, 1.0],
                [0.922308, 0.384919, 0.03442, 0.124994, 0.341212, -0.852913, 0.395111, -0.002831, 0.181443, -0.35267, -0.917988, -1.2e-05, 0.0, 0.0, 0.0, 1.0],
                [0.921822, 0.384965, 0.045238, 0.124994, 0.338971, -0.857235, 0.387617, -0.002831, 0.187998, -0.341979, -0.92071, -1.2e-05, 0.0, 0.0, 0.0, 1.0],
                [0.921414, 0.384598, 0.055497, 0.124994, 0.33664, -0.861399, 0.380349, -0.002831, 0.194086, -0.331776, -0.923176, -1.2e-05, 0.0, 0.0, 0.0, 1.0],
                [0.921103, 0.383825, 0.065173, 0.124994, 0.334207, -0.865417, 0.373307, -0.002831, 0.199686, -0.322073, -0.925416, -1.2e-05, 0.0, 0.0, 0.0, 1.0],
                [0.920904, 0.382652, 0.074248, 0.124994, 0.331662, -0.869302, 0.366489, -0.002831, 0.204782, -0.312876, -0.927455, -1.2e-05, 0.0, 0.0, 0.0, 1.0],
                [0.920832, 0.381089, 0.082703, 0.124994, 0.328996, -0.873062, 0.359895, -0.002831, 0.209357, -0.304193, -0.929321, -1.2e-05, 0.0, 0.0, 0.0, 1.0],
                [0.920898, 0.379145, 0.090527, 0.124994, 0.3262, -0.876708, 0.353519, -0.002831, 0.213401, -0.296026, -0.931036, -1.2e-05, 0.0, 0.0, 0.0, 1.0],
                [0.921114, 0.376832, 0.097707, 0.124994, 0.323268, -0.880249, 0.347361, -0.002831, 0.216903, -0.288373, -0.932627, -1.2e-05, 0.0, 0.0, 0.0, 1.0],
                [0.921487, 0.374161, 0.104237, 0.124994, 0.320194, -0.883691, 0.341416, -0.002831, 0.219858, -0.281235, -0.934115, -1.2e-05, 0.0, 0.0, 0.0, 1.0],
                [0.922023, 0.371145, 0.110112, 0.124994, 0.316975, -0.887042, 0.335683, -0.002831, 0.222261, -0.274605, -0.935517, -1.2e-05, 0.0, 0.0, 0.0, 1.0],
                [0.922726, 0.367798, 0.115333, 0.124994, 0.313608, -0.890306, 0.330158, -0.002831, 0.224113, -0.268476, -0.936854, -1.2e-05, 0.0, 0.0, 0.0, 1.0],
                [0.923597, 0.364134, 0.119902, 0.124994, 0.310093, -0.893489, 0.324838, -0.002831, 0.225415, -0.262839, -0.938139, -1.2e-05, 0.0, 0.0, 0.0, 1.0],
                [0.924633, 0.360168, 0.123824, 0.124994, 0.30643, -0.896594, 0.31972, -0.002831, 0.226173, -0.25768, -0.939387, -1.2e-05, 0.0, 0.0, 0.0, 1.0],
                [0.925833, 0.355916, 0.127109, 0.124994, 0.302621, -0.899623, 0.314801, -0.002831, 0.226393, -0.252988, -0.940608, -1.2e-05, 0.0, 0.0, 0.0, 1.0],
                [0.92719, 0.351395, 0.129769, 0.124994, 0.298669, -0.902579, 0.31008, -0.002831, 0.226087, -0.248745, -0.941813, -1.2e-05, 0.0, 0.0, 0.0, 1.0],
                [0.928698, 0.346619, 0.131817, 0.124994, 0.294578, -0.905463, 0.305551, -0.002831, 0.225265, -0.244934, -0.943008, -1.2e-05, 0.0, 0.0, 0.0, 1.0],
                [0.930345, 0.341608, 0.133273, 0.124994, 0.290355, -0.908276, 0.301212, -0.002831, 0.223945, -0.241535, -0.944198, -1.2e-05, 0.0, 0.0, 0.0, 1.0],
                [0.932123, 0.336377, 0.134156, 0.124994, 0.286007, -0.911019, 0.29706, -0.002831, 0.222142, -0.238527, -0.945387, -1.2e-05, 0.0, 0.0, 0.0, 1.0]
            ]
        },
        {
            "name": "Leg_R",
            "time": [0.0, 0.0167, 0.0333, 0.05, 0.0667, 0.0833, 0.1, 0.1167, 0.1333, 0.15, 0.1667, 0.1833, 0.2, 0.2167, 0.2333, 0.25, 0.2667, 0.2833, 0.3, 0.3167, 0.3333, 0.35, 0.3667, 0.3833, 0.4, 0.4167, 0.4333, 0.45, 0.4667, 0.4833, 0.5, 0.5167, 0.5333, 0.55, 0.5667, 0.5833, 0.6, 0.6167, 0.6333, 0.65, 0.6667, 0.6833, 0.7, 0.7167, 0.7333, 0.75, 0.7667, 0.7833, 0.8, 0.8167, 0.8333, 0.85, 0.8667, 0.8833, 0.9, 0.9167, 0.9333, 0.95, 0.9667, 0.9833, 1.0, 1.0167, 1.0333, 1.05, 1.0667, 1.0833, 1.1, 1.1167, 1.1333, 1.15, 1.1667, 1.1833, 1.2, 1.2167, 1.2333, 1.25, 1.2667, 1.2833, 1.3, 1.3167, 1.3333, 1.35, 1.3667, 1.3833, 1.4, 1.4167, 1.4333, 1.45, 1.4667, 1.4833, 1.5, 1.5167, 1.5333, 1.55, 1.5667, 1.5833, 1.6, 1.6167, 1.6333, 1.65, 1.6667, 1.6833, 1.7, 1.7167, 1.7333, 1.75, 1.7667, 1.7833, 1.8, 1.8167, 1.8333, 1.85],
            "transform": [
                [1.0, -1e-06, 1e-06, 0.0, -0.0, 0.753813, 0.657091, 0.374726, -1e-06, -0.657092, 0.753808, -0.0, 0.0, 0.0, 0.0, 1.0],
                [1.0, -0.0, 1e-06, 0.0, -0.0, 0.751161, 0.660121, 0.374726, -1e-06, -0.660122, 0.751157, -0.0, 0.0, 0.0, 0.0, 1.0],
                [1.0, -0.0, 1e-06, -0.0, -0.0, 0.741089, 0.671409, 0.374726, -1e-06, -0.67141, 0.741085, -0.0, 0.0, 0.0, 0.0, 1.0],
                [1.0, -0.0, 1e-06, 0.0, -0.0, 0.720897, 0.693044, 0.374726, -1e-06, -0.693045, 0.720893, -0.0, 0.0, 0.0, 0.0, 1.0],
                [1.0, -1e-06, 1e-06, -0.0, -0.0, 0.688783, 0.724968, 0.374726, -1e-06, -0.72497, 0.688779, 0.0, 0.0, 0.0, 0.0, 1.0],
                [1.0, -1e-06, 1e-06, 0.0, -0.0, 0.644994, 0.764188, 0.374726, -1e-06, -0.764189, 0.644991, 0.0, 0.0, 0.0, 0.0, 1.0],
                [1.0, -1e-06, 1e-06, 0.0, -0.0, 0.595464, 0.803383, 0.374726, -1e-06, -0.803384, 0.59546, -0.0, 0.0, 0.0, 0.0, 1.0],
                [1.0, -1e-06, 1e-06, 0.0, -0.0, 0.559824, 0.828611, 0.374726, -1e-06, -0.828613, 0.559822, -0.0, 0.0, 0.0, 0.0, 1.0],
                [1.0, -1e-06, 1e-06, 0.0, -0.0, 0.493565, 0.869708, 0.374726, -1e-06, -0.86971, 0.493562, -0.0, 0.0, 0.0, 0.0, 1.0],
                [1.0, -1e-06, 1e-06, 0.0, -0.0, 0.551599, 0.834109, 0.374726, -1e-06, -0.834111, 0.551597, 0.0, 0.0, 0.0, 0.0, 1.0],
                [1.0, -0.0, 1e-06, -0.0, -0.0, 0.74271, 0.669615, 0.374726, -1e-06, -0.669617, 0.742705, 0.0, 0.0, 0.0, 0.0, 1.0],
                [1.0, -0.0, 1e-06, 0.0, -0.0, 0.906031, 0.423215, 0.374726, -1e-06, -0.423216, 0.906027, 0.0, 0.0, 0.0, 0.0, 1.0],
                [1.0, -0.0, 1e-06, -0.0, 0.0, 0.999992, 0.0047, 0.374726, -1e-06, -0.0047, 0.999986, -0.0, 0.0, 0.0, 0.0, 1.0],
                [1.0, -0.0, 1e-06, -0.0, 0.0, 0.999991, 0.0047, 0.374726, -1e-06, -0.0047, 0.999986, -0.0, 0.0, 0.0, 0.0, 1.0],
                [1.0, -0.0, 1e-06, 0.0, -0.0, 0.860882, 0.508809, 0.374726, -1e-06, -0.50881, 0.860877, 0.0, 0.0, 0.0, 0.0, 1.0],
                [1.0, -1e-06, 1e-06, 0.0, -0.0, 0.633622, 0.773644, 0.374726, -1e-06, -0.773645, 0.633617, 0.0, 0.0, 0.0, 0.0, 1.0],
                [1.0, -1e-06, 1e-06, 0.0, -0.0, 0.678715, 0.734403, 0.374726, -1e-06, -0.734404, 0.678711, 0.0, 0.0, 0.0, 0.0, 1.0],
                [1.0, -1e-06, 1e-06, 0.0, -0.0, 0.55043, 0.834881, 0.374726, -1e-06, -0.834883, 0.550427, 0.0, 0.0, 0.0, 0.0, 1.0],
                [1.0, -1e-06, 1e-06, -0.0, -0.0, 0.575267, 0.817965, 0.374726, -1e-06, -0.817967, 0.575264, 0.0, 0.0, 0.0, 0.0, 1.0],
                [1.0, -1e-06, 1e-06, -0.0, -0.0, 0.70121, 0.712956, 0.374726, -1e-06, -0.712957, 0.701206, -0.0, 0.0, 0.0, 0.0, 1.0],
                [1.000001, -1e-06, 1e-06, 0.0, -0.0, 0.760612, 0.649209, 0.374726, -1e-06, -0.64921, 0.760607, 0.0, 0.0, 0.0, 0.0, 1.0],
                [1.0, -1e-06, 1e-06, 0.0, -0.0, 0.726661, 0.686997, 0.374726, -1e-06, -0.686998, 0.726657, -0.0, 0.0, 0.0, 0.0, 1.0],
                [1.0, -1e-06, 1e-06, -0.0, -0.0, 0.639434, 0.768847, 0.374726, -1e-06, -0.768848, 0.639431, 0.0, 0.0, 0.0, 0.0, 1.0],
                [1.0, -1e-06, 1e-06, -0.0, -0.0, 0.555281, 0.831663, 0.374726, -1e-06, -0.831665, 0.555278, 0.0, 0.0, 0.0, 0.0, 1.0],
                [1.0, -1e-06, 1e-06, -0.0, -0.0, 0.544108, 0.839015, 0.374726, -1e-06, -0.839017, 0.544104, -0.0, 0.0, 0.0, 0.0, 1.0],
                [1.0, -1e-06, 1e-06, 0.0, -0.0, 0.515209, 0.857065, 0.374726, -1e-06, -0.857066, 0.515206, 0.0, 0.0, 0.0, 0.0, 1.0],
                [1.0, -1e-06, 1e-06, -0.0, -0.0, 0.476417, 0.879219, 0.374726, -1e-06, -0.879221, 0.476414, -0.0, 0.0, 0.0, 0.0, 1.0],
                [1.0, -1e-06, 1e-06, 0.0, -0.0, 0.435039, 0.900411, 0.374726, -1e-06, -0.900413, 0.435037, -0.0, 0.0, 0.0, 0.0, 1.0],
                [1.0, -1e-06, 0.0, -0.0, -0.0, 0.39706, 0.917793, 0.374726, -1e-06, -0.917794, 0.397057, -0.0, 0.0, 0.0, 0.0, 1.0],
