{
    "animation": [
        {
            "name": "Root",
            "time": [0.0, 0.0167, 0.0333, 0.05, 0.0667, 0.0833, 0.1, 0.1167, 0.1333, 0.15, 0.1667, 0.1833, 0.2, 0.2167, 0.2333, 0.25, 0.2667, 0.2833, 0.3, 0.3167, 0.3333, 0.35, 0.3667, 0.3833, 0.4, 0.4167, 0.4333, 0.45, 0.4667, 0.4833, 0.5, 0.5167, 0.5333, 0.55, 0.5667, 0.5833, 0.6, 0.6167, 0.6333, 0.65, 0.6667, 0.6833, 0.7, 0.7167, 0.7333, 0.75, 0.7667, 0.7833, 0.8, 0.8167, 0.8333, 0.85, 0.8667, 0.8833, 0.9, 0.9167, 0.9333, 0.95, 0.9667, 0.9833, 1.0, 1.0167, 1.0333, 1.05, 1.0667, 1.0833, 1.1, 1.1167, 1.1333, 1.15, 1.1667, 1.1833, 1.2, 1.2167, 1.2333, 1.25, 1.2667, 1.2833, 1.3, 1.3167, 1.3333, 1.35, 1.3667, 1.3833, 1.4, 1.4167, 1.4333, 1.45, 1.4667, 1.4833, 1.5, 1.5167, 1.5333, 1.55, 1.5667, 1.5833, 1.6, 1.6167, 1.6333, 1.65, 1.6667, 1.6833, 1.7, 1.7167, 1.7333, 1.75, 1.7667, 1.7833, 1.8, 1.8167, 1.8333, 1.85, 1.8667, 1.8833, 1.9, 1.9167, 1.9333, 1.95, 1.9667, 1.9833, 2.0, 2.0167, 2.0333, 2.05, 2.0667],
            "transform": [
                [0.534092, 0.0, -0.845426, -5e-06, -0.845426, 0.0, -0.534092, 0.000946, 0.0, 1.0, 0.0, 0.59865, 0.0, 0.0, 0.0, 1.0],
                [0.534092, 0.0, -0.845426, -5e-06, -0.845426, 0.0, -0.534092, 0.029739, 0.0, 1.0, 0.0, 0.595318, 0.0, 0.0, 0.0, 1.0],
                [0.534092, 0.0, -0.845426, -5e-06, -0.845426, 0.0, -0.534092, 0.102251, 0.0, 1.0, 0.0, 0.587988, 0.0, 0.0, 0.0, 1.0],
                [0.534092, 0.0, -0.845426, -5e-06, -0.845426, 0.0, -0.534092, 0.197681, 0.0, 1.0, 0.0, 0.580657, 0.0, 0.0, 0.0, 1.0],
                [0.534092, 0.0, -0.845426, -5e-06, -0.845426, 0.0, -0.534092, 0.295228, 0.0, 1.0, 0.0, 0.577325, 0.0, 0.0, 0.0, 1.0],
                [0.657154, 0.0, -0.753757, 0.02713, -0.753757, 0.0, -0.657154, 0.377025, 0.0, 1.0, 0.0, 0.577325, 0.0, 0.0, 0.0, 1.0],
                [0.882669, 0.0, -0.469996, 0.089182, -0.469996, 0.0, -0.882669, 0.436938, 0.0, 1.0, 0.0, 0.577325, 0.0, 0.0, 0.0, 1.0],
                [0.998768, 0.0, -0.049624, 0.157126, -0.049624, 0.0, -0.998768, 0.471764, 0.0, 1.0, 0.0, 0.577325, 0.0, 0.0, 0.0, 1.0],
                [0.928038, 0.0, 0.372484, 0.207077, 0.372484, 0.0, -0.928038, 0.485023, 0.0, 1.0, 0.0, 0.570691, 0.0, 0.0, 0.0, 1.0],
                [0.696718, 0.0, 0.717345, 0.235714, 0.717345, 0.0, -0.696718, 0.50712, 0.0, 1.0, 0.0, 0.55837, 0.0, 0.0, 0.0, 1.0],
                [0.336194, 0.0, 0.941793, 0.244855, 0.941793, 0.0, -0.336194, 0.575179, 0.0, 1.0, 0.0, 0.551735, 0.0, 0.0, 0.0, 1.0],
                [-0.11966, 0.0, 0.992815, 0.184587, 0.992815, 0.0, 0.11966, 0.719759, 0.0, 1.0, 0.0, 0.551735, 0.0, 0.0, 0.0, 1.0],
                [-0.563394, 0.0, 0.826189, 0.045045, 0.826189, 0.0, 0.563394, 0.920535, 0.0, 1.0, 0.0, 0.551735, 0.0, 0.0, 0.0, 1.0],
                [-0.867942, 0.0, 0.496666, -0.111879, 0.496666, 0.0, 0.867942, 1.138307, 0.0, 1.0, 0.0, 0.551735, 0.0, 0.0, 0.0, 1.0],
                [-0.992043, 0.0, 0.125904, -0.224292, 0.125904, 0.0, 0.992043, 1.333876, 0.0, 1.0, 0.0, 0.551735, 0.0, 0.0, 0.0, 1.0],
                [-0.980224, 0.0, -0.197891, -0.285489, -0.197891, 0.0, 0.980224, 1.477073, 0.0, 1.0, 0.0, 0.551735, 0.0, 0.0, 0.0, 1.0],
                [-0.894884, 0.0, -0.446299, -0.331478, -0.446299, 0.0, 0.894884, 1.573851, 0.0, 1.0, 0.0, 0.551735, 0.0, 0.0, 0.0, 1.0],
                [-0.777111, 0.0, -0.629363, -0.36443, -0.629363, 0.0, 0.777111, 1.639191, 0.0, 1.0, 0.0, 0.551735, 0.0, 0.0, 0.0, 1.0],
                [-0.639912, 0.0, -0.768448, -0.386519, -0.768448, 0.0, 0.639912, 1.688077, 0.0, 1.0, 0.0, 0.551735, 0.0, 0.0, 0.0, 1.0],
                [-0.476642, 0.0, -0.879098, -0.399917, -0.879098, 0.0, 0.476642, 1.735492, 0.0, 1.0, 0.0, 0.551735, 0.0, 0.0, 0.0, 1.0],
                [-0.268751, 0.0, -0.96321, -0.406798, -0.96321, 0.0, 0.268751, 1.796418, 0.0, 1.0, 0.0, 0.551735, 0.0, 0.0, 0.0, 1.0],
                [0.006143, 0.0, -0.999981, -0.409332, -0.999981, 0.0, -0.006143, 1.885838, 0.0, 1.0, 0.0, 0.551735, 0.0, 0.0, 0.0, 1.0],
                [0.35324, 0.0, -0.935533, -0.409694, -0.935533, 0.0, -0.35324, 2.018735, 0.0, 1.0, 0.0, 0.551735, 0.0, 0.0, 0.0, 1.0],
                [0.771589, 0.0, -0.636121, -0.339403, -0.636121, 0.0, -0.771589, 2.184548, 0.0, 1.0, 0.0, 0.551735, 0.0, 0.0, 0.0, 1.0],
                [0.967042, 0.0, -0.254617, -0.241347, -0.254617, 0.0, -0.967042, 2.270547, 0.0, 1.0, 0.0, 0.551735, 0.0, 0.0, 0.0, 1.0],
                [0.998472, 0.0, -0.055264, -0.191186, -0.055264, 0.0, -0.998472, 2.269243, 0.0, 1.0, 0.0, 0.551735, 0.0, 0.0, 0.0, 1.0],
                [0.994183, 0.0, 0.107701, -0.151021, 0.107701, 0.0, -0.994183, 2.265704, 0.0, 1.0, 0.0, 0.551735, 0.0, 0.0, 0.0, 1.0],
                [0.972564, 0.0, 0.232636, -0.11974, 0.232636, 0.0, -0.972564, 2.260489, 0.0, 1.0, 0.0, 0.551735, 0.0, 0.0, 0.0, 1.0],
                [0.946127, 0.0, 0.323795, -0.096233, 0.323795, 0.0, -0.946127, 2.254157, 0.0, 1.0, 0.0, 0.551735, 0.0, 0.0, 0.0, 1.0],
                [0.921964, 0.0, 0.387276, -0.07939, 0.387276, 0.0, -0.921964, 2.247265, 0.0, 1.0, 0.0, 0.551735, 0.0, 0.0, 0.0, 1.0],
                [0.903285, 0.0, 0.429041, -0.068099, 0.429041, 0.0, -0.903285, 2.240374, 0.0, 1.0, 0.0, 0.551735, 0.0, 0.0, 0.0, 1.0],
                [0.890852, 0.0, 0.454294, -0.06125, 0.454294, 0.0, -0.890852, 2.234041, 0.0, 1.0, 0.0, 0.551735, 0.0, 0.0, 0.0, 1.0],
                [0.883987, 0.0, 0.467512, -0.057734, 0.467512, 0.0, -0.883987, 2.228826, 0.0, 1.0, 0.0, 0.551735, 0.0, 0.0, 0.0, 1.0],
                [0.88123, 0.0, 0.472688, -0.056438, 0.472688, 0.0, -0.88123, 2.225287, 0.0, 1.0, 0.0, 0.551735, 0.0, 0.0, 0.0, 1.0],
                [0.880746, 0.0, 0.473589, -0.056253, 0.473589, 0.0, -0.880746, 2.223983, 0.0, 1.0, 0.0, 0.551735, 0.0, 0.0, 0.0, 1.0],
                [0.880746, 0.0, 0.473589, -0.056253, 0.473589, 0.0, -0.880746, 2.223983, 0.0, 1.0, 0.0, 0.551735, 0.0, 0.0, 0.0, 1.0],
                [0.880746, 0.0, 0.473589, -0.056253, 0.473589, 0.0, -0.880746, 2.223983, 0.0, 1.0, 0.0, 0.551735, 0.0, 0.0, 0.0, 1.0],
                [0.880746, 0.0, 0.473589, -0.056253, 0.473589, 0.0, -0.880746, 2.223983, 0.0, 1.0, 0.0, 0.551735, 0.0, 0.0, 0.0, 1.0],
                [0.880746, 0.0, 0.473589, -0.056253, 0.473589, 0.0, -0.880746, 2.223983, 0.0, 1.0, 0.0, 0.551735, 0.0, 0.0, 0.0, 1.0],
                [0.880746, 0.0, 0.473589, -0.056253, 0.473589, 0.0, -0.880746, 2.223983, 0.0, 1.0, 0.0, 0.551735, 0.0, 0.0, 0.0, 1.0],
                [0.880746, 0.0, 0.473589, -0.056253, 0.473589, 0.0, -0.880746, 2.223983, 0.0, 1.0, 0.0, 0.551735, 0.0, 0.0, 0.0, 1.0],
                [0.880746, 0.0, 0.473589, -0.056253, 0.473589, 0.0, -0.880746, 2.223983, 0.0, 1.0, 0.0, 0.551735, 0.0, 0.0, 0.0, 1.0],
                [0.880746, 0.0, 0.473589, -0.056253, 0.473589, 0.0, -0.880746, 2.223983, 0.0, 1.0, 0.0, 0.551735, 0.0, 0.0, 0.0, 1.0],
                [0.880746, 0.0, 0.473589, -0.056253, 0.473589, 0.0, -0.880746, 2.223983, 0.0, 1.0, 0.0, 0.551735, 0.0, 0.0, 0.0, 1.0],
                [0.880746, 0.0, 0.473589, -0.056253, 0.473589, 0.0, -0.880746, 2.223983, 0.0, 1.0, 0.0, 0.551735, 0.0, 0.0, 0.0, 1.0],
                [0.880746, 0.0, 0.473589, -0.056253, 0.473589, 0.0, -0.880746, 2.223983, 0.0, 1.0, 0.0, 0.551735, 0.0, 0.0, 0.0, 1.0],
                [0.880746, 0.0, 0.473589, -0.056253, 0.473589, 0.0, -0.880746, 2.223983, 0.0, 1.0, 0.0, 0.551735, 0.0, 0.0, 0.0, 1.0],
                [0.880746, 0.0, 0.473589, -0.056253, 0.473589, 0.0, -0.880746, 2.223983, 0.0, 1.0, 0.0, 0.551735, 0.0, 0.0, 0.0, 1.0],
                [0.880746, 0.0, 0.473589, -0.056253, 0.473589, 0.0, -0.880746, 2.223983, 0.0, 1.0, 0.0, 0.551735, 0.0, 0.0, 0.0, 1.0],
                [0.880746, 0.0, 0.473589, -0.056253, 0.473589, 0.0, -0.880746, 2.223983, 0.0, 1.0, 0.0, 0.551735, 0.0, 0.0, 0.0, 1.0],
                [0.880746, 0.0, 0.473589, -0.056253, 0.473589, 0.0, -0.880746, 2.223983, 0.0, 1.0, 0.0, 0.551735, 0.0, 0.0, 0.0, 1.0],
                [0.880746, 0.0, 0.473589, -0.056253, 0.473589, 0.0, -0.880746, 2.223983, 0.0, 1.0, 0.0, 0.551735, 0.0, 0.0, 0.0, 1.0],
                [0.880746, 0.0, 0.473589, -0.056253, 0.473589, 0.0, -0.880746, 2.223983, 0.0, 1.0, 0.0, 0.551735, 0.0, 0.0, 0.0, 1.0],
                [0.880746, 0.0, 0.473589, -0.056253, 0.473589, 0.0, -0.880746, 2.223983, 0.0, 1.0, 0.0, 0.551735, 0.0, 0.0, 0.0, 1.0],
                [0.880746, 0.0, 0.473589, -0.056253, 0.473589, 0.0, -0.880746, 2.223983, 0.0, 1.0, 0.0, 0.551735, 0.0, 0.0, 0.0, 1.0],
                [0.880746, 0.0, 0.473589, -0.056253, 0.473589, 0.0, -0.880746, 2.223983, 0.0, 1.0, 0.0, 0.551735, 0.0, 0.0, 0.0, 1.0],
                [0.880746, 0.0, 0.473589, -0.056253, 0.473589, 0.0, -0.880746, 2.223983, 0.0, 1.0, 0.0, 0.551735, 0.0, 0.0, 0.0, 1.0],
                [0.880746, 0.0, 0.473589, -0.056253, 0.473589, 0.0, -0.880746, 2.223983, 0.0, 1.0, 0.0, 0.551735, 0.0, 0.0, 0.0, 1.0],
                [0.880746, 0.0, 0.473589, -0.056253, 0.473589, 0.0, -0.880746, 2.223983, 0.0, 1.0, 0.0, 0.551735, 0.0, 0.0, 0.0, 1.0],
                [0.880746, 0.0, 0.473589, -0.056253, 0.473589, 0.0, -0.880746, 2.223983, 0.0, 1.0, 0.0, 0.551735, 0.0, 0.0, 0.0, 1.0],
                [0.880746, 0.0, 0.473589, -0.056253, 0.473589, 0.0, -0.880746, 2.223983, 0.0, 1.0, 0.0, 0.551735, 0.0, 0.0, 0.0, 1.0],
                [0.880746, 0.0, 0.473589, -0.056253, 0.473589, 0.0, -0.880746, 2.223983, 0.0, 1.0, 0.0, 0.551735, 0.0, 0.0, 0.0, 1.0],
                [0.880746, 0.0, 0.473589, -0.056253, 0.473589, 0.0, -0.880746, 2.223983, 0.0, 1.0, 0.0, 0.551735, 0.0, 0.0, 0.0, 1.0],
                [0.880746, 0.0, 0.473589, -0.056253, 0.473589, 0.0, -0.880746, 2.223983, 0.0, 1.0, 0.0, 0.551735, 0.0, 0.0, 0.0, 1.0],
                [0.880746, 0.0, 0.473589, -0.056253, 0.473589, 0.0, -0.880746, 2.223983, 0.0, 1.0, 0.0, 0.551735, 0.0, 0.0, 0.0, 1.0],
                [0.880746, 0.0, 0.473589, -0.056253, 0.473589, 0.0, -0.880746, 2.223983, 0.0, 1.0, 0.0, 0.551735, 0.0, 0.0, 0.0, 1.0],
                [0.880746, 0.0, 0.473589, -0.056253, 0.473589, 0.0, -0.880746, 2.223983, 0.0, 1.0, 0.0, 0.551735, 0.0, 0.0, 0.0, 1.0],
                [0.880746, 0.0, 0.473589, -0.056253, 0.473589, 0.0, -0.880746, 2.223983, 0.0, 1.0, 0.0, 0.551735, 0.0, 0.0, 0.0, 1.0],
                [0.880746, 0.0, 0.473589, -0.056253, 0.473589, 0.0, -0.880746, 2.223983, 0.0, 1.0, 0.0, 0.551735, 0.0, 0.0, 0.0, 1.0],
                [0.880746, 0.0, 0.473589, -0.056253, 0.473589, 0.0, -0.880746, 2.223983, 0.0, 1.0, 0.0, 0.551735, 0.0, 0.0, 0.0, 1.0],
                [0.880746, 0.0, 0.473589, -0.056253, 0.473589, 0.0, -0.880746, 2.223983, 0.0, 1.0, 0.0, 0.551735, 0.0, 0.0, 0.0, 1.0],
                [0.880746, 0.0, 0.473589, -0.056253, 0.473589, 0.0, -0.880746, 2.223983, 0.0, 1.0, 0.0, 0.551735, 0.0, 0.0, 0.0, 1.0],
                [0.880746, 0.0, 0.473589, -0.056253, 0.473589, 0.0, -0.880746, 2.223983, 0.0, 1.0, 0.0, 0.551735, 0.0, 0.0, 0.0, 1.0],
                [0.880746, 0.0, 0.473589, -0.056253, 0.473589, 0.0, -0.880746, 2.223983, 0.0, 1.0, 0.0, 0.551735, 0.0, 0.0, 0.0, 1.0],
                [0.880746, 0.0, 0.473589, -0.056253, 0.473589, 0.0, -0.880746, 2.223983, 0.0, 1.0, 0.0, 0.551735, 0.0, 0.0, 0.0, 1.0],
                [0.880746, 0.0, 0.473589, -0.056253, 0.473589, 0.0, -0.880746, 2.223983, 0.0, 1.0, 0.0, 0.551735, 0.0, 0.0, 0.0, 1.0],
                [0.880746, 0.0, 0.473589, -0.056253, 0.473589, 0.0, -0.880746, 2.223983, 0.0, 1.0, 0.0, 0.551735, 0.0, 0.0, 0.0, 1.0],
                [0.8811, 0.0, 0.47293, -0.056251, 0.47293, 0.0, -0.8811, 2.223984, 0.0, 1.0, 0.0, 0.551738, 0.0, 0.0, 0.0, 1.0],
                [0.882116, 0.0, 0.471032, -0.056241, 0.471032, 0.0, -0.882116, 2.223993, 0.0, 1.0, 0.0, 0.551753, 0.0, 0.0, 0.0, 1.0],
                [0.883726, 0.0, 0.468005, -0.056212, 0.468005, 0.0, -0.883726, 2.224015, 0.0, 1.0, 0.0, 0.551794, 0.0, 0.0, 0.0, 1.0],
                [0.885861, 0.0, 0.46395, -0.056155, 0.46395, 0.0, -0.885861, 2.224059, 0.0, 1.0, 0.0, 0.551875, 0.0, 0.0, 0.0, 1.0],
                [0.88846, 0.0, 0.458954, -0.056062, 0.458954, 0.0, -0.88846, 2.224131, 0.0, 1.0, 0.0, 0.552008, 0.0, 0.0, 0.0, 1.0],
                [0.891464, 0.0, 0.453092, -0.055923, 0.453092, 0.0, -0.891464, 2.224238, 0.0, 1.0, 0.0, 0.552207, 0.0, 0.0, 0.0, 1.0],
                [0.894823, 0.0, 0.446421, -0.055729, 0.446421, 0.0, -0.894823, 2.224388, 0.0, 1.0, 0.0, 0.552484, 0.0, 0.0, 0.0, 1.0],
                [0.898495, 0.0, 0.438984, -0.05547, 0.438984, 0.0, -0.898495, 2.224588, 0.0, 1.0, 0.0, 0.552853, 0.0, 0.0, 0.0, 1.0],
                [0.902448, 0.0, 0.4308, -0.055139, 0.4308, 0.0, -0.902448, 2.224844, 0.0, 1.0, 0.0, 0.553326, 0.0, 0.0, 0.0, 1.0],
                [0.906658, 0.0, 0.421867, -0.054724, 0.421867, 0.0, -0.906658, 2.225165, 0.0, 1.0, 0.0, 0.553918, 0.0, 0.0, 0.0, 1.0],
                [0.911113, 0.0, 0.412156, -0.054218, 0.412156, 0.0, -0.911113, 2.225556, 0.0, 1.0, 0.0, 0.55464, 0.0, 0.0, 0.0, 1.0],
                [0.915815, 0.0, 0.401601, -0.053612, 0.401601, 0.0, -0.915815, 2.226025, 0.0, 1.0, 0.0, 0.555507, 0.0, 0.0, 0.0, 1.0],
                [0.920776, 0.0, 0.390092, -0.052895, 0.390092, 0.0, -0.920776, 2.226579, 0.0, 1.0, 0.0, 0.55653, 0.0, 0.0, 0.0, 1.0],
                [0.926027, 0.0, 0.377458, -0.052059, 0.377458, 0.0, -0.926027, 2.227226, 0.0, 1.0, 0.0, 0.557724, 0.0, 0.0, 0.0, 1.0],
                [0.931619, 0.0, 0.363438, -0.051094, 0.363438, 0.0, -0.931619, 2.227971, 0.0, 1.0, 0.0, 0.559101, 0.0, 0.0, 0.0, 1.0],
                [0.937627, 0.0, 0.347642, -0.049992, 0.347642, 0.0, -0.937627, 2.228823, 0.0, 1.0, 0.0, 0.560675, 0.0, 0.0, 0.0, 1.0],
                [0.944164, 0.0, 0.329477, -0.048743, 0.329477, 0.0, -0.944164, 2.229789, 0.0, 1.0, 0.0, 0.562458, 0.0, 0.0, 0.0, 1.0],
                [0.951383, 0.0, 0.30801, -0.047339, 0.30801, 0.0, -0.951383, 2.230874, 0.0, 1.0, 0.0, 0.564464, 0.0, 0.0, 0.0, 1.0],
                [0.959499, 0.0, 0.281712, -0.045769, 0.281712, 0.0, -0.959499, 2.232088, 0.0, 1.0, 0.0, 0.566705, 0.0, 0.0, 0.0, 1.0],
                [0.968779, 0.0, 0.247926, -0.044025, 0.247926, 0.0, -0.968779, 2.233436, 0.0, 1.0, 0.0, 0.569196, 0.0, 0.0, 0.0, 1.0],
                [0.979464, 0.0, 0.201621, -0.042097, 0.201621, 0.0, -0.979464, 2.234926, 0.0, 1.0, 0.0, 0.571948, 0.0, 0.0, 0.0, 1.0],
                [0.991238, 0.0, 0.132092, -0.039977, 0.132092, 0.0, -0.991238, 2.236565, 0.0, 1.0, 0.0, 0.574975, 0.0, 0.0, 0.0, 1.0],
                [0.998504, 0.0, 0.05468, -0.035417, 0.05468, 0.0, -0.998504, 2.24009, 0.0, 1.0, 0.0, 0.581486, 0.0, 0.0, 0.0, 1.0],
                [0.999753, 0.0, -0.022246, -0.028543, -0.022246, 0.0, -0.999753, 2.245404, 0.0, 1.0, 0.0, 0.591302, 0.0, 0.0, 0.0, 1.0],
                [0.99733, 0.0, -0.073031, -0.022904, -0.073031, 0.0, -0.99733, 2.249764, 0.0, 1.0, 0.0, 0.599354, 0.0, 0.0, 0.0, 1.0],
                [0.992302, 0.0, -0.123844, -0.01923, -0.123844, 0.0, -0.992302, 2.252604, 0.0, 1.0, 0.0, 0.6046, 0.0, 0.0, 0.0, 1.0],
                [0.987975, 0.0, -0.154617, -0.015875, -0.154617, 0.0, -0.987975, 2.255198, 0.0, 1.0, 0.0, 0.60939, 0.0, 0.0, 0.0, 1.0],
                [0.984168, 0.0, -0.177239, -0.012825, -0.177239, 0.0, -0.984168, 2.257555, 0.0, 1.0, 0.0, 0.613745, 0.0, 0.0, 0.0, 1.0],
                [0.980645, 0.0, -0.195795, -0.010065, -0.195795, 0.0, -0.980645, 2.259689, 0.0, 1.0, 0.0, 0.617685, 0.0, 0.0, 0.0, 1.0],
                [0.977257, 0.0, -0.212056, -0.007581, -0.212056, 0.0, -0.977257, 2.261609, 0.0, 1.0, 0.0, 0.621232, 0.0, 0.0, 0.0, 1.0],
                [0.973917, 0.0, -0.226903, -0.005359, -0.226903, 0.0, -0.973917, 2.263327, 0.0, 1.0, 0.0, 0.624406, 0.0, 0.0, 0.0, 1.0],
                [0.970571, 0.0, -0.240813, -0.003383, -0.240813, 0.0, -0.970571, 2.264855, 0.0, 1.0, 0.0, 0.627227, 0.0, 0.0, 0.0, 1.0],
                [0.967189, 0.0, -0.254059, -0.001639, -0.254059, 0.0, -0.967189, 2.266203, 0.0, 1.0, 0.0, 0.629717, 0.0, 0.0, 0.0, 1.0],
                [0.963753, 0.0, -0.266795, -0.000113, -0.266795, 0.0, -0.963753, 2.267383, 0.0, 1.0, 0.0, 0.631897, 0.0, 0.0, 0.0, 1.0],
                [0.960261, 0.0, -0.279104, 0.00121, -0.279104, 0.0, -0.960261, 2.268406, 0.0, 1.0, 0.0, 0.633786, 0.0, 0.0, 0.0, 1.0],
                [0.956717, 0.0, -0.291021, 0.002345, -0.291021, 0.0, -0.956717, 2.269283, 0.0, 1.0, 0.0, 0.635405, 0.0, 0.0, 0.0, 1.0],
                [0.953135, 0.0, -0.302544, 0.003305, -0.302544, 0.0, -0.953135, 2.270025, 0.0, 1.0, 0.0, 0.636776, 0.0, 0.0, 0.0, 1.0],
                [0.94954, 0.0, -0.313645, 0.004106, -0.313645, 0.0, -0.94954, 2.270644, 0.0, 1.0, 0.0, 0.63792, 0.0, 0.0, 0.0, 1.0],
                [0.945963, 0.0, -0.324275, 0.004761, -0.324275, 0.0, -0.945963, 2.271151, 0.0, 1.0, 0.0, 0.638855, 0.0, 0.0, 0.0, 1.0],
                [0.942445, 0.0, -0.334361, 0.005286, -0.334361, 0.0, -0.942445, 2.271556, 0.0, 1.0, 0.0, 0.639605, 0.0, 0.0, 0.0, 1.0],
                [0.939039, 0.0, -0.343811, 0.005695, -0.343811, 0.0, -0.939039, 2.271872, 0.0, 1.0, 0.0, 0.640189, 0.0, 0.0, 0.0, 1.0],
                [0.935805, 0.0, -0.352518, 0.006002, -0.352518, 0.0, -0.935805, 2.27211, 0.0, 1.0, 0.0, 0.640627, 0.0, 0.0, 0.0, 1.0],
                [0.932816, 0.0, -0.360353, 0.006222, -0.360353, 0.0, -0.932816, 2.27228, 0.0, 1.0, 0.0, 0.640941, 0.0, 0.0, 0.0, 1.0],
                [0.930154, 0.0, -0.367171, 0.006369, -0.367171, 0.0, -0.930154, 2.272394, 0.0, 1.0, 0.0, 0.641152, 0.0, 0.0, 0.0, 1.0],
                [0.927908, 0.0, -0.372808, 0.006459, -0.372808, 0.0, -0.927908, 2.272463, 0.0, 1.0, 0.0, 0.64128, 0.0, 0.0, 0.0, 1.0],
                [0.926178, 0.0, -0.377086, 0.006505, -0.377086, 0.0, -0.926178, 2.272499, 0.0, 1.0, 0.0, 0.641346, 0.0, 0.0, 0.0, 1.0],
                [0.925066, 0.0, -0.379808, 0.006522, -0.379808, 0.0, -0.925066, 2.272512, 0.0, 1.0, 0.0, 0.64137, 0.0, 0.0, 0.0, 1.0],
                [0.924672, 0.0, -0.380764, 0.006524, -0.380764, 0.0, -0.924672, 2.272514, 0.0, 1.0, 0.0, 0.641373, 0.0, 0.0, 0.0, 1.0]
            ]
        },
        {
            "name": "Thigh_R",
            "time": [0.0, 0.0167, 0.0333, 0.05, 0.0667, 0.0833, 0.1, 0.1167, 0.1333, 0.15, 0.1667, 0.1833, 0.2, 0.2167, 0.2333, 0.25, 0.2667, 0.2833, 0.3, 0.3167, 0.3333, 0.35, 0.3667, 0.3833, 0.4, 0.4167, 0.4333, 0.45, 0.4667, 0.4833, 0.5, 0.5167, 0.5333, 0.55, 0.5667, 0.5833, 0.6, 0.6167, 0.6333, 0.65, 0.6667, 0.6833, 0.7, 0.7167, 0.7333, 0.75, 0.7667, 0.7833, 0.8, 0.8167, 0.8333, 0.85, 0.8667, 0.8833, 0.9, 0.9167, 0.9333, 0.95, 0.9667, 0.9833, 1.0, 1.0167, 1.0333, 1.05, 1.0667, 1.0833, 1.1, 1.1167, 1.1333, 1.15, 1.1667, 1.1833, 1.2, 1.2167, 1.2333, 1.25, 1.2667, 1.2833, 1.3, 1.3167, 1.3333, 1.35, 1.3667, 1.3833, 1.4, 1.4167, 1.4333, 1.45, 1.4667, 1.4833, 1.5, 1.5167, 1.5333, 1.55, 1.5667, 1.5833, 1.6, 1.6167, 1.6333, 1.65, 1.6667, 1.6833, 1.7, 1.7167, 1.7333, 1.75, 1.7667, 1.7833, 1.8, 1.8167, 1.8333, 1.85, 1.8667, 1.8833, 1.9, 1.9167, 1.9333, 1.95, 1.9667, 1.9833, 2.0, 2.0167, 2.0333, 2.05, 2.0667],
            "transform": [
                [0.887782, -0.243571, -0.390535, 0.124994, 0.225129, -0.510274, 0.830023, -0.002831, -0.401449, -0.8248, -0.398177, -1.2e-05, 0.0, 0.0, 0.0, 1.0],
                [0.858961, -0.243565, -0.450404, 0.124994, 0.309937, -0.452866, 0.835973, -0.002831, -0.407586, -0.857665, -0.313504, -1.2e-05, 0.0, 0.0, 0.0, 1.0],
                [0.786896, -0.158935, -0.596266, 0.124994, 0.463778, -0.485087, 0.741351, -0.002831, -0.407068, -0.859902, -0.308003, -1.2e-05, 0.0, 0.0, 0.0, 1.0],
                [0.70906, 0.07418, -0.701235, 0.124994, 0.584339, -0.618434, 0.525439, -0.002831, -0.394691, -0.782328, -0.481853, -1.2e-05, 0.0, 0.0, 0.0, 1.0],
                [0.657152, 0.319349, -0.682764, 0.124994, 0.648032, -0.702002, 0.295376, -0.002831, -0.384974, -0.636561, -0.668271, -1.2e-05, 0.0, 0.0, 0.0, 1.0],
                [0.691305, 0.506375, -0.515444, 0.124994, 0.643326, -0.756131, 0.11999, -0.002831, -0.328983, -0.414548, -0.848481, -1.2e-05, 0.0, 0.0, 0.0, 1.0],
                [0.812555, 0.56526, -0.142249, 0.124994, 0.555105, -0.824875, -0.106962, -0.002831, -0.177798, 0.007949, -0.984034, -1.2e-05, 0.0, 0.0, 0.0, 1.0],
                [0.916135, 0.327972, 0.230501, 0.124994, 0.393756, -0.844083, -0.36398, -0.002831, 0.075187, 0.424216, -0.902435, -1.2e-05, 0.0, 0.0, 0.0, 1.0],
                [0.891844, -0.007838, 0.452275, 0.124994, 0.245278, -0.831719, -0.498079, -0.002831, 0.38007, 0.555142, -0.73984, -1.2e-05, 0.0, 0.0, 0.0, 1.0],
                [0.738778, -0.250881, 0.625512, 0.124994, 0.157748, -0.837976, -0.52241, -0.002831, 0.655227, 0.484619, -0.579502, -1.2e-05, 0.0, 0.0, 0.0, 1.0],
                [0.496189, -0.470372, 0.729758, 0.124994, 0.1158, -0.797163, -0.592556, -0.002831, 0.860457, 0.378526, -0.341074, -1.2e-05, 0.0, 0.0, 0.0, 1.0],
                [0.340145, -0.254447, 0.905294, 0.124994, 0.078217, -0.951706, -0.29688, -0.002831, 0.937114, 0.171791, -0.303816, -1.2e-05, 0.0, 0.0, 0.0, 1.0],
                [0.497924, 0.052403, 0.865636, 0.124994, 0.15808, -0.986934, -0.031184, -0.002831, 0.852691, 0.152367, -0.499702, -1.2e-05, 0.0, 0.0, 0.0, 1.0],
                [0.588393, -0.157557, 0.793076, 0.124994, 0.268506, -0.8871, -0.375445, -0.002831, 0.762692, 0.433854, -0.479658, -1.2e-05, 0.0, 0.0, 0.0, 1.0],
                [0.496189, -0.470371, 0.729758, 0.124994, 0.115801, -0.797163, -0.592555, -0.002831, 0.860457, 0.378526, -0.341074, -1.2e-05, 0.0, 0.0, 0.0, 1.0],
                [0.46655, -0.383436, 0.797062, 0.124994, -0.315627, -0.913994, -0.254939, -0.002831, 0.826263, -0.132633, -0.547447, -1.2e-05, 0.0, 0.0, 0.0, 1.0],
                [0.5693, -0.234357, 0.788019, 0.124994, -0.562018, -0.810504, 0.164983, -0.002831, 0.600027, -0.536806, -0.593133, -1.2e-05, 0.0, 0.0, 0.0, 1.0],
                [0.610475, -0.010667, 0.791964, 0.124994, -0.561825, -0.710632, 0.423504, -0.002831, 0.558277, -0.703484, -0.439816, -1.2e-05, 0.0, 0.0, 0.0, 1.0],
                [0.568068, 0.248096, 0.784695, 0.124994, -0.496585, -0.657011, 0.567221, -0.002831, 0.656279, -0.711888, -0.250026, -1.2e-05, 0.0, 0.0, 0.0, 1.0],
                [0.460162, 0.504857, 0.730323, 0.124994, -0.411994, -0.607234, 0.679358, -0.002831, 0.786455, -0.613503, -0.071428, -1.2e-05, 0.0, 0.0, 0.0, 1.0],
                [0.300844, 0.737718, 0.604372, 0.124994, -0.311486, -0.522965, 0.793401, -0.002831, 0.901371, -0.426943, 0.072458, -1.2e-05, 0.0, 0.0, 0.0, 1.0],
                [0.217308, 0.894481, 0.390745, 0.124994, -0.142553, -0.366937, 0.919258, -0.002831, 0.965638, -0.255464, 0.047773, -1.2e-05, 0.0, 0.0, 0.0, 1.0],
                [0.837426, 0.503557, -0.212479, 0.124993, 0.513449, -0.591585, 0.621609, -0.002831, 0.187316, -0.629649, -0.75396, -1.2e-05, 0.0, 0.0, 0.0, 1.0],
                [0.82001, 0.567581, -0.073725, 0.124994, 0.505982, -0.658678, 0.556889, -0.002831, 0.267518, -0.493958, -0.827308, -1.2e-05, 0.0, 0.0, 0.0, 1.0],
                [0.830232, 0.556601, -0.030168, 0.124994, 0.487996, -0.69961, 0.521925, -0.002831, 0.269398, -0.448041, -0.852458, -1.2e-05, 0.0, 0.0, 0.0, 1.0],
                [0.911749, 0.409335, -0.03403, 0.124994, 0.390611, -0.83845, 0.380032, -0.002831, 0.127028, -0.359786, -0.924347, -1.2e-05, 0.0, 0.0, 0.0, 1.0],
                [0.933754, 0.349189, 0.078553, 0.124994, 0.305276, -0.891578, 0.334507, -0.002831, 0.186842, -0.288367, -0.939114, -1.2e-05, 0.0, 0.0, 0.0, 1.0],
                [0.932218, 0.310316, 0.186207, 0.124994, 0.24311, -0.918123, 0.312967, -0.002831, 0.26808, -0.246485, -0.931332, -1.2e-05, 0.0, 0.0, 0.0, 1.0],
                [0.919795, 0.284747, 0.26999, 0.124994, 0.199102, -0.931572, 0.304192, -0.002831, 0.338133, -0.226039, -0.913549, -1.1e-05, 0.0, 0.0, 0.0, 1.0],
                [0.904887, 0.269847, 0.329182, 0.124994, 0.169036, -0.937582, 0.30392, -0.002831, 0.390647, -0.21937, -0.894019, -1.2e-05, 0.0, 0.0, 0.0, 1.0],
                [0.892072, 0.263009, 0.367468, 0.124994, 0.149574, -0.939193, 0.309102, -0.002831, 0.42642, -0.220778, -0.877167, -1.2e-05, 0.0, 0.0, 0.0, 1.0],
                [0.883165, 0.261505, 0.389403, 0.124994, 0.138022, -0.938301, 0.317084, -0.002831, 0.448296, -0.226292, -0.864767, -1.2e-05, 0.0, 0.0, 0.0, 1.0],
                [0.878235, 0.262819, 0.399536, 0.124994, 0.132122, -0.936277, 0.325469, -0.002831, 0.459616, -0.23305, -0.856995, -1.2e-05, 0.0, 0.0, 0.0, 1.0],
                [0.876352, 0.264831, 0.402332, 0.124994, 0.1299, -0.93428, 0.332035, -0.002831, 0.463824, -0.238717, -0.853159, -1.2e-05, 0.0, 0.0, 0.0, 1.0],
                [0.876083, 0.26583, 0.402261, 0.124994, 0.129544, -0.933384, 0.334683, -0.002831, 0.464433, -0.2411, -0.852158, -1.2e-05, 0.0, 0.0, 0.0, 1.0],
                [0.876082, 0.26583, 0.402261, 0.124994, 0.129544, -0.933384, 0.334683, -0.002831, 0.464433, -0.2411, -0.852158, -1.2e-05, 0.0, 0.0, 0.0, 1.0],
                [0.876083, 0.26583, 0.402261, 0.124994, 0.129544, -0.933384, 0.334683, -0.002831, 0.464433, -0.2411, -0.852158, -1.2e-05, 0.0, 0.0, 0.0, 1.0],
                [0.876082, 0.26583, 0.402261, 0.124994, 0.129544, -0.933384, 0.334683, -0.002831, 0.464433, -0.2411, -0.852158, -1.2e-05, 0.0, 0.0, 0.0, 1.0],
                [0.876083, 0.26583, 0.402261, 0.124994, 0.129544, -0.933384, 0.334683, -0.002831, 0.464433, -0.2411, -0.852158, -1.2e-05, 0.0, 0.0, 0.0, 1.0],
                [0.876082, 0.26583, 0.402261, 0.124994, 0.129544, -0.933384, 0.334683, -0.002831, 0.464433, -0.2411, -0.852158, -1.2e-05, 0.0, 0.0, 0.0, 1.0],
                [0.876083, 0.26583, 0.402261, 0.124994, 0.129544, -0.933384, 0.334683, -0.002831, 0.464433, -0.2411, -0.852158, -1.2e-05, 0.0, 0.0, 0.0, 1.0],
                [0.876082, 0.26583, 0.402261, 0.124994, 0.129544, -0.933384, 0.334683, -0.002831, 0.464433, -0.2411, -0.852158, -1.2e-05, 0.0, 0.0, 0.0, 1.0],
                [0.876083, 0.26583, 0.402261, 0.124994, 0.129544, -0.933384, 0.334683, -0.002831, 0.464433, -0.2411, -0.852158, -1.2e-05, 0.0, 0.0, 0.0, 1.0],
                [0.876082, 0.26583, 0.402261, 0.124994, 0.129544, -0.933384, 0.334683, -0.002831, 0.464433, -0.2411, -0.852158, -1.2e-05, 0.0, 0.0, 0.0, 1.0],
                [0.876083, 0.26583, 0.402261, 0.124994, 0.129544, -0.933384, 0.334683, -0.002831, 0.464433, -0.2411, -0.852158, -1.2e-05, 0.0, 0.0, 0.0, 1.0],
                [0.876082, 0.26583, 0.402261, 0.124994, 0.129544, -0.933384, 0.334683, -0.002831, 0.464433, -0.2411, -0.852158, -1.2e-05, 0.0, 0.0, 0.0, 1.0],
                [0.876083, 0.26583, 0.402261, 0.124994, 0.129544, -0.933384, 0.334683, -0.002831, 0.464433, -0.2411, -0.852158, -1.2e-05, 0.0, 0.0, 0.0, 1.0],
                [0.876082, 0.26583, 0.402261, 0.124994, 0.129544, -0.933384, 0.334683, -0.002831, 0.464433, -0.2411, -0.852158, -1.2e-05, 0.0, 0.0, 0.0, 1.0],
                [0.876083, 0.26583, 0.402261, 0.124994, 0.129544, -0.933384, 0.334683, -0.002831, 0.464433, -0.2411, -0.852158, -1.2e-05, 0.0, 0.0, 0.0, 1.0],
                [0.876082, 0.26583, 0.402261, 0.124994, 0.129544, -0.933384, 0.334683, -0.002831, 0.464433, -0.2411, -0.852158, -1.2e-05, 0.0, 0.0, 0.0, 1.0],
                [0.876083, 0.26583, 0.402261, 0.124994, 0.129544, -0.933384, 0.334683, -0.002831, 0.464433, -0.2411, -0.852158, -1.2e-05, 0.0, 0.0, 0.0, 1.0],
                [0.876082, 0.26583, 0.402261, 0.124994, 0.129544, -0.933384, 0.334683, -0.002831, 0.464433, -0.2411, -0.852158, -1.2e-05, 0.0, 0.0, 0.0, 1.0],
                [0.876083, 0.26583, 0.402261, 0.124994, 0.129544, -0.933384, 0.334683, -0.002831, 0.464433, -0.2411, -0.852158, -1.2e-05, 0.0, 0.0, 0.0, 1.0],
                [0.876082, 0.26583, 0.402261, 0.124994, 0.129544, -0.933384, 0.334683, -0.002831, 0.464433, -0.2411, -0.852158, -1.2e-05, 0.0, 0.0, 0.0, 1.0],
                [0.876083, 0.26583, 0.402261, 0.124994, 0.129544, -0.933384, 0.334683, -0.002831, 0.464433, -0.2411, -0.852158, -1.2e-05, 0.0, 0.0, 0.0, 1.0],
                [0.876082, 0.26583, 0.402261, 0.124994, 0.129544, -0.933384, 0.334683, -0.002831, 0.464433, -0.2411, -0.852158, -1.2e-05, 0.0, 0.0, 0.0, 1.0],
                [0.876083, 0.26583, 0.402261, 0.124994, 0.129544, -0.933384, 0.334683, -0.002831, 0.464433, -0.2411, -0.852158, -1.2e-05, 0.0, 0.0, 0.0, 1.0],
                [0.876082, 0.26583, 0.402261, 0.124994, 0.129544, -0.933384, 0.334683, -0.002831, 0.464433, -0.2411, -0.852158, -1.2e-05, 0.0, 0.0, 0.0, 1.0],
                [0.876083, 0.26583, 0.402261, 0.124994, 0.129544, -0.933384, 0.334683, -0.002831, 0.464433, -0.2411, -0.852158, -1.2e-05, 0.0, 0.0, 0.0, 1.0],
                [0.876082, 0.26583, 0.402261, 0.124994, 0.129544, -0.933384, 0.334683, -0.002831, 0.464433, -0.2411, -0.852158, -1.2e-05, 0.0, 0.0, 0.0, 1.0],
                [0.876083, 0.26583, 0.402261, 0.124994, 0.129544, -0.933384, 0.334683, -0.002831, 0.464433, -0.2411, -0.852158, -1.2e-05, 0.0, 0.0, 0.0, 1.0],
                [0.876082, 0.26583, 0.402261, 0.124994, 0.129544, -0.933384, 0.334683, -0.002831, 0.464433, -0.2411, -0.852158, -1.2e-05, 0.0, 0.0, 0.0, 1.0],
                [0.876083, 0.26583, 0.402261, 0.124994, 0.129544, -0.933384, 0.334683, -0.002831, 0.464433, -0.2411, -0.852158, -1.2e-05, 0.0, 0.0, 0.0, 1.0],
                [0.876082, 0.26583, 0.402261, 0.124994, 0.129544, -0.933384, 0.334683, -0.002831, 0.464433, -0.2411, -0.852158, -1.2e-05, 0.0, 0.0, 0.0, 1.0],
                [0.876083, 0.26583, 0.402261, 0.124994, 0.129544, -0.933384, 0.334683, -0.002831, 0.464433, -0.2411, -0.852158, -1.2e-05, 0.0, 0.0, 0.0, 1.0],
                [0.876082, 0.26583, 0.402261, 0.124994, 0.129544, -0.933384, 0.334683, -0.002831, 0.464433, -0.2411, -0.852158, -1.2e-05, 0.0, 0.0, 0.0, 1.0],
                [0.876083, 0.26583, 0.402261, 0.124994, 0.129544, -0.933384, 0.334683, -0.002831, 0.464433, -0.2411, -0.852158, -1.2e-05, 0.0, 0.0, 0.0, 1.0],
                [0.876082, 0.26583, 0.402261, 0.124994, 0.129544, -0.933384, 0.334683, -0.002831, 0.464433, -0.2411, -0.852158, -1.2e-05, 0.0, 0.0, 0.0, 1.0],
                [0.876083, 0.26583, 0.402261, 0.124994, 0.129544, -0.933384, 0.334683, -0.002831, 0.464433, -0.2411, -0.852158, -1.2e-05, 0.0, 0.0, 0.0, 1.0],
                [0.876082, 0.26583, 0.402261, 0.124994, 0.129544, -0.933384, 0.334683, -0.002831, 0.464433, -0.2411, -0.852158, -1.2e-05, 0.0, 0.0, 0.0, 1.0],
                [0.876083, 0.26583, 0.402261, 0.124994, 0.129544, -0.933384, 0.334683, -0.002831, 0.464433, -0.2411, -0.852158, -1.2e-05, 0.0, 0.0, 0.0, 1.0],
                [0.876082, 0.26583, 0.402261, 0.124994, 0.129544, -0.933384, 0.334683, -0.002831, 0.464433, -0.2411, -0.852158, -1.2e-05, 0.0, 0.0, 0.0, 1.0],
                [0.876083, 0.26583, 0.402261, 0.124994, 0.129544, -0.933384, 0.334683, -0.002831, 0.464433, -0.2411, -0.852158, -1.2e-05, 0.0, 0.0, 0.0, 1.0],
                [0.876082, 0.26583, 0.402261, 0.124994, 0.129544, -0.933384, 0.334683, -0.002831, 0.464433, -0.2411, -0.852158, -1.2e-05, 0.0, 0.0, 0.0, 1.0],
                [0.876083, 0.26583, 0.402261, 0.124994, 0.129544, -0.933384, 0.334683, -0.002831, 0.464433, -0.2411, -0.852158, -1.2e-05, 0.0, 0.0, 0.0, 1.0],
                [0.876082, 0.26583, 0.402261, 0.124994, 0.129544, -0.933384, 0.334683, -0.002831, 0.464433, -0.2411, -0.852158, -1.2e-05, 0.0, 0.0, 0.0, 1.0],
                [0.876083, 0.26583, 0.402261, 0.124994, 0.129544, -0.933384, 0.334683, -0.002831, 0.464433, -0.2411, -0.852158, -1.2e-05, 0.0, 0.0, 0.0, 1.0],
                [0.875418, 0.267014, 0.402924, 0.124994, 0.130479, -0.93317, 0.334916, -0.002831, 0.465423, -0.240618, -0.851754, -1.2e-05, 0.0, 0.0, 0.0, 1.0],
                [0.873459, 0.270447, 0.40488, 0.124994, 0.133192, -0.932551, 0.335573, -0.002831, 0.468326, -0.239183, -0.850566, -1.2e-05, 0.0, 0.0, 0.0, 1.0],
                [0.870241, 0.275951, 0.408084, 0.124994, 0.137544, -0.931545, 0.336608, -0.002831, 0.473036, -0.236801, -0.848624, -1.2e-05, 0.0, 0.0, 0.0, 1.0],
                [0.86578, 0.283345, 0.41248, 0.124994, 0.143388, -0.930163, 0.33799, -0.002831, 0.479441, -0.233481, -0.845945, -1.2e-05, 0.0, 0.0, 0.0, 1.0],
                [0.860089, 0.292436, 0.418005, 0.124994, 0.150568, -0.928403, 0.339701, -0.002831, 0.487418, -0.229235, -0.842541, -1.2e-05, 0.0, 0.0, 0.0, 1.0],
                [0.853176, 0.303024, 0.424578, 0.124994, 0.158922, -0.926264, 0.341731, -0.002831, 0.496824, -0.224081, -0.838423, -1.2e-05, 0.0, 0.0, 0.0, 1.0],
                [0.845061, 0.314897, 0.432101, 0.124994, 0.168279, -0.923739, 0.344077, -0.002831, 0.507497, -0.218053, -0.833606, -1.1e-05, 0.0, 0.0, 0.0, 1.0],
                [0.835781, 0.327826, 0.440453, 0.124994, 0.178457, -0.92083, 0.346736, -0.002831, 0.519252, -0.211194, -0.828115, -1.2e-05, 0.0, 0.0, 0.0, 1.0],
                [0.825399, 0.341576, 0.44949, 0.124994, 0.189267, -0.917542, 0.349707, -0.002831, 0.531878, -0.203574, -0.821988, -1.2e-05, 0.0, 0.0, 0.0, 1.0],
                [0.814014, 0.355898, 0.459041, 0.124994, 0.200513, -0.913893, 0.352979, -0.002831, 0.545139, -0.195286, -0.815283, -1.2e-05, 0.0, 0.0, 0.0, 1.0],
                [0.801766, 0.370535, 0.46891, 0.124994, 0.211994, -0.909912, 0.356538, -0.002831, 0.558776, -0.186454, -0.808087, -1.2e-05, 0.0, 0.0, 0.0, 1.0],
                [0.78885, 0.385229, 0.478867, 0.124994, 0.223506, -0.905641, 0.360362, -0.002831, 0.572503, -0.177242, -0.800515, -1.2e-05, 0.0, 0.0, 0.0, 1.0],
                [0.775523, 0.399725, 0.488655, 0.124994, 0.234848, -0.901135, 0.364421, -0.002831, 0.586012, -0.167857, -0.792726, -1.2e-05, 0.0, 0.0, 0.0, 1.0],
                [0.762115, 0.413774, 0.497968, 0.124994, 0.245816, -0.896463, 0.368685, -0.002831, 0.598962, -0.158572, -0.78492, -1.2e-05, 0.0, 0.0, 0.0, 1.0],
                [0.749043, 0.427139, 0.506444, 0.124994, 0.256215, -0.891703, 0.373121, -0.002831, 0.610973, -0.149725, -0.777364, -1.2e-05, 0.0, 0.0, 0.0, 1.0],
                [0.736848, 0.439593, 0.513628, 0.124994, 0.265849, -0.886939, 0.377708, -0.002831, 0.621595, -0.141766, -0.770404, -1.2e-05, 0.0, 0.0, 0.0, 1.0],
                [0.726227, 0.450916, 0.518912, 0.124994, 0.274512, -0.882251, 0.38246, -0.002831, 0.630268, -0.135305, -0.764497, -1.2e-05, 0.0, 0.0, 0.0, 1.0],
                [0.718128, 0.460883, 0.521421, 0.124994, 0.281982, -0.877709, 0.387444, -0.002831, 0.636222, -0.131202, -0.760268, -1.2e-05, 0.0, 0.0, 0.0, 1.0],
                [0.713904, 0.469213, 0.519789, 0.124994, 0.287983, -0.873351, 0.392842, -0.002831, 0.638285, -0.130761, -0.758614, -1.1e-05, 0.0, 0.0, 0.0, 1.0],
                [0.715632, 0.475463, 0.511669, 0.124994, 0.292123, -0.869142, 0.399071, -0.002831, 0.634457, -0.136117, -0.760879, -1.2e-05, 0.0, 0.0, 0.0, 1.0],
                [0.726781, 0.478692, 0.492589, 0.124994, 0.293771, -0.86488, 0.407041, -0.002831, 0.620877, -0.151122, -0.769204, -1.2e-05, 0.0, 0.0, 0.0, 1.0],
                [0.753727, 0.476305, 0.452801, 0.124994, 0.291762, -0.859897, 0.41887, -0.002831, 0.588872, -0.183604, -0.787096, -1.2e-05, 0.0, 0.0, 0.0, 1.0],
                [0.785943, 0.462077, 0.410826, 0.124994, 0.285368, -0.860535, 0.421953, -0.002831, 0.548505, -0.214395, -0.808194, -1.2e-05, 0.0, 0.0, 0.0, 1.0],
                [0.817438, 0.438853, 0.3731, 0.124994, 0.276422, -0.867134, 0.414331, -0.002831, 0.505358, -0.235557, -0.830136, -1.2e-05, 0.0, 0.0, 0.0, 1.0],
                [0.832934, 0.42456, 0.354921, 0.124994, 0.27236, -0.872844, 0.404925, -0.002831, 0.481706, -0.24061, -0.842654, -1.2e-05, 0.0, 0.0, 0.0, 1.0],
                [0.847618, 0.415021, 0.330608, 0.124994, 0.270775, -0.874162, 0.40314, -0.002831, 0.456317, -0.252189, -0.853333, -1.2e-05, 0.0, 0.0, 0.0, 1.0],
                [0.852753, 0.410403, 0.323083, 0.124994, 0.27122, -0.876558, 0.397601, -0.002831, 0.446377, -0.251429, -0.858796, -1.1e-05, 0.0, 0.0, 0.0, 1.0],
                [0.85479, 0.407631, 0.321203, 0.124994, 0.272401, -0.879214, 0.390872, -0.002831, 0.441738, -0.246618, -0.862582, -1.1e-05, 0.0, 0.0, 0.0, 1.0],
                [0.855875, 0.405502, 0.321009, 0.124994, 0.273869, -0.881871, 0.383797, -0.002831, 0.438719, -0.240568, -0.865825, -1.2e-05, 0.0, 0.0, 0.0, 1.0],
                [0.856969, 0.403443, 0.320681, 0.124994, 0.275417, -0.884446, 0.376697, -0.002831, 0.435601, -0.234497, -0.869058, -1.2e-05, 0.0, 0.0, 0.0, 1.0],
                [0.858603, 0.401131, 0.319209, 0.124994, 0.276924, -0.886931, 0.369686, -0.002831, 0.431409, -0.229017, -0.872604, -1.2e-05, 0.0, 0.0, 0.0, 1.0],
                [0.861047, 0.398402, 0.31603, 0.124994, 0.278328, -0.88933, 0.362803, -0.002831, 0.425596, -0.22443, -0.87664, -1.2e-05, 0.0, 0.0, 0.0, 1.0],
                [0.864308, 0.395276, 0.311013, 0.124994, 0.279618, -0.891621, 0.356127, -0.002831, 0.418074, -0.220839, -0.881161, -1.2e-05, 0.0, 0.0, 0.0, 1.0],
                [0.868332, 0.391789, 0.304138, 0.124994, 0.28079, -0.893792, 0.349704, -0.002831, 0.408846, -0.21826, -0.886119, -1.2e-05, 0.0, 0.0, 0.0, 1.0],
                [0.873033, 0.387976, 0.295445, 0.124994, 0.281845, -0.895839, 0.343563, -0.002831, 0.397965, -0.216672, -0.891447, -1.1e-05, 0.0, 0.0, 0.0, 1.0],
                [0.878302, 0.383866, 0.285013, 0.124994, 0.282781, -0.897765, 0.337718, -0.002831, 0.385513, -0.216022, -0.897059, -1.2e-05, 0.0, 0.0, 0.0, 1.0],
                [0.884012, 0.379489, 0.272967, 0.124994, 0.283599, -0.899573, 0.332177, -0.002831, 0.371611, -0.216235, -0.902855, -1.2e-05, 0.0, 0.0, 0.0, 1.0],
                [0.890021, 0.374877, 0.259479, 0.124994, 0.284297, -0.901268, 0.326942, -0.002831, 0.356423, -0.217216, -0.908724, -1.2e-05, 0.0, 0.0, 0.0, 1.0],
                [0.896176, 0.370072, 0.244775, 0.124994, 0.284877, -0.902856, 0.322018, -0.002831, 0.340166, -0.218854, -0.914543, -1.2e-05, 0.0, 0.0, 0.0, 1.0],
                [0.902314, 0.36513, 0.22915, 0.124994, 0.285338, -0.904338, 0.317418, -0.002831, 0.323128, -0.221026, -0.920182, -1.2e-05, 0.0, 0.0, 0.0, 1.0],
                [0.908266, 0.36013, 0.212976, 0.124994, 0.285685, -0.905712, 0.313161, -0.002831, 0.305673, -0.22359, -0.925512, -1.2e-05, 0.0, 0.0, 0.0, 1.0],
                [0.913868, 0.355177, 0.196713, 0.124994, 0.285923, -0.90697, 0.309279, -0.002831, 0.288262, -0.226396, -0.930403, -1.2e-05, 0.0, 0.0, 0.0, 1.0],
                [0.918957, 0.350409, 0.180919, 0.124994, 0.286062, -0.9081, 0.305816, -0.002831, 0.271453, -0.229277, -0.934743, -1.2e-05, 0.0, 0.0, 0.0, 1.0],
                [0.923389, 0.346, 0.166244, 0.124994, 0.286119, -0.909082, 0.30283, -0.002831, 0.255909, -0.232064, -0.938433, -1.2e-05, 0.0, 0.0, 0.0, 1.0],
                [0.927034, 0.342155, 0.153422, 0.124994, 0.286114, -0.909893, 0.30039, -0.002831, 0.242377, -0.234576, -0.941397, -1.2e-05, 0.0, 0.0, 0.0, 1.0],
                [0.929778, 0.339104, 0.14325, 0.124994, 0.286073, -0.910504, 0.298572, -0.002831, 0.231677, -0.236626, -0.943575, -1.2e-05, 0.0, 0.0, 0.0, 1.0],
                [0.931514, 0.337097, 0.136558, 0.124994, 0.286028, -0.910887, 0.297444, -0.002831, 0.224656, -0.238014, -0.944923, -1.2e-05, 0.0, 0.0, 0.0, 1.0],
                [0.932123, 0.336377, 0.134156, 0.124994, 0.286007, -0.911019, 0.29706, -0.002831, 0.222143, -0.238527, -0.945388, -1.1e-05, 0.0, 0.0, 0.0, 1.0]
            ]
        },
        {
            "name": "Leg_R",
            "time": [0.0, 0.0167, 0.0333, 0.05, 0.0667, 0.0833, 0.1, 0.1167, 0.1333, 0.15, 0.1667, 0.1833, 0.2, 0.2167, 0.2333, 0.25, 0.2667, 0.2833, 0.3, 0.3167, 0.3333, 0.35, 0.3667, 0.3833, 0.4, 0.4167, 0.4333, 0.45, 0.4667, 0.4833, 0.5, 0.5167, 0.5333, 0.55, 0.5667, 0.5833, 0.6, 0.6167, 0.6333, 0.65, 0.6667, 0.6833, 0.7, 0.7167, 0.7333, 0.75, 0.7667, 0.7833, 0.8, 0.8167, 0.8333, 0.85, 0.8667, 0.8833, 0.9, 0.9167, 0.9333, 0.95, 0.9667, 0.9833, 1.0, 1.0167, 1.0333, 1.05, 1.0667, 1.0833, 1.1, 1.1167, 1.1333, 1.15, 1.1667, 1.1833, 1.2, 1.2167, 1.2333, 1.25, 1.2667, 1.2833, 1.3, 1.3167, 1.3333, 1.35, 1.3667, 1.3833, 1.4, 1.4167, 1.4333, 1.45, 1.4667, 1.4833, 1.5, 1.5167, 1.5333, 1.55, 1.5667, 1.5833, 1.6, 1.6167, 1.6333, 1.65, 1.6667, 1.6833, 1.7, 1.7167, 1.7333, 1.75, 1.7667, 1.7833, 1.8, 1.8167, 1.8333, 1.85, 1.8667, 1.8833, 1.9, 1.9167, 1.9333, 1.95, 1.9667, 1.9833, 2.0, 2.0167, 2.0333, 2.05, 2.0667],
            "transform": [
