{
    "animation": [
        {
            "name": "Root",
            "time": [0.0, 0.0417, 0.0833, 0.125, 0.1667, 0.2083, 0.25, 0.2917, 0.3333, 0.375, 0.4167, 0.4583, 0.5, 0.5417, 0.5833, 0.625, 0.6667, 0.7083, 0.75, 0.7917, 0.8333, 0.875, 0.9167, 0.9583, 1.0, 1.0417, 1.0833, 1.125, 1.1667, 1.2083, 1.25, 1.2917, 1.3333, 1.375, 1.4167, 1.4583, 1.5, 1.5417, 1.5833, 1.625, 1.6667, 1.7083, 1.75, 1.7917, 1.8333, 1.875, 1.9167, 1.9583, 2.0, 2.0417, 2.0833, 2.125, 2.1667, 2.2083, 2.25, 2.2917, 2.3333, 2.375, 2.4167, 2.4583, 2.5, 2.5417, 2.5833, 2.625, 2.6667, 2.7083, 2.75, 2.7917, 2.8333, 2.875, 2.9167, 2.9583, 3.0, 3.0417, 3.0833, 3.125, 3.1667, 3.2083, 3.25, 3.2917, 3.3333, 3.375, 3.4167, 3.4583, 3.5, 3.5417, 3.5833, 3.625, 3.6667, 3.7083, 3.75, 3.7917, 3.8333, 3.875, 3.9167, 3.9583, 4.0, 4.0417, 4.0833, 4.125, 4.1667, 4.2083, 4.25, 4.2917, 4.3333, 4.375, 4.4167, 4.4583, 4.5, 4.5417, 4.5833, 4.625, 4.6667, 4.7083, 4.75, 4.7917, 4.8333, 4.875, 4.9167, 4.9583, 5.0, 5.0417, 5.0833, 5.125, 5.1667, 5.2083, 5.25, 5.2917, 5.3333, 5.375, 5.4167, 5.4583, 5.5, 5.5417, 5.5833, 5.625, 5.6667, 5.7083, 5.75, 5.7917, 5.8333, 5.875, 5.9167, 5.9583, 6.0, 6.0417, 6.0833, 6.125, 6.1667, 6.2083, 6.25, 6.2917, 6.3333, 6.375, 6.4167, 6.4583, 6.5, 6.5417, 6.5833, 6.625],
            "transform": [
                [1.0, -0.0, -0.0, -2.2e-05, -0.0, -0.0, -1.0, 0.14177, 0.0, 1.0, -0.0, 0.616337, 0.0, 0.0, 0.0, 1.0],
                [1.0, -0.0, -0.0, -2.2e-05, -0.0, -0.0, -1.0, 0.275408, 0.0, 1.0, -0.0, 0.616337, 0.0, 0.0, 0.0, 1.0],
                [1.0, -0.0, -0.0, -2.2e-05, -0.0, -0.0, -1.0, 0.413092, 0.0, 1.0, -0.0, 0.616337, 0.0, 0.0, 0.0, 1.0],
                [1.0, -0.0, -0.0, -2.2e-05, -0.0, -0.0, -1.0, 0.566955, 0.0, 1.0, -0.0, 0.616337, 0.0, 0.0, 0.0, 1.0],
                [1.0, -0.0, -0.0, -2.2e-05, -0.0, -0.0, -1.0, 0.749135, 0.0, 1.0, -0.0, 0.616337, 0.0, 0.0, 0.0, 1.0],
                [1.0, -0.0, -0.0, -2.2e-05, -0.0, -0.0, -1.0, 0.973288, 0.0, 1.0, -0.0, 0.616337, 0.0, 0.0, 0.0, 1.0],
                [1.0, -0.0, -0.0, -2.2e-05, -0.0, -0.0, -1.0, 1.234355, 0.0, 1.0, -0.0, 0.616337, 0.0, 0.0, 0.0, 1.0],
                [1.0, -0.0, -0.0, -2.2e-05, -0.0, -0.0, -1.0, 1.5164, 0.0, 1.0, -0.0, 0.616337, 0.0, 0.0, 0.0, 1.0],
                [1.0, -0.0, -0.0, -2.2e-05, -0.0, -0.0, -1.0, 1.803486, 0.0, 1.0, -0.0, 0.616337, 0.0, 0.0, 0.0, 1.0],
                [1.0, -0.0, -0.0, -2.2e-05, -0.0, -0.0, -1.0, 2.092237, 0.0, 1.0, -0.0, 0.616337, 0.0, 0.0, 0.0, 1.0],
                [1.0, -0.0, -0.0, -2.2e-05, -0.0, -0.0, -1.0, 2.390863, 0.0, 1.0, -0.0, 0.616337, 0.0, 0.0, 0.0, 1.0],
                [1.0, -0.0, -0.0, -2.2e-05, -0.0, -0.0, -1.0, 2.700799, 0.0, 1.0, -0.0, 0.616337, 0.0, 0.0, 0.0, 1.0],
                [1.0, -0.0, -0.0, -2.2e-05, -0.0, -0.0, -1.0, 3.023478, 0.0, 1.0, -0.0, 0.616337, 0.0, 0.0, 0.0, 1.0],
                [1.0, -0.0, -0.0, -2.1e-05, -0.0, -0.0, -1.0, 3.360156, 0.0, 1.0, -0.0, 0.616337, 0.0, 0.0, 0.0, 1.0],
                [1.0, -0.0, -0.0, -2.1e-05, -0.0, -0.0, -1.0, 3.707922, 0.0, 1.0, -0.0, 0.616337, 0.0, 0.0, 0.0, 1.0],
                [1.0, -0.0, -0.0, -2.1e-05, -0.0, -0.0, -1.0, 4.061961, 0.0, 1.0, -0.0, 0.616337, 0.0, 0.0, 0.0, 1.0],
                [1.0, -0.0, -0.0, -2.1e-05, -0.0, -0.0, -1.0, 4.417463, 0.0, 1.0, -0.0, 0.616337, 0.0, 0.0, 0.0, 1.0],
                [1.0, -0.0, -0.0, -2.1e-05, -0.0, -0.0, -1.0, 4.769616, 0.0, 1.0, -0.0, 0.616337, 0.0, 0.0, 0.0, 1.0],
                [1.0, -0.0, -0.0, -2.1e-05, -0.0, -0.0, -1.0, 5.113605, 0.0, 1.0, -0.0, 0.616337, 0.0, 0.0, 0.0, 1.0],
                [1.0, -0.0, -0.0, -2.1e-05, -0.0, -0.0, -1.0, 5.444621, 0.0, 1.0, -0.0, 0.616337, 0.0, 0.0, 0.0, 1.0],
                [1.0, -0.0, -0.0, -2.1e-05, -0.0, -0.0, -1.0, 5.75785, 0.0, 1.0, -0.0, 0.616337, 0.0, 0.0, 0.0, 1.0],
                [1.0, -0.0, -0.0, -2.1e-05, -0.0, -0.0, -1.0, 6.040746, 0.0, 1.0, -0.0, 0.616337, 0.0, 0.0, 0.0, 1.0],
                [1.0, -0.0, -0.0, -2.1e-05, -0.0, -0.0, -1.0, 6.292899, 0.0, 1.0, -0.0, 0.616337, 0.0, 0.0, 0.0, 1.0],
                [1.0, -0.0, -0.0, -2.1e-05, -0.0, -0.0, -1.0, 6.527686, 0.0, 1.0, -0.0, 0.616337, 0.0, 0.0, 0.0, 1.0],
                [1.0, -0.0, -0.0, -2.1e-05, -0.0, -0.0, -1.0, 6.758496, 0.0, 1.0, -0.0, 0.616337, 0.0, 0.0, 0.0, 1.0],
                [1.0, -0.0, -0.0, -2.1e-05, -0.0, -0.0, -1.0, 6.998713, 0.0, 1.0, -0.0, 0.616337, 0.0, 0.0, 0.0, 1.0],
                [1.0, -0.0, -0.0, -2.1e-05, -0.0, -0.0, -1.0, 7.261721, 0.0, 1.0, -0.0, 0.616337, 0.0, 0.0, 0.0, 1.0],
                [1.0, -0.0, -0.0, -2.1e-05, -0.0, -0.0, -1.0, 7.57208, 0.0, 1.0, -0.0, 0.616337, 0.0, 0.0, 0.0, 1.0],
                [1.0, -0.0, -0.0, -2.1e-05, -0.0, -0.0, -1.0, 7.920709, 0.0, 1.0, -0.0, 0.616337, 0.0, 0.0, 0.0, 1.0],
                [1.0, -0.0, -0.0, -2.1e-05, -0.0, -0.0, -1.0, 8.270521, 0.0, 1.0, -0.0, 0.616337, 0.0, 0.0, 0.0, 1.0],
                [1.0, -0.0, -0.0, -2.1e-05, -0.0, -0.0, -1.0, 8.584434, 0.0, 1.0, -0.0, 0.616337, 0.0, 0.0, 0.0, 1.0],
                [1.0, -0.0, -0.0, -2.1e-05, -0.0, -0.0, -1.0, 8.825359, 0.0, 1.0, -0.0, 0.616337, 0.0, 0.0, 0.0, 1.0],
                [1.0, -0.0, -0.0, -2.1e-05, -0.0, -0.0, -1.0, 8.953759, 0.0, 1.0, -0.0, 0.616337, 0.0, 0.0, 0.0, 1.0],
                [1.0, -0.0, -0.0, -2.1e-05, -0.0, -0.0, -1.0, 8.963375, 0.0, 1.0, -0.0, 0.616337, 0.0, 0.0, 0.0, 1.0],
                [1.0, -0.0, -0.0, -2.1e-05, -0.0, -0.0, -1.0, 8.972991, 0.0, 1.0, -0.0, 0.616337, 0.0, 0.0, 0.0, 1.0],
                [1.0, -0.0, -0.0, -2.1e-05, -0.0, -0.0, -1.0, 8.981781, 0.0, 1.0, -0.0, 0.616337, 0.0, 0.0, 0.0, 1.0],
                [1.0, -0.0, -0.0, -2.1e-05, -0.0, -0.0, -1.0, 8.99057, 0.0, 1.0, -0.0, 0.616337, 0.0, 0.0, 0.0, 1.0],
                [1.0, -0.0, -0.0, -2.1e-05, -0.0, -0.0, -1.0, 8.99936, 0.0, 1.0, -0.0, 0.616337, 0.0, 0.0, 0.0, 1.0],
                [1.0, -0.0, -0.0, -2.1e-05, -0.0, -0.0, -1.0, 9.007228, 0.0, 1.0, -0.0, 0.616337, 0.0, 0.0, 0.0, 1.0],
                [1.0, -0.0, -0.0, -2.1e-05, -0.0, -0.0, -1.0, 9.015097, 0.0, 1.0, -0.0, 0.616337, 0.0, 0.0, 0.0, 1.0],
                [1.0, -0.0, -0.0, -2.1e-05, -0.0, -0.0, -1.0, 9.022964, 0.0, 1.0, -0.0, 0.616337, 0.0, 0.0, 0.0, 1.0],
                [1.0, -0.0, -0.0, -2.1e-05, -0.0, -0.0, -1.0, 9.02999, 0.0, 1.0, -0.0, 0.616337, 0.0, 0.0, 0.0, 1.0],
                [1.0, -0.0, -0.0, -2.1e-05, -0.0, -0.0, -1.0, 9.037017, 0.0, 1.0, -0.0, 0.616337, 0.0, 0.0, 0.0, 1.0],
                [1.0, -0.0, -0.0, -2.1e-05, -0.0, -0.0, -1.0, 9.044043, 0.0, 1.0, -0.0, 0.616337, 0.0, 0.0, 0.0, 1.0],
                [1.0, -0.0, -0.0, -2.1e-05, -0.0, -0.0, -1.0, 9.050305, 0.0, 1.0, -0.0, 0.616337, 0.0, 0.0, 0.0, 1.0],
                [1.0, -0.0, -0.0, -2.1e-05, -0.0, -0.0, -1.0, 9.056567, 0.0, 1.0, -0.0, 0.616337, 0.0, 0.0, 0.0, 1.0],
                [1.0, -0.0, -0.0, -2.1e-05, -0.0, -0.0, -1.0, 9.06283, 0.0, 1.0, -0.0, 0.616337, 0.0, 0.0, 0.0, 1.0],
                [1.0, -0.0, -0.0, -2.1e-05, -0.0, -0.0, -1.0, 9.068305, 0.0, 1.0, -0.0, 0.616337, 0.0, 0.0, 0.0, 1.0],
                [1.0, -0.0, -0.0, -2.1e-05, -0.0, -0.0, -1.0, 9.073779, 0.0, 1.0, -0.0, 0.616337, 0.0, 0.0, 0.0, 1.0],
                [1.0, -0.0, -0.0, -2.1e-05, -0.0, -0.0, -1.0, 9.079254, 0.0, 1.0, -0.0, 0.616337, 0.0, 0.0, 0.0, 1.0],
                [1.0, -0.0, -0.0, -2.1e-05, -0.0, -0.0, -1.0, 9.084729, 0.0, 1.0, -0.0, 0.616337, 0.0, 0.0, 0.0, 1.0],
                [1.0, -0.0, -0.0, -2.1e-05, -0.0, -0.0, -1.0, 9.089433, 0.0, 1.0, -0.0, 0.616337, 0.0, 0.0, 0.0, 1.0],
                [1.0, -0.0, -0.0, -2.1e-05, -0.0, -0.0, -1.0, 9.094135, 0.0, 1.0, -0.0, 0.616337, 0.0, 0.0, 0.0, 1.0],
                [1.0, -0.0, -0.0, -2.1e-05, -0.0, -0.0, -1.0, 9.098838, 0.0, 1.0, -0.0, 0.616337, 0.0, 0.0, 0.0, 1.0],
                [1.0, -0.0, -0.0, -2.1e-05, -0.0, -0.0, -1.0, 9.103541, 0.0, 1.0, -0.0, 0.616337, 0.0, 0.0, 0.0, 1.0],
                [1.0, -0.0, -0.0, -2.1e-05, -0.0, -0.0, -1.0, 9.107548, 0.0, 1.0, -0.0, 0.616337, 0.0, 0.0, 0.0, 1.0],
                [1.0, -0.0, -0.0, -2.1e-05, -0.0, -0.0, -1.0, 9.111555, 0.0, 1.0, -0.0, 0.616337, 0.0, 0.0, 0.0, 1.0],
                [1.0, -0.0, -0.0, -2.1e-05, -0.0, -0.0, -1.0, 9.115561, 0.0, 1.0, -0.0, 0.616337, 0.0, 0.0, 0.0, 1.0],
                [1.0, -0.0, -0.0, -2.1e-05, -0.0, -0.0, -1.0, 9.119569, 0.0, 1.0, -0.0, 0.616337, 0.0, 0.0, 0.0, 1.0],
                [1.0, -0.0, -0.0, -2.1e-05, -0.0, -0.0, -1.0, 9.123575, 0.0, 1.0, -0.0, 0.616337, 0.0, 0.0, 0.0, 1.0],
                [1.0, -0.0, -0.0, -2.1e-05, -0.0, -0.0, -1.0, 9.125866, 0.0, 1.0, -0.0, 0.616337, 0.0, 0.0, 0.0, 1.0],
                [1.0, -0.0, -0.0, -2.1e-05, -0.0, -0.0, -1.0, 9.128157, 0.0, 1.0, -0.0, 0.616337, 0.0, 0.0, 0.0, 1.0],
                [1.0, -0.0, -0.0, -2.1e-05, -0.0, -0.0, -1.0, 9.130447, 0.0, 1.0, -0.0, 0.616337, 0.0, 0.0, 0.0, 1.0],
                [1.0, -0.0, -0.0, -2.1e-05, -0.0, -0.0, -1.0, 9.132738, 0.0, 1.0, -0.0, 0.616337, 0.0, 0.0, 0.0, 1.0],
                [1.0, -0.0, -0.0, -2.1e-05, -0.0, -0.0, -1.0, 9.13503, 0.0, 1.0, -0.0, 0.616337, 0.0, 0.0, 0.0, 1.0],
                [1.0, -0.0, -0.0, -2.1e-05, -0.0, -0.0, -1.0, 9.137321, 0.0, 1.0, -0.0, 0.616337, 0.0, 0.0, 0.0, 1.0],
                [1.0, -0.0, -0.0, -2.1e-05, -0.0, -0.0, -1.0, 9.139611, 0.0, 1.0, -0.0, 0.616337, 0.0, 0.0, 0.0, 1.0],
                [1.0, -0.0, -0.0, -2.1e-05, -0.0, -0.0, -1.0, 9.141902, 0.0, 1.0, -0.0, 0.616337, 0.0, 0.0, 0.0, 1.0],
                [1.0, -0.0, -0.0, -2.1e-05, -0.0, -0.0, -1.0, 9.144193, 0.0, 1.0, -0.0, 0.616337, 0.0, 0.0, 0.0, 1.0],
                [1.0, -0.0, -0.0, -2.1e-05, -0.0, -0.0, -1.0, 9.156848, 0.0, 1.0, -0.0, 0.616337, 0.0, 0.0, 0.0, 1.0],
                [1.0, -0.0, -0.0, -2.1e-05, -0.0, -0.0, -1.0, 9.169503, 0.0, 1.0, -0.0, 0.616337, 0.0, 0.0, 0.0, 1.0],
                [1.0, -0.0, -0.0, -2.1e-05, -0.0, -0.0, -1.0, 9.187074, 0.0, 1.0, -0.0, 0.616337, 0.0, 0.0, 0.0, 1.0],
                [1.0, -0.0, -0.0, -2.1e-05, -0.0, -0.0, -1.0, 9.207326, 0.0, 1.0, -0.0, 0.616337, 0.0, 0.0, 0.0, 1.0],
                [1.0, -0.0, -0.0, -2.1e-05, -0.0, -0.0, -1.0, 9.229815, 0.0, 1.0, -0.0, 0.616337, 0.0, 0.0, 0.0, 1.0],
                [1.0, -0.0, -0.0, -2.1e-05, -0.0, -0.0, -1.0, 9.254096, 0.0, 1.0, -0.0, 0.616337, 0.0, 0.0, 0.0, 1.0],
                [1.0, -0.0, -0.0, -2.1e-05, -0.0, -0.0, -1.0, 9.279721, 0.0, 1.0, -0.0, 0.616337, 0.0, 0.0, 0.0, 1.0],
                [1.0, -0.0, -0.0, -2.1e-05, -0.0, -0.0, -1.0, 9.306246, 0.0, 1.0, -0.0, 0.616337, 0.0, 0.0, 0.0, 1.0],
                [1.0, -0.0, -0.0, -2.1e-05, -0.0, -0.0, -1.0, 9.333223, 0.0, 1.0, -0.0, 0.616337, 0.0, 0.0, 0.0, 1.0],
                [1.0, -0.0, -0.0, -2.1e-05, -0.0, -0.0, -1.0, 9.360209, 0.0, 1.0, -0.0, 0.616337, 0.0, 0.0, 0.0, 1.0],
                [1.0, -0.0, -0.0, -2.1e-05, -0.0, -0.0, -1.0, 9.386754, 0.0, 1.0, -0.0, 0.616337, 0.0, 0.0, 0.0, 1.0],
                [1.0, -0.0, -0.0, -2.1e-05, -0.0, -0.0, -1.0, 9.412416, 0.0, 1.0, -0.0, 0.616337, 0.0, 0.0, 0.0, 1.0],
                [1.0, -0.0, -0.0, -2.1e-05, -0.0, -0.0, -1.0, 9.436748, 0.0, 1.0, -0.0, 0.616337, 0.0, 0.0, 0.0, 1.0],
                [1.0, -0.0, -0.0, -2.1e-05, -0.0, -0.0, -1.0, 9.459304, 0.0, 1.0, -0.0, 0.616337, 0.0, 0.0, 0.0, 1.0],
                [1.0, -0.0, -0.0, -2.1e-05, -0.0, -0.0, -1.0, 9.479637, 0.0, 1.0, -0.0, 0.616337, 0.0, 0.0, 0.0, 1.0],
                [1.0, -0.0, -0.0, -2.1e-05, -0.0, -0.0, -1.0, 9.495746, 0.0, 1.0, -0.0, 0.616337, 0.0, 0.0, 0.0, 1.0],
                [1.0, -0.0, -0.0, -2.1e-05, -0.0, -0.0, -1.0, 9.511855, 0.0, 1.0, -0.0, 0.616337, 0.0, 0.0, 0.0, 1.0],
                [1.0, -0.0, -0.0, -2.1e-05, -0.0, -0.0, -1.0, 9.524654, 0.0, 1.0, -0.0, 0.616337, 0.0, 0.0, 0.0, 1.0],
                [1.0, -0.0, -0.0, -2.1e-05, -0.0, -0.0, -1.0, 9.537454, 0.0, 1.0, -0.0, 0.616337, 0.0, 0.0, 0.0, 1.0],
                [1.0, -0.0, -0.0, -2.1e-05, -0.0, -0.0, -1.0, 9.55009, 0.0, 1.0, -0.0, 0.616337, 0.0, 0.0, 0.0, 1.0],
                [1.0, -0.0, -0.0, -2.1e-05, -0.0, -0.0, -1.0, 9.562725, 0.0, 1.0, -0.0, 0.616337, 0.0, 0.0, 0.0, 1.0],
                [1.0, -0.0, -0.0, -2.1e-05, -0.0, -0.0, -1.0, 9.575089, 0.0, 1.0, -0.0, 0.616337, 0.0, 0.0, 0.0, 1.0],
                [1.0, -0.0, -0.0, -2.1e-05, -0.0, -0.0, -1.0, 9.587455, 0.0, 1.0, -0.0, 0.616337, 0.0, 0.0, 0.0, 1.0],
                [1.0, -0.0, -0.0, -2.1e-05, -0.0, -0.0, -1.0, 9.599442, 0.0, 1.0, -0.0, 0.616337, 0.0, 0.0, 0.0, 1.0],
                [1.0, -0.0, -0.0, -2.1e-05, -0.0, -0.0, -1.0, 9.611429, 0.0, 1.0, -0.0, 0.616337, 0.0, 0.0, 0.0, 1.0],
                [1.0, -0.0, -0.0, -2.1e-05, -0.0, -0.0, -1.0, 9.622932, 0.0, 1.0, -0.0, 0.616337, 0.0, 0.0, 0.0, 1.0],
                [1.0, -0.0, -0.0, -2.1e-05, -0.0, -0.0, -1.0, 9.634436, 0.0, 1.0, -0.0, 0.616337, 0.0, 0.0, 0.0, 1.0],
                [1.0, -0.0, -0.0, -2.1e-05, -0.0, -0.0, -1.0, 9.645349, 0.0, 1.0, -0.0, 0.616337, 0.0, 0.0, 0.0, 1.0],
                [1.0, -0.0, -0.0, -2.1e-05, -0.0, -0.0, -1.0, 9.656262, 0.0, 1.0, -0.0, 0.616337, 0.0, 0.0, 0.0, 1.0],
                [1.0, -0.0, -0.0, -2.1e-05, -0.0, -0.0, -1.0, 9.666479, 0.0, 1.0, -0.0, 0.616337, 0.0, 0.0, 0.0, 1.0],
                [1.0, -0.0, -0.0, -2.1e-05, -0.0, -0.0, -1.0, 9.676696, 0.0, 1.0, -0.0, 0.616337, 0.0, 0.0, 0.0, 1.0],
                [1.0, -0.0, -0.0, -2.1e-05, -0.0, -0.0, -1.0, 9.685886, 0.0, 1.0, -0.0, 0.616337, 0.0, 0.0, 0.0, 1.0],
                [1.0, -0.0, -0.0, -2.1e-05, -0.0, -0.0, -1.0, 9.695076, 0.0, 1.0, -0.0, 0.616337, 0.0, 0.0, 0.0, 1.0],
                [1.0, -0.0, -0.0, -2.1e-05, -0.0, -0.0, -1.0, 9.704267, 0.0, 1.0, -0.0, 0.616337, 0.0, 0.0, 0.0, 1.0],
                [1.0, -0.0, -0.0, -2.1e-05, -0.0, -0.0, -1.0, 9.712013, 0.0, 1.0, -0.0, 0.616337, 0.0, 0.0, 0.0, 1.0],
                [1.0, -0.0, -0.0, -2.1e-05, -0.0, -0.0, -1.0, 9.719759, 0.0, 1.0, -0.0, 0.616337, 0.0, 0.0, 0.0, 1.0],
                [1.0, -0.0, -0.0, -2.1e-05, -0.0, -0.0, -1.0, 9.727506, 0.0, 1.0, -0.0, 0.616337, 0.0, 0.0, 0.0, 1.0],
                [1.0, -0.0, -0.0, -2.1e-05, -0.0, -0.0, -1.0, 9.733256, 0.0, 1.0, -0.0, 0.616337, 0.0, 0.0, 0.0, 1.0],
                [1.0, -0.0, -0.0, -2.1e-05, -0.0, -0.0, -1.0, 9.739006, 0.0, 1.0, -0.0, 0.616337, 0.0, 0.0, 0.0, 1.0],
                [1.0, -0.0, -0.0, -2.1e-05, -0.0, -0.0, -1.0, 9.744756, 0.0, 1.0, -0.0, 0.616337, 0.0, 0.0, 0.0, 1.0],
                [1.0, -0.0, -0.0, -2.1e-05, -0.0, -0.0, -1.0, 9.750506, 0.0, 1.0, -0.0, 0.616337, 0.0, 0.0, 0.0, 1.0],
                [1.0, -0.0, -0.0, -2.1e-05, -0.0, -0.0, -1.0, 9.750569, 0.0, 1.0, -0.0, 0.616337, 0.0, 0.0, 0.0, 1.0],
                [1.0, -0.0, -0.0, -2.1e-05, -0.0, -0.0, -1.0, 9.750633, 0.0, 1.0, -0.0, 0.616337, 0.0, 0.0, 0.0, 1.0],
                [1.0, -0.0, -0.0, -2.1e-05, -0.0, -0.0, -1.0, 9.750696, 0.0, 1.0, -0.0, 0.616337, 0.0, 0.0, 0.0, 1.0],
                [1.0, -0.0, -0.0, -2.1e-05, -0.0, -0.0, -1.0, 9.75076, 0.0, 1.0, -0.0, 0.616337, 0.0, 0.0, 0.0, 1.0],
                [1.0, -0.0, -0.0, -2.1e-05, -0.0, -0.0, -1.0, 9.750823, 0.0, 1.0, -0.0, 0.616337, 0.0, 0.0, 0.0, 1.0],
                [1.0, -0.0, -0.0, -2.1e-05, -0.0, -0.0, -1.0, 9.750887, 0.0, 1.0, -0.0, 0.616337, 0.0, 0.0, 0.0, 1.0],
                [1.0, -0.0, -0.0, -2.1e-05, -0.0, -0.0, -1.0, 9.75095, 0.0, 1.0, -0.0, 0.616337, 0.0, 0.0, 0.0, 1.0],
                [1.0, -0.0, -0.0, -2.1e-05, -0.0, -0.0, -1.0, 9.751013, 0.0, 1.0, -0.0, 0.616337, 0.0, 0.0, 0.0, 1.0],
                [1.0, -0.0, -0.0, -2.1e-05, -0.0, -0.0, -1.0, 9.751077, 0.0, 1.0, -0.0, 0.616337, 0.0, 0.0, 0.0, 1.0],
                [1.0, -0.0, -0.0, -2.1e-05, -0.0, -0.0, -1.0, 9.75114, 0.0, 1.0, -0.0, 0.616337, 0.0, 0.0, 0.0, 1.0],
                [1.0, -0.0, -0.0, -2.1e-05, -0.0, -0.0, -1.0, 9.751204, 0.0, 1.0, -0.0, 0.616337, 0.0, 0.0, 0.0, 1.0],
                [1.0, -0.0, -0.0, -2.1e-05, -0.0, -0.0, -1.0, 9.751266, 0.0, 1.0, -0.0, 0.616337, 0.0, 0.0, 0.0, 1.0],
                [1.0, -0.0, -0.0, -2.1e-05, -0.0, -0.0, -1.0, 9.751329, 0.0, 1.0, -0.0, 0.616337, 0.0, 0.0, 0.0, 1.0],
                [1.0, -0.0, -0.0, -2.1e-05, -0.0, -0.0, -1.0, 9.751393, 0.0, 1.0, -0.0, 0.616337, 0.0, 0.0, 0.0, 1.0],
                [1.0, -0.0, -0.0, -2.1e-05, -0.0, -0.0, -1.0, 9.751456, 0.0, 1.0, -0.0, 0.616337, 0.0, 0.0, 0.0, 1.0],
                [1.0, -0.0, -0.0, -2.1e-05, -0.0, -0.0, -1.0, 9.75152, 0.0, 1.0, -0.0, 0.616337, 0.0, 0.0, 0.0, 1.0],
                [1.0, -0.0, -0.0, -2.1e-05, -0.0, -0.0, -1.0, 9.751583, 0.0, 1.0, -0.0, 0.616337, 0.0, 0.0, 0.0, 1.0],
                [1.0, -0.0, -0.0, -2.1e-05, -0.0, -0.0, -1.0, 9.751647, 0.0, 1.0, -0.0, 0.616337, 0.0, 0.0, 0.0, 1.0],
                [1.0, -0.0, -0.0, -2.1e-05, -0.0, -0.0, -1.0, 9.75171, 0.0, 1.0, -0.0, 0.616337, 0.0, 0.0, 0.0, 1.0],
                [1.0, -0.0, -0.0, -2.1e-05, -0.0, -0.0, -1.0, 9.751773, 0.0, 1.0, -0.0, 0.616337, 0.0, 0.0, 0.0, 1.0],
                [1.0, -0.0, -0.0, -2.1e-05, -0.0, -0.0, -1.0, 9.751837, 0.0, 1.0, -0.0, 0.616337, 0.0, 0.0, 0.0, 1.0],
                [1.0, -0.0, -0.0, -2.1e-05, -0.0, -0.0, -1.0, 9.7519, 0.0, 1.0, -0.0, 0.616337, 0.0, 0.0, 0.0, 1.0],
                [1.0, -0.0, -0.0, -2.1e-05, -0.0, -0.0, -1.0, 9.751964, 0.0, 1.0, -0.0, 0.616337, 0.0, 0.0, 0.0, 1.0],
                [1.0, -0.0, -0.0, -2.1e-05, -0.0, -0.0, -1.0, 9.752027, 0.0, 1.0, -0.0, 0.616337, 0.0, 0.0, 0.0, 1.0],
                [1.0, -0.0, -0.0, -2.1e-05, -0.0, -0.0, -1.0, 9.75209, 0.0, 1.0, -0.0, 0.616337, 0.0, 0.0, 0.0, 1.0],
                [1.0, -0.0, -0.0, -2.1e-05, -0.0, -0.0, -1.0, 9.752153, 0.0, 1.0, -0.0, 0.616337, 0.0, 0.0, 0.0, 1.0],
                [1.0, -0.0, -0.0, -2.1e-05, -0.0, -0.0, -1.0, 9.752216, 0.0, 1.0, -0.0, 0.616337, 0.0, 0.0, 0.0, 1.0],
                [1.0, -0.0, -0.0, -2.1e-05, -0.0, -0.0, -1.0, 9.75228, 0.0, 1.0, -0.0, 0.616337, 0.0, 0.0, 0.0, 1.0],
                [1.0, -0.0, -0.0, -2.1e-05, -0.0, -0.0, -1.0, 9.752343, 0.0, 1.0, -0.0, 0.616337, 0.0, 0.0, 0.0, 1.0],
                [1.0, -0.0, -0.0, -2.1e-05, -0.0, -0.0, -1.0, 9.752407, 0.0, 1.0, -0.0, 0.616337, 0.0, 0.0, 0.0, 1.0],
                [1.0, -0.0, -0.0, -2.1e-05, -0.0, -0.0, -1.0, 9.75247, 0.0, 1.0, -0.0, 0.616337, 0.0, 0.0, 0.0, 1.0],
                [1.0, -0.0, -0.0, -2.1e-05, -0.0, -0.0, -1.0, 9.752533, 0.0, 1.0, -0.0, 0.616337, 0.0, 0.0, 0.0, 1.0],
                [1.0, -0.0, -0.0, -2.1e-05, -0.0, -0.0, -1.0, 9.752597, 0.0, 1.0, -0.0, 0.616337, 0.0, 0.0, 0.0, 1.0],
                [1.0, -0.0, -0.0, -2.1e-05, -0.0, -0.0, -1.0, 9.75266, 0.0, 1.0, -0.0, 0.616337, 0.0, 0.0, 0.0, 1.0],
                [1.0, -0.0, -0.0, -2.1e-05, -0.0, -0.0, -1.0, 9.752724, 0.0, 1.0, -0.0, 0.616337, 0.0, 0.0, 0.0, 1.0],
                [1.0, -0.0, -0.0, -2.1e-05, -0.0, -0.0, -1.0, 9.752787, 0.0, 1.0, -0.0, 0.616337, 0.0, 0.0, 0.0, 1.0],
                [1.0, -0.0, -0.0, -2.1e-05, -0.0, -0.0, -1.0, 9.752851, 0.0, 1.0, -0.0, 0.616337, 0.0, 0.0, 0.0, 1.0],
                [1.0, -0.0, -0.0, -2.1e-05, -0.0, -0.0, -1.0, 9.752913, 0.0, 1.0, -0.0, 0.616337, 0.0, 0.0, 0.0, 1.0],
                [1.0, -0.0, -0.0, -2.1e-05, -0.0, -0.0, -1.0, 9.752976, 0.0, 1.0, -0.0, 0.616337, 0.0, 0.0, 0.0, 1.0],
                [1.0, -0.0, -0.0, -2.1e-05, -0.0, -0.0, -1.0, 9.75304, 0.0, 1.0, -0.0, 0.616337, 0.0, 0.0, 0.0, 1.0],
                [1.0, -0.0, -0.0, -2.1e-05, -0.0, -0.0, -1.0, 9.753103, 0.0, 1.0, -0.0, 0.616337, 0.0, 0.0, 0.0, 1.0],
                [1.0, -0.0, -0.0, -2.1e-05, -0.0, -0.0, -1.0, 9.753167, 0.0, 1.0, -0.0, 0.616337, 0.0, 0.0, 0.0, 1.0],
                [1.0, -0.0, -0.0, -2.1e-05, -0.0, -0.0, -1.0, 9.75323, 0.0, 1.0, -0.0, 0.616337, 0.0, 0.0, 0.0, 1.0],
                [1.0, -0.0, -0.0, -2.1e-05, -0.0, -0.0, -1.0, 9.753294, 0.0, 1.0, -0.0, 0.616337, 0.0, 0.0, 0.0, 1.0],
                [1.0, -0.0, -0.0, -2.1e-05, -0.0, -0.0, -1.0, 9.753357, 0.0, 1.0, -0.0, 0.616337, 0.0, 0.0, 0.0, 1.0],
                [1.0, -0.0, -0.0, -2.1e-05, -0.0, -0.0, -1.0, 9.75342, 0.0, 1.0, -0.0, 0.616337, 0.0, 0.0, 0.0, 1.0],
                [1.0, -0.0, -0.0, -2.1e-05, -0.0, -0.0, -1.0, 9.753484, 0.0, 1.0, -0.0, 0.616337, 0.0, 0.0, 0.0, 1.0],
                [1.0, -0.0, -0.0, -2.1e-05, -0.0, -0.0, -1.0, 9.753547, 0.0, 1.0, -0.0, 0.616337, 0.0, 0.0, 0.0, 1.0],
                [1.0, -0.0, -0.0, -2.1e-05, -0.0, -0.0, -1.0, 9.753611, 0.0, 1.0, -0.0, 0.616337, 0.0, 0.0, 0.0, 1.0],
                [1.0, -0.0, -0.0, -2.1e-05, -0.0, -0.0, -1.0, 9.753674, 0.0, 1.0, -0.0, 0.616337, 0.0, 0.0, 0.0, 1.0]
            ]
        },
        {
            "name": "Thigh_R",
            "time": [0.0, 0.0417, 0.0833, 0.125, 0.1667, 0.2083, 0.25, 0.2917, 0.3333, 0.375, 0.4167, 0.4583, 0.5, 0.5417, 0.5833, 0.625, 0.6667, 0.7083, 0.75, 0.7917, 0.8333, 0.875, 0.9167, 0.9583, 1.0, 1.0417, 1.0833, 1.125, 1.1667, 1.2083, 1.25, 1.2917, 1.3333, 1.375, 1.4167, 1.4583, 1.5, 1.5417, 1.5833, 1.625, 1.6667, 1.7083, 1.75, 1.7917, 1.8333, 1.875, 1.9167, 1.9583, 2.0, 2.0417, 2.0833, 2.125, 2.1667, 2.2083, 2.25, 2.2917, 2.3333, 2.375, 2.4167, 2.4583, 2.5, 2.5417, 2.5833, 2.625, 2.6667, 2.7083, 2.75, 2.7917, 2.8333, 2.875, 2.9167, 2.9583, 3.0, 3.0417, 3.0833, 3.125, 3.1667, 3.2083, 3.25, 3.2917, 3.3333, 3.375, 3.4167, 3.4583, 3.5, 3.5417, 3.5833, 3.625, 3.6667, 3.7083, 3.75, 3.7917, 3.8333, 3.875, 3.9167, 3.9583, 4.0, 4.0417, 4.0833, 4.125, 4.1667, 4.2083, 4.25, 4.2917, 4.3333, 4.375, 4.4167, 4.4583, 4.5, 4.5417, 4.5833, 4.625, 4.6667, 4.7083, 4.75, 4.7917, 4.8333, 4.875, 4.9167, 4.9583, 5.0, 5.0417, 5.0833, 5.125, 5.1667, 5.2083, 5.25, 5.2917, 5.3333, 5.375, 5.4167, 5.4583, 5.5, 5.5417, 5.5833, 5.625, 5.6667, 5.7083, 5.75, 5.7917, 5.8333, 5.875, 5.9167, 5.9583, 6.0, 6.0417, 6.0833, 6.125, 6.1667, 6.2083, 6.25, 6.2917, 6.3333, 6.375, 6.4167, 6.4583, 6.5, 6.5417, 6.5833, 6.625],
            "transform": [
                [0.653224, 0.442249, 0.614586, 0.096351, 0.327757, -0.896862, 0.29701, 0.058238, 0.682552, 0.007421, -0.7308, 0.033027, 0.0, 0.0, 0.0, 1.0],
                [0.708731, 0.627597, 0.322217, 0.096351, 0.405854, -0.736299, 0.54143, 0.058238, 0.577049, -0.252954, -0.77655, 0.033027, 0.0, 0.0, 0.0, 1.0],
                [0.753049, 0.638756, 0.157828, 0.096351, 0.480671, -0.697872, 0.530972, 0.058238, 0.449306, -0.323985, -0.832561, 0.033028, 0.0, 0.0, 0.0, 1.0],
                [0.793741, 0.601186, 0.092486, 0.096351, 0.523822, -0.752894, 0.39845, 0.058237, 0.309175, -0.26782, -0.912515, 0.033027, 0.0, 0.0, 0.0, 1.0],
                [0.843589, 0.519334, 0.136576, 0.096351, 0.5001, -0.85244, 0.152468, 0.058238, 0.195604, -0.060318, -0.978826, 0.033028, 0.0, 0.0, 0.0, 1.0],
                [0.886181, 0.459456, 0.059883, 0.096351, 0.441333, -0.876366, 0.192898, 0.058237, 0.141107, -0.144514, -0.97939, 0.033027, 0.0, 0.0, 0.0, 1.0],
                [0.922737, 0.384523, 0.026471, 0.096351, 0.363581, -0.891161, 0.271368, 0.058237, 0.127937, -0.240777, -0.962112, 0.033028, 0.0, 0.0, 0.0, 1.0],
                [0.965521, 0.260251, -0.006515, 0.096351, 0.244602, -0.898325, 0.364943, 0.058238, 0.089124, -0.353952, -0.931007, 0.033028, 0.0, 0.0, 0.0, 1.0],
                [0.997084, 0.034402, -0.068134, 0.096351, 0.061863, -0.887116, 0.457383, 0.058237, -0.044708, -0.460263, -0.886656, 0.033028, 0.0, 0.0, 0.0, 1.0],
                [0.931743, -0.334234, -0.14193, 0.096351, -0.194697, -0.789765, 0.581691, 0.058237, -0.306513, -0.514352, -0.800932, 0.033028, 0.0, 0.0, 0.0, 1.0],
                [0.66702, -0.729953, -0.149179, 0.096351, -0.41923, -0.533249, 0.734773, 0.058237, -0.615901, -0.427567, -0.661706, 0.033028, 0.0, 0.0, 0.0, 1.0],
                [0.260899, -0.963188, -0.064816, 0.096351, -0.499209, -0.192078, 0.844925, 0.058238, -0.826272, -0.188083, -0.530944, 0.033028, 0.0, 0.0, 0.0, 1.0],
                [-0.110446, -0.992895, 0.044296, 0.096351, -0.466924, 0.09118, 0.879585, 0.058238, -0.877375, 0.076464, -0.473676, 0.033028, 0.0, 0.0, 0.0, 1.0],
                [-0.374897, -0.915283, 0.147342, 0.096352, -0.40828, 0.305696, 0.86015, 0.058238, -0.832324, 0.262311, -0.488296, 0.033028, 0.0, 0.0, 0.0, 1.0],
                [-0.581038, -0.776124, 0.245005, 0.096351, -0.338238, 0.504077, 0.794671, 0.058237, -0.740265, 0.378863, -0.555402, 0.033028, 0.0, 0.0, 0.0, 1.0],
                [-0.735682, -0.609313, 0.295824, 0.096351, -0.276758, 0.669043, 0.689773, 0.058238, -0.618208, 0.425581, -0.660834, 0.033027, 0.0, 0.0, 0.0, 1.0],
                [-0.851649, -0.445183, 0.276603, 0.096351, -0.230107, 0.791764, 0.565828, 0.058238, -0.470901, 0.418238, -0.776743, 0.033028, 0.0, 0.0, 0.0, 1.0],
                [-0.92885, -0.31871, 0.188852, 0.096351, -0.207063, 0.869354, 0.44872, 0.058238, -0.30719, 0.377689, -0.873491, 0.033027, 0.0, 0.0, 0.0, 1.0],
                [-0.973059, -0.226045, 0.045437, 0.096351, -0.194799, 0.911409, 0.362474, 0.058238, -0.123347, 0.343856, -0.930886, 0.033028, 0.0, 0.0, 0.0, 1.0],
                [-0.979337, -0.153881, -0.131235, 0.096351, -0.189235, 0.926185, 0.326148, 0.058238, 0.07136, 0.344243, -0.936165, 0.033028, 0.0, 0.0, 0.0, 1.0],
                [-0.945282, -0.05554, -0.321497, 0.096351, -0.173833, 0.919624, 0.352243, 0.058238, 0.276093, 0.388855, -0.878957, 0.033028, 0.0, 0.0, 0.0, 1.0],
                [-0.870327, 0.187009, -0.455587, 0.096351, -0.138689, 0.794585, 0.591103, 0.058238, 0.472544, 0.577637, -0.665611, 0.033029, 0.0, 0.0, 0.0, 1.0],
                [-0.718378, 0.592718, -0.364171, 0.096352, -0.109243, 0.420881, 0.900514, 0.058237, 0.687024, 0.686692, -0.237602, 0.033029, 0.0, 0.0, 0.0, 1.0],
                [-0.45821, 0.884709, -0.085648, 0.096351, -0.168065, 0.008385, 0.985741, 0.058237, 0.872812, 0.46607, 0.144846, 0.033029, 0.0, 0.0, 0.0, 1.0],
                [-0.110993, 0.971427, 0.209792, 0.096351, -0.33738, -0.235391, 0.911464, 0.058238, 0.934803, 0.030387, 0.353866, 0.033029, 0.0, 0.0, 0.0, 1.0],
                [0.206518, 0.827347, 0.522349, 0.096351, -0.517558, -0.360686, 0.775912, 0.058237, 0.830353, -0.430585, 0.353711, 0.033029, 0.0, 0.0, 0.0, 1.0],
                [0.38581, 0.564241, 0.729921, 0.096351, -0.578143, -0.468692, 0.667892, 0.058237, 0.718961, -0.679677, 0.145385, 0.03303, 0.0, 0.0, 0.0, 1.0],
                [0.506849, 0.399992, 0.763618, 0.096351, -0.424928, -0.654803, 0.625036, 0.058238, 0.750029, -0.641282, -0.161918, 0.033029, 0.0, 0.0, 0.0, 1.0],
                [0.638554, 0.385076, 0.666308, 0.096352, -0.096662, -0.818822, 0.565851, 0.058238, 0.763484, -0.425733, -0.485639, 0.033029, 0.0, 0.0, 0.0, 1.0],
                [0.745131, 0.419996, 0.518059, 0.096351, 0.223636, -0.889172, 0.399202, 0.058237, 0.628307, -0.181601, -0.756474, 0.033029, 0.0, 0.0, 0.0, 1.0],
                [0.814006, 0.371147, 0.446818, 0.096351, 0.371238, -0.924045, 0.091239, 0.058237, 0.446743, 0.091608, -0.88996, 0.033029, 0.0, 0.0, 0.0, 1.0],
                [0.859663, 0.367472, 0.354889, 0.096351, 0.432946, -0.892814, -0.12427, 0.058238, 0.271184, 0.260479, -0.926613, 0.03303, 0.0, 0.0, 0.0, 1.0],
                [0.897979, 0.329385, 0.291791, 0.096352, 0.389272, -0.903819, -0.177709, 0.058237, 0.205192, 0.273165, -0.939829, 0.033028, 0.0, 0.0, 0.0, 1.0],
                [0.921936, 0.296104, 0.249715, 0.096351, 0.352574, -0.908468, -0.224454, 0.058238, 0.160396, 0.294975, -0.941946, 0.033029, 0.0, 0.0, 0.0, 1.0],
                [0.938943, 0.264293, 0.220311, 0.096352, 0.316218, -0.915221, -0.249754, 0.058238, 0.135624, 0.304172, -0.942914, 0.033027, 0.0, 0.0, 0.0, 1.0],
                [0.949279, 0.24891, 0.192132, 0.096351, 0.28958, -0.930164, -0.225698, 0.058238, 0.122536, 0.269888, -0.955063, 0.03303, 0.0, 0.0, 0.0, 1.0],
                [0.953038, 0.24767, 0.174301, 0.096352, 0.280803, -0.938222, -0.202214, 0.058238, 0.11345, 0.241662, -0.963706, 0.033029, 0.0, 0.0, 0.0, 1.0],
                [0.952654, 0.256302, 0.163589, 0.096351, 0.281914, -0.946105, -0.159407, 0.058237, 0.113916, 0.197978, -0.973565, 0.033028, 0.0, 0.0, 0.0, 1.0],
                [0.950666, 0.267698, 0.156759, 0.096351, 0.285968, -0.952094, -0.108358, 0.058237, 0.120242, 0.147841, -0.981675, 0.033028, 0.0, 0.0, 0.0, 1.0],
                [0.949398, 0.275303, 0.151171, 0.096351, 0.287138, -0.955843, -0.062587, 0.058238, 0.127265, 0.102827, -0.986525, 0.033029, 0.0, 0.0, 0.0, 1.0],
                [0.950701, 0.274126, 0.144999, 0.096352, 0.282064, -0.958685, -0.036945, 0.058238, 0.12888, 0.076023, -0.988742, 0.033028, 0.0, 0.0, 0.0, 1.0],
                [0.954418, 0.264349, 0.138596, 0.096351, 0.271839, -0.961597, -0.037883, 0.058237, 0.123259, 0.073832, -0.989625, 0.033028, 0.0, 0.0, 0.0, 1.0],
                [0.959153, 0.250187, 0.132044, 0.096351, 0.259346, -0.964091, -0.057165, 0.058237, 0.113001, 0.089075, -0.989595, 0.033029, 0.0, 0.0, 0.0, 1.0],
                [0.963638, 0.235397, 0.126466, 0.096352, 0.247109, -0.965122, -0.086471, 0.058237, 0.1017, 0.114577, -0.988195, 0.033029, 0.0, 0.0, 0.0, 1.0],
                [0.967396, 0.222265, 0.121434, 0.096351, 0.236294, -0.964637, -0.116797, 0.058238, 0.09118, 0.141683, -0.985704, 0.033029, 0.0, 0.0, 0.0, 1.0],
                [0.970224, 0.212135, 0.11691, 0.096351, 0.227593, -0.963597, -0.140296, 0.058238, 0.082893, 0.162726, -0.983183, 0.033028, 0.0, 0.0, 0.0, 1.0],
                [0.972435, 0.203736, 0.11342, 0.096352, 0.220132, -0.96253, -0.158359, 0.058237, 0.076907, 0.178961, -0.980846, 0.033029, 0.0, 0.0, 0.0, 1.0],
                [0.974212, 0.196357, 0.111171, 0.096351, 0.213794, -0.960809, -0.176461, 0.058237, 0.072165, 0.195678, -0.97801, 0.033028, 0.0, 0.0, 0.0, 1.0],
                [0.975699, 0.189627, 0.109797, 0.096351, 0.2081, -0.958815, -0.19331, 0.058237, 0.068618, 0.211461, -0.974975, 0.03303, 0.0, 0.0, 0.0, 1.0],
                [0.976668, 0.184195, 0.110427, 0.096351, 0.2039, -0.956751, -0.207492, 0.058238, 0.067432, 0.225167, -0.971984, 0.03303, 0.0, 0.0, 0.0, 1.0],
                [0.977824, 0.179426, 0.108026, 0.096351, 0.199428, -0.955222, -0.218586, 0.058238, 0.063969, 0.235283, -0.96982, 0.03303, 0.0, 0.0, 0.0, 1.0],
                [0.978058, 0.174928, 0.113161, 0.096351, 0.196741, -0.954192, -0.225413, 0.058237, 0.068546, 0.242731, -0.967669, 0.03303, 0.0, 0.0, 0.0, 1.0],
                [0.978468, 0.171376, 0.11504, 0.096351, 0.19407, -0.953646, -0.229993, 0.058237, 0.070292, 0.247367, -0.966369, 0.033029, 0.0, 0.0, 0.0, 1.0],
                [0.978988, 0.168684, 0.114589, 0.096351, 0.191552, -0.953427, -0.232995, 0.058237, 0.06995, 0.250049, -0.965703, 0.033028, 0.0, 0.0, 0.0, 1.0],
                [0.979469, 0.167283, 0.112514, 0.096352, 0.189792, -0.953336, -0.234799, 0.058237, 0.067986, 0.251333, -0.96551, 0.033027, 0.0, 0.0, 0.0, 1.0],
                [0.979832, 0.166759, 0.11011, 0.096351, 0.188775, -0.953169, -0.23629, 0.058237, 0.06555, 0.252311, -0.965424, 0.033028, 0.0, 0.0, 0.0, 1.0],
                [0.980226, 0.166423, 0.10706, 0.096352, 0.187799, -0.952885, -0.238209, 0.058237, 0.062372, 0.253605, -0.965295, 0.033028, 0.0, 0.0, 0.0, 1.0],
                [0.980278, 0.165265, 0.108372, 0.096351, 0.187095, -0.952694, -0.239521, 0.058237, 0.06366, 0.255073, -0.964824, 0.033028, 0.0, 0.0, 0.0, 1.0],
                [0.98043, 0.164135, 0.108711, 0.096351, 0.18609, -0.952866, -0.239618, 0.058238, 0.064257, 0.255159, -0.964762, 0.03303, 0.0, 0.0, 0.0, 1.0],
                [0.980501, 0.162914, 0.109902, 0.096351, 0.185195, -0.953095, -0.239402, 0.058238, 0.065745, 0.255087, -0.964681, 0.033029, 0.0, 0.0, 0.0, 1.0],
                [0.980361, 0.162814, 0.11129, 0.096351, 0.1855, -0.952873, -0.240051, 0.058238, 0.066961, 0.255981, -0.96436, 0.03303, 0.0, 0.0, 0.0, 1.0],
                [0.979552, 0.164132, 0.11637, 0.096352, 0.188275, -0.95171, -0.242489, 0.058237, 0.070951, 0.25944, -0.96315, 0.033028, 0.0, 0.0, 0.0, 1.0],
                [0.978732, 0.164821, 0.12215, 0.096351, 0.19097, -0.9495, -0.248959, 0.058237, 0.074948, 0.266992, -0.960781, 0.033029, 0.0, 0.0, 0.0, 1.0],
                [0.977059, 0.167366, 0.131709, 0.096351, 0.196882, -0.945626, -0.258901, 0.058238, 0.081216, 0.278892, -0.956883, 0.033028, 0.0, 0.0, 0.0, 1.0],
                [0.975095, 0.169215, 0.143384, 0.096351, 0.203214, -0.94063, -0.271882, 0.058238, 0.088865, 0.294248, -0.951589, 0.03303, 0.0, 0.0, 0.0, 1.0],
                [0.972719, 0.171088, 0.156684, 0.096351, 0.210488, -0.934837, -0.285963, 0.058237, 0.097549, 0.311142, -0.945344, 0.033029, 0.0, 0.0, 0.0, 1.0],
                [0.970016, 0.172942, 0.170774, 0.096351, 0.218365, -0.928641, -0.299905, 0.058237, 0.106722, 0.328203, -0.93856, 0.033028, 0.0, 0.0, 0.0, 1.0],
                [0.966985, 0.174794, 0.185444, 0.096352, 0.226712, -0.922378, -0.312763, 0.058237, 0.11638, 0.34448, -0.931553, 0.033027, 0.0, 0.0, 0.0, 1.0],
                [0.963613, 0.17726, 0.200078, 0.096352, 0.235759, -0.916348, -0.323614, 0.058238, 0.125977, 0.359009, -0.924794, 0.03303, 0.0, 0.0, 0.0, 1.0],
                [0.960072, 0.178713, 0.215232, 0.096351, 0.244066, -0.911092, -0.332181, 0.058239, 0.136731, 0.371449, -0.918331, 0.03303, 0.0, 0.0, 0.0, 1.0],
                [0.95589, 0.180676, 0.231587, 0.096351, 0.254071, -0.904229, -0.343246, 0.058237, 0.147392, 0.386945, -0.910247, 0.033029, 0.0, 0.0, 0.0, 1.0],
                [0.950489, 0.182296, 0.251679, 0.096352, 0.266278, -0.895291, -0.357142, 0.058237, 0.160221, 0.406476, -0.899504, 0.033027, 0.0, 0.0, 0.0, 1.0],
                [0.94415, 0.186239, 0.27184, 0.096351, 0.280306, -0.887633, -0.365428, 0.058237, 0.173237, 0.421217, -0.890262, 0.033028, 0.0, 0.0, 0.0, 1.0],
                [0.938876, 0.186929, 0.289089, 0.096351, 0.288372, -0.8857, -0.363838, 0.058237, 0.188035, 0.424963, -0.885466, 0.033029, 0.0, 0.0, 0.0, 1.0],
                [0.934404, 0.191969, 0.300065, 0.096351, 0.29415, -0.890932, -0.346002, 0.058237, 0.200916, 0.411569, -0.888957, 0.033029, 0.0, 0.0, 0.0, 1.0],
                [0.931728, 0.201284, 0.302276, 0.096352, 0.296004, -0.903141, -0.310996, 0.058237, 0.2104, 0.379238, -0.901061, 0.033027, 0.0, 0.0, 0.0, 1.0],
                [0.93375, 0.228061, 0.275866, 0.096351, 0.289664, -0.934229, -0.208115, 0.058238, 0.210259, 0.274235, -0.938395, 0.03303, 0.0, 0.0, 0.0, 1.0],
                [0.938006, 0.258888, 0.230487, 0.096352, 0.278936, -0.958524, -0.058539, 0.058238, 0.205772, 0.119201, -0.971313, 0.033028, 0.0, 0.0, 0.0, 1.0],
                [0.941718, 0.279054, 0.187877, 0.096351, 0.267131, -0.959764, 0.086574, 0.058238, 0.204477, -0.03134, -0.97837, 0.033029, 0.0, 0.0, 0.0, 1.0],
                [0.942543, 0.287333, 0.170453, 0.096351, 0.253839, -0.947634, 0.193796, 0.058238, 0.217211, -0.139393, -0.966121, 0.03303, 0.0, 0.0, 0.0, 1.0],
                [0.942196, 0.284503, 0.176998, 0.096352, 0.233339, -0.936223, 0.262755, 0.058238, 0.240464, -0.206266, -0.948489, 0.033028, 0.0, 0.0, 0.0, 1.0],
                [0.941133, 0.274402, 0.197423, 0.096351, 0.20542, -0.928057, 0.310668, 0.058238, 0.268467, -0.251825, -0.92979, 0.033029, 0.0, 0.0, 0.0, 1.0],
                [0.937882, 0.251957, 0.23853, 0.096351, 0.179643, -0.940807, 0.287423, 0.058238, 0.296829, -0.226718, -0.927627, 0.033029, 0.0, 0.0, 0.0, 1.0],
                [0.93265, 0.21386, 0.290568, 0.096352, 0.146156, -0.960291, 0.237659, 0.058238, 0.329856, -0.179184, -0.92687, 0.033028, 0.0, 0.0, 0.0, 1.0],
                [0.925058, 0.199192, 0.323409, 0.096352, 0.119579, -0.960889, 0.24979, 0.058238, 0.360516, -0.192397, -0.912695, 0.033026, 0.0, 0.0, 0.0, 1.0],
                [0.915383, 0.196183, 0.351552, 0.096351, 0.103627, -0.958628, 0.265134, 0.058238, 0.389022, -0.206268, -0.89784, 0.033029, 0.0, 0.0, 0.0, 1.0],
                [0.903434, 0.201823, 0.378254, 0.096351, 0.099591, -0.956927, 0.272716, 0.058238, 0.417002, -0.208709, -0.884618, 0.03303, 0.0, 0.0, 0.0, 1.0],
                [0.887885, 0.211811, 0.408409, 0.096352, 0.106318, -0.958152, 0.265786, 0.058238, 0.447615, -0.192566, -0.873247, 0.033028, 0.0, 0.0, 0.0, 1.0],
                [0.869417, 0.223269, 0.440758, 0.096351, 0.11735, -0.959862, 0.254746, 0.058238, 0.479944, -0.169757, -0.860718, 0.033028, 0.0, 0.0, 0.0, 1.0],
                [0.848634, 0.234477, 0.474176, 0.096352, 0.125959, -0.960181, 0.249375, 0.058238, 0.513768, -0.151901, -0.844375, 0.033029, 0.0, 0.0, 0.0, 1.0],
                [0.823871, 0.244946, 0.511117, 0.096351, 0.129698, -0.959341, 0.250691, 0.058238, 0.551741, -0.140246, -0.82214, 0.033028, 0.0, 0.0, 0.0, 1.0],
                [0.794239, 0.257852, 0.550181, 0.096351, 0.134188, -0.957567, 0.255069, 0.058238, 0.592605, -0.128758, -0.795136, 0.03303, 0.0, 0.0, 0.0, 1.0],
                [0.765071, 0.273839, 0.582821, 0.096352, 0.141719, -0.954488, 0.262432, 0.058238, 0.62816, -0.118181, -0.769057, 0.033029, 0.0, 0.0, 0.0, 1.0],
                [0.735231, 0.295334, 0.610094, 0.096351, 0.153341, -0.949223, 0.274706, 0.058237, 0.660246, -0.10842, -0.743183, 0.033029, 0.0, 0.0, 0.0, 1.0],
                [0.703147, 0.320485, 0.634724, 0.096351, 0.167014, -0.942131, 0.290682, 0.058238, 0.691153, -0.098384, -0.715981, 0.03303, 0.0, 0.0, 0.0, 1.0],
                [0.674088, 0.344428, 0.653434, 0.096351, 0.180407, -0.93461, 0.306527, 0.058238, 0.716284, -0.088742, -0.692145, 0.03303, 0.0, 0.0, 0.0, 1.0],
                [0.652342, 0.362554, 0.665587, 0.096351, 0.191604, -0.928531, 0.317992, 0.058238, 0.733309, -0.07991, -0.675185, 0.033029, 0.0, 0.0, 0.0, 1.0],
                [0.638716, 0.375173, 0.67178, 0.096352, 0.200882, -0.924101, 0.325093, 0.058238, 0.742758, -0.072693, -0.665603, 0.033028, 0.0, 0.0, 0.0, 1.0],
                [0.626771, 0.386899, 0.676364, 0.096351, 0.209924, -0.919769, 0.331601, 0.058238, 0.750395, -0.065852, -0.657703, 0.033028, 0.0, 0.0, 0.0, 1.0],
                [0.617164, 0.397469, 0.679064, 0.096351, 0.218701, -0.915679, 0.337199, 0.058238, 0.755831, -0.059595, -0.65205, 0.03303, 0.0, 0.0, 0.0, 1.0],
                [0.609331, 0.407198, 0.680372, 0.096351, 0.22727, -0.911752, 0.342137, 0.058238, 0.759649, -0.053846, -0.648101, 0.033028, 0.0, 0.0, 0.0, 1.0],
                [0.603081, 0.415967, 0.680637, 0.096351, 0.235617, -0.90809, 0.346205, 0.058237, 0.762091, -0.04842, -0.645659, 0.033029, 0.0, 0.0, 0.0, 1.0],
                [0.598482, 0.423773, 0.67988, 0.096351, 0.243746, -0.904731, 0.34936, 0.058238, 0.763158, -0.043368, -0.644756, 0.033029, 0.0, 0.0, 0.0, 1.0],
                [0.594171, 0.430736, 0.679286, 0.096351, 0.251693, -0.901681, 0.351601, 0.058238, 0.763947, -0.037939, -0.644164, 0.03303, 0.0, 0.0, 0.0, 1.0],
                [0.597632, 0.43646, 0.672562, 0.096352, 0.259434, -0.898988, 0.352868, 0.058238, 0.758639, -0.036399, -0.650495, 0.033029, 0.0, 0.0, 0.0, 1.0],
                [0.60048, 0.43929, 0.668168, 0.096351, 0.266986, -0.897777, 0.350308, 0.058237, 0.753754, -0.031962, -0.65638, 0.03303, 0.0, 0.0, 0.0, 1.0],
                [0.603442, 0.43806, 0.666305, 0.096351, 0.273899, -0.898618, 0.342735, 0.058237, 0.748892, -0.02432, -0.662246, 0.033029, 0.0, 0.0, 0.0, 1.0],
                [0.616668, 0.432098, 0.658037, 0.096351, 0.276815, -0.901536, 0.332577, 0.058238, 0.736951, -0.022934, -0.675558, 0.03303, 0.0, 0.0, 0.0, 1.0],
                [0.62387, 0.427239, 0.654412, 0.096352, 0.280018, -0.903953, 0.323204, 0.058238, 0.729643, -0.01839, -0.683582, 0.03303, 0.0, 0.0, 0.0, 1.0],
                [0.631065, 0.423733, 0.649776, 0.096352, 0.281426, -0.905622, 0.317254, 0.058238, 0.722883, -0.017344, -0.690754, 0.033028, 0.0, 0.0, 0.0, 1.0],
                [0.62519, 0.423622, 0.655502, 0.096351, 0.280431, -0.905717, 0.317862, 0.058238, 0.728353, -0.014901, -0.685041, 0.03303, 0.0, 0.0, 0.0, 1.0],
                [0.612465, 0.426457, 0.665599, 0.096352, 0.27873, -0.904425, 0.322996, 0.058238, 0.739729, -0.012301, -0.672794, 0.033029, 0.0, 0.0, 0.0, 1.0],
                [0.594932, 0.429191, 0.679597, 0.096351, 0.277453, -0.903192, 0.327513, 0.058238, 0.754373, -0.006291, -0.656417, 0.033029, 0.0, 0.0, 0.0, 1.0],
                [0.576643, 0.428798, 0.695425, 0.096351, 0.277851, -0.903388, 0.326635, 0.058238, 0.768299, 0.004873, -0.640073, 0.033029, 0.0, 0.0, 0.0, 1.0],
