{
    "animation": [
        {
            "name": "Root",
            "time": [0.0, 0.0167, 0.0333, 0.05, 0.0667, 0.0833, 0.1, 0.1167, 0.1333, 0.15, 0.1667, 0.1833, 0.2, 0.2167, 0.2333, 0.25, 0.2667, 0.2833, 0.3, 0.3167, 0.3333, 0.35, 0.3667, 0.3833, 0.4, 0.4167, 0.4333, 0.45, 0.4667, 0.4833, 0.5, 0.5167, 0.5333, 0.55, 0.5667, 0.5833, 0.6, 0.6167, 0.6333, 0.65, 0.6667, 0.6833, 0.7, 0.7167, 0.7333, 0.75, 0.7667, 0.7833, 0.8, 0.8167, 0.8333, 0.85, 0.8667, 0.8833, 0.9, 0.9167, 0.9333, 0.95, 0.9667, 0.9833, 1.0, 1.0167, 1.0333, 1.05, 1.0667, 1.0833, 1.1, 1.1167, 1.1333, 1.15, 1.1667, 1.1833, 1.2, 1.2167, 1.2333, 1.25, 1.2667, 1.2833, 1.3, 1.3167, 1.3333, 1.35, 1.3667, 1.3833, 1.4, 1.4167, 1.4333, 1.45, 1.4667],
            "transform": [
                [0.641766, 0.0, -0.7669, -5e-06, -0.7669, 0.0, -0.641766, 0.000946, 0.0, 1.0, 0.0, 0.575824, 0.0, 0.0, 0.0, 1.0],
                [0.650009, 0.0, -0.759926, 0.001386, -0.759926, 0.0, -0.650009, -0.001419, 0.0, 1.0, 0.0, 0.576087, 0.0, 0.0, 0.0, 1.0],
                [0.672893, 0.0, -0.73974, 0.005301, -0.73974, 0.0, -0.672893, -0.008077, 0.0, 1.0, 0.0, 0.576827, 0.0, 0.0, 0.0, 1.0],
                [0.707278, 0.0, -0.706936, 0.01135, -0.706936, 0.0, -0.707278, -0.018365, 0.0, 1.0, 0.0, 0.577971, 0.0, 0.0, 0.0, 1.0],
                [0.749611, 0.0, -0.661878, 0.019147, -0.661878, 0.0, -0.749611, -0.031624, 0.0, 1.0, 0.0, 0.579445, 0.0, 0.0, 0.0, 1.0],
                [0.796078, 0.0, -0.605194, 0.028302, -0.605194, 0.0, -0.796078, -0.047195, 0.0, 1.0, 0.0, 0.581177, 0.0, 0.0, 0.0, 1.0],
                [0.842839, 0.0, -0.538166, 0.038427, -0.538166, 0.0, -0.842839, -0.064415, 0.0, 1.0, 0.0, 0.583091, 0.0, 0.0, 0.0, 1.0],
                [0.886378, 0.0, -0.462962, 0.049135, -0.462962, 0.0, -0.886378, -0.082626, 0.0, 1.0, 0.0, 0.585116, 0.0, 0.0, 0.0, 1.0],
                [0.923893, 0.0, -0.38265, 0.060037, -0.38265, 0.0, -0.923893, -0.101167, 0.0, 1.0, 0.0, 0.587178, 0.0, 0.0, 0.0, 1.0],
                [0.953625, 0.0, -0.300996, 0.070745, -0.300996, 0.0, -0.953625, -0.119378, 0.0, 1.0, 0.0, 0.589202, 0.0, 0.0, 0.0, 1.0],
                [0.97502, 0.0, -0.222119, 0.08087, -0.222119, 0.0, -0.97502, -0.136599, 0.0, 1.0, 0.0, 0.591117, 0.0, 0.0, 0.0, 1.0],
                [0.98867, 0.0, -0.150106, 0.090025, -0.150106, 0.0, -0.98867, -0.152169, 0.0, 1.0, 0.0, 0.592848, 0.0, 0.0, 0.0, 1.0],
                [0.996056, 0.0, -0.088724, 0.097822, -0.088724, 0.0, -0.996056, -0.165429, 0.0, 1.0, 0.0, 0.594322, 0.0, 0.0, 0.0, 1.0],
                [0.999147, 0.0, -0.041302, 0.103871, -0.041302, 0.0, -0.999147, -0.175717, 0.0, 1.0, 0.0, 0.595466, 0.0, 0.0, 0.0, 1.0],
                [0.999942, 0.0, -0.010797, 0.107785, -0.010797, 0.0, -0.999942, -0.182374, 0.0, 1.0, 0.0, 0.596206, 0.0, 0.0, 0.0, 1.0],
                [1.0, 0.0, 0.0, 0.109176, 0.0, 0.0, -1.0, -0.18474, 0.0, 1.0, 0.0, 0.596469, 0.0, 0.0, 0.0, 1.0],
                [1.0, 0.0, 0.0, 0.109176, 0.0, 0.0, -1.0, -0.135913, 0.0, 1.0, 0.0, 0.572978, 0.0, 0.0, 0.0, 1.0],
                [1.0, 0.0, 0.0, 0.109176, 0.0, 0.0, -1.0, -0.025791, 0.0, 1.0, 0.0, 0.521297, 0.0, 0.0, 0.0, 1.0],
                [1.0, 0.0, 0.0, 0.109176, 0.0, 0.0, -1.0, 0.091083, 0.0, 1.0, 0.0, 0.469616, 0.0, 0.0, 0.0, 1.0],
                [1.0, 0.0, 0.0, 0.109176, 0.0, 0.0, -1.0, 0.160169, 0.0, 1.0, 0.0, 0.446125, 0.0, 0.0, 0.0, 1.0],
                [1.0, 0.0, 0.0, 0.109176, 0.0, 0.0, -1.0, 0.181982, 0.0, 1.0, 0.0, 0.447792, 0.0, 0.0, 0.0, 1.0],
                [1.0, 0.0, 0.0, 0.109176, 0.0, 0.0, -1.0, 0.194997, 0.0, 1.0, 0.0, 0.453065, 0.0, 0.0, 0.0, 1.0],
                [1.0, 0.0, 0.0, 0.109176, 0.0, 0.0, -1.0, 0.201612, 0.0, 1.0, 0.0, 0.462354, 0.0, 0.0, 0.0, 1.0],
                [1.0, 0.0, 0.0, 0.109176, 0.0, 0.0, -1.0, 0.204225, 0.0, 1.0, 0.0, 0.476065, 0.0, 0.0, 0.0, 1.0],
                [1.0, 0.0, 0.0, 0.109176, 0.0, 0.0, -1.0, 0.205235, 0.0, 1.0, 0.0, 0.494607, 0.0, 0.0, 0.0, 1.0],
                [1.0, 0.0, 0.0, 0.109176, 0.0, 0.0, -1.0, 0.20704, 0.0, 1.0, 0.0, 0.518389, 0.0, 0.0, 0.0, 1.0],
                [1.0, 0.0, 0.0, 0.109176, 0.0, 0.0, -1.0, 0.212037, 0.0, 1.0, 0.0, 0.547818, 0.0, 0.0, 0.0, 1.0],
                [1.0, 0.0, 0.0, 0.109176, 0.0, 0.0, -1.0, 0.222625, 0.0, 1.0, 0.0, 0.583303, 0.0, 0.0, 0.0, 1.0],
                [1.0, 0.0, 0.0, 0.109176, 0.0, 0.0, -1.0, 0.241203, 0.0, 1.0, 0.0, 0.625253, 0.0, 0.0, 0.0, 1.0],
                [0.999997, 0.0, -0.002379, 0.108818, -0.002379, 0.0, -0.999997, 0.269631, 0.0, 1.0, 0.0, 0.673893, 0.0, 0.0, 0.0, 1.0],
                [0.999957, 0.0, -0.009253, 0.107777, -0.009253, 0.0, -0.999957, 0.307627, 0.0, 1.0, 0.0, 0.728723, 0.0, 0.0, 0.0, 1.0],
                [0.999795, 0.0, -0.020234, 0.106103, -0.020234, 0.0, -0.999795, 0.354371, 0.0, 1.0, 0.0, 0.789061, 0.0, 0.0, 0.0, 1.0],
                [0.99939, 0.0, -0.034932, 0.103846, -0.034932, 0.0, -0.99939, 0.409045, 0.0, 1.0, 0.0, 0.854225, 0.0, 0.0, 0.0, 1.0],
                [0.998597, 0.0, -0.052956, 0.101056, -0.052956, 0.0, -0.998597, 0.470827, 0.0, 1.0, 0.0, 0.923532, 0.0, 0.0, 0.0, 1.0],
                [0.997265, 0.0, -0.073908, 0.097783, -0.073908, 0.0, -0.997265, 0.5389, 0.0, 1.0, 0.0, 0.996301, 0.0, 0.0, 0.0, 1.0],
                [0.995247, 0.0, -0.097384, 0.094078, -0.097384, 0.0, -0.995247, 0.612444, 0.0, 1.0, 0.0, 1.071849, 0.0, 0.0, 0.0, 1.0],
                [0.99241, 0.0, -0.12297, 0.089989, -0.12297, 0.0, -0.99241, 0.690638, 0.0, 1.0, 0.0, 1.149494, 0.0, 0.0, 0.0, 1.0],
                [0.988649, 0.0, -0.150244, 0.085566, -0.150244, 0.0, -0.988649, 0.772665, 0.0, 1.0, 0.0, 1.228554, 0.0, 0.0, 0.0, 1.0],
                [0.983889, 0.0, -0.178779, 0.080861, -0.178779, 0.0, -0.983889, 0.857704, 0.0, 1.0, 0.0, 1.308347, 0.0, 0.0, 0.0, 1.0],
                [0.978098, 0.0, -0.208146, 0.075923, -0.208146, 0.0, -0.978098, 0.944935, 0.0, 1.0, 0.0, 1.388189, 0.0, 0.0, 0.0, 1.0],
                [0.971285, 0.0, -0.237917, 0.070801, -0.237917, 0.0, -0.971285, 1.03354, 0.0, 1.0, 0.0, 1.4674, 0.0, 0.0, 0.0, 1.0],
                [0.96351, 0.0, -0.267672, 0.065547, -0.267672, 0.0, -0.96351, 1.1227, 0.0, 1.0, 0.0, 1.545297, 0.0, 0.0, 0.0, 1.0],
                [0.954877, 0.0, -0.297002, 0.060209, -0.297002, 0.0, -0.954877, 1.211594, 0.0, 1.0, 0.0, 1.621198, 0.0, 0.0, 0.0, 1.0],
                [0.945536, 0.0, -0.325516, 0.054838, -0.325516, 0.0, -0.945536, 1.299403, 0.0, 1.0, 0.0, 1.69442, 0.0, 0.0, 0.0, 1.0],
                [0.935683, 0.0, -0.352842, 0.049484, -0.352842, 0.0, -0.935683, 1.385308, 0.0, 1.0, 0.0, 1.764282, 0.0, 0.0, 0.0, 1.0],
                [0.925548, 0.0, -0.378629, 0.044196, -0.378629, 0.0, -0.925548, 1.46849, 0.0, 1.0, 0.0, 1.830101, 0.0, 0.0, 0.0, 1.0],
                [0.915397, 0.0, -0.402553, 0.039025, -0.402553, 0.0, -0.915397, 1.548128, 0.0, 1.0, 0.0, 1.891195, 0.0, 0.0, 0.0, 1.0],
                [0.905518, 0.0, -0.424308, 0.034021, -0.424308, 0.0, -0.905518, 1.623404, 0.0, 1.0, 0.0, 1.946881, 0.0, 0.0, 0.0, 1.0],
                [0.896221, 0.0, -0.443608, 0.029234, -0.443608, 0.0, -0.896221, 1.693498, 0.0, 1.0, 0.0, 1.996479, 0.0, 0.0, 0.0, 1.0],
                [0.891296, 0.023958, -0.452789, 0.026223, -0.453388, 0.034713, -0.890637, 1.730358, -0.005621, 0.99911, 0.041802, 2.014947, 0.0, 0.0, 0.0, 1.0],
                [0.886123, 0.048308, -0.460926, 0.023213, -0.463325, 0.069185, -0.883484, 1.767217, -0.010791, 0.996433, 0.083689, 2.033416, 0.0, 0.0, 0.0, 1.0],
                [0.880715, 0.072982, -0.46799, 0.020202, -0.473393, 0.103317, -0.874771, 1.804077, -0.015492, 0.991967, 0.125542, 2.051885, 0.0, 0.0, 0.0, 1.0],
                [0.875088, 0.09791, -0.473956, 0.017192, -0.483562, 0.13701, -0.864521, 1.840936, -0.019709, 0.985719, 0.167241, 2.070354, 0.0, 0.0, 0.0, 1.0],
                [0.869258, 0.123021, -0.478807, 0.014181, -0.493803, 0.170166, -0.852761, 1.877796, -0.023431, 0.977706, 0.208666, 2.088823, 0.0, 0.0, 0.0, 1.0],
                [0.863242, 0.148241, -0.482533, 0.011171, -0.504087, 0.202693, -0.839531, 1.914655, -0.026647, 0.967957, 0.249699, 2.107292, 0.0, 0.0, 0.0, 1.0],
                [0.857057, 0.1735, -0.485129, 0.00816, -0.514384, 0.234501, -0.824875, 1.951515, -0.029352, 0.956508, 0.290226, 2.125761, 0.0, 0.0, 0.0, 1.0],
                [0.850724, 0.198723, -0.486597, 0.00515, -0.524665, 0.265505, -0.808847, 1.988374, -0.031543, 0.943407, 0.330135, 2.144229, 0.0, 0.0, 0.0, 1.0],
                [0.844262, 0.223841, -0.486946, 0.002139, -0.5349, 0.295627, -0.791509, 2.025234, -0.033218, 0.928709, 0.369319, 2.162698, 0.0, 0.0, 0.0, 1.0],
                [0.83769, 0.248784, -0.486191, -0.000871, -0.545063, 0.324794, -0.772927, 2.062094, -0.03438, 0.912477, 0.40768, 2.181167, 0.0, 0.0, 0.0, 1.0],
                [0.831029, 0.273486, -0.484351, -0.003882, -0.555124, 0.352941, -0.753173, 2.098953, -0.035035, 0.894784, 0.445123, 2.199636, 0.0, 0.0, 0.0, 1.0],
                [0.828122, 0.258719, -0.497271, -0.004273, -0.559656, 0.331595, -0.759493, 2.110121, -0.031603, 0.907254, 0.419395, 2.194189, 0.0, 0.0, 0.0, 1.0],
                [0.825114, 0.243548, -0.509775, -0.004664, -0.564255, 0.310021, -0.765182, 2.121289, -0.028318, 0.919006, 0.393226, 2.188742, 0.0, 0.0, 0.0, 1.0],
                [0.82201, 0.227989, -0.521844, -0.005055, -0.568916, 0.288246, -0.770226, 2.132457, -0.025184, 0.930019, 0.366648, 2.183295, 0.0, 0.0, 0.0, 1.0],
                [0.818812, 0.212061, -0.533458, -0.005446, -0.573632, 0.266298, -0.774617, 2.143625, -0.022207, 0.940274, 0.339693, 2.177849, 0.0, 0.0, 0.0, 1.0],
                [0.815524, 0.195782, -0.544601, -0.005838, -0.578398, 0.244205, -0.778344, 2.154792, -0.019392, 0.949754, 0.312395, 2.172402, 0.0, 0.0, 0.0, 1.0],
                [0.812151, 0.179174, -0.555255, -0.006229, -0.583207, 0.221996, -0.781401, 2.16596, -0.016742, 0.958444, 0.284789, 2.166955, 0.0, 0.0, 0.0, 1.0],
                [0.808696, 0.162257, -0.565405, -0.00662, -0.588054, 0.1997, -0.783781, 2.177128, -0.014263, 0.96633, 0.256912, 2.161508, 0.0, 0.0, 0.0, 1.0],
                [0.805164, 0.145054, -0.575039, -0.007011, -0.592931, 0.177346, -0.785481, 2.188296, -0.011956, 0.9734, 0.2288, 2.156062, 0.0, 0.0, 0.0, 1.0],
                [0.813593, 0.117288, -0.569482, -0.005028, -0.58124, 0.189348, -0.791395, 2.228297, 0.015009, 0.97488, 0.222225, 2.123718, 0.0, 0.0, 0.0, 1.0],
                [0.831589, 0.084698, -0.548895, 0.000525, -0.553515, 0.207561, -0.806561, 2.279928, 0.045615, 0.974548, 0.219487, 2.062371, 0.0, 0.0, 0.0, 1.0],
                [0.855929, 0.047493, -0.514908, 0.009052, -0.511025, 0.229802, -0.828278, 2.341138, 0.07899, 0.972078, 0.220964, 1.976527, 0.0, 0.0, 0.0, 1.0],
                [0.883113, 0.006007, -0.469122, 0.019959, -0.455106, 0.253881, -0.853477, 2.409878, 0.113974, 0.967217, 0.226939, 1.870693, 0.0, 0.0, 0.0, 1.0],
                [0.909676, -0.039087, -0.413476, 0.03265, -0.387604, 0.277688, -0.879007, 2.484097, 0.149175, 0.959876, 0.237455, 1.749374, 0.0, 0.0, 0.0, 1.0],
                [0.932561, -0.086675, -0.350454, 0.046532, -0.311141, 0.299355, -0.901985, 2.561746, 0.18309, 0.950197, 0.252199, 1.617076, 0.0, 0.0, 0.0, 1.0],
                [0.949509, -0.135209, -0.283112, 0.061008, -0.22916, 0.317448, -0.92017, 2.640775, 0.214288, 0.938587, 0.270435, 1.478306, 0.0, 0.0, 0.0, 1.0],
                [0.95937, -0.182822, -0.214908, 0.075484, -0.145734, 0.331127, -0.932264, 2.719135, 0.2416, 0.925705, 0.29103, 1.33757, 0.0, 0.0, 0.0, 1.0],
                [0.962241, -0.227525, -0.149417, 0.089366, -0.065216, 0.340235, -0.938076, 2.794775, 0.264273, 0.912399, 0.31255, 1.199373, 0.0, 0.0, 0.0, 1.0],
                [0.959371, -0.267398, -0.090028, 0.102057, 0.008162, 0.345252, -0.938475, 2.865645, 0.282028, 0.899611, 0.333407, 1.068223, 0.0, 0.0, 0.0, 1.0],
                [0.952879, -0.300736, -0.039729, 0.112964, 0.070572, 0.347146, -0.935152, 2.929697, 0.295026, 0.888283, 0.352012, 0.948625, 0.0, 0.0, 0.0, 1.0],
                [0.945338, -0.32609, -0.00106, 0.121491, 0.118704, 0.347147, -0.930268, 2.984879, 0.303719, 0.879292, 0.36688, 0.845085, 0.0, 0.0, 0.0, 1.0],
                [0.939327, -0.3422, 0.023756, 0.127044, 0.149645, 0.346486, -0.926042, 3.029143, 0.308661, 0.873411, 0.376672, 0.762109, 0.0, 0.0, 0.0, 1.0],
                [0.936984, -0.347854, 0.032546, 0.129027, 0.160607, 0.34613, -0.924337, 3.060438, 0.31027, 0.871316, 0.380186, 0.704203, 0.0, 0.0, 0.0, 1.0],
                [0.936984, -0.347854, 0.032546, 0.129027, 0.160607, 0.34613, -0.924337, 3.081283, 0.31027, 0.871316, 0.380186, 0.666304, 0.0, 0.0, 0.0, 1.0],
                [0.936984, -0.347854, 0.032546, 0.129027, 0.160607, 0.34613, -0.924337, 3.096219, 0.31027, 0.871316, 0.380186, 0.639147, 0.0, 0.0, 0.0, 1.0],
                [0.936984, -0.347854, 0.032546, 0.129027, 0.160607, 0.34613, -0.924337, 3.106231, 0.31027, 0.871316, 0.380186, 0.620943, 0.0, 0.0, 0.0, 1.0],
                [0.936984, -0.347854, 0.032546, 0.129027, 0.160607, 0.34613, -0.924337, 3.112304, 0.31027, 0.871316, 0.380186, 0.609902, 0.0, 0.0, 0.0, 1.0],
                [0.936984, -0.347854, 0.032546, 0.129027, 0.160607, 0.34613, -0.924337, 3.115423, 0.31027, 0.871316, 0.380186, 0.604232, 0.0, 0.0, 0.0, 1.0],
                [0.936984, -0.347854, 0.032546, 0.129027, 0.160607, 0.34613, -0.924337, 3.116572, 0.31027, 0.871316, 0.380186, 0.602143, 0.0, 0.0, 0.0, 1.0],
                [0.936984, -0.347854, 0.032546, 0.129027, 0.160607, 0.34613, -0.924337, 3.116736, 0.31027, 0.871316, 0.380186, 0.601844, 0.0, 0.0, 0.0, 1.0]
            ]
        },
        {
            "name": "Thigh_R",
            "time": [0.0, 0.0167, 0.0333, 0.05, 0.0667, 0.0833, 0.1, 0.1167, 0.1333, 0.15, 0.1667, 0.1833, 0.2, 0.2167, 0.2333, 0.25, 0.2667, 0.2833, 0.3, 0.3167, 0.3333, 0.35, 0.3667, 0.3833, 0.4, 0.4167, 0.4333, 0.45, 0.4667, 0.4833, 0.5, 0.5167, 0.5333, 0.55, 0.5667, 0.5833, 0.6, 0.6167, 0.6333, 0.65, 0.6667, 0.6833, 0.7, 0.7167, 0.7333, 0.75, 0.7667, 0.7833, 0.8, 0.8167, 0.8333, 0.85, 0.8667, 0.8833, 0.9, 0.9167, 0.9333, 0.95, 0.9667, 0.9833, 1.0, 1.0167, 1.0333, 1.05, 1.0667, 1.0833, 1.1, 1.1167, 1.1333, 1.15, 1.1667, 1.1833, 1.2, 1.2167, 1.2333, 1.25, 1.2667, 1.2833, 1.3, 1.3167, 1.3333, 1.35, 1.3667, 1.3833, 1.4, 1.4167, 1.4333, 1.45, 1.4667],
            "transform": [
                [0.767373, 0.246654, -0.591862, 0.124994, 0.617863, -0.53121, 0.579707, -0.002831, -0.171416, -0.810539, -0.560036, -1.2e-05, 0.0, 0.0, 0.0, 1.0],
                [0.773218, 0.247786, -0.583725, 0.124994, 0.612474, -0.530363, 0.586165, -0.002831, -0.164343, -0.810749, -0.56185, -1.2e-05, 0.0, 0.0, 0.0, 1.0],
                [0.789172, 0.251655, -0.560248, 0.124994, 0.597106, -0.527921, 0.603956, -0.002831, -0.143778, -0.811151, -0.566887, -1.2e-05, 0.0, 0.0, 0.0, 1.0],
                [0.81226, 0.259575, -0.522355, 0.124994, 0.572806, -0.524035, 0.630301, -0.002831, -0.110122, -0.811175, -0.57434, -1.2e-05, 0.0, 0.0, 0.0, 1.0],
                [0.838853, 0.273095, -0.470897, 0.124994, 0.540632, -0.518988, 0.662093, -0.002831, -0.063576, -0.80998, -0.583, -1.2e-05, 0.0, 0.0, 0.0, 1.0],
                [0.864927, 0.29338, -0.407221, 0.124994, 0.501874, -0.513315, 0.696153, -0.002831, -0.004795, -0.806494, -0.591221, -1.2e-05, 0.0, 0.0, 0.0, 1.0],
                [0.88651, 0.32072, -0.333525, 0.124994, 0.458178, -0.507818, 0.729516, -0.002831, 0.0646, -0.799535, -0.597134, -1.2e-05, 0.0, 0.0, 0.0, 1.0],
                [0.900301, 0.354247, -0.252915, 0.124994, 0.411523, -0.503463, 0.759719, -0.002831, 0.141795, -0.788055, -0.599051, -1.2e-05, 0.0, 0.0, 0.0, 1.0],
                [0.904297, 0.391955, -0.169166, 0.124994, 0.364082, -0.501173, 0.785028, -0.002831, 0.222914, -0.771487, -0.595915, -1.2e-05, 0.0, 0.0, 0.0, 1.0],
                [0.898198, 0.431035, -0.086297, 0.124994, 0.318009, -0.501596, 0.804532, -0.002831, 0.303495, -0.750071, -0.587607, -1.2e-05, 0.0, 0.0, 0.0, 1.0],
                [0.883461, 0.468433, -0.008144, 0.124994, 0.275261, -0.504914, 0.818103, -0.002831, 0.379115, -0.725002, -0.575014, -1.2e-05, 0.0, 0.0, 0.0, 1.0],
                [0.862974, 0.50144, 0.0619, 0.124994, 0.237504, -0.510739, 0.826279, -0.002831, 0.445945, -0.698355, -0.55985, -1.2e-05, 0.0, 0.0, 0.0, 1.0],
                [0.840515, 0.528124, 0.120907, 0.124994, 0.206122, -0.518089, 0.830118, -0.002831, 0.501047, -0.672804, -0.544321, -1.2e-05, 0.0, 0.0, 0.0, 1.0],
                [0.820143, 0.547469, 0.166258, 0.124994, 0.182301, -0.525474, 0.831049, -0.002831, 0.542338, -0.651269, -0.530769, -1.2e-05, 0.0, 0.0, 0.0, 1.0],
                [0.805685, 0.559183, 0.195412, 0.124994, 0.167144, -0.531105, 0.830656, -0.002831, 0.568273, -0.636584, -0.521368, -1.2e-05, 0.0, 0.0, 0.0, 1.0],
                [0.800317, 0.563171, 0.20574, 0.124994, 0.161807, -0.533277, 0.830321, -0.002831, 0.57733, -0.631229, -0.517917, -1.2e-05, 0.0, 0.0, 0.0, 1.0],
                [0.790096, 0.595165, 0.146718, 0.124994, 0.21673, -0.495121, 0.841358, -0.002831, 0.57339, -0.632954, -0.520184, -1.2e-05, 0.0, 0.0, 0.0, 1.0],
                [0.754045, 0.654844, 0.050936, 0.124994, 0.349927, -0.466139, 0.812567, -0.002831, 0.555848, -0.594887, -0.580639, -1.2e-05, 0.0, 0.0, 0.0, 1.0],
                [0.693593, 0.720165, 0.016979, 0.124994, 0.496626, -0.495108, 0.712903, -0.002831, 0.521815, -0.486031, -0.701058, -1.2e-05, 0.0, 0.0, 0.0, 1.0],
                [0.650553, 0.758135, 0.044829, 0.124994, 0.575105, -0.530327, 0.622902, -0.002831, 0.496018, -0.379449, -0.781015, -1.2e-05, 0.0, 0.0, 0.0, 1.0],
                [0.641562, 0.763514, 0.073772, 0.124994, 0.590472, -0.552958, 0.58786, -0.002831, 0.489633, -0.333588, -0.805592, -1.2e-05, 0.0, 0.0, 0.0, 1.0],
                [0.639606, 0.762424, 0.098037, 0.124994, 0.595412, -0.572037, 0.564143, -0.002831, 0.486197, -0.302456, -0.819837, -1.2e-05, 0.0, 0.0, 0.0, 1.0],
                [0.643297, 0.756097, 0.120347, 0.124994, 0.591926, -0.590869, 0.548176, -0.002831, 0.485584, -0.281403, -0.827659, -1.2e-05, 0.0, 0.0, 0.0, 1.0],
                [0.651017, 0.745196, 0.144422, 0.124994, 0.581826, -0.612087, 0.535563, -0.002831, 0.487498, -0.264632, -0.832055, -1.2e-05, 0.0, 0.0, 0.0, 1.0],
                [0.661051, 0.729811, 0.174312, 0.124994, 0.566918, -0.637976, 0.521143, -0.002831, 0.491543, -0.245681, -0.83548, -1.2e-05, 0.0, 0.0, 0.0, 1.0],
                [0.671712, 0.709224, 0.214013, 0.124994, 0.549097, -0.670574, 0.498819, -0.002831, 0.497287, -0.217549, -0.839868, -1.2e-05, 0.0, 0.0, 0.0, 1.0],
                [0.681444, 0.681258, 0.267432, 0.124994, 0.530353, -0.711469, 0.461016, -0.002831, 0.504341, -0.172323, -0.846135, -1.2e-05, 0.0, 0.0, 0.0, 1.0],
                [0.688897, 0.640729, 0.338948, 0.124994, 0.512679, -0.761257, 0.397046, -0.002831, 0.512426, -0.099752, -0.852918, -1.2e-05, 0.0, 0.0, 0.0, 1.0],
                [0.69294, 0.574381, 0.435797, 0.124994, 0.49794, -0.818383, 0.286883, -0.002831, 0.52143, 0.018209, -0.8531, -1.2e-05, 0.0, 0.0, 0.0, 1.0],
                [0.696808, 0.465248, 0.545896, 0.124994, 0.484996, -0.866342, 0.119282, -0.002831, 0.528429, 0.18164, -0.829319, -1.2e-05, 0.0, 0.0, 0.0, 1.0],
                [0.704412, 0.331976, 0.627372, 0.124994, 0.471418, -0.879593, -0.063867, -0.002831, 0.53063, 0.340742, -0.776097, -1.2e-05, 0.0, 0.0, 0.0, 1.0],
                [0.715632, 0.328134, 0.616603, 0.124994, 0.457098, -0.887508, -0.058209, -0.002831, 0.52814, 0.323503, -0.78512, -1.2e-05, 0.0, 0.0, 0.0, 1.0],
                [0.730193, 0.32926, 0.59867, 0.124994, 0.442077, -0.895768, -0.046537, -0.002831, 0.520947, 0.298638, -0.799643, -1.2e-05, 0.0, 0.0, 0.0, 1.0],
                [0.74768, 0.333939, 0.573985, 0.124994, 0.426519, -0.903991, -0.029653, -0.002831, 0.508975, 0.266986, -0.818329, -1.2e-05, 0.0, 0.0, 0.0, 1.0],
                [0.767539, 0.340942, 0.54281, 0.124994, 0.410708, -0.911729, -0.008081, -0.002831, 0.492141, 0.229138, -0.839818, -1.2e-05, 0.0, 0.0, 0.0, 1.0],
                [0.78908, 0.349166, 0.505405, 0.124994, 0.395043, -0.918489, 0.017779, -0.002831, 0.470417, 0.185627, -0.862699, -1.2e-05, 0.0, 0.0, 0.0, 1.0],
                [0.811495, 0.357628, 0.462144, 0.124994, 0.38003, -0.92375, 0.047535, -0.002831, 0.443906, 0.137054, -0.88553, -1.2e-05, 0.0, 0.0, 0.0, 1.0],
                [0.833885, 0.365476, 0.413596, 0.124994, 0.366262, -0.927004, 0.080703, -0.002831, 0.412901, 0.084187, -0.906877, -1.2e-05, 0.0, 0.0, 0.0, 1.0],
                [0.855317, 0.372033, 0.360586, 0.124994, 0.354388, -0.927794, 0.116635, -0.002831, 0.377942, 0.028027, -0.925405, -1.2e-05, 0.0, 0.0, 0.0, 1.0],
                [0.87489, 0.376859, 0.304211, 0.124994, 0.34507, -0.925777, 0.154466, -0.002831, 0.339844, -0.030167, -0.939998, -1.2e-05, 0.0, 0.0, 0.0, 1.0],
                [0.891804, 0.394112, 0.222172, 0.124994, 0.338932, -0.907276, 0.248944, -0.002831, 0.299683, -0.146708, -0.942692, -1.2e-05, 0.0, 0.0, 0.0, 1.0],
                [0.905433, 0.41147, 0.10432, 0.124994, 0.336519, -0.845574, 0.414437, -0.002831, 0.258739, -0.340139, -0.90408, -1.2e-05, 0.0, 0.0, 0.0, 1.0],
                [0.91535, 0.402383, 0.014839, 0.124994, 0.338277, -0.788464, 0.513703, -0.002831, 0.218406, -0.465198, -0.85784, -1.2e-05, 0.0, 0.0, 0.0, 1.0],
                [0.921329, 0.383607, -0.063223, 0.124994, 0.344574, -0.730381, 0.589754, -0.002831, 0.180057, -0.565141, -0.805105, -1.2e-05, 0.0, 0.0, 0.0, 1.0],
                [0.923279, 0.36051, -0.132618, 0.124994, 0.355759, -0.672298, 0.649191, -0.002831, 0.144881, -0.646564, -0.748975, -1.2e-05, 0.0, 0.0, 0.0, 1.0],
                [0.92113, 0.336861, -0.195044, 0.124994, 0.37229, -0.616108, 0.694125, -0.002831, 0.113656, -0.711992, -0.692927, -1.2e-05, 0.0, 0.0, 0.0, 1.0],
                [0.914648, 0.315711, -0.25248, 0.124994, 0.394922, -0.564422, 0.724889, -0.002831, 0.086351, -0.762726, -0.64093, -1.2e-05, 0.0, 0.0, 0.0, 1.0],
                [0.903136, 0.299411, -0.30773, 0.124994, 0.424946, -0.520905, 0.740323, -0.002831, 0.061363, -0.79938, -0.597683, -1.2e-05, 0.0, 0.0, 0.0, 1.0],
                [0.885011, 0.289162, -0.364883, 0.124994, 0.464329, -0.491048, 0.737068, -0.002831, 0.033957, -0.821738, -0.568851, -1.2e-05, 0.0, 0.0, 0.0, 1.0],
                [0.874596, 0.324562, -0.360195, 0.124994, 0.475817, -0.431802, 0.766254, -0.00283, 0.093164, -0.841548, -0.532086, -1.2e-05, 0.0, 0.0, 0.0, 1.0],
                [0.86132, 0.361215, -0.357282, 0.124994, 0.484532, -0.372477, 0.791511, -0.00283, 0.152827, -0.854857, -0.495844, -1.2e-05, 0.0, 0.0, 0.0, 1.0],
                [0.845164, 0.397958, -0.356828, 0.124994, 0.490919, -0.313894, 0.812692, -0.002831, 0.211412, -0.86203, -0.460658, -1.2e-05, 0.0, 0.0, 0.0, 1.0],
                [0.826315, 0.433565, -0.359477, 0.124994, 0.495742, -0.257002, 0.829572, -0.002831, 0.267287, -0.863694, -0.427302, -1.2e-05, 0.0, 0.0, 0.0, 1.0],
                [0.805156, 0.466837, -0.365769, 0.124994, 0.500063, -0.202828, 0.841902, -0.002831, 0.318843, -0.860767, -0.396757, -1.2e-05, 0.0, 0.0, 0.0, 1.0],
                [0.782206, 0.496729, -0.376049, 0.124994, 0.505166, -0.15241, 0.849458, -0.002831, 0.364638, -0.854417, -0.370147, -1.2e-05, 0.0, 0.0, 0.0, 1.0],
                [0.758034, 0.522444, -0.39043, 0.124994, 0.51243, -0.106739, 0.852069, -0.00283, 0.403485, -0.845964, -0.348629, -1.2e-05, 0.0, 0.0, 0.0, 1.0],
                [0.733142, 0.543527, -0.408754, 0.124994, 0.523156, -0.066715, 0.849622, -0.002831, 0.434523, -0.836734, -0.333261, -1.2e-05, 0.0, 0.0, 0.0, 1.0],
                [0.707884, 0.559912, -0.430577, 0.124994, 0.538376, -0.033111, 0.842054, -0.002831, 0.45722, -0.827888, -0.324883, -1.2e-05, 0.0, 0.0, 0.0, 1.0],
                [0.682412, 0.571943, -0.455186, 0.124994, 0.558675, -0.006528, 0.829361, -0.002831, 0.471376, -0.820265, -0.323986, -1.2e-05, 0.0, 0.0, 0.0, 1.0],
                [0.656689, 0.580361, -0.481601, 0.124994, 0.584041, 0.012659, 0.811626, -0.002831, 0.477133, -0.814259, -0.330642, -1.2e-05, 0.0, 0.0, 0.0, 1.0],
                [0.688393, 0.633692, -0.352913, 0.124994, 0.449495, 0.00916, 0.893236, -0.002831, 0.56927, -0.773529, -0.278537, -1.2e-05, 0.0, 0.0, 0.0, 1.0],
                [0.710097, 0.658275, -0.249871, 0.124994, 0.361745, -0.036619, 0.931558, -0.00283, 0.604072, -0.751884, -0.264131, -1.2e-05, 0.0, 0.0, 0.0, 1.0],
                [0.730012, 0.664861, -0.158242, 0.124994, 0.300035, -0.103741, 0.948271, -0.002831, 0.614052, -0.739726, -0.275215, -1.2e-05, 0.0, 0.0, 0.0, 1.0],
                [0.749562, 0.65794, -0.072592, 0.124994, 0.25309, -0.183532, 0.949875, -0.002831, 0.611639, -0.730361, -0.304087, -1.2e-05, 0.0, 0.0, 0.0, 1.0],
                [0.768766, 0.639469, 0.008709, 0.124994, 0.214917, -0.271148, 0.938237, -0.002831, 0.602335, -0.719413, -0.345883, -1.2e-05, 0.0, 0.0, 0.0, 1.0],
                [0.787381, 0.610489, 0.085629, 0.124994, 0.182177, -0.363129, 0.913755, -0.002831, 0.588933, -0.703872, -0.397139, -1.2e-05, 0.0, 0.0, 0.0, 1.0],
                [0.805151, 0.571795, 0.157418, 0.124994, 0.152921, -0.456613, 0.876424, -0.002831, 0.573015, -0.68158, -0.455084, -1.2e-05, 0.0, 0.0, 0.0, 1.0],
                [0.821871, 0.524179, 0.223075, 0.124994, 0.125968, -0.549112, 0.8262, -0.002831, 0.555571, -0.650929, -0.517331, -1.2e-05, 0.0, 0.0, 0.0, 1.0],
                [0.836133, 0.51185, 0.197204, 0.124994, 0.169238, -0.582701, 0.794869, -0.002831, 0.521766, -0.63124, -0.573842, -1.2e-05, 0.0, 0.0, 0.0, 1.0],
                [0.831136, 0.534872, 0.152064, 0.124994, 0.239561, -0.591198, 0.770127, -0.002831, 0.50182, -0.60365, -0.619501, -1.2e-05, 0.0, 0.0, 0.0, 1.0],
                [0.80478, 0.583154, 0.110721, 0.124994, 0.335608, -0.600893, 0.725461, -0.00283, 0.489588, -0.546676, -0.6793, -1.2e-05, 0.0, 0.0, 0.0, 1.0],
                [0.753826, 0.649799, 0.097499, 0.124994, 0.451804, -0.620332, 0.64114, -0.002831, 0.477095, -0.439256, -0.761206, -1.2e-05, 0.0, 0.0, 0.0, 1.0],
                [0.681023, 0.720357, 0.131497, 0.124994, 0.571773, -0.635307, 0.519095, -0.00283, 0.457475, -0.278329, -0.844541, -1.2e-05, 0.0, 0.0, 0.0, 1.0],
                [0.603221, 0.769617, 0.209313, 0.124994, 0.670861, -0.631536, 0.388724, -0.002831, 0.431357, -0.094067, -0.897264, -1.2e-05, 0.0, 0.0, 0.0, 1.0],
                [0.548646, 0.779712, 0.30172, 0.124994, 0.728647, -0.622894, 0.284736, -0.00283, 0.409953, 0.063628, -0.909885, -1.2e-05, 0.0, 0.0, 0.0, 1.0],
                [0.542723, 0.752307, 0.373475, 0.124994, 0.733563, -0.64113, 0.225469, -0.002831, 0.409069, 0.151599, -0.899822, -1.2e-05, 0.0, 0.0, 0.0, 1.0],
                [0.596092, 0.694968, 0.402109, 0.124994, 0.67198, -0.705914, 0.223888, -0.002831, 0.43945, 0.136751, -0.887797, -1.2e-05, 0.0, 0.0, 0.0, 1.0],
                [0.705808, 0.593805, 0.386302, 0.124994, 0.499794, -0.803864, 0.322499, -0.00283, 0.502037, -0.034551, -0.864155, -1.2e-05, 0.0, 0.0, 0.0, 1.0],
                [0.790937, 0.469022, 0.392983, 0.124994, 0.263579, -0.840747, 0.472936, -0.002831, 0.552217, -0.27048, -0.788605, -1.2e-05, 0.0, 0.0, 0.0, 1.0],
                [0.817419, 0.360454, 0.449331, 0.124994, 0.077828, -0.841982, 0.533859, -0.002831, 0.570761, -0.401415, -0.716308, -1.2e-05, 0.0, 0.0, 0.0, 1.0],
                [0.817904, 0.270021, 0.508057, 0.124994, -0.020232, -0.868986, 0.49442, -0.002831, 0.574999, -0.414666, -0.705286, -1.2e-05, 0.0, 0.0, 0.0, 1.0],
                [0.816168, 0.26024, 0.515892, 0.124994, -0.0281, -0.873899, 0.485293, -0.002831, 0.57713, -0.410576, -0.705937, -1.2e-05, 0.0, 0.0, 0.0, 1.0],
                [0.815312, 0.310208, 0.488913, 0.124994, 0.011466, -0.852862, 0.522009, -0.002831, 0.578907, -0.419994, -0.698907, -1.2e-05, 0.0, 0.0, 0.0, 1.0],
                [0.813784, 0.341673, 0.470122, 0.124994, 0.041879, -0.841298, 0.538945, -0.002831, 0.579656, -0.418896, -0.698945, -1.1e-05, 0.0, 0.0, 0.0, 1.0],
                [0.812255, 0.361334, 0.457906, 0.124994, 0.063269, -0.834968, 0.546647, -0.002831, 0.57986, -0.415045, -0.70107, -1.2e-05, 0.0, 0.0, 0.0, 1.0],
                [0.811108, 0.372814, 0.45068, 0.124994, 0.076646, -0.831633, 0.550008, -0.002831, 0.579852, -0.411573, -0.70312, -1.2e-05, 0.0, 0.0, 0.0, 1.0],
                [0.81045, 0.378596, 0.447029, 0.124994, 0.083634, -0.830059, 0.551367, -0.002831, 0.579807, -0.409468, -0.704386, -1.1e-05, 0.0, 0.0, 0.0, 1.0],
                [0.810195, 0.380709, 0.445695, 0.124994, 0.086229, -0.829501, 0.551806, -0.002831, 0.579782, -0.408638, -0.704888, -1.2e-05, 0.0, 0.0, 0.0, 1.0],
                [0.810158, 0.381009, 0.445505, 0.124994, 0.0866, -0.829423, 0.551866, -0.002831, 0.579778, -0.408517, -0.704961, -1.1e-05, 0.0, 0.0, 0.0, 1.0]
            ]
        },
        {
            "name": "Leg_R",
            "time": [0.0, 0.0167, 0.0333, 0.05, 0.0667, 0.0833, 0.1, 0.1167, 0.1333, 0.15, 0.1667, 0.1833, 0.2, 0.2167, 0.2333, 0.25, 0.2667, 0.2833, 0.3, 0.3167, 0.3333, 0.35, 0.3667, 0.3833, 0.4, 0.4167, 0.4333, 0.45, 0.4667, 0.4833, 0.5, 0.5167, 0.5333, 0.55, 0.5667, 0.5833, 0.6, 0.6167, 0.6333, 0.65, 0.6667, 0.6833, 0.7, 0.7167, 0.7333, 0.75, 0.7667, 0.7833, 0.8, 0.8167, 0.8333, 0.85, 0.8667, 0.8833, 0.9, 0.9167, 0.9333, 0.95, 0.9667, 0.9833, 1.0, 1.0167, 1.0333, 1.05, 1.0667, 1.0833, 1.1, 1.1167, 1.1333, 1.15, 1.1667, 1.1833, 1.2, 1.2167, 1.2333, 1.25, 1.2667, 1.2833, 1.3, 1.3167, 1.3333, 1.35, 1.3667, 1.3833, 1.4, 1.4167, 1.4333, 1.45, 1.4667],
            "transform": [
                [1.0, -1e-06, 0.0, 0.0, -0.0, 0.302772, 0.953063, 0.374726, -1e-06, -0.953064, 0.30277, 0.0, 0.0, 0.0, 0.0, 1.0],
                [1.0, -1e-06, 0.0, 0.0, -0.0, 0.298267, 0.954482, 0.374726, -1e-06, -0.954484, 0.298265, -0.0, 0.0, 0.0, 0.0, 1.0],
                [1.0, -1e-06, 1e-06, -0.0, -0.0, 0.286674, 0.958028, 0.374726, -1e-06, -0.95803, 0.286672, -0.0, 0.0, 0.0, 0.0, 1.0],
                [1.0, -1e-06, 0.0, -0.0, -0.0, 0.271867, 0.962334, 0.374726, -1e-06, -0.962336, 0.271865, -0.0, 0.0, 0.0, 0.0, 1.0],
                [1.0, -1e-06, 0.0, 0.0, -0.0, 0.258236, 0.966081, 0.374726, -1e-06, -0.966083, 0.258235, 0.0, 0.0, 0.0, 0.0, 1.0],
                [1.0, -1e-06, 0.0, 0.0, -0.0, 0.249852, 0.968283, 0.374726, -1e-06, -0.968285, 0.249851, 0.0, 0.0, 0.0, 0.0, 1.0],
                [1.0, -1e-06, 1e-06, 0.0, -0.0, 0.249851, 0.968283, 0.374726, -1e-06, -0.968285, 0.24985, -0.0, 0.0, 0.0, 0.0, 1.0],
                [1.0, -1e-06, 1e-06, -0.0, -0.0, 0.26006, 0.965592, 0.374726, -1e-06, -0.965593, 0.260059, -0.0, 0.0, 0.0, 0.0, 1.0],
                [1.0, -1e-06, 0.0, 0.0, -0.0, 0.280849, 0.959751, 0.374726, -1e-06, -0.959753, 0.280848, -0.0, 0.0, 0.0, 0.0, 1.0],
                [1.0, -1e-06, 1e-06, 0.0, -0.0, 0.311141, 0.950364, 0.374726, -1e-06, -0.950365, 0.311139, 0.0, 0.0, 0.0, 0.0, 1.0],
                [1.0, -1e-06, 0.0, -0.0, -0.0, 0.348543, 0.937292, 0.374726, -1e-06, -0.937294, 0.348541, -0.0, 0.0, 0.0, 0.0, 1.0],
                [1.0, -1e-06, 1e-06, -0.0, -0.0, 0.38955, 0.921005, 0.374726, -1e-06, -0.921007, 0.389548, 0.0, 0.0, 0.0, 0.0, 1.0],
                [1.0, -1e-06, 1e-06, 0.0, -0.0, 0.429792, 0.902928, 0.374726, -1e-06, -0.902929, 0.429789, 0.0, 0.0, 0.0, 0.0, 1.0],
                [1.0, -1e-06, 1e-06, -0.0, -0.0, 0.464372, 0.88564, 0.374726, -1e-06, -0.885642, 0.464369, -0.0, 0.0, 0.0, 0.0, 1.0],
                [1.0, -1e-06, 1e-06, -0.0, -0.0, 0.488307, 0.872672, 0.374726, -1e-06, -0.872674, 0.488305, 0.0, 0.0, 0.0, 0.0, 1.0],
                [1.0, -1e-06, 1e-06, 0.0, -0.0, 0.497109, 0.867688, 0.374726, -1e-06, -0.86769, 0.497106, 0.0, 0.0, 0.0, 0.0, 1.0],
                [1.0, -1e-06, 0.0, -0.0, -0.0, 0.347846, 0.937551, 0.374726, -1e-06, -0.937553, 0.347843, 0.0, 0.0, 0.0, 0.0, 1.0],
                [1.0, -1e-06, 0.0, -0.0, -0.0, 0.092468, 0.995714, 0.374726, -1e-06, -0.995716, 0.092468, -0.0, 0.0, 0.0, 0.0, 1.0],
                [1.0, -1e-06, 0.0, -0.0, -0.0, -0.053436, 0.99857, 0.374726, -1e-06, -0.998572, -0.053436, 0.0, 0.0, 0.0, 0.0, 1.0],
                [1.0, -1e-06, 0.0, 0.0, -0.0, -0.064161, 0.997939, 0.374726, -1e-06, -0.99794, -0.064161, 0.0, 0.0, 0.0, 0.0, 1.0],
                [1.0, -1e-06, 0.0, 0.0, -0.0, -0.032771, 0.999462, 0.374726, -1e-06, -0.999464, -0.032771, -0.0, 0.0, 0.0, 0.0, 1.0],
                [1.0, -1e-06, 0.0, 0.0, -0.0, 0.000488, 0.999999, 0.374726, -1e-06, -1.000001, 0.000488, 0.0, 0.0, 0.0, 0.0, 1.0],
                [1.0, -1e-06, 0.0, -0.0, -0.0, 0.038244, 0.999267, 0.374726, -1e-06, -0.999269, 0.038244, -0.0, 0.0, 0.0, 0.0, 1.0],
                [1.0, -1e-06, 0.0, -0.0, -0.0, 0.085143, 0.996368, 0.374726, -1e-06, -0.99637, 0.085142, -0.0, 0.0, 0.0, 0.0, 1.0],
                [1.0, -1e-06, 0.0, 0.0, -0.0, 0.147079, 0.989124, 0.374726, -1e-06, -0.989126, 0.147078, 0.0, 0.0, 0.0, 0.0, 1.0],
                [1.0, -1e-06, 0.0, -0.0, -0.0, 0.230855, 0.972988, 0.374726, -1e-06, -0.972989, 0.230853, -0.0, 0.0, 0.0, 0.0, 1.0],
                [1.0, -1e-06, 0.0, 0.0, -0.0, 0.344254, 0.938876, 0.374726, -1e-06, -0.938878, 0.344252, -0.0, 0.0, 0.0, 0.0, 1.0],
                [1.0, -1e-06, 1e-06, 0.0, -0.0, 0.496544, 0.868011, 0.374726, -1e-06, -0.868013, 0.496542, 0.0, 0.0, 0.0, 0.0, 1.0],
                [1.0, -0.0, 1e-06, -0.0, -0.0, 0.699394, 0.714737, 0.374726, -1e-06, -0.714739, 0.69939, 0.0, 0.0, 0.0, 0.0, 1.0],
                [1.0, -0.0, 1e-06, 0.0, -0.0, 0.912889, 0.408213, 0.374726, -1e-06, -0.408214, 0.912884, 0.0, 0.0, 0.0, 0.0, 1.0],
                [1.0, 0.0, 1e-06, -0.0, -0.0, 0.999992, 0.004703, 0.374726, -1e-06, -0.004703, 0.999986, 0.0, 0.0, 0.0, 0.0, 1.0],
                [1.0, 0.0, 1e-06, -0.0, -0.0, 0.999992, 0.004734, 0.374726, -1e-06, -0.004734, 0.999986, -0.0, 0.0, 0.0, 0.0, 1.0],
                [1.0, -0.0, 1e-06, 0.0, 0.0, 0.999992, 0.004753, 0.374726, -1e-06, -0.004753, 0.999986, -0.0, 0.0, 0.0, 0.0, 1.0],
                [1.0, -0.0, 1e-06, -0.0, 0.0, 0.999991, 0.004762, 0.374726, -1e-06, -0.004763, 0.999986, -0.0, 0.0, 0.0, 0.0, 1.0],
                [1.0, 0.0, 1e-06, 0.0, 0.0, 0.999992, 0.004764, 0.374726, -1e-06, -0.004764, 0.999985, -0.0, 0.0, 0.0, 0.0, 1.0],
                [1.0, 0.0, 1e-06, -0.0, -0.0, 0.999991, 0.004759, 0.374726, -1e-06, -0.004759, 0.999986, 0.0, 0.0, 0.0, 0.0, 1.0],
                [1.0, -0.0, 1e-06, -0.0, -0.0, 0.999992, 0.004749, 0.374726, -1e-06, -0.00475, 0.999986, 0.0, 0.0, 0.0, 0.0, 1.0],
                [1.0, -0.0, 1e-06, 0.0, 0.0, 0.999992, 0.004736, 0.374726, -1e-06, -0.004736, 0.999986, -0.0, 0.0, 0.0, 0.0, 1.0],
                [1.0, 0.0, 1e-06, -0.0, 0.0, 0.999991, 0.004719, 0.374726, -1e-06, -0.004719, 0.999986, -0.0, 0.0, 0.0, 0.0, 1.0],
                [1.0, -0.0, 1e-06, 0.0, -0.0, 0.999991, 0.004699, 0.374726, -1e-06, -0.004699, 0.999986, -0.0, 0.0, 0.0, 0.0, 1.0],
                [1.0, -0.0, 1e-06, 0.0, -0.0, 0.991974, 0.126463, 0.374726, -1e-06, -0.126464, 0.991968, 0.0, 0.0, 0.0, 0.0, 1.0],
                [1.0, -0.0, 1e-06, -0.0, -0.0, 0.913154, 0.407621, 0.374726, -1e-06, -0.407621, 0.913149, -0.0, 0.0, 0.0, 0.0, 1.0],
                [1.0, -0.0, 1e-06, 0.0, -0.0, 0.834561, 0.550919, 0.374726, -1e-06, -0.55092, 0.834556, -0.0, 0.0, 0.0, 0.0, 1.0],
                [1.0, -0.0, 1e-06, 0.0, -0.0, 0.756119, 0.654435, 0.374726, -1e-06, -0.654437, 0.756115, -0.0, 0.0, 0.0, 0.0, 1.0],
                [1.0, -1e-06, 1e-06, 0.0, -0.0, 0.677166, 0.735831, 0.374726, -1e-06, -0.735832, 0.677162, 0.0, 0.0, 0.0, 0.0, 1.0],
                [1.0, -1e-06, 1e-06, -0.0, -0.0, 0.596884, 0.802328, 0.374726, -1e-06, -0.802329, 0.596881, -0.0, 0.0, 0.0, 0.0, 1.0],
                [1.000001, -1e-06, 1e-06, -0.0, -0.0, 0.514899, 0.857251, 0.374726, -1e-06, -0.857252, 0.514896, 0.0, 0.0, 0.0, 0.0, 1.0],
                [1.0, -1e-06, 1e-06, -0.0, -0.0, 0.431972, 0.901887, 0.374726, -1e-06, -0.901889, 0.431969, -0.0, 0.0, 0.0, 0.0, 1.0],
                [1.0, -1e-06, 1e-06, 0.0, -0.0, 0.350825, 0.936441, 0.374726, -1e-06, -0.936442, 0.350823, -0.0, 0.0, 0.0, 0.0, 1.0],
                [1.0, -1e-06, 0.0, 0.0, -0.0, 0.301408, 0.953495, 0.374726, -1e-06, -0.953496, 0.301407, 0.0, 0.0, 0.0, 0.0, 1.0],
                [1.0, -1e-06, 0.0, -0.0, -0.0, 0.257152, 0.96637, 0.374727, -1e-06, -0.966372, 0.257151, -0.0, 0.0, 0.0, 0.0, 1.0],
                [1.0, -1e-06, 0.0, 0.0, -0.0, 0.218032, 0.975941, 0.374726, -1e-06, -0.975942, 0.218031, 0.0, 0.0, 0.0, 0.0, 1.0],
                [1.0, -1e-06, 0.0, -0.0, -0.0, 0.184029, 0.98292, 0.374726, -1e-06, -0.982921, 0.184028, 0.0, 0.0, 0.0, 0.0, 1.0],
                [1.0, -1e-06, 0.0, 0.0, -0.0, 0.15512, 0.987895, 0.374727, -1e-06, -0.987897, 0.155119, 0.0, 0.0, 0.0, 0.0, 1.0],
                [1.0, -1e-06, 0.0, 0.0, -0.0, 0.131285, 0.991344, 0.374726, -1e-06, -0.991346, 0.131284, -0.0, 0.0, 0.0, 0.0, 1.0],
                [1.0, -1e-06, 0.0, -0.0, -0.0, 0.112504, 0.99365, 0.374726, -1e-06, -0.993652, 0.112504, 0.0, 0.0, 0.0, 0.0, 1.0],
                [1.0, -1e-06, 0.0, 0.0, -0.0, 0.098757, 0.995111, 0.374726, -1e-06, -0.995113, 0.098757, 0.0, 0.0, 0.0, 0.0, 1.0],
                [1.0, -1e-06, 0.0, 0.0, -0.0, 0.090029, 0.995938, 0.374726, -1e-06, -0.99594, 0.090028, 0.0, 0.0, 0.0, 0.0, 1.0],
                [1.0, -1e-06, 0.0, 0.0, -0.0, 0.0863, 0.996268, 0.374726, -1e-06, -0.99627, 0.086299, 0.0, 0.0, 0.0, 0.0, 1.0],
                [1.0, -1e-06, 0.0, 0.0, -0.0, 0.087553, 0.996159, 0.374726, -1e-06, -0.996161, 0.087552, 0.0, 0.0, 0.0, 0.0, 1.0],
                [1.0, -1e-06, 0.0, -0.0, -0.0, 0.055403, 0.998463, 0.374726, -1e-06, -0.998465, 0.055403, -0.0, 0.0, 0.0, 0.0, 1.0],
                [1.0, -1e-06, 0.0, 0.0, -0.0, 0.035596, 0.999365, 0.374726, -1e-06, -0.999367, 0.035596, -0.0, 0.0, 0.0, 0.0, 1.0],
                [1.0, -1e-06, 0.0, 0.0, -0.0, 0.028114, 0.999604, 0.374726, -1e-06, -0.999606, 0.028114, -0.0, 0.0, 0.0, 0.0, 1.0],
                [1.0, -1e-06, 0.0, -0.0, -0.0, 0.032945, 0.999456, 0.374726, -1e-06, -0.999458, 0.032944, 0.0, 0.0, 0.0, 0.0, 1.0],
                [1.0, -1e-06, 0.0, -0.0, -0.0, 0.050064, 0.998745, 0.374726, -1e-06, -0.998747, 0.050064, 0.0, 0.0, 0.0, 0.0, 1.0],
                [1.0, -1e-06, 0.0, -0.0, -0.0, 0.079462, 0.996837, 0.374726, -1e-06, -0.996839, 0.079461, 0.0, 0.0, 0.0, 0.0, 1.0],
                [1.0, -1e-06, 0.0, -0.0, -0.0, 0.121118, 0.992637, 0.374726, -1e-06, -0.992639, 0.121117, 0.0, 0.0, 0.0, 0.0, 1.0],
                [1.0, -1e-06, 0.0, -0.0, -0.0, 0.17502, 0.984564, 0.374726, -1e-06, -0.984566, 0.175018, 0.0, 0.0, 0.0, 0.0, 1.0],
                [1.0, -1e-06, 0.0, 0.0, -0.0, 0.15933, 0.987225, 0.374726, -1e-06, -0.987226, 0.159329, 0.0, 0.0, 0.0, 0.0, 1.0],
                [1.0, -1e-06, 0.0, 0.0, -0.0, 0.049882, 0.998754, 0.374726, -1e-06, -0.998756, 0.049881, 0.0, 0.0, 0.0, 0.0, 1.0],
                [1.0, -1e-06, 0.0, 0.0, -0.0, -0.08456, 0.996418, 0.374727, -1e-06, -0.996419, -0.08456, -0.0, 0.0, 0.0, 0.0, 1.0],
                [1.0, -1e-06, 0.0, -0.0, -0.0, -0.186434, 0.982467, 0.374726, -1e-06, -0.982468, -0.186433, 1e-06, 0.0, 0.0, 0.0, 1.0],
                [1.0, -1e-06, 0.0, 0.0, -0.0, -0.224785, 0.974407, 0.374726, -1e-06, -0.974409, -0.224784, -0.0, 0.0, 0.0, 0.0, 1.0],
                [1.0, -1e-06, 0.0, 0.0, -0.0, -0.200661, 0.97966, 0.374726, -1e-06, -0.979662, -0.20066, 0.0, 0.0, 0.0, 0.0, 1.0],
                [1.0, -1e-06, 0.0, -0.0, -0.0, -0.142403, 0.989808, 0.374726, -1e-06, -0.989809, -0.142403, -0.0, 0.0, 0.0, 0.0, 1.0],
                [1.0, -1e-06, 0.0, 0.0, -0.0, -0.090716, 0.995876, 0.374726, -1e-06, -0.995877, -0.090716, -0.0, 0.0, 0.0, 0.0, 1.0],
                [1.000001, -1e-06, 0.0, -0.0, -0.0, -0.073338, 0.997307, 0.374726, -1e-06, -0.997308, -0.073338, 0.0, 0.0, 0.0, 0.0, 1.0],
                [1.0, -1e-06, 0.0, -0.0, -0.0, -0.080348, 0.996766, 0.374726, -1e-06, -0.996768, -0.080348, -0.0, 0.0, 0.0, 0.0, 1.0],
                [1.0, -1e-06, 0.0, -0.0, -0.0, 0.011877, 0.999929, 0.374726, -1e-06, -0.999931, 0.011876, 0.0, 0.0, 0.0, 0.0, 1.0],
                [1.0, -1e-06, 0.0, 0.0, -0.0, 0.272355, 0.962196, 0.374726, -1e-06, -0.962198, 0.272353, 0.0, 0.0, 0.0, 0.0, 1.0],
