{
    "animation": [
        {
            "name": "Root",
            "time": [0.0, 0.0417, 0.0833, 0.125, 0.1667, 0.2083, 0.25, 0.2917, 0.3333, 0.375, 0.4167, 0.4583, 0.5, 0.5417, 0.5833, 0.625, 0.6667, 0.7083, 0.75, 0.875, 0.9167, 0.9583, 1.0, 1.0417, 1.0833, 1.125, 1.1667, 1.2083, 1.25, 1.2917, 1.3333, 1.4583, 1.5, 1.5417, 1.5833, 1.7083, 1.75, 1.7917, 1.8333, 1.875, 1.9167, 1.9583, 2.0, 2.0417, 2.0833, 2.125, 2.1667, 2.2083, 2.25, 2.2917, 2.3333, 2.375, 2.4167, 2.4583, 2.5, 2.5417, 2.5833, 2.625, 2.6667, 2.7083, 2.75, 2.7917, 2.8333, 2.875, 2.9167, 2.9583, 3.0, 3.0417, 3.0833, 3.125, 3.1667, 3.2083, 3.25, 3.2917, 3.3333],
            "transform": [
                [1.0, -0.0, -0.0, -2.2e-05, -0.0, -0.0, -1.0, 0.448918, 0.0, 1.0, -0.0, 0.422007, 0.0, 0.0, 0.0, 1.0],
                [1.0, -0.0, -0.0, -2.2e-05, -0.0, -0.0, -1.0, 0.448918, 0.0, 1.0, -0.0, 0.423262, 0.0, 0.0, 0.0, 1.0],
                [1.0, -0.0, -0.0, -2.2e-05, -0.0, -0.0, -1.0, 0.687699, 0.0, 1.0, -0.0, 0.423262, 0.0, 0.0, 0.0, 1.0],
                [1.0, -0.0, -0.0, -2.2e-05, -0.0, -0.0, -1.0, 0.837153, 0.0, 1.0, -0.0, 0.423262, 0.0, 0.0, 0.0, 1.0],
                [1.0, -0.0, -0.0, -2.2e-05, -0.0, -0.0, -1.0, 0.834634, 0.0, 1.0, -0.0, 0.423262, 0.0, 0.0, 0.0, 1.0],
                [1.0, -0.0, -0.0, -2.2e-05, -0.0, -0.0, -1.0, 0.748641, 0.0, 1.0, -0.0, 0.423262, 0.0, 0.0, 0.0, 1.0],
                [1.0, -0.0, -0.0, -2.2e-05, -0.0, -0.0, -1.0, 0.755207, 0.0, 1.0, -0.0, 0.453779, 0.0, 0.0, 0.0, 1.0],
                [1.0, -0.0, -0.0, -2.2e-05, -0.0, -0.0, -1.0, 0.786727, 0.0, 1.0, -0.0, 0.453779, 0.0, 0.0, 0.0, 1.0],
                [1.0, -0.0, -0.0, -2.2e-05, -0.0, -0.0, -1.0, 0.83582, 0.0, 1.0, -0.0, 0.453779, 0.0, 0.0, 0.0, 1.0],
                [1.0, -0.0, -0.0, -2.2e-05, -0.0, -0.0, -1.0, 1.250059, 0.0, 1.0, -0.0, 0.453779, 0.0, 0.0, 0.0, 1.0],
                [1.0, -0.0, -0.0, -2.2e-05, -0.0, -0.0, -1.0, 1.66111, 0.0, 1.0, -0.0, 0.453779, 0.0, 0.0, 0.0, 1.0],
                [1.0, -0.0, -0.0, -2.2e-05, -0.0, -0.0, -1.0, 1.867118, 0.0, 1.0, -0.0, 0.453779, 0.0, 0.0, 0.0, 1.0],
                [1.0, -0.0, -0.0, -2.2e-05, -0.0, -0.0, -1.0, 2.088525, 0.0, 1.0, -0.0, 0.453779, 0.0, 0.0, 0.0, 1.0],
                [1.0, -0.0, -0.0, -2.2e-05, -0.0, -0.0, -1.0, 2.150506, 0.0, 1.0, -0.0, 0.453779, 0.0, 0.0, 0.0, 1.0],
                [1.0, -0.0, -0.0, -2.2e-05, -0.0, -0.0, -1.0, 2.263667, 0.0, 1.0, -0.0, 0.453779, 0.0, 0.0, 0.0, 1.0],
                [1.0, -0.0, -0.0, -2.2e-05, -0.0, -0.0, -1.0, 2.591831, 0.0, 1.0, -0.0, 0.453779, 0.0, 0.0, 0.0, 1.0],
                [1.0, -0.0, -0.0, -2.2e-05, -0.0, -0.0, -1.0, 2.827426, 0.0, 1.0, -0.0, 0.453779, 0.0, 0.0, 0.0, 1.0],
                [1.0, -0.0, -0.0, -2.2e-05, -0.0, -0.0, -1.0, 3.01137, 0.0, 1.0, -0.0, 0.453779, 0.0, 0.0, 0.0, 1.0],
                [1.0, -0.0, -0.0, -2.2e-05, -0.0, -0.0, -1.0, 3.128223, 0.0, 1.0, -0.0, 0.342045, 0.0, 0.0, 0.0, 1.0],
                [1.0, -0.0, -0.0, -2.1e-05, -0.0, -0.0, -1.0, 3.358366, 0.0, 1.0, -0.0, 0.260828, 0.0, 0.0, 0.0, 1.0],
                [1.0, -0.0, -0.0, -2.1e-05, -0.0, -0.0, -1.0, 3.42126, 0.0, 1.0, -0.0, 0.260828, 0.0, 0.0, 0.0, 1.0],
                [1.0, -0.0, -0.0, -2.1e-05, -0.0, -0.0, -1.0, 3.464044, 0.0, 1.0, -0.0, 0.260828, 0.0, 0.0, 0.0, 1.0],
                [1.0, -0.0, -0.0, -2.1e-05, -0.0, -0.0, -1.0, 3.472077, 0.0, 1.0, -0.0, 0.260828, 0.0, 0.0, 0.0, 1.0],
                [1.0, -0.0, -0.0, -2.1e-05, -0.0, -0.0, -1.0, 3.468367, 0.0, 1.0, -0.0, 0.260828, 0.0, 0.0, 0.0, 1.0],
                [1.0, -0.0, -0.0, -2.1e-05, -0.0, -0.0, -1.0, 3.447804, 0.0, 1.0, -0.0, 0.260828, 0.0, 0.0, 0.0, 1.0],
                [1.0, -0.0, -0.0, -2.1e-05, -0.0, -0.0, -1.0, 3.430944, 0.0, 1.0, -0.0, 0.260828, 0.0, 0.0, 0.0, 1.0],
                [1.0, -0.0, -0.0, -2.1e-05, -0.0, -0.0, -1.0, 3.406001, 0.0, 1.0, -0.0, 0.260828, 0.0, 0.0, 0.0, 1.0],
                [1.0, -0.0, -0.0, -2.1e-05, -0.0, -0.0, -1.0, 3.388015, 0.0, 1.0, -0.0, 0.260828, 0.0, 0.0, 0.0, 1.0],
                [1.0, -0.0, -0.0, -2.1e-05, -0.0, -0.0, -1.0, 3.383476, 0.0, 1.0, -0.0, 0.260828, 0.0, 0.0, 0.0, 1.0],
                [1.0, -0.0, -0.0, -2.1e-05, -0.0, -0.0, -1.0, 3.388554, 0.0, 1.0, -0.0, 0.260828, 0.0, 0.0, 0.0, 1.0],
                [1.0, -0.0, -0.0, -2.1e-05, -0.0, -0.0, -1.0, 3.39255, 0.0, 1.0, -0.0, 0.260828, 0.0, 0.0, 0.0, 1.0],
                [1.0, -0.0, -0.0, -2.1e-05, -0.0, -0.0, -1.0, 3.429088, 0.0, 1.0, -0.0, 0.342045, 0.0, 0.0, 0.0, 1.0],
                [1.0, -0.0, -0.0, -2.1e-05, -0.0, -0.0, -1.0, 3.453652, 0.0, 1.0, -0.0, 0.342045, 0.0, 0.0, 0.0, 1.0],
                [1.0, -0.0, -0.0, -2.1e-05, -0.0, -0.0, -1.0, 3.476454, 0.0, 1.0, -0.0, 0.342045, 0.0, 0.0, 0.0, 1.0],
                [1.0, -0.0, -0.0, -2.1e-05, -0.0, -0.0, -1.0, 3.532913, 0.0, 1.0, -0.0, 0.342045, 0.0, 0.0, 0.0, 1.0],
                [1.0, -0.0, -0.0, -2.1e-05, -0.0, -0.0, -1.0, 3.829134, 0.0, 1.0, -0.0, 0.504479, 0.0, 0.0, 0.0, 1.0],
                [1.0, -0.0, -0.0, -2.1e-05, -0.0, -0.0, -1.0, 4.006263, 0.0, 1.0, -0.0, 0.504479, 0.0, 0.0, 0.0, 1.0],
                [1.0, -0.0, -0.0, -2.1e-05, -0.0, -0.0, -1.0, 4.166164, 0.0, 1.0, -0.0, 0.504479, 0.0, 0.0, 0.0, 1.0],
                [1.0, -0.0, -0.0, -2.1e-05, -0.0, -0.0, -1.0, 4.296757, 0.0, 1.0, -0.0, 0.504479, 0.0, 0.0, 0.0, 1.0],
                [1.0, -0.0, -0.0, -2.1e-05, -0.0, -0.0, -1.0, 4.334346, 0.0, 1.0, -0.0, 0.504479, 0.0, 0.0, 0.0, 1.0],
                [1.0, -0.0, -0.0, -2.1e-05, -0.0, -0.0, -1.0, 4.36668, 0.0, 1.0, -0.0, 0.585696, 0.0, 0.0, 0.0, 1.0],
                [1.0, -0.0, -0.0, -2.1e-05, -0.0, -0.0, -1.0, 4.396886, 0.0, 1.0, -0.0, 0.585696, 0.0, 0.0, 0.0, 1.0],
                [1.0, -0.0, -0.0, -2.1e-05, -0.0, -0.0, -1.0, 4.415138, 0.0, 1.0, -0.0, 0.585696, 0.0, 0.0, 0.0, 1.0],
                [1.0, -0.0, -0.0, -2.1e-05, -0.0, -0.0, -1.0, 4.432978, 0.0, 1.0, -0.0, 0.585696, 0.0, 0.0, 0.0, 1.0],
                [1.0, -0.0, -0.0, -2.1e-05, -0.0, -0.0, -1.0, 4.444457, 0.0, 1.0, -0.0, 0.585696, 0.0, 0.0, 0.0, 1.0],
                [1.0, -0.0, -0.0, -2.1e-05, -0.0, -0.0, -1.0, 4.450315, 0.0, 1.0, -0.0, 0.585696, 0.0, 0.0, 0.0, 1.0],
                [1.0, -0.0, -0.0, -2.1e-05, -0.0, -0.0, -1.0, 4.453945, 0.0, 1.0, -0.0, 0.585696, 0.0, 0.0, 0.0, 1.0],
                [1.0, -0.0, -0.0, -2.1e-05, -0.0, -0.0, -1.0, 4.456365, 0.0, 1.0, -0.0, 0.585696, 0.0, 0.0, 0.0, 1.0],
                [1.0, -0.0, -0.0, -2.1e-05, -0.0, -0.0, -1.0, 4.459159, 0.0, 1.0, -0.0, 0.585696, 0.0, 0.0, 0.0, 1.0],
                [1.0, -0.0, -0.0, -2.1e-05, -0.0, -0.0, -1.0, 4.461284, 0.0, 1.0, -0.0, 0.585696, 0.0, 0.0, 0.0, 1.0],
                [1.0, -0.0, -0.0, -2.1e-05, -0.0, -0.0, -1.0, 4.463882, 0.0, 1.0, -0.0, 0.585696, 0.0, 0.0, 0.0, 1.0],
                [1.0, -0.0, -0.0, -2.1e-05, -0.0, -0.0, -1.0, 4.466007, 0.0, 1.0, -0.0, 0.585696, 0.0, 0.0, 0.0, 1.0],
                [1.0, -0.0, -0.0, -2.1e-05, -0.0, -0.0, -1.0, 4.467424, 0.0, 1.0, -0.0, 0.585696, 0.0, 0.0, 0.0, 1.0],
                [1.0, -0.0, -0.0, -2.1e-05, -0.0, -0.0, -1.0, 4.467401, 0.0, 1.0, -0.0, 0.585696, 0.0, 0.0, 0.0, 1.0],
                [1.0, -0.0, -0.0, -2.1e-05, -0.0, -0.0, -1.0, 4.467379, 0.0, 1.0, -0.0, 0.585696, 0.0, 0.0, 0.0, 1.0],
                [1.0, -0.0, -0.0, -2.1e-05, -0.0, -0.0, -1.0, 4.467359, 0.0, 1.0, -0.0, 0.585696, 0.0, 0.0, 0.0, 1.0],
                [1.0, -0.0, -0.0, -2.1e-05, -0.0, -0.0, -1.0, 4.467337, 0.0, 1.0, -0.0, 0.585696, 0.0, 0.0, 0.0, 1.0],
                [1.0, -0.0, -0.0, -2.1e-05, -0.0, -0.0, -1.0, 4.467314, 0.0, 1.0, -0.0, 0.585696, 0.0, 0.0, 0.0, 1.0],
                [1.0, -0.0, -0.0, -2.1e-05, -0.0, -0.0, -1.0, 4.467292, 0.0, 1.0, -0.0, 0.585696, 0.0, 0.0, 0.0, 1.0],
                [1.0, -0.0, -0.0, -2.1e-05, -0.0, -0.0, -1.0, 4.467269, 0.0, 1.0, -0.0, 0.585696, 0.0, 0.0, 0.0, 1.0],
                [1.0, -0.0, -0.0, -2.1e-05, -0.0, -0.0, -1.0, 4.467255, 0.0, 1.0, -0.0, 0.585696, 0.0, 0.0, 0.0, 1.0],
                [1.0, -0.0, -0.0, -3e-06, -0.0, -0.0, -1.0, 4.467233, 0.0, 1.0, -0.0, 0.586873, 0.0, 0.0, 0.0, 1.0],
                [1.0, -0.0, -0.0, 1.5e-05, -0.0, -0.0, -1.0, 4.467211, 0.0, 1.0, -0.0, 0.588051, 0.0, 0.0, 0.0, 1.0],
                [1.0, -0.0, -0.0, 3.4e-05, -0.0, -0.0, -1.0, 4.467189, 0.0, 1.0, -0.0, 0.589229, 0.0, 0.0, 0.0, 1.0],
                [1.0, -0.0, -0.0, 5.2e-05, -0.0, -0.0, -1.0, 4.467167, 0.0, 1.0, -0.0, 0.590406, 0.0, 0.0, 0.0, 1.0],
                [1.0, -0.0, -0.0, 7.1e-05, -0.0, -0.0, -1.0, 4.467145, 0.0, 1.0, -0.0, 0.591584, 0.0, 0.0, 0.0, 1.0],
                [1.0, -0.0, -0.0, 8.9e-05, -0.0, -0.0, -1.0, 4.467124, 0.0, 1.0, -0.0, 0.592762, 0.0, 0.0, 0.0, 1.0],
                [1.0, -0.0, -0.0, 0.000107, -0.0, -0.0, -1.0, 4.467102, 0.0, 1.0, -0.0, 0.59394, 0.0, 0.0, 0.0, 1.0],
                [1.0, -0.0, -0.0, 0.000126, -0.0, -0.0, -1.0, 4.46708, 0.0, 1.0, -0.0, 0.595117, 0.0, 0.0, 0.0, 1.0],
                [1.0, -0.0, -0.0, 0.000144, -0.0, -0.0, -1.0, 4.467058, 0.0, 1.0, -0.0, 0.596295, 0.0, 0.0, 0.0, 1.0],
                [1.0, -0.0, -0.0, 0.000163, -0.0, -0.0, -1.0, 4.467036, 0.0, 1.0, -0.0, 0.597473, 0.0, 0.0, 0.0, 1.0],
                [1.0, -0.0, -0.0, 0.000181, -0.0, -0.0, -1.0, 4.467015, 0.0, 1.0, -0.0, 0.59865, 0.0, 0.0, 0.0, 1.0],
                [1.0, -0.0, -0.0, 0.000199, -0.0, -0.0, -1.0, 4.466993, 0.0, 1.0, -0.0, 0.599828, 0.0, 0.0, 0.0, 1.0],
                [1.0, -0.0, -0.0, 0.000218, -0.0, -0.0, -1.0, 4.466971, 0.0, 1.0, -0.0, 0.601006, 0.0, 0.0, 0.0, 1.0],
                [1.0, -0.0, -0.0, 0.000218, -0.0, -0.0, -1.0, 4.466971, 0.0, 1.0, -0.0, 0.601542, 0.0, 0.0, 0.0, 1.0]
            ]
        },
        {
            "name": "Thigh_R",
            "time": [0.0, 0.0417, 0.0833, 0.125, 0.1667, 0.2083, 0.25, 0.2917, 0.3333, 0.375, 0.4167, 0.4583, 0.5, 0.5417, 0.5833, 0.625, 0.6667, 0.7083, 0.75, 0.7917, 0.8333, 0.875, 0.9167, 0.9583, 1.0, 1.0417, 1.0833, 1.125, 1.1667, 1.2083, 1.25, 1.2917, 1.3333, 1.375, 1.4167, 1.4583, 1.5, 1.5417, 1.5833, 1.625, 1.6667, 1.7083, 1.75, 1.7917, 1.8333, 1.875, 1.9167, 1.9583, 2.0, 2.0417, 2.0833, 2.125, 2.1667, 2.2083, 2.25, 2.2917, 2.3333, 2.375, 2.4167, 2.4583, 2.5, 2.5417, 2.5833, 2.625, 2.6667, 2.7083, 2.75, 2.7917, 2.8333, 2.875, 2.9167, 2.9583, 3.0, 3.0417, 3.0833, 3.125, 3.1667, 3.2083, 3.25, 3.2917, 3.3333],
            "transform": [
                [0.727854, 0.399354, 0.557447, 0.071236, -0.271702, -0.578436, 0.769149, 0.143956, 0.62961, -0.711288, -0.312511, 0.130162, 0.0, 0.0, 0.0, 1.0],
                [0.231617, 0.804757, 0.546555, -0.04415, 0.39247, -0.591382, 0.70444, 0.149997, 0.890125, 0.051346, -0.452816, 0.105095, 0.0, 0.0, 0.0, 1.0],
                [0.036821, 0.713494, 0.699694, -0.026325, 0.594245, -0.57856, 0.558697, 0.13732, 0.803442, 0.395218, -0.445292, 0.107002, 0.0, 0.0, 0.0, 1.0],
                [-0.019106, 0.612136, 0.790523, -0.008499, 0.687003, -0.566411, 0.4552, 0.124643, 0.726405, 0.551788, -0.409716, 0.10891, 0.0, 0.0, 0.0, 1.0],
                [0.236974, 0.632354, 0.737545, 0.032025, 0.655756, -0.664254, 0.358821, 0.103923, 0.716819, 0.398619, -0.57208, 0.093064, 0.0, 0.0, 0.0, 1.0],
                [0.593057, 0.609227, 0.526429, 0.072549, 0.569275, -0.779641, 0.260938, 0.083203, 0.569395, 0.144932, -0.809187, 0.077217, 0.0, 0.0, 0.0, 1.0],
                [0.644921, 0.550015, 0.530625, 0.076952, 0.551222, -0.815685, 0.175538, 0.119424, 0.529371, 0.179284, -0.829231, 0.002107, 0.0, 0.0, 0.0, 1.0],
                [0.664157, 0.416118, 0.621081, 0.081356, 0.543292, -0.839338, -0.018625, 0.155645, 0.513547, 0.349799, -0.783525, -0.073004, 0.0, 0.0, 0.0, 1.0],
                [0.828737, 0.235335, 0.507754, 0.024646, 0.460289, -0.802696, -0.37923, 0.141178, 0.318326, 0.547996, -0.773544, -0.112166, 0.0, 0.0, 0.0, 1.0],
                [0.19154, -0.124843, -0.973513, -0.032063, -0.352389, -0.934491, 0.050505, 0.12671, -0.916044, 0.333382, -0.222986, -0.151329, 0.0, 0.0, 0.0, 1.0],
                [-0.973848, 0.225292, -0.029437, -0.141929, -0.145953, -0.521012, 0.840979, 0.104464, 0.174128, 0.823282, 0.540267, -0.071755, 0.0, 0.0, 0.0, 1.0],
                [-0.67252, 0.528288, 0.518296, -0.145902, 0.233327, -0.513259, 0.825908, 0.121114, 0.702337, 0.676372, 0.221912, 0.01261, 0.0, 0.0, 0.0, 1.0],
                [0.05503, 0.565296, 0.823051, -0.06791, 0.64414, -0.649933, 0.403325, 0.106661, 0.762927, 0.507965, -0.399895, 0.093799, 0.0, 0.0, 0.0, 1.0],
                [0.568982, 0.514942, 0.641167, 0.056818, 0.618207, -0.781992, 0.079438, 0.087013, 0.542294, 0.351175, -0.763279, 0.084844, 0.0, 0.0, 0.0, 1.0],
                [0.85384, 0.377572, 0.358326, 0.115064, 0.485059, -0.826909, -0.284502, 0.065572, 0.188883, 0.416729, -0.889191, -0.024549, 0.0, 0.0, 0.0, 1.0],
                [0.932853, 0.33832, 0.123806, 0.0802, 0.350176, -0.770763, -0.532262, 0.044046, -0.08465, 0.539876, -0.837478, -0.093468, 0.0, 0.0, 0.0, 1.0],
                [0.92291, 0.385008, 0.002811, 0.075519, 0.304685, -0.725864, -0.616677, 0.013558, -0.235385, 0.569994, -0.787212, -0.090694, 0.0, 0.0, 0.0, 1.0],
                [0.695039, 0.445534, -0.564288, 0.058425, 0.375714, -0.894236, -0.243275, 0.040031, -0.612994, -0.042925, -0.788921, -0.102474, 0.0, 0.0, 0.0, 1.0],
                [0.36227, 0.053268, -0.93055, 0.041332, 0.563356, -0.807885, 0.173071, 0.066503, -0.742559, -0.586929, -0.322681, -0.114254, 0.0, 0.0, 0.0, 1.0],
                [0.249389, -0.183425, -0.950874, 0.025487, 0.627537, -0.717235, 0.302941, 0.080414, -0.737567, -0.672259, -0.063764, -0.124173, 0.0, 0.0, 0.0, 1.0],
                [0.145014, -0.402048, -0.904063, 0.009642, 0.668247, -0.63404, 0.389153, 0.094324, -0.72967, -0.660569, 0.176722, -0.134092, 0.0, 0.0, 0.0, 1.0],
                [0.094357, -0.413708, -0.905507, -0.001543, 0.634048, -0.676261, 0.37504, 0.094604, -0.767516, -0.609523, 0.1985, -0.135832, 0.0, 0.0, 0.0, 1.0],
                [0.077592, -0.407514, -0.909897, -0.012727, 0.616312, -0.697774, 0.365066, 0.094884, -0.783672, -0.589106, 0.197013, -0.137573, 0.0, 0.0, 0.0, 1.0],
                [0.056626, -0.4172, -0.90705, -0.023912, 0.613743, -0.702029, 0.361215, 0.095165, -0.787474, -0.577149, 0.2163, -0.139313, 0.0, 0.0, 0.0, 1.0],
                [0.048639, -0.419997, -0.906222, -0.035097, 0.616589, -0.701156, 0.35805, 0.095445, -0.785782, -0.576182, 0.224861, -0.141054, 0.0, 0.0, 0.0, 1.0],
                [0.041321, -0.417438, -0.907766, -0.03212, 0.62853, -0.695397, 0.348389, 0.093733, -0.776689, -0.584953, 0.233638, -0.145936, 0.0, 0.0, 0.0, 1.0],
                [0.032175, -0.409077, -0.911933, -0.029144, 0.66271, -0.67427, 0.325847, 0.092021, -0.748186, -0.614831, 0.249404, -0.150819, 0.0, 0.0, 0.0, 1.0],
                [0.02681, -0.405685, -0.91362, -0.026168, 0.685443, -0.657798, 0.312203, 0.090308, -0.727634, -0.634605, 0.260438, -0.155701, 0.0, 0.0, 0.0, 1.0],
                [0.01384, -0.41378, -0.910272, -0.007407, 0.716179, -0.63119, 0.297806, 0.088267, -0.697781, -0.656039, 0.287604, -0.148206, 0.0, 0.0, 0.0, 1.0],
                [0.003586, -0.435152, -0.900351, 0.011354, 0.738381, -0.60603, 0.295843, 0.086226, -0.674376, -0.665862, 0.319133, -0.140711, 0.0, 0.0, 0.0, 1.0],
                [0.027886, -0.448493, -0.893352, 0.030115, 0.7486, -0.582879, 0.315992, 0.084185, -0.662436, -0.677576, 0.319487, -0.133215, 0.0, 0.0, 0.0, 1.0],
                [0.073367, -0.466961, -0.88123, 0.048876, 0.748681, -0.55796, 0.357993, 0.082144, -0.658859, -0.686025, 0.308669, -0.12572, 0.0, 0.0, 0.0, 1.0],
                [0.118502, -0.481633, -0.868325, 0.067637, 0.746617, -0.533295, 0.397694, 0.080102, -0.654616, -0.695433, 0.296399, -0.118225, 0.0, 0.0, 0.0, 1.0],
                [0.229912, -0.50045, -0.83468, 0.086398, 0.73365, -0.474402, 0.486519, 0.078061, -0.639452, -0.72422, 0.258084, -0.110729, 0.0, 0.0, 0.0, 1.0],
                [0.341668, -0.501769, -0.794664, 0.102311, 0.707397, -0.419383, 0.568955, 0.082472, -0.618753, -0.756536, 0.21166, -0.090683, 0.0, 0.0, 0.0, 1.0],
                [0.46357, -0.48643, -0.740601, 0.118223, 0.660392, -0.367589, 0.654798, 0.086883, -0.59075, -0.792632, 0.150831, -0.070635, 0.0, 0.0, 0.0, 1.0],
                [0.582617, -0.450065, -0.676757, 0.134135, 0.596507, -0.32878, 0.732178, 0.091293, -0.552032, -0.83027, 0.076914, -0.050588, 0.0, 0.0, 0.0, 1.0],
                [0.655029, -0.41315, -0.63265, 0.150048, 0.547432, -0.317636, 0.774227, 0.095704, -0.520824, -0.853474, 0.01811, -0.030541, 0.0, 0.0, 0.0, 1.0],
                [0.767643, -0.326537, -0.551453, 0.156041, 0.453281, -0.331658, 0.827369, 0.111142, -0.45306, -0.885087, -0.106582, 0.014685, 0.0, 0.0, 0.0, 1.0],
                [0.84446, -0.241178, -0.478248, 0.148766, 0.373688, -0.374393, 0.848638, 0.106403, -0.383726, -0.895358, -0.226035, 0.021589, 0.0, 0.0, 0.0, 1.0],
                [0.890624, -0.167713, -0.422686, 0.141491, 0.314715, -0.443619, 0.839141, 0.101665, -0.328246, -0.880385, -0.342315, 0.028493, 0.0, 0.0, 0.0, 1.0],
                [0.948836, -0.031456, -0.314202, 0.134217, 0.234326, -0.59685, 0.767374, 0.096927, -0.21167, -0.801737, -0.558941, 0.035398, 0.0, 0.0, 0.0, 1.0],
                [0.978145, 0.107666, -0.177882, 0.126942, 0.196361, -0.759674, 0.619951, 0.092188, -0.068385, -0.641331, -0.764211, 0.042302, 0.0, 0.0, 0.0, 1.0],
                [0.975784, 0.217778, -0.020485, 0.119667, 0.205384, -0.879958, 0.428362, 0.08745, 0.075262, -0.422196, -0.903375, 0.049206, 0.0, 0.0, 0.0, 1.0],
                [0.933168, 0.305922, 0.188706, 0.112392, 0.24308, -0.923851, 0.295658, 0.082711, 0.264784, -0.230027, -0.936471, 0.056111, 0.0, 0.0, 0.0, 1.0],
                [0.885458, 0.342609, 0.313983, 0.105719, 0.262174, -0.926127, 0.271212, 0.083758, 0.383707, -0.157829, -0.909868, 0.064017, 0.0, 0.0, 0.0, 1.0],
                [0.790743, 0.376963, 0.482313, 0.099045, 0.280471, -0.92344, 0.26191, 0.084804, 0.544118, -0.071828, -0.835929, 0.071923, 0.0, 0.0, 0.0, 1.0],
                [0.697992, 0.395937, 0.596692, 0.092372, 0.300641, -0.918279, 0.257646, 0.08585, 0.649941, -0.000444, -0.759985, 0.07983, 0.0, 0.0, 0.0, 1.0],
                [0.65222, 0.405395, 0.64052, 0.085699, 0.320528, -0.913214, 0.251603, 0.086896, 0.68693, 0.041205, -0.725555, 0.087736, 0.0, 0.0, 0.0, 1.0],
                [0.611337, 0.421356, 0.669871, 0.079026, 0.349705, -0.903176, 0.248959, 0.087943, 0.709912, 0.08206, -0.699494, 0.095642, 0.0, 0.0, 0.0, 1.0],
                [0.578441, 0.438473, 0.687857, 0.072353, 0.354756, -0.894549, 0.271903, 0.088989, 0.734545, 0.086742, -0.672994, 0.103548, 0.0, 0.0, 0.0, 1.0],
                [0.549338, 0.486344, 0.679485, 0.06568, 0.343134, -0.87274, 0.347255, 0.090035, 0.761899, 0.042394, -0.646308, 0.111455, 0.0, 0.0, 0.0, 1.0],
                [0.522854, 0.506226, 0.685828, 0.068217, 0.329664, -0.862045, 0.38497, 0.088003, 0.786097, 0.02481, -0.617607, 0.108176, 0.0, 0.0, 0.0, 1.0],
                [0.502872, 0.48693, 0.714157, 0.070754, 0.31888, -0.872456, 0.370322, 0.08597, 0.803391, 0.041507, -0.594005, 0.104897, 0.0, 0.0, 0.0, 1.0],
                [0.474184, 0.437346, 0.76412, 0.073292, 0.303152, -0.895932, 0.324663, 0.083938, 0.826589, 0.077695, -0.557418, 0.101618, 0.0, 0.0, 0.0, 1.0],
                [0.456058, 0.404256, 0.792836, 0.075829, 0.294892, -0.909193, 0.293955, 0.081906, 0.839674, 0.099741, -0.533855, 0.098339, 0.0, 0.0, 0.0, 1.0],
                [0.435165, 0.379266, 0.816572, 0.078367, 0.290229, -0.917627, 0.271533, 0.079874, 0.852291, 0.118831, -0.509392, 0.095059, 0.0, 0.0, 0.0, 1.0],
                [0.425489, 0.357463, 0.831373, 0.080904, 0.286213, -0.92468, 0.251101, 0.077841, 0.858512, 0.131109, -0.495751, 0.091781, 0.0, 0.0, 0.0, 1.0],
                [0.422158, 0.342246, 0.839435, 0.083442, 0.283805, -0.929343, 0.236175, 0.075809, 0.860952, 0.138533, -0.48946, 0.088501, 0.0, 0.0, 0.0, 1.0],
                [0.420515, 0.318228, 0.849647, 0.085979, 0.281075, -0.936093, 0.211493, 0.073777, 0.86265, 0.149879, -0.483086, 0.085223, 0.0, 0.0, 0.0, 1.0],
                [0.427465, 0.292819, 0.855296, 0.088516, 0.280438, -0.94237, 0.18247, 0.071745, 0.859436, 0.161859, -0.484947, 0.081943, 0.0, 0.0, 0.0, 1.0],
                [0.459338, 0.26786, 0.846912, 0.091054, 0.276903, -0.949118, 0.150003, 0.069712, 0.843999, 0.165611, -0.510137, 0.078664, 0.0, 0.0, 0.0, 1.0],
                [0.501738, 0.23944, 0.831221, 0.09058, 0.269764, -0.956317, 0.112641, 0.06867, 0.821881, 0.167717, -0.544412, 0.074755, 0.0, 0.0, 0.0, 1.0],
                [0.540015, 0.214628, 0.813831, 0.090107, 0.26121, -0.961932, 0.080361, 0.067627, 0.800097, 0.169185, -0.57552, 0.070845, 0.0, 0.0, 0.0, 1.0],
                [0.554423, 0.201272, 0.807531, 0.089633, 0.257739, -0.964137, 0.063351, 0.066585, 0.79132, 0.173009, -0.586414, 0.066935, 0.0, 0.0, 0.0, 1.0],
                [0.556009, 0.209675, 0.804296, 0.088818, 0.262976, -0.962327, 0.069078, 0.067492, 0.788479, 0.173103, -0.590202, 0.074644, 0.0, 0.0, 0.0, 1.0],
                [0.542411, 0.225278, 0.809346, 0.088002, 0.271079, -0.95878, 0.085199, 0.068399, 0.795178, 0.173184, -0.581121, 0.082353, 0.0, 0.0, 0.0, 1.0],
                [0.527314, 0.24685, 0.813023, 0.087186, 0.279877, -0.95393, 0.108109, 0.069306, 0.802254, 0.170539, -0.572107, 0.090063, 0.0, 0.0, 0.0, 1.0],
                [0.528919, 0.254178, 0.809716, 0.085552, 0.281799, -0.952564, 0.114945, 0.068455, 0.800522, 0.167381, -0.575456, 0.089677, 0.0, 0.0, 0.0, 1.0],
                [0.529595, 0.2477, 0.81128, 0.083917, 0.277279, -0.954426, 0.110401, 0.067604, 0.801653, 0.166484, -0.574141, 0.089291, 0.0, 0.0, 0.0, 1.0],
                [0.528595, 0.240236, 0.814172, 0.082283, 0.272486, -0.956382, 0.105289, 0.066752, 0.803953, 0.166195, -0.570999, 0.088905, 0.0, 0.0, 0.0, 1.0],
                [0.526504, 0.238257, 0.816105, 0.080648, 0.272116, -0.956657, 0.103737, 0.065901, 0.805449, 0.167458, -0.568517, 0.088519, 0.0, 0.0, 0.0, 1.0],
                [0.525698, 0.237681, 0.816793, 0.079014, 0.2719, -0.956754, 0.103412, 0.065049, 0.806049, 0.167723, -0.567588, 0.088133, 0.0, 0.0, 0.0, 1.0],
                [0.525486, 0.238247, 0.816764, 0.077379, 0.272829, -0.956483, 0.103472, 0.064198, 0.805873, 0.168465, -0.567618, 0.087747, 0.0, 0.0, 0.0, 1.0],
                [0.526023, 0.237733, 0.816568, 0.075745, 0.271848, -0.956767, 0.103428, 0.063346, 0.805853, 0.167577, -0.567908, 0.087361, 0.0, 0.0, 0.0, 1.0],
                [0.527135, 0.236586, 0.816184, 0.07411, 0.269832, -0.957358, 0.103237, 0.062495, 0.805805, 0.165813, -0.568495, 0.086976, 0.0, 0.0, 0.0, 1.0],
                [0.528101, 0.235673, 0.815824, 0.073188, 0.268188, -0.957836, 0.103093, 0.062237, 0.805721, 0.164351, -0.569038, 0.086142, 0.0, 0.0, 0.0, 1.0],
                [0.528275, 0.235645, 0.81572, 0.072265, 0.268031, -0.957876, 0.103129, 0.061979, 0.805659, 0.164158, -0.569181, 0.085309, 0.0, 0.0, 0.0, 1.0],
                [0.528399, 0.235728, 0.815615, 0.071343, 0.268114, -0.957851, 0.103138, 0.06172, 0.80555, 0.164181, -0.569329, 0.084476, 0.0, 0.0, 0.0, 1.0],
                [0.528509, 0.235801, 0.815522, 0.07042, 0.268189, -0.95783, 0.103145, 0.061462, 0.805453, 0.164201, -0.569461, 0.083642, 0.0, 0.0, 0.0, 1.0],
                [0.532535, 0.23888, 0.812, 0.056428, 0.270994, -0.956968, 0.103803, 0.058238, 0.801856, 0.164768, -0.574353, 0.092913, 0.0, 0.0, 0.0, 1.0]
            ]
        },
        {
            "name": "Leg_R",
            "time": [0.0, 0.0417, 0.0833, 0.125, 0.1667, 0.2083, 0.25, 0.2917, 0.3333, 0.375, 0.4167, 0.4583, 0.5, 0.5417, 0.5833, 0.625, 0.6667, 0.7083, 0.75, 0.7917, 0.8333, 0.875, 0.9167, 0.9583, 1.0, 1.0417, 1.0833, 1.125, 1.1667, 1.2083, 1.25, 1.2917, 1.3333, 1.375, 1.4167, 1.4583, 1.5, 1.5417, 1.5833, 1.625, 1.6667, 1.7083, 1.75, 1.7917, 1.8333, 1.875, 1.9167, 1.9583, 2.0, 2.0417, 2.0833, 2.125, 2.1667, 2.2083, 2.25, 2.2917, 2.3333, 2.375, 2.4167, 2.4583, 2.5, 2.5417, 2.5833, 2.625, 2.6667, 2.7083, 2.75, 2.7917, 2.8333, 2.875, 2.9167, 2.9583, 3.0, 3.0417, 3.0833, 3.125, 3.1667, 3.2083, 3.25, 3.2917, 3.3333],
            "transform": [
                [0.999999, 0.0, 0.0, -0.0, -0.0, 0.690206, 0.723614, 0.37472, 0.0, -0.723613, 0.690207, -0.0, 0.0, 0.0, 0.0, 1.0],
                [0.999999, 0.0, 0.0, -0.0, -0.0, 0.131901, 0.991264, 0.37472, -0.0, -0.991264, 0.131901, 0.0, 0.0, 0.0, 0.0, 1.0],
                [0.999999, 0.0, 0.0, 0.0, -0.0, 0.377902, 0.925846, 0.37472, -0.0, -0.925846, 0.377902, 0.0, 0.0, 0.0, 0.0, 1.0],
                [0.999999, -0.0, 0.0, 0.0, -0.0, 0.566606, 0.82399, 0.37472, -0.0, -0.823989, 0.566606, 0.0, 0.0, 0.0, 0.0, 1.0],
                [0.999999, -0.0, 0.0, -0.0, -0.0, 0.490235, 0.871591, 0.37472, -0.0, -0.87159, 0.490236, 0.0, 0.0, 0.0, 0.0, 1.0],
                [0.999999, -0.0, 0.0, -0.0, -0.0, 0.312955, 0.949768, 0.37472, -0.0, -0.949768, 0.312955, 0.0, 0.0, 0.0, 0.0, 1.0],
                [0.999999, 0.0, 0.0, -0.0, -0.0, 0.375828, 0.92669, 0.37472, -0.0, -0.92669, 0.375828, -0.0, 0.0, 0.0, 0.0, 1.0],
                [0.999999, 0.0, 0.0, 0.0, -0.0, 0.621217, 0.783639, 0.37472, -0.0, -0.783638, 0.621218, -0.0, 0.0, 0.0, 0.0, 1.0],
                [0.999999, 0.0, 0.0, -0.0, -0.0, 0.914043, 0.405617, 0.37472, -0.0, -0.405616, 0.914045, 0.0, 0.0, 0.0, 0.0, 1.0],
                [0.999999, 0.0, 0.0, -0.0, -0.0, 0.601364, 0.798976, 0.37472, -0.0, -0.798975, 0.601365, -0.0, 0.0, 0.0, 0.0, 1.0],
                [0.999999, 0.0, 0.0, -0.0, -0.0, 0.185081, 0.982724, 0.37472, -0.0, -0.982723, 0.185081, 0.0, 0.0, 0.0, 0.0, 1.0],
                [0.999999, 0.0, 0.0, -0.0, -0.0, 0.248685, 0.968585, 0.37472, -0.0, -0.968585, 0.248685, -0.0, 0.0, 0.0, 0.0, 1.0],
                [0.999999, 0.0, 0.0, -0.0, -0.0, 0.469985, 0.882675, 0.37472, -0.0, -0.882675, 0.469985, 0.0, 0.0, 0.0, 0.0, 1.0],
                [0.999999, 0.0, 0.0, 0.0, -0.0, 0.429661, 0.902991, 0.37472, -0.0, -0.902991, 0.429661, -0.0, 0.0, 0.0, 0.0, 1.0],
                [0.999999, 0.0, 0.0, -0.0, -0.0, 0.585542, 0.810643, 0.37472, -0.0, -0.810642, 0.585542, 0.0, 0.0, 0.0, 0.0, 1.0],
                [0.999999, 0.0, 0.0, 0.0, -0.0, 0.779861, 0.625953, 0.37472, -0.0, -0.625951, 0.779863, 0.0, 0.0, 0.0, 0.0, 1.0],
                [0.999999, 0.0, 0.0, -0.0, -0.0, 0.837655, 0.5462, 0.37472, -0.0, -0.546198, 0.837656, -0.0, 0.0, 0.0, 0.0, 1.0],
                [0.999999, -0.0, 0.0, 0.0, -0.0, 0.41314, 0.910668, 0.37472, -0.0, -0.910667, 0.413141, 0.0, 0.0, 0.0, 0.0, 1.0],
                [0.999999, 0.0, 0.0, 0.0, -0.0, -0.067502, 0.997719, 0.374721, 0.0, -0.997719, -0.067502, 0.0, 0.0, 0.0, 0.0, 1.0],
                [0.999999, 0.0, 0.0, -0.0, -0.0, -0.099489, 0.995039, 0.37472, 0.0, -0.995039, -0.099489, 0.0, 0.0, 0.0, 0.0, 1.0],
                [0.999999, 0.0, 0.0, 0.0, -0.0, -0.084094, 0.996458, 0.37472, 0.0, -0.996458, -0.084094, -0.0, 0.0, 0.0, 0.0, 1.0],
                [0.999999, 0.0, 0.0, -0.0, -0.0, -0.10044, 0.994943, 0.37472, 0.0, -0.994944, -0.10044, 0.0, 0.0, 0.0, 0.0, 1.0],
                [0.999999, 0.0, 0.0, 0.0, -0.0, -0.106743, 0.994287, 0.37472, 0.0, -0.994287, -0.106743, 0.0, 0.0, 0.0, 0.0, 1.0],
                [0.999999, -0.0, 0.0, -0.0, -0.0, -0.111378, 0.993779, 0.37472, -0.0, -0.993778, -0.111378, -0.0, 0.0, 0.0, 0.0, 1.0],
                [0.999999, 0.0, 0.0, -0.0, -0.0, -0.116802, 0.993155, 0.37472, 0.0, -0.993156, -0.116802, 0.0, 0.0, 0.0, 0.0, 1.0],
                [0.999999, 0.0, 0.0, 0.0, -0.0, -0.127463, 0.991844, 0.37472, 0.0, -0.991843, -0.127463, -0.0, 0.0, 0.0, 0.0, 1.0],
                [0.999999, 0.0, 0.0, 0.0, -0.0, -0.126421, 0.991977, 0.37472, 0.0, -0.991977, -0.126421, -0.0, 0.0, 0.0, 0.0, 1.0],
                [0.999999, 0.0, 0.0, -0.0, -0.0, -0.120313, 0.992736, 0.37472, 0.0, -0.992736, -0.120313, -0.0, 0.0, 0.0, 0.0, 1.0],
                [0.999999, 0.0, 0.0, -0.0, -0.0, -0.10659, 0.994303, 0.37472, 0.0, -0.994303, -0.10659, 0.0, 0.0, 0.0, 0.0, 1.0],
                [0.999999, 0.0, 0.0, -0.0, -0.0, -0.096323, 0.99535, 0.37472, 0.0, -0.99535, -0.096323, -0.0, 0.0, 0.0, 0.0, 1.0],
                [0.999999, 0.0, 0.0, -0.0, -0.0, -0.096009, 0.995381, 0.37472, -0.0, -0.995381, -0.096009, -0.0, 0.0, 0.0, 0.0, 1.0],
                [0.999999, 0.0, 0.0, -0.0, -0.0, -0.104291, 0.994548, 0.37472, 0.0, -0.994547, -0.104291, -0.0, 0.0, 0.0, 0.0, 1.0],
                [0.999999, 0.0, 0.0, -0.0, -0.0, -0.107559, 0.994199, 0.37472, 0.0, -0.994199, -0.107559, -0.0, 0.0, 0.0, 0.0, 1.0],
                [0.999999, 0.0, 0.0, 0.0, -0.0, -0.105177, 0.994454, 0.37472, 0.0, -0.994454, -0.105177, 0.0, 0.0, 0.0, 0.0, 1.0],
                [0.999999, 0.0, 0.0, 0.0, -0.0, -0.095783, 0.995402, 0.37472, 0.0, -0.995403, -0.095783, 0.0, 0.0, 0.0, 0.0, 1.0],
                [0.999999, 0.0, 0.0, -0.0, -0.0, -0.077576, 0.996987, 0.37472, 0.0, -0.996987, -0.077576, 0.0, 0.0, 0.0, 0.0, 1.0],
                [0.999999, 0.0, 0.0, 0.0, -0.0, -0.052749, 0.998608, 0.37472, -0.0, -0.998608, -0.052749, 0.0, 0.0, 0.0, 0.0, 1.0],
                [0.999999, 0.0, 0.0, 0.0, -0.0, -0.03122, 0.999513, 0.37472, 0.0, -0.999513, -0.03122, -0.0, 0.0, 0.0, 0.0, 1.0],
                [0.999999, 0.0, 0.0, 0.0, -0.0, 0.012501, 0.999922, 0.37472, 0.0, -0.999922, 0.012501, 0.0, 0.0, 0.0, 0.0, 1.0],
                [0.999999, 0.0, 0.0, -0.0, -0.0, 0.043679, 0.999046, 0.37472, 0.0, -0.999046, 0.043679, -0.0, 0.0, 0.0, 0.0, 1.0],
                [0.999999, 0.0, -0.0, 0.0, 0.0, 0.066177, 0.997808, 0.37472, 0.0, -0.997808, 0.066177, -0.0, 0.0, 0.0, 0.0, 1.0],
                [0.999999, 0.0, 0.0, 0.0, -0.0, 0.126449, 0.991973, 0.37472, 0.0, -0.991974, 0.126449, 0.0, 0.0, 0.0, 0.0, 1.0],
                [0.999999, 0.0, 0.0, -0.0, -0.0, 0.255021, 0.966936, 0.37472, -0.0, -0.966936, 0.255021, -0.0, 0.0, 0.0, 0.0, 1.0],
                [0.999999, 0.0, 0.0, 0.0, -0.0, 0.45695, 0.889493, 0.37472, -0.0, -0.889492, 0.456951, -0.0, 0.0, 0.0, 0.0, 1.0],
                [0.999999, 0.0, 0.0, -0.0, -0.0, 0.633622, 0.773643, 0.37472, -0.0, -0.773642, 0.633623, -0.0, 0.0, 0.0, 0.0, 1.0],
                [0.999999, 0.0, 0.0, 0.0, -0.0, 0.707218, 0.706996, 0.37472, -0.0, -0.706995, 0.707219, 0.0, 0.0, 0.0, 0.0, 1.0],
                [0.999999, 0.0, 0.0, -0.0, -0.0, 0.798931, 0.601423, 0.37472, -0.0, -0.601422, 0.798932, 0.0, 0.0, 0.0, 0.0, 1.0],
                [0.999999, 0.0, 0.0, 0.0, -0.0, 0.868804, 0.495156, 0.37472, -0.0, -0.495155, 0.868806, 0.0, 0.0, 0.0, 0.0, 1.0],
                [0.999999, 0.0, 0.0, 0.0, -0.0, 0.906494, 0.422217, 0.37472, -0.0, -0.422217, 0.906496, -0.0, 0.0, 0.0, 0.0, 1.0],
                [0.999999, 0.0, 0.0, -0.0, -0.0, 0.942413, 0.334449, 0.37472, -0.0, -0.334448, 0.942415, 0.0, 0.0, 0.0, 0.0, 1.0],
                [0.999999, 0.0, 0.0, -0.0, -0.0, 0.939987, 0.341209, 0.37472, -0.0, -0.341209, 0.939989, -0.0, 0.0, 0.0, 0.0, 1.0],
                [0.999999, 0.0, 0.0, -0.0, -0.0, 0.873848, 0.486198, 0.37472, -0.0, -0.486197, 0.87385, 0.0, 0.0, 0.0, 0.0, 1.0],
                [0.999999, 0.0, 0.0, 0.0, -0.0, 0.8254, 0.564548, 0.37472, -0.0, -0.564547, 0.825401, -0.0, 0.0, 0.0, 0.0, 1.0],
                [0.999999, 0.0, 0.0, 0.0, -0.0, 0.831248, 0.555902, 0.37472, -0.0, -0.555901, 0.831249, 0.0, 0.0, 0.0, 0.0, 1.0],
                [0.999999, 0.0, 0.0, -0.0, -0.0, 0.863307, 0.504679, 0.37472, -0.0, -0.504678, 0.863309, -0.0, 0.0, 0.0, 0.0, 1.0],
                [0.999999, 0.0, 0.0, 0.0, -0.0, 0.883729, 0.467998, 0.37472, -0.0, -0.467997, 0.883731, 0.0, 0.0, 0.0, 0.0, 1.0],
                [0.999999, 0.0, 0.0, 0.0, -0.0, 0.895392, 0.445278, 0.37472, -0.0, -0.445277, 0.895394, 0.0, 0.0, 0.0, 0.0, 1.0],
                [0.999999, 0.0, 0.0, 0.0, -0.0, 0.904049, 0.427427, 0.37472, -0.0, -0.427427, 0.904051, -0.0, 0.0, 0.0, 0.0, 1.0],
                [0.999999, 0.0, -0.0, -0.0, -0.0, 0.909375, 0.415976, 0.37472, 0.0, -0.415975, 0.909377, 0.0, 0.0, 0.0, 0.0, 1.0],
                [0.999999, 0.0, 0.0, 0.0, -0.0, 0.916654, 0.399682, 0.37472, -0.0, -0.399681, 0.916656, -0.0, 0.0, 0.0, 0.0, 1.0],
                [0.999999, 0.0, 0.0, 0.0, -0.0, 0.923127, 0.384493, 0.37472, -0.0, -0.384493, 0.923129, -0.0, 0.0, 0.0, 0.0, 1.0],
                [0.999999, 0.0, 0.0, -1e-06, -0.0, 0.928106, 0.372315, 0.37472, -0.0, -0.372315, 0.928107, 0.0, 0.0, 0.0, 0.0, 1.0],
                [0.999999, 0.0, 0.0, 0.0, -0.0, 0.932861, 0.360234, 0.37472, -0.0, -0.360234, 0.932863, -0.0, 0.0, 0.0, 0.0, 1.0],
                [0.999999, 0.0, 0.0, -0.0, -0.0, 0.936817, 0.34982, 0.37472, 0.0, -0.349819, 0.936819, -0.0, 0.0, 0.0, 0.0, 1.0],
                [0.999999, 0.0, 0.0, 0.0, -0.0, 0.939648, 0.342141, 0.37472, -0.0, -0.342141, 0.93965, -0.0, 0.0, 0.0, 0.0, 1.0],
                [0.999999, 0.0, 0.0, -0.0, -0.0, 0.940029, 0.341093, 0.37472, -0.0, -0.341092, 0.940031, 0.0, 0.0, 0.0, 0.0, 1.0],
                [0.999999, 0.0, 0.0, 0.0, -0.0, 0.938562, 0.34511, 0.37472, -0.0, -0.345109, 0.938564, -0.0, 0.0, 0.0, 0.0, 1.0],
                [0.999999, 0.0, 0.0, -0.0, -0.0, 0.936071, 0.35181, 0.37472, -0.0, -0.351809, 0.936073, -0.0, 0.0, 0.0, 0.0, 1.0],
                [0.999999, 0.0, 0.0, 0.0, -0.0, 0.93454, 0.355857, 0.37472, -0.0, -0.355856, 0.934542, 0.0, 0.0, 0.0, 0.0, 1.0],
                [0.999999, 0.0, 0.0, -0.0, -0.0, 0.933604, 0.358307, 0.37472, -0.0, -0.358306, 0.933605, -0.0, 0.0, 0.0, 0.0, 1.0],
                [0.999999, 0.0, 0.0, 0.0, -0.0, 0.932638, 0.360813, 0.37472, -0.0, -0.360812, 0.93264, 0.0, 0.0, 0.0, 0.0, 1.0],
                [0.999999, 0.0, 0.0, 0.0, -0.0, 0.932178, 0.361999, 0.37472, -0.0, -0.361999, 0.93218, 0.0, 0.0, 0.0, 0.0, 1.0],
                [0.999999, 0.0, 0.0, -0.0, -0.0, 0.931962, 0.362555, 0.37472, -0.0, -0.362555, 0.931964, 0.0, 0.0, 0.0, 0.0, 1.0],
                [0.999999, 0.0, 0.0, 0.0, -0.0, 0.931989, 0.362486, 0.37472, -0.0, -0.362485, 0.931991, -0.0, 0.0, 0.0, 0.0, 1.0],
                [0.999999, 0.0, 0.0, -0.0, -0.0, 0.932029, 0.362381, 0.37472, -0.0, -0.362381, 0.932031, 0.0, 0.0, 0.0, 0.0, 1.0],
                [0.999999, 0.0, 0.0, -0.0, -0.0, 0.93209, 0.362225, 0.37472, -0.0, -0.362224, 0.932092, 0.0, 0.0, 0.0, 0.0, 1.0],
                [0.999999, 0.0, 0.0, 0.0, -0.0, 0.932151, 0.362069, 0.37472, -0.0, -0.362068, 0.932153, -0.0, 0.0, 0.0, 0.0, 1.0],
                [0.999999, 0.0, 0.0, -0.0, -0.0, 0.932178, 0.361999, 0.37472, -0.0, -0.361999, 0.93218, -0.0, 0.0, 0.0, 0.0, 1.0],
                [0.999999, 0.0, 0.0, 0.0, -0.0, 0.932178, 0.361999, 0.37472, -0.0, -0.361999, 0.93218, 0.0, 0.0, 0.0, 0.0, 1.0],
                [0.999999, 0.0, 0.0, 0.0, -0.0, 0.932178, 0.362, 0.37472, -0.0, -0.361999, 0.93218, 0.0, 0.0, 0.0, 0.0, 1.0],
                [1.0, -0.0, 0.0, -0.0, 0.0, 0.932201, 0.361941, 0.37472, -0.0, -0.361941, 0.932201, 0.0, 0.0, 0.0, 0.0, 1.0]
            ]
        },
        {
            "name": "Knee_R",
            "time": [0.0, 3.3333],
            "transform": [
                [1.0, 0.0, -0.0, -0.0, -0.0, 1e-06, -1.0, 0.37472, -0.0, 1.0, 1e-06, -0.0, 0.0, 0.0, 0.0, 1.0],
                [1.0, 0.0, -0.0, -0.0, -0.0, 1e-06, -1.0, 0.37472, -0.0, 1.0, 1e-06, 0.0, 0.0, 0.0, 0.0, 1.0]
            ]
        },
        {
            "name": "Thigh_L",
            "time": [0.0, 0.0417, 0.0833, 0.125, 0.1667, 0.2083, 0.25, 0.2917, 0.3333, 0.375, 0.4167, 0.4583, 0.5, 0.5417, 0.5833, 0.625, 0.6667, 0.7083, 0.75, 0.7917, 0.8333, 0.875, 0.9167, 0.9583, 1.0, 1.0417, 1.0833, 1.125, 1.1667, 1.2083, 1.25, 1.2917, 1.3333, 1.375, 1.4167, 1.4583, 1.5, 1.5417, 1.5833, 1.625, 1.6667, 1.7083, 1.75, 1.7917, 1.8333, 1.875, 1.9167, 1.9583, 2.0, 2.0417, 2.0833, 2.125, 2.1667, 2.2083, 2.25, 2.2917, 2.3333, 2.375, 2.4167, 2.4583, 2.5, 2.5417, 2.5833, 2.625, 2.6667, 2.7083, 2.75, 2.7917, 2.8333, 2.875, 2.9167, 2.9583, 3.0, 3.0417, 3.0833, 3.125, 3.1667, 3.2083, 3.25, 3.2917, 3.3333],
            "transform": [
                [0.922851, -0.309465, 0.229289, -0.092964, -0.284508, -0.949017, -0.135747, 0.041388, 0.259607, 0.060041, -0.963845, -0.088121, 0.0, 0.0, 0.0, 1.0],
                [0.714309, 0.169424, 0.67901, -0.068343, -0.449183, -0.633027, 0.630486, 0.04742, 0.536649, -0.755366, -0.376075, -0.158377, 0.0, 0.0, 0.0, 1.0],
                [0.708776, 0.396964, 0.583142, -0.078036, -0.407941, -0.443758, 0.797911, 0.041935, 0.575513, -0.803432, -0.152588, -0.149394, 0.0, 0.0, 0.0, 1.0],
                [0.721957, 0.514789, 0.462352, -0.087729, -0.345684, -0.310495, 0.885491, 0.03645, 0.599396, -0.799119, -0.04621, -0.14041, 0.0, 0.0, 0.0, 1.0],
                [0.786482, 0.481996, 0.386166, -0.097422, -0.289946, -0.263921, 0.919933, 0.030965, 0.545319, -0.835482, -0.067816, -0.131427, 0.0, 0.0, 0.0, 1.0],
                [0.872358, 0.371845, 0.317365, -0.129382, -0.207413, -0.306336, 0.929052, 0.01817, 0.442681, -0.876296, -0.19011, -0.088082, 0.0, 0.0, 0.0, 1.0],
                [0.908628, 0.32915, 0.257007, -0.161342, -0.152792, -0.310728, 0.938138, 0.005374, 0.388645, -0.891691, -0.232045, -0.044736, 0.0, 0.0, 0.0, 1.0],
                [0.959114, 0.251861, 0.129083, -0.124592, -0.045365, -0.313388, 0.948541, 0.014447, 0.279353, -0.915619, -0.289149, 0.064337, 0.0, 0.0, 0.0, 1.0],
                [0.982315, 0.011804, -0.186854, -0.041373, 0.176452, -0.392057, 0.90286, 0.015839, -0.062599, -0.919868, -0.387206, 0.191954, 0.0, 0.0, 0.0, 1.0],
                [-0.258426, -0.467532, -0.845358, 0.066005, 0.032409, -0.87879, 0.476111, 0.034358, -0.965484, 0.095644, 0.242254, 0.10644, 0.0, 0.0, 0.0, 1.0],
                [-0.770894, 0.614106, 0.169106, 0.123475, -0.489828, -0.741263, 0.458912, 0.049061, 0.40717, 0.270941, 0.87224, 0.009615, 0.0, 0.0, 0.0, 1.0],
                [-0.040548, 0.792742, 0.60821, 0.0894, -0.527741, -0.53387, 0.66066, 0.0723, 0.848434, -0.294191, 0.44001, -0.119774, 0.0, 0.0, 0.0, 1.0],
                [0.700131, 0.376464, 0.606704, -0.016132, -0.462202, -0.408698, 0.786978, 0.077984, 0.544226, -0.831412, -0.11214, -0.144745, 0.0, 0.0, 0.0, 1.0],
                [0.788662, 5.5e-05, 0.614824, -0.10626, -0.54545, -0.461387, 0.699718, 0.08698, 0.28371, -0.887202, -0.363848, -0.039066, 0.0, 0.0, 0.0, 1.0],
                [0.867089, -0.217773, 0.448028, -0.12114, -0.497821, -0.411445, 0.76347, 0.109024, 0.018076, -0.885038, -0.465171, 0.047041, 0.0, 0.0, 0.0, 1.0],
                [0.890236, -0.424811, 0.164355, -0.073666, -0.314303, -0.311746, 0.896676, 0.121676, -0.329679, -0.849915, -0.411047, 0.084817, 0.0, 0.0, 0.0, 1.0],
                [0.779197, -0.624793, -0.049843, -0.026191, -0.412828, -0.571436, 0.709249, 0.134328, -0.471614, -0.53207, -0.703194, 0.122593, 0.0, 0.0, 0.0, 1.0],
                [0.568139, -0.797954, -0.201222, 0.021283, -0.526722, -0.540475, 0.656087, 0.14698, -0.632279, -0.266761, -0.727365, 0.160369, 0.0, 0.0, 0.0, 1.0],
                [0.269121, -0.938278, -0.217286, 0.059527, -0.491442, -0.327812, 0.80686, 0.13307, -0.828284, -0.11036, -0.54933, 0.142129, 0.0, 0.0, 0.0, 1.0],
                [0.027879, -0.987204, -0.157022, 0.097771, -0.358989, -0.156493, 0.920128, 0.119159, -0.932923, 0.030717, -0.358759, 0.123889, 0.0, 0.0, 0.0, 1.0],
                [-0.238219, -0.96973, -0.053664, 0.136015, -0.177507, -0.010851, 0.98406, 0.105249, -0.95485, 0.243949, -0.169549, 0.105648, 0.0, 0.0, 0.0, 1.0],
                [-0.37739, -0.924665, -0.050743, 0.135114, -0.142473, 0.003831, 0.989791, 0.118055, -0.915027, 0.380769, -0.133186, 0.095895, 0.0, 0.0, 0.0, 1.0],
                [-0.408165, -0.906214, -0.110363, 0.134213, -0.183166, -0.03714, 0.98238, 0.13086, -0.894341, 0.42119, -0.150829, 0.086142, 0.0, 0.0, 0.0, 1.0],
                [-0.4179, -0.892213, -0.171227, 0.132394, -0.227753, -0.079568, 0.970462, 0.12723, -0.879479, 0.444556, -0.169953, 0.080478, 0.0, 0.0, 0.0, 1.0],
                [-0.421483, -0.888339, -0.182234, 0.130575, -0.237334, -0.085893, 0.967623, 0.123599, -0.875226, 0.45109, -0.174631, 0.074815, 0.0, 0.0, 0.0, 1.0],
                [-0.425022, -0.889843, -0.165945, 0.133567, -0.232963, -0.06962, 0.96999, 0.127803, -0.874688, 0.450929, -0.177711, 0.076103, 0.0, 0.0, 0.0, 1.0],
