{
    "animation": [
        {
            "name": "Root",
            "time": [0.0, 0.0167, 0.0333, 0.05, 0.0667, 0.0833, 0.1, 0.1167, 0.1333, 0.15, 0.1667, 0.1833, 0.2, 0.2167, 0.2333, 0.25, 0.2667, 0.2833, 0.3, 0.3167, 0.3333, 0.35, 0.3667, 0.3833, 0.4, 0.4167, 0.4333, 0.45, 0.4667, 0.4833, 0.5, 0.5167, 0.5333, 0.55],
            "transform": [
                [0.575191, 0.0, 0.818019, -5e-06, 0.818019, 0.0, -0.575191, 0.000946, 0.0, 1.0, 0.0, 0.627436, 0.0, 0.0, 0.0, 1.0],
                [0.581806, 0.0, 0.813328, -5e-06, 0.813328, 0.0, -0.581806, 0.000946, 0.0, 1.0, 0.0, 0.627436, 0.0, 0.0, 0.0, 1.0],
                [0.606809, 0.0, 0.794847, -5e-06, 0.794847, 0.0, -0.606809, 0.000946, 0.0, 1.0, 0.0, 0.627436, 0.0, 0.0, 0.0, 1.0],
                [0.65647, 0.0, 0.754352, -5e-06, 0.754352, 0.0, -0.65647, 0.000946, 0.0, 1.0, 0.0, 0.627436, 0.0, 0.0, 0.0, 1.0],
                [0.734113, 0.0, 0.679027, -5e-06, 0.679027, 0.0, -0.734113, 0.000946, 0.0, 1.0, 0.0, 0.627436, 0.0, 0.0, 0.0, 1.0],
                [0.836581, 0.0, 0.547843, -5e-06, 0.547843, 0.0, -0.836581, 0.000946, 0.0, 1.0, 0.0, 0.627436, 0.0, 0.0, 0.0, 1.0],
                [0.944148, 0.0, 0.32952, -5e-06, 0.32952, 0.0, -0.944148, 0.000946, 0.0, 1.0, 0.0, 0.627436, 0.0, 0.0, 0.0, 1.0],
                [0.999975, 0.0, -0.007013, -5e-06, -0.007013, 0.0, -0.999975, 0.000946, 0.0, 1.0, 0.0, 0.627436, 0.0, 0.0, 0.0, 1.0],
                [0.89326, 0.0, -0.44954, -0.02193, -0.44954, 0.0, -0.89326, -0.012889, 0.0, 1.0, 0.0, 0.627436, 0.0, 0.0, 0.0, 1.0],
                [0.535969, 0.0, -0.844238, -0.073909, -0.844238, 0.0, -0.535969, -0.038583, 0.0, 1.0, 0.0, 0.627436, 0.0, 0.0, 0.0, 1.0],
                [0.060925, 0.0, -0.998143, -0.135245, -0.998143, 0.0, -0.060925, -0.052418, 0.0, 1.0, 0.0, 0.627436, 0.0, 0.0, 0.0, 1.0],
                [-0.313573, 0.0, -0.949564, -0.188405, -0.949564, 0.0, 0.313573, -0.038646, 0.0, 1.0, 0.0, 0.627276, 0.0, 0.0, 0.0, 1.0],
                [-0.576296, 0.0, -0.817241, -0.228507, -0.817241, 0.0, 0.576296, 0.005522, 0.0, 1.0, 0.0, 0.626156, 0.0, 0.0, 0.0, 1.0],
                [-0.775293, 0.0, -0.631602, -0.253829, -0.631602, 0.0, 0.775293, 0.084358, 0.0, 1.0, 0.0, 0.623118, 0.0, 0.0, 0.0, 1.0],
                [-0.929162, 0.0, -0.369674, -0.262652, -0.369674, 0.0, 0.929162, 0.202135, 0.0, 1.0, 0.0, 0.6172, 0.0, 0.0, 0.0, 1.0],
                [-0.999977, 0.0, -0.00689, -0.22374, -0.00689, 0.0, 0.999977, 0.35798, 0.0, 1.0, 0.0, 0.603154, 0.0, 0.0, 0.0, 1.0],
                [-0.921964, 0.0, 0.387277, -0.151476, 0.387277, 0.0, 0.921964, 0.530439, 0.0, 1.0, 0.0, 0.580958, 0.0, 0.0, 0.0, 1.0],
                [-0.707968, 0.0, 0.706244, -0.112565, 0.706244, 0.0, 0.707968, 0.692911, 0.0, 1.0, 0.0, 0.557491, 0.0, 0.0, 0.0, 1.0],
                [-0.505521, 0.0, 0.862815, -0.190113, 0.862815, 0.0, 0.505521, 0.764549, 0.0, 1.0, 0.0, 0.54856, 0.0, 0.0, 0.0, 1.0],
                [-0.250107, 0.0, 0.968219, -0.267662, 0.968219, 0.0, 0.250107, 0.836187, 0.0, 1.0, 0.0, 0.53963, 0.0, 0.0, 0.0, 1.0],
                [0.035957, 0.0, 0.999353, -0.34521, 0.999353, 0.0, -0.035957, 0.907826, 0.0, 1.0, 0.0, 0.5307, 0.0, 0.0, 0.0, 1.0],
                [0.319042, 0.0, 0.947741, -0.422759, 0.947741, 0.0, -0.319042, 0.979464, 0.0, 1.0, 0.0, 0.52177, 0.0, 0.0, 0.0, 1.0],
                [0.566221, 0.0, 0.824253, -0.500307, 0.824253, 0.0, -0.566221, 1.051103, 0.0, 1.0, 0.0, 0.512839, 0.0, 0.0, 0.0, 1.0],
                [0.756893, 0.0, 0.653539, -0.577856, 0.653539, 0.0, -0.756893, 1.122741, 0.0, 1.0, 0.0, 0.503909, 0.0, 0.0, 0.0, 1.0],
                [0.824629, 0.0, 0.565675, -0.528326, 0.565675, 0.0, -0.824629, 1.134728, 0.0, 1.0, 0.0, 0.504357, 0.0, 0.0, 0.0, 1.0],
                [0.883627, 0.0, 0.468192, -0.478796, 0.468192, 0.0, -0.883627, 1.146714, 0.0, 1.0, 0.0, 0.504805, 0.0, 0.0, 0.0, 1.0],
                [0.932012, 0.0, 0.362428, -0.429267, 0.362428, 0.0, -0.932012, 1.1587, 0.0, 1.0, 0.0, 0.505253, 0.0, 0.0, 0.0, 1.0],
                [0.968199, 0.0, 0.250181, -0.379737, 0.250181, 0.0, -0.968199, 1.170687, 0.0, 1.0, 0.0, 0.505701, 0.0, 0.0, 0.0, 1.0],
                [0.991032, 0.0, 0.133628, -0.330208, 0.133628, 0.0, -0.991032, 1.182673, 0.0, 1.0, 0.0, 0.506149, 0.0, 0.0, 0.0, 1.0],
                [0.999885, 0.0, 0.015191, -0.280678, 0.015191, 0.0, -0.999885, 1.19466, 0.0, 1.0, 0.0, 0.506597, 0.0, 0.0, 0.0, 1.0],
                [0.994719, 0.0, -0.102632, -0.231149, -0.102632, 0.0, -0.994719, 1.206646, 0.0, 1.0, 0.0, 0.507045, 0.0, 0.0, 0.0, 1.0],
                [0.976075, 0.0, -0.217434, -0.181619, -0.217434, 0.0, -0.976075, 1.218633, 0.0, 1.0, 0.0, 0.507493, 0.0, 0.0, 0.0, 1.0],
                [0.945003, 0.0, -0.327062, -0.13209, -0.327062, 0.0, -0.945003, 1.230619, 0.0, 1.0, 0.0, 0.507941, 0.0, 0.0, 0.0, 1.0],
                [0.902958, 0.0, -0.429728, -0.08256, -0.429728, 0.0, -0.902958, 1.242606, 0.0, 1.0, 0.0, 0.508389, 0.0, 0.0, 0.0, 1.0]
            ]
        },
        {
            "name": "Thigh_R",
            "time": [0.0, 0.0167, 0.0333, 0.05, 0.0667, 0.0833, 0.1, 0.1167, 0.1333, 0.15, 0.1667, 0.1833, 0.2, 0.2167, 0.2333, 0.25, 0.2667, 0.2833, 0.3, 0.3167, 0.3333, 0.35, 0.3667, 0.3833, 0.4, 0.4167, 0.4333, 0.45, 0.4667, 0.4833, 0.5, 0.5167, 0.5333, 0.55],
            "transform": [
                [0.287514, 0.434108, 0.853748, 0.124994, 0.529657, -0.814745, 0.235906, -0.002831, 0.797997, 0.384367, -0.46418, -1.2e-05, 0.0, 0.0, 0.0, 1.0],
                [0.294885, 0.438879, 0.84878, 0.124994, 0.528628, -0.814892, 0.2377, -0.002831, 0.795986, 0.378594, -0.472305, -1.2e-05, 0.0, 0.0, 0.0, 1.0],
                [0.322993, 0.456493, 0.829029, 0.124994, 0.524695, -0.815402, 0.244568, -0.002831, 0.787636, 0.355993, -0.50289, -1.2e-05, 0.0, 0.0, 0.0, 1.0],
                [0.379993, 0.489335, 0.784956, 0.124994, 0.516666, -0.816173, 0.258681, -0.002831, 0.767242, 0.307262, -0.562964, -1.2e-05, 0.0, 0.0, 0.0, 1.0],
                [0.472525, 0.533894, 0.701196, 0.124994, 0.503487, -0.816538, 0.282426, -0.002831, 0.72334, 0.219589, -0.654644, -1.2e-05, 0.0, 0.0, 0.0, 1.0],
                [0.602523, 0.575045, 0.553433, 0.124994, 0.484663, -0.814564, 0.318722, -0.002831, 0.634087, 0.076191, -0.769499, -1.2e-05, 0.0, 0.0, 0.0, 1.0],
                [0.756048, 0.576091, 0.310658, 0.124994, 0.461967, -0.805922, 0.370236, -0.002831, 0.463656, -0.136402, -0.875453, -1.2e-05, 0.0, 0.0, 0.0, 1.0],
                [0.879529, 0.473984, -0.042028, 0.124994, 0.44334, -0.784161, 0.43421, -0.002831, 0.172853, -0.400533, -0.899831, -1.2e-05, 0.0, 0.0, 0.0, 1.0],
                [0.930392, 0.329157, -0.161325, 0.124994, 0.364262, -0.780936, 0.507395, -0.002831, 0.041028, -0.53084, -0.846478, -1.2e-05, 0.0, 0.0, 0.0, 1.0],
                [0.857612, 0.479533, 0.185872, 0.124994, 0.339171, -0.79903, 0.4965, -0.002831, 0.386606, -0.362762, -0.847903, -1.2e-05, 0.0, 0.0, 0.0, 1.0],
                [0.868487, 0.481764, 0.116761, 0.124994, 0.435536, -0.85407, 0.284376, -0.002831, 0.236725, -0.196123, -0.951576, -1.2e-05, 0.0, 0.0, 0.0, 1.0],
                [0.868391, 0.481155, -0.119943, 0.124994, 0.482239, -0.875768, -0.021757, -0.002831, -0.115511, -0.038948, -0.992542, -1.2e-05, 0.0, 0.0, 0.0, 1.0],
                [0.78749, 0.592795, -0.168676, 0.124994, 0.537951, -0.794665, -0.281274, -0.002831, -0.300779, 0.13076, -0.944688, -1.2e-05, 0.0, 0.0, 0.0, 1.0],
                [0.752204, 0.634323, -0.178384, 0.124994, 0.597724, -0.770795, -0.220449, -0.002831, -0.277334, 0.059198, -0.958948, -1.2e-05, 0.0, 0.0, 0.0, 1.0],
                [0.795073, 0.594024, -0.122442, 0.124994, 0.606052, -0.770239, 0.198572, -0.002831, 0.023647, -0.232085, -0.972408, -1.2e-05, 0.0, 0.0, 0.0, 1.0],
                [0.833847, 0.547576, 0.069701, 0.124994, 0.468861, -0.769234, 0.434105, -0.002831, 0.291322, -0.329296, -0.898162, -1.2e-05, 0.0, 0.0, 0.0, 1.0],
                [0.726386, 0.538232, 0.427398, 0.124994, 0.464413, -0.842794, 0.27206, -0.002831, 0.50664, 0.000868, -0.862157, -1.2e-05, 0.0, 0.0, 0.0, 1.0],
                [0.570156, 0.620343, 0.538605, 0.124994, 0.487378, -0.783183, 0.386114, -0.002831, 0.66135, 0.042359, -0.74888, -1.2e-05, 0.0, 0.0, 0.0, 1.0],
                [0.414803, 0.664662, 0.621418, 0.124994, 0.435261, -0.74468, 0.505963, -0.002831, 0.799053, 0.060604, -0.598198, -1.2e-05, 0.0, 0.0, 0.0, 1.0],
                [0.408149, 0.661901, 0.628728, 0.124994, 0.420155, -0.747624, 0.514322, -0.002831, 0.810483, 0.054243, -0.583245, -1.2e-05, 0.0, 0.0, 0.0, 1.0],
                [0.472465, 0.647217, 0.598235, 0.124994, 0.437077, -0.761484, 0.478647, -0.002831, 0.765336, 0.035331, -0.64266, -1.2e-05, 0.0, 0.0, 0.0, 1.0],
                [0.535333, 0.644232, 0.546245, 0.124994, 0.483416, -0.764013, 0.427308, -0.002831, 0.692623, 0.035311, -0.720434, -1.2e-05, 0.0, 0.0, 0.0, 1.0],
                [0.553824, 0.669089, 0.495577, 0.124994, 0.558504, -0.739955, 0.374885, -0.002831, 0.617537, 0.069161, -0.783496, -1.2e-05, 0.0, 0.0, 0.0, 1.0],
                [0.518931, 0.711505, 0.473783, 0.124994, 0.648049, -0.688891, 0.324745, -0.002831, 0.557443, 0.138514, -0.818579, -1.2e-05, 0.0, 0.0, 0.0, 1.0],
                [0.544964, 0.738992, 0.39611, 0.124994, 0.622004, -0.673114, 0.400034, -0.002831, 0.562249, 0.028377, -0.826481, -1.2e-05, 0.0, 0.0, 0.0, 1.0],
                [0.574218, 0.750248, 0.327718, 0.124994, 0.60243, -0.658261, 0.451407, -0.002831, 0.554392, -0.061779, -0.829959, -1.2e-05, 0.0, 0.0, 0.0, 1.0],
                [0.607777, 0.749891, 0.261281, 0.124994, 0.5884, -0.646219, 0.485989, -0.002831, 0.533284, -0.141635, -0.833995, -1.2e-05, 0.0, 0.0, 0.0, 1.0],
                [0.645538, 0.738989, 0.192804, 0.124994, 0.578288, -0.637862, 0.508639, -0.002831, 0.498862, -0.216849, -0.839114, -1.2e-05, 0.0, 0.0, 0.0, 1.0],
                [0.686414, 0.717199, 0.120248, 0.124994, 0.570179, -0.633415, 0.523144, -0.002831, 0.451366, -0.29053, -0.843719, -1.2e-05, 0.0, 0.0, 0.0, 1.0],
                [0.728759, 0.683443, 0.042591, 0.124994, 0.562043, -0.63252, 0.53294, -0.002831, 0.391174, -0.364446, -0.845081, -1.2e-05, 0.0, 0.0, 0.0, 1.0],
                [0.770791, 0.635802, -0.040424, 0.124994, 0.551688, -0.634391, 0.541468, -0.002831, 0.318622, -0.439659, -0.839749, -1.2e-05, 0.0, 0.0, 0.0, 1.0],
                [0.810871, 0.571115, -0.127726, 0.124994, 0.536513, -0.638282, 0.552041, -0.002831, 0.233754, -0.51616, -0.823977, -1.2e-05, 0.0, 0.0, 0.0, 1.0],
                [0.847549, 0.48488, -0.215757, 0.124994, 0.513012, -0.644388, 0.567082, -0.002831, 0.135935, -0.591314, -0.794901, -1.2e-05, 0.0, 0.0, 0.0, 1.0],
                [0.879204, 0.371921, -0.297783, 0.124994, 0.475875, -0.654918, 0.587048, -0.002831, 0.023312, -0.657841, -0.752796, -1.2e-05, 0.0, 0.0, 0.0, 1.0]
            ]
        },
        {
            "name": "Leg_R",
            "time": [0.0, 0.0167, 0.0333, 0.05, 0.0667, 0.0833, 0.1, 0.1167, 0.1333, 0.15, 0.1667, 0.1833, 0.2, 0.2167, 0.2333, 0.25, 0.2667, 0.2833, 0.3, 0.3167, 0.3333, 0.35, 0.3667, 0.3833, 0.4, 0.4167, 0.4333, 0.45, 0.4667, 0.4833, 0.5, 0.5167, 0.5333, 0.55],
            "transform": [
                [1.0, -1e-06, 1e-06, -0.0, -0.0, 0.752064, 0.659092, 0.374726, -1e-06, -0.659093, 0.752059, 0.0, 0.0, 0.0, 0.0, 1.0],
                [1.0, -1e-06, 1e-06, 0.0, -0.0, 0.749422, 0.662095, 0.374726, -1e-06, -0.662096, 0.749417, -0.0, 0.0, 0.0, 0.0, 1.0],
                [1.0, -0.0, 1e-06, 0.0, -0.0, 0.7394, 0.673268, 0.374726, -1e-06, -0.673269, 0.739396, -0.0, 0.0, 0.0, 0.0, 1.0],
                [1.0, -0.0, 1e-06, -0.0, -0.0, 0.719333, 0.694666, 0.374726, -1e-06, -0.694668, 0.719329, 0.0, 0.0, 0.0, 0.0, 1.0],
                [1.0, -1e-06, 1e-06, 0.0, -0.0, 0.687442, 0.726239, 0.374726, -1e-06, -0.726241, 0.687439, -0.0, 0.0, 0.0, 0.0, 1.0],
                [1.0, -1e-06, 1e-06, 0.0, -0.0, 0.643989, 0.765036, 0.374726, -1e-06, -0.765037, 0.643985, -0.0, 0.0, 0.0, 0.0, 1.0],
                [1.0, -1e-06, 1e-06, -0.0, -0.0, 0.594903, 0.803798, 0.374726, -1e-06, -0.803799, 0.5949, 0.0, 0.0, 0.0, 0.0, 1.0],
                [1.0, -1e-06, 1e-06, 0.0, -0.0, 0.559824, 0.828611, 0.374726, -1e-06, -0.828613, 0.559822, -0.0, 0.0, 0.0, 0.0, 1.0],
                [1.0, -1e-06, 1e-06, 0.0, -0.0, 0.49381, 0.869569, 0.374726, -1e-06, -0.869571, 0.493807, 0.0, 0.0, 0.0, 0.0, 1.0],
                [1.0, -1e-06, 1e-06, -0.0, -0.0, 0.551654, 0.834073, 0.374726, -1e-06, -0.834074, 0.551651, -0.0, 0.0, 0.0, 0.0, 1.0],
                [1.0, -0.0, 1e-06, -0.0, -0.0, 0.74271, 0.669615, 0.374726, -1e-06, -0.669617, 0.742705, 0.0, 0.0, 0.0, 0.0, 1.0],
                [1.0, -0.0, 1e-06, 0.0, -0.0, 0.906115, 0.423037, 0.374726, -1e-06, -0.423038, 0.90611, 0.0, 0.0, 0.0, 0.0, 1.0],
                [1.0, -0.0, 1e-06, -0.0, 0.0, 0.999992, 0.0047, 0.374726, -1e-06, -0.0047, 0.999986, 0.0, 0.0, 0.0, 0.0, 1.0],
                [1.0, -0.0, 1e-06, -0.0, 0.0, 0.999991, 0.0047, 0.374726, -1e-06, -0.0047, 0.999986, 0.0, 0.0, 0.0, 0.0, 1.0],
                [1.0, -0.0, 1e-06, 0.0, -0.0, 0.860882, 0.508809, 0.374726, -1e-06, -0.50881, 0.860877, 0.0, 0.0, 0.0, 0.0, 1.0],
                [1.0, -1e-06, 1e-06, -0.0, -0.0, 0.517502, 0.855682, 0.374726, -1e-06, -0.855684, 0.517498, -0.0, 0.0, 0.0, 0.0, 1.0],
                [1.0, -1e-06, 1e-06, -0.0, -0.0, 0.586406, 0.810018, 0.374726, -1e-06, -0.810019, 0.586402, -0.0, 0.0, 0.0, 0.0, 1.0],
                [1.0, -1e-06, 1e-06, 0.0, -0.0, 0.55043, 0.834881, 0.374726, -1e-06, -0.834883, 0.550427, -0.0, 0.0, 0.0, 0.0, 1.0],
                [1.0, -1e-06, 1e-06, 0.0, -0.0, 0.405072, 0.914284, 0.374726, -1e-06, -0.914286, 0.405069, 0.0, 0.0, 0.0, 0.0, 1.0],
                [1.0, -1e-06, 1e-06, -0.0, -0.0, 0.322281, 0.946643, 0.374726, -1e-06, -0.946645, 0.322279, 0.0, 0.0, 0.0, 0.0, 1.0],
                [1.000001, -1e-06, 0.0, 0.0, -0.0, 0.287878, 0.957667, 0.374726, -1e-06, -0.957668, 0.287876, 0.0, 0.0, 0.0, 0.0, 1.0],
                [1.0, -1e-06, 0.0, -0.0, -0.0, 0.30297, 0.952999, 0.374726, -1e-06, -0.953001, 0.302968, -0.0, 0.0, 0.0, 0.0, 1.0],
                [1.0, -1e-06, 1e-06, -0.0, -0.0, 0.382246, 0.92406, 0.374726, -1e-06, -0.924062, 0.382243, 0.0, 0.0, 0.0, 0.0, 1.0],
                [1.0, -1e-06, 1e-06, -0.0, -0.0, 0.555281, 0.831663, 0.374726, -1e-06, -0.831665, 0.555278, 0.0, 0.0, 0.0, 0.0, 1.0],
                [1.0, -1e-06, 1e-06, -0.0, -0.0, 0.47561, 0.879656, 0.374726, -1e-06, -0.879657, 0.475607, -0.0, 0.0, 0.0, 0.0, 1.0],
                [1.0, -1e-06, 1e-06, -0.0, -0.0, 0.439454, 0.898265, 0.374726, -1e-06, -0.898266, 0.439452, 0.0, 0.0, 0.0, 0.0, 1.0],
                [1.0, -1e-06, 1e-06, -0.0, -0.0, 0.432918, 0.901433, 0.374726, -1e-06, -0.901434, 0.432916, 0.0, 0.0, 0.0, 0.0, 1.0],
                [1.0, -1e-06, 1e-06, 0.0, -0.0, 0.445036, 0.895513, 0.374726, -1e-06, -0.895514, 0.445033, -0.0, 0.0, 0.0, 0.0, 1.0],
                [1.0, -1e-06, 1e-06, -0.0, -0.0, 0.465974, 0.884798, 0.374726, -1e-06, -0.8848, 0.465971, -0.0, 0.0, 0.0, 0.0, 1.0],
                [1.0, -1e-06, 1e-06, 0.0, -0.0, 0.485933, 0.873996, 0.374726, -1e-06, -0.873998, 0.48593, -0.0, 0.0, 0.0, 0.0, 1.0],
                [1.0, -1e-06, 1e-06, -0.0, -0.0, 0.494835, 0.868986, 0.374726, -1e-06, -0.868988, 0.494832, -0.0, 0.0, 0.0, 0.0, 1.0],
                [1.0, -1e-06, 1e-06, -0.0, -0.0, 0.482836, 0.875711, 0.374726, -1e-06, -0.875712, 0.482833, -0.0, 0.0, 0.0, 0.0, 1.0],
                [1.0, -1e-06, 1e-06, -0.0, -0.0, 0.441719, 0.897153, 0.374726, -1e-06, -0.897155, 0.441716, 0.0, 0.0, 0.0, 0.0, 1.0],
                [1.0, -1e-06, 1e-06, 0.0, -0.0, 0.367227, 0.93013, 0.374726, -1e-06, -0.930132, 0.367225, 0.0, 0.0, 0.0, 0.0, 1.0]
            ]
        },
        {
            "name": "Knee_R",
            "time": [0.0, 0.55],
            "transform": [
                [1.0, 0.0, -0.0, -0.0, -0.0, 0.00567, -0.999984, 0.394125, -0.0, 0.999984, 0.00567, -0.00011, 0.0, 0.0, 0.0, 1.0],
                [1.0, 0.0, -0.0, 0.0, -0.0, 0.00567, -0.999984, 0.444036, -0.0, 0.999984, 0.00567, -0.000393, 0.0, 0.0, 0.0, 1.0]
            ]
        },
        {
            "name": "Thigh_L",
            "time": [0.0, 0.0167, 0.0333, 0.05, 0.0667, 0.0833, 0.1, 0.1167, 0.1333, 0.15, 0.1667, 0.1833, 0.2, 0.2167, 0.2333, 0.25, 0.2667, 0.2833, 0.3, 0.3167, 0.3333, 0.35, 0.3667, 0.3833, 0.4, 0.4167, 0.4333, 0.45, 0.4667, 0.4833, 0.5, 0.5167, 0.5333, 0.55],
            "transform": [
                [0.514228, -0.049242, 0.856239, -0.125006, -0.517256, -0.814151, 0.263825, -0.002831, 0.684117, -0.578561, -0.44413, -1.2e-05, 0.0, 0.0, 0.0, 1.0],
                [0.529107, -0.002722, 0.848551, -0.125006, -0.49909, -0.809735, 0.308606, -0.002831, 0.686261, -0.586789, -0.429795, -1.2e-05, 0.0, 0.0, 0.0, 1.0],
                [0.573357, 0.090273, 0.814317, -0.125006, -0.448383, -0.797285, 0.40409, -0.002831, 0.685721, -0.596814, -0.416652, -1.2e-05, 0.0, 0.0, 0.0, 1.0],
                [0.644817, 0.173757, 0.744324, -0.125006, -0.370687, -0.780537, 0.503341, -0.002831, 0.668432, -0.600474, -0.438894, -1.2e-05, 0.0, 0.0, 0.0, 1.0],
                [0.737856, 0.215733, 0.639552, -0.125006, -0.276368, -0.767905, 0.577877, -0.002831, 0.615782, -0.603142, -0.506982, -1.2e-05, 0.0, 0.0, 0.0, 1.0],
                [0.842464, 0.200313, 0.500129, -0.125006, -0.183686, -0.76589, 0.616174, -0.002831, 0.506472, -0.610971, -0.608441, -1.2e-05, 0.0, 0.0, 0.0, 1.0],
                [0.941193, 0.116352, 0.317202, -0.125006, -0.116131, -0.770229, 0.627105, -0.002831, 0.317284, -0.627064, -0.711422, -1.2e-05, 0.0, 0.0, 0.0, 1.0],
                [0.9949, -0.060182, 0.080938, -0.125006, -0.097702, -0.774284, 0.62525, -0.002831, 0.02504, -0.62997, -0.776215, -1.2e-05, 0.0, 0.0, 0.0, 1.0],
                [0.931882, -0.290678, -0.217028, -0.125006, -0.102928, -0.785551, 0.610175, -0.002831, -0.347851, -0.546273, -0.761961, -1.2e-05, 0.0, 0.0, 0.0, 1.0],
                [0.724725, -0.475059, -0.49909, -0.125006, -0.119165, -0.799829, 0.588279, -0.002831, -0.678655, -0.366867, -0.636267, -1.2e-05, 0.0, 0.0, 0.0, 1.0],
                [0.656085, -0.504575, -0.561208, -0.125006, -0.184545, -0.82832, 0.528989, -0.002831, -0.731775, -0.243493, -0.636566, -1.2e-05, 0.0, 0.0, 0.0, 1.0],
                [0.827432, 0.028317, 0.560851, -0.125006, -0.142144, -0.955642, 0.257956, -0.002831, 0.543278, -0.293163, -0.786704, -1.2e-05, 0.0, 0.0, 0.0, 1.0],
                [0.633087, 0.100524, 0.767526, -0.125006, -0.13277, -0.962736, 0.235606, -0.002831, 0.762609, -0.251063, -0.59615, -1.2e-05, 0.0, 0.0, 0.0, 1.0],
                [0.733872, 0.027227, 0.678741, -0.125006, -0.21541, -0.938298, 0.270546, -0.002831, 0.644227, -0.344754, -0.682726, -1.2e-05, 0.0, 0.0, 0.0, 1.0],
                [0.874728, -0.032083, 0.483549, -0.125006, -0.25137, -0.883117, 0.396127, -0.002831, 0.414322, -0.468053, -0.780553, -1.2e-05, 0.0, 0.0, 0.0, 1.0],
                [0.974506, -0.090736, 0.205195, -0.125006, -0.197961, -0.778163, 0.596048, -0.002831, 0.105592, -0.621472, -0.776287, -1.2e-05, 0.0, 0.0, 0.0, 1.0],
                [0.972109, -0.234503, 0.003431, -0.125006, -0.156864, -0.639248, 0.752831, -0.002831, -0.174348, -0.732372, -0.658204, -1.2e-05, 0.0, 0.0, 0.0, 1.0],
                [0.922879, -0.359489, 0.138062, -0.125006, -0.337636, -0.582949, 0.739035, -0.002831, -0.185192, -0.728654, -0.659368, -1.2e-05, 0.0, 0.0, 0.0, 1.0],
                [0.762033, -0.219164, 0.609321, -0.125006, -0.505659, -0.789202, 0.348525, -0.002831, 0.404493, -0.573696, -0.71222, -1.2e-05, 0.0, 0.0, 0.0, 1.0],
                [0.448114, 0.003385, 0.89397, -0.125006, -0.314722, -0.935378, 0.1613, -0.002831, 0.836746, -0.353632, -0.418091, -1.2e-05, 0.0, 0.0, 0.0, 1.0],
                [0.410015, 0.11081, 0.905322, -0.125006, -0.283277, -0.928033, 0.241885, -0.002831, 0.866972, -0.355634, -0.349118, -1.2e-05, 0.0, 0.0, 0.0, 1.0],
                [0.519857, 0.091969, 0.849288, -0.125006, -0.360662, -0.877606, 0.3158, -0.002831, 0.774384, -0.470477, -0.42306, -1.2e-05, 0.0, 0.0, 0.0, 1.0],
                [0.655738, -0.00675, 0.754958, -0.125006, -0.410542, -0.842387, 0.349055, -0.002831, 0.633611, -0.53883, -0.555157, -1.2e-05, 0.0, 0.0, 0.0, 1.0],
                [0.799179, -0.065591, 0.597503, -0.125006, -0.34842, -0.860552, 0.371555, -0.002831, 0.489812, -0.505121, -0.710589, -1.2e-05, 0.0, 0.0, 0.0, 1.0],
                [0.838663, -0.086667, 0.53771, -0.125006, -0.37309, -0.810666, 0.451246, -0.002831, 0.396795, -0.579058, -0.712211, -1.2e-05, 0.0, 0.0, 0.0, 1.0],
                [0.865144, -0.088382, 0.493673, -0.125006, -0.36137, -0.79241, 0.491423, -0.002831, 0.347759, -0.603551, -0.717488, -1.2e-05, 0.0, 0.0, 0.0, 1.0],
                [0.8839, -0.065532, 0.463062, -0.125006, -0.324864, -0.798298, 0.507132, -0.002831, 0.336428, -0.598686, -0.726905, -1.2e-05, 0.0, 0.0, 0.0, 1.0],
                [0.896441, -0.018318, 0.442783, -0.125006, -0.267799, -0.818473, 0.508316, -0.002831, 0.353094, -0.574252, -0.738619, -1.2e-05, 0.0, 0.0, 0.0, 1.0],
                [0.903369, 0.044859, 0.426511, -0.125006, -0.195296, -0.842383, 0.502245, -0.002831, 0.381816, -0.537009, -0.752222, -1.2e-05, 0.0, 0.0, 0.0, 1.0],
                [0.907361, 0.107993, 0.406242, -0.125006, -0.117609, -0.862615, 0.491999, -0.002831, 0.403564, -0.494198, -0.770003, -1.2e-05, 0.0, 0.0, 0.0, 1.0],
                [0.913682, 0.153216, 0.376442, -0.125006, -0.048156, -0.878884, 0.474598, -0.002831, 0.403565, -0.45176, -0.795643, -1.2e-05, 0.0, 0.0, 0.0, 1.0],
                [0.927202, 0.166267, 0.335635, -0.125006, 0.000762, -0.896912, 0.442208, -0.002831, 0.37456, -0.409761, -0.831745, -1.2e-05, 0.0, 0.0, 0.0, 1.0],
                [0.949471, 0.13642, 0.282655, -0.125006, 0.018251, -0.923069, 0.384199, -0.002831, 0.313322, -0.359627, -0.878918, -1.2e-05, 0.0, 0.0, 0.0, 1.0],
                [0.976628, 0.052719, 0.208369, -0.125006, -0.009625, -0.957752, 0.287433, -0.002831, 0.214719, -0.282721, -0.934861, -1.2e-05, 0.0, 0.0, 0.0, 1.0]
            ]
        },
        {
            "name": "Leg_L",
            "time": [0.0, 0.0167, 0.0333, 0.05, 0.0667, 0.0833, 0.1, 0.1167, 0.1333, 0.15, 0.1667, 0.1833, 0.2, 0.2167, 0.2333, 0.25, 0.2667, 0.2833, 0.3, 0.3167, 0.3333, 0.35, 0.3667, 0.3833, 0.4, 0.4167, 0.4333, 0.45, 0.4667, 0.4833, 0.5, 0.5167, 0.5333, 0.55],
            "transform": [
                [1.0, -0.0, 1e-06, 0.0, -0.0, 0.92645, 0.376419, 0.374726, -1e-06, -0.376419, 0.926449, -0.0, 0.0, 0.0, 0.0, 1.0],
                [1.0, -0.0, 1e-06, -0.0, -0.0, 0.90176, 0.432237, 0.374726, -1e-06, -0.432237, 0.90176, -0.0, 0.0, 0.0, 0.0, 1.0],
                [1.0, -0.0, 1e-06, -0.0, -0.0, 0.849002, 0.528389, 0.374726, -1e-06, -0.528389, 0.849002, 0.0, 0.0, 0.0, 0.0, 1.0],
                [1.0, -0.0, 1e-06, -0.0, -0.0, 0.803758, 0.594956, 0.374726, -1e-06, -0.594956, 0.803758, -0.0, 0.0, 0.0, 0.0, 1.0],
                [1.0, -0.0, 1e-06, 0.0, -0.0, 0.788043, 0.61562, 0.374726, -1e-06, -0.61562, 0.788043, -0.0, 0.0, 0.0, 0.0, 1.0],
                [1.0, -0.0, 1e-06, -0.0, -0.0, 0.796627, 0.604471, 0.374726, -1e-06, -0.604471, 0.796626, 0.0, 0.0, 0.0, 0.0, 1.0],
                [1.0, -0.0, 1e-06, -0.0, -0.0, 0.796726, 0.604341, 0.374726, -1e-06, -0.604341, 0.796725, -0.0, 0.0, 0.0, 0.0, 1.0],
                [1.0, -0.0, 1e-06, 0.0, -0.0, 0.748485, 0.663152, 0.374726, -1e-06, -0.663152, 0.748485, -0.0, 0.0, 0.0, 0.0, 1.0],
                [1.0, -1e-06, 1e-06, -0.0, -0.0, 0.686304, 0.727314, 0.374726, -1e-06, -0.727314, 0.686305, -0.0, 0.0, 0.0, 0.0, 1.0],
                [1.0, -1e-06, 1e-06, 0.0, -0.0, 0.655833, 0.754906, 0.374726, -1e-06, -0.754906, 0.655833, 0.0, 0.0, 0.0, 0.0, 1.0],
                [1.0, -1e-06, 1e-06, -0.0, -0.0, 0.649405, 0.760443, 0.374726, -1e-06, -0.760443, 0.649404, 0.0, 0.0, 0.0, 0.0, 1.0],
                [1.0, -1e-06, 1e-06, -0.0, -0.0, 0.628278, 0.777989, 0.374726, -1e-06, -0.777988, 0.628279, 0.0, 0.0, 0.0, 0.0, 1.0],
                [1.0, -1e-06, 1e-06, -0.0, -0.0, 0.599685, 0.800236, 0.374726, -1e-06, -0.800236, 0.599685, 0.0, 0.0, 0.0, 0.0, 1.0],
                [1.0, -1e-06, 1e-06, -0.0, -0.0, 0.569906, 0.82171, 0.374726, -1e-06, -0.82171, 0.569906, 0.0, 0.0, 0.0, 0.0, 1.0],
                [1.0, -1e-06, 1e-06, 0.0, -0.0, 0.500561, 0.865701, 0.374726, -1e-06, -0.865701, 0.500561, 0.0, 0.0, 0.0, 0.0, 1.0],
                [1.0, -1e-06, 1e-06, -0.0, -0.0, 0.390132, 0.920759, 0.374726, -1e-06, -0.920759, 0.390131, 0.0, 0.0, 0.0, 0.0, 1.0],
                [1.0, -1e-06, 1e-06, -0.0, -0.0, 0.358682, 0.93346, 0.374726, -1e-06, -0.93346, 0.358682, 0.0, 0.0, 0.0, 0.0, 1.0],
                [1.0, -1e-06, 1e-06, -0.0, -0.0, 0.466844, 0.884339, 0.374726, -1e-06, -0.884339, 0.466845, -0.0, 0.0, 0.0, 0.0, 1.0],
                [1.0, -1e-06, 1e-06, -0.0, -0.0, 0.501888, 0.864933, 0.374726, -1e-06, -0.864932, 0.501888, 0.0, 0.0, 0.0, 0.0, 1.0],
                [1.0, -1e-06, 1e-06, -0.0, -0.0, 0.412117, 0.911131, 0.374726, -1e-06, -0.911131, 0.412116, 0.0, 0.0, 0.0, 0.0, 1.0],
                [1.0, -1e-06, 0.0, -0.0, -0.0, 0.316427, 0.948617, 0.374726, -1e-06, -0.948617, 0.316428, -0.0, 0.0, 0.0, 0.0, 1.0],
                [1.0, -1e-06, 0.0, -0.0, -0.0, 0.292226, 0.956349, 0.374726, -1e-06, -0.956349, 0.292226, -0.0, 0.0, 0.0, 0.0, 1.0],
                [1.0, -1e-06, 1e-06, 0.0, -0.0, 0.291705, 0.956508, 0.374726, -1e-06, -0.956508, 0.291705, 0.0, 0.0, 0.0, 0.0, 1.0],
                [1.0, -1e-06, 0.0, 0.0, -0.0, 0.214702, 0.97668, 0.374726, -1e-06, -0.976679, 0.214702, -0.0, 0.0, 0.0, 0.0, 1.0],
                [1.0, -1e-06, 0.0, -0.0, -0.0, 0.205745, 0.978606, 0.374726, -1e-06, -0.978605, 0.205744, -0.0, 0.0, 0.0, 0.0, 1.0],
                [1.0, -1e-06, 0.0, -0.0, -0.0, 0.195659, 0.980672, 0.374726, -1e-06, -0.980672, 0.195659, -0.0, 0.0, 0.0, 0.0, 1.0],
                [1.0, -1e-06, 0.0, 0.0, -0.0, 0.177496, 0.984122, 0.374726, -1e-06, -0.984121, 0.177496, 0.0, 0.0, 0.0, 0.0, 1.0],
                [1.0, -1e-06, 0.0, 0.0, -0.0, 0.155683, 0.987807, 0.374726, -1e-06, -0.987806, 0.155683, -0.0, 0.0, 0.0, 0.0, 1.0],
                [1.0, -1e-06, 0.0, 0.0, -0.0, 0.138009, 0.990431, 0.374726, -1e-06, -0.990431, 0.138009, -0.0, 0.0, 0.0, 0.0, 1.0],
                [1.0, -1e-06, 0.0, -0.0, -0.0, 0.130714, 0.99142, 0.374726, -1e-06, -0.99142, 0.130714, 0.0, 0.0, 0.0, 0.0, 1.0],
                [1.0, -1e-06, 0.0, 0.0, -0.0, 0.136626, 0.990623, 0.374726, -1e-06, -0.990622, 0.136626, 0.0, 0.0, 0.0, 0.0, 1.0],
                [1.0, -1e-06, 0.0, 0.0, -0.0, 0.156279, 0.987713, 0.374726, -1e-06, -0.987713, 0.156279, -0.0, 0.0, 0.0, 0.0, 1.0],
                [1.0, -1e-06, 0.0, -0.0, -0.0, 0.191911, 0.981412, 0.374726, -1e-06, -0.981412, 0.191911, 0.0, 0.0, 0.0, 0.0, 1.0],
                [1.0, -1e-06, 1e-06, -0.0, -0.0, 0.254259, 0.967136, 0.374726, -1e-06, -0.967136, 0.254259, 0.0, 0.0, 0.0, 0.0, 1.0]
            ]
        },
        {
            "name": "Knee_L",
            "time": [0.0, 0.55],
            "transform": [
                [1.0, 0.0, -0.0, 0.0, -0.0, 0.00567, -0.999984, 0.374726, -0.0, 0.999984, 0.00567, -0.0, 0.0, 0.0, 0.0, 1.0],
                [1.0, 0.0, -0.0, -0.0, -0.0, 0.00567, -0.999984, 0.45653, -0.0, 0.999984, 0.00567, -0.000464, 0.0, 0.0, 0.0, 1.0]
            ]
        },
        {
            "name": "Torso",
            "time": [0.0, 0.0167, 0.0333, 0.05, 0.0667, 0.0833, 0.1, 0.1167, 0.1333, 0.15, 0.1667, 0.1833, 0.2, 0.2167, 0.2333, 0.25, 0.2667, 0.2833, 0.3, 0.3167, 0.3333, 0.35, 0.3667, 0.3833, 0.4, 0.4167, 0.4333, 0.45, 0.4667, 0.4833, 0.5, 0.5167, 0.5333, 0.55],
            "transform": [
                [1.0, 0.0, 0.0, 0.0, 0.0, 1.0, 0.0, 0.05, -0.0, 0.0, 1.0, 0.0, 0.0, 0.0, 0.0, 1.0],
                [1.0, 0.0, 0.0, -0.0, 0.0, 1.0, 0.0, 0.05, 0.0, 0.0, 1.0, -0.0, 0.0, 0.0, 0.0, 1.0],
                [1.0, 0.0, 0.0, -0.0, 0.0, 1.0, 0.0, 0.05, 0.0, 0.0, 1.0, 0.0, 0.0, 0.0, 0.0, 1.0],
                [1.0, 0.0, 0.0, -0.0, 0.0, 1.0, 0.0, 0.05, -0.0, 0.0, 1.0, -0.0, 0.0, 0.0, 0.0, 1.0],
                [1.0, 0.0, 0.0, -0.0, 0.0, 1.0, 0.0, 0.05, 0.0, 0.0, 1.0, -0.0, 0.0, 0.0, 0.0, 1.0],
                [1.0, 0.0, 0.0, 0.0, 0.0, 1.0, 0.0, 0.05, 0.0, 0.0, 1.0, 0.0, 0.0, 0.0, 0.0, 1.0],
                [1.0, 0.0, 0.0, 0.0, 0.0, 1.0, 0.0, 0.05, 0.0, 0.0, 1.0, -0.0, 0.0, 0.0, 0.0, 1.0],
                [1.0, 0.0, 0.0, -0.0, 0.0, 1.0, 0.0, 0.05, 0.0, 0.0, 1.0, -0.0, 0.0, 0.0, 0.0, 1.0],
                [1.0, 0.0, 0.0, 0.0, 0.0, 1.0, 0.0, 0.05, 0.0, 0.0, 1.0, -0.0, 0.0, 0.0, 0.0, 1.0],
                [1.0, 0.0, 0.0, 0.0, 0.0, 1.0, 0.0, 0.05, 0.0, 0.0, 1.0, 0.0, 0.0, 0.0, 0.0, 1.0],
                [1.0, 0.0, 0.0, -0.0, 0.0, 1.0, 0.0, 0.05, -0.0, 0.0, 1.0, -0.0, 0.0, 0.0, 0.0, 1.0],
                [1.0, 0.0, 0.0, 0.0, 0.0, 1.0, 0.0, 0.05, 0.0, 0.0, 1.0, -0.0, 0.0, 0.0, 0.0, 1.0],
                [1.0, 0.0, 0.0, -0.0, 0.0, 1.0, 0.0, 0.05, 0.0, 0.0, 1.0, 0.0, 0.0, 0.0, 0.0, 1.0],
                [1.0, 0.0, 0.0, -0.0, 0.0, 1.0, 0.0, 0.05, 0.0, 0.0, 1.0, 0.0, 0.0, 0.0, 0.0, 1.0],
                [1.0, 0.0, -0.0, -0.0, 0.0, 1.0, 0.0, 0.05, 0.0, 0.0, 1.0, -0.0, 0.0, 0.0, 0.0, 1.0],
                [1.0, 0.0, -0.0, -0.0, 0.0, 1.0, 0.0, 0.05, 0.0, 0.0, 1.0, -0.0, 0.0, 0.0, 0.0, 1.0],
                [1.0, 0.0, 0.0, 0.0, 0.0, 1.0, 0.0, 0.05, 0.0, 0.0, 1.0, -0.0, 0.0, 0.0, 0.0, 1.0],
                [1.0, 0.0, 0.0, 0.0, 0.0, 1.0, 0.0, 0.05, 0.0, 0.0, 1.0, -0.0, 0.0, 0.0, 0.0, 1.0],
                [1.0, 0.0, 0.0, -0.0, 0.0, 1.0, 0.0, 0.05, -0.0, 0.0, 1.0, 0.0, 0.0, 0.0, 0.0, 1.0],
                [1.0, 0.0, 0.0, -0.0, 0.0, 1.0, 0.0, 0.05, 0.0, 0.0, 1.0, -0.0, 0.0, 0.0, 0.0, 1.0],
                [1.0, 0.0, 0.0, 0.0, 0.0, 1.0, 0.0, 0.05, 0.0, 0.0, 1.0, 0.0, 0.0, 0.0, 0.0, 1.0],
                [1.0, 0.0, 0.0, 0.0, 0.0, 1.0, 0.0, 0.05, -0.0, 0.0, 1.0, -0.0, 0.0, 0.0, 0.0, 1.0],
                [1.0, 0.0, 0.0, -0.0, 0.0, 1.0, 0.0, 0.05, 0.0, 0.0, 1.0, 0.0, 0.0, 0.0, 0.0, 1.0],
                [1.0, 0.0, 0.0, 0.0, 0.0, 1.0, 0.0, 0.05, 0.0, 0.0, 1.0, -0.0, 0.0, 0.0, 0.0, 1.0],
                [1.0, 0.0, 0.0, 0.0, 0.0, 1.0, 0.0, 0.05, 0.0, 0.0, 1.0, 0.0, 0.0, 0.0, 0.0, 1.0],
                [1.0, 0.0, -0.0, 0.0, 0.0, 1.0, 0.0, 0.05, 0.0, 0.0, 1.0, 0.0, 0.0, 0.0, 0.0, 1.0],
                [1.0, 0.0, 0.0, 0.0, 0.0, 1.0, 0.0, 0.05, 0.0, 0.0, 1.0, 0.0, 0.0, 0.0, 0.0, 1.0],
                [1.0, 0.0, 0.0, -0.0, 0.0, 1.0, 0.0, 0.05, 0.0, 0.0, 1.0, 0.0, 0.0, 0.0, 0.0, 1.0],
                [1.0, 0.0, 0.0, 0.0, 0.0, 1.0, 0.0, 0.05, 0.0, 0.0, 1.0, -0.0, 0.0, 0.0, 0.0, 1.0],
                [1.0, 0.0, 0.0, 0.0, 0.0, 1.0, 0.0, 0.05, 0.0, 0.0, 1.0, -0.0, 0.0, 0.0, 0.0, 1.0],
                [1.0, 0.0, -0.0, 0.0, 0.0, 1.0, 0.0, 0.05, 0.0, 0.0, 1.0, -0.0, 0.0, 0.0, 0.0, 1.0],
                [1.0, 0.0, 0.0, 0.0, 0.0, 1.0, 0.0, 0.05, 0.0, 0.0, 1.0, 0.0, 0.0, 0.0, 0.0, 1.0],
                [1.0, 0.0, 0.0, 0.0, 0.0, 1.0, 0.0, 0.05, 0.0, 0.0, 1.0, 0.0, 0.0, 0.0, 0.0, 1.0],
                [1.0, 0.0, 0.0, 0.0, 0.0, 1.0, 0.0, 0.05, 0.0, 0.0, 1.0, -0.0, 0.0, 0.0, 0.0, 1.0]
            ]
        },
        {
            "name": "Chest",
            "time": [0.0, 0.0167, 0.0333, 0.05, 0.0667, 0.0833, 0.1, 0.1167, 0.1333, 0.15, 0.1667, 0.1833, 0.2, 0.2167, 0.2333, 0.25, 0.2667, 0.2833, 0.3, 0.3167, 0.3333, 0.35, 0.3667, 0.3833, 0.4, 0.4167, 0.4333, 0.45, 0.4667, 0.4833, 0.5, 0.5167, 0.5333, 0.55],
            "transform": [
                [0.803406, -0.429382, 0.412518, 0.0, 0.090576, 0.772872, 0.628064, 0.3, -0.588503, -0.467226, 0.659821, 0.0, 0.0, 0.0, 0.0, 1.0],
                [0.825992, -0.402265, 0.394868, -0.0, 0.087567, 0.783581, 0.615087, 0.3, -0.556839, -0.47348, 0.682457, 0.0, 0.0, 0.0, 0.0, 1.0],
                [0.878985, -0.330005, 0.344213, -0.0, 0.076656, 0.810246, 0.581055, 0.3, -0.470648, -0.484353, 0.737491, 0.0, 0.0, 0.0, 0.0, 1.0],
                [0.937329, -0.227524, 0.263907, 0.0, 0.054424, 0.843684, 0.534074, 0.3, -0.344169, -0.48624, 0.803192, -0.0, 0.0, 0.0, 0.0, 1.0],
                [0.979714, -0.114608, 0.164397, -0.0, 0.021125, 0.874823, 0.483981, 0.3, -0.199286, -0.47069, 0.859498, 0.0, 0.0, 0.0, 0.0, 1.0],
                [0.997772, -0.013544, 0.065324, 0.0, -0.016667, 0.897517, 0.440664, 0.3, -0.064598, -0.440772, 0.895292, -0.0, 0.0, 0.0, 0.0, 1.0],
                [0.998334, 0.056871, -0.009756, 0.0, -0.04783, 0.910198, 0.411402, 0.3, 0.032277, -0.41025, 0.911402, -0.0, 0.0, 0.0, 0.0, 1.0],
                [0.995773, 0.083104, -0.03912, -0.0, -0.060553, 0.914201, 0.400712, 0.3, 0.069065, -0.39665, 0.915368, -0.0, 0.0, 0.0, 0.0, 1.0],
                [0.995773, 0.083104, -0.03912, -0.0, -0.060553, 0.914201, 0.400712, 0.3, 0.069064, -0.39665, 0.915368, 0.0, 0.0, 0.0, 0.0, 1.0],
                [0.995773, 0.083104, -0.03912, 0.0, -0.060553, 0.914201, 0.400712, 0.3, 0.069065, -0.39665, 0.915368, 0.0, 0.0, 0.0, 0.0, 1.0],
                [0.995773, 0.083104, -0.03912, -0.0, -0.060553, 0.914201, 0.400712, 0.3, 0.069065, -0.39665, 0.915368, -0.0, 0.0, 0.0, 0.0, 1.0],
                [0.990186, 0.100701, -0.09691, 0.0, -0.053805, 0.914643, 0.400666, 0.3, 0.128986, -0.391519, 0.911085, -0.0, 0.0, 0.0, 0.0, 1.0],
                [0.964927, 0.138309, -0.22313, -0.0, -0.038997, 0.916045, 0.399174, 0.3, 0.259607, -0.376473, 0.88931, 0.0, 0.0, 0.0, 0.0, 1.0],
                [0.922305, 0.173557, -0.345298, 0.0, -0.024568, 0.91801, 0.395796, 0.3, 0.38568, -0.356562, 0.850949, -0.0, 0.0, 0.0, 0.0, 1.0],
                [0.89753, 0.188547, -0.398609, 0.0, -0.018239, 0.919073, 0.393665, 0.3, 0.440575, -0.346056, 0.828335, -0.0, 0.0, 0.0, 0.0, 1.0],
                [0.897531, 0.188547, -0.398609, -0.0, -0.018239, 0.919073, 0.393665, 0.3, 0.440575, -0.346056, 0.828335, -0.0, 0.0, 0.0, 0.0, 1.0],
                [0.897531, 0.188547, -0.398609, 0.0, -0.018239, 0.919073, 0.393665, 0.3, 0.440575, -0.346056, 0.828335, -0.0, 0.0, 0.0, 0.0, 1.0],
                [0.897531, 0.188547, -0.398609, 0.0, -0.018239, 0.919073, 0.393665, 0.3, 0.440575, -0.346056, 0.828335, 0.0, 0.0, 0.0, 0.0, 1.0],
                [0.89753, 0.188547, -0.398609, -0.0, -0.018239, 0.919073, 0.393665, 0.3, 0.440575, -0.346056, 0.828335, -0.0, 0.0, 0.0, 0.0, 1.0],
                [0.897531, 0.188547, -0.398609, -0.0, -0.018239, 0.919073, 0.393665, 0.3, 0.440575, -0.346056, 0.828335, -0.0, 0.0, 0.0, 0.0, 1.0],
                [0.89753, 0.188547, -0.398609, 0.0, -0.018239, 0.919073, 0.393665, 0.3, 0.440575, -0.346056, 0.828335, -0.0, 0.0, 0.0, 0.0, 1.0],
                [0.897531, 0.188547, -0.398609, -0.0, -0.018239, 0.919073, 0.393665, 0.3, 0.440575, -0.346056, 0.828335, 0.0, 0.0, 0.0, 0.0, 1.0],
                [0.897531, 0.188547, -0.398609, 0.0, -0.018239, 0.919073, 0.393665, 0.3, 0.440575, -0.346056, 0.828335, 0.0, 0.0, 0.0, 0.0, 1.0],
                [0.897531, 0.188547, -0.398609, -0.0, -0.018239, 0.919073, 0.393665, 0.3, 0.440575, -0.346056, 0.828335, -0.0, 0.0, 0.0, 0.0, 1.0],
                [0.89753, 0.188547, -0.398609, 0.0, -0.018239, 0.919073, 0.393665, 0.3, 0.440575, -0.346056, 0.828335, 0.0, 0.0, 0.0, 0.0, 1.0],
                [0.89753, 0.188547, -0.398609, 0.0, -0.018239, 0.919073, 0.393665, 0.3, 0.440575, -0.346056, 0.828335, 0.0, 0.0, 0.0, 0.0, 1.0],
                [0.897531, 0.188547, -0.398609, 0.0, -0.018239, 0.919073, 0.393665, 0.3, 0.440575, -0.346056, 0.828335, 0.0, 0.0, 0.0, 0.0, 1.0],
                [0.89753, 0.188547, -0.398609, -0.0, -0.018239, 0.919073, 0.393665, 0.3, 0.440575, -0.346056, 0.828335, 0.0, 0.0, 0.0, 0.0, 1.0],
                [0.897531, 0.188547, -0.398609, 0.0, -0.018239, 0.919073, 0.393665, 0.3, 0.440575, -0.346056, 0.828335, -0.0, 0.0, 0.0, 0.0, 1.0],
                [0.897531, 0.188547, -0.398609, 0.0, -0.018239, 0.919073, 0.393665, 0.3, 0.440575, -0.346056, 0.828335, -0.0, 0.0, 0.0, 0.0, 1.0],
                [0.89753, 0.188547, -0.398609, -0.0, -0.018239, 0.919073, 0.393665, 0.3, 0.440575, -0.346056, 0.828335, -0.0, 0.0, 0.0, 0.0, 1.0],
                [0.897531, 0.188547, -0.398609, 0.0, -0.018239, 0.919073, 0.393665, 0.3, 0.440575, -0.346056, 0.828335, 0.0, 0.0, 0.0, 0.0, 1.0],
                [0.897531, 0.188547, -0.398609, 0.0, -0.018239, 0.919073, 0.393665, 0.3, 0.440575, -0.346056, 0.828335, 0.0, 0.0, 0.0, 0.0, 1.0],
                [0.897531, 0.188547, -0.398609, 0.0, -0.018239, 0.919073, 0.393665, 0.3, 0.440575, -0.346056, 0.828335, -0.0, 0.0, 0.0, 0.0, 1.0]
            ]
        },
        {
            "name": "Head",
            "time": [0.0, 0.0167, 0.0333, 0.05, 0.0667, 0.0833, 0.1, 0.1167, 0.1333, 0.15, 0.1667, 0.1833, 0.2, 0.2167, 0.2333, 0.25, 0.2667, 0.2833, 0.3, 0.3167, 0.3333, 0.35, 0.3667, 0.3833, 0.4, 0.4167, 0.4333, 0.45, 0.4667, 0.4833, 0.5, 0.5167, 0.5333, 0.55],
            "transform": [
                [0.994551, -0.030589, -0.099664, 0.0, -0.002137, 0.949804, -0.312837, 0.4, 0.104231, 0.311345, 0.944563, 0.0, 0.0, 0.0, 0.0, 1.0],
                [0.994551, -0.030589, -0.099664, -0.0, -0.002137, 0.949804, -0.312837, 0.4, 0.104231, 0.311346, 0.944563, -0.0, 0.0, 0.0, 0.0, 1.0],
                [0.994551, -0.030589, -0.099664, 0.0, -0.002137, 0.949804, -0.312837, 0.4, 0.104231, 0.311346, 0.944563, -0.0, 0.0, 0.0, 0.0, 1.0],
                [0.994551, -0.030589, -0.099664, -0.0, -0.002137, 0.949804, -0.312837, 0.4, 0.104231, 0.311346, 0.944563, -0.0, 0.0, 0.0, 0.0, 1.0],
                [0.994551, -0.030589, -0.099664, -0.0, -0.002137, 0.949804, -0.312837, 0.4, 0.104231, 0.311346, 0.944563, 0.0, 0.0, 0.0, 0.0, 1.0],
                [0.994551, -0.030589, -0.099664, -0.0, -0.002137, 0.949804, -0.312837, 0.4, 0.104231, 0.311346, 0.944563, 0.0, 0.0, 0.0, 0.0, 1.0],
                [0.994551, -0.030589, -0.099664, -0.0, -0.002137, 0.949804, -0.312837, 0.4, 0.104231, 0.311345, 0.944563, 0.0, 0.0, 0.0, 0.0, 1.0],
                [0.994551, -0.030589, -0.099664, 0.0, -0.002137, 0.949804, -0.312837, 0.4, 0.104231, 0.311346, 0.944563, -0.0, 0.0, 0.0, 0.0, 1.0],
                [0.994551, -0.030589, -0.099664, 0.0, -0.002137, 0.949804, -0.312837, 0.4, 0.104231, 0.311346, 0.944563, -0.0, 0.0, 0.0, 0.0, 1.0],
                [0.994551, -0.030589, -0.099664, -0.0, -0.002137, 0.949804, -0.312837, 0.4, 0.104231, 0.311346, 0.944563, 0.0, 0.0, 0.0, 0.0, 1.0],
                [0.994551, -0.030589, -0.099664, -0.0, -0.002137, 0.949804, -0.312837, 0.4, 0.104231, 0.311346, 0.944563, 0.0, 0.0, 0.0, 0.0, 1.0],
                [0.994551, -0.030589, -0.099664, 0.0, -0.002137, 0.949804, -0.312837, 0.4, 0.104231, 0.311346, 0.944563, -0.0, 0.0, 0.0, 0.0, 1.0],
                [0.994551, -0.030589, -0.099664, -0.0, -0.002137, 0.949804, -0.312837, 0.4, 0.104231, 0.311346, 0.944563, -0.0, 0.0, 0.0, 0.0, 1.0],
                [0.994551, -0.030589, -0.099664, -0.0, -0.002137, 0.949804, -0.312837, 0.4, 0.104231, 0.311346, 0.944563, 0.0, 0.0, 0.0, 0.0, 1.0],
                [0.994551, -0.030589, -0.099664, 0.0, -0.002137, 0.949804, -0.312837, 0.4, 0.104231, 0.311346, 0.944563, -0.0, 0.0, 0.0, 0.0, 1.0],
                [0.994551, -0.030589, -0.099664, 0.0, -0.002137, 0.949804, -0.312837, 0.4, 0.104231, 0.311345, 0.944563, -0.0, 0.0, 0.0, 0.0, 1.0],
                [0.994551, -0.030589, -0.099664, 0.0, -0.002137, 0.949804, -0.312837, 0.4, 0.104231, 0.311346, 0.944563, 0.0, 0.0, 0.0, 0.0, 1.0],
                [0.994551, -0.030589, -0.099664, -0.0, -0.002137, 0.949804, -0.312837, 0.4, 0.104231, 0.311346, 0.944563, -0.0, 0.0, 0.0, 0.0, 1.0],
                [0.994551, -0.030589, -0.099664, 0.0, -0.002137, 0.949804, -0.312837, 0.4, 0.104231, 0.311346, 0.944563, 0.0, 0.0, 0.0, 0.0, 1.0],
                [0.994551, -0.030589, -0.099664, -0.0, -0.002137, 0.949804, -0.312837, 0.4, 0.104231, 0.311346, 0.944563, -0.0, 0.0, 0.0, 0.0, 1.0],
                [0.994551, -0.030589, -0.099664, 0.0, -0.002137, 0.949804, -0.312837, 0.4, 0.104231, 0.311346, 0.944563, 0.0, 0.0, 0.0, 0.0, 1.0],
                [0.994551, -0.030589, -0.099664, 0.0, -0.002137, 0.949804, -0.312837, 0.4, 0.104231, 0.311346, 0.944563, 0.0, 0.0, 0.0, 0.0, 1.0],
