{
    "animation": [
        {
            "name": "Root",
            "time": [0.0, 0.0167, 0.0333, 0.05, 0.0667, 0.0833, 0.1, 0.1167, 0.1333, 0.15, 0.1667, 0.1833, 0.2, 0.2167, 0.2333, 0.25, 0.2667, 0.2833, 0.3, 0.3167, 0.3333, 0.35, 0.3667, 0.3833, 0.4, 0.4167, 0.4333, 0.45, 0.4667, 0.4833, 0.5, 0.5167, 0.5333, 0.55, 0.5667, 0.5833, 0.6, 0.6167, 0.6333, 0.65, 0.6667, 0.6833, 0.7, 0.7167, 0.7333, 0.75, 0.7667, 0.7833, 0.8, 0.8167, 0.8333, 0.85, 0.8667, 0.8833, 0.9, 0.9167, 0.9333, 0.95, 0.9667, 0.9833, 1.0, 1.0167, 1.0333, 1.05, 1.0667, 1.0833, 1.1, 1.1167, 1.1333, 1.15, 1.1667, 1.1833, 1.2, 1.2167, 1.2333, 1.25, 1.2667, 1.2833, 1.3, 1.3167, 1.3333, 1.35, 1.3667, 1.3833, 1.4, 1.4167, 1.4333, 1.45, 1.4667, 1.4833, 1.5, 1.5167, 1.5333, 1.55, 1.5667, 1.5833, 1.6, 1.6167, 1.6333, 1.65, 1.6667, 1.6833, 1.7, 1.7167, 1.7333, 1.75, 1.7667, 1.7833, 1.8, 1.8167, 1.8333, 1.85, 1.8667, 1.8833, 1.9, 1.9167, 1.9333, 1.95, 1.9667, 1.9833, 2.0, 2.0167, 2.0333, 2.05, 2.0667, 2.0833, 2.1, 2.1167, 2.1333, 2.15, 2.1667, 2.1833, 2.2, 2.2167, 2.2333, 2.25, 2.2667, 2.2833, 2.3, 2.3167, 2.3333, 2.35, 2.3667, 2.3833, 2.4, 2.4167, 2.4333, 2.45, 2.4667, 2.4833, 2.5, 2.5167, 2.5333, 2.55, 2.5667, 2.5833, 2.6, 2.6167, 2.6333],
            "transform": [
                [0.035511, 0.0, 0.999369, -5e-06, 0.999369, 0.0, -0.035511, 0.000946, 0.0, 1.0, 0.0, 0.424446, 0.0, 0.0, 0.0, 1.0],
                [0.020643, 0.0, 0.999787, -0.002967, 0.999787, 0.0, -0.020643, -0.007923, 0.0, 1.0, 0.0, 0.43187, 0.0, 0.0, 0.0, 1.0],
                [-0.044408, 0.0, 0.999014, -0.010927, 0.999014, 0.0, 0.044408, -0.030796, 0.0, 1.0, 0.0, 0.451014, 0.0, 0.0, 0.0, 1.0],
                [-0.369772, 0.0, 0.929122, -0.022495, 0.929122, 0.0, 0.369772, -0.062072, 0.0, 1.0, 0.0, 0.47719, 0.0, 0.0, 0.0, 1.0],
                [0.841989, 0.0, 0.539494, -0.036279, 0.539494, 0.0, -0.841989, -0.096149, 0.0, 1.0, 0.0, 0.505711, 0.0, 0.0, 0.0, 1.0],
                [0.459965, 0.0, 0.887937, -0.050891, 0.887937, 0.0, -0.459965, -0.127425, 0.0, 1.0, 0.0, 0.531887, 0.0, 0.0, 0.0, 1.0],
                [0.404364, 0.0, 0.914598, -0.06494, 0.914598, 0.0, -0.404364, -0.150298, 0.0, 1.0, 0.0, 0.551031, 0.0, 0.0, 0.0, 1.0],
                [0.424358, 0.0, 0.905494, -0.077035, 0.905494, 0.0, -0.424358, -0.159167, 0.0, 1.0, 0.0, 0.558455, 0.0, 0.0, 0.0, 1.0],
                [0.495759, 0.0, 0.86846, -0.086116, 0.86846, 0.0, -0.495759, -0.156162, 0.0, 1.0, 0.0, 0.558455, 0.0, 0.0, 0.0, 1.0],
                [0.600414, 0.0, 0.799689, -0.092446, 0.799689, 0.0, -0.600414, -0.14824, 0.0, 1.0, 0.0, 0.558455, 0.0, 0.0, 0.0, 1.0],
                [0.724219, 0.0, 0.68957, -0.096617, 0.68957, 0.0, -0.724219, -0.137039, 0.0, 1.0, 0.0, 0.558455, 0.0, 0.0, 0.0, 1.0],
                [0.847806, 0.0, 0.530306, -0.099221, 0.530306, 0.0, -0.847806, -0.124198, 0.0, 1.0, 0.0, 0.558455, 0.0, 0.0, 0.0, 1.0],
                [0.94635, 0.0, 0.323145, -0.100851, 0.323145, 0.0, -0.94635, -0.111358, 0.0, 1.0, 0.0, 0.558455, 0.0, 0.0, 0.0, 1.0],
                [0.996418, 0.0, 0.084568, -0.102098, 0.084568, 0.0, -0.996418, -0.100157, 0.0, 1.0, 0.0, 0.558455, 0.0, 0.0, 0.0, 1.0],
                [0.987865, 0.0, -0.155317, -0.103556, -0.155317, 0.0, -0.987865, -0.092234, 0.0, 1.0, 0.0, 0.558455, 0.0, 0.0, 0.0, 1.0],
                [0.931156, 0.0, -0.36462, -0.105816, -0.36462, 0.0, -0.931156, -0.089229, 0.0, 1.0, 0.0, 0.558455, 0.0, 0.0, 0.0, 1.0],
                [0.849021, 0.0, -0.528359, -0.109286, -0.528359, 0.0, -0.849021, -0.093245, 0.0, 1.0, 0.0, 0.558455, 0.0, 0.0, 0.0, 1.0],
                [0.757209, 0.0, -0.653173, -0.113636, -0.653173, 0.0, -0.757209, -0.103599, 0.0, 1.0, 0.0, 0.558455, 0.0, 0.0, 0.0, 1.0],
                [0.66602, 0.0, -0.745934, -0.11835, -0.745934, 0.0, -0.66602, -0.117758, 0.0, 1.0, 0.0, 0.558455, 0.0, 0.0, 0.0, 1.0],
                [0.583461, 0.0, -0.812141, -0.122914, -0.812141, 0.0, -0.583461, -0.133185, 0.0, 1.0, 0.0, 0.558455, 0.0, 0.0, 0.0, 1.0],
                [0.516661, 0.0, -0.85619, -0.126811, -0.85619, 0.0, -0.516661, -0.147344, 0.0, 1.0, 0.0, 0.558455, 0.0, 0.0, 0.0, 1.0],
                [0.472317, 0.0, -0.881429, -0.129528, -0.881429, 0.0, -0.472317, -0.157699, 0.0, 1.0, 0.0, 0.558455, 0.0, 0.0, 0.0, 1.0],
                [0.456431, 0.0, -0.889759, -0.130548, -0.889759, 0.0, -0.456431, -0.161714, 0.0, 1.0, 0.0, 0.558455, 0.0, 0.0, 0.0, 1.0],
                [0.456431, 0.0, -0.889759, -0.130548, -0.889759, 0.0, -0.456431, -0.146121, 0.0, 1.0, 0.0, 0.558678, 0.0, 0.0, 0.0, 1.0],
                [0.456431, 0.0, -0.889759, -0.130548, -0.889759, 0.0, -0.456431, -0.105909, 0.0, 1.0, 0.0, 0.559316, 0.0, 0.0, 0.0, 1.0],
                [0.456431, 0.0, -0.889759, -0.130548, -0.889759, 0.0, -0.456431, -0.050924, 0.0, 1.0, 0.0, 0.560318, 0.0, 0.0, 0.0, 1.0],
                [0.456431, 0.0, -0.889759, -0.130548, -0.889759, 0.0, -0.456431, 0.008984, 0.0, 1.0, 0.0, 0.561635, 0.0, 0.0, 0.0, 1.0],
                [0.456431, 0.0, -0.889759, -0.130548, -0.889759, 0.0, -0.456431, 0.063968, 0.0, 1.0, 0.0, 0.563218, 0.0, 0.0, 0.0, 1.0],
                [0.456431, 0.0, -0.889759, -0.130548, -0.889759, 0.0, -0.456431, 0.104181, 0.0, 1.0, 0.0, 0.565018, 0.0, 0.0, 0.0, 1.0],
                [0.456431, 0.0, -0.889759, -0.130548, -0.889759, 0.0, -0.456431, 0.119773, 0.0, 1.0, 0.0, 0.566985, 0.0, 0.0, 0.0, 1.0],
                [0.422923, 0.0, -0.906166, -0.134792, -0.906166, 0.0, -0.422923, 0.112371, 0.0, 1.0, 0.0, 0.569052, 0.0, 0.0, 0.0, 1.0],
                [0.331254, 0.0, -0.943542, -0.145403, -0.943542, 0.0, -0.331254, 0.093865, 0.0, 1.0, 0.0, 0.571084, 0.0, 0.0, 0.0, 1.0],
                [0.194945, 0.0, -0.980814, -0.159198, -0.980814, 0.0, -0.194945, 0.069808, 0.0, 1.0, 0.0, 0.57293, 0.0, 0.0, 0.0, 1.0],
                [0.031976, 0.0, -0.999489, -0.172992, -0.999489, 0.0, -0.031976, 0.045751, 0.0, 1.0, 0.0, 0.574436, 0.0, 0.0, 0.0, 1.0],
                [-0.135523, 0.0, -0.990774, -0.183603, -0.990774, 0.0, 0.135523, 0.027245, 0.0, 1.0, 0.0, 0.575452, 0.0, 0.0, 0.0, 1.0],
                [-0.28642, 0.0, -0.958104, -0.187848, -0.958104, 0.0, 0.28642, 0.019843, 0.0, 1.0, 0.0, 0.575824, 0.0, 0.0, 0.0, 1.0],
                [-0.415462, 0.0, -0.909611, -0.181581, -0.909611, 0.0, 0.415462, 0.019867, 0.0, 1.0, 0.0, 0.575824, 0.0, 0.0, 0.0, 1.0],
                [-0.528942, 0.0, -0.848658, -0.164036, -0.848658, 0.0, 0.528942, 0.020037, 0.0, 1.0, 0.0, 0.575824, 0.0, 0.0, 0.0, 1.0],
                [-0.627632, 0.0, -0.77851, -0.13709, -0.77851, 0.0, 0.627632, 0.0205, 0.0, 1.0, 0.0, 0.575824, 0.0, 0.0, 0.0, 1.0],
                [-0.712734, 0.0, -0.701435, -0.102625, -0.701435, 0.0, 0.712734, 0.021401, 0.0, 1.0, 0.0, 0.575824, 0.0, 0.0, 0.0, 1.0],
                [-0.785521, 0.0, -0.618835, -0.062521, -0.618835, 0.0, 0.785521, 0.022887, 0.0, 1.0, 0.0, 0.575824, 0.0, 0.0, 0.0, 1.0],
                [-0.847103, 0.0, -0.531429, -0.018657, -0.531429, 0.0, 0.847103, 0.025103, 0.0, 1.0, 0.0, 0.575824, 0.0, 0.0, 0.0, 1.0],
                [-0.898271, 0.0, -0.439442, 0.027088, -0.439442, 0.0, 0.898271, 0.028196, 0.0, 1.0, 0.0, 0.575824, 0.0, 0.0, 0.0, 1.0],
                [-0.939411, 0.0, -0.342795, 0.072832, -0.342795, 0.0, 0.939411, 0.032312, 0.0, 1.0, 0.0, 0.575824, 0.0, 0.0, 0.0, 1.0],
                [-0.970455, 0.0, -0.241283, 0.116696, -0.241283, 0.0, 0.970455, 0.037596, 0.0, 1.0, 0.0, 0.575824, 0.0, 0.0, 0.0, 1.0],
                [-0.990878, 0.0, -0.134763, 0.156801, -0.134763, 0.0, 0.990878, 0.044196, 0.0, 1.0, 0.0, 0.575824, 0.0, 0.0, 0.0, 1.0],
                [-0.999727, 0.0, -0.023346, 0.191266, -0.023346, 0.0, 0.999727, 0.052257, 0.0, 1.0, 0.0, 0.575824, 0.0, 0.0, 0.0, 1.0],
                [-0.995721, 0.0, 0.09241, 0.218211, 0.09241, 0.0, 0.995721, 0.061925, 0.0, 1.0, 0.0, 0.575824, 0.0, 0.0, 0.0, 1.0],
                [-0.977416, 0.0, 0.211325, 0.235757, 0.211325, 0.0, 0.977416, 0.073347, 0.0, 1.0, 0.0, 0.575824, 0.0, 0.0, 0.0, 1.0],
                [-0.943464, 0.0, 0.331474, 0.242023, 0.331474, 0.0, 0.943464, 0.086669, 0.0, 1.0, 0.0, 0.575824, 0.0, 0.0, 0.0, 1.0],
                [-0.891795, 0.0, 0.45244, 0.239766, 0.45244, 0.0, 0.891795, 0.103576, 0.0, 1.0, 0.0, 0.575824, 0.0, 0.0, 0.0, 1.0],
                [-0.819543, 0.0, 0.573017, 0.233817, 0.573017, 0.0, 0.819543, 0.125, 0.0, 1.0, 0.0, 0.575824, 0.0, 0.0, 0.0, 1.0],
                [-0.725362, 0.0, 0.688367, 0.225405, 0.688367, 0.0, 0.725362, 0.149947, 0.0, 1.0, 0.0, 0.575824, 0.0, 0.0, 0.0, 1.0],
                [-0.609831, 0.0, 0.792532, 0.215763, 0.792532, 0.0, 0.609831, 0.177428, 0.0, 1.0, 0.0, 0.575824, 0.0, 0.0, 0.0, 1.0],
                [-0.476163, 0.0, 0.879357, 0.206121, 0.879357, 0.0, 0.476163, 0.206451, 0.0, 1.0, 0.0, 0.575824, 0.0, 0.0, 0.0, 1.0],
                [-0.330398, 0.0, 0.943842, 0.19771, 0.943842, 0.0, 0.330398, 0.236026, 0.0, 1.0, 0.0, 0.575824, 0.0, 0.0, 0.0, 1.0],
                [-0.180794, 0.0, 0.983521, 0.19176, 0.983521, 0.0, 0.180794, 0.265161, 0.0, 1.0, 0.0, 0.575824, 0.0, 0.0, 0.0, 1.0],
                [-0.036519, 0.0, 0.999333, 0.189504, 0.999333, 0.0, 0.036519, 0.292865, 0.0, 1.0, 0.0, 0.575824, 0.0, 0.0, 0.0, 1.0],
                [0.094913, 0.0, 0.995486, 0.198839, 0.995486, 0.0, -0.094913, 0.318443, 0.0, 1.0, 0.0, 0.575824, 0.0, 0.0, 0.0, 1.0],
                [0.211717, 0.0, 0.977331, 0.223856, 0.977331, 0.0, -0.211717, 0.342377, 0.0, 1.0, 0.0, 0.575824, 0.0, 0.0, 0.0, 1.0],
                [0.314761, 0.0, 0.949171, 0.260076, 0.949171, 0.0, -0.314761, 0.365445, 0.0, 1.0, 0.0, 0.575824, 0.0, 0.0, 0.0, 1.0],
                [0.405849, 0.0, 0.91394, 0.303016, 0.91394, 0.0, -0.405849, 0.388423, 0.0, 1.0, 0.0, 0.575824, 0.0, 0.0, 0.0, 1.0],
                [0.487163, 0.0, 0.873311, 0.348197, 0.873311, 0.0, -0.487163, 0.412089, 0.0, 1.0, 0.0, 0.575824, 0.0, 0.0, 0.0, 1.0],
                [0.560914, 0.0, 0.827874, 0.391138, 0.827874, 0.0, -0.560914, 0.43722, 0.0, 1.0, 0.0, 0.575824, 0.0, 0.0, 0.0, 1.0],
                [0.629141, 0.0, 0.777291, 0.427357, 0.777291, 0.0, -0.629141, 0.464595, 0.0, 1.0, 0.0, 0.575824, 0.0, 0.0, 0.0, 1.0],
                [0.693574, 0.0, 0.720385, 0.452375, 0.720385, 0.0, -0.693574, 0.494989, 0.0, 1.0, 0.0, 0.575824, 0.0, 0.0, 0.0, 1.0],
                [0.7555, 0.0, 0.655148, 0.46171, 0.655148, 0.0, -0.7555, 0.529181, 0.0, 1.0, 0.0, 0.575824, 0.0, 0.0, 0.0, 1.0],
                [0.816191, 0.0, 0.577782, 0.458564, 0.577782, 0.0, -0.816191, 0.567687, 0.0, 1.0, 0.0, 0.575824, 0.0, 0.0, 0.0, 1.0],
                [0.873875, 0.0, 0.48615, 0.449199, 0.48615, 0.0, -0.873875, 0.609978, 0.0, 1.0, 0.0, 0.575824, 0.0, 0.0, 0.0, 1.0],
                [0.924621, 0.0, 0.380889, 0.43373, 0.380889, 0.0, -0.924621, 0.655265, 0.0, 1.0, 0.0, 0.575824, 0.0, 0.0, 0.0, 1.0],
                [0.96455, 0.0, 0.263899, 0.412267, 0.263899, 0.0, -0.96455, 0.702756, 0.0, 1.0, 0.0, 0.575824, 0.0, 0.0, 0.0, 1.0],
                [0.990376, 0.0, 0.138401, 0.384924, 0.138401, 0.0, -0.990376, 0.751664, 0.0, 1.0, 0.0, 0.575824, 0.0, 0.0, 0.0, 1.0],
                [0.999962, 0.0, 0.008721, 0.352024, 0.008721, 0.0, -0.999962, 0.801198, 0.0, 1.0, 0.0, 0.575824, 0.0, 0.0, 0.0, 1.0],
                [0.992749, 0.0, -0.120202, 0.314737, -0.120202, 0.0, -0.992749, 0.850568, 0.0, 1.0, 0.0, 0.575824, 0.0, 0.0, 0.0, 1.0],
                [0.969904, 0.0, -0.243487, 0.274444, -0.243487, 0.0, -0.969904, 0.898984, 0.0, 1.0, 0.0, 0.575824, 0.0, 0.0, 0.0, 1.0],
                [0.934123, 0.0, -0.356952, 0.232528, -0.356952, 0.0, -0.934123, 0.945657, 0.0, 1.0, 0.0, 0.575824, 0.0, 0.0, 0.0, 1.0],
                [0.889173, 0.0, -0.457572, 0.19037, -0.457572, 0.0, -0.889173, 0.989797, 0.0, 1.0, 0.0, 0.575824, 0.0, 0.0, 0.0, 1.0],
                [0.839321, 0.0, -0.543635, 0.14935, -0.543635, 0.0, -0.839321, 1.030614, 0.0, 1.0, 0.0, 0.575824, 0.0, 0.0, 0.0, 1.0],
                [0.788813, 0.0, -0.614633, 0.110851, -0.614633, 0.0, -0.788813, 1.067319, 0.0, 1.0, 0.0, 0.575824, 0.0, 0.0, 0.0, 1.0],
                [0.741505, 0.0, -0.670948, 0.076254, -0.670948, 0.0, -0.741505, 1.09912, 0.0, 1.0, 0.0, 0.575824, 0.0, 0.0, 0.0, 1.0],
                [0.70069, 0.0, -0.713466, 0.04694, -0.713466, 0.0, -0.70069, 1.12523, 0.0, 1.0, 0.0, 0.575824, 0.0, 0.0, 0.0, 1.0],
                [0.669074, 0.0, -0.743196, 0.024292, -0.743196, 0.0, -0.669074, 1.144857, 0.0, 1.0, 0.0, 0.575824, 0.0, 0.0, 0.0, 1.0],
                [0.648843, 0.0, -0.760922, 0.009689, -0.760922, 0.0, -0.648843, 1.157213, 0.0, 1.0, 0.0, 0.575824, 0.0, 0.0, 0.0, 1.0],
                [0.641766, 0.0, -0.7669, 0.004515, -0.7669, 0.0, -0.641766, 1.161507, 0.0, 1.0, 0.0, 0.575824, 0.0, 0.0, 0.0, 1.0],
                [0.641766, 0.0, -0.7669, 0.004515, -0.7669, 0.0, -0.641766, 1.161507, 0.0, 1.0, 0.0, 0.575824, 0.0, 0.0, 0.0, 1.0],
                [0.641766, 0.0, -0.7669, 0.004515, -0.7669, 0.0, -0.641766, 1.161507, 0.0, 1.0, 0.0, 0.575824, 0.0, 0.0, 0.0, 1.0],
                [0.641766, 0.0, -0.7669, 0.004515, -0.7669, 0.0, -0.641766, 1.161507, 0.0, 1.0, 0.0, 0.575824, 0.0, 0.0, 0.0, 1.0],
                [0.641766, 0.0, -0.7669, 0.004515, -0.7669, 0.0, -0.641766, 1.161507, 0.0, 1.0, 0.0, 0.575824, 0.0, 0.0, 0.0, 1.0],
                [0.641766, 0.0, -0.7669, 0.004515, -0.7669, 0.0, -0.641766, 1.161507, 0.0, 1.0, 0.0, 0.575824, 0.0, 0.0, 0.0, 1.0],
                [0.641766, 0.0, -0.7669, 0.004515, -0.7669, 0.0, -0.641766, 1.161507, 0.0, 1.0, 0.0, 0.575824, 0.0, 0.0, 0.0, 1.0],
                [0.641766, 0.0, -0.7669, 0.004515, -0.7669, 0.0, -0.641766, 1.161507, 0.0, 1.0, 0.0, 0.575824, 0.0, 0.0, 0.0, 1.0],
                [0.641766, 0.0, -0.7669, 0.004515, -0.7669, 0.0, -0.641766, 1.161507, 0.0, 1.0, 0.0, 0.575824, 0.0, 0.0, 0.0, 1.0],
                [0.641766, 0.0, -0.7669, 0.004515, -0.7669, 0.0, -0.641766, 1.161507, 0.0, 1.0, 0.0, 0.575824, 0.0, 0.0, 0.0, 1.0],
                [0.641766, 0.0, -0.7669, 0.004515, -0.7669, 0.0, -0.641766, 1.161507, 0.0, 1.0, 0.0, 0.575824, 0.0, 0.0, 0.0, 1.0],
                [0.641766, 0.0, -0.7669, 0.004515, -0.7669, 0.0, -0.641766, 1.161507, 0.0, 1.0, 0.0, 0.575824, 0.0, 0.0, 0.0, 1.0],
                [0.641766, 0.0, -0.7669, 0.004515, -0.7669, 0.0, -0.641766, 1.161507, 0.0, 1.0, 0.0, 0.575824, 0.0, 0.0, 0.0, 1.0],
                [0.641766, 0.0, -0.7669, 0.004515, -0.7669, 0.0, -0.641766, 1.161507, 0.0, 1.0, 0.0, 0.575824, 0.0, 0.0, 0.0, 1.0],
                [0.641766, 0.0, -0.7669, 0.004515, -0.7669, 0.0, -0.641766, 1.161507, 0.0, 1.0, 0.0, 0.575824, 0.0, 0.0, 0.0, 1.0],
                [0.641766, 0.0, -0.7669, 0.004515, -0.7669, 0.0, -0.641766, 1.161507, 0.0, 1.0, 0.0, 0.575824, 0.0, 0.0, 0.0, 1.0],
                [0.641766, 0.0, -0.7669, 0.004515, -0.7669, 0.0, -0.641766, 1.161507, 0.0, 1.0, 0.0, 0.575824, 0.0, 0.0, 0.0, 1.0],
                [0.641766, 0.0, -0.7669, 0.004515, -0.7669, 0.0, -0.641766, 1.161507, 0.0, 1.0, 0.0, 0.575824, 0.0, 0.0, 0.0, 1.0],
                [0.641766, 0.0, -0.7669, 0.004515, -0.7669, 0.0, -0.641766, 1.161507, 0.0, 1.0, 0.0, 0.575824, 0.0, 0.0, 0.0, 1.0],
                [0.641766, 0.0, -0.7669, 0.004515, -0.7669, 0.0, -0.641766, 1.161507, 0.0, 1.0, 0.0, 0.575824, 0.0, 0.0, 0.0, 1.0],
                [0.641766, 0.0, -0.7669, 0.004515, -0.7669, 0.0, -0.641766, 1.161507, 0.0, 1.0, 0.0, 0.575824, 0.0, 0.0, 0.0, 1.0],
                [0.641766, 0.0, -0.7669, 0.004515, -0.7669, 0.0, -0.641766, 1.161507, 0.0, 1.0, 0.0, 0.575824, 0.0, 0.0, 0.0, 1.0],
                [0.641766, 0.0, -0.7669, 0.004515, -0.7669, 0.0, -0.641766, 1.161507, 0.0, 1.0, 0.0, 0.575824, 0.0, 0.0, 0.0, 1.0],
                [0.641766, 0.0, -0.7669, 0.004515, -0.7669, 0.0, -0.641766, 1.161507, 0.0, 1.0, 0.0, 0.575824, 0.0, 0.0, 0.0, 1.0],
                [0.641766, 0.0, -0.7669, 0.004515, -0.7669, 0.0, -0.641766, 1.161507, 0.0, 1.0, 0.0, 0.575824, 0.0, 0.0, 0.0, 1.0],
                [0.641766, 0.0, -0.7669, 0.004515, -0.7669, 0.0, -0.641766, 1.161507, 0.0, 1.0, 0.0, 0.575824, 0.0, 0.0, 0.0, 1.0],
                [0.641766, 0.0, -0.7669, 0.004515, -0.7669, 0.0, -0.641766, 1.161507, 0.0, 1.0, 0.0, 0.575824, 0.0, 0.0, 0.0, 1.0],
                [0.641766, 0.0, -0.7669, 0.004515, -0.7669, 0.0, -0.641766, 1.161507, 0.0, 1.0, 0.0, 0.575824, 0.0, 0.0, 0.0, 1.0],
                [0.641766, 0.0, -0.7669, 0.004515, -0.7669, 0.0, -0.641766, 1.161507, 0.0, 1.0, 0.0, 0.575824, 0.0, 0.0, 0.0, 1.0],
                [0.641766, 0.0, -0.7669, 0.004515, -0.7669, 0.0, -0.641766, 1.161507, 0.0, 1.0, 0.0, 0.575824, 0.0, 0.0, 0.0, 1.0],
                [0.641766, 0.0, -0.7669, 0.004515, -0.7669, 0.0, -0.641766, 1.161507, 0.0, 1.0, 0.0, 0.575824, 0.0, 0.0, 0.0, 1.0],
                [0.642302, 0.0, -0.766452, 0.004518, -0.766452, 0.0, -0.642302, 1.161541, 0.0, 1.0, 0.0, 0.57592, 0.0, 0.0, 0.0, 1.0],
                [0.643876, 0.0, -0.76513, 0.004526, -0.76513, 0.0, -0.643876, 1.161641, 0.0, 1.0, 0.0, 0.576201, 0.0, 0.0, 0.0, 1.0],
                [0.646433, 0.0, -0.76297, 0.00454, -0.76297, 0.0, -0.646433, 1.161803, 0.0, 1.0, 0.0, 0.576659, 0.0, 0.0, 0.0, 1.0],
                [0.649921, 0.0, -0.760002, 0.00456, -0.760002, 0.0, -0.649921, 1.162025, 0.0, 1.0, 0.0, 0.577286, 0.0, 0.0, 0.0, 1.0],
                [0.654281, 0.0, -0.756252, 0.004584, -0.756252, 0.0, -0.654281, 1.162304, 0.0, 1.0, 0.0, 0.578072, 0.0, 0.0, 0.0, 1.0],
                [0.659454, 0.0, -0.751745, 0.004612, -0.751745, 0.0, -0.659454, 1.162636, 0.0, 1.0, 0.0, 0.579009, 0.0, 0.0, 0.0, 1.0],
                [0.665379, 0.0, -0.746506, 0.004646, -0.746506, 0.0, -0.665379, 1.163018, 0.0, 1.0, 0.0, 0.580089, 0.0, 0.0, 0.0, 1.0],
                [0.671994, 0.0, -0.740556, 0.004683, -0.740556, 0.0, -0.671994, 1.163448, 0.0, 1.0, 0.0, 0.581303, 0.0, 0.0, 0.0, 1.0],
                [0.679237, 0.0, -0.733919, 0.004724, -0.733919, 0.0, -0.679237, 1.163922, 0.0, 1.0, 0.0, 0.582641, 0.0, 0.0, 0.0, 1.0],
                [0.687044, 0.0, -0.726616, 0.004768, -0.726616, 0.0, -0.687044, 1.164438, 0.0, 1.0, 0.0, 0.584096, 0.0, 0.0, 0.0, 1.0],
                [0.695351, 0.0, -0.718671, 0.004816, -0.718671, 0.0, -0.695351, 1.164991, 0.0, 1.0, 0.0, 0.58566, 0.0, 0.0, 0.0, 1.0],
                [0.704092, 0.0, -0.710108, 0.004867, -0.710108, 0.0, -0.704092, 1.16558, 0.0, 1.0, 0.0, 0.587322, 0.0, 0.0, 0.0, 1.0],
                [0.713206, 0.0, -0.700955, 0.004921, -0.700955, 0.0, -0.713206, 1.166201, 0.0, 1.0, 0.0, 0.589075, 0.0, 0.0, 0.0, 1.0],
                [0.722627, 0.0, -0.691239, 0.004977, -0.691239, 0.0, -0.722627, 1.166851, 0.0, 1.0, 0.0, 0.59091, 0.0, 0.0, 0.0, 1.0],
                [0.732292, 0.0, -0.68099, 0.005036, -0.68099, 0.0, -0.732292, 1.167527, 0.0, 1.0, 0.0, 0.592818, 0.0, 0.0, 0.0, 1.0],
                [0.742142, 0.0, -0.670243, 0.005096, -0.670243, 0.0, -0.742142, 1.168226, 0.0, 1.0, 0.0, 0.594791, 0.0, 0.0, 0.0, 1.0],
                [0.752114, 0.0, -0.659034, 0.005158, -0.659034, 0.0, -0.752114, 1.168945, 0.0, 1.0, 0.0, 0.596821, 0.0, 0.0, 0.0, 1.0],
                [0.76215, 0.0, -0.6474, 0.005222, -0.6474, 0.0, -0.76215, 1.169681, 0.0, 1.0, 0.0, 0.598897, 0.0, 0.0, 0.0, 1.0],
                [0.772195, 0.0, -0.635385, 0.005287, -0.635385, 0.0, -0.772195, 1.17043, 0.0, 1.0, 0.0, 0.601013, 0.0, 0.0, 0.0, 1.0],
                [0.782195, 0.0, -0.623034, 0.005353, -0.623034, 0.0, -0.782195, 1.17119, 0.0, 1.0, 0.0, 0.603159, 0.0, 0.0, 0.0, 1.0],
                [0.792097, 0.0, -0.610395, 0.005419, -0.610395, 0.0, -0.792097, 1.171958, 0.0, 1.0, 0.0, 0.605326, 0.0, 0.0, 0.0, 1.0],
                [0.801855, 0.0, -0.597519, 0.005486, -0.597519, 0.0, -0.801855, 1.17273, 0.0, 1.0, 0.0, 0.607506, 0.0, 0.0, 0.0, 1.0],
                [0.811422, 0.0, -0.58446, 0.005553, -0.58446, 0.0, -0.811422, 1.173504, 0.0, 1.0, 0.0, 0.609691, 0.0, 0.0, 0.0, 1.0],
                [0.820758, 0.0, -0.571276, 0.00562, -0.571276, 0.0, -0.820758, 1.174277, 0.0, 1.0, 0.0, 0.611871, 0.0, 0.0, 0.0, 1.0],
                [0.829825, 0.0, -0.558024, 0.005686, -0.558024, 0.0, -0.829825, 1.175044, 0.0, 1.0, 0.0, 0.614039, 0.0, 0.0, 0.0, 1.0],
                [0.838587, 0.0, -0.544767, 0.005752, -0.544767, 0.0, -0.838587, 1.175804, 0.0, 1.0, 0.0, 0.616184, 0.0, 0.0, 0.0, 1.0],
                [0.847016, 0.0, -0.531568, 0.005817, -0.531568, 0.0, -0.847016, 1.176554, 0.0, 1.0, 0.0, 0.6183, 0.0, 0.0, 0.0, 1.0],
                [0.855083, 0.0, -0.518492, 0.005881, -0.518492, 0.0, -0.855083, 1.177289, 0.0, 1.0, 0.0, 0.620377, 0.0, 0.0, 0.0, 1.0],
                [0.862765, 0.0, -0.505604, 0.005943, -0.505604, 0.0, -0.862765, 1.178008, 0.0, 1.0, 0.0, 0.622406, 0.0, 0.0, 0.0, 1.0],
                [0.870044, 0.0, -0.492974, 0.006003, -0.492974, 0.0, -0.870044, 1.178707, 0.0, 1.0, 0.0, 0.624379, 0.0, 0.0, 0.0, 1.0],
                [0.876902, 0.0, -0.480669, 0.006062, -0.480669, 0.0, -0.876902, 1.179383, 0.0, 1.0, 0.0, 0.626287, 0.0, 0.0, 0.0, 1.0],
                [0.883327, 0.0, -0.468757, 0.006118, -0.468757, 0.0, -0.883327, 1.180033, 0.0, 1.0, 0.0, 0.628122, 0.0, 0.0, 0.0, 1.0],
                [0.889308, 0.0, -0.457309, 0.006172, -0.457309, 0.0, -0.889308, 1.180654, 0.0, 1.0, 0.0, 0.629875, 0.0, 0.0, 0.0, 1.0],
                [0.894837, 0.0, -0.446393, 0.006223, -0.446393, 0.0, -0.894837, 1.181243, 0.0, 1.0, 0.0, 0.631538, 0.0, 0.0, 0.0, 1.0],
                [0.899909, 0.0, -0.436078, 0.006271, -0.436078, 0.0, -0.899909, 1.181797, 0.0, 1.0, 0.0, 0.633101, 0.0, 0.0, 0.0, 1.0],
                [0.904519, 0.0, -0.426433, 0.006315, -0.426433, 0.0, -0.904519, 1.182312, 0.0, 1.0, 0.0, 0.634556, 0.0, 0.0, 0.0, 1.0],
                [0.908665, 0.0, -0.417526, 0.006356, -0.417526, 0.0, -0.908665, 1.182787, 0.0, 1.0, 0.0, 0.635895, 0.0, 0.0, 0.0, 1.0],
                [0.912344, 0.0, -0.409425, 0.006394, -0.409425, 0.0, -0.912344, 1.183216, 0.0, 1.0, 0.0, 0.637108, 0.0, 0.0, 0.0, 1.0],
                [0.915554, 0.0, -0.402196, 0.006427, -0.402196, 0.0, -0.915554, 1.183599, 0.0, 1.0, 0.0, 0.638188, 0.0, 0.0, 0.0, 1.0],
                [0.918291, 0.0, -0.395905, 0.006455, -0.395905, 0.0, -0.918291, 1.183931, 0.0, 1.0, 0.0, 0.639125, 0.0, 0.0, 0.0, 1.0],
                [0.920553, 0.0, -0.390618, 0.006479, -0.390618, 0.0, -0.920553, 1.184209, 0.0, 1.0, 0.0, 0.639911, 0.0, 0.0, 0.0, 1.0],
                [0.922332, 0.0, -0.386398, 0.006499, -0.386398, 0.0, -0.922332, 1.184432, 0.0, 1.0, 0.0, 0.640538, 0.0, 0.0, 0.0, 1.0],
                [0.923621, 0.0, -0.383308, 0.006513, -0.383308, 0.0, -0.923621, 1.184594, 0.0, 1.0, 0.0, 0.640996, 0.0, 0.0, 0.0, 1.0],
                [0.924406, 0.0, -0.38141, 0.006521, -0.38141, 0.0, -0.924406, 1.184693, 0.0, 1.0, 0.0, 0.641277, 0.0, 0.0, 0.0, 1.0],
                [0.924672, 0.0, -0.380764, 0.006524, -0.380764, 0.0, -0.924672, 1.184727, 0.0, 1.0, 0.0, 0.641373, 0.0, 0.0, 0.0, 1.0]
            ]
        },
        {
            "name": "Thigh_R",
            "time": [0.0, 0.0167, 0.0333, 0.05, 0.0667, 0.0833, 0.1, 0.1167, 0.1333, 0.15, 0.1667, 0.1833, 0.2, 0.2167, 0.2333, 0.25, 0.2667, 0.2833, 0.3, 0.3167, 0.3333, 0.35, 0.3667, 0.3833, 0.4, 0.4167, 0.4333, 0.45, 0.4667, 0.4833, 0.5, 0.5167, 0.5333, 0.55, 0.5667, 0.5833, 0.6, 0.6167, 0.6333, 0.65, 0.6667, 0.6833, 0.7, 0.7167, 0.7333, 0.75, 0.7667, 0.7833, 0.8, 0.8167, 0.8333, 0.85, 0.8667, 0.8833, 0.9, 0.9167, 0.9333, 0.95, 0.9667, 0.9833, 1.0, 1.0167, 1.0333, 1.05, 1.0667, 1.0833, 1.1, 1.1167, 1.1333, 1.15, 1.1667, 1.1833, 1.2, 1.2167, 1.2333, 1.25, 1.2667, 1.2833, 1.3, 1.3167, 1.3333, 1.35, 1.3667, 1.3833, 1.4, 1.4167, 1.4333, 1.45, 1.4667, 1.4833, 1.5, 1.5167, 1.5333, 1.55, 1.5667, 1.5833, 1.6, 1.6167, 1.6333, 1.65, 1.6667, 1.6833, 1.7, 1.7167, 1.7333, 1.75, 1.7667, 1.7833, 1.8, 1.8167, 1.8333, 1.85, 1.8667, 1.8833, 1.9, 1.9167, 1.9333, 1.95, 1.9667, 1.9833, 2.0, 2.0167, 2.0333, 2.05, 2.0667, 2.0833, 2.1, 2.1167, 2.1333, 2.15, 2.1667, 2.1833, 2.2, 2.2167, 2.2333, 2.25, 2.2667, 2.2833, 2.3, 2.3167, 2.3333, 2.35, 2.3667, 2.3833, 2.4, 2.4167, 2.4333, 2.45, 2.4667, 2.4833, 2.5, 2.5167, 2.5333, 2.55, 2.5667, 2.5833, 2.6, 2.6167, 2.6333],
            "transform": [
                [0.770944, -0.05222, 0.634758, 0.124994, 0.228168, -0.907838, -0.351807, -0.002831, 0.594629, 0.416053, -0.687979, -1.2e-05, 0.0, 0.0, 0.0, 1.0],
                [0.729112, 0.001626, 0.684393, 0.124994, 0.281122, -0.912451, -0.297323, -0.002831, 0.623992, 0.409179, -0.665737, -1.2e-05, 0.0, 0.0, 0.0, 1.0],
                [0.580646, 0.12164, 0.805018, 0.124994, 0.406127, -0.900244, -0.156904, -0.002831, 0.705627, 0.418044, -0.572126, -1.2e-05, 0.0, 0.0, 0.0, 1.0],
                [0.111726, 0.093922, 0.989291, 0.124994, 0.574564, -0.818358, 0.012806, -0.002831, 0.810797, 0.56698, -0.145396, -1.2e-05, 0.0, 0.0, 0.0, 1.0],
                [0.880891, 0.462866, -0.09892, 0.124994, 0.449679, -0.753191, 0.480095, -0.002831, 0.147714, -0.467393, -0.871622, -1.2e-05, 0.0, 0.0, 0.0, 1.0],
                [0.50862, 0.720841, 0.470842, 0.124994, 0.4882, -0.691904, 0.53191, -0.002831, 0.709201, -0.040675, -0.703832, -1.2e-05, 0.0, 0.0, 0.0, 1.0],
                [0.328442, 0.775153, 0.539687, 0.124994, 0.459473, -0.630343, 0.62574, -0.002831, 0.825233, 0.042452, -0.563194, -1.2e-05, 0.0, 0.0, 0.0, 1.0],
                [0.291867, 0.792016, 0.536211, 0.124994, 0.440941, -0.608911, 0.659391, -0.002831, 0.848754, 0.043983, -0.526955, -1.2e-05, 0.0, 0.0, 0.0, 1.0],
                [0.359157, 0.793788, 0.490821, 0.124994, 0.440921, -0.607837, 0.660394, -0.002831, 0.822553, -0.020772, -0.568308, -1.2e-05, 0.0, 0.0, 0.0, 1.0],
                [0.466883, 0.7833, 0.410437, 0.124994, 0.433323, -0.607231, 0.665959, -0.002831, 0.770876, -0.133073, -0.622929, -1.2e-05, 0.0, 0.0, 0.0, 1.0],
                [0.600567, 0.744041, 0.292781, 0.124994, 0.420201, -0.605224, 0.676117, -0.002831, 0.680258, -0.283026, -0.676126, -1.2e-05, 0.0, 0.0, 0.0, 1.0],
                [0.738522, 0.659487, 0.140219, 0.124994, 0.4046, -0.599852, 0.690272, -0.002831, 0.539337, -0.453048, -0.709834, -1.2e-05, 0.0, 0.0, 0.0, 1.0],
                [0.85193, 0.522477, -0.035094, 0.124994, 0.39094, -0.589998, 0.706447, -0.002831, 0.348397, -0.615562, -0.706896, -1.2e-05, 0.0, 0.0, 0.0, 1.0],
                [0.914742, 0.344309, -0.211419, 0.124994, 0.383766, -0.576739, 0.721176, -0.002831, 0.126373, -0.740824, -0.659703, -1.2e-05, 0.0, 0.0, 0.0, 1.0],
                [0.917989, 0.153401, -0.365738, 0.124994, 0.385335, -0.563259, 0.730928, -0.002831, -0.09388, -0.811914, -0.576178, -1.2e-05, 0.0, 0.0, 0.0, 1.0],
                [0.874892, -0.018585, -0.483962, 0.124994, 0.394349, -0.552773, 0.734119, -0.002831, -0.281165, -0.833123, -0.476289, -1.2e-05, 0.0, 0.0, 0.0, 1.0],
                [0.809106, -0.155697, -0.566662, 0.124994, 0.407352, -0.546418, 0.731772, -0.002831, -0.42357, -0.822911, -0.378687, -1.2e-05, 0.0, 0.0, 0.0, 1.0],
                [0.73599, -0.261181, -0.624583, 0.124994, 0.421406, -0.54531, 0.724606, -0.002831, -0.529845, -0.796504, -0.29128, -1.2e-05, 0.0, 0.0, 0.0, 1.0],
                [0.664366, -0.3381, -0.666562, 0.124994, 0.434697, -0.550684, 0.71259, -0.002831, -0.607993, -0.763172, -0.218885, -1.2e-05, 0.0, 0.0, 0.0, 1.0],
                [0.600322, -0.388838, -0.698869, 0.124994, 0.446112, -0.562458, 0.696149, -0.002831, -0.663774, -0.729686, -0.164191, -1.2e-05, 0.0, 0.0, 0.0, 1.0],
                [0.548963, -0.416364, -0.724762, 0.124994, 0.454916, -0.578592, 0.676965, -0.002831, -0.701207, -0.701333, -0.128216, -1.2e-05, 0.0, 0.0, 0.0, 1.0],
                [0.515056, -0.426158, -0.743712, 0.124994, 0.460553, -0.594176, 0.659428, -0.002831, -0.722917, -0.682159, -0.109766, -1.2e-05, 0.0, 0.0, 0.0, 1.0],
                [0.50294, -0.427333, -0.75129, 0.124994, 0.462536, -0.601217, 0.651611, -0.002831, -0.730144, -0.675219, -0.10472, -1.2e-05, 0.0, 0.0, 0.0, 1.0],
                [0.501719, -0.437385, -0.746305, 0.124994, 0.465226, -0.590916, 0.659076, -0.002831, -0.729275, -0.677871, -0.092991, -1.2e-05, 0.0, 0.0, 0.0, 1.0],
                [0.498656, -0.448392, -0.741813, 0.124994, 0.471927, -0.577402, 0.666251, -0.002831, -0.727067, -0.682311, -0.076317, -1.2e-05, 0.0, 0.0, 0.0, 1.0],
                [0.494661, -0.441071, -0.748843, 0.124994, 0.480577, -0.579102, 0.658548, -0.002831, -0.724124, -0.685633, -0.074491, -1.2e-05, 0.0, 0.0, 0.0, 1.0],
                [0.490598, -0.412138, -0.76776, 0.124994, 0.489326, -0.598741, 0.634088, -0.002831, -0.721022, -0.686766, -0.092072, -1.2e-05, 0.0, 0.0, 0.0, 1.0],
                [0.487247, -0.369155, -0.7914, 0.124994, 0.496655, -0.628268, 0.598842, -0.002831, -0.718278, -0.684836, -0.122779, -1.2e-05, 0.0, 0.0, 0.0, 1.0],
                [0.485309, -0.327768, -0.810582, 0.124994, 0.50131, -0.655247, 0.5651, -0.002831, -0.716354, -0.6806, -0.153684, -1.2e-05, 0.0, 0.0, 0.0, 1.0],
                [0.485447, -0.307472, -0.818414, 0.124994, 0.502123, -0.668266, 0.5489, -0.002831, -0.715691, -0.677405, -0.17002, -1.2e-05, 0.0, 0.0, 0.0, 1.0],
                [0.511457, -0.325226, -0.795386, 0.124994, 0.484643, -0.655177, 0.579537, -0.002831, -0.7096, -0.681886, -0.177477, -1.2e-05, 0.0, 0.0, 0.0, 1.0],
                [0.590756, -0.342107, -0.730733, 0.124994, 0.444692, -0.617638, 0.648669, -0.002831, -0.673243, -0.708155, -0.212741, -1.2e-05, 0.0, 0.0, 0.0, 1.0],
                [0.721948, -0.287545, -0.629372, 0.124994, 0.402699, -0.565059, 0.720097, -0.002831, -0.562693, -0.773319, -0.29215, -1.2e-05, 0.0, 0.0, 0.0, 1.0],
                [0.84094, -0.155396, -0.518336, 0.124994, 0.383801, -0.50397, 0.773764, -0.002831, -0.381466, -0.849625, -0.364168, -1.2e-05, 0.0, 0.0, 0.0, 1.0],
                [0.89068, -0.048166, -0.452071, 0.124994, 0.386917, -0.441806, 0.809385, -0.002831, -0.238713, -0.895815, -0.374872, -1.2e-05, 0.0, 0.0, 0.0, 1.0],
                [0.907371, -0.04134, -0.418292, 0.124994, 0.371529, -0.38653, 0.844133, -0.002831, -0.196579, -0.921348, -0.335368, -1.2e-05, 0.0, 0.0, 0.0, 1.0],
                [0.920851, -0.084776, -0.380586, 0.124994, 0.330522, -0.348098, 0.877259, -0.002831, -0.206852, -0.933615, -0.292527, -1.2e-05, 0.0, 0.0, 0.0, 1.0],
                [0.928497, -0.121498, -0.350901, 0.124994, 0.296243, -0.327422, 0.897238, -0.002831, -0.223905, -0.937032, -0.268018, -1.2e-05, 0.0, 0.0, 0.0, 1.0],
                [0.93036, -0.150291, -0.334427, 0.124994, 0.274452, -0.319344, 0.907026, -0.002831, -0.243115, -0.935644, -0.255858, -1.2e-05, 0.0, 0.0, 0.0, 1.0],
                [0.927586, -0.169996, -0.332694, 0.124994, 0.267284, -0.320238, 0.908849, -0.002831, -0.261042, -0.931958, -0.251611, -1.2e-05, 0.0, 0.0, 0.0, 1.0],
                [0.921449, -0.179653, -0.344465, 0.124994, 0.274269, -0.327148, 0.904296, -0.002831, -0.275151, -0.927736, -0.252177, -1.2e-05, 0.0, 0.0, 0.0, 1.0],
                [0.91308, -0.178916, -0.366433, 0.124994, 0.293035, -0.337009, 0.894738, -0.002831, -0.283574, -0.924343, -0.255288, -1.2e-05, 0.0, 0.0, 0.0, 1.0],
                [0.90362, -0.168563, -0.393773, 0.124994, 0.319705, -0.346389, 0.881931, -0.002831, -0.28506, -0.92282, -0.259114, -1.2e-05, 0.0, 0.0, 0.0, 1.0],
                [0.894522, -0.150899, -0.420783, 0.124994, 0.349167, -0.351897, 0.868476, -0.002831, -0.279125, -0.923793, -0.262092, -1.2e-05, 0.0, 0.0, 0.0, 1.0],
                [0.887789, -0.129728, -0.44159, 0.124994, 0.37538, -0.351066, 0.857813, -0.002831, -0.26631, -0.927318, -0.262976, -1.2e-05, 0.0, 0.0, 0.0, 1.0],
                [0.8859, -0.109789, -0.450696, 0.124994, 0.391757, -0.343219, 0.853656, -0.002831, -0.248409, -0.932815, -0.261048, -1.2e-05, 0.0, 0.0, 0.0, 1.0],
                [0.891326, -0.095891, -0.443106, 0.124994, 0.391544, -0.329877, 0.858996, -0.002831, -0.228541, -0.93914, -0.256483, -1.2e-05, 0.0, 0.0, 0.0, 1.0],
                [0.905533, -0.092244, -0.414127, 0.124994, 0.368094, -0.314593, 0.87495, -0.002831, -0.210991, -0.944732, -0.25092, -1.2e-05, 0.0, 0.0, 0.0, 1.0],
                [0.927547, -0.102373, -0.359409, 0.124994, 0.315179, -0.302445, 0.899549, -0.002831, -0.200791, -0.947652, -0.248267, -1.2e-05, 0.0, 0.0, 0.0, 1.0],
                [0.952312, -0.129725, -0.276175, 0.124994, 0.227909, -0.299393, 0.926511, -0.002831, -0.202877, -0.945268, -0.255551, -1.2e-05, 0.0, 0.0, 0.0, 1.0],
                [0.967847, -0.164619, -0.190189, 0.124994, 0.133923, -0.30279, 0.943601, -0.002831, -0.212922, -0.938731, -0.271009, -1.2e-05, 0.0, 0.0, 0.0, 1.0],
                [0.972775, -0.191568, -0.130422, 0.124994, 0.069179, -0.297077, 0.952345, -0.002831, -0.221185, -0.935438, -0.275737, -1.2e-05, 0.0, 0.0, 0.0, 1.0],
                [0.973519, -0.205576, -0.099989, 0.124994, 0.03851, -0.283658, 0.958152, -0.002831, -0.225336, -0.936629, -0.26823, -1.2e-05, 0.0, 0.0, 0.0, 1.0],
                [0.973536, -0.205603, -0.09977, 0.124994, 0.041314, -0.271035, 0.961683, -0.002831, -0.224766, -0.940353, -0.255369, -1.2e-05, 0.0, 0.0, 0.0, 1.0],
                [0.972756, -0.194205, -0.126607, 0.124994, 0.072201, -0.265173, 0.961494, -0.002831, -0.2203, -0.944438, -0.243928, -1.2e-05, 0.0, 0.0, 0.0, 1.0],
                [0.969278, -0.175415, -0.172418, 0.124994, 0.121415, -0.268402, 0.955625, -0.002831, -0.213909, -0.947199, -0.238859, -1.2e-05, 0.0, 0.0, 0.0, 1.0],
                [0.962049, -0.153016, -0.225934, 0.124994, 0.17689, -0.28073, 0.943345, -0.002831, -0.207773, -0.947509, -0.24301, -1.2e-05, 0.0, 0.0, 0.0, 1.0],
                [0.952312, -0.129725, -0.276175, 0.124994, 0.227909, -0.299393, 0.926511, -0.002831, -0.202877, -0.945268, -0.255551, -1.2e-05, 0.0, 0.0, 0.0, 1.0],
                [0.944433, -0.109385, -0.309969, 0.124994, 0.264031, -0.30924, 0.913596, -0.002831, -0.195789, -0.94467, -0.263176, -1.2e-05, 0.0, 0.0, 0.0, 1.0],
                [0.93664, -0.092371, -0.337895, 0.124994, 0.296155, -0.30634, 0.904681, -0.002831, -0.187077, -0.947428, -0.259575, -1.2e-05, 0.0, 0.0, 0.0, 1.0],
                [0.924071, -0.072875, -0.375209, 0.124994, 0.337166, -0.306958, 0.889998, -0.002831, -0.180032, -0.948927, -0.25908, -1.2e-05, 0.0, 0.0, 0.0, 1.0],
                [0.905052, -0.045548, -0.422855, 0.124994, 0.387286, -0.322611, 0.863674, -0.002831, -0.175757, -0.945433, -0.27434, -1.2e-05, 0.0, 0.0, 0.0, 1.0],
                [0.881369, -0.008803, -0.472346, 0.124994, 0.439144, -0.353375, 0.826002, -0.002831, -0.174187, -0.935438, -0.307589, -1.2e-05, 0.0, 0.0, 0.0, 1.0],
                [0.857907, 0.031665, -0.512827, 0.124994, 0.483089, -0.389629, 0.784101, -0.002831, -0.174984, -0.920426, -0.349563, -1.2e-05, 0.0, 0.0, 0.0, 1.0],
                [0.841525, 0.061908, -0.536659, 0.124994, 0.510068, -0.418287, 0.751576, -0.002831, -0.177949, -0.906201, -0.383577, -1.2e-05, 0.0, 0.0, 0.0, 1.0],
                [0.840037, 0.063848, -0.538759, 0.124994, 0.510757, -0.427919, 0.745663, -0.002831, -0.182936, -0.901557, -0.392079, -1.2e-05, 0.0, 0.0, 0.0, 1.0],
                [0.86185, 0.02309, -0.506638, 0.124994, 0.470545, -0.409103, 0.781807, -0.002831, -0.189215, -0.912194, -0.363451, -1.2e-05, 0.0, 0.0, 0.0, 1.0],
                [0.895676, -0.035661, -0.443275, 0.124994, 0.398503, -0.378054, 0.835626, -0.002831, -0.197381, -0.925095, -0.324404, -1.2e-05, 0.0, 0.0, 0.0, 1.0],
                [0.922806, -0.082645, -0.376295, 0.124994, 0.324485, -0.359823, 0.874778, -0.002831, -0.207696, -0.929351, -0.30523, -1.2e-05, 0.0, 0.0, 0.0, 1.0],
                [0.941581, -0.116232, -0.316092, 0.124994, 0.257146, -0.357974, 0.897625, -0.002831, -0.217486, -0.926467, -0.307173, -1.2e-05, 0.0, 0.0, 0.0, 1.0],
                [0.952384, -0.135362, -0.273205, 0.124994, 0.206329, -0.373588, 0.904356, -0.002831, -0.224481, -0.917663, -0.327871, -1.2e-05, 0.0, 0.0, 0.0, 1.0],
                [0.956868, -0.138253, -0.255518, 0.124994, 0.180988, -0.404315, 0.896534, -0.002831, -0.227259, -0.904108, -0.361854, -1.2e-05, 0.0, 0.0, 0.0, 1.0],
                [0.956861, -0.124242, -0.262641, 0.124994, 0.183286, -0.443279, 0.877445, -0.002831, -0.225439, -0.88773, -0.401385, -1.2e-05, 0.0, 0.0, 0.0, 1.0],
                [0.952714, -0.094553, -0.288782, 0.124994, 0.209944, -0.482234, 0.850514, -0.002831, -0.219679, -0.870923, -0.439582, -1.2e-05, 0.0, 0.0, 0.0, 1.0],
                [0.943058, -0.051633, -0.328595, 0.124994, 0.256868, -0.514579, 0.818063, -0.002831, -0.211327, -0.855885, -0.472016, -1.2e-05, 0.0, 0.0, 0.0, 1.0],
                [0.926744, -0.000795, -0.375692, 0.124994, 0.316739, -0.536135, 0.782454, -0.002831, -0.202044, -0.84413, -0.49661, -1.2e-05, 0.0, 0.0, 0.0, 1.0],
                [0.904121, 0.051528, -0.424157, 0.124994, 0.381034, -0.54641, 0.745821, -0.002831, -0.193334, -0.835929, -0.513655, -1.2e-05, 0.0, 0.0, 0.0, 1.0],
                [0.877269, 0.100144, -0.469435, 0.124994, 0.442425, -0.548014, 0.709887, -0.002831, -0.186166, -0.830451, -0.525063, -1.2e-05, 0.0, 0.0, 0.0, 1.0],
                [0.849171, 0.142313, -0.508583, 0.124994, 0.496178, -0.544811, 0.676009, -0.002831, -0.180877, -0.826392, -0.533252, -1.2e-05, 0.0, 0.0, 0.0, 1.0],
                [0.822695, 0.177331, -0.540118, 0.124994, 0.540124, -0.540166, 0.645358, -0.002831, -0.177312, -0.822661, -0.540173, -1.2e-05, 0.0, 0.0, 0.0, 1.0],
                [0.800055, 0.205341, -0.56369, 0.124994, 0.57381, -0.53613, 0.619117, -0.002831, -0.175081, -0.818778, -0.546762, -1.2e-05, 0.0, 0.0, 0.0, 1.0],
                [0.782763, 0.226343, -0.579698, 0.124994, 0.597567, -0.533472, 0.598598, -0.002831, -0.173765, -0.814968, -0.552839, -1.2e-05, 0.0, 0.0, 0.0, 1.0],
                [0.771834, 0.239744, -0.588893, 0.124994, 0.611821, -0.532121, 0.585253, -0.002831, -0.173052, -0.812014, -0.557391, -1.2e-05, 0.0, 0.0, 0.0, 1.0],
                [0.768034, 0.244477, -0.591908, 0.124994, 0.616653, -0.531725, 0.580523, -0.002831, -0.172807, -0.810861, -0.559142, -1.2e-05, 0.0, 0.0, 0.0, 1.0],
                [0.768034, 0.244477, -0.591908, 0.124994, 0.616653, -0.531725, 0.580523, -0.002831, -0.172807, -0.810861, -0.559142, -1.2e-05, 0.0, 0.0, 0.0, 1.0],
                [0.768034, 0.244477, -0.591908, 0.124994, 0.616653, -0.531725, 0.580523, -0.002831, -0.172807, -0.810861, -0.559142, -1.2e-05, 0.0, 0.0, 0.0, 1.0],
                [0.768034, 0.244477, -0.591908, 0.124994, 0.616653, -0.531725, 0.580523, -0.002831, -0.172807, -0.810861, -0.559142, -1.2e-05, 0.0, 0.0, 0.0, 1.0],
                [0.768034, 0.244477, -0.591908, 0.124994, 0.616653, -0.531725, 0.580523, -0.002831, -0.172807, -0.810861, -0.559142, -1.2e-05, 0.0, 0.0, 0.0, 1.0],
                [0.768034, 0.244477, -0.591908, 0.124994, 0.616653, -0.531725, 0.580523, -0.002831, -0.172807, -0.810861, -0.559142, -1.2e-05, 0.0, 0.0, 0.0, 1.0],
                [0.768034, 0.244477, -0.591908, 0.124994, 0.616653, -0.531725, 0.580523, -0.002831, -0.172807, -0.810861, -0.559142, -1.2e-05, 0.0, 0.0, 0.0, 1.0],
                [0.768034, 0.244477, -0.591908, 0.124994, 0.616653, -0.531725, 0.580523, -0.002831, -0.172807, -0.810861, -0.559142, -1.2e-05, 0.0, 0.0, 0.0, 1.0],
                [0.768034, 0.244477, -0.591908, 0.124994, 0.616653, -0.531725, 0.580523, -0.002831, -0.172807, -0.810861, -0.559142, -1.2e-05, 0.0, 0.0, 0.0, 1.0],
                [0.768034, 0.244477, -0.591908, 0.124994, 0.616653, -0.531725, 0.580523, -0.002831, -0.172807, -0.810861, -0.559142, -1.2e-05, 0.0, 0.0, 0.0, 1.0],
                [0.768034, 0.244477, -0.591908, 0.124994, 0.616653, -0.531725, 0.580523, -0.002831, -0.172807, -0.810861, -0.559142, -1.2e-05, 0.0, 0.0, 0.0, 1.0],
                [0.768034, 0.244477, -0.591908, 0.124994, 0.616653, -0.531725, 0.580523, -0.002831, -0.172807, -0.810861, -0.559142, -1.2e-05, 0.0, 0.0, 0.0, 1.0],
                [0.768034, 0.244477, -0.591908, 0.124994, 0.616653, -0.531725, 0.580523, -0.002831, -0.172807, -0.810861, -0.559142, -1.2e-05, 0.0, 0.0, 0.0, 1.0],
                [0.768034, 0.244477, -0.591908, 0.124994, 0.616653, -0.531725, 0.580523, -0.002831, -0.172807, -0.810861, -0.559142, -1.2e-05, 0.0, 0.0, 0.0, 1.0],
                [0.768034, 0.244477, -0.591908, 0.124994, 0.616653, -0.531725, 0.580523, -0.002831, -0.172807, -0.810861, -0.559142, -1.2e-05, 0.0, 0.0, 0.0, 1.0],
