{
    "animation": [
        {
            "name": "Root",
            "time": [0.0, 0.0167, 0.0333, 0.05, 0.0667, 0.0833, 0.1, 0.1167, 0.1333, 0.15, 0.1667, 0.1833, 0.2, 0.2167, 0.2333, 0.25, 0.2667, 0.2833, 0.3, 0.3167, 0.3333, 0.35, 0.3667, 0.3833, 0.4, 0.4167, 0.4333, 0.45, 0.4667, 0.4833, 0.5, 0.5167, 0.5333, 0.55, 0.5667],
            "transform": [
                [0.967294, 0.0, 0.25366, -5e-06, 0.25366, 0.0, -0.967294, 0.011182, 0.0, 1.0, 0.0, 0.733264, 0.0, 0.0, 0.0, 1.0],
                [0.946758, 0.0, 0.321947, -5e-06, 0.321947, 0.0, -0.946758, 0.011182, 0.0, 1.0, 0.0, 0.733264, 0.0, 0.0, 0.0, 1.0],
                [0.864571, 0.0, 0.502511, -5e-06, 0.502511, 0.0, -0.864571, 0.011182, 0.0, 1.0, 0.0, 0.733264, 0.0, 0.0, 0.0, 1.0],
                [0.679532, 0.0, 0.733646, -5e-06, 0.733646, 0.0, -0.679532, 0.135127, 0.0, 1.0, 0.0, 0.695203, 0.0, 0.0, 0.0, 1.0],
                [0.413745, 0.0, 0.910393, -5e-06, 0.910393, 0.0, -0.413745, 0.275274, 0.0, 1.0, 0.0, 0.644411, 0.0, 0.0, 0.0, 1.0],
                [0.145261, 0.0, 0.989393, 0.059444, 0.989393, 0.0, -0.145261, 0.288352, 0.0, 1.0, 0.0, 0.629558, 0.0, 0.0, 0.0, 1.0],
                [-0.118149, 0.0, 0.992996, 0.141376, 0.992996, 0.0, 0.118149, 0.296877, 0.0, 1.0, 0.0, 0.627436, 0.0, 0.0, 0.0, 1.0],
                [-0.384212, 0.0, 0.923245, 0.176039, 0.923245, 0.0, 0.384212, 0.341633, 0.0, 1.0, 0.0, 0.627436, 0.0, 0.0, 0.0, 1.0],
                [-0.631419, 0.0, 0.775441, 0.193839, 0.775441, 0.0, 0.631419, 0.421923, 0.0, 1.0, 0.0, 0.627436, 0.0, 0.0, 0.0, 1.0],
                [-0.837071, 0.0, 0.547095, 0.200397, 0.547095, 0.0, 0.837071, 0.52668, 0.0, 1.0, 0.0, 0.627436, 0.0, 0.0, 0.0, 1.0],
                [-0.973468, 0.0, 0.228825, 0.201334, 0.228825, 0.0, 0.973468, 0.644837, 0.0, 1.0, 0.0, 0.627436, 0.0, 0.0, 0.0, 1.0],
                [-0.984452, 0.0, -0.175657, 0.180322, -0.175657, 0.0, 0.984452, 0.763216, 0.0, 1.0, 0.0, 0.627436, 0.0, 0.0, 0.0, 1.0],
                [-0.827223, 0.0, -0.561875, 0.125263, -0.561875, 0.0, 0.827223, 0.860196, 0.0, 1.0, 0.0, 0.627436, 0.0, 0.0, 0.0, 1.0],
                [-0.58032, 0.0, -0.814389, 0.048116, -0.814389, 0.0, 0.58032, 0.912043, 0.0, 1.0, 0.0, 0.627436, 0.0, 0.0, 0.0, 1.0],
                [-0.364685, 0.0, -0.931131, -0.036906, -0.931131, 0.0, 0.364685, 0.927081, 0.0, 1.0, 0.0, 0.627436, 0.0, 0.0, 0.0, 1.0],
                [-0.194541, 0.0, -0.980894, -0.106591, -0.980894, 0.0, 0.194541, 0.932621, 0.0, 1.0, 0.0, 0.627436, 0.0, 0.0, 0.0, 1.0],
                [-0.035832, 0.0, -0.999358, -0.135478, -0.999358, 0.0, 0.035832, 0.933412, 0.0, 1.0, 0.0, 0.627436, 0.0, 0.0, 0.0, 1.0],
                [0.141154, 0.0, -0.989988, -0.134527, -0.989988, 0.0, -0.141154, 0.926612, 0.0, 1.0, 0.0, 0.627436, 0.0, 0.0, 0.0, 1.0],
                [0.33066, 0.0, -0.94375, -0.132076, -0.94375, 0.0, -0.33066, 0.908238, 0.0, 1.0, 0.0, 0.627436, 0.0, 0.0, 0.0, 1.0],
                [0.516811, 0.0, -0.856099, -0.128724, -0.856099, 0.0, -0.516811, 0.881329, 0.0, 1.0, 0.0, 0.627436, 0.0, 0.0, 0.0, 1.0],
                [0.684775, 0.0, -0.728754, -0.125071, -0.728754, 0.0, -0.684775, 0.848924, 0.0, 1.0, 0.0, 0.627436, 0.0, 0.0, 0.0, 1.0],
                [0.82327, 0.0, -0.56765, -0.121719, -0.56765, 0.0, -0.82327, 0.814062, 0.0, 1.0, 0.0, 0.627436, 0.0, 0.0, 0.0, 1.0],
                [0.925033, 0.0, -0.379886, -0.119267, -0.379886, 0.0, -0.925033, 0.779782, 0.0, 1.0, 0.0, 0.627436, 0.0, 0.0, 0.0, 1.0],
                [0.985234, 0.0, -0.171212, -0.118317, -0.171212, 0.0, -0.985234, 0.749124, 0.0, 1.0, 0.0, 0.627436, 0.0, 0.0, 0.0, 1.0],
                [0.998683, 0.0, 0.051299, -0.139452, 0.051299, 0.0, -0.998683, 0.724546, 0.0, 1.0, 0.0, 0.627436, 0.0, 0.0, 0.0, 1.0],
                [0.965181, 0.0, 0.261584, -0.189852, 0.261584, 0.0, -0.965181, 0.70619, 0.0, 1.0, 0.0, 0.627436, 0.0, 0.0, 0.0, 1.0],
                [0.902803, 0.0, 0.430055, -0.250007, 0.430055, 0.0, -0.902803, 0.693621, 0.0, 1.0, 0.0, 0.627436, 0.0, 0.0, 0.0, 1.0],
                [0.842894, 0.0, 0.53808, -0.300407, 0.53808, 0.0, -0.842894, 0.6864, 0.0, 1.0, 0.0, 0.627436, 0.0, 0.0, 0.0, 1.0],
                [0.817296, 0.0, 0.576218, -0.321542, 0.576218, 0.0, -0.817296, 0.68409, 0.0, 1.0, 0.0, 0.627436, 0.0, 0.0, 0.0, 1.0],
                [0.817296, 0.0, 0.576218, -0.321542, 0.576218, 0.0, -0.817296, 0.68409, 0.0, 1.0, 0.0, 0.627436, 0.0, 0.0, 0.0, 1.0],
                [0.817296, 0.0, 0.576218, -0.321542, 0.576218, 0.0, -0.817296, 0.68409, 0.0, 1.0, 0.0, 0.627436, 0.0, 0.0, 0.0, 1.0],
                [0.785268, 0.0, 0.619157, -0.321542, 0.619157, 0.0, -0.785268, 0.68409, 0.0, 1.0, 0.0, 0.627436, 0.0, 0.0, 0.0, 1.0],
                [0.706663, 0.0, 0.70755, -0.321542, 0.70755, 0.0, -0.706663, 0.68409, 0.0, 1.0, 0.0, 0.627436, 0.0, 0.0, 0.0, 1.0],
                [0.618171, 0.0, 0.786044, -0.321542, 0.786044, 0.0, -0.618171, 0.68409, 0.0, 1.0, 0.0, 0.627436, 0.0, 0.0, 0.0, 1.0],
                [0.575191, 0.0, 0.818019, -0.321542, 0.818019, 0.0, -0.575191, 0.68409, 0.0, 1.0, 0.0, 0.627436, 0.0, 0.0, 0.0, 1.0]
            ]
        },
        {
            "name": "Thigh_R",
            "time": [0.0, 0.0167, 0.0333, 0.05, 0.0667, 0.0833, 0.1, 0.1167, 0.1333, 0.15, 0.1667, 0.1833, 0.2, 0.2167, 0.2333, 0.25, 0.2667, 0.2833, 0.3, 0.3167, 0.3333, 0.35, 0.3667, 0.3833, 0.4, 0.4167, 0.4333, 0.45, 0.4667, 0.4833, 0.5, 0.5167, 0.5333, 0.55, 0.5667],
            "transform": [
                [0.946836, 0.244757, 0.208795, 0.124994, 0.187884, -0.947508, 0.258698, -0.002831, 0.261154, -0.205715, -0.943123, -1.2e-05, 0.0, 0.0, 0.0, 1.0],
                [0.911086, 0.396491, 0.112767, 0.124994, 0.271171, -0.782518, 0.560473, -0.002831, 0.310465, -0.480059, -0.820459, -1.2e-05, 0.0, 0.0, 0.0, 1.0],
                [0.792414, 0.609757, 0.016607, 0.124994, 0.380893, -0.515888, 0.76732, -0.002831, 0.476446, -0.601708, -0.64105, -1.2e-05, 0.0, 0.0, 0.0, 1.0],
                [0.726797, 0.666111, 0.167511, 0.124994, 0.372047, -0.586801, 0.719197, -0.002831, 0.577362, -0.460387, -0.674312, -1.2e-05, 0.0, 0.0, 0.0, 1.0],
                [0.754934, 0.632462, 0.173393, 0.124994, 0.45425, -0.695006, 0.557334, -0.002831, 0.473002, -0.341986, -0.811982, -1.2e-05, 0.0, 0.0, 0.0, 1.0],
                [0.737499, 0.646088, 0.196633, 0.124994, 0.469762, -0.699947, 0.537956, -0.002831, 0.4852, -0.304371, -0.819719, -1.2e-05, 0.0, 0.0, 0.0, 1.0],
                [0.753653, 0.623977, 0.206536, 0.124994, 0.460261, -0.725346, 0.51189, -0.002831, 0.469218, -0.290727, -0.833854, -1.2e-05, 0.0, 0.0, 0.0, 1.0],
                [0.925476, 0.36649, -0.095807, 0.124994, 0.373427, -0.840201, 0.393206, -0.002831, 0.063609, -0.399679, -0.914445, -1.2e-05, 0.0, 0.0, 0.0, 1.0],
                [0.856215, 0.008435, -0.51655, 0.124994, 0.265404, -0.865016, 0.425799, -0.002831, -0.443233, -0.501669, -0.742881, -1.2e-05, 0.0, 0.0, 0.0, 1.0],
                [0.819869, 0.012671, -0.572411, 0.124994, 0.351048, -0.800913, 0.485079, -0.002831, -0.452305, -0.598644, -0.661093, -1.2e-05, 0.0, 0.0, 0.0, 1.0],
                [0.876028, 0.157502, -0.455815, 0.124994, 0.406217, -0.750413, 0.521409, -0.002831, -0.259927, -0.641927, -0.721364, -1.2e-05, 0.0, 0.0, 0.0, 1.0],
                [0.919973, 0.322851, -0.222299, 0.124994, 0.39082, -0.711842, 0.583557, -0.002831, 0.03016, -0.623734, -0.781053, -1.2e-05, 0.0, 0.0, 0.0, 1.0],
                [0.890704, 0.453531, -0.030886, 0.124994, 0.377404, -0.699896, 0.606391, -0.002831, 0.2534, -0.551771, -0.794567, -1.2e-05, 0.0, 0.0, 0.0, 1.0],
                [0.872753, 0.484828, 0.056939, 0.124994, 0.358716, -0.716058, 0.598817, -0.002831, 0.331096, -0.502194, -0.798859, -1.2e-05, 0.0, 0.0, 0.0, 1.0],
                [0.886121, 0.455966, 0.08297, 0.124994, 0.314171, -0.722601, 0.615746, -0.002831, 0.340714, -0.519557, -0.783565, -1.2e-05, 0.0, 0.0, 0.0, 1.0],
                [0.900332, 0.427734, 0.080287, 0.124994, 0.284273, -0.717683, 0.635702, -0.002831, 0.329532, -0.549519, -0.767748, -1.2e-05, 0.0, 0.0, 0.0, 1.0],
                [0.865942, 0.474843, 0.157058, 0.124994, 0.28047, -0.721038, 0.633592, -0.002831, 0.414102, -0.504603, -0.757558, -1.2e-05, 0.0, 0.0, 0.0, 1.0],
                [0.793094, 0.539137, 0.283427, 0.124994, 0.279576, -0.735626, 0.617001, -0.002831, 0.541145, -0.4101, -0.734152, -1.2e-05, 0.0, 0.0, 0.0, 1.0],
                [0.710194, 0.580081, 0.398911, 0.124994, 0.255299, -0.740266, 0.621954, -0.002831, 0.656085, -0.339865, -0.673828, -1.2e-05, 0.0, 0.0, 0.0, 1.0],
                [0.626788, 0.608666, 0.486478, 0.124994, 0.22023, -0.737266, 0.638698, -0.002831, 0.747419, -0.293191, -0.596157, -1.2e-05, 0.0, 0.0, 0.0, 1.0],
                [0.56252, 0.628451, 0.537234, 0.124994, 0.188681, -0.730218, 0.656643, -0.002831, 0.804966, -0.268008, -0.52934, -1.2e-05, 0.0, 0.0, 0.0, 1.0],
                [0.543132, 0.634799, 0.549579, 0.124994, 0.175496, -0.725902, 0.665031, -0.002831, 0.821102, -0.264749, -0.505667, -1.2e-05, 0.0, 0.0, 0.0, 1.0],
                [0.582506, 0.617631, 0.528409, 0.124994, 0.187329, -0.734597, 0.65213, -0.002831, 0.790944, -0.280883, -0.543609, -1.2e-05, 0.0, 0.0, 0.0, 1.0],
                [0.650876, 0.573305, 0.497675, 0.124994, 0.205831, -0.764246, 0.611196, -0.002831, 0.730748, -0.295376, -0.615435, -1.2e-05, 0.0, 0.0, 0.0, 1.0],
                [0.692272, 0.546261, 0.471548, 0.124994, 0.236575, -0.789124, 0.566845, -0.002831, 0.681756, -0.280854, -0.675522, -1.2e-05, 0.0, 0.0, 0.0, 1.0],
                [0.685367, 0.562037, 0.463018, 0.124994, 0.309377, -0.80034, 0.513557, -0.002831, 0.65921, -0.208727, -0.722409, -1.2e-05, 0.0, 0.0, 0.0, 1.0],
                [0.643092, 0.582295, 0.497357, 0.124994, 0.396118, -0.808774, 0.43471, -0.002831, 0.655379, -0.082546, -0.750775, -1.2e-05, 0.0, 0.0, 0.0, 1.0],
                [0.596487, 0.579871, 0.554934, 0.124994, 0.463603, -0.813316, 0.351549, -0.002831, 0.65519, 0.047575, -0.753964, -1.2e-05, 0.0, 0.0, 0.0, 1.0],
                [0.575816, 0.570645, 0.58549, 0.124994, 0.489961, -0.814138, 0.311633, -0.002831, 0.654502, 0.107424, -0.74839, -1.2e-05, 0.0, 0.0, 0.0, 1.0],
                [0.575816, 0.570645, 0.58549, 0.124994, 0.489961, -0.814138, 0.311633, -0.002831, 0.654502, 0.107424, -0.74839, -1.2e-05, 0.0, 0.0, 0.0, 1.0],
                [0.575816, 0.570645, 0.58549, 0.124994, 0.489961, -0.814138, 0.311633, -0.002831, 0.654502, 0.107424, -0.74839, -1.2e-05, 0.0, 0.0, 0.0, 1.0],
                [0.534721, 0.558745, 0.633937, 0.124994, 0.495907, -0.814919, 0.299969, -0.002831, 0.684214, 0.153973, -0.712842, -1.2e-05, 0.0, 0.0, 0.0, 1.0],
                [0.437934, 0.520152, 0.73325, 0.124994, 0.509769, -0.815498, 0.274039, -0.002831, 0.740506, 0.253776, -0.622293, -1.2e-05, 0.0, 0.0, 0.0, 1.0],
                [0.334587, 0.464864, 0.819728, 0.124994, 0.524351, -0.814605, 0.247937, -0.002831, 0.783012, 0.346868, -0.516309, -1.2e-05, 0.0, 0.0, 0.0, 1.0],
                [0.286244, 0.434521, 0.853965, 0.124994, 0.531095, -0.813767, 0.236049, -0.002831, 0.797497, 0.385968, -0.463709, -1.2e-05, 0.0, 0.0, 0.0, 1.0]
            ]
        },
        {
            "name": "Leg_R",
            "time": [0.0, 0.0167, 0.0333, 0.05, 0.0667, 0.0833, 0.1, 0.1167, 0.1333, 0.15, 0.1667, 0.1833, 0.2, 0.2167, 0.2333, 0.25, 0.2667, 0.2833, 0.3, 0.3167, 0.3333, 0.35, 0.3667, 0.3833, 0.4, 0.4167, 0.4333, 0.45, 0.4667, 0.4833, 0.5, 0.5167, 0.5333, 0.55, 0.5667],
            "transform": [
                [1.0, -0.0, 1e-06, 0.0, -0.0, 0.892145, 0.451754, 0.374726, -1e-06, -0.451755, 0.892139, -0.0, 0.0, 0.0, 0.0, 1.0],
                [1.0, -1e-06, 1e-06, 0.0, -0.0, 0.505177, 0.863016, 0.374726, -1e-06, -0.863017, 0.505174, -0.0, 0.0, 0.0, 0.0, 1.0],
                [1.0, -1e-06, 0.0, 0.0, -0.0, 0.341617, 0.939839, 0.374726, -1e-06, -0.93984, 0.341614, 0.0, 0.0, 0.0, 0.0, 1.0],
                [1.0, -1e-06, 1e-06, -0.0, -0.0, 0.668062, 0.744107, 0.374726, -1e-06, -0.744108, 0.668058, -0.0, 0.0, 0.0, 0.0, 1.0],
                [1.0, -1e-06, 1e-06, -0.0, -0.0, 0.708656, 0.705556, 0.374726, -1e-06, -0.705557, 0.708652, 0.0, 0.0, 0.0, 0.0, 1.0],
                [1.0, -1e-06, 1e-06, -0.0, -0.0, 0.5707, 0.821159, 0.374726, -1e-06, -0.821161, 0.570696, -0.0, 0.0, 0.0, 0.0, 1.0],
                [1.0, -1e-06, 1e-06, -0.0, -0.0, 0.509828, 0.860277, 0.374726, -1e-06, -0.860278, 0.509825, 0.0, 0.0, 0.0, 0.0, 1.0],
                [1.0, -1e-06, 0.0, -0.0, -0.0, 0.398413, 0.917205, 0.374726, -1e-06, -0.917207, 0.398411, 0.0, 0.0, 0.0, 0.0, 1.0],
                [1.0, -1e-06, 0.0, 0.0, -0.0, 0.306732, 0.951795, 0.374726, -1e-06, -0.951797, 0.306731, -0.0, 0.0, 0.0, 0.0, 1.0],
                [1.0, -1e-06, 0.0, 0.0, -0.0, 0.349904, 0.936785, 0.374726, -1e-06, -0.936787, 0.349902, -0.0, 0.0, 0.0, 0.0, 1.0],
                [1.0, -1e-06, 1e-06, 0.0, -0.0, 0.413656, 0.910433, 0.374726, -1e-06, -0.910435, 0.413653, -0.0, 0.0, 0.0, 0.0, 1.0],
                [1.0, -1e-06, 1e-06, -0.0, -0.0, 0.409005, 0.912531, 0.374726, -1e-06, -0.912533, 0.409003, -0.0, 0.0, 0.0, 0.0, 1.0],
                [1.0, -1e-06, 0.0, 0.0, -0.0, 0.39971, 0.916641, 0.374726, -1e-06, -0.916643, 0.399708, 0.0, 0.0, 0.0, 0.0, 1.0],
                [1.0, -1e-06, 0.0, 0.0, -0.0, 0.366216, 0.930529, 0.374726, -1e-06, -0.930531, 0.366214, 0.0, 0.0, 0.0, 0.0, 1.0],
                [1.0, -1e-06, 1e-06, 0.0, -0.0, 0.316725, 0.948517, 0.374726, -1e-06, -0.948518, 0.316724, 0.0, 0.0, 0.0, 0.0, 1.0],
                [1.0, -1e-06, 0.0, -0.0, -0.0, 0.292504, 0.956263, 0.374726, -1e-06, -0.956265, 0.292503, 0.0, 0.0, 0.0, 0.0, 1.0],
                [1.0, -1e-06, 0.0, 0.0, -0.0, 0.288125, 0.957592, 0.374726, -1e-06, -0.957594, 0.288124, -0.0, 0.0, 0.0, 0.0, 1.0],
                [1.0, -1e-06, 1e-06, -0.0, -0.0, 0.28764, 0.957738, 0.374726, -1e-06, -0.95774, 0.287638, 0.0, 0.0, 0.0, 0.0, 1.0],
                [1.0, -1e-06, 0.0, 0.0, -0.0, 0.280544, 0.959841, 0.374726, -1e-06, -0.959843, 0.280542, -0.0, 0.0, 0.0, 0.0, 1.0],
                [1.0, -1e-06, 0.0, -0.0, -0.0, 0.275158, 0.961398, 0.374726, -1e-06, -0.9614, 0.275156, 0.0, 0.0, 0.0, 0.0, 1.0],
                [1.0, -1e-06, 0.0, -0.0, -0.0, 0.278514, 0.960431, 0.374726, -1e-06, -0.960433, 0.278513, -0.0, 0.0, 0.0, 0.0, 1.0],
                [1.0, -1e-06, 0.0, 0.0, -0.0, 0.291225, 0.956653, 0.374726, -1e-06, -0.956655, 0.291223, 0.0, 0.0, 0.0, 0.0, 1.0],
                [1.0, -1e-06, 0.0, -0.0, -0.0, 0.306099, 0.951999, 0.374726, -1e-06, -0.952001, 0.306097, -0.0, 0.0, 0.0, 0.0, 1.0],
                [1.0, -1e-06, 1e-06, 0.0, -0.0, 0.31121, 0.95034, 0.374726, -1e-06, -0.950342, 0.311208, -0.0, 0.0, 0.0, 0.0, 1.0],
                [1.0, -1e-06, 1e-06, -0.0, -0.0, 0.327168, 0.944965, 0.374726, -1e-06, -0.944967, 0.327166, -0.0, 0.0, 0.0, 0.0, 1.0],
                [1.0, -1e-06, 1e-06, 0.0, -0.0, 0.385884, 0.922547, 0.374726, -1e-06, -0.922548, 0.385882, -0.0, 0.0, 0.0, 0.0, 1.0],
                [1.0, -1e-06, 1e-06, 0.0, -0.0, 0.488132, 0.872769, 0.374726, -1e-06, -0.872771, 0.48813, -0.0, 0.0, 0.0, 0.0, 1.0],
                [1.0, -1e-06, 1e-06, 0.0, -0.0, 0.60077, 0.799422, 0.374726, -1e-06, -0.799424, 0.600767, 0.0, 0.0, 0.0, 0.0, 1.0],
                [1.0, -0.0, 1e-06, 0.0, -0.0, 0.655167, 0.755485, 0.374726, -1e-06, -0.755486, 0.655163, 0.0, 0.0, 0.0, 0.0, 1.0],
                [1.0, -0.0, 1e-06, 0.0, -0.0, 0.655167, 0.755485, 0.374726, -1e-06, -0.755486, 0.655163, 0.0, 0.0, 0.0, 0.0, 1.0],
                [1.0, -0.0, 1e-06, 0.0, -0.0, 0.655167, 0.755485, 0.374726, -1e-06, -0.755486, 0.655163, 0.0, 0.0, 0.0, 0.0, 1.0],
                [1.0, -0.0, 1e-06, 0.0, -0.0, 0.668842, 0.743405, 0.374726, -1e-06, -0.743407, 0.668838, -0.0, 0.0, 0.0, 0.0, 1.0],
                [1.0, -1e-06, 1e-06, -0.0, -0.0, 0.701685, 0.712488, 0.374726, -1e-06, -0.71249, 0.701681, -0.0, 0.0, 0.0, 0.0, 1.0],
                [1.0, -1e-06, 1e-06, 0.0, -0.0, 0.737775, 0.675049, 0.374726, -1e-06, -0.67505, 0.73777, -0.0, 0.0, 0.0, 0.0, 1.0],
                [1.0, -1e-06, 1e-06, -0.0, -0.0, 0.755044, 0.655675, 0.374726, -1e-06, -0.655677, 0.75504, -0.0, 0.0, 0.0, 0.0, 1.0]
            ]
        },
        {
            "name": "Knee_R",
            "time": [0.0, 0.5667],
            "transform": [
                [1.0, 0.0, -0.0, 0.0, -0.0, 0.00567, -0.999984, 0.374726, -0.0, 0.999984, 0.00567, -0.0, 0.0, 0.0, 0.0, 1.0],
                [1.0, 0.0, -0.0, 0.0, -0.0, 0.00567, -0.999984, 0.393649, -0.0, 0.999984, 0.00567, -0.000107, 0.0, 0.0, 0.0, 1.0]
            ]
        },
        {
            "name": "Thigh_L",
            "time": [0.0, 0.0167, 0.0333, 0.05, 0.0667, 0.0833, 0.1, 0.1167, 0.1333, 0.15, 0.1667, 0.1833, 0.2, 0.2167, 0.2333, 0.25, 0.2667, 0.2833, 0.3, 0.3167, 0.3333, 0.35, 0.3667, 0.3833, 0.4, 0.4167, 0.4333, 0.45, 0.4667, 0.4833, 0.5, 0.5167, 0.5333, 0.55, 0.5667],
            "transform": [
                [0.967917, -0.243783, 0.060885, -0.125006, -0.250246, -0.913371, 0.321138, -0.002831, -0.022677, -0.326071, -0.945073, -1.2e-05, 0.0, 0.0, 0.0, 1.0],
                [0.967041, -0.218557, 0.130627, -0.125006, -0.250386, -0.909432, 0.332022, -0.002831, 0.046231, -0.353786, -0.934183, -1.2e-05, 0.0, 0.0, 0.0, 1.0],
                [0.938711, -0.141537, 0.314305, -0.125006, -0.254959, -0.898735, 0.356749, -0.002831, 0.231984, -0.41502, -0.87974, -1.2e-05, 0.0, 0.0, 0.0, 1.0],
                [0.927273, -0.217138, 0.304983, -0.125006, -0.335333, -0.843951, 0.418685, -0.002831, 0.166478, -0.490507, -0.855387, -1.2e-05, 0.0, 0.0, 0.0, 1.0],
                [0.876825, -0.333691, 0.346161, -0.125006, -0.469482, -0.749553, 0.466644, -0.002831, 0.103751, -0.571681, -0.813889, -1.2e-05, 0.0, 0.0, 0.0, 1.0],
                [0.876446, -0.217287, 0.429683, -0.125006, -0.418168, -0.785886, 0.455542, -0.002831, 0.238699, -0.578938, -0.77965, -1.2e-05, 0.0, 0.0, 0.0, 1.0],
                [0.894891, -0.064638, 0.441578, -0.125006, -0.261163, -0.878191, 0.400717, -0.002831, 0.361889, -0.473922, -0.802766, -1.2e-05, 0.0, 0.0, 0.0, 1.0],
                [0.927622, 0.061545, 0.368413, -0.125006, -0.112643, -0.894316, 0.433023, -0.002831, 0.356128, -0.443181, -0.822656, -1.2e-05, 0.0, 0.0, 0.0, 1.0],
                [0.956124, -0.240364, 0.167486, -0.125006, -0.276695, -0.928756, 0.246679, -0.002831, 0.096261, -0.282199, -0.954514, -1.2e-05, 0.0, 0.0, 0.0, 1.0],
                [0.830009, -0.557236, 0.023917, -0.125006, -0.5433, -0.798064, 0.260613, -0.002831, -0.126135, -0.229305, -0.965147, -1.2e-05, 0.0, 0.0, 0.0, 1.0],
                [0.803592, -0.579478, 0.135811, -0.125006, -0.576967, -0.702432, 0.41677, -0.002831, -0.146111, -0.413271, -0.898809, -1.2e-05, 0.0, 0.0, 0.0, 1.0],
                [0.868129, -0.38751, 0.31014, -0.125006, -0.493475, -0.606863, 0.623056, -0.002831, -0.053228, -0.693939, -0.718063, -1.2e-05, 0.0, 0.0, 0.0, 1.0],
                [0.955165, -0.224209, 0.193361, -0.125006, -0.283882, -0.508083, 0.813181, -0.002831, -0.08408, -0.831613, -0.548952, -1.2e-05, 0.0, 0.0, 0.0, 1.0],
                [0.938922, -0.33256, -0.08848, -0.125006, -0.086966, -0.478067, 0.874007, -0.002831, -0.332959, -0.812929, -0.47779, -1.2e-05, 0.0, 0.0, 0.0, 1.0],
                [0.900737, -0.419412, -0.112983, -0.125006, -0.125482, -0.500275, 0.856725, -0.002831, -0.415844, -0.757507, -0.503245, -1.2e-05, 0.0, 0.0, 0.0, 1.0],
                [0.915398, -0.400871, -0.036717, -0.125006, -0.21489, -0.563751, 0.7975, -0.002831, -0.340394, -0.72214, -0.6022, -1.2e-05, 0.0, 0.0, 0.0, 1.0],
                [0.941775, -0.332129, 0.05244, -0.125006, -0.255297, -0.604807, 0.754342, -0.002831, -0.218823, -0.723808, -0.654383, -1.2e-05, 0.0, 0.0, 0.0, 1.0],
                [0.960402, -0.251878, 0.119101, -0.125006, -0.252973, -0.609186, 0.751596, -0.002831, -0.116756, -0.751963, -0.648782, -1.2e-05, 0.0, 0.0, 0.0, 1.0],
                [0.962722, -0.216085, 0.162707, -0.125006, -0.26491, -0.631621, 0.728613, -0.002831, -0.054674, -0.744554, -0.665319, -1.2e-05, 0.0, 0.0, 0.0, 1.0],
                [0.952104, -0.236734, 0.193529, -0.125006, -0.303807, -0.660759, 0.686366, -0.002831, -0.03461, -0.712288, -0.701033, -1.2e-05, 0.0, 0.0, 0.0, 1.0],
                [0.929346, -0.296339, 0.220223, -0.125006, -0.367244, -0.6805, 0.634075, -0.002831, -0.038039, -0.670151, -0.741249, -1.2e-05, 0.0, 0.0, 0.0, 1.0],
                [0.899732, -0.357894, 0.249787, -0.125006, -0.435007, -0.688994, 0.579703, -0.002831, -0.035371, -0.630237, -0.775597, -1.2e-05, 0.0, 0.0, 0.0, 1.0],
                [0.874379, -0.395078, 0.281734, -0.125006, -0.485151, -0.700508, 0.52337, -0.002831, -0.009415, -0.594307, -0.804183, -1.2e-05, 0.0, 0.0, 0.0, 1.0],
                [0.863308, -0.404123, 0.302296, -0.125006, -0.503172, -0.735457, 0.453785, -0.002831, 0.038941, -0.543863, -0.83827, -1.2e-05, 0.0, 0.0, 0.0, 1.0],
                [0.8787, -0.345945, 0.328949, -0.125006, -0.462563, -0.787336, 0.407599, -0.002831, 0.117986, -0.510317, -0.851854, -1.2e-05, 0.0, 0.0, 0.0, 1.0],
                [0.908985, -0.151244, 0.38842, -0.125006, -0.357674, -0.761524, 0.540508, -0.002831, 0.214043, -0.630242, -0.746311, -1.2e-05, 0.0, 0.0, 0.0, 1.0],
                [0.927088, 0.059604, 0.370072, -0.125006, -0.228694, -0.692296, 0.684416, -0.002831, 0.296993, -0.719147, -0.628189, -1.2e-05, 0.0, 0.0, 0.0, 1.0],
                [0.919197, 0.174182, 0.353181, -0.125006, -0.157006, -0.660394, 0.734322, -0.002831, 0.361144, -0.730438, -0.579685, -1.2e-05, 0.0, 0.0, 0.0, 1.0],
                [0.884671, 0.172658, 0.433067, -0.125006, -0.211237, -0.679634, 0.702478, -0.002831, 0.415616, -0.712942, -0.564781, -1.2e-05, 0.0, 0.0, 0.0, 1.0],
                [0.789557, 0.004306, 0.613662, -0.125006, -0.391084, -0.767082, 0.508564, -0.002831, 0.472919, -0.641534, -0.603972, -1.2e-05, 0.0, 0.0, 0.0, 1.0],
                [0.719094, -0.170677, 0.673626, -0.125006, -0.486418, -0.815922, 0.312519, -0.002831, 0.496287, -0.552395, -0.669746, -1.2e-05, 0.0, 0.0, 0.0, 1.0],
                [0.691167, -0.146942, 0.707598, -0.125006, -0.49045, -0.814499, 0.309919, -0.002831, 0.530798, -0.561248, -0.635023, -1.2e-05, 0.0, 0.0, 0.0, 1.0],
                [0.623756, -0.098209, 0.775425, -0.125006, -0.500116, -0.812559, 0.299384, -0.002831, 0.600677, -0.574545, -0.555955, -1.2e-05, 0.0, 0.0, 0.0, 1.0],
                [0.549515, -0.057239, 0.833521, -0.125006, -0.510655, -0.81262, 0.280856, -0.002831, 0.66126, -0.579975, -0.475776, -1.2e-05, 0.0, 0.0, 0.0, 1.0],
                [0.51401, -0.042495, 0.856731, -0.125006, -0.515655, -0.813464, 0.269027, -0.002831, 0.685488, -0.58006, -0.440042, -1.2e-05, 0.0, 0.0, 0.0, 1.0]
            ]
        },
        {
            "name": "Leg_L",
            "time": [0.0, 0.0167, 0.0333, 0.05, 0.0667, 0.0833, 0.1, 0.1167, 0.1333, 0.15, 0.1667, 0.1833, 0.2, 0.2167, 0.2333, 0.25, 0.2667, 0.2833, 0.3, 0.3167, 0.3333, 0.35, 0.3667, 0.3833, 0.4, 0.4167, 0.4333, 0.45, 0.4667, 0.4833, 0.5, 0.5167, 0.5333, 0.55, 0.5667],
            "transform": [
                [1.0, -0.0, 1e-06, -0.0, -0.0, 0.790155, 0.612907, 0.374726, -1e-06, -0.612907, 0.790155, 0.0, 0.0, 0.0, 0.0, 1.0],
                [1.0, -0.0, 1e-06, 0.0, -0.0, 0.790939, 0.611895, 0.374726, -1e-06, -0.611895, 0.790939, 0.0, 0.0, 0.0, 0.0, 1.0],
                [1.0, -1e-06, 1e-06, 0.0, -0.0, 0.800282, 0.599623, 0.374726, -1e-06, -0.599623, 0.800282, -0.0, 0.0, 0.0, 0.0, 1.0],
                [1.0, -1e-06, 1e-06, 0.0, -0.0, 0.692326, 0.721585, 0.374726, -1e-06, -0.721585, 0.692326, -0.0, 0.0, 0.0, 0.0, 1.0],
                [1.0, -1e-06, 1e-06, 0.0, -0.0, 0.660036, 0.751234, 0.374726, -1e-06, -0.751234, 0.660036, -0.0, 0.0, 0.0, 0.0, 1.0],
                [1.0, -1e-06, 1e-06, 0.0, -0.0, 0.747134, 0.664673, 0.374726, -1e-06, -0.664673, 0.747134, 0.0, 0.0, 0.0, 0.0, 1.0],
                [1.0, -1e-06, 1e-06, 0.0, -0.0, 0.724874, 0.688881, 0.374726, -1e-06, -0.688881, 0.724874, 0.0, 0.0, 0.0, 0.0, 1.0],
                [1.0, -1e-06, 0.0, 0.0, -0.0, 0.264712, 0.964328, 0.374726, -1e-06, -0.964327, 0.264712, 0.0, 0.0, 0.0, 0.0, 1.0],
                [1.0, -1e-06, 0.0, -0.0, -0.0, 0.143832, 0.989602, 0.374726, -1e-06, -0.989602, 0.143832, -0.0, 0.0, 0.0, 0.0, 1.0],
                [1.0, -1e-06, 1e-06, -0.0, -0.0, 0.437323, 0.899305, 0.374726, -1e-06, -0.899305, 0.437322, -0.0, 0.0, 0.0, 0.0, 1.0],
                [1.0, -1e-06, 1e-06, -0.0, -0.0, 0.597835, 0.80162, 0.374726, -1e-06, -0.80162, 0.597834, -0.0, 0.0, 0.0, 0.0, 1.0],
                [1.0, -1e-06, 1e-06, -0.0, -0.0, 0.527895, 0.84931, 0.374726, -1e-06, -0.84931, 0.527894, -0.0, 0.0, 0.0, 0.0, 1.0],
                [1.0, -1e-06, 1e-06, -0.0, -0.0, 0.398108, 0.917339, 0.374726, -1e-06, -0.917339, 0.398107, 0.0, 0.0, 0.0, 0.0, 1.0],
                [1.0, -1e-06, 0.0, -0.0, -0.0, 0.305271, 0.952266, 0.374726, -1e-06, -0.952265, 0.305271, -0.0, 0.0, 0.0, 0.0, 1.0],
                [1.0, -1e-06, 1e-06, -0.0, -0.0, 0.398057, 0.917361, 0.374726, -1e-06, -0.917361, 0.398057, 0.0, 0.0, 0.0, 0.0, 1.0],
                [1.0, -1e-06, 1e-06, 0.0, -0.0, 0.605299, 0.795998, 0.374726, -1e-06, -0.795998, 0.605299, 0.0, 0.0, 0.0, 0.0, 1.0],
                [1.0, -1e-06, 1e-06, 0.0, -0.0, 0.661371, 0.750058, 0.374726, -1e-06, -0.750058, 0.661371, 0.0, 0.0, 0.0, 0.0, 1.0],
                [1.000001, -1e-06, 1e-06, -0.0, -0.0, 0.555574, 0.831467, 0.374726, -1e-06, -0.831467, 0.555574, 0.0, 0.0, 0.0, 0.0, 1.0],
                [1.0, -1e-06, 1e-06, 0.0, -0.0, 0.47772, 0.878512, 0.374726, -1e-06, -0.878512, 0.47772, -0.0, 0.0, 0.0, 0.0, 1.0],
                [1.0, -1e-06, 1e-06, 0.0, -0.0, 0.458575, 0.888656, 0.374726, -1e-06, -0.888656, 0.458575, 0.0, 0.0, 0.0, 0.0, 1.0],
                [1.0, -1e-06, 1e-06, 0.0, -0.0, 0.512546, 0.85866, 0.374726, -1e-06, -0.858659, 0.512546, 0.0, 0.0, 0.0, 0.0, 1.0],
                [1.0, -1e-06, 1e-06, -0.0, -0.0, 0.633352, 0.773864, 0.374726, -1e-06, -0.773864, 0.633352, -0.0, 0.0, 0.0, 0.0, 1.0],
                [1.0, -0.0, 1e-06, 0.0, -0.0, 0.793348, 0.608767, 0.374726, -1e-06, -0.608767, 0.793349, -0.0, 0.0, 0.0, 0.0, 1.0],
                [1.0, -0.0, 1e-06, 0.0, -0.0, 0.948452, 0.31692, 0.374726, -1e-06, -0.31692, 0.948452, -0.0, 0.0, 0.0, 0.0, 1.0],
                [1.0, -0.0, 1e-06, -0.0, -0.0, 0.999989, 0.004685, 0.374726, -1e-06, -0.004685, 0.999989, -0.0, 0.0, 0.0, 0.0, 1.0],
                [1.000001, -0.0, 1e-06, -0.0, -0.0, 0.98708, 0.160231, 0.374726, -1e-06, -0.160231, 0.987079, -0.0, 0.0, 0.0, 0.0, 1.0],
                [1.0, -0.0, 1e-06, 0.0, -0.0, 0.892279, 0.451484, 0.374726, -1e-06, -0.451484, 0.892279, -0.0, 0.0, 0.0, 0.0, 1.0],
                [1.0, -0.0, 1e-06, 0.0, -0.0, 0.764939, 0.644103, 0.374726, -1e-06, -0.644103, 0.764939, 0.0, 0.0, 0.0, 0.0, 1.0],
                [1.0, -0.0, 1e-06, -0.0, -0.0, 0.643613, 0.765352, 0.374726, -1e-06, -0.765351, 0.643612, -0.0, 0.0, 0.0, 0.0, 1.0],
                [1.0, -1e-06, 1e-06, -0.0, -0.0, 0.690243, 0.723578, 0.374726, -1e-06, -0.723578, 0.690242, 0.0, 0.0, 0.0, 0.0, 1.0],
                [1.0, -0.0, 1e-06, -0.0, -0.0, 0.830826, 0.556532, 0.374726, -1e-06, -0.556532, 0.830826, -0.0, 0.0, 0.0, 0.0, 1.0],
                [1.0, -0.0, 1e-06, -0.0, -0.0, 0.842714, 0.538361, 0.374726, -1e-06, -0.538361, 0.842714, -0.0, 0.0, 0.0, 0.0, 1.0],
                [1.0, -0.0, 1e-06, -0.0, -0.0, 0.872265, 0.489033, 0.374726, -1e-06, -0.489033, 0.872265, 0.0, 0.0, 0.0, 0.0, 1.0],
                [1.0, -0.0, 1e-06, -0.0, -0.0, 0.905998, 0.423282, 0.374726, -1e-06, -0.423282, 0.905998, -0.0, 0.0, 0.0, 0.0, 1.0],
                [1.0, -0.0, 1e-06, 0.0, -0.0, 0.922512, 0.385968, 0.374726, -1e-06, -0.385968, 0.922512, -0.0, 0.0, 0.0, 0.0, 1.0]
            ]
        },
        {
            "name": "Knee_L",
            "time": [0.0, 0.5667],
            "transform": [
                [1.0, 0.0, -0.0, -0.0, -0.0, 0.00567, -0.999984, 0.387835, -0.0, 0.999984, 0.00567, -7.4e-05, 0.0, 0.0, 0.0, 1.0],
                [1.0, 0.0, -0.0, 0.0, -0.0, 0.00567, -0.999984, 0.374726, -0.0, 0.999984, 0.00567, 0.0, 0.0, 0.0, 0.0, 1.0]
            ]
        },
        {
            "name": "Torso",
            "time": [0.0, 0.0167, 0.0333, 0.05, 0.0667, 0.0833, 0.1, 0.1167, 0.1333, 0.15, 0.1667, 0.1833, 0.2, 0.2167, 0.2333, 0.25, 0.2667, 0.2833, 0.3, 0.3167, 0.3333, 0.35, 0.3667, 0.3833, 0.4, 0.4167, 0.4333, 0.45, 0.4667, 0.4833, 0.5, 0.5167, 0.5333, 0.55, 0.5667],
            "transform": [
                [1.0, 0.0, 0.0, -0.0, 0.0, 1.0, 0.0, 0.05, 0.0, 0.0, 1.0, -0.0, 0.0, 0.0, 0.0, 1.0],
                [1.0, 0.0, 0.0, -0.0, 0.0, 1.0, 0.0, 0.05, 0.0, 0.0, 1.0, 0.0, 0.0, 0.0, 0.0, 1.0],
                [1.0, 0.0, 0.0, 0.0, 0.0, 1.0, 0.0, 0.05, 0.0, 0.0, 1.0, -0.0, 0.0, 0.0, 0.0, 1.0],
                [1.0, 0.0, 0.0, 0.0, 0.0, 1.0, 0.0, 0.05, 0.0, 0.0, 1.0, -0.0, 0.0, 0.0, 0.0, 1.0],
                [1.0, 0.0, -0.0, 0.0, 0.0, 1.0, 0.0, 0.05, 0.0, 0.0, 1.0, 0.0, 0.0, 0.0, 0.0, 1.0],
                [1.0, 0.0, 0.0, -0.0, 0.0, 1.0, 0.0, 0.05, 0.0, 0.0, 1.0, -0.0, 0.0, 0.0, 0.0, 1.0],
                [1.0, 0.0, 0.0, 0.0, 0.0, 1.0, 0.0, 0.05, -0.0, 0.0, 1.0, -0.0, 0.0, 0.0, 0.0, 1.0],
                [1.0, 0.0, 0.0, -0.0, 0.0, 1.0, 0.0, 0.05, 0.0, 0.0, 1.0, 0.0, 0.0, 0.0, 0.0, 1.0],
                [1.0, 0.0, 0.0, 0.0, 0.0, 1.0, 0.0, 0.05, 0.0, 0.0, 1.0, 0.0, 0.0, 0.0, 0.0, 1.0],
                [1.0, 0.0, 0.0, 0.0, 0.0, 1.0, 0.0, 0.05, 0.0, 0.0, 1.0, 0.0, 0.0, 0.0, 0.0, 1.0],
                [1.0, 0.0, 0.0, 0.0, 0.0, 1.0, 0.0, 0.05, 0.0, 0.0, 1.0, -0.0, 0.0, 0.0, 0.0, 1.0],
                [1.0, 0.0, 0.0, 0.0, 0.0, 1.0, 0.0, 0.05, 0.0, 0.0, 1.0, -0.0, 0.0, 0.0, 0.0, 1.0],
                [1.0, 0.0, 0.0, 0.0, 0.0, 1.0, 0.0, 0.05, 0.0, 0.0, 1.0, -0.0, 0.0, 0.0, 0.0, 1.0],
                [1.0, 0.0, 0.0, 0.0, 0.0, 1.0, 0.0, 0.05, -0.0, 0.0, 1.0, 0.0, 0.0, 0.0, 0.0, 1.0],
                [1.0, 0.0, -0.0, 0.0, 0.0, 1.0, 0.0, 0.05, 0.0, 0.0, 1.0, 0.0, 0.0, 0.0, 0.0, 1.0],
                [1.0, 0.0, 0.0, 0.0, 0.0, 1.0, 0.0, 0.05, 0.0, 0.0, 1.0, -0.0, 0.0, 0.0, 0.0, 1.0],
                [1.0, 0.0, 0.0, -0.0, 0.0, 1.0, 0.0, 0.05, -0.0, 0.0, 1.0, 0.0, 0.0, 0.0, 0.0, 1.0],
                [1.0, 0.0, 0.0, -0.0, 0.0, 1.0, 0.0, 0.05, 0.0, 0.0, 1.0, 0.0, 0.0, 0.0, 0.0, 1.0],
                [1.0, 0.0, 0.0, 0.0, 0.0, 1.0, 0.0, 0.05, 0.0, 0.0, 1.0, 0.0, 0.0, 0.0, 0.0, 1.0],
                [1.0, 0.0, 0.0, -0.0, 0.0, 1.0, 0.0, 0.05, 0.0, 0.0, 1.0, 0.0, 0.0, 0.0, 0.0, 1.0],
                [1.0, 0.0, 0.0, 0.0, 0.0, 1.0, 0.0, 0.05, 0.0, 0.0, 1.0, -0.0, 0.0, 0.0, 0.0, 1.0],
                [1.0, 0.0, 0.0, 0.0, 0.0, 1.0, 0.0, 0.05, 0.0, 0.0, 1.0, -0.0, 0.0, 0.0, 0.0, 1.0],
                [1.0, 0.0, 0.0, -0.0, 0.0, 1.0, 0.0, 0.05, 0.0, 0.0, 1.0, -0.0, 0.0, 0.0, 0.0, 1.0],
                [1.0, 0.0, 0.0, 0.0, 0.0, 1.0, 0.0, 0.05, 0.0, 0.0, 1.0, -0.0, 0.0, 0.0, 0.0, 1.0],
                [1.0, 0.0, 0.0, 0.0, 0.0, 1.0, 0.0, 0.05, 0.0, 0.0, 1.0, -0.0, 0.0, 0.0, 0.0, 1.0],
                [1.0, 0.0, -0.0, -0.0, 0.0, 1.0, 0.0, 0.05, 0.0, 0.0, 1.0, 0.0, 0.0, 0.0, 0.0, 1.0],
                [1.0, 0.0, 0.0, -0.0, 0.0, 1.0, 0.0, 0.05, 0.0, 0.0, 1.0, 0.0, 0.0, 0.0, 0.0, 1.0],
                [1.0, 0.0, 0.0, 0.0, 0.0, 1.0, 0.0, 0.05, 0.0, 0.0, 1.0, 0.0, 0.0, 0.0, 0.0, 1.0],
                [1.0, 0.0, 0.0, 0.0, 0.0, 1.0, 0.0, 0.05, 0.0, 0.0, 1.0, -0.0, 0.0, 0.0, 0.0, 1.0],
                [1.0, 0.0, 0.0, 0.0, 0.0, 1.0, 0.0, 0.05, 0.0, 0.0, 1.0, -0.0, 0.0, 0.0, 0.0, 1.0],
                [1.0, 0.0, 0.0, 0.0, 0.0, 1.0, 0.0, 0.05, 0.0, 0.0, 1.0, -0.0, 0.0, 0.0, 0.0, 1.0],
                [1.0, 0.0, 0.0, 0.0, 0.0, 1.0, 0.0, 0.05, 0.0, 0.0, 1.0, -0.0, 0.0, 0.0, 0.0, 1.0],
                [1.0, 0.0, 0.0, 0.0, 0.0, 1.0, 0.0, 0.05, 0.0, 0.0, 1.0, 0.0, 0.0, 0.0, 0.0, 1.0],
                [1.0, 0.0, 0.0, 0.0, 0.0, 1.0, 0.0, 0.05, 0.0, 0.0, 1.0, 0.0, 0.0, 0.0, 0.0, 1.0],
                [1.0, 0.0, 0.0, 0.0, 0.0, 1.0, 0.0, 0.05, 0.0, 0.0, 1.0, 0.0, 0.0, 0.0, 0.0, 1.0]
            ]
        },
        {
            "name": "Chest",
            "time": [0.0, 0.0167, 0.0333, 0.05, 0.0667, 0.0833, 0.1, 0.1167, 0.1333, 0.15, 0.1667, 0.1833, 0.2, 0.2167, 0.2333, 0.25, 0.2667, 0.2833, 0.3, 0.3167, 0.3333, 0.35, 0.3667, 0.3833, 0.4, 0.4167, 0.4333, 0.45, 0.4667, 0.4833, 0.5, 0.5167, 0.5333, 0.55, 0.5667],
            "transform": [
                [0.993376, -0.092622, 0.068009, 0.0, 0.059418, 0.920622, 0.385907, 0.3, -0.098354, -0.37931, 0.920027, -0.0, 0.0, 0.0, 0.0, 1.0],
                [0.993376, -0.092622, 0.068009, -0.0, 0.059418, 0.920622, 0.385907, 0.3, -0.098354, -0.37931, 0.920027, 0.0, 0.0, 0.0, 0.0, 1.0],
                [0.993376, -0.092622, 0.068009, 0.0, 0.059418, 0.920622, 0.385907, 0.3, -0.098354, -0.37931, 0.920027, -0.0, 0.0, 0.0, 0.0, 1.0],
                [0.993376, -0.092622, 0.068009, 0.0, 0.059418, 0.920622, 0.385908, 0.3, -0.098354, -0.37931, 0.920027, 0.0, 0.0, 0.0, 0.0, 1.0],
                [0.993376, -0.092622, 0.068009, 0.0, 0.059418, 0.920622, 0.385907, 0.3, -0.098354, -0.37931, 0.920027, -0.0, 0.0, 0.0, 0.0, 1.0],
                [0.993376, -0.092622, 0.068009, -0.0, 0.059418, 0.920622, 0.385907, 0.3, -0.098354, -0.37931, 0.920027, -0.0, 0.0, 0.0, 0.0, 1.0],
                [0.993376, -0.092622, 0.068009, 0.0, 0.059418, 0.920622, 0.385907, 0.3, -0.098354, -0.37931, 0.920027, -0.0, 0.0, 0.0, 0.0, 1.0],
                [0.993376, -0.092622, 0.068009, -0.0, 0.059418, 0.920622, 0.385907, 0.3, -0.098354, -0.37931, 0.920027, 0.0, 0.0, 0.0, 0.0, 1.0],
                [0.993376, -0.092622, 0.068009, 0.0, 0.059418, 0.920622, 0.385907, 0.3, -0.098354, -0.37931, 0.920027, 0.0, 0.0, 0.0, 0.0, 1.0],
                [0.993376, -0.092622, 0.068009, 0.0, 0.059418, 0.920622, 0.385907, 0.3, -0.098354, -0.37931, 0.920027, 0.0, 0.0, 0.0, 0.0, 1.0],
                [0.993376, -0.092622, 0.068009, 0.0, 0.059418, 0.920622, 0.385907, 0.3, -0.098354, -0.37931, 0.920027, 0.0, 0.0, 0.0, 0.0, 1.0],
                [0.993376, -0.092622, 0.068009, 0.0, 0.059418, 0.920622, 0.385907, 0.3, -0.098354, -0.37931, 0.920027, -0.0, 0.0, 0.0, 0.0, 1.0],
                [0.993376, -0.092622, 0.068009, -0.0, 0.059418, 0.920622, 0.385907, 0.3, -0.098354, -0.37931, 0.920027, -0.0, 0.0, 0.0, 0.0, 1.0],
                [0.993376, -0.092622, 0.068009, 0.0, 0.059418, 0.920622, 0.385907, 0.3, -0.098353, -0.37931, 0.920027, 0.0, 0.0, 0.0, 0.0, 1.0],
                [0.993376, -0.092622, 0.068009, 0.0, 0.059418, 0.920622, 0.385907, 0.3, -0.098354, -0.37931, 0.920027, -0.0, 0.0, 0.0, 0.0, 1.0],
                [0.993376, -0.092622, 0.068009, 0.0, 0.059418, 0.920622, 0.385907, 0.3, -0.098354, -0.37931, 0.920027, -0.0, 0.0, 0.0, 0.0, 1.0],
                [0.993376, -0.092622, 0.068009, -0.0, 0.059418, 0.920622, 0.385907, 0.3, -0.098354, -0.37931, 0.920027, 0.0, 0.0, 0.0, 0.0, 1.0],
                [0.993376, -0.092622, 0.068009, -0.0, 0.059418, 0.920622, 0.385907, 0.3, -0.098354, -0.37931, 0.920027, 0.0, 0.0, 0.0, 0.0, 1.0],
                [0.993376, -0.092622, 0.068009, 0.0, 0.059418, 0.920622, 0.385907, 0.3, -0.098354, -0.37931, 0.920027, 0.0, 0.0, 0.0, 0.0, 1.0],
                [0.993376, -0.092622, 0.068009, -0.0, 0.059418, 0.920622, 0.385907, 0.3, -0.098354, -0.37931, 0.920027, 0.0, 0.0, 0.0, 0.0, 1.0],
                [0.993376, -0.092622, 0.068009, 0.0, 0.059418, 0.920622, 0.385907, 0.3, -0.098354, -0.37931, 0.920027, 0.0, 0.0, 0.0, 0.0, 1.0],
                [0.993376, -0.092622, 0.068009, 0.0, 0.059418, 0.920622, 0.385907, 0.3, -0.098354, -0.37931, 0.920027, 0.0, 0.0, 0.0, 0.0, 1.0],
                [0.993376, -0.092622, 0.068009, 0.0, 0.059418, 0.920622, 0.385907, 0.3, -0.098354, -0.37931, 0.920027, -0.0, 0.0, 0.0, 0.0, 1.0],
                [0.993376, -0.092622, 0.068009, 0.0, 0.059418, 0.920622, 0.385907, 0.3, -0.098354, -0.37931, 0.920027, -0.0, 0.0, 0.0, 0.0, 1.0],
                [0.993766, -0.092642, 0.06202, 0.0, 0.059109, 0.90951, 0.411458, 0.3, -0.094526, -0.405227, 0.909316, -0.0, 0.0, 0.0, 0.0, 1.0],
                [0.994496, -0.093324, 0.047618, -0.0, 0.060023, 0.880018, 0.471132, 0.3, -0.085872, -0.465681, 0.880776, 0.0, 0.0, 0.0, 0.0, 1.0],
                [0.994949, -0.09584, 0.029863, 0.0, 0.06461, 0.839058, 0.540192, 0.3, -0.076829, -0.535534, 0.841011, 0.0, 0.0, 0.0, 0.0, 1.0],
                [0.994633, -0.102622, 0.013189, -0.0, 0.074419, 0.798117, 0.597889, 0.3, -0.071883, -0.593698, 0.801471, -0.0, 0.0, 0.0, 0.0, 1.0],
                [0.993044, -0.11773, 0.001662, 0.0, 0.090576, 0.772872, 0.628064, 0.3, -0.075226, -0.623545, 0.77816, 0.0, 0.0, 0.0, 0.0, 1.0],
                [0.932467, -0.290899, 0.214205, 0.0, 0.094997, 0.769527, 0.631509, 0.3, -0.348542, -0.568512, 0.745193, 0.0, 0.0, 0.0, 0.0, 1.0],
                [0.803406, -0.429382, 0.412518, 0.0, 0.090576, 0.772872, 0.628064, 0.3, -0.588503, -0.467226, 0.659821, 0.0, 0.0, 0.0, 0.0, 1.0],
                [0.803406, -0.429382, 0.412518, -0.0, 0.090576, 0.772872, 0.628064, 0.3, -0.588503, -0.467226, 0.659821, -0.0, 0.0, 0.0, 0.0, 1.0],
                [0.803406, -0.429382, 0.412518, 0.0, 0.090576, 0.772872, 0.628064, 0.3, -0.588503, -0.467226, 0.659822, 0.0, 0.0, 0.0, 0.0, 1.0],
                [0.803406, -0.429382, 0.412518, 0.0, 0.090576, 0.772872, 0.628064, 0.3, -0.588503, -0.467226, 0.659821, -0.0, 0.0, 0.0, 0.0, 1.0],
                [0.803406, -0.429382, 0.412518, 0.0, 0.090576, 0.772872, 0.628064, 0.3, -0.588503, -0.467226, 0.659821, 0.0, 0.0, 0.0, 0.0, 1.0]
            ]
        },
        {
            "name": "Head",
            "time": [0.0, 0.0167, 0.0333, 0.05, 0.0667, 0.0833, 0.1, 0.1167, 0.1333, 0.15, 0.1667, 0.1833, 0.2, 0.2167, 0.2333, 0.25, 0.2667, 0.2833, 0.3, 0.3167, 0.3333, 0.35, 0.3667, 0.3833, 0.4, 0.4167, 0.4333, 0.45, 0.4667, 0.4833, 0.5, 0.5167, 0.5333, 0.55, 0.5667],
            "transform": [
                [0.994551, -0.030589, -0.099664, 0.0, -0.002137, 0.949804, -0.312837, 0.4, 0.104231, 0.311346, 0.944563, -0.0, 0.0, 0.0, 0.0, 1.0],
                [0.994551, -0.030589, -0.099664, 0.0, -0.002137, 0.949804, -0.312837, 0.4, 0.104231, 0.311346, 0.944563, 0.0, 0.0, 0.0, 0.0, 1.0],
                [0.994551, -0.030589, -0.099664, 0.0, -0.002137, 0.949804, -0.312837, 0.4, 0.104231, 0.311346, 0.944563, 0.0, 0.0, 0.0, 0.0, 1.0],
                [0.994551, -0.030589, -0.099664, 0.0, -0.002137, 0.949804, -0.312837, 0.4, 0.104231, 0.311346, 0.944563, -0.0, 0.0, 0.0, 0.0, 1.0],
                [0.994551, -0.030589, -0.099664, -0.0, -0.002137, 0.949804, -0.312837, 0.4, 0.104231, 0.311346, 0.944563, -0.0, 0.0, 0.0, 0.0, 1.0],
                [0.994551, -0.030589, -0.099664, 0.0, -0.002137, 0.949804, -0.312837, 0.4, 0.104231, 0.311346, 0.944563, 0.0, 0.0, 0.0, 0.0, 1.0],
                [0.994551, -0.030589, -0.099664, -0.0, -0.002137, 0.949804, -0.312837, 0.4, 0.104231, 0.311346, 0.944563, -0.0, 0.0, 0.0, 0.0, 1.0],
                [0.994551, -0.030589, -0.099664, 0.0, -0.002137, 0.949804, -0.312837, 0.4, 0.104231, 0.311346, 0.944563, -0.0, 0.0, 0.0, 0.0, 1.0],
                [0.994551, -0.030589, -0.099664, 0.0, -0.002137, 0.949804, -0.312837, 0.4, 0.104231, 0.311346, 0.944563, 0.0, 0.0, 0.0, 0.0, 1.0],
                [0.994551, -0.030589, -0.099664, 0.0, -0.002137, 0.949804, -0.312837, 0.4, 0.104231, 0.311346, 0.944563, 0.0, 0.0, 0.0, 0.0, 1.0],
                [0.994551, -0.030589, -0.099664, 0.0, -0.002137, 0.949804, -0.312837, 0.4, 0.104231, 0.311346, 0.944563, 0.0, 0.0, 0.0, 0.0, 1.0],
                [0.994551, -0.030589, -0.099664, 0.0, -0.002137, 0.949804, -0.312837, 0.4, 0.104231, 0.311346, 0.944563, -0.0, 0.0, 0.0, 0.0, 1.0],
                [0.994551, -0.030589, -0.099664, 0.0, -0.002137, 0.949804, -0.312837, 0.4, 0.104231, 0.311346, 0.944563, 0.0, 0.0, 0.0, 0.0, 1.0],
                [0.994551, -0.030589, -0.099664, 0.0, -0.002137, 0.949804, -0.312837, 0.4, 0.104231, 0.311346, 0.944563, -0.0, 0.0, 0.0, 0.0, 1.0],
                [0.994551, -0.030589, -0.099664, -0.0, -0.002137, 0.949804, -0.312837, 0.4, 0.104231, 0.311346, 0.944563, 0.0, 0.0, 0.0, 0.0, 1.0],
