{
    "animation": [
        {
            "name": "Root",
            "time": [0.0, 0.0167, 0.0333, 0.05, 0.0667, 0.0833, 0.1, 0.1167, 0.1333, 0.15, 0.1667, 0.1833, 0.2, 0.2167, 0.2333, 0.25, 0.2667, 0.2833, 0.3, 0.3167, 0.3333, 0.35, 0.3667, 0.3833, 0.4, 0.4167, 0.4333, 0.45, 0.4667, 0.4833, 0.5, 0.5167, 0.5333, 0.55, 0.5667, 0.5833, 0.6, 0.6167, 0.6333, 0.65, 0.6667, 0.6833, 0.7, 0.7167, 0.7333, 0.75, 0.7667, 0.7833, 0.8, 0.8167, 0.8333, 0.85, 0.8667, 0.8833, 0.9, 0.9167, 0.9333, 0.95, 0.9667, 0.9833, 1.0, 1.0167, 1.0333, 1.05, 1.0667, 1.0833, 1.1, 1.1167, 1.1333, 1.15, 1.1667, 1.1833, 1.2, 1.2167, 1.2333, 1.25, 1.2667, 1.2833, 1.3, 1.3167, 1.3333, 1.35, 1.3667, 1.3833, 1.4, 1.4167, 1.4333, 1.45, 1.4667, 1.4833, 1.5, 1.5167, 1.5333, 1.55, 1.5667, 1.5833, 1.6, 1.6167],
            "transform": [
                [0.902958, 0.0, -0.429728, -5e-06, -0.429728, 0.0, -0.902958, 0.000946, 0.0, 1.0, 0.0, 0.499545, 0.0, 0.0, 0.0, 1.0],
                [0.902958, 0.0, -0.429728, -5e-06, -0.429728, 0.0, -0.902958, 0.000946, 0.0, 1.0, 0.0, 0.499063, 0.0, 0.0, 0.0, 1.0],
                [0.902958, 0.0, -0.429728, -5e-06, -0.429728, 0.0, -0.902958, 0.000946, 0.0, 1.0, 0.0, 0.497857, 0.0, 0.0, 0.0, 1.0],
                [0.902958, 0.0, -0.429728, -5e-06, -0.429728, 0.0, -0.902958, 0.000946, 0.0, 1.0, 0.0, 0.49629, 0.0, 0.0, 0.0, 1.0],
                [0.902958, 0.0, -0.429728, -5e-06, -0.429728, 0.0, -0.902958, 0.000946, 0.0, 1.0, 0.0, 0.494723, 0.0, 0.0, 0.0, 1.0],
                [0.902958, 0.0, -0.429728, -5e-06, -0.429728, 0.0, -0.902958, 0.000946, 0.0, 1.0, 0.0, 0.493517, 0.0, 0.0, 0.0, 1.0],
                [0.902958, 0.0, -0.429728, -5e-06, -0.429728, 0.0, -0.902958, 0.000946, 0.0, 1.0, 0.0, 0.493035, 0.0, 0.0, 0.0, 1.0],
                [0.942174, 0.0, -0.335124, 0.021598, -0.335124, 0.0, -0.942174, -0.020345, 0.0, 1.0, 0.0, 0.493035, 0.0, 0.0, 0.0, 1.0],
                [0.996482, 0.0, -0.083806, 0.061718, -0.083806, 0.0, -0.996482, -0.059885, 0.0, 1.0, 0.0, 0.493035, 0.0, 0.0, 0.0, 1.0],
                [0.9695, 0.0, 0.245091, 0.083321, 0.245091, 0.0, -0.9695, -0.081176, 0.0, 1.0, 0.0, 0.493035, 0.0, 0.0, 0.0, 1.0],
                [0.830182, 0.0, 0.557492, 0.048192, 0.557492, 0.0, -0.830182, -0.070268, 0.0, 1.0, 0.0, 0.487728, 0.0, 0.0, 0.0, 1.0],
                [0.590343, 0.0, 0.807153, -0.017048, 0.807153, 0.0, -0.590343, -0.046979, 0.0, 1.0, 0.0, 0.477871, 0.0, 0.0, 0.0, 1.0],
                [0.322505, 0.0, 0.946568, -0.052178, 0.946568, 0.0, -0.322505, -0.025459, 0.0, 1.0, 0.0, 0.472563, 0.0, 0.0, 0.0, 1.0],
                [0.124564, 0.0, 0.992211, -0.044014, 0.992211, 0.0, -0.124564, -0.014218, 0.0, 1.0, 0.0, 0.472563, 0.0, 0.0, 0.0, 1.0],
                [-0.034583, 0.0, 0.999402, -0.022702, 0.999402, 0.0, 0.034583, 0.000791, 0.0, 1.0, 0.0, 0.472563, 0.0, 0.0, 0.0, 1.0],
                [-0.243996, 0.0, 0.969776, 0.00699, 0.969776, 0.0, 0.243996, 0.039256, 0.0, 1.0, 0.0, 0.472563, 0.0, 0.0, 0.0, 1.0],
                [-0.59535, 0.0, 0.803467, 0.040292, 0.803467, 0.0, 0.59535, 0.120863, 0.0, 1.0, 0.0, 0.472563, 0.0, 0.0, 0.0, 1.0],
                [-0.982892, 0.0, 0.184186, 0.074466, 0.184186, 0.0, 0.982892, 0.529734, 0.0, 1.0, 0.0, 0.472563, 0.0, 0.0, 0.0, 1.0],
                [-0.889324, 0.0, -0.457279, 0.114897, -0.457279, 0.0, 0.889324, 0.965074, 0.0, 1.0, 0.0, 0.472563, 0.0, 0.0, 0.0, 1.0],
                [-0.77026, 0.0, -0.637729, 0.147863, -0.637729, 0.0, 0.77026, 1.019301, 0.0, 1.0, 0.0, 0.472563, 0.0, 0.0, 0.0, 1.0],
                [-0.439081, 0.005534, -0.898431, 0.030204, -0.898446, -0.000898, 0.439083, 1.061232, 0.001623, 0.999984, 0.005367, 0.472775, 0.0, 0.0, 0.0, 1.0],
                [0.157186, 0.015718, -0.987444, -0.188306, -0.987569, 0.0023, -0.157169, 1.135253, -0.000199, 0.999874, 0.015884, 0.474255, 0.0, 0.0, 0.0, 1.0],
                [0.634044, 0.019133, -0.77306, -0.305965, -0.773276, 0.008311, -0.634015, 1.210739, -0.005706, 0.999782, 0.020064, 0.478271, 0.0, 0.0, 0.0, 1.0],
                [0.880723, 0.012735, -0.47346, -0.249722, -0.473579, 0.008808, -0.880707, 1.264383, -0.007045, 0.99988, 0.013788, 0.496289, 0.0, 0.0, 0.0, 1.0],
                [0.989365, 0.003873, -0.1454, -0.132997, -0.145415, 0.003822, -0.989363, 1.302137, -0.003276, 0.999985, 0.004345, 0.523771, 0.0, 0.0, 0.0, 1.0],
                [0.978538, 0.0, 0.206066, -0.033796, 0.206066, -0.0, -0.978538, 1.33727, -0.0, 1.0, -0.0, 0.537983, 0.0, 0.0, 0.0, 1.0],
                [0.814746, 0.0, 0.579818, -0.012317, 0.579818, -0.0, -0.814746, 1.397595, -0.0, 1.0, -0.0, 0.516232, 0.0, 0.0, 0.0, 1.0],
                [0.478595, 0.0, 0.878036, 0.009163, 0.878036, 0.0, -0.478595, 1.45792, -0.0, 1.0, -0.0, 0.49448, 0.0, 0.0, 0.0, 1.0],
                [0.045801, 0.0, 0.998951, 0.030642, 0.998951, 0.0, -0.045801, 1.518246, -0.0, 1.0, -0.0, 0.472729, 0.0, 0.0, 0.0, 1.0],
                [-0.357076, -0.0, 0.934076, 0.052121, 0.934076, -0.0, 0.357076, 1.578571, 0.0, 1.0, 0.0, 0.450978, 0.0, 0.0, 0.0, 1.0],
                [-0.708658, -0.0, 0.705553, -0.000333, 0.705553, -0.0, 0.708658, 1.665466, 0.0, 1.0, 0.0, 0.450978, 0.0, 0.0, 0.0, 1.0],
                [-0.942668, 0.0, 0.333733, -0.052788, 0.333733, 0.0, 0.942668, 1.752361, 0.0, 1.0, 0.0, 0.450978, 0.0, 0.0, 0.0, 1.0],
                [-0.996624, 0.0, -0.082104, -0.105242, -0.082104, 0.0, 0.996624, 1.839255, 0.0, 1.0, 0.0, 0.450978, 0.0, 0.0, 0.0, 1.0],
                [-0.851909, 0.0, -0.52369, -0.082291, -0.52369, 0.0, 0.851909, 1.921517, 0.0, 1.0, 0.0, 0.466332, 0.0, 0.0, 0.0, 1.0],
                [-0.464302, 0.0, -0.885677, -0.059339, -0.885677, 0.0, 0.464302, 2.003779, 0.0, 1.0, 0.0, 0.481686, 0.0, 0.0, 0.0, 1.0],
                [0.0539, 0.0, -0.998546, -0.036388, -0.998546, 0.0, -0.0539, 2.08604, 0.0, 1.0, 0.0, 0.497039, 0.0, 0.0, 0.0, 1.0],
                [0.4994, 0.0, -0.866372, -0.013437, -0.866372, 0.0, -0.4994, 2.168302, 0.0, 1.0, 0.0, 0.512393, 0.0, 0.0, 0.0, 1.0],
                [0.811539, 0.0, -0.584298, 0.057124, -0.584298, 0.0, -0.811539, 2.293957, 0.0, 1.0, 0.0, 0.496261, 0.0, 0.0, 0.0, 1.0],
                [0.983944, 0.0, -0.178475, 0.127686, -0.178475, 0.0, -0.983944, 2.419612, 0.0, 1.0, 0.0, 0.48013, 0.0, 0.0, 0.0, 1.0],
                [0.970273, 0.0, 0.242011, 0.198247, 0.242011, 0.0, -0.970273, 2.545268, 0.0, 1.0, 0.0, 0.463998, 0.0, 0.0, 0.0, 1.0],
                [0.78516, 0.0, 0.619293, 0.166915, 0.619293, 0.0, -0.78516, 2.56629, 0.0, 1.0, 0.0, 0.450814, 0.0, 0.0, 0.0, 1.0],
                [0.442981, 0.0, 0.896531, 0.135584, 0.896531, 0.0, -0.442981, 2.587313, 0.0, 1.0, 0.0, 0.43763, 0.0, 0.0, 0.0, 1.0],
                [0.035511, 0.0, 0.999369, 0.104253, 0.999369, 0.0, -0.035511, 2.608336, 0.0, 1.0, 0.0, 0.424446, 0.0, 0.0, 0.0, 1.0],
                [0.035511, 0.0, 0.999369, 0.104253, 0.999369, 0.0, -0.035511, 2.608336, 0.0, 1.0, 0.0, 0.424446, 0.0, 0.0, 0.0, 1.0],
                [0.035511, 0.0, 0.999369, 0.104253, 0.999369, 0.0, -0.035511, 2.608336, 0.0, 1.0, 0.0, 0.424446, 0.0, 0.0, 0.0, 1.0],
                [0.035511, 0.0, 0.999369, 0.104253, 0.999369, 0.0, -0.035511, 2.608336, 0.0, 1.0, 0.0, 0.424446, 0.0, 0.0, 0.0, 1.0],
                [0.035511, 0.0, 0.999369, 0.104253, 0.999369, 0.0, -0.035511, 2.608336, 0.0, 1.0, 0.0, 0.424446, 0.0, 0.0, 0.0, 1.0],
                [0.035511, 0.0, 0.999369, 0.104253, 0.999369, 0.0, -0.035511, 2.608336, 0.0, 1.0, 0.0, 0.424446, 0.0, 0.0, 0.0, 1.0],
                [0.035511, 0.0, 0.999369, 0.104253, 0.999369, 0.0, -0.035511, 2.608336, 0.0, 1.0, 0.0, 0.424446, 0.0, 0.0, 0.0, 1.0],
                [0.035511, 0.0, 0.999369, 0.104253, 0.999369, 0.0, -0.035511, 2.608336, 0.0, 1.0, 0.0, 0.424446, 0.0, 0.0, 0.0, 1.0],
                [0.035511, 0.0, 0.999369, 0.104253, 0.999369, 0.0, -0.035511, 2.608336, 0.0, 1.0, 0.0, 0.424446, 0.0, 0.0, 0.0, 1.0],
                [0.035511, 0.0, 0.999369, 0.104253, 0.999369, 0.0, -0.035511, 2.608336, 0.0, 1.0, 0.0, 0.424446, 0.0, 0.0, 0.0, 1.0],
                [0.035511, 0.0, 0.999369, 0.104253, 0.999369, 0.0, -0.035511, 2.608336, 0.0, 1.0, 0.0, 0.424446, 0.0, 0.0, 0.0, 1.0],
                [0.035511, 0.0, 0.999369, 0.104253, 0.999369, 0.0, -0.035511, 2.608336, 0.0, 1.0, 0.0, 0.424446, 0.0, 0.0, 0.0, 1.0],
                [0.035511, 0.0, 0.999369, 0.104253, 0.999369, 0.0, -0.035511, 2.608336, 0.0, 1.0, 0.0, 0.424446, 0.0, 0.0, 0.0, 1.0],
                [0.035511, 0.0, 0.999369, 0.104253, 0.999369, 0.0, -0.035511, 2.608336, 0.0, 1.0, 0.0, 0.424446, 0.0, 0.0, 0.0, 1.0],
                [0.035511, 0.0, 0.999369, 0.104253, 0.999369, 0.0, -0.035511, 2.608336, 0.0, 1.0, 0.0, 0.424446, 0.0, 0.0, 0.0, 1.0],
                [0.035511, 0.0, 0.999369, 0.104253, 0.999369, 0.0, -0.035511, 2.608336, 0.0, 1.0, 0.0, 0.424446, 0.0, 0.0, 0.0, 1.0],
                [0.035511, 0.0, 0.999369, 0.104253, 0.999369, 0.0, -0.035511, 2.608336, 0.0, 1.0, 0.0, 0.424446, 0.0, 0.0, 0.0, 1.0],
                [0.035511, 0.0, 0.999369, 0.104253, 0.999369, 0.0, -0.035511, 2.608336, 0.0, 1.0, 0.0, 0.424446, 0.0, 0.0, 0.0, 1.0],
                [0.035511, 0.0, 0.999369, 0.104253, 0.999369, 0.0, -0.035511, 2.608336, 0.0, 1.0, 0.0, 0.424446, 0.0, 0.0, 0.0, 1.0],
                [0.035511, 0.0, 0.999369, 0.104253, 0.999369, 0.0, -0.035511, 2.608336, 0.0, 1.0, 0.0, 0.424446, 0.0, 0.0, 0.0, 1.0],
                [0.035511, 0.0, 0.999369, 0.104253, 0.999369, 0.0, -0.035511, 2.608336, 0.0, 1.0, 0.0, 0.424446, 0.0, 0.0, 0.0, 1.0],
                [0.082903, 0.0, 0.996558, 0.100197, 0.996558, 0.0, -0.082903, 2.611995, 0.0, 1.0, 0.0, 0.430897, 0.0, 0.0, 0.0, 1.0],
                [0.131236, 0.0, 0.991351, 0.096141, 0.991351, 0.0, -0.131236, 2.615654, 0.0, 1.0, 0.0, 0.437348, 0.0, 0.0, 0.0, 1.0],
                [0.18036, 0.0, 0.983601, 0.092086, 0.983601, 0.0, -0.18036, 2.619313, 0.0, 1.0, 0.0, 0.443798, 0.0, 0.0, 0.0, 1.0],
                [0.230102, 0.0, 0.973167, 0.08803, 0.973167, 0.0, -0.230102, 2.622972, 0.0, 1.0, 0.0, 0.450249, 0.0, 0.0, 0.0, 1.0],
                [0.280271, 0.0, 0.959921, 0.083975, 0.959921, 0.0, -0.280271, 2.626632, 0.0, 1.0, 0.0, 0.456699, 0.0, 0.0, 0.0, 1.0],
                [0.330652, 0.0, 0.943753, 0.079919, 0.943753, 0.0, -0.330652, 2.630291, 0.0, 1.0, 0.0, 0.46315, 0.0, 0.0, 0.0, 1.0],
                [0.381012, 0.0, 0.92457, 0.075863, 0.92457, 0.0, -0.381012, 2.63395, 0.0, 1.0, 0.0, 0.4696, 0.0, 0.0, 0.0, 1.0],
                [0.431102, 0.0, 0.902303, 0.071808, 0.902303, 0.0, -0.431102, 2.637609, 0.0, 1.0, 0.0, 0.476051, 0.0, 0.0, 0.0, 1.0],
                [0.480656, 0.0, 0.876909, 0.067752, 0.876909, 0.0, -0.480656, 2.641268, 0.0, 1.0, 0.0, 0.482502, 0.0, 0.0, 0.0, 1.0],
                [0.529397, 0.0, 0.848374, 0.063696, 0.848374, 0.0, -0.529397, 2.644927, 0.0, 1.0, 0.0, 0.488952, 0.0, 0.0, 0.0, 1.0],
                [0.57704, 0.0, 0.816716, 0.059641, 0.816716, 0.0, -0.57704, 2.648587, 0.0, 1.0, 0.0, 0.495403, 0.0, 0.0, 0.0, 1.0],
                [0.623298, 0.0, 0.781985, 0.055585, 0.781985, 0.0, -0.623298, 2.652246, 0.0, 1.0, 0.0, 0.501853, 0.0, 0.0, 0.0, 1.0],
                [0.667882, 0.0, 0.744267, 0.051529, 0.744267, 0.0, -0.667882, 2.655905, 0.0, 1.0, 0.0, 0.508304, 0.0, 0.0, 0.0, 1.0],
                [0.710514, 0.0, 0.703683, 0.047474, 0.703683, 0.0, -0.710514, 2.659564, 0.0, 1.0, 0.0, 0.514755, 0.0, 0.0, 0.0, 1.0],
                [0.750925, 0.0, 0.660387, 0.043418, 0.660387, 0.0, -0.750925, 2.663223, 0.0, 1.0, 0.0, 0.521205, 0.0, 0.0, 0.0, 1.0],
                [0.788864, 0.0, 0.614567, 0.039362, 0.614567, 0.0, -0.788864, 2.666882, 0.0, 1.0, 0.0, 0.527656, 0.0, 0.0, 0.0, 1.0],
                [0.824101, 0.0, 0.566442, 0.035307, 0.566442, 0.0, -0.824101, 2.670541, 0.0, 1.0, 0.0, 0.534106, 0.0, 0.0, 0.0, 1.0],
                [0.856434, 0.0, 0.516256, 0.031251, 0.516256, 0.0, -0.856434, 2.6742, 0.0, 1.0, 0.0, 0.540557, 0.0, 0.0, 0.0, 1.0],
                [0.88569, 0.0, 0.464278, 0.027195, 0.464278, 0.0, -0.88569, 2.67786, 0.0, 1.0, 0.0, 0.547008, 0.0, 0.0, 0.0, 1.0],
                [0.911729, 0.0, 0.410792, 0.02314, 0.410792, 0.0, -0.911729, 2.681519, 0.0, 1.0, 0.0, 0.553458, 0.0, 0.0, 0.0, 1.0],
                [0.934449, 0.0, 0.356098, 0.019084, 0.356098, 0.0, -0.934449, 2.685178, 0.0, 1.0, 0.0, 0.559909, 0.0, 0.0, 0.0, 1.0],
                [0.953781, 0.0, 0.300503, 0.015029, 0.300503, 0.0, -0.953781, 2.688837, 0.0, 1.0, 0.0, 0.566359, 0.0, 0.0, 0.0, 1.0],
                [0.969696, 0.0, 0.244315, 0.010973, 0.244315, 0.0, -0.969696, 2.692496, 0.0, 1.0, 0.0, 0.57281, 0.0, 0.0, 0.0, 1.0],
                [0.9822, 0.0, 0.187838, 0.006917, 0.187838, 0.0, -0.9822, 2.696155, 0.0, 1.0, 0.0, 0.57926, 0.0, 0.0, 0.0, 1.0],
                [0.991334, 0.0, 0.131369, 0.002862, 0.131369, 0.0, -0.991334, 2.699814, 0.0, 1.0, 0.0, 0.585711, 0.0, 0.0, 0.0, 1.0],
                [0.997169, 0.0, 0.075192, -0.001194, 0.075192, 0.0, -0.997169, 2.703473, 0.0, 1.0, 0.0, 0.592162, 0.0, 0.0, 0.0, 1.0],
                [0.999808, 0.0, 0.019573, -0.00525, 0.019573, 0.0, -0.999808, 2.707133, 0.0, 1.0, 0.0, 0.598612, 0.0, 0.0, 0.0, 1.0],
                [0.999379, 0.0, -0.035242, -0.009305, -0.035242, 0.0, -0.999379, 2.710792, 0.0, 1.0, 0.0, 0.605063, 0.0, 0.0, 0.0, 1.0],
                [0.996029, 0.0, -0.089028, -0.013361, -0.089028, 0.0, -0.996029, 2.714451, 0.0, 1.0, 0.0, 0.611513, 0.0, 0.0, 0.0, 1.0],
                [0.989926, 0.0, -0.141587, -0.017417, -0.141587, 0.0, -0.989926, 2.71811, 0.0, 1.0, 0.0, 0.617964, 0.0, 0.0, 0.0, 1.0],
                [0.981249, 0.0, -0.192744, -0.021472, -0.192744, 0.0, -0.981249, 2.721769, 0.0, 1.0, 0.0, 0.624415, 0.0, 0.0, 0.0, 1.0],
                [0.970189, 0.0, -0.242351, -0.025528, -0.242351, 0.0, -0.970189, 2.725428, 0.0, 1.0, 0.0, 0.630865, 0.0, 0.0, 0.0, 1.0],
                [0.95694, 0.0, -0.290284, -0.029584, -0.290284, 0.0, -0.95694, 2.729087, 0.0, 1.0, 0.0, 0.637316, 0.0, 0.0, 0.0, 1.0],
                [0.941702, 0.0, -0.336447, -0.033639, -0.336447, 0.0, -0.941702, 2.732747, 0.0, 1.0, 0.0, 0.643766, 0.0, 0.0, 0.0, 1.0],
                [0.924672, 0.0, -0.380764, -0.037695, -0.380764, 0.0, -0.924672, 2.736406, 0.0, 1.0, 0.0, 0.650217, 0.0, 0.0, 0.0, 1.0]
            ]
        },
        {
            "name": "Thigh_R",
            "time": [0.0, 0.0167, 0.0333, 0.05, 0.0667, 0.0833, 0.1, 0.1167, 0.1333, 0.15, 0.1667, 0.1833, 0.2, 0.2167, 0.2333, 0.25, 0.2667, 0.2833, 0.3, 0.3167, 0.3333, 0.35, 0.3667, 0.3833, 0.4, 0.4167, 0.4333, 0.45, 0.4667, 0.4833, 0.5, 0.5167, 0.5333, 0.55, 0.5667, 0.5833, 0.6, 0.6167, 0.6333, 0.65, 0.6667, 0.6833, 0.7, 0.7167, 0.7333, 0.75, 0.7667, 0.7833, 0.8, 0.8167, 0.8333, 0.85, 0.8667, 0.8833, 0.9, 0.9167, 0.9333, 0.95, 0.9667, 0.9833, 1.0, 1.0167, 1.0333, 1.05, 1.0667, 1.0833, 1.1, 1.1167, 1.1333, 1.15, 1.1667, 1.1833, 1.2, 1.2167, 1.2333, 1.25, 1.2667, 1.2833, 1.3, 1.3167, 1.3333, 1.35, 1.3667, 1.3833, 1.4, 1.4167, 1.4333, 1.45, 1.4667, 1.4833, 1.5, 1.5167, 1.5333, 1.55, 1.5667, 1.5833, 1.6, 1.6167],
            "transform": [
                [0.881974, 0.364333, -0.298969, 0.124994, 0.470846, -0.653405, 0.59276, -0.002831, 0.020614, -0.663567, -0.747833, -1.2e-05, 0.0, 0.0, 0.0, 1.0],
                [0.88172, 0.354711, -0.311046, 0.124994, 0.471415, -0.636741, 0.610187, -0.002831, 0.018384, -0.684644, -0.728645, -1.2e-05, 0.0, 0.0, 0.0, 1.0],
                [0.881518, 0.327991, -0.339628, 0.124994, 0.472022, -0.595474, 0.650081, -0.002831, 0.010981, -0.733369, -0.679742, -1.2e-05, 0.0, 0.0, 0.0, 1.0],
                [0.881575, 0.290088, -0.372391, 0.124994, 0.472034, -0.546886, 0.691446, -0.002831, -0.003075, -0.785341, -0.619054, -1.2e-05, 0.0, 0.0, 0.0, 1.0],
                [0.881201, 0.25041, -0.400974, 0.124994, 0.472037, -0.51239, 0.717382, -0.002831, -0.025815, -0.82143, -0.569723, -1.2e-05, 0.0, 0.0, 0.0, 1.0],
                [0.878843, 0.219112, -0.423822, 0.124994, 0.473373, -0.511431, 0.717186, -0.002831, -0.059612, -0.830918, -0.55319, -1.2e-05, 0.0, 0.0, 0.0, 1.0],
                [0.872689, 0.206468, -0.442476, 0.124994, 0.476566, -0.557439, 0.679813, -0.002831, -0.106294, -0.804132, -0.584868, -1.2e-05, 0.0, 0.0, 0.0, 1.0],
                [0.844406, 0.132352, -0.519097, 0.124994, 0.493142, -0.570561, 0.656712, -0.002831, -0.209259, -0.810518, -0.547055, -1.2e-05, 0.0, 0.0, 0.0, 1.0],
                [0.821328, 0.069755, -0.566175, 0.124994, 0.503558, -0.555006, 0.662115, -0.002831, -0.268045, -0.828914, -0.490969, -1.2e-05, 0.0, 0.0, 0.0, 1.0],
                [0.872689, 0.206467, -0.442476, 0.124994, 0.476566, -0.557439, 0.679813, -0.002831, -0.106294, -0.804132, -0.584868, -1.2e-05, 0.0, 0.0, 0.0, 1.0],
                [0.833261, 0.495449, -0.245367, 0.124994, 0.518031, -0.544572, 0.65961, -0.002831, 0.193183, -0.676733, -0.710431, -1.2e-05, 0.0, 0.0, 0.0, 1.0],
                [0.654195, 0.756311, 0.00448, 0.124994, 0.623864, -0.542959, 0.562129, -0.002831, 0.427577, -0.364946, -0.827038, -1.2e-05, 0.0, 0.0, 0.0, 1.0],
                [0.421799, 0.848582, 0.319361, 0.124994, 0.603991, -0.525671, 0.599052, -0.002831, 0.676225, -0.059788, -0.734265, -1.2e-05, 0.0, 0.0, 0.0, 1.0],
                [0.080995, 0.899045, 0.430296, 0.124994, 0.124793, -0.437464, 0.890534, -0.002831, 0.988871, -0.018431, -0.147628, -1.2e-05, 0.0, 0.0, 0.0, 1.0],
                [0.034621, 0.732989, 0.679358, 0.124994, -0.220173, -0.657469, 0.720595, -0.002831, 0.974846, -0.174523, 0.138623, -1.2e-05, 0.0, 0.0, 0.0, 1.0],
                [0.459869, 0.763782, 0.45294, 0.124994, 0.342837, -0.623239, 0.702877, -0.002831, 0.819135, -0.167947, -0.548462, -1.2e-05, 0.0, 0.0, 0.0, 1.0],
                [0.421799, 0.848582, 0.319361, 0.124994, 0.603991, -0.525671, 0.599052, -0.002831, 0.676225, -0.059789, -0.734265, -1.2e-05, 0.0, 0.0, 0.0, 1.0],
                [0.337559, 0.908523, 0.246243, 0.124994, 0.405229, -0.376373, 0.833147, -0.002831, 0.849613, -0.181451, -0.495209, -1.2e-05, 0.0, 0.0, 0.0, 1.0],
                [0.154334, 0.958716, 0.238831, 0.124994, 0.061262, -0.250547, 0.966164, -0.002831, 0.986117, -0.13448, -0.097401, -1.2e-05, 0.0, 0.0, 0.0, 1.0],
                [0.33209, 0.92034, 0.20661, 0.124994, 0.406618, -0.337325, 0.849043, -0.002831, 0.851104, -0.197947, -0.48625, -1.2e-05, 0.0, 0.0, 0.0, 1.0],
                [0.51857, 0.83748, 0.172361, 0.124994, 0.578023, -0.491911, 0.651086, -0.002831, 0.630059, -0.238005, -0.739175, -1.2e-05, 0.0, 0.0, 0.0, 1.0],
                [0.543733, 0.808017, 0.226847, 0.124994, 0.556177, -0.549339, 0.623613, -0.002831, 0.628507, -0.212911, -0.748096, -1.2e-05, 0.0, 0.0, 0.0, 1.0],
                [0.438834, 0.7834, 0.440123, 0.124994, 0.645298, -0.615606, 0.452347, -0.002831, 0.625312, 0.085505, -0.775677, -1.2e-05, 0.0, 0.0, 0.0, 1.0],
                [0.643477, 0.67554, 0.359975, 0.124994, 0.643896, -0.731991, 0.222678, -0.002831, 0.413926, 0.088498, -0.905998, -1.2e-05, 0.0, 0.0, 0.0, 1.0],
                [0.740499, 0.626095, 0.244263, 0.124994, 0.620882, -0.776437, 0.107928, -0.002831, 0.257228, 0.071738, -0.963684, -1.2e-05, 0.0, 0.0, 0.0, 1.0],
                [0.677445, 0.569708, 0.465296, 0.124994, 0.600911, -0.793454, 0.096614, -0.002831, 0.424233, 0.214151, -0.879867, -1.2e-05, 0.0, 0.0, 0.0, 1.0],
                [0.694201, 0.393953, 0.6024, 0.124994, 0.571445, -0.810521, -0.128469, -0.002831, 0.437647, 0.433421, -0.787788, -1.2e-05, 0.0, 0.0, 0.0, 1.0],
                [0.809938, 0.101257, 0.577709, 0.124994, 0.376835, -0.84462, -0.380276, -0.002831, 0.44944, 0.5257, -0.722248, -1.2e-05, 0.0, 0.0, 0.0, 1.0],
                [0.849364, -0.09074, 0.519948, 0.124994, 0.168004, -0.887392, -0.429311, -0.002831, 0.500354, 0.451994, -0.738476, -1.2e-05, 0.0, 0.0, 0.0, 1.0],
                [0.768695, -0.049072, 0.63773, 0.124994, 0.234792, -0.905796, -0.352709, -0.002831, 0.594963, 0.420859, -0.68476, -1.2e-05, 0.0, 0.0, 0.0, 1.0],
                [0.774444, 0.007012, 0.632603, 0.124994, 0.256178, -0.917765, -0.303444, -0.002831, 0.578454, 0.397058, -0.712555, -1.2e-05, 0.0, 0.0, 0.0, 1.0],
                [0.796651, 0.124243, 0.591532, 0.124994, 0.322701, -0.914925, -0.242433, -0.002831, 0.511088, 0.384021, -0.768971, -1.2e-05, 0.0, 0.0, 0.0, 1.0],
                [0.768695, -0.049072, 0.637731, 0.124994, 0.234792, -0.905796, -0.352708, -0.002831, 0.594963, 0.420858, -0.684761, -1.2e-05, 0.0, 0.0, 0.0, 1.0],
                [0.688549, -0.232314, 0.686972, 0.124994, -0.041079, -0.958272, -0.282887, -0.002831, 0.724025, 0.166561, -0.669361, -1.2e-05, 0.0, 0.0, 0.0, 1.0],
                [0.674339, -0.310796, 0.66983, 0.124994, -0.382491, -0.922948, -0.043176, -0.002831, 0.631638, -0.227088, -0.741259, -1.2e-05, 0.0, 0.0, 0.0, 1.0],
                [0.695465, -0.192819, 0.692206, 0.124993, -0.479542, -0.84196, 0.247265, -0.002831, 0.535133, -0.503905, -0.67802, -1.2e-05, 0.0, 0.0, 0.0, 1.0],
                [0.654674, 0.044826, 0.754581, 0.124994, -0.379265, -0.844021, 0.379189, -0.002831, 0.65388, -0.534431, -0.535559, -1.2e-05, 0.0, 0.0, 0.0, 1.0],
                [0.702458, 0.117155, 0.702017, 0.124994, -0.233592, -0.893769, 0.382895, -0.002831, 0.6723, -0.432952, -0.60047, -1.2e-05, 0.0, 0.0, 0.0, 1.0],
                [0.736813, -0.070638, 0.672397, 0.124994, -0.237049, -0.958384, 0.159076, -0.002831, 0.633178, -0.2766, -0.722896, -1.1e-05, 0.0, 0.0, 0.0, 1.0],
                [0.66213, -0.385253, 0.642778, 0.124994, -0.362387, -0.915383, -0.175345, -0.002831, 0.655941, -0.116833, -0.745715, -1.2e-05, 0.0, 0.0, 0.0, 1.0],
                [0.689433, -0.085862, 0.719243, 0.124994, -0.269298, -0.952158, 0.14447, -0.002831, 0.672429, -0.293292, -0.679573, -1.2e-05, 0.0, 0.0, 0.0, 1.0],
                [0.807178, 0.18475, 0.560652, 0.124994, 0.141948, -0.98264, 0.119442, -0.002831, 0.572986, -0.016828, -0.819392, -1.2e-05, 0.0, 0.0, 0.0, 1.0],
                [0.768694, -0.049072, 0.637731, 0.124994, 0.234793, -0.905795, -0.35271, -0.002831, 0.594963, 0.42086, -0.684759, -1.2e-05, 0.0, 0.0, 0.0, 1.0],
                [0.768694, -0.049072, 0.637731, 0.124994, 0.234793, -0.905795, -0.35271, -0.002831, 0.594963, 0.42086, -0.684759, -1.2e-05, 0.0, 0.0, 0.0, 1.0],
                [0.768694, -0.049072, 0.637731, 0.124994, 0.234793, -0.905795, -0.35271, -0.002831, 0.594963, 0.42086, -0.684759, -1.2e-05, 0.0, 0.0, 0.0, 1.0],
                [0.768694, -0.049072, 0.637731, 0.124994, 0.234793, -0.905795, -0.35271, -0.002831, 0.594963, 0.42086, -0.684759, -1.2e-05, 0.0, 0.0, 0.0, 1.0],
                [0.768694, -0.049072, 0.637731, 0.124994, 0.234793, -0.905795, -0.35271, -0.002831, 0.594963, 0.42086, -0.684759, -1.2e-05, 0.0, 0.0, 0.0, 1.0],
                [0.768694, -0.049072, 0.637731, 0.124994, 0.234793, -0.905795, -0.35271, -0.002831, 0.594963, 0.42086, -0.684759, -1.2e-05, 0.0, 0.0, 0.0, 1.0],
                [0.768694, -0.049072, 0.637731, 0.124994, 0.234793, -0.905795, -0.35271, -0.002831, 0.594963, 0.42086, -0.684759, -1.2e-05, 0.0, 0.0, 0.0, 1.0],
                [0.768694, -0.049072, 0.637731, 0.124994, 0.234793, -0.905795, -0.35271, -0.002831, 0.594963, 0.42086, -0.684759, -1.2e-05, 0.0, 0.0, 0.0, 1.0],
                [0.768694, -0.049072, 0.637731, 0.124994, 0.234793, -0.905795, -0.35271, -0.002831, 0.594963, 0.42086, -0.684759, -1.2e-05, 0.0, 0.0, 0.0, 1.0],
                [0.768694, -0.049072, 0.637731, 0.124994, 0.234793, -0.905795, -0.35271, -0.002831, 0.594963, 0.42086, -0.684759, -1.2e-05, 0.0, 0.0, 0.0, 1.0],
                [0.768694, -0.049072, 0.637731, 0.124994, 0.234793, -0.905795, -0.35271, -0.002831, 0.594963, 0.42086, -0.684759, -1.2e-05, 0.0, 0.0, 0.0, 1.0],
                [0.768694, -0.049072, 0.637731, 0.124994, 0.234793, -0.905795, -0.35271, -0.002831, 0.594963, 0.42086, -0.684759, -1.2e-05, 0.0, 0.0, 0.0, 1.0],
                [0.768694, -0.049072, 0.637731, 0.124994, 0.234793, -0.905795, -0.35271, -0.002831, 0.594963, 0.42086, -0.684759, -1.2e-05, 0.0, 0.0, 0.0, 1.0],
                [0.768694, -0.049072, 0.637731, 0.124994, 0.234793, -0.905795, -0.35271, -0.002831, 0.594963, 0.42086, -0.684759, -1.2e-05, 0.0, 0.0, 0.0, 1.0],
                [0.768694, -0.049072, 0.637731, 0.124994, 0.234793, -0.905795, -0.35271, -0.002831, 0.594963, 0.42086, -0.684759, -1.2e-05, 0.0, 0.0, 0.0, 1.0],
                [0.768694, -0.049072, 0.637731, 0.124994, 0.234793, -0.905795, -0.35271, -0.002831, 0.594963, 0.42086, -0.684759, -1.2e-05, 0.0, 0.0, 0.0, 1.0],
                [0.768694, -0.049072, 0.637731, 0.124994, 0.234793, -0.905795, -0.35271, -0.002831, 0.594963, 0.42086, -0.684759, -1.2e-05, 0.0, 0.0, 0.0, 1.0],
                [0.768694, -0.049072, 0.637731, 0.124994, 0.234793, -0.905795, -0.35271, -0.002831, 0.594963, 0.42086, -0.684759, -1.2e-05, 0.0, 0.0, 0.0, 1.0],
                [0.768694, -0.049072, 0.637731, 0.124994, 0.234793, -0.905795, -0.35271, -0.002831, 0.594963, 0.42086, -0.684759, -1.2e-05, 0.0, 0.0, 0.0, 1.0],
                [0.768694, -0.049072, 0.637731, 0.124994, 0.234793, -0.905795, -0.35271, -0.002831, 0.594963, 0.42086, -0.684759, -1.2e-05, 0.0, 0.0, 0.0, 1.0],
                [0.768694, -0.049072, 0.637731, 0.124994, 0.234793, -0.905795, -0.35271, -0.002831, 0.594963, 0.42086, -0.684759, -1.2e-05, 0.0, 0.0, 0.0, 1.0],
                [0.793164, -0.037993, 0.607821, 0.124994, 0.229915, -0.905513, -0.356626, -0.002831, 0.56394, 0.422609, -0.709487, -1.2e-05, 0.0, 0.0, 0.0, 1.0],
                [0.81661, -0.024215, 0.576681, 0.124994, 0.224373, -0.907219, -0.355819, -0.002831, 0.531793, 0.419956, -0.735413, -1.2e-05, 0.0, 0.0, 0.0, 1.0],
                [0.838876, -0.008301, 0.544259, 0.124994, 0.218355, -0.910772, -0.350447, -0.002831, 0.498605, 0.412823, -0.762214, -1.2e-05, 0.0, 0.0, 0.0, 1.0],
                [0.859816, 0.00913, 0.510522, 0.124994, 0.21204, -0.915934, -0.340736, -0.002831, 0.464494, 0.40122, -0.789473, -1.2e-05, 0.0, 0.0, 0.0, 1.0],
                [0.879298, 0.027425, 0.475481, 0.124994, 0.205586, -0.922395, -0.326986, -0.002831, 0.429614, 0.38527, -0.8167, -1.2e-05, 0.0, 0.0, 0.0, 1.0],
                [0.897207, 0.045948, 0.439214, 0.124993, 0.199152, -0.929793, -0.30955, -0.002831, 0.394155, 0.3652, -0.843368, -1.2e-05, 0.0, 0.0, 0.0, 1.0],
                [0.913449, 0.064104, 0.401872, 0.124994, 0.192878, -0.93775, -0.288826, -0.002831, 0.358341, 0.341339, -0.868953, -1.2e-05, 0.0, 0.0, 0.0, 1.0],
                [0.927959, 0.081371, 0.36369, 0.124994, 0.186896, -0.945895, -0.265237, -0.002831, 0.322431, 0.314101, -0.892961, -1.2e-05, 0.0, 0.0, 0.0, 1.0],
                [0.9407, 0.097318, 0.32498, 0.124994, 0.181326, -0.953882, -0.239224, -0.002831, 0.286712, 0.283965, -0.914964, -1.2e-05, 0.0, 0.0, 0.0, 1.0],
                [0.951668, 0.111629, 0.286125, 0.124994, 0.176279, -0.961408, -0.21123, -0.002831, 0.251504, 0.251458, -0.93462, -1.2e-05, 0.0, 0.0, 0.0, 1.0],
                [0.960891, 0.124093, 0.247566, 0.124994, 0.171853, -0.96822, -0.181698, -0.002831, 0.217151, 0.217137, -0.951681, -1.2e-05, 0.0, 0.0, 0.0, 1.0],
                [0.968436, 0.134621, 0.209781, 0.124994, 0.168134, -0.97412, -0.151059, -0.002831, 0.184016, 0.181562, -0.966009, -1.2e-05, 0.0, 0.0, 0.0, 1.0],
                [0.9744, 0.143236, 0.173283, 0.124994, 0.165199, -0.978965, -0.11973, -0.002831, 0.152489, 0.145291, -0.977568, -1.2e-05, 0.0, 0.0, 0.0, 1.0],
                [0.978914, 0.150067, 0.13859, 0.124994, 0.163116, -0.982664, -0.08811, -0.002831, 0.122965, 0.108858, -0.986423, -1.2e-05, 0.0, 0.0, 0.0, 1.0],
                [0.982135, 0.155339, 0.106213, 0.124994, 0.161939, -0.985177, -0.056573, -0.002831, 0.095851, 0.072762, -0.992733, -1.2e-05, 0.0, 0.0, 0.0, 1.0],
                [0.98424, 0.159362, 0.076647, 0.124994, 0.161713, -0.986509, -0.025463, -0.002831, 0.071555, 0.037456, -0.996733, -1.2e-05, 0.0, 0.0, 0.0, 1.0],
                [0.985421, 0.16251, 0.050352, 0.124994, 0.162471, -0.9867, 0.004907, -0.002831, 0.05048, 0.003345, -0.99872, -1.2e-05, 0.0, 0.0, 0.0, 1.0],
                [0.985868, 0.165207, 0.027743, 0.124994, 0.164236, -0.985825, 0.034264, -0.002831, 0.033011, -0.029224, -0.999028, -1.2e-05, 0.0, 0.0, 0.0, 1.0],
                [0.985761, 0.167899, 0.009173, 0.124994, 0.167015, -0.983978, 0.062382, -0.002831, 0.0195, -0.059962, -0.99801, -1.1e-05, 0.0, 0.0, 0.0, 1.0],
                [0.985253, 0.171027, -0.005076, 0.124994, 0.170795, -0.981271, 0.089079, -0.002831, 0.010254, -0.088632, -0.996012, -1.2e-05, 0.0, 0.0, 0.0, 1.0],
                [0.984455, 0.175009, -0.014814, 0.124994, 0.175549, -0.977822, 0.114219, -0.002831, 0.005504, -0.115044, -0.993345, -1.2e-05, 0.0, 0.0, 0.0, 1.0],
                [0.983428, 0.180199, -0.019957, 0.124994, 0.181221, -0.973752, 0.137718, -0.002831, 0.005383, -0.139052, -0.990271, -1.2e-05, 0.0, 0.0, 0.0, 1.0],
                [0.982171, 0.186862, -0.020553, 0.124994, 0.187728, -0.969178, 0.159534, -0.002831, 0.009892, -0.160548, -0.986979, -1.2e-05, 0.0, 0.0, 0.0, 1.0],
                [0.980629, 0.195151, -0.016795, 0.124994, 0.194962, -0.964215, 0.179663, -0.002831, 0.018867, -0.179457, -0.983585, -1.2e-05, 0.0, 0.0, 0.0, 1.0],
                [0.978701, 0.20509, -0.009044, 0.124994, 0.202786, -0.95897, 0.198127, -0.002831, 0.031961, -0.195741, -0.980135, -1.2e-05, 0.0, 0.0, 0.0, 1.0],
                [0.976265, 0.216566, 0.002175, 0.124994, 0.211047, -0.953544, 0.214969, -0.002831, 0.048629, -0.209408, -0.976618, -1.2e-05, 0.0, 0.0, 0.0, 1.0],
                [0.973212, 0.22934, 0.01618, 0.124994, 0.219581, -0.948038, 0.230234, -0.002831, 0.068141, -0.220514, -0.973001, -1.2e-05, 0.0, 0.0, 0.0, 1.0],
                [0.969473, 0.243079, 0.032165, 0.124994, 0.228233, -0.942544, 0.243966, -0.002831, 0.08962, -0.229177, -0.96925, -1.2e-05, 0.0, 0.0, 0.0, 1.0],
                [0.96505, 0.257393, 0.049264, 0.124994, 0.236874, -0.937153, 0.256194, -0.002831, 0.11211, -0.235571, -0.965369, -1.2e-05, 0.0, 0.0, 0.0, 1.0],
                [0.960024, 0.271879, 0.066603, 0.124994, 0.245408, -0.931944, 0.266938, -0.002831, 0.134645, -0.239922, -0.96141, -1.2e-05, 0.0, 0.0, 0.0, 1.0],
                [0.954544, 0.286169, 0.083384, 0.124994, 0.253782, -0.926991, 0.276192, -0.002831, 0.156334, -0.242476, -0.957479, -1.2e-05, 0.0, 0.0, 0.0, 1.0],
                [0.948808, 0.299958, 0.098934, 0.124994, 0.26199, -0.922358, 0.283931, -0.002831, 0.17642, -0.243477, -0.953727, -1.2e-05, 0.0, 0.0, 0.0, 1.0],
                [0.943031, 0.313015, 0.112751, 0.124994, 0.270058, -0.918105, 0.290088, -0.002831, 0.194319, -0.243113, -0.950335, -1.2e-05, 0.0, 0.0, 0.0, 1.0],
                [0.937415, 0.325187, 0.124527, 0.124994, 0.278041, -0.914298, 0.294539, -0.002831, 0.209635, -0.241482, -0.947492, -1.1e-05, 0.0, 0.0, 0.0, 1.0],
                [0.932123, 0.336377, 0.134156, 0.124994, 0.286007, -0.911019, 0.29706, -0.002831, 0.222143, -0.238527, -0.945388, -1.1e-05, 0.0, 0.0, 0.0, 1.0]
            ]
        },
        {
            "name": "Leg_R",
            "time": [0.0, 0.0167, 0.0333, 0.05, 0.0667, 0.0833, 0.1, 0.1167, 0.1333, 0.15, 0.1667, 0.1833, 0.2, 0.2167, 0.2333, 0.25, 0.2667, 0.2833, 0.3, 0.3167, 0.3333, 0.35, 0.3667, 0.3833, 0.4, 0.4167, 0.4333, 0.45, 0.4667, 0.4833, 0.5, 0.5167, 0.5333, 0.55, 0.5667, 0.5833, 0.6, 0.6167, 0.6333, 0.65, 0.6667, 0.6833, 0.7, 0.7167, 0.7333, 0.75, 0.7667, 0.7833, 0.8, 0.8167, 0.8333, 0.85, 0.8667, 0.8833, 0.9, 0.9167, 0.9333, 0.95, 0.9667, 0.9833, 1.0, 1.0167, 1.0333, 1.05, 1.0667, 1.0833, 1.1, 1.1167, 1.1333, 1.15, 1.1667, 1.1833, 1.2, 1.2167, 1.2333, 1.25, 1.2667, 1.2833, 1.3, 1.3167, 1.3333, 1.35, 1.3667, 1.3833, 1.4, 1.4167, 1.4333, 1.45, 1.4667, 1.4833, 1.5, 1.5167, 1.5333, 1.55, 1.5667, 1.5833, 1.6, 1.6167],
            "transform": [
                [1.0, -1e-06, 1e-06, -0.0, -0.0, 0.359539, 0.93313, 0.374726, -1e-06, -0.933132, 0.359536, -0.0, 0.0, 0.0, 0.0, 1.0],
                [1.0, -1e-06, 1e-06, 0.0, -0.0, 0.363486, 0.931599, 0.374726, -1e-06, -0.931601, 0.363483, 0.0, 0.0, 0.0, 0.0, 1.0],
                [1.0, -1e-06, 1e-06, 0.0, -0.0, 0.384693, 0.923044, 0.374726, -1e-06, -0.923046, 0.384691, 0.0, 0.0, 0.0, 0.0, 1.0],
                [1.0, -1e-06, 1e-06, -0.0, -0.0, 0.442541, 0.896748, 0.374726, -1e-06, -0.89675, 0.442538, -0.0, 0.0, 0.0, 0.0, 1.0],
                [1.0, -1e-06, 1e-06, -0.0, -0.0, 0.549765, 0.83532, 0.374726, -1e-06, -0.835321, 0.549762, 0.0, 0.0, 0.0, 0.0, 1.0],
                [1.0, -1e-06, 1e-06, -0.0, -0.0, 0.701474, 0.712697, 0.374726, -1e-06, -0.712699, 0.701469, 0.0, 0.0, 0.0, 0.0, 1.0],
                [1.0, -0.0, 1e-06, 0.0, -0.0, 0.871613, 0.4902, 0.374726, -1e-06, -0.490201, 0.871607, 0.0, 0.0, 0.0, 0.0, 1.0],
                [1.0, -0.0, 1e-06, -0.0, -0.0, 0.891719, 0.452593, 0.374726, -1e-06, -0.452594, 0.891714, -0.0, 0.0, 0.0, 0.0, 1.0],
                [1.0, -0.0, 1e-06, 0.0, -0.0, 0.848037, 0.52994, 0.374726, -1e-06, -0.529941, 0.848032, -0.0, 0.0, 0.0, 0.0, 1.0],
                [1.0, -0.0, 1e-06, 0.0, -0.0, 0.871612, 0.4902, 0.374726, -1e-06, -0.490201, 0.871607, 0.0, 0.0, 0.0, 0.0, 1.0],
                [1.0, -0.0, 1e-06, -0.0, -0.0, 0.870305, 0.492516, 0.374726, -1e-06, -0.492517, 0.8703, -0.0, 0.0, 0.0, 0.0, 1.0],
                [1.0, -0.0, 1e-06, 0.0, -0.0, 0.89126, 0.453498, 0.374726, -1e-06, -0.453499, 0.891254, 0.0, 0.0, 0.0, 0.0, 1.0],
                [1.0, -0.0, 1e-06, -0.0, -0.0, 0.914674, 0.4042, 0.374726, -1e-06, -0.404201, 0.914668, -0.0, 0.0, 0.0, 0.0, 1.0],
                [1.0, -0.0, 1e-06, 0.0, -0.0, 0.843752, 0.536736, 0.374726, -1e-06, -0.536737, 0.843747, 0.0, 0.0, 0.0, 0.0, 1.0],
                [1.0, 0.0, 1e-06, -0.0, -0.0, 0.999992, 0.004682, 0.374726, -1e-06, -0.004682, 0.999986, 0.0, 0.0, 0.0, 0.0, 1.0],
                [1.0, -0.0, 1e-06, -0.0, -0.0, 0.999992, 0.00471, 0.374726, -1e-06, -0.00471, 0.999986, -0.0, 0.0, 0.0, 0.0, 1.0],
                [1.0, -0.0, 1e-06, -0.0, -0.0, 0.914673, 0.4042, 0.374726, -1e-06, -0.404201, 0.914667, 0.0, 0.0, 0.0, 0.0, 1.0],
                [1.0, -1e-06, 0.0, -0.0, -0.0, 0.119468, 0.992837, 0.374726, -1e-06, -0.992839, 0.119467, -0.0, 0.0, 0.0, 0.0, 1.0],
                [1.0, -1e-06, 0.0, -0.0, -0.0, 0.272446, 0.96217, 0.374726, -1e-06, -0.962172, 0.272444, 0.0, 0.0, 0.0, 0.0, 1.0],
                [1.0, -1e-06, 1e-06, 0.0, -0.0, 0.436059, 0.899918, 0.374726, -1e-06, -0.89992, 0.436056, 0.0, 0.0, 0.0, 0.0, 1.0],
                [1.0, -1e-06, 0.0, 0.0, -0.0, 0.275679, 0.961249, 0.374726, -1e-06, -0.961251, 0.275677, -0.0, 0.0, 0.0, 0.0, 1.0],
                [1.0, -1e-06, 0.0, -0.0, -0.0, 0.178093, 0.984013, 0.374726, -1e-06, -0.984015, 0.178091, -0.0, 0.0, 0.0, 0.0, 1.0],
                [1.0, -1e-06, 1e-06, 0.0, -0.0, 0.396683, 0.917955, 0.374726, -1e-06, -0.917957, 0.396681, -0.0, 0.0, 0.0, 0.0, 1.0],
                [1.0, -1e-06, 1e-06, 0.0, -0.0, 0.465815, 0.884882, 0.374726, -1e-06, -0.884884, 0.465812, 0.0, 0.0, 0.0, 0.0, 1.0],
                [1.0, -1e-06, 1e-06, -0.0, -0.0, 0.544691, 0.838638, 0.374726, -1e-06, -0.838639, 0.544688, 0.0, 0.0, 0.0, 0.0, 1.0],
                [1.0, -1e-06, 1e-06, 0.0, -0.0, 0.586865, 0.809684, 0.374726, -1e-06, -0.809686, 0.586862, 0.0, 0.0, 0.0, 0.0, 1.0],
                [1.0, -1e-06, 1e-06, 0.0, -0.0, 0.718081, 0.69596, 0.374726, -1e-06, -0.695962, 0.718077, -0.0, 0.0, 0.0, 0.0, 1.0],
                [1.0, -0.0, 1e-06, 0.0, -0.0, 0.786116, 0.618082, 0.374726, -1e-06, -0.618083, 0.786111, -0.0, 0.0, 0.0, 0.0, 1.0],
                [1.0, -1e-06, 1e-06, 0.0, -0.0, 0.728208, 0.685358, 0.374726, -1e-06, -0.685359, 0.728204, 0.0, 0.0, 0.0, 0.0, 1.0],
                [1.0, -1e-06, 1e-06, -0.0, -0.0, 0.620591, 0.784135, 0.374726, -1e-06, -0.784136, 0.620588, -0.0, 0.0, 0.0, 0.0, 1.0],
                [1.0, -1e-06, 1e-06, -0.0, -0.0, 0.569818, 0.821771, 0.374726, -1e-06, -0.821772, 0.569815, -0.0, 0.0, 0.0, 0.0, 1.0],
                [1.0, -1e-06, 1e-06, -0.0, -0.0, 0.527286, 0.849688, 0.374726, -1e-06, -0.849689, 0.527283, 0.0, 0.0, 0.0, 0.0, 1.0],
                [1.0, -1e-06, 1e-06, 0.0, -0.0, 0.62059, 0.784136, 0.374726, -1e-06, -0.784137, 0.620586, -0.0, 0.0, 0.0, 0.0, 1.0],
                [1.0, -1e-06, 1e-06, 0.0, -0.0, 0.53534, 0.844636, 0.374726, -1e-06, -0.844639, 0.535337, -0.0, 0.0, 0.0, 0.0, 1.0],
                [1.0, -1e-06, 1e-06, -0.0, -0.0, 0.42196, 0.906614, 0.374726, -1e-06, -0.906615, 0.421958, -0.0, 0.0, 0.0, 0.0, 1.0],
                [1.000001, -1e-06, 0.0, 0.0, -0.0, 0.278767, 0.960358, 0.374726, -1e-06, -0.96036, 0.278766, -0.0, 0.0, 0.0, 0.0, 1.0],
                [1.0, -1e-06, 0.0, 0.0, -0.0, 0.162187, 0.986759, 0.374726, -1e-06, -0.986761, 0.162186, -0.0, 0.0, 0.0, 0.0, 1.0],
                [1.0, -1e-06, 0.0, -0.0, -0.0, 0.039989, 0.999199, 0.374726, -1e-06, -0.999201, 0.039988, 0.0, 0.0, 0.0, 0.0, 1.0],
                [1.0, -1e-06, 0.0, -0.0, -0.0, 0.160405, 0.98705, 0.374726, -1e-06, -0.987052, 0.160404, -0.0, 0.0, 0.0, 0.0, 1.0],
                [1.0, -1e-06, 1e-06, -0.0, -0.0, 0.504777, 0.86325, 0.374726, -1e-06, -0.863252, 0.504774, -0.0, 0.0, 0.0, 0.0, 1.0],
                [1.0, -1e-06, 0.0, 0.0, -0.0, 0.119413, 0.992844, 0.374726, -1e-06, -0.992845, 0.119412, -0.0, 0.0, 0.0, 0.0, 1.0],
                [1.0, -1e-06, 0.0, 0.0, -0.0, 0.108738, 0.994069, 0.374726, -1e-06, -0.994071, 0.108737, 0.0, 0.0, 0.0, 0.0, 1.0],
                [1.0, -1e-06, 1e-06, -0.0, -0.0, 0.620592, 0.784134, 0.374726, -1e-06, -0.784136, 0.620589, -0.0, 0.0, 0.0, 0.0, 1.0],
                [1.0, -1e-06, 1e-06, -0.0, -0.0, 0.620592, 0.784134, 0.374726, -1e-06, -0.784136, 0.620589, -0.0, 0.0, 0.0, 0.0, 1.0],
                [1.0, -1e-06, 1e-06, -0.0, -0.0, 0.620592, 0.784134, 0.374726, -1e-06, -0.784136, 0.620589, -0.0, 0.0, 0.0, 0.0, 1.0],
                [1.0, -1e-06, 1e-06, -0.0, -0.0, 0.620592, 0.784134, 0.374726, -1e-06, -0.784136, 0.620589, -0.0, 0.0, 0.0, 0.0, 1.0],
                [1.0, -1e-06, 1e-06, -0.0, -0.0, 0.620592, 0.784134, 0.374726, -1e-06, -0.784136, 0.620589, -0.0, 0.0, 0.0, 0.0, 1.0],
                [1.0, -1e-06, 1e-06, -0.0, -0.0, 0.620592, 0.784134, 0.374726, -1e-06, -0.784136, 0.620589, -0.0, 0.0, 0.0, 0.0, 1.0],
                [1.0, -1e-06, 1e-06, -0.0, -0.0, 0.620592, 0.784134, 0.374726, -1e-06, -0.784136, 0.620589, -0.0, 0.0, 0.0, 0.0, 1.0],
                [1.0, -1e-06, 1e-06, -0.0, -0.0, 0.620592, 0.784134, 0.374726, -1e-06, -0.784136, 0.620589, -0.0, 0.0, 0.0, 0.0, 1.0],
                [1.0, -1e-06, 1e-06, -0.0, -0.0, 0.620592, 0.784134, 0.374726, -1e-06, -0.784136, 0.620589, -0.0, 0.0, 0.0, 0.0, 1.0],
                [1.0, -1e-06, 1e-06, -0.0, -0.0, 0.620592, 0.784134, 0.374726, -1e-06, -0.784136, 0.620589, -0.0, 0.0, 0.0, 0.0, 1.0],
                [1.0, -1e-06, 1e-06, -0.0, -0.0, 0.620592, 0.784134, 0.374726, -1e-06, -0.784136, 0.620589, -0.0, 0.0, 0.0, 0.0, 1.0],
                [1.0, -1e-06, 1e-06, -0.0, -0.0, 0.620592, 0.784134, 0.374726, -1e-06, -0.784136, 0.620589, -0.0, 0.0, 0.0, 0.0, 1.0],
                [1.0, -1e-06, 1e-06, -0.0, -0.0, 0.620592, 0.784134, 0.374726, -1e-06, -0.784136, 0.620589, -0.0, 0.0, 0.0, 0.0, 1.0],
                [1.0, -1e-06, 1e-06, -0.0, -0.0, 0.620592, 0.784134, 0.374726, -1e-06, -0.784136, 0.620589, -0.0, 0.0, 0.0, 0.0, 1.0],
                [1.0, -1e-06, 1e-06, -0.0, -0.0, 0.620592, 0.784134, 0.374726, -1e-06, -0.784136, 0.620589, -0.0, 0.0, 0.0, 0.0, 1.0],
                [1.0, -1e-06, 1e-06, -0.0, -0.0, 0.620592, 0.784134, 0.374726, -1e-06, -0.784136, 0.620589, -0.0, 0.0, 0.0, 0.0, 1.0],
                [1.0, -1e-06, 1e-06, -0.0, -0.0, 0.620592, 0.784134, 0.374726, -1e-06, -0.784136, 0.620589, -0.0, 0.0, 0.0, 0.0, 1.0],
                [1.0, -1e-06, 1e-06, -0.0, -0.0, 0.620592, 0.784134, 0.374726, -1e-06, -0.784136, 0.620589, -0.0, 0.0, 0.0, 0.0, 1.0],
                [1.0, -1e-06, 1e-06, -0.0, -0.0, 0.620592, 0.784134, 0.374726, -1e-06, -0.784136, 0.620589, -0.0, 0.0, 0.0, 0.0, 1.0],
                [1.0, -1e-06, 1e-06, -0.0, -0.0, 0.620592, 0.784134, 0.374726, -1e-06, -0.784136, 0.620589, -0.0, 0.0, 0.0, 0.0, 1.0],
                [1.0, -1e-06, 1e-06, -0.0, -0.0, 0.620592, 0.784134, 0.374726, -1e-06, -0.784136, 0.620589, -0.0, 0.0, 0.0, 0.0, 1.0],
