{
    "animation": [
        {
            "name": "Root",
            "time": [0.0, 0.0167, 0.0333, 0.05, 0.0667, 0.0833, 0.1, 0.1167, 0.1333, 0.15, 0.1667, 0.1833, 0.2, 0.2167, 0.2333, 0.25, 0.2667, 0.2833, 0.3, 0.3167, 0.3333, 0.35, 0.3667, 0.3833, 0.4, 0.4167, 0.4333, 0.45, 0.4667, 0.4833, 0.5, 0.5167, 0.5333, 0.55, 0.5667, 0.5833, 0.6],
            "transform": [
                [0.967294, 0.0, 0.25366, -5e-06, 0.25366, 0.0, -0.967294, 0.011182, 0.0, 1.0, 0.0, 0.733264, 0.0, 0.0, 0.0, 1.0],
                [0.946758, 0.0, 0.321947, -5e-06, 0.321947, 0.0, -0.946758, 0.011182, 0.0, 1.0, 0.0, 0.733264, 0.0, 0.0, 0.0, 1.0],
                [0.864571, 0.0, 0.502511, -5e-06, 0.502511, 0.0, -0.864571, 0.011182, 0.0, 1.0, 0.0, 0.733264, 0.0, 0.0, 0.0, 1.0],
                [0.679532, 0.0, 0.733646, -5e-06, 0.733646, 0.0, -0.679532, 0.135127, 0.0, 1.0, 0.0, 0.695203, 0.0, 0.0, 0.0, 1.0],
                [0.413745, 0.0, 0.910393, -5e-06, 0.910393, 0.0, -0.413745, 0.275274, 0.0, 1.0, 0.0, 0.644411, 0.0, 0.0, 0.0, 1.0],
                [0.145261, 0.0, 0.989393, 0.059444, 0.989393, 0.0, -0.145261, 0.288352, 0.0, 1.0, 0.0, 0.629558, 0.0, 0.0, 0.0, 1.0],
                [-0.118149, 0.0, 0.992996, 0.141376, 0.992996, 0.0, 0.118149, 0.296877, 0.0, 1.0, 0.0, 0.627436, 0.0, 0.0, 0.0, 1.0],
                [-0.384212, 0.0, 0.923245, 0.176039, 0.923245, 0.0, 0.384212, 0.341633, 0.0, 1.0, 0.0, 0.627436, 0.0, 0.0, 0.0, 1.0],
                [-0.631419, 0.0, 0.775441, 0.193839, 0.775441, 0.0, 0.631419, 0.421923, 0.0, 1.0, 0.0, 0.627436, 0.0, 0.0, 0.0, 1.0],
                [-0.837071, 0.0, 0.547095, 0.200397, 0.547095, 0.0, 0.837071, 0.52668, 0.0, 1.0, 0.0, 0.627436, 0.0, 0.0, 0.0, 1.0],
                [-0.973468, 0.0, 0.228825, 0.201334, 0.228825, 0.0, 0.973468, 0.644837, 0.0, 1.0, 0.0, 0.627436, 0.0, 0.0, 0.0, 1.0],
                [-0.984452, 0.0, -0.175657, 0.180322, -0.175657, 0.0, 0.984452, 0.763216, 0.0, 1.0, 0.0, 0.627436, 0.0, 0.0, 0.0, 1.0],
                [-0.827223, 0.0, -0.561875, 0.125263, -0.561875, 0.0, 0.827223, 0.860196, 0.0, 1.0, 0.0, 0.627436, 0.0, 0.0, 0.0, 1.0],
                [-0.58032, 0.0, -0.814389, 0.048116, -0.814389, 0.0, 0.58032, 0.912043, 0.0, 1.0, 0.0, 0.627436, 0.0, 0.0, 0.0, 1.0],
                [-0.364685, 0.0, -0.931131, -0.036906, -0.931131, 0.0, 0.364685, 0.927081, 0.0, 1.0, 0.0, 0.627436, 0.0, 0.0, 0.0, 1.0],
                [-0.194541, 0.0, -0.980894, -0.106591, -0.980894, 0.0, 0.194541, 0.932621, 0.0, 1.0, 0.0, 0.627436, 0.0, 0.0, 0.0, 1.0],
                [-0.035832, 0.0, -0.999358, -0.135478, -0.999358, 0.0, 0.035832, 0.933412, 0.0, 1.0, 0.0, 0.627436, 0.0, 0.0, 0.0, 1.0],
                [0.141154, 0.0, -0.989988, -0.127974, -0.989988, 0.0, -0.141154, 0.923204, 0.0, 1.0, 0.0, 0.627436, 0.0, 0.0, 0.0, 1.0],
                [0.33066, 0.0, -0.94375, -0.10862, -0.94375, 0.0, -0.33066, 0.896877, 0.0, 1.0, 0.0, 0.627436, 0.0, 0.0, 0.0, 1.0],
                [0.516811, 0.0, -0.856099, -0.082158, -0.856099, 0.0, -0.516811, 0.860879, 0.0, 1.0, 0.0, 0.627436, 0.0, 0.0, 0.0, 1.0],
                [0.684775, 0.0, -0.728754, -0.053325, -0.728754, 0.0, -0.684775, 0.821657, 0.0, 1.0, 0.0, 0.627436, 0.0, 0.0, 0.0, 1.0],
                [0.82327, 0.0, -0.56765, -0.026862, -0.56765, 0.0, -0.82327, 0.785659, 0.0, 1.0, 0.0, 0.627436, 0.0, 0.0, 0.0, 1.0],
                [0.925033, 0.0, -0.379886, -0.007509, -0.379886, 0.0, -0.925033, 0.759332, 0.0, 1.0, 0.0, 0.627436, 0.0, 0.0, 0.0, 1.0],
                [0.985234, 0.0, -0.171212, -5e-06, -0.171212, 0.0, -0.985234, 0.749124, 0.0, 1.0, 0.0, 0.627436, 0.0, 0.0, 0.0, 1.0],
                [0.998683, 0.0, 0.051299, -5e-06, 0.051299, 0.0, -0.998683, 0.753465, 0.0, 1.0, 0.0, 0.627436, 0.0, 0.0, 0.0, 1.0],
                [0.965181, 0.0, 0.261584, -5e-06, 0.261584, 0.0, -0.965181, 0.7706, 0.0, 1.0, 0.0, 0.627436, 0.0, 0.0, 0.0, 1.0],
                [0.902803, 0.0, 0.430055, -5e-06, 0.430055, 0.0, -0.902803, 0.806698, 0.0, 1.0, 0.0, 0.627436, 0.0, 0.0, 0.0, 1.0],
                [0.842894, 0.0, 0.53808, -5e-06, 0.53808, 0.0, -0.842894, 0.867928, 0.0, 1.0, 0.0, 0.627436, 0.0, 0.0, 0.0, 1.0],
                [0.817296, 0.0, 0.576218, -5e-06, 0.576218, 0.0, -0.817296, 0.960459, 0.0, 1.0, 0.0, 0.627436, 0.0, 0.0, 0.0, 1.0],
                [0.817296, 0.0, 0.576218, -5e-06, 0.576218, 0.0, -0.817296, 1.074, 0.0, 1.0, 0.0, 0.627436, 0.0, 0.0, 0.0, 1.0],
                [0.817296, 0.0, 0.576218, -5e-06, 0.576218, 0.0, -0.817296, 1.132423, 0.0, 1.0, 0.0, 0.627436, 0.0, 0.0, 0.0, 1.0],
                [0.802415, 0.0, 0.596767, -5e-06, 0.596767, 0.0, -0.802415, 1.132423, 0.0, 1.0, 0.0, 0.627436, 0.0, 0.0, 0.0, 1.0],
                [0.76285, 0.0, 0.646575, -5e-06, 0.646575, 0.0, -0.76285, 1.132423, 0.0, 1.0, 0.0, 0.627436, 0.0, 0.0, 0.0, 1.0],
                [0.706663, 0.0, 0.70755, -5e-06, 0.70755, 0.0, -0.706663, 1.132423, 0.0, 1.0, 0.0, 0.627436, 0.0, 0.0, 0.0, 1.0],
                [0.645617, 0.0, 0.763661, -5e-06, 0.763661, 0.0, -0.645617, 1.132423, 0.0, 1.0, 0.0, 0.627436, 0.0, 0.0, 0.0, 1.0],
                [0.595759, 0.0, 0.803163, -5e-06, 0.803163, 0.0, -0.595759, 1.132423, 0.0, 1.0, 0.0, 0.627436, 0.0, 0.0, 0.0, 1.0],
                [0.575191, 0.0, 0.818019, -5e-06, 0.818019, 0.0, -0.575191, 1.132423, 0.0, 1.0, 0.0, 0.627436, 0.0, 0.0, 0.0, 1.0]
            ]
        },
        {
            "name": "Thigh_R",
            "time": [0.0, 0.0167, 0.0333, 0.05, 0.0667, 0.0833, 0.1, 0.1167, 0.1333, 0.15, 0.1667, 0.1833, 0.2, 0.2167, 0.2333, 0.25, 0.2667, 0.2833, 0.3, 0.3167, 0.3333, 0.35, 0.3667, 0.3833, 0.4, 0.4167, 0.4333, 0.45, 0.4667, 0.4833, 0.5, 0.5167, 0.5333, 0.55, 0.5667, 0.5833, 0.6],
            "transform": [
                [0.946836, 0.244757, 0.208795, 0.124994, 0.187884, -0.947508, 0.258698, -0.002831, 0.261154, -0.205715, -0.943123, -1.2e-05, 0.0, 0.0, 0.0, 1.0],
                [0.911086, 0.396491, 0.112767, 0.124994, 0.271171, -0.782518, 0.560473, -0.002831, 0.310465, -0.480059, -0.820459, -1.2e-05, 0.0, 0.0, 0.0, 1.0],
                [0.792414, 0.609757, 0.016607, 0.124994, 0.380893, -0.515888, 0.76732, -0.002831, 0.476446, -0.601708, -0.64105, -1.2e-05, 0.0, 0.0, 0.0, 1.0],
                [0.726797, 0.666111, 0.167511, 0.124994, 0.372047, -0.586801, 0.719197, -0.002831, 0.577362, -0.460387, -0.674312, -1.2e-05, 0.0, 0.0, 0.0, 1.0],
                [0.754934, 0.632462, 0.173393, 0.124994, 0.45425, -0.695006, 0.557334, -0.002831, 0.473002, -0.341986, -0.811982, -1.2e-05, 0.0, 0.0, 0.0, 1.0],
                [0.737499, 0.646088, 0.196633, 0.124994, 0.469762, -0.699947, 0.537956, -0.002831, 0.4852, -0.304371, -0.819719, -1.2e-05, 0.0, 0.0, 0.0, 1.0],
                [0.753653, 0.623977, 0.206536, 0.124994, 0.460261, -0.725346, 0.51189, -0.002831, 0.469218, -0.290727, -0.833854, -1.2e-05, 0.0, 0.0, 0.0, 1.0],
                [0.925476, 0.36649, -0.095807, 0.124994, 0.373427, -0.840201, 0.393206, -0.002831, 0.063609, -0.399679, -0.914445, -1.2e-05, 0.0, 0.0, 0.0, 1.0],
                [0.856215, 0.008435, -0.51655, 0.124994, 0.265404, -0.865016, 0.425799, -0.002831, -0.443233, -0.501669, -0.742881, -1.2e-05, 0.0, 0.0, 0.0, 1.0],
                [0.819869, 0.012671, -0.572411, 0.124994, 0.351048, -0.800913, 0.485079, -0.002831, -0.452305, -0.598644, -0.661093, -1.2e-05, 0.0, 0.0, 0.0, 1.0],
                [0.876028, 0.157502, -0.455815, 0.124994, 0.406217, -0.750413, 0.521409, -0.002831, -0.259927, -0.641927, -0.721364, -1.2e-05, 0.0, 0.0, 0.0, 1.0],
                [0.919973, 0.322851, -0.222299, 0.124994, 0.39082, -0.711842, 0.583557, -0.002831, 0.03016, -0.623734, -0.781053, -1.2e-05, 0.0, 0.0, 0.0, 1.0],
                [0.890704, 0.453531, -0.030886, 0.124994, 0.377404, -0.699896, 0.606391, -0.002831, 0.2534, -0.551771, -0.794567, -1.2e-05, 0.0, 0.0, 0.0, 1.0],
                [0.872753, 0.484828, 0.056939, 0.124994, 0.358716, -0.716058, 0.598817, -0.002831, 0.331096, -0.502194, -0.798859, -1.2e-05, 0.0, 0.0, 0.0, 1.0],
                [0.885662, 0.456676, 0.083957, 0.124994, 0.314065, -0.722349, 0.616095, -0.002831, 0.342003, -0.519283, -0.783185, -1.2e-05, 0.0, 0.0, 0.0, 1.0],
                [0.899994, 0.428301, 0.081052, 0.124994, 0.284184, -0.717505, 0.635944, -0.002831, 0.330531, -0.549311, -0.767467, -1.2e-05, 0.0, 0.0, 0.0, 1.0],
                [0.865942, 0.474843, 0.157058, 0.124994, 0.28047, -0.721038, 0.633592, -0.002831, 0.414102, -0.504603, -0.757558, -1.2e-05, 0.0, 0.0, 0.0, 1.0],
                [0.793129, 0.535348, 0.290426, 0.124994, 0.280768, -0.744535, 0.605669, -0.002831, 0.540477, -0.398831, -0.740823, -1.2e-05, 0.0, 0.0, 0.0, 1.0],
                [0.709725, 0.560351, 0.426961, 0.124994, 0.25694, -0.770213, 0.58374, -0.002831, 0.655951, -0.304591, -0.690617, -1.2e-05, 0.0, 0.0, 0.0, 1.0],
                [0.62611, 0.561215, 0.541315, 0.124994, 0.216289, -0.791989, 0.570937, -0.002831, 0.749136, -0.240389, -0.617259, -1.2e-05, 0.0, 0.0, 0.0, 1.0],
                [0.562523, 0.55471, 0.613078, 0.124994, 0.168578, -0.802897, 0.571784, -0.002831, 0.809413, -0.21829, -0.545161, -1.2e-05, 0.0, 0.0, 0.0, 1.0],
                [0.545637, 0.554133, 0.628662, 0.124994, 0.131372, -0.797458, 0.588898, -0.002831, 0.82766, -0.238736, -0.507921, -1.2e-05, 0.0, 0.0, 0.0, 1.0],
                [0.588866, 0.560329, 0.582466, 0.124994, 0.134338, -0.778498, 0.6131, -0.002831, 0.796988, -0.282786, -0.533706, -1.2e-05, 0.0, 0.0, 0.0, 1.0],
                [0.651869, 0.571332, 0.498643, 0.124994, 0.204526, -0.765644, 0.609883, -0.002831, 0.730229, -0.295578, -0.615954, -1.2e-05, 0.0, 0.0, 0.0, 1.0],
                [0.674012, 0.585255, 0.450758, 0.124994, 0.303471, -0.775687, 0.553365, -0.002831, 0.673508, -0.236183, -0.700432, -1.2e-05, 0.0, 0.0, 0.0, 1.0],
                [0.657876, 0.592821, 0.464501, 0.124994, 0.383773, -0.79456, 0.470522, -0.002831, 0.64801, -0.131282, -0.750232, -1.2e-05, 0.0, 0.0, 0.0, 1.0],
                [0.622273, 0.58829, 0.51642, 0.124994, 0.441407, -0.808523, 0.389164, -0.002831, 0.64648, -0.014215, -0.762799, -1.2e-05, 0.0, 0.0, 0.0, 1.0],
                [0.589176, 0.575212, 0.567452, 0.124994, 0.476382, -0.814531, 0.331054, -0.002831, 0.652634, 0.075275, -0.753925, -1.2e-05, 0.0, 0.0, 0.0, 1.0],
                [0.57796, 0.570171, 0.583837, 0.124994, 0.4875, -0.814973, 0.313307, -0.002831, 0.65445, 0.103541, -0.748982, -1.2e-05, 0.0, 0.0, 0.0, 1.0],
                [0.579189, 0.571204, 0.581606, 0.124994, 0.48706, -0.814588, 0.314986, -0.002831, 0.653691, 0.10084, -0.750013, -1.2e-05, 0.0, 0.0, 0.0, 1.0],
                [0.57796, 0.570171, 0.583837, 0.124994, 0.4875, -0.814973, 0.313306, -0.002831, 0.65445, 0.103541, -0.748982, -1.2e-05, 0.0, 0.0, 0.0, 1.0],
                [0.558732, 0.565112, 0.607013, 0.124994, 0.490298, -0.81539, 0.307807, -0.002831, 0.668899, 0.125635, -0.73266, -1.2e-05, 0.0, 0.0, 0.0, 1.0],
                [0.508715, 0.549017, 0.663166, 0.124994, 0.49754, -0.816108, 0.293972, -0.002831, 0.702611, 0.180403, -0.688326, -1.2e-05, 0.0, 0.0, 0.0, 1.0],
                [0.440054, 0.520721, 0.731575, 0.124994, 0.507396, -0.816361, 0.275866, -0.002831, 0.740879, 0.249802, -0.623456, -1.2e-05, 0.0, 0.0, 0.0, 1.0],
                [0.368143, 0.484257, 0.793703, 0.124994, 0.51761, -0.815882, 0.257708, -0.002831, 0.772366, 0.315955, -0.55102, -1.2e-05, 0.0, 0.0, 0.0, 1.0],
                [0.311257, 0.450887, 0.836553, 0.124994, 0.525614, -0.815058, 0.243738, -0.002831, 0.791738, 0.363837, -0.490686, -1.2e-05, 0.0, 0.0, 0.0, 1.0],
                [0.288242, 0.436304, 0.852382, 0.124994, 0.528832, -0.814628, 0.23815, -0.002831, 0.798281, 0.382121, -0.465542, -1.2e-05, 0.0, 0.0, 0.0, 1.0]
            ]
        },
        {
            "name": "Leg_R",
            "time": [0.0, 0.0167, 0.0333, 0.05, 0.0667, 0.0833, 0.1, 0.1167, 0.1333, 0.15, 0.1667, 0.1833, 0.2, 0.2167, 0.2333, 0.25, 0.2667, 0.2833, 0.3, 0.3167, 0.3333, 0.35, 0.3667, 0.3833, 0.4, 0.4167, 0.4333, 0.45, 0.4667, 0.4833, 0.5, 0.5167, 0.5333, 0.55, 0.5667, 0.5833, 0.6],
            "transform": [
                [1.0, -0.0, 1e-06, 0.0, -0.0, 0.892145, 0.451754, 0.374726, -1e-06, -0.451755, 0.892139, -0.0, 0.0, 0.0, 0.0, 1.0],
                [1.0, -1e-06, 1e-06, 0.0, -0.0, 0.505177, 0.863016, 0.374726, -1e-06, -0.863017, 0.505174, -0.0, 0.0, 0.0, 0.0, 1.0],
                [1.0, -1e-06, 0.0, 0.0, -0.0, 0.341617, 0.939839, 0.374726, -1e-06, -0.93984, 0.341614, 0.0, 0.0, 0.0, 0.0, 1.0],
                [1.0, -1e-06, 1e-06, -0.0, -0.0, 0.668062, 0.744107, 0.374726, -1e-06, -0.744108, 0.668058, -0.0, 0.0, 0.0, 0.0, 1.0],
                [1.0, -1e-06, 1e-06, -0.0, -0.0, 0.708656, 0.705556, 0.374726, -1e-06, -0.705557, 0.708652, 0.0, 0.0, 0.0, 0.0, 1.0],
                [1.0, -1e-06, 1e-06, -0.0, -0.0, 0.5707, 0.821159, 0.374726, -1e-06, -0.821161, 0.570696, -0.0, 0.0, 0.0, 0.0, 1.0],
                [1.0, -1e-06, 1e-06, -0.0, -0.0, 0.509828, 0.860277, 0.374726, -1e-06, -0.860278, 0.509825, 0.0, 0.0, 0.0, 0.0, 1.0],
                [1.0, -1e-06, 0.0, -0.0, -0.0, 0.398413, 0.917205, 0.374726, -1e-06, -0.917207, 0.398411, 0.0, 0.0, 0.0, 0.0, 1.0],
                [1.0, -1e-06, 0.0, 0.0, -0.0, 0.306732, 0.951795, 0.374726, -1e-06, -0.951797, 0.306731, -0.0, 0.0, 0.0, 0.0, 1.0],
                [1.0, -1e-06, 0.0, 0.0, -0.0, 0.349904, 0.936785, 0.374726, -1e-06, -0.936787, 0.349902, -0.0, 0.0, 0.0, 0.0, 1.0],
                [1.0, -1e-06, 1e-06, 0.0, -0.0, 0.413656, 0.910433, 0.374726, -1e-06, -0.910435, 0.413653, -0.0, 0.0, 0.0, 0.0, 1.0],
                [1.0, -1e-06, 1e-06, -0.0, -0.0, 0.409005, 0.912531, 0.374726, -1e-06, -0.912533, 0.409003, -0.0, 0.0, 0.0, 0.0, 1.0],
                [1.0, -1e-06, 0.0, 0.0, -0.0, 0.39971, 0.916641, 0.374726, -1e-06, -0.916643, 0.399708, 0.0, 0.0, 0.0, 0.0, 1.0],
                [1.0, -1e-06, 0.0, 0.0, -0.0, 0.366216, 0.930529, 0.374726, -1e-06, -0.930531, 0.366214, 0.0, 0.0, 0.0, 0.0, 1.0],
                [1.0, -1e-06, 1e-06, 0.0, -0.0, 0.316725, 0.948517, 0.374726, -1e-06, -0.948518, 0.316724, 0.0, 0.0, 0.0, 0.0, 1.0],
                [1.0, -1e-06, 0.0, -0.0, -0.0, 0.292504, 0.956263, 0.374726, -1e-06, -0.956265, 0.292503, 0.0, 0.0, 0.0, 0.0, 1.0],
                [1.0, -1e-06, 0.0, 0.0, -0.0, 0.288125, 0.957592, 0.374726, -1e-06, -0.957594, 0.288124, -0.0, 0.0, 0.0, 0.0, 1.0],
                [1.0, -1e-06, 0.0, -0.0, -0.0, 0.286552, 0.958064, 0.374726, -1e-06, -0.958065, 0.286551, -0.0, 0.0, 0.0, 0.0, 1.0],
                [1.0, -1e-06, 0.0, -0.0, -0.0, 0.277802, 0.960638, 0.374726, -1e-06, -0.960639, 0.277801, -0.0, 0.0, 0.0, 0.0, 1.0],
                [1.0, -1e-06, 0.0, -0.0, -0.0, 0.267875, 0.963453, 0.374726, -1e-06, -0.963454, 0.267873, 0.0, 0.0, 0.0, 0.0, 1.0],
                [1.0, -1e-06, 0.0, 0.0, -0.0, 0.260832, 0.965384, 0.374726, -1e-06, -0.965385, 0.260831, -0.0, 0.0, 0.0, 0.0, 1.0],
                [1.0, -1e-06, 0.0, -0.0, -0.0, 0.260187, 0.965557, 0.374726, -1e-06, -0.965559, 0.260186, -0.0, 0.0, 0.0, 0.0, 1.0],
                [1.0, -1e-06, 0.0, 0.0, -0.0, 0.272136, 0.962258, 0.374726, -1e-06, -0.96226, 0.272134, 0.0, 0.0, 0.0, 0.0, 1.0],
                [1.0, -1e-06, 0.0, 0.0, -0.0, 0.310178, 0.950678, 0.374726, -1e-06, -0.950679, 0.310177, -0.0, 0.0, 0.0, 0.0, 1.0],
                [1.0, -1e-06, 1e-06, -0.0, -0.0, 0.381161, 0.924508, 0.374726, -1e-06, -0.92451, 0.381159, -0.0, 0.0, 0.0, 0.0, 1.0],
                [1.0, -1e-06, 1e-06, 0.0, -0.0, 0.469333, 0.883021, 0.374726, -1e-06, -0.883022, 0.469331, 0.0, 0.0, 0.0, 0.0, 1.0],
                [1.0, -1e-06, 1e-06, 0.0, -0.0, 0.558625, 0.829421, 0.374726, -1e-06, -0.829422, 0.558622, -0.0, 0.0, 0.0, 0.0, 1.0],
                [1.0, -1e-06, 1e-06, 0.0, -0.0, 0.626688, 0.779271, 0.374726, -1e-06, -0.779272, 0.626684, 0.0, 0.0, 0.0, 0.0, 1.0],
                [1.0, -1e-06, 1e-06, 0.0, -0.0, 0.650313, 0.759667, 0.374726, -1e-06, -0.759668, 0.650309, -0.0, 0.0, 0.0, 0.0, 1.0],
                [1.0, -0.0, 1e-06, 0.0, -0.0, 0.649137, 0.760673, 0.374726, -1e-06, -0.760674, 0.649133, 0.0, 0.0, 0.0, 0.0, 1.0],
                [1.0, -1e-06, 1e-06, 0.0, -0.0, 0.650313, 0.759667, 0.374726, -1e-06, -0.759668, 0.650309, -0.0, 0.0, 0.0, 0.0, 1.0],
                [1.0, -1e-06, 1e-06, 0.0, -0.0, 0.656663, 0.754185, 0.374726, -1e-06, -0.754186, 0.656659, -0.0, 0.0, 0.0, 0.0, 1.0],
                [1.0, -1e-06, 1e-06, 0.0, -0.0, 0.673342, 0.739333, 0.374726, -1e-06, -0.739334, 0.673338, -0.0, 0.0, 0.0, 0.0, 1.0],
                [1.000001, -1e-06, 1e-06, 0.0, -0.0, 0.696617, 0.717444, 0.374726, -1e-06, -0.717446, 0.696613, -0.0, 0.0, 0.0, 0.0, 1.0],
                [1.0, -1e-06, 1e-06, -0.0, -0.0, 0.721477, 0.692439, 0.374726, -1e-06, -0.692441, 0.721473, 0.0, 0.0, 0.0, 0.0, 1.0],
                [1.0, -1e-06, 1e-06, -0.0, -0.0, 0.741515, 0.670938, 0.374726, -1e-06, -0.670939, 0.741511, 0.0, 0.0, 0.0, 0.0, 1.0],
                [1.0, -1e-06, 1e-06, 0.0, -0.0, 0.749721, 0.661755, 0.374726, -1e-06, -0.661756, 0.749717, -0.0, 0.0, 0.0, 0.0, 1.0]
            ]
        },
        {
            "name": "Knee_R",
            "time": [0.0, 0.6],
            "transform": [
                [1.0, 0.0, -0.0, 0.0, -0.0, 0.00567, -0.999984, 0.374726, -0.0, 0.999984, 0.00567, -0.0, 0.0, 0.0, 0.0, 1.0],
                [1.0, 0.0, -0.0, 0.0, -0.0, 0.00567, -0.999984, 0.394497, -0.0, 0.999984, 0.00567, -0.000112, 0.0, 0.0, 0.0, 1.0]
            ]
        },
        {
            "name": "Thigh_L",
            "time": [0.0, 0.0167, 0.0333, 0.05, 0.0667, 0.0833, 0.1, 0.1167, 0.1333, 0.15, 0.1667, 0.1833, 0.2, 0.2167, 0.2333, 0.25, 0.2667, 0.2833, 0.3, 0.3167, 0.3333, 0.35, 0.3667, 0.3833, 0.4, 0.4167, 0.4333, 0.45, 0.4667, 0.4833, 0.5, 0.5167, 0.5333, 0.55, 0.5667, 0.5833, 0.6],
            "transform": [
                [0.967917, -0.243783, 0.060885, -0.125006, -0.250246, -0.913371, 0.321138, -0.002831, -0.022677, -0.326071, -0.945073, -1.2e-05, 0.0, 0.0, 0.0, 1.0],
                [0.967041, -0.218557, 0.130627, -0.125006, -0.250386, -0.909432, 0.332022, -0.002831, 0.046231, -0.353786, -0.934183, -1.2e-05, 0.0, 0.0, 0.0, 1.0],
                [0.938711, -0.141537, 0.314305, -0.125006, -0.254959, -0.898735, 0.356749, -0.002831, 0.231984, -0.41502, -0.87974, -1.2e-05, 0.0, 0.0, 0.0, 1.0],
                [0.927273, -0.217138, 0.304983, -0.125006, -0.335333, -0.843951, 0.418685, -0.002831, 0.166478, -0.490507, -0.855387, -1.2e-05, 0.0, 0.0, 0.0, 1.0],
                [0.876825, -0.333691, 0.346161, -0.125006, -0.469482, -0.749553, 0.466644, -0.002831, 0.103751, -0.571681, -0.813889, -1.2e-05, 0.0, 0.0, 0.0, 1.0],
                [0.876446, -0.217287, 0.429683, -0.125006, -0.418168, -0.785886, 0.455542, -0.002831, 0.238699, -0.578938, -0.77965, -1.2e-05, 0.0, 0.0, 0.0, 1.0],
                [0.894891, -0.064638, 0.441578, -0.125006, -0.261163, -0.878191, 0.400717, -0.002831, 0.361889, -0.473922, -0.802766, -1.2e-05, 0.0, 0.0, 0.0, 1.0],
                [0.927622, 0.061545, 0.368413, -0.125006, -0.112643, -0.894316, 0.433023, -0.002831, 0.356128, -0.443181, -0.822656, -1.2e-05, 0.0, 0.0, 0.0, 1.0],
                [0.956124, -0.240364, 0.167486, -0.125006, -0.276695, -0.928756, 0.246679, -0.002831, 0.096261, -0.282199, -0.954514, -1.2e-05, 0.0, 0.0, 0.0, 1.0],
                [0.830009, -0.557236, 0.023917, -0.125006, -0.5433, -0.798064, 0.260613, -0.002831, -0.126135, -0.229305, -0.965147, -1.2e-05, 0.0, 0.0, 0.0, 1.0],
                [0.803592, -0.579478, 0.135811, -0.125006, -0.576967, -0.702432, 0.41677, -0.002831, -0.146111, -0.413271, -0.898809, -1.2e-05, 0.0, 0.0, 0.0, 1.0],
                [0.868085, -0.387581, 0.310176, -0.125006, -0.493556, -0.60689, 0.622966, -0.002831, -0.053207, -0.693876, -0.718126, -1.2e-05, 0.0, 0.0, 0.0, 1.0],
                [0.955116, -0.224283, 0.193518, -0.125006, -0.284059, -0.508101, 0.813107, -0.002831, -0.08404, -0.831582, -0.549006, -1.2e-05, 0.0, 0.0, 0.0, 1.0],
                [0.938922, -0.33256, -0.08848, -0.125006, -0.086966, -0.478067, 0.874007, -0.002831, -0.332959, -0.812929, -0.47779, -1.2e-05, 0.0, 0.0, 0.0, 1.0],
                [0.900395, -0.419928, -0.113793, -0.125006, -0.125064, -0.500323, 0.856758, -0.002831, -0.41671, -0.757189, -0.503007, -1.2e-05, 0.0, 0.0, 0.0, 1.0],
                [0.914945, -0.401762, -0.038232, -0.125006, -0.214119, -0.563543, 0.797855, -0.002831, -0.342093, -0.721807, -0.601636, -1.2e-05, 0.0, 0.0, 0.0, 1.0],
                [0.941775, -0.332129, 0.05244, -0.125006, -0.255297, -0.604807, 0.754342, -0.002831, -0.218823, -0.723808, -0.654383, -1.2e-05, 0.0, 0.0, 0.0, 1.0],
                [0.959695, -0.253687, 0.120944, -0.125006, -0.255895, -0.610847, 0.749255, -0.002831, -0.116198, -0.750005, -0.651145, -1.2e-05, 0.0, 0.0, 0.0, 1.0],
                [0.959369, -0.231552, 0.161228, -0.125006, -0.275053, -0.640108, 0.717361, -0.002831, -0.062903, -0.73256, -0.677789, -1.2e-05, 0.0, 0.0, 0.0, 1.0],
                [0.942974, -0.279199, 0.181238, -0.125006, -0.327059, -0.675898, 0.66045, -0.002831, -0.061899, -0.682063, -0.728669, -1.2e-05, 0.0, 0.0, 0.0, 1.0],
                [0.911263, -0.364939, 0.190836, -0.125006, -0.40306, -0.695248, 0.595123, -0.002831, -0.084505, -0.619233, -0.780647, -1.2e-05, 0.0, 0.0, 0.0, 1.0],
                [0.877247, -0.433325, 0.206561, -0.125006, -0.472295, -0.702118, 0.532886, -0.002831, -0.085882, -0.56503, -0.820588, -1.2e-05, 0.0, 0.0, 0.0, 1.0],
                [0.858659, -0.453351, 0.239114, -0.125006, -0.510605, -0.716053, 0.475973, -0.002831, -0.044564, -0.530792, -0.846329, -1.2e-05, 0.0, 0.0, 0.0, 1.0],
                [0.86266, -0.407591, 0.299479, -0.125006, -0.504393, -0.737158, 0.449649, -0.002831, 0.03749, -0.538949, -0.841503, -1.2e-05, 0.0, 0.0, 0.0, 1.0],
                [0.879132, -0.287044, 0.380436, -0.125006, -0.453581, -0.74893, 0.483081, -0.002831, 0.146255, -0.59725, -0.788607, -1.2e-05, 0.0, 0.0, 0.0, 1.0],
                [0.891175, -0.121398, 0.437113, -0.125006, -0.374504, -0.740657, 0.557829, -0.002831, 0.256032, -0.660824, -0.70552, -1.2e-05, 0.0, 0.0, 0.0, 1.0],
                [0.8941, 0.046644, 0.445431, -0.125006, -0.285776, -0.706363, 0.647597, -0.002831, 0.344842, -0.70631, -0.61823, -1.2e-05, 0.0, 0.0, 0.0, 1.0],
                [0.889928, 0.155383, 0.428816, -0.125006, -0.221358, -0.674887, 0.703937, -0.002831, 0.398782, -0.721375, -0.566206, -1.2e-05, 0.0, 0.0, 0.0, 1.0],
                [0.884866, 0.169313, 0.433988, -0.125006, -0.213837, -0.680037, 0.701301, -0.002831, 0.413867, -0.71336, -0.565536, -1.2e-05, 0.0, 0.0, 0.0, 1.0],
                [0.801659, 0.016948, 0.597541, -0.125006, -0.376173, -0.762562, 0.526301, -0.002831, 0.464582, -0.646693, -0.604939, -1.2e-05, 0.0, 0.0, 0.0, 1.0],
                [0.718822, -0.176088, 0.672523, -0.125006, -0.488653, -0.81607, 0.308621, -0.002831, 0.494481, -0.550474, -0.672656, -1.2e-05, 0.0, 0.0, 0.0, 1.0],
                [0.705853, -0.164854, 0.688908, -0.125006, -0.490521, -0.815385, 0.307466, -0.002831, 0.511038, -0.55495, -0.656407, -1.2e-05, 0.0, 0.0, 0.0, 1.0],
                [0.671661, -0.137571, 0.727974, -0.125006, -0.495428, -0.813985, 0.303279, -0.002831, 0.550838, -0.564359, -0.614879, -1.2e-05, 0.0, 0.0, 0.0, 1.0],
                [0.623764, -0.10452, 0.774592, -0.125006, -0.502262, -0.812922, 0.29477, -0.002831, 0.598874, -0.572915, -0.559569, -1.2e-05, 0.0, 0.0, 0.0, 1.0],
                [0.572511, -0.075427, 0.81642, -0.125006, -0.509522, -0.812864, 0.282203, -0.002831, 0.642353, -0.577548, -0.503806, -1.2e-05, 0.0, 0.0, 0.0, 1.0],
                [0.531199, -0.056834, 0.845339, -0.125006, -0.515336, -0.813633, 0.269127, -0.002831, 0.6725, -0.578593, -0.46149, -1.2e-05, 0.0, 0.0, 0.0, 1.0],
                [0.514289, -0.050603, 0.856122, -0.125006, -0.517706, -0.814173, 0.262872, -0.002831, 0.68373, -0.578412, -0.444918, -1.2e-05, 0.0, 0.0, 0.0, 1.0]
            ]
        },
        {
            "name": "Leg_L",
            "time": [0.0, 0.0167, 0.0333, 0.05, 0.0667, 0.0833, 0.1, 0.1167, 0.1333, 0.15, 0.1667, 0.1833, 0.2, 0.2167, 0.2333, 0.25, 0.2667, 0.2833, 0.3, 0.3167, 0.3333, 0.35, 0.3667, 0.3833, 0.4, 0.4167, 0.4333, 0.45, 0.4667, 0.4833, 0.5, 0.5167, 0.5333, 0.55, 0.5667, 0.5833, 0.6],
            "transform": [
                [1.0, -0.0, 1e-06, -0.0, -0.0, 0.790155, 0.612907, 0.374726, -1e-06, -0.612907, 0.790155, 0.0, 0.0, 0.0, 0.0, 1.0],
                [1.0, -0.0, 1e-06, 0.0, -0.0, 0.790939, 0.611895, 0.374726, -1e-06, -0.611895, 0.790939, 0.0, 0.0, 0.0, 0.0, 1.0],
                [1.0, -1e-06, 1e-06, 0.0, -0.0, 0.800282, 0.599623, 0.374726, -1e-06, -0.599623, 0.800282, -0.0, 0.0, 0.0, 0.0, 1.0],
                [1.0, -1e-06, 1e-06, 0.0, -0.0, 0.692326, 0.721585, 0.374726, -1e-06, -0.721585, 0.692326, -0.0, 0.0, 0.0, 0.0, 1.0],
                [1.0, -1e-06, 1e-06, 0.0, -0.0, 0.660036, 0.751234, 0.374726, -1e-06, -0.751234, 0.660036, -0.0, 0.0, 0.0, 0.0, 1.0],
                [1.0, -1e-06, 1e-06, 0.0, -0.0, 0.747134, 0.664673, 0.374726, -1e-06, -0.664673, 0.747134, 0.0, 0.0, 0.0, 0.0, 1.0],
                [1.0, -1e-06, 1e-06, 0.0, -0.0, 0.724874, 0.688881, 0.374726, -1e-06, -0.688881, 0.724874, 0.0, 0.0, 0.0, 0.0, 1.0],
                [1.0, -1e-06, 0.0, 0.0, -0.0, 0.264712, 0.964328, 0.374726, -1e-06, -0.964327, 0.264712, 0.0, 0.0, 0.0, 0.0, 1.0],
                [1.0, -1e-06, 0.0, -0.0, -0.0, 0.143832, 0.989602, 0.374726, -1e-06, -0.989602, 0.143832, -0.0, 0.0, 0.0, 0.0, 1.0],
                [1.0, -1e-06, 1e-06, -0.0, -0.0, 0.437323, 0.899305, 0.374726, -1e-06, -0.899305, 0.437322, -0.0, 0.0, 0.0, 0.0, 1.0],
                [1.0, -1e-06, 1e-06, -0.0, -0.0, 0.597835, 0.80162, 0.374726, -1e-06, -0.80162, 0.597834, -0.0, 0.0, 0.0, 0.0, 1.0],
                [1.0, -1e-06, 1e-06, -0.0, -0.0, 0.528053, 0.849211, 0.374726, -1e-06, -0.849211, 0.528053, -0.0, 0.0, 0.0, 0.0, 1.0],
                [1.0, -1e-06, 1e-06, -0.0, -0.0, 0.398376, 0.917222, 0.374726, -1e-06, -0.917222, 0.398375, -0.0, 0.0, 0.0, 0.0, 1.0],
                [1.0, -1e-06, 0.0, -0.0, -0.0, 0.305271, 0.952266, 0.374726, -1e-06, -0.952265, 0.305271, -0.0, 0.0, 0.0, 0.0, 1.0],
                [1.0, -1e-06, 1e-06, -0.0, -0.0, 0.397299, 0.917689, 0.374726, -1e-06, -0.917689, 0.3973, 0.0, 0.0, 0.0, 0.0, 1.0],
                [1.0, -1e-06, 1e-06, 0.0, -0.0, 0.604079, 0.796924, 0.374726, -1e-06, -0.796924, 0.604079, 0.0, 0.0, 0.0, 0.0, 1.0],
                [1.0, -1e-06, 1e-06, 0.0, -0.0, 0.661371, 0.750058, 0.374726, -1e-06, -0.750058, 0.661371, 0.0, 0.0, 0.0, 0.0, 1.0],
                [1.000001, -1e-06, 1e-06, 0.0, -0.0, 0.549985, 0.835175, 0.374726, -1e-06, -0.835174, 0.549985, -0.0, 0.0, 0.0, 0.0, 1.0],
                [1.0, -1e-06, 1e-06, 0.0, -0.0, 0.467349, 0.884073, 0.374726, -1e-06, -0.884073, 0.467349, -0.0, 0.0, 0.0, 0.0, 1.0],
                [1.0, -1e-06, 1e-06, 0.0, -0.0, 0.461453, 0.887164, 0.374726, -1e-06, -0.887164, 0.461454, 0.0, 0.0, 0.0, 0.0, 1.0],
                [1.0, -1e-06, 1e-06, 0.0, -0.0, 0.547024, 0.837117, 0.374726, -1e-06, -0.837117, 0.547024, -0.0, 0.0, 0.0, 0.0, 1.0],
                [1.0, -0.0, 1e-06, 0.0, -0.0, 0.699076, 0.715047, 0.374726, -1e-06, -0.715047, 0.699076, 0.0, 0.0, 0.0, 0.0, 1.0],
                [1.0, -0.0, 1e-06, -0.0, -0.0, 0.858406, 0.51297, 0.374726, -1e-06, -0.51297, 0.858406, -0.0, 0.0, 0.0, 0.0, 1.0],
                [1.0, -0.0, 1e-06, -0.0, -0.0, 0.95163, 0.307248, 0.374726, -1e-06, -0.307248, 0.951629, -0.0, 0.0, 0.0, 0.0, 1.0],
                [1.000001, -0.0, 1e-06, 0.0, -0.0, 0.976412, 0.215916, 0.374726, -1e-06, -0.215916, 0.976412, -0.0, 0.0, 0.0, 0.0, 1.0],
                [1.000001, -0.0, 1e-06, -0.0, -0.0, 0.966423, 0.256958, 0.374726, -1e-06, -0.256958, 0.966423, -0.0, 0.0, 0.0, 0.0, 1.0],
                [1.0, -0.0, 1e-06, 0.0, -0.0, 0.908052, 0.418857, 0.374726, -1e-06, -0.418857, 0.908052, -0.0, 0.0, 0.0, 0.0, 1.0],
                [1.0, -0.0, 1e-06, -0.0, -0.0, 0.794565, 0.607179, 0.374726, -1e-06, -0.607179, 0.794565, 0.0, 0.0, 0.0, 0.0, 1.0],
                [1.0, -0.0, 1e-06, 0.0, -0.0, 0.64633, 0.763057, 0.374726, -1e-06, -0.763057, 0.64633, -0.0, 0.0, 0.0, 0.0, 1.0],
                [1.0, -0.0, 1e-06, 0.0, -0.0, 0.671234, 0.741245, 0.374726, -1e-06, -0.741245, 0.671234, 0.0, 0.0, 0.0, 0.0, 1.0],
                [1.0, -0.0, 1e-06, 0.0, -0.0, 0.836244, 0.548358, 0.374726, -1e-06, -0.548358, 0.836244, 0.0, 0.0, 0.0, 0.0, 1.0],
                [1.0, -0.0, 1e-06, -0.0, -0.0, 0.841783, 0.539816, 0.374726, -1e-06, -0.539816, 0.841783, 0.0, 0.0, 0.0, 0.0, 1.0],
                [1.0, -0.0, 1e-06, 0.0, -0.0, 0.856616, 0.515956, 0.374726, -1e-06, -0.515955, 0.856615, -0.0, 0.0, 0.0, 0.0, 1.0],
                [1.0, -0.0, 1e-06, -0.0, -0.0, 0.877897, 0.478848, 0.374726, -1e-06, -0.478848, 0.877897, 0.0, 0.0, 0.0, 0.0, 1.0],
                [1.0, -0.0, 1e-06, -0.0, -0.0, 0.901242, 0.433316, 0.374726, -1e-06, -0.433316, 0.901242, 0.0, 0.0, 0.0, 0.0, 1.0],
                [1.0, -0.0, 1e-06, -0.0, -0.0, 0.920443, 0.390877, 0.374726, -1e-06, -0.390877, 0.920443, 0.0, 0.0, 0.0, 0.0, 1.0],
                [1.0, -0.0, 1e-06, -0.0, -0.0, 0.928395, 0.371595, 0.374726, -1e-06, -0.371594, 0.928395, 0.0, 0.0, 0.0, 0.0, 1.0]
            ]
        },
        {
            "name": "Knee_L",
            "time": [0.0, 0.6],
            "transform": [
                [1.0, 0.0, -0.0, -0.0, -0.0, 0.00567, -0.999984, 0.387835, -0.0, 0.999984, 0.00567, -7.4e-05, 0.0, 0.0, 0.0, 1.0],
                [1.0, 0.0, -0.0, 0.0, -0.0, 0.00567, -0.999984, 0.374726, -0.0, 0.999984, 0.00567, 0.0, 0.0, 0.0, 0.0, 1.0]
            ]
        },
        {
            "name": "Torso",
            "time": [0.0, 0.0167, 0.0333, 0.05, 0.0667, 0.0833, 0.1, 0.1167, 0.1333, 0.15, 0.1667, 0.1833, 0.2, 0.2167, 0.2333, 0.25, 0.2667, 0.2833, 0.3, 0.3167, 0.3333, 0.35, 0.3667, 0.3833, 0.4, 0.4167, 0.4333, 0.45, 0.4667, 0.4833, 0.5, 0.5167, 0.5333, 0.55, 0.5667, 0.5833, 0.6],
            "transform": [
                [1.0, 0.0, 0.0, -0.0, 0.0, 1.0, 0.0, 0.05, 0.0, 0.0, 1.0, -0.0, 0.0, 0.0, 0.0, 1.0],
                [1.0, 0.0, 0.0, -0.0, 0.0, 1.0, 0.0, 0.05, 0.0, 0.0, 1.0, 0.0, 0.0, 0.0, 0.0, 1.0],
                [1.0, 0.0, 0.0, 0.0, 0.0, 1.0, 0.0, 0.05, 0.0, 0.0, 1.0, -0.0, 0.0, 0.0, 0.0, 1.0],
                [1.0, 0.0, 0.0, 0.0, 0.0, 1.0, 0.0, 0.05, 0.0, 0.0, 1.0, -0.0, 0.0, 0.0, 0.0, 1.0],
                [1.0, 0.0, -0.0, 0.0, 0.0, 1.0, 0.0, 0.05, 0.0, 0.0, 1.0, 0.0, 0.0, 0.0, 0.0, 1.0],
                [1.0, 0.0, 0.0, -0.0, 0.0, 1.0, 0.0, 0.05, 0.0, 0.0, 1.0, -0.0, 0.0, 0.0, 0.0, 1.0],
                [1.0, 0.0, 0.0, 0.0, 0.0, 1.0, 0.0, 0.05, -0.0, 0.0, 1.0, -0.0, 0.0, 0.0, 0.0, 1.0],
                [1.0, 0.0, 0.0, -0.0, 0.0, 1.0, 0.0, 0.05, 0.0, 0.0, 1.0, 0.0, 0.0, 0.0, 0.0, 1.0],
                [1.0, 0.0, 0.0, 0.0, 0.0, 1.0, 0.0, 0.05, 0.0, 0.0, 1.0, 0.0, 0.0, 0.0, 0.0, 1.0],
                [1.0, 0.0, 0.0, 0.0, 0.0, 1.0, 0.0, 0.05, 0.0, 0.0, 1.0, 0.0, 0.0, 0.0, 0.0, 1.0],
                [1.0, 0.0, 0.0, 0.0, 0.0, 1.0, 0.0, 0.05, 0.0, 0.0, 1.0, -0.0, 0.0, 0.0, 0.0, 1.0],
                [1.0, 0.0, 0.0, 0.0, 0.0, 1.0, 0.0, 0.05, 0.0, 0.0, 1.0, -0.0, 0.0, 0.0, 0.0, 1.0],
                [1.0, 0.0, 0.0, 0.0, 0.0, 1.0, 0.0, 0.05, 0.0, 0.0, 1.0, -0.0, 0.0, 0.0, 0.0, 1.0],
                [1.0, 0.0, 0.0, 0.0, 0.0, 1.0, 0.0, 0.05, -0.0, 0.0, 1.0, 0.0, 0.0, 0.0, 0.0, 1.0],
                [1.0, 0.0, -0.0, 0.0, 0.0, 1.0, 0.0, 0.05, 0.0, 0.0, 1.0, 0.0, 0.0, 0.0, 0.0, 1.0],
                [1.0, 0.0, 0.0, 0.0, 0.0, 1.0, 0.0, 0.05, 0.0, 0.0, 1.0, -0.0, 0.0, 0.0, 0.0, 1.0],
                [1.0, 0.0, 0.0, -0.0, 0.0, 1.0, 0.0, 0.05, -0.0, 0.0, 1.0, 0.0, 0.0, 0.0, 0.0, 1.0],
                [1.0, 0.0, 0.0, -0.0, 0.0, 1.0, 0.0, 0.05, 0.0, 0.0, 1.0, 0.0, 0.0, 0.0, 0.0, 1.0],
                [1.0, 0.0, 0.0, -0.0, 0.0, 1.0, 0.0, 0.05, 0.0, 0.0, 1.0, -0.0, 0.0, 0.0, 0.0, 1.0],
                [1.0, 0.0, 0.0, 0.0, 0.0, 1.0, 0.0, 0.05, 0.0, 0.0, 1.0, 0.0, 0.0, 0.0, 0.0, 1.0],
                [1.0, 0.0, 0.0, -0.0, 0.0, 1.0, 0.0, 0.05, 0.0, 0.0, 1.0, -0.0, 0.0, 0.0, 0.0, 1.0],
                [1.0, 0.0, 0.0, -0.0, 0.0, 1.0, 0.0, 0.05, 0.0, 0.0, 1.0, -0.0, 0.0, 0.0, 0.0, 1.0],
                [1.0, 0.0, 0.0, 0.0, 0.0, 1.0, 0.0, 0.05, 0.0, 0.0, 1.0, 0.0, 0.0, 0.0, 0.0, 1.0],
                [1.0, 0.0, 0.0, -0.0, 0.0, 1.0, 0.0, 0.05, 0.0, 0.0, 1.0, 0.0, 0.0, 0.0, 0.0, 1.0],
                [1.0, 0.0, 0.0, -0.0, 0.0, 1.0, 0.0, 0.05, 0.0, 0.0, 1.0, 0.0, 0.0, 0.0, 0.0, 1.0],
                [1.0, 0.0, -0.0, 0.0, 0.0, 1.0, 0.0, 0.05, 0.0, 0.0, 1.0, -0.0, 0.0, 0.0, 0.0, 1.0],
                [1.0, 0.0, 0.0, -0.0, 0.0, 1.0, 0.0, 0.05, 0.0, 0.0, 1.0, -0.0, 0.0, 0.0, 0.0, 1.0],
                [1.0, 0.0, 0.0, -0.0, 0.0, 1.0, 0.0, 0.05, 0.0, 0.0, 1.0, 0.0, 0.0, 0.0, 0.0, 1.0],
                [1.0, 0.0, 0.0, -0.0, 0.0, 1.0, 0.0, 0.05, 0.0, 0.0, 1.0, 0.0, 0.0, 0.0, 0.0, 1.0],
                [1.0, 0.0, 0.0, -0.0, 0.0, 1.0, 0.0, 0.05, 0.0, 0.0, 1.0, 0.0, 0.0, 0.0, 0.0, 1.0],
                [1.0, 0.0, 0.0, -0.0, 0.0, 1.0, 0.0, 0.05, 0.0, 0.0, 1.0, 0.0, 0.0, 0.0, 0.0, 1.0],
                [1.0, 0.0, 0.0, 0.0, 0.0, 1.0, 0.0, 0.05, 0.0, 0.0, 1.0, -0.0, 0.0, 0.0, 0.0, 1.0],
                [1.0, 0.0, 0.0, 0.0, 0.0, 1.0, 0.0, 0.05, 0.0, 0.0, 1.0, 0.0, 0.0, 0.0, 0.0, 1.0],
                [1.0, 0.0, 0.0, 0.0, 0.0, 1.0, 0.0, 0.05, 0.0, 0.0, 1.0, 0.0, 0.0, 0.0, 0.0, 1.0],
                [1.0, 0.0, 0.0, 0.0, 0.0, 1.0, 0.0, 0.05, 0.0, 0.0, 1.0, 0.0, 0.0, 0.0, 0.0, 1.0],
                [1.0, 0.0, 0.0, -0.0, 0.0, 1.0, 0.0, 0.05, 0.0, 0.0, 1.0, -0.0, 0.0, 0.0, 0.0, 1.0],
                [1.0, 0.0, 0.0, -0.0, 0.0, 1.0, 0.0, 0.05, -0.0, 0.0, 1.0, 0.0, 0.0, 0.0, 0.0, 1.0]
            ]
        },
        {
            "name": "Chest",
            "time": [0.0, 0.0167, 0.0333, 0.05, 0.0667, 0.0833, 0.1, 0.1167, 0.1333, 0.15, 0.1667, 0.1833, 0.2, 0.2167, 0.2333, 0.25, 0.2667, 0.2833, 0.3, 0.3167, 0.3333, 0.35, 0.3667, 0.3833, 0.4, 0.4167, 0.4333, 0.45, 0.4667, 0.4833, 0.5, 0.5167, 0.5333, 0.55, 0.5667, 0.5833, 0.6],
            "transform": [
                [0.993376, -0.092622, 0.068009, 0.0, 0.059418, 0.920622, 0.385907, 0.3, -0.098354, -0.37931, 0.920027, -0.0, 0.0, 0.0, 0.0, 1.0],
                [0.993376, -0.092622, 0.068009, -0.0, 0.059418, 0.920622, 0.385907, 0.3, -0.098354, -0.37931, 0.920027, 0.0, 0.0, 0.0, 0.0, 1.0],
                [0.993376, -0.092622, 0.068009, 0.0, 0.059418, 0.920622, 0.385907, 0.3, -0.098354, -0.37931, 0.920027, -0.0, 0.0, 0.0, 0.0, 1.0],
                [0.993376, -0.092622, 0.068009, 0.0, 0.059418, 0.920622, 0.385908, 0.3, -0.098354, -0.37931, 0.920027, 0.0, 0.0, 0.0, 0.0, 1.0],
                [0.993376, -0.092622, 0.068009, 0.0, 0.059418, 0.920622, 0.385907, 0.3, -0.098354, -0.37931, 0.920027, -0.0, 0.0, 0.0, 0.0, 1.0],
                [0.993376, -0.092622, 0.068009, -0.0, 0.059418, 0.920622, 0.385907, 0.3, -0.098354, -0.37931, 0.920027, -0.0, 0.0, 0.0, 0.0, 1.0],
                [0.993376, -0.092622, 0.068009, 0.0, 0.059418, 0.920622, 0.385907, 0.3, -0.098354, -0.37931, 0.920027, -0.0, 0.0, 0.0, 0.0, 1.0],
                [0.993376, -0.092622, 0.068009, -0.0, 0.059418, 0.920622, 0.385907, 0.3, -0.098354, -0.37931, 0.920027, 0.0, 0.0, 0.0, 0.0, 1.0],
                [0.993376, -0.092622, 0.068009, 0.0, 0.059418, 0.920622, 0.385907, 0.3, -0.098354, -0.37931, 0.920027, 0.0, 0.0, 0.0, 0.0, 1.0],
                [0.993376, -0.092622, 0.068009, 0.0, 0.059418, 0.920622, 0.385907, 0.3, -0.098354, -0.37931, 0.920027, 0.0, 0.0, 0.0, 0.0, 1.0],
                [0.993376, -0.092622, 0.068009, 0.0, 0.059418, 0.920622, 0.385907, 0.3, -0.098354, -0.37931, 0.920027, 0.0, 0.0, 0.0, 0.0, 1.0],
                [0.993376, -0.092622, 0.068009, 0.0, 0.059418, 0.920622, 0.385907, 0.3, -0.098354, -0.37931, 0.920027, -0.0, 0.0, 0.0, 0.0, 1.0],
                [0.993376, -0.092622, 0.068009, -0.0, 0.059418, 0.920622, 0.385907, 0.3, -0.098354, -0.37931, 0.920027, -0.0, 0.0, 0.0, 0.0, 1.0],
                [0.993376, -0.092622, 0.068009, 0.0, 0.059418, 0.920622, 0.385907, 0.3, -0.098353, -0.37931, 0.920027, 0.0, 0.0, 0.0, 0.0, 1.0],
                [0.993376, -0.092622, 0.068009, 0.0, 0.059418, 0.920622, 0.385907, 0.3, -0.098354, -0.37931, 0.920027, -0.0, 0.0, 0.0, 0.0, 1.0],
                [0.993376, -0.092622, 0.068009, 0.0, 0.059418, 0.920622, 0.385907, 0.3, -0.098354, -0.37931, 0.920027, -0.0, 0.0, 0.0, 0.0, 1.0],
                [0.993376, -0.092622, 0.068009, -0.0, 0.059418, 0.920622, 0.385907, 0.3, -0.098354, -0.37931, 0.920027, 0.0, 0.0, 0.0, 0.0, 1.0],
                [0.993376, -0.092622, 0.068009, -0.0, 0.059418, 0.920622, 0.385907, 0.3, -0.098354, -0.37931, 0.920027, -0.0, 0.0, 0.0, 0.0, 1.0],
                [0.993376, -0.092622, 0.068009, -0.0, 0.059418, 0.920622, 0.385907, 0.3, -0.098354, -0.37931, 0.920027, 0.0, 0.0, 0.0, 0.0, 1.0],
                [0.993376, -0.092622, 0.068009, 0.0, 0.059418, 0.920622, 0.385907, 0.3, -0.098354, -0.37931, 0.920027, 0.0, 0.0, 0.0, 0.0, 1.0],
                [0.993376, -0.092622, 0.068009, -0.0, 0.059418, 0.920622, 0.385907, 0.3, -0.098354, -0.37931, 0.920027, 0.0, 0.0, 0.0, 0.0, 1.0],
                [0.993376, -0.092622, 0.068009, -0.0, 0.059418, 0.920622, 0.385907, 0.3, -0.098354, -0.37931, 0.920027, 0.0, 0.0, 0.0, 0.0, 1.0],
                [0.993376, -0.092622, 0.068009, 0.0, 0.059418, 0.920622, 0.385907, 0.3, -0.098354, -0.37931, 0.920027, -0.0, 0.0, 0.0, 0.0, 1.0],
                [0.993376, -0.092622, 0.068009, -0.0, 0.059418, 0.920622, 0.385907, 0.3, -0.098354, -0.37931, 0.920027, 0.0, 0.0, 0.0, 0.0, 1.0],
                [0.993766, -0.092642, 0.06202, -0.0, 0.059109, 0.90951, 0.411458, 0.3, -0.094526, -0.405227, 0.909316, 0.0, 0.0, 0.0, 0.0, 1.0],
                [0.994496, -0.093324, 0.047618, -0.0, 0.060023, 0.880018, 0.471132, 0.3, -0.085872, -0.465681, 0.880776, 0.0, 0.0, 0.0, 0.0, 1.0],
                [0.994949, -0.09584, 0.029863, -0.0, 0.06461, 0.839058, 0.540192, 0.3, -0.076829, -0.535534, 0.841011, 0.0, 0.0, 0.0, 0.0, 1.0],
                [0.994633, -0.102622, 0.013189, -0.0, 0.074419, 0.798117, 0.597889, 0.3, -0.071883, -0.593698, 0.801471, 0.0, 0.0, 0.0, 0.0, 1.0],
                [0.993044, -0.11773, 0.001662, -0.0, 0.090576, 0.772872, 0.628064, 0.3, -0.075226, -0.623545, 0.77816, 0.0, 0.0, 0.0, 0.0, 1.0],
                [0.932467, -0.290899, 0.214205, -0.0, 0.094997, 0.769527, 0.631509, 0.3, -0.348542, -0.568512, 0.745193, 0.0, 0.0, 0.0, 0.0, 1.0],
                [0.803406, -0.429382, 0.412518, -0.0, 0.090576, 0.772872, 0.628064, 0.3, -0.588503, -0.467226, 0.659821, 0.0, 0.0, 0.0, 0.0, 1.0],
                [0.803406, -0.429382, 0.412518, 0.0, 0.090576, 0.772872, 0.628064, 0.3, -0.588503, -0.467226, 0.659821, -0.0, 0.0, 0.0, 0.0, 1.0],
                [0.803406, -0.429382, 0.412518, 0.0, 0.090576, 0.772872, 0.628064, 0.3, -0.588503, -0.467226, 0.659822, 0.0, 0.0, 0.0, 0.0, 1.0],
                [0.803406, -0.429382, 0.412518, -0.0, 0.090576, 0.772872, 0.628064, 0.3, -0.588503, -0.467226, 0.659821, 0.0, 0.0, 0.0, 0.0, 1.0],
                [0.803406, -0.429382, 0.412518, 0.0, 0.090576, 0.772872, 0.628064, 0.3, -0.588503, -0.467226, 0.659821, 0.0, 0.0, 0.0, 0.0, 1.0],
                [0.803405, -0.429382, 0.412518, 0.0, 0.090576, 0.772872, 0.628064, 0.3, -0.588503, -0.467226, 0.659821, -0.0, 0.0, 0.0, 0.0, 1.0],
                [0.803406, -0.429382, 0.412518, -0.0, 0.090576, 0.772872, 0.628064, 0.3, -0.588503, -0.467226, 0.659821, -0.0, 0.0, 0.0, 0.0, 1.0]
            ]
        },
        {
            "name": "Head",
            "time": [0.0, 0.0167, 0.0333, 0.05, 0.0667, 0.0833, 0.1, 0.1167, 0.1333, 0.15, 0.1667, 0.1833, 0.2, 0.2167, 0.2333, 0.25, 0.2667, 0.2833, 0.3, 0.3167, 0.3333, 0.35, 0.3667, 0.3833, 0.4, 0.4167, 0.4333, 0.45, 0.4667, 0.4833, 0.5, 0.5167, 0.5333, 0.55, 0.5667, 0.5833, 0.6],
            "transform": [
                [0.994551, -0.030589, -0.099664, 0.0, -0.002137, 0.949804, -0.312837, 0.4, 0.104231, 0.311346, 0.944563, -0.0, 0.0, 0.0, 0.0, 1.0],
                [0.994551, -0.030589, -0.099664, 0.0, -0.002137, 0.949804, -0.312837, 0.4, 0.104231, 0.311346, 0.944563, 0.0, 0.0, 0.0, 0.0, 1.0],
