{
    "animation": [
        {
            "name": "Root",
            "time": [0.0, 0.0167, 0.0333, 0.05, 0.0667, 0.0833, 0.1, 0.1167, 0.1333, 0.15, 0.1667, 0.1833, 0.2, 0.2167, 0.2333, 0.25, 0.2667, 0.2833, 0.3, 0.3167, 0.3333, 0.35, 0.3667, 0.3833, 0.4, 0.4167, 0.4333, 0.45, 0.4667, 0.4833, 0.5, 0.5167, 0.5333, 0.55, 0.5667, 0.5833, 0.6, 0.6167, 0.6333, 0.65, 0.6667, 0.6833, 0.7, 0.7167, 0.7333, 0.75, 0.7667, 0.7833, 0.8, 0.8167, 0.8333, 0.85, 0.8667, 0.8833, 0.9, 0.9167, 0.9333, 0.95, 0.9667, 0.9833, 1.0, 1.0167, 1.0333, 1.05, 1.0667, 1.0833, 1.1, 1.1167, 1.1333, 1.15, 1.1667, 1.1833, 1.2, 1.2167, 1.2333, 1.25, 1.2667, 1.2833, 1.3, 1.3167, 1.3333, 1.35, 1.3667, 1.3833, 1.4, 1.4167, 1.4333, 1.45, 1.4667, 1.4833, 1.5, 1.5167, 1.5333, 1.55, 1.5667, 1.5833, 1.6, 1.6167, 1.6333, 1.65, 1.6667],
            "transform": [
                [0.924672, 0.0, -0.380764, 0.006524, -0.380764, 0.0, -0.924672, -0.000346, 0.0, 1.0, 0.0, 0.641373, 0.0, 0.0, 0.0, 1.0],
                [0.9696, 0.0, -0.244694, -0.001225, -0.244694, 0.0, -0.9696, 0.081023, 0.0, 1.0, 0.0, 0.641373, 0.0, 0.0, 0.0, 1.0],
                [0.992252, 0.0, 0.124244, -0.020693, 0.124244, 0.0, -0.992252, 0.260037, 0.0, 1.0, 0.0, 0.641373, 0.0, 0.0, 0.0, 1.0],
                [0.822464, 0.0, 0.568818, -0.046208, 0.568818, 0.0, -0.822464, 0.43905, 0.0, 1.0, 0.0, 0.641373, 0.0, 0.0, 0.0, 1.0],
                [0.512443, 0.0, 0.858721, -0.072102, 0.858721, 0.0, -0.512443, 0.520419, 0.0, 1.0, 0.0, 0.641373, 0.0, 0.0, 0.0, 1.0],
                [0.25197, 0.0, 0.967735, -0.093937, 0.967735, 0.0, -0.25197, 0.517044, 0.0, 1.0, 0.0, 0.641373, 0.0, 0.0, 0.0, 1.0],
                [0.074139, 0.0, 0.997248, -0.112217, 0.997248, 0.0, -0.074139, 0.508994, 0.0, 1.0, 0.0, 0.641373, 0.0, 0.0, 0.0, 1.0],
                [-0.054349, 0.0, 0.998522, -0.128676, 0.998522, 0.0, 0.054349, 0.499386, 0.0, 1.0, 0.0, 0.641373, 0.0, 0.0, 0.0, 1.0],
                [-0.168351, 0.0, 0.985727, -0.145051, 0.985727, 0.0, 0.168351, 0.491336, 0.0, 1.0, 0.0, 0.641373, 0.0, 0.0, 0.0, 1.0],
                [-0.299338, 0.0, 0.954147, -0.163078, 0.954147, 0.0, 0.299338, 0.487961, 0.0, 1.0, 0.0, 0.641373, 0.0, 0.0, 0.0, 1.0],
                [-0.467307, 0.0, 0.884095, -0.183911, 0.884095, 0.0, 0.467307, 0.502035, 0.0, 1.0, 0.0, 0.645456, 0.0, 0.0, 0.0, 1.0],
                [-0.657685, 0.0, 0.753293, -0.206371, 0.753293, 0.0, 0.657685, 0.54097, 0.0, 1.0, 0.0, 0.655984, 0.0, 0.0, 0.0, 1.0],
                [-0.83615, 0.0, 0.548501, -0.228697, 0.548501, 0.0, 0.83615, 0.599832, 0.0, 1.0, 0.0, 0.67038, 0.0, 0.0, 0.0, 1.0],
                [-0.960946, 0.0, 0.276735, -0.249127, 0.276735, 0.0, 0.960946, 0.673687, 0.0, 1.0, 0.0, 0.686065, 0.0, 0.0, 0.0, 1.0],
                [-0.999518, 0.0, -0.031051, -0.265901, -0.031051, 0.0, 0.999518, 0.757601, 0.0, 1.0, 0.0, 0.700461, 0.0, 0.0, 0.0, 1.0],
                [-0.94329, 0.0, -0.331972, -0.277256, -0.331972, 0.0, 0.94329, 0.846643, 0.0, 1.0, 0.0, 0.710989, 0.0, 0.0, 0.0, 1.0],
                [-0.807339, 0.0, -0.590088, -0.281433, -0.590088, 0.0, 0.807339, 0.935877, 0.0, 1.0, 0.0, 0.715072, 0.0, 0.0, 0.0, 1.0],
                [-0.609144, 0.0, -0.793059, -0.278539, -0.793059, 0.0, 0.609144, 1.020644, 0.0, 1.0, 0.0, 0.698967, 0.0, 0.0, 0.0, 1.0],
                [-0.360274, 0.0, -0.932847, -0.270027, -0.932847, 0.0, 0.360274, 1.097379, 0.0, 1.0, 0.0, 0.658706, 0.0, 0.0, 0.0, 1.0],
                [-0.08438, 0.0, -0.996434, -0.256149, -0.996434, 0.0, 0.08438, 1.162791, 0.0, 1.0, 0.0, 0.606366, 0.0, 0.0, 0.0, 1.0],
                [0.189192, 0.0, -0.98194, -0.237159, -0.98194, 0.0, -0.189192, 1.213589, 0.0, 1.0, 0.0, 0.554027, 0.0, 0.0, 0.0, 1.0],
                [0.433658, 0.0, -0.901078, -0.213309, -0.901078, 0.0, -0.433658, 1.246482, 0.0, 1.0, 0.0, 0.513766, 0.0, 0.0, 0.0, 1.0],
                [0.63189, 0.0, -0.775058, -0.184852, -0.775058, 0.0, -0.63189, 1.258177, 0.0, 1.0, 0.0, 0.497661, 0.0, 0.0, 0.0, 1.0],
                [0.791082, 0.0, -0.61171, -0.152191, -0.61171, 0.0, -0.791082, 1.257132, 0.0, 1.0, 0.0, 0.497661, 0.0, 0.0, 0.0, 1.0],
                [0.912027, 0.0, -0.41013, -0.116328, -0.41013, 0.0, -0.912027, 1.254243, 0.0, 1.0, 0.0, 0.497661, 0.0, 0.0, 0.0, 1.0],
                [0.982194, 0.0, -0.187869, -0.078414, -0.187869, 0.0, -0.982194, 1.249879, 0.0, 1.0, 0.0, 0.497661, 0.0, 0.0, 0.0, 1.0],
                [0.999444, 0.0, 0.033351, -0.039602, 0.033351, 0.0, -0.999444, 1.244408, 0.0, 1.0, 0.0, 0.497661, 0.0, 0.0, 0.0, 1.0],
                [0.972122, 0.0, 0.234476, -0.001042, 0.234476, 0.0, -0.972122, 1.2382, 0.0, 1.0, 0.0, 0.497661, 0.0, 0.0, 0.0, 1.0],
                [0.914859, 0.0, 0.403773, 0.036112, 0.403773, 0.0, -0.914859, 1.231623, 0.0, 1.0, 0.0, 0.497661, 0.0, 0.0, 0.0, 1.0],
                [0.843305, 0.0, 0.537436, 0.070711, 0.537436, 0.0, -0.843305, 1.225046, 0.0, 1.0, 0.0, 0.497661, 0.0, 0.0, 0.0, 1.0],
                [0.770596, 0.0, 0.637324, 0.101601, 0.637324, 0.0, -0.770596, 1.218837, 0.0, 1.0, 0.0, 0.497661, 0.0, 0.0, 0.0, 1.0],
                [0.706187, 0.0, 0.708026, 0.127632, 0.708026, 0.0, -0.706187, 1.213367, 0.0, 1.0, 0.0, 0.497661, 0.0, 0.0, 0.0, 1.0],
                [0.656238, 0.0, 0.754554, 0.147651, 0.754554, 0.0, -0.656238, 1.209002, 0.0, 1.0, 0.0, 0.497661, 0.0, 0.0, 0.0, 1.0],
                [0.62458, 0.0, 0.780961, 0.160507, 0.780961, 0.0, -0.62458, 1.206113, 0.0, 1.0, 0.0, 0.497661, 0.0, 0.0, 0.0, 1.0],
                [0.613635, 0.0, 0.78959, 0.165048, 0.78959, 0.0, -0.613635, 1.205068, 0.0, 1.0, 0.0, 0.497661, 0.0, 0.0, 0.0, 1.0],
                [0.613635, 0.0, 0.78959, 0.165048, 0.78959, 0.0, -0.613635, 1.205068, 0.0, 1.0, 0.0, 0.497661, 0.0, 0.0, 0.0, 1.0],
                [0.613635, 0.0, 0.78959, 0.165048, 0.78959, 0.0, -0.613635, 1.205068, 0.0, 1.0, 0.0, 0.497661, 0.0, 0.0, 0.0, 1.0],
                [0.613635, 0.0, 0.789589, 0.165048, 0.789589, 0.0, -0.613635, 1.205068, 0.0, 1.0, 0.0, 0.497661, 0.0, 0.0, 0.0, 1.0],
                [0.613635, 0.0, 0.78959, 0.165048, 0.78959, 0.0, -0.613635, 1.205068, 0.0, 1.0, 0.0, 0.497661, 0.0, 0.0, 0.0, 1.0],
                [0.613635, 0.0, 0.78959, 0.165048, 0.78959, 0.0, -0.613635, 1.205068, 0.0, 1.0, 0.0, 0.497661, 0.0, 0.0, 0.0, 1.0],
                [0.613635, 0.0, 0.78959, 0.165048, 0.78959, 0.0, -0.613635, 1.205068, 0.0, 1.0, 0.0, 0.497661, 0.0, 0.0, 0.0, 1.0],
                [0.613635, 0.0, 0.789589, 0.165048, 0.789589, 0.0, -0.613635, 1.205068, 0.0, 1.0, 0.0, 0.497661, 0.0, 0.0, 0.0, 1.0],
                [0.613635, 0.0, 0.78959, 0.165048, 0.78959, 0.0, -0.613635, 1.205068, 0.0, 1.0, 0.0, 0.497661, 0.0, 0.0, 0.0, 1.0],
                [0.613635, 0.0, 0.78959, 0.165048, 0.78959, 0.0, -0.613635, 1.205068, 0.0, 1.0, 0.0, 0.497661, 0.0, 0.0, 0.0, 1.0],
                [0.613635, 0.0, 0.78959, 0.165048, 0.78959, 0.0, -0.613635, 1.205068, 0.0, 1.0, 0.0, 0.497661, 0.0, 0.0, 0.0, 1.0],
                [0.613635, 0.0, 0.789589, 0.165048, 0.789589, 0.0, -0.613635, 1.205068, 0.0, 1.0, 0.0, 0.497661, 0.0, 0.0, 0.0, 1.0],
                [0.613635, 0.0, 0.78959, 0.165048, 0.78959, 0.0, -0.613635, 1.205068, 0.0, 1.0, 0.0, 0.497661, 0.0, 0.0, 0.0, 1.0],
                [0.613635, 0.0, 0.78959, 0.165048, 0.78959, 0.0, -0.613635, 1.205068, 0.0, 1.0, 0.0, 0.497661, 0.0, 0.0, 0.0, 1.0],
                [0.613635, 0.0, 0.78959, 0.165048, 0.78959, 0.0, -0.613635, 1.205068, 0.0, 1.0, 0.0, 0.497661, 0.0, 0.0, 0.0, 1.0],
                [0.613635, 0.0, 0.789589, 0.165048, 0.789589, 0.0, -0.613635, 1.205068, 0.0, 1.0, 0.0, 0.497661, 0.0, 0.0, 0.0, 1.0],
                [0.613635, 0.0, 0.78959, 0.165048, 0.78959, 0.0, -0.613635, 1.205068, 0.0, 1.0, 0.0, 0.497661, 0.0, 0.0, 0.0, 1.0],
                [0.613635, 0.0, 0.78959, 0.165048, 0.78959, 0.0, -0.613635, 1.205068, 0.0, 1.0, 0.0, 0.497661, 0.0, 0.0, 0.0, 1.0],
                [0.613635, 0.0, 0.78959, 0.165048, 0.78959, 0.0, -0.613635, 1.205068, 0.0, 1.0, 0.0, 0.497661, 0.0, 0.0, 0.0, 1.0],
                [0.613635, 0.0, 0.789589, 0.165048, 0.789589, 0.0, -0.613635, 1.205068, 0.0, 1.0, 0.0, 0.497661, 0.0, 0.0, 0.0, 1.0],
                [0.613635, 0.0, 0.78959, 0.165048, 0.78959, 0.0, -0.613635, 1.205068, 0.0, 1.0, 0.0, 0.497661, 0.0, 0.0, 0.0, 1.0],
                [0.613635, 0.0, 0.78959, 0.165048, 0.78959, 0.0, -0.613635, 1.205068, 0.0, 1.0, 0.0, 0.497661, 0.0, 0.0, 0.0, 1.0],
                [0.613635, 0.0, 0.78959, 0.165048, 0.78959, 0.0, -0.613635, 1.205068, 0.0, 1.0, 0.0, 0.497661, 0.0, 0.0, 0.0, 1.0],
                [0.613635, 0.0, 0.789589, 0.165048, 0.789589, 0.0, -0.613635, 1.205068, 0.0, 1.0, 0.0, 0.497661, 0.0, 0.0, 0.0, 1.0],
                [0.613635, 0.0, 0.78959, 0.165048, 0.78959, 0.0, -0.613635, 1.205068, 0.0, 1.0, 0.0, 0.497661, 0.0, 0.0, 0.0, 1.0],
                [0.613635, 0.0, 0.78959, 0.165048, 0.78959, 0.0, -0.613635, 1.205068, 0.0, 1.0, 0.0, 0.497661, 0.0, 0.0, 0.0, 1.0],
                [0.613635, 0.0, 0.78959, 0.165048, 0.78959, 0.0, -0.613635, 1.205068, 0.0, 1.0, 0.0, 0.497661, 0.0, 0.0, 0.0, 1.0],
                [0.613635, 0.0, 0.789589, 0.165048, 0.789589, 0.0, -0.613635, 1.205068, 0.0, 1.0, 0.0, 0.497661, 0.0, 0.0, 0.0, 1.0],
                [0.613635, 0.0, 0.78959, 0.165048, 0.78959, 0.0, -0.613635, 1.205068, 0.0, 1.0, 0.0, 0.497661, 0.0, 0.0, 0.0, 1.0],
                [0.613635, 0.0, 0.78959, 0.165048, 0.78959, 0.0, -0.613635, 1.205068, 0.0, 1.0, 0.0, 0.497661, 0.0, 0.0, 0.0, 1.0],
                [0.615545, 0.0, 0.788102, 0.164707, 0.788102, 0.0, -0.615545, 1.205076, 0.0, 1.0, 0.0, 0.49797, 0.0, 0.0, 0.0, 1.0],
                [0.620862, 0.0, 0.78392, 0.163709, 0.78392, 0.0, -0.620862, 1.205096, 0.0, 1.0, 0.0, 0.498875, 0.0, 0.0, 0.0, 1.0],
                [0.629121, 0.0, 0.777307, 0.162091, 0.777307, 0.0, -0.629121, 1.205129, 0.0, 1.0, 0.0, 0.500342, 0.0, 0.0, 0.0, 1.0],
                [0.640004, 0.0, 0.768371, 0.159891, 0.768371, 0.0, -0.640004, 1.205174, 0.0, 1.0, 0.0, 0.502337, 0.0, 0.0, 0.0, 1.0],
                [0.653312, 0.0, 0.757089, 0.157146, 0.757089, 0.0, -0.653312, 1.20523, 0.0, 1.0, 0.0, 0.504825, 0.0, 0.0, 0.0, 1.0],
                [0.668939, 0.0, 0.743318, 0.153894, 0.743318, 0.0, -0.668939, 1.205296, 0.0, 1.0, 0.0, 0.507773, 0.0, 0.0, 0.0, 1.0],
                [0.686876, 0.0, 0.726775, 0.150173, 0.726775, 0.0, -0.686876, 1.205373, 0.0, 1.0, 0.0, 0.511146, 0.0, 0.0, 0.0, 1.0],
                [0.707234, 0.0, 0.706979, 0.14602, 0.706979, 0.0, -0.707234, 1.205457, 0.0, 1.0, 0.0, 0.514911, 0.0, 0.0, 0.0, 1.0],
                [0.730311, 0.0, 0.683115, 0.141473, 0.683115, 0.0, -0.730311, 1.20555, 0.0, 1.0, 0.0, 0.519034, 0.0, 0.0, 0.0, 1.0],
                [0.75677, 0.0, 0.653681, 0.136569, 0.653681, 0.0, -0.75677, 1.205651, 0.0, 1.0, 0.0, 0.523479, 0.0, 0.0, 0.0, 1.0],
                [0.788134, 0.0, 0.615504, 0.131346, 0.615504, 0.0, -0.788134, 1.205757, 0.0, 1.0, 0.0, 0.528215, 0.0, 0.0, 0.0, 1.0],
                [0.82845, 0.0, 0.560063, 0.125841, 0.560063, 0.0, -0.82845, 1.20587, 0.0, 1.0, 0.0, 0.533205, 0.0, 0.0, 0.0, 1.0],
                [0.885459, 0.0, 0.464718, 0.120092, 0.464718, 0.0, -0.885459, 1.205988, 0.0, 1.0, 0.0, 0.538417, 0.0, 0.0, 0.0, 1.0],
                [0.963475, 0.0, 0.267799, 0.114136, 0.267799, 0.0, -0.963475, 1.206109, 0.0, 1.0, 0.0, 0.543816, 0.0, 0.0, 0.0, 1.0],
                [0.979604, 0.0, 0.200936, 0.108011, 0.200936, 0.0, -0.979604, 1.206235, 0.0, 1.0, 0.0, 0.549369, 0.0, 0.0, 0.0, 1.0],
                [0.999689, 0.0, 0.024944, 0.101755, 0.024944, 0.0, -0.999689, 1.206362, 0.0, 1.0, 0.0, 0.55504, 0.0, 0.0, 0.0, 1.0],
                [0.997408, 0.0, -0.071956, 0.095405, -0.071956, 0.0, -0.997408, 1.206492, 0.0, 1.0, 0.0, 0.560797, 0.0, 0.0, 0.0, 1.0],
                [0.990458, 0.0, -0.137813, 0.088999, -0.137813, 0.0, -0.990458, 1.206623, 0.0, 1.0, 0.0, 0.566605, 0.0, 0.0, 0.0, 1.0],
                [0.983486, 0.0, -0.180986, 0.082574, -0.180986, 0.0, -0.983486, 1.206755, 0.0, 1.0, 0.0, 0.572429, 0.0, 0.0, 0.0, 1.0],
                [0.977343, 0.0, -0.21166, 0.076167, -0.21166, 0.0, -0.977343, 1.206886, 0.0, 1.0, 0.0, 0.578237, 0.0, 0.0, 0.0, 1.0],
                [0.971875, 0.0, -0.235497, 0.069817, -0.235497, 0.0, -0.971875, 1.207016, 0.0, 1.0, 0.0, 0.583994, 0.0, 0.0, 0.0, 1.0],
                [0.966904, 0.0, -0.255141, 0.063561, -0.255141, 0.0, -0.966904, 1.207143, 0.0, 1.0, 0.0, 0.589665, 0.0, 0.0, 0.0, 1.0],
                [0.962301, 0.0, -0.271986, 0.057437, -0.271986, 0.0, -0.962301, 1.207269, 0.0, 1.0, 0.0, 0.595218, 0.0, 0.0, 0.0, 1.0],
                [0.957984, 0.0, -0.286821, 0.051481, -0.286821, 0.0, -0.957984, 1.20739, 0.0, 1.0, 0.0, 0.600617, 0.0, 0.0, 0.0, 1.0],
                [0.953901, 0.0, -0.300121, 0.045732, -0.300121, 0.0, -0.953901, 1.207508, 0.0, 1.0, 0.0, 0.605829, 0.0, 0.0, 0.0, 1.0],
                [0.950024, 0.0, -0.312177, 0.040227, -0.312177, 0.0, -0.950024, 1.207621, 0.0, 1.0, 0.0, 0.610819, 0.0, 0.0, 0.0, 1.0],
                [0.94634, 0.0, -0.323172, 0.035004, -0.323172, 0.0, -0.94634, 1.207727, 0.0, 1.0, 0.0, 0.615555, 0.0, 0.0, 0.0, 1.0],
                [0.942851, 0.0, -0.333215, 0.0301, -0.333215, 0.0, -0.942851, 1.207828, 0.0, 1.0, 0.0, 0.620001, 0.0, 0.0, 0.0, 1.0],
                [0.939568, 0.0, -0.342363, 0.025552, -0.342363, 0.0, -0.939568, 1.207921, 0.0, 1.0, 0.0, 0.624123, 0.0, 0.0, 0.0, 1.0],
                [0.936511, 0.0, -0.350638, 0.021399, -0.350638, 0.0, -0.936511, 1.208006, 0.0, 1.0, 0.0, 0.627888, 0.0, 0.0, 0.0, 1.0],
                [0.933708, 0.0, -0.358035, 0.017678, -0.358035, 0.0, -0.933708, 1.208081, 0.0, 1.0, 0.0, 0.631261, 0.0, 0.0, 0.0, 1.0],
                [0.931195, 0.0, -0.364522, 0.014427, -0.364522, 0.0, -0.931195, 1.208148, 0.0, 1.0, 0.0, 0.634209, 0.0, 0.0, 0.0, 1.0],
                [0.929013, 0.0, -0.370047, 0.011682, -0.370047, 0.0, -0.929013, 1.208204, 0.0, 1.0, 0.0, 0.636697, 0.0, 0.0, 0.0, 1.0],
                [0.927212, 0.0, -0.374537, 0.009482, -0.374537, 0.0, -0.927212, 1.208249, 0.0, 1.0, 0.0, 0.638692, 0.0, 0.0, 0.0, 1.0],
                [0.925846, 0.0, -0.3779, 0.007864, -0.3779, 0.0, -0.925846, 1.208282, 0.0, 1.0, 0.0, 0.640159, 0.0, 0.0, 0.0, 1.0],
                [0.924978, 0.0, -0.380022, 0.006865, -0.380022, 0.0, -0.924978, 1.208303, 0.0, 1.0, 0.0, 0.641064, 0.0, 0.0, 0.0, 1.0],
                [0.924672, 0.0, -0.380764, 0.006524, -0.380764, 0.0, -0.924672, 1.20831, 0.0, 1.0, 0.0, 0.641373, 0.0, 0.0, 0.0, 1.0]
            ]
        },
        {
            "name": "Thigh_R",
            "time": [0.0, 0.0167, 0.0333, 0.05, 0.0667, 0.0833, 0.1, 0.1167, 0.1333, 0.15, 0.1667, 0.1833, 0.2, 0.2167, 0.2333, 0.25, 0.2667, 0.2833, 0.3, 0.3167, 0.3333, 0.35, 0.3667, 0.3833, 0.4, 0.4167, 0.4333, 0.45, 0.4667, 0.4833, 0.5, 0.5167, 0.5333, 0.55, 0.5667, 0.5833, 0.6, 0.6167, 0.6333, 0.65, 0.6667, 0.6833, 0.7, 0.7167, 0.7333, 0.75, 0.7667, 0.7833, 0.8, 0.8167, 0.8333, 0.85, 0.8667, 0.8833, 0.9, 0.9167, 0.9333, 0.95, 0.9667, 0.9833, 1.0, 1.0167, 1.0333, 1.05, 1.0667, 1.0833, 1.1, 1.1167, 1.1333, 1.15, 1.1667, 1.1833, 1.2, 1.2167, 1.2333, 1.25, 1.2667, 1.2833, 1.3, 1.3167, 1.3333, 1.35, 1.3667, 1.3833, 1.4, 1.4167, 1.4333, 1.45, 1.4667, 1.4833, 1.5, 1.5167, 1.5333, 1.55, 1.5667, 1.5833, 1.6, 1.6167, 1.6333, 1.65, 1.6667],
            "transform": [
                [0.932123, 0.336377, 0.134156, 0.124994, 0.286007, -0.911019, 0.29706, -0.002831, 0.222142, -0.238527, -0.945388, -1.2e-05, 0.0, 0.0, 0.0, 1.0],
                [0.940822, 0.307178, 0.143163, 0.124994, 0.245806, -0.909321, 0.33573, -0.002831, 0.23331, -0.280672, -0.931015, -1.2e-05, 0.0, 0.0, 0.0, 1.0],
                [0.957553, 0.260938, 0.122489, 0.124994, 0.194183, -0.897963, 0.394912, -0.002831, 0.213038, -0.354365, -0.910517, -1.2e-05, 0.0, 0.0, 0.0, 1.0],
                [0.957969, 0.2772, 0.073858, 0.124994, 0.22847, -0.892925, 0.387927, -0.002831, 0.173483, -0.354748, -0.918726, -1.2e-05, 0.0, 0.0, 0.0, 1.0],
                [0.932123, 0.336377, 0.134156, 0.124994, 0.286007, -0.911019, 0.29706, -0.002831, 0.222143, -0.238527, -0.945387, -1.2e-05, 0.0, 0.0, 0.0, 1.0],
                [0.912545, 0.349843, 0.211828, 0.124994, 0.30019, -0.924727, 0.234021, -0.002831, 0.277753, -0.149967, -0.948875, -1.2e-05, 0.0, 0.0, 0.0, 1.0],
                [0.906484, 0.352821, 0.231956, 0.124994, 0.302467, -0.925902, 0.226319, -0.002831, 0.294619, -0.134996, -0.946032, -1.2e-05, 0.0, 0.0, 0.0, 1.0],
                [0.912869, 0.351116, 0.2083, 0.124994, 0.297734, -0.921665, 0.248772, -0.002831, 0.27933, -0.165078, -0.945898, -1.2e-05, 0.0, 0.0, 0.0, 1.0],
                [0.924095, 0.344211, 0.166033, 0.124994, 0.290936, -0.915348, 0.27838, -0.002831, 0.2478, -0.208945, -0.946011, -1.2e-05, 0.0, 0.0, 0.0, 1.0],
                [0.932123, 0.336377, 0.134156, 0.124994, 0.286007, -0.911019, 0.297061, -0.002831, 0.222143, -0.238527, -0.945388, -1.2e-05, 0.0, 0.0, 0.0, 1.0],
                [0.938204, 0.327098, 0.11305, 0.124994, 0.272074, -0.898994, 0.343198, -0.002831, 0.213891, -0.291232, -0.932435, -1.2e-05, 0.0, 0.0, 0.0, 1.0],
                [0.947634, 0.306076, 0.091147, 0.124994, 0.238236, -0.867586, 0.436506, -0.002831, 0.212682, -0.391933, -0.895072, -1.2e-05, 0.0, 0.0, 0.0, 1.0],
                [0.957453, 0.27799, 0.077499, 0.124994, 0.191765, -0.813526, 0.549001, -0.002831, 0.215664, -0.51078, -0.832221, -1.2e-05, 0.0, 0.0, 0.0, 1.0],
                [0.963791, 0.259407, 0.061761, 0.124994, 0.153245, -0.728363, 0.667834, -0.002831, 0.218225, -0.634189, -0.741743, -1.2e-05, 0.0, 0.0, 0.0, 1.0],
                [0.965069, 0.261632, 0.013789, 0.124994, 0.155643, -0.614859, 0.773127, -0.002831, 0.210753, -0.743975, -0.634102, -1.2e-05, 0.0, 0.0, 0.0, 1.0],
                [0.956154, 0.279525, -0.087378, 0.124994, 0.224525, -0.508089, 0.831526, -0.002831, 0.188036, -0.814685, -0.548571, -1.2e-05, 0.0, 0.0, 0.0, 1.0],
                [0.925143, 0.323444, -0.198732, 0.124994, 0.337958, -0.463304, 0.819228, -0.002831, 0.172901, -0.825065, -0.537933, -1.2e-05, 0.0, 0.0, 0.0, 1.0],
                [0.902975, 0.365603, -0.225766, 0.124994, 0.380272, -0.43529, 0.816037, -0.002831, 0.200072, -0.822714, -0.532084, -1.2e-05, 0.0, 0.0, 0.0, 1.0],
                [0.913384, 0.328998, -0.239769, 0.124994, 0.351794, -0.341483, 0.871568, -0.002831, 0.204867, -0.880426, -0.427645, -1.2e-05, 0.0, 0.0, 0.0, 1.0],
                [0.919387, 0.198136, -0.33981, 0.124994, 0.378689, -0.21214, 0.900883, -0.002831, 0.10641, -0.956943, -0.270071, -1.2e-05, 0.0, 0.0, 0.0, 1.0],
                [0.832021, 0.019853, -0.554389, 0.124994, 0.546687, -0.199054, 0.813334, -0.002831, -0.094206, -0.979788, -0.17647, -1.2e-05, 0.0, 0.0, 0.0, 1.0],
                [0.711374, 0.026991, -0.702295, 0.124994, 0.676545, -0.29694, 0.673879, -0.002831, -0.19035, -0.954515, -0.229496, -1.2e-05, 0.0, 0.0, 0.0, 1.0],
                [0.734329, 0.225251, -0.64033, 0.124994, 0.673479, -0.359591, 0.645849, -0.002831, -0.084779, -0.905515, -0.415759, -1.2e-05, 0.0, 0.0, 0.0, 1.0],
                [0.777525, 0.477742, -0.408923, 0.124994, 0.610617, -0.418102, 0.672561, -0.002831, 0.150339, -0.772628, -0.616802, -1.2e-05, 0.0, 0.0, 0.0, 1.0],
                [0.733824, 0.668151, -0.122788, 0.124994, 0.562249, -0.495893, 0.66179, -0.002831, 0.381286, -0.554675, -0.739565, -1.2e-05, 0.0, 0.0, 0.0, 1.0],
                [0.620536, 0.763595, 0.178486, 0.124994, 0.529001, -0.575641, 0.623535, -0.002831, 0.578872, -0.292507, -0.761149, -1.2e-05, 0.0, 0.0, 0.0, 1.0],
                [0.46446, 0.763115, 0.449369, 0.124994, 0.507516, -0.645192, 0.5711, -0.002831, 0.725744, -0.037192, -0.686959, -1.2e-05, 0.0, 0.0, 0.0, 1.0],
                [0.293946, 0.692156, 0.659178, 0.124994, 0.492887, -0.700646, 0.515905, -0.002831, 0.818937, 0.173252, -0.547107, -1.2e-05, 0.0, 0.0, 0.0, 1.0],
                [0.131546, 0.585057, 0.800253, 0.124994, 0.480773, -0.743626, 0.464627, -0.002831, 0.866922, 0.32362, -0.3791, -1.2e-05, 0.0, 0.0, 0.0, 1.0],
                [-0.009225, 0.470874, 0.882152, 0.124994, 0.468496, -0.77734, 0.419827, -0.002831, 0.883417, 0.417158, -0.213432, -1.2e-05, 0.0, 0.0, 0.0, 1.0],
                [-0.122822, 0.368188, 0.921603, 0.124994, 0.455194, -0.804292, 0.381985, -0.002831, 0.881881, 0.466425, -0.068812, -1.2e-05, 0.0, 0.0, 0.0, 1.0],
                [-0.20864, 0.286154, 0.935192, 0.124994, 0.44148, -0.825707, 0.351147, -0.002831, 0.872677, 0.486132, 0.045944, -1.2e-05, 0.0, 0.0, 0.0, 1.0],
                [-0.268176, 0.227763, 0.936058, 0.124994, 0.428978, -0.84177, 0.32772, -0.002831, 0.862589, 0.489436, 0.128037, -1.2e-05, 0.0, 0.0, 0.0, 1.0],
                [-0.303201, 0.19302, 0.933173, 0.124994, 0.419865, -0.852033, 0.312657, -0.002831, 0.855442, 0.486605, 0.177295, -1.2e-05, 0.0, 0.0, 0.0, 1.0],
                [-0.314807, 0.181398, 0.931661, 0.124994, 0.416384, -0.855682, 0.3073, -0.002831, 0.852949, 0.484669, 0.193843, -1.2e-05, 0.0, 0.0, 0.0, 1.0],
                [-0.314807, 0.181398, 0.93166, 0.124994, 0.416384, -0.855682, 0.3073, -0.002831, 0.852948, 0.484669, 0.193843, -1.2e-05, 0.0, 0.0, 0.0, 1.0],
                [-0.314807, 0.181398, 0.931661, 0.124994, 0.416384, -0.855682, 0.3073, -0.002831, 0.852948, 0.484669, 0.193843, -1.2e-05, 0.0, 0.0, 0.0, 1.0],
                [-0.314807, 0.181398, 0.93166, 0.124994, 0.416384, -0.855682, 0.3073, -0.002831, 0.852948, 0.484669, 0.193843, -1.2e-05, 0.0, 0.0, 0.0, 1.0],
                [-0.314807, 0.181398, 0.931661, 0.124994, 0.416384, -0.855682, 0.3073, -0.002831, 0.852949, 0.484669, 0.193843, -1.2e-05, 0.0, 0.0, 0.0, 1.0],
                [-0.314807, 0.181398, 0.93166, 0.124994, 0.416384, -0.855682, 0.3073, -0.002831, 0.852948, 0.484669, 0.193843, -1.2e-05, 0.0, 0.0, 0.0, 1.0],
                [-0.314807, 0.181398, 0.931661, 0.124994, 0.416384, -0.855682, 0.3073, -0.002831, 0.852948, 0.484669, 0.193843, -1.2e-05, 0.0, 0.0, 0.0, 1.0],
                [-0.314807, 0.181398, 0.93166, 0.124994, 0.416384, -0.855682, 0.3073, -0.002831, 0.852948, 0.484669, 0.193843, -1.2e-05, 0.0, 0.0, 0.0, 1.0],
                [-0.314807, 0.181398, 0.931661, 0.124994, 0.416384, -0.855682, 0.3073, -0.002831, 0.852949, 0.484669, 0.193843, -1.2e-05, 0.0, 0.0, 0.0, 1.0],
                [-0.314807, 0.181398, 0.93166, 0.124994, 0.416384, -0.855682, 0.3073, -0.002831, 0.852948, 0.484669, 0.193843, -1.2e-05, 0.0, 0.0, 0.0, 1.0],
                [-0.314807, 0.181398, 0.931661, 0.124994, 0.416384, -0.855682, 0.3073, -0.002831, 0.852948, 0.484669, 0.193843, -1.2e-05, 0.0, 0.0, 0.0, 1.0],
                [-0.314807, 0.181398, 0.93166, 0.124994, 0.416384, -0.855682, 0.3073, -0.002831, 0.852948, 0.484669, 0.193843, -1.2e-05, 0.0, 0.0, 0.0, 1.0],
                [-0.314807, 0.181398, 0.931661, 0.124994, 0.416384, -0.855682, 0.3073, -0.002831, 0.852949, 0.484669, 0.193843, -1.2e-05, 0.0, 0.0, 0.0, 1.0],
                [-0.314807, 0.181398, 0.93166, 0.124994, 0.416384, -0.855682, 0.3073, -0.002831, 0.852948, 0.484669, 0.193843, -1.2e-05, 0.0, 0.0, 0.0, 1.0],
                [-0.314807, 0.181398, 0.931661, 0.124994, 0.416384, -0.855682, 0.3073, -0.002831, 0.852948, 0.484669, 0.193843, -1.2e-05, 0.0, 0.0, 0.0, 1.0],
                [-0.314807, 0.181398, 0.93166, 0.124994, 0.416384, -0.855682, 0.3073, -0.002831, 0.852948, 0.484669, 0.193843, -1.2e-05, 0.0, 0.0, 0.0, 1.0],
                [-0.314807, 0.181398, 0.931661, 0.124994, 0.416384, -0.855682, 0.3073, -0.002831, 0.852949, 0.484669, 0.193843, -1.2e-05, 0.0, 0.0, 0.0, 1.0],
                [-0.314807, 0.181398, 0.93166, 0.124994, 0.416384, -0.855682, 0.3073, -0.002831, 0.852948, 0.484669, 0.193843, -1.2e-05, 0.0, 0.0, 0.0, 1.0],
                [-0.314807, 0.181398, 0.931661, 0.124994, 0.416384, -0.855682, 0.3073, -0.002831, 0.852948, 0.484669, 0.193843, -1.2e-05, 0.0, 0.0, 0.0, 1.0],
                [-0.314807, 0.181398, 0.93166, 0.124994, 0.416384, -0.855682, 0.3073, -0.002831, 0.852948, 0.484669, 0.193843, -1.2e-05, 0.0, 0.0, 0.0, 1.0],
                [-0.314807, 0.181398, 0.931661, 0.124994, 0.416384, -0.855682, 0.3073, -0.002831, 0.852949, 0.484669, 0.193843, -1.2e-05, 0.0, 0.0, 0.0, 1.0],
                [-0.314807, 0.181398, 0.93166, 0.124994, 0.416384, -0.855682, 0.3073, -0.002831, 0.852948, 0.484669, 0.193843, -1.2e-05, 0.0, 0.0, 0.0, 1.0],
                [-0.314807, 0.181398, 0.931661, 0.124994, 0.416384, -0.855682, 0.3073, -0.002831, 0.852948, 0.484669, 0.193843, -1.2e-05, 0.0, 0.0, 0.0, 1.0],
                [-0.314807, 0.181398, 0.93166, 0.124994, 0.416384, -0.855682, 0.3073, -0.002831, 0.852948, 0.484669, 0.193843, -1.2e-05, 0.0, 0.0, 0.0, 1.0],
                [-0.314807, 0.181398, 0.931661, 0.124994, 0.416384, -0.855682, 0.3073, -0.002831, 0.852949, 0.484669, 0.193843, -1.2e-05, 0.0, 0.0, 0.0, 1.0],
                [-0.314807, 0.181398, 0.93166, 0.124994, 0.416384, -0.855682, 0.3073, -0.002831, 0.852948, 0.484669, 0.193843, -1.2e-05, 0.0, 0.0, 0.0, 1.0],
                [-0.314807, 0.181398, 0.931661, 0.124994, 0.416384, -0.855682, 0.3073, -0.002831, 0.852948, 0.484669, 0.193843, -1.2e-05, 0.0, 0.0, 0.0, 1.0],
                [-0.314807, 0.181398, 0.93166, 0.124994, 0.416384, -0.855682, 0.3073, -0.002831, 0.852948, 0.484669, 0.193843, -1.2e-05, 0.0, 0.0, 0.0, 1.0],
                [-0.314807, 0.181398, 0.931661, 0.124994, 0.416384, -0.855682, 0.3073, -0.002831, 0.852949, 0.484669, 0.193843, -1.2e-05, 0.0, 0.0, 0.0, 1.0],
                [-0.314807, 0.181398, 0.93166, 0.124994, 0.416384, -0.855682, 0.3073, -0.002831, 0.852948, 0.484669, 0.193843, -1.2e-05, 0.0, 0.0, 0.0, 1.0],
                [-0.311852, 0.183427, 0.932257, 0.124994, 0.415551, -0.856037, 0.307437, -0.002831, 0.854439, 0.483275, 0.190733, -1.2e-05, 0.0, 0.0, 0.0, 1.0],
                [-0.303439, 0.189166, 0.933885, 0.124994, 0.413199, -0.857026, 0.307854, -0.002831, 0.858599, 0.479295, 0.181892, -1.2e-05, 0.0, 0.0, 0.0, 1.0],
                [-0.290016, 0.198144, 0.936285, 0.124994, 0.409505, -0.858551, 0.308538, -0.002831, 0.864983, 0.472895, 0.167852, -1.2e-05, 0.0, 0.0, 0.0, 1.0],
                [-0.271797, 0.209946, 0.939175, 0.124994, 0.404611, -0.860537, 0.309461, -0.002831, 0.873164, 0.464111, 0.148944, -1.2e-05, 0.0, 0.0, 0.0, 1.0],
                [-0.248822, 0.224187, 0.942246, 0.124994, 0.398628, -0.862923, 0.310581, -0.002831, 0.882714, 0.452885, 0.125347, -1.2e-05, 0.0, 0.0, 0.0, 1.0],
                [-0.220988, 0.24051, 0.945156, 0.124994, 0.391639, -0.865661, 0.311851, -0.002831, 0.893187, 0.439075, 0.097107, -1.2e-05, 0.0, 0.0, 0.0, 1.0],
                [-0.18803, 0.258591, 0.94751, 0.124994, 0.383699, -0.868713, 0.31323, -0.002831, 0.904113, 0.422455, 0.064123, -1.2e-05, 0.0, 0.0, 0.0, 1.0],
                [-0.149473, 0.27816, 0.948833, 0.124994, 0.374805, -0.872059, 0.314697, -0.002831, 0.914975, 0.402667, 0.026093, -1.2e-05, 0.0, 0.0, 0.0, 1.0],
                [-0.104465, 0.29904, 0.948505, 0.124994, 0.364863, -0.875699, 0.316271, -0.002831, 0.925182, 0.379114, -0.017629, -1.2e-05, 0.0, 0.0, 0.0, 1.0],
                [-0.051363, 0.321238, 0.945604, 0.124994, 0.35357, -0.879679, 0.318047, -0.002831, 0.933997, 0.350673, -0.068397, -1.2e-05, 0.0, 0.0, 0.0, 1.0],
                [0.013458, 0.345174, 0.938442, 0.124994, 0.340125, -0.884142, 0.320324, -0.002831, 0.940284, 0.314877, -0.129301, -1.2e-05, 0.0, 0.0, 0.0, 1.0],
                [0.09991, 0.372349, 0.922699, 0.124994, 0.322158, -0.889492, 0.324065, -0.002831, 0.941399, 0.264877, -0.208824, -1.2e-05, 0.0, 0.0, 0.0, 1.0],
                [0.232559, 0.404512, 0.884469, 0.124994, 0.293681, -0.89616, 0.332639, -0.002831, 0.927183, 0.182394, -0.327208, -1.2e-05, 0.0, 0.0, 0.0, 1.0],
                [0.464818, 0.43201, 0.772859, 0.124994, 0.241472, -0.90165, 0.358773, -0.002831, 0.851842, 0.01986, -0.523422, -1.2e-05, 0.0, 0.0, 0.0, 1.0],
                [0.541724, 0.433425, 0.720193, 0.124994, 0.230082, -0.900543, 0.368897, -0.002831, 0.808454, -0.034136, -0.587569, -1.2e-05, 0.0, 0.0, 0.0, 1.0],
                [0.703198, 0.414914, 0.577373, 0.124994, 0.19881, -0.894418, 0.400614, -0.002831, 0.682633, -0.166923, -0.711442, -1.2e-05, 0.0, 0.0, 0.0, 1.0],
                [0.780208, 0.394925, 0.485087, 0.124994, 0.189694, -0.888356, 0.418138, -0.002831, 0.596063, -0.234217, -0.768018, -1.2e-05, 0.0, 0.0, 0.0, 1.0],
                [0.826986, 0.378221, 0.415985, 0.124994, 0.18864, -0.883667, 0.428425, -0.002831, 0.529631, -0.275831, -0.802127, -1.2e-05, 0.0, 0.0, 0.0, 1.0],
                [0.855166, 0.366678, 0.366385, 0.124994, 0.192363, -0.880845, 0.432562, -0.002831, 0.481339, -0.299433, -0.823803, -1.2e-05, 0.0, 0.0, 0.0, 1.0],
                [0.873693, 0.358751, 0.328572, 0.124994, 0.198413, -0.87946, 0.432645, -0.002831, 0.444178, -0.312806, -0.839558, -1.2e-05, 0.0, 0.0, 0.0, 1.0],
                [0.886906, 0.353077, 0.297882, 0.124994, 0.205571, -0.879131, 0.429965, -0.002831, 0.413688, -0.320103, -0.852289, -1.2e-05, 0.0, 0.0, 0.0, 1.0],
                [0.896791, 0.348913, 0.272077, 0.124994, 0.213238, -0.879628, 0.425187, -0.002831, 0.38768, -0.323287, -0.863244, -1.2e-05, 0.0, 0.0, 0.0, 1.0],
                [0.904402, 0.345811, 0.249943, 0.124994, 0.221067, -0.880797, 0.418719, -0.002831, 0.364947, -0.323437, -0.873042, -1.2e-05, 0.0, 0.0, 0.0, 1.0],
                [0.910368, 0.343485, 0.230755, 0.124994, 0.228836, -0.882516, 0.410852, -0.002831, 0.344767, -0.321222, -0.882016, -1.2e-05, 0.0, 0.0, 0.0, 1.0],
                [0.915096, 0.341738, 0.214046, 0.124994, 0.23639, -0.88468, 0.401824, -0.002831, 0.326681, -0.317109, -0.890349, -1.2e-05, 0.0, 0.0, 0.0, 1.0],
                [0.918866, 0.340425, 0.19949, 0.124994, 0.243617, -0.887189, 0.39185, -0.002831, 0.310381, -0.311459, -0.898141, -1.2e-05, 0.0, 0.0, 0.0, 1.0],
                [0.921884, 0.339441, 0.186842, 0.124994, 0.250433, -0.889949, 0.381148, -0.002831, 0.295657, -0.304583, -0.905437, -1.2e-05, 0.0, 0.0, 0.0, 1.0],
                [0.924303, 0.338701, 0.175912, 0.124994, 0.256773, -0.892866, 0.369944, -0.002831, 0.282366, -0.296771, -0.912248, -1.2e-05, 0.0, 0.0, 0.0, 1.0],
                [0.926243, 0.33814, 0.166539, 0.124994, 0.262586, -0.895843, 0.358488, -0.002831, 0.270412, -0.288317, -0.918559, -1.2e-05, 0.0, 0.0, 0.0, 1.0],
                [0.927795, 0.33771, 0.158584, 0.124994, 0.26783, -0.898788, 0.347056, -0.002831, 0.259738, -0.279523, -0.924339, -1.2e-05, 0.0, 0.0, 0.0, 1.0],
                [0.929033, 0.33737, 0.151922, 0.124994, 0.272471, -0.901604, 0.335961, -0.002831, 0.250317, -0.270724, -0.929543, -1.2e-05, 0.0, 0.0, 0.0, 1.0],
                [0.930012, 0.337095, 0.146441, 0.124994, 0.276479, -0.904202, 0.325544, -0.002831, 0.242151, -0.262272, -0.934118, -1.2e-05, 0.0, 0.0, 0.0, 1.0],
                [0.930777, 0.336865, 0.142041, 0.124994, 0.279824, -0.906491, 0.316186, -0.002831, 0.235271, -0.254553, -0.938004, -1.2e-05, 0.0, 0.0, 0.0, 1.0],
                [0.931359, 0.336674, 0.138643, 0.124994, 0.282479, -0.908388, 0.308282, -0.002831, 0.229732, -0.247958, -0.941138, -1.2e-05, 0.0, 0.0, 0.0, 1.0],
                [0.931775, 0.336522, 0.136194, 0.124994, 0.284415, -0.909817, 0.302228, -0.002831, 0.225618, -0.242873, -0.943456, -1.2e-05, 0.0, 0.0, 0.0, 1.0],
                [0.932032, 0.336417, 0.134683, 0.124994, 0.285603, -0.910712, 0.298389, -0.002831, 0.22304, -0.239642, -0.944894, -1.2e-05, 0.0, 0.0, 0.0, 1.0],
                [0.932123, 0.336377, 0.134156, 0.124994, 0.286007, -0.911019, 0.297061, -0.002831, 0.222143, -0.238528, -0.945388, -1.2e-05, 0.0, 0.0, 0.0, 1.0]
            ]
        },
        {
            "name": "Leg_R",
            "time": [0.0, 0.0167, 0.0333, 0.05, 0.0667, 0.0833, 0.1, 0.1167, 0.1333, 0.15, 0.1667, 0.1833, 0.2, 0.2167, 0.2333, 0.25, 0.2667, 0.2833, 0.3, 0.3167, 0.3333, 0.35, 0.3667, 0.3833, 0.4, 0.4167, 0.4333, 0.45, 0.4667, 0.4833, 0.5, 0.5167, 0.5333, 0.55, 0.5667, 0.5833, 0.6, 0.6167, 0.6333, 0.65, 0.6667, 0.6833, 0.7, 0.7167, 0.7333, 0.75, 0.7667, 0.7833, 0.8, 0.8167, 0.8333, 0.85, 0.8667, 0.8833, 0.9, 0.9167, 0.9333, 0.95, 0.9667, 0.9833, 1.0, 1.0167, 1.0333, 1.05, 1.0667, 1.0833, 1.1, 1.1167, 1.1333, 1.15, 1.1667, 1.1833, 1.2, 1.2167, 1.2333, 1.25, 1.2667, 1.2833, 1.3, 1.3167, 1.3333, 1.35, 1.3667, 1.3833, 1.4, 1.4167, 1.4333, 1.45, 1.4667, 1.4833, 1.5, 1.5167, 1.5333, 1.55, 1.5667, 1.5833, 1.6, 1.6167, 1.6333, 1.65, 1.6667],
            "transform": [
                [1.0, -1e-06, 1e-06, -0.0, -0.0, 0.684471, 0.72904, 0.374726, -1e-06, -0.72904, 0.684471, 0.0, 0.0, 0.0, 0.0, 1.0],
                [1.0, -1e-06, 1e-06, -0.0, -0.0, 0.643022, 0.765848, 0.374726, -1e-06, -0.765848, 0.643022, 0.0, 0.0, 0.0, 0.0, 1.0],
                [1.0, -1e-06, 1e-06, -0.0, -0.0, 0.597468, 0.801893, 0.374726, -1e-06, -0.801893, 0.597468, -0.0, 0.0, 0.0, 0.0, 1.0],
                [1.0, -1e-06, 1e-06, -0.0, -0.0, 0.620399, 0.784285, 0.374726, -1e-06, -0.784286, 0.6204, 0.0, 0.0, 0.0, 0.0, 1.0],
                [1.0, -1e-06, 1e-06, -0.0, -0.0, 0.684471, 0.72904, 0.374726, -1e-06, -0.729041, 0.684471, 0.0, 0.0, 0.0, 0.0, 1.0],
                [1.0, -0.0, 1e-06, -0.0, -0.0, 0.717406, 0.696655, 0.374726, -1e-06, -0.696655, 0.717406, 0.0, 0.0, 0.0, 0.0, 1.0],
                [1.0, -1e-06, 1e-06, 0.0, -0.0, 0.722252, 0.691629, 0.374726, -1e-06, -0.69163, 0.722253, -0.0, 0.0, 0.0, 0.0, 1.0],
                [1.0, -1e-06, 1e-06, -0.0, -0.0, 0.709893, 0.704309, 0.374726, -1e-06, -0.704309, 0.709893, -0.0, 0.0, 0.0, 0.0, 1.0],
                [1.0, -0.0, 1e-06, 0.0, -0.0, 0.694204, 0.719779, 0.374726, -1e-06, -0.719779, 0.694203, -0.0, 0.0, 0.0, 0.0, 1.0],
                [1.0, -0.0, 1e-06, 0.0, -0.0, 0.684471, 0.729041, 0.374726, -1e-06, -0.729041, 0.68447, 0.0, 0.0, 0.0, 0.0, 1.0],
                [1.0, -1e-06, 1e-06, -0.0, -0.0, 0.599323, 0.800507, 0.374726, -1e-06, -0.800507, 0.599323, -0.0, 0.0, 0.0, 0.0, 1.0],
                [1.0, -1e-06, 1e-06, -0.0, -0.0, 0.397317, 0.917681, 0.374726, -1e-06, -0.917682, 0.397317, 0.0, 0.0, 0.0, 0.0, 1.0],
                [1.0, -1e-06, 0.0, 0.0, -0.0, 0.147621, 0.989044, 0.374726, -1e-06, -0.989044, 0.147621, -0.0, 0.0, 0.0, 0.0, 1.0],
                [1.0, -1e-06, 0.0, -0.0, -0.0, -0.089763, 0.995963, 0.374726, -1e-06, -0.995963, -0.089763, -0.0, 0.0, 0.0, 0.0, 1.0],
                [1.0, -1e-06, 0.0, -0.0, -0.0, -0.271735, 0.962372, 0.374726, -1e-06, -0.962372, -0.271735, 0.0, 0.0, 0.0, 0.0, 1.0],
                [1.0, -1e-06, -0.0, 0.0, -0.0, -0.370594, 0.928795, 0.374726, -1e-06, -0.928795, -0.370593, -0.0, 0.0, 0.0, 0.0, 1.0],
                [1.0, -1e-06, -0.0, 0.0, -0.0, -0.369395, 0.929272, 0.374726, -1e-06, -0.929273, -0.369395, -0.0, 0.0, 0.0, 0.0, 1.0],
                [1.0, -1e-06, -0.0, 0.0, -0.0, -0.371607, 0.92839, 0.374726, -1e-06, -0.92839, -0.371607, 0.0, 0.0, 0.0, 0.0, 1.0],
                [1.0, -1e-06, -0.0, 0.0, -0.0, -0.434913, 0.900472, 0.374726, -1e-06, -0.900472, -0.434913, 0.0, 0.0, 0.0, 0.0, 1.0],
                [1.0, -1e-06, -0.0, -0.0, -0.0, -0.460911, 0.887446, 0.374726, -1e-06, -0.887446, -0.460911, -0.0, 0.0, 0.0, 0.0, 1.0],
                [1.0, -1e-06, -0.0, -0.0, -0.0, -0.409014, 0.912528, 0.374726, -1e-06, -0.912528, -0.409014, 0.0, 0.0, 0.0, 0.0, 1.0],
                [1.0, -1e-06, 0.0, -0.0, -0.0, -0.328016, 0.944672, 0.374726, -1e-06, -0.944672, -0.328016, -0.0, 0.0, 0.0, 0.0, 1.0],
                [1.0, -1e-06, -0.0, -0.0, -0.0, -0.308393, 0.951259, 0.374726, -1e-06, -0.951259, -0.308394, -0.0, 0.0, 0.0, 0.0, 1.0],
                [1.0, -1e-06, 0.0, 0.0, -0.0, -0.326428, 0.945222, 0.374726, -1e-06, -0.945222, -0.326428, -0.0, 0.0, 0.0, 0.0, 1.0],
                [1.0, -1e-06, -0.0, -0.0, -0.0, -0.322199, 0.946671, 0.374726, -1e-06, -0.946672, -0.322199, 0.0, 0.0, 0.0, 0.0, 1.0],
                [1.0, -1e-06, 0.0, -0.0, -0.0, -0.297494, 0.954724, 0.374726, -1e-06, -0.954724, -0.297494, 0.0, 0.0, 0.0, 0.0, 1.0],
                [1.0, -1e-06, 0.0, -0.0, -0.0, -0.259388, 0.965773, 0.374726, -1e-06, -0.965773, -0.259388, -0.0, 0.0, 0.0, 0.0, 1.0],
                [1.0, -1e-06, 0.0, 0.0, -0.0, -0.216632, 0.976253, 0.374726, -1e-06, -0.976253, -0.216632, -0.0, 0.0, 0.0, 0.0, 1.0],
                [1.0, -1e-06, 0.0, 0.0, -0.0, -0.176271, 0.984342, 0.374726, -1e-06, -0.984342, -0.176271, 0.0, 0.0, 0.0, 0.0, 1.0],
                [1.0, -1e-06, 0.0, -0.0, -0.0, -0.142209, 0.989837, 0.374726, -1e-06, -0.989837, -0.14221, 0.0, 0.0, 0.0, 0.0, 1.0],
                [1.0, -1e-06, 0.0, 0.0, -0.0, -0.115639, 0.993291, 0.374726, -1e-06, -0.993291, -0.115639, -0.0, 0.0, 0.0, 0.0, 1.0],
                [1.0, -1e-06, 0.0, -0.0, -0.0, -0.096216, 0.99536, 0.374726, -1e-06, -0.99536, -0.096216, 0.0, 0.0, 0.0, 0.0, 1.0],
                [1.0, -1e-06, 0.0, -0.0, -0.0, -0.083124, 0.996539, 0.374726, -1e-06, -0.996539, -0.083124, -0.0, 0.0, 0.0, 0.0, 1.0],
                [1.0, -1e-06, 0.0, 0.0, -0.0, -0.075636, 0.997136, 0.374726, -1e-06, -0.997136, -0.075636, 0.0, 0.0, 0.0, 0.0, 1.0],
                [1.0, -1e-06, 0.0, -0.0, -0.0, -0.073237, 0.997314, 0.374726, -1e-06, -0.997314, -0.073238, -0.0, 0.0, 0.0, 0.0, 1.0],
                [1.0, -1e-06, 0.0, -0.0, -0.0, -0.073237, 0.997314, 0.374726, -1e-06, -0.997314, -0.073237, 0.0, 0.0, 0.0, 0.0, 1.0],
                [1.0, -1e-06, 0.0, -0.0, -0.0, -0.073237, 0.997314, 0.374726, -1e-06, -0.997314, -0.073237, -0.0, 0.0, 0.0, 0.0, 1.0],
                [1.0, -1e-06, 0.0, 0.0, -0.0, -0.073237, 0.997314, 0.374726, -1e-06, -0.997314, -0.073237, -0.0, 0.0, 0.0, 0.0, 1.0],
                [1.0, -1e-06, 0.0, -0.0, -0.0, -0.073237, 0.997314, 0.374726, -1e-06, -0.997314, -0.073238, -0.0, 0.0, 0.0, 0.0, 1.0],
                [1.0, -1e-06, 0.0, -0.0, -0.0, -0.073237, 0.997314, 0.374726, -1e-06, -0.997314, -0.073237, 0.0, 0.0, 0.0, 0.0, 1.0],
                [1.0, -1e-06, 0.0, -0.0, -0.0, -0.073237, 0.997314, 0.374726, -1e-06, -0.997314, -0.073237, -0.0, 0.0, 0.0, 0.0, 1.0],
                [1.0, -1e-06, 0.0, 0.0, -0.0, -0.073237, 0.997314, 0.374726, -1e-06, -0.997314, -0.073237, -0.0, 0.0, 0.0, 0.0, 1.0],
                [1.0, -1e-06, 0.0, -0.0, -0.0, -0.073237, 0.997314, 0.374726, -1e-06, -0.997314, -0.073238, -0.0, 0.0, 0.0, 0.0, 1.0],
                [1.0, -1e-06, 0.0, -0.0, -0.0, -0.073237, 0.997314, 0.374726, -1e-06, -0.997314, -0.073237, 0.0, 0.0, 0.0, 0.0, 1.0],
                [1.0, -1e-06, 0.0, -0.0, -0.0, -0.073237, 0.997314, 0.374726, -1e-06, -0.997314, -0.073237, -0.0, 0.0, 0.0, 0.0, 1.0],
                [1.0, -1e-06, 0.0, 0.0, -0.0, -0.073237, 0.997314, 0.374726, -1e-06, -0.997314, -0.073237, -0.0, 0.0, 0.0, 0.0, 1.0],
                [1.0, -1e-06, 0.0, -0.0, -0.0, -0.073237, 0.997314, 0.374726, -1e-06, -0.997314, -0.073238, -0.0, 0.0, 0.0, 0.0, 1.0],
                [1.0, -1e-06, 0.0, -0.0, -0.0, -0.073237, 0.997314, 0.374726, -1e-06, -0.997314, -0.073237, 0.0, 0.0, 0.0, 0.0, 1.0],
                [1.0, -1e-06, 0.0, -0.0, -0.0, -0.073237, 0.997314, 0.374726, -1e-06, -0.997314, -0.073237, -0.0, 0.0, 0.0, 0.0, 1.0],
                [1.0, -1e-06, 0.0, 0.0, -0.0, -0.073237, 0.997314, 0.374726, -1e-06, -0.997314, -0.073237, -0.0, 0.0, 0.0, 0.0, 1.0],
                [1.0, -1e-06, 0.0, -0.0, -0.0, -0.073237, 0.997314, 0.374726, -1e-06, -0.997314, -0.073238, -0.0, 0.0, 0.0, 0.0, 1.0],
                [1.0, -1e-06, 0.0, -0.0, -0.0, -0.073237, 0.997314, 0.374726, -1e-06, -0.997314, -0.073237, 0.0, 0.0, 0.0, 0.0, 1.0],
                [1.0, -1e-06, 0.0, -0.0, -0.0, -0.073237, 0.997314, 0.374726, -1e-06, -0.997314, -0.073237, -0.0, 0.0, 0.0, 0.0, 1.0],
                [1.0, -1e-06, 0.0, 0.0, -0.0, -0.073237, 0.997314, 0.374726, -1e-06, -0.997314, -0.073237, -0.0, 0.0, 0.0, 0.0, 1.0],
                [1.0, -1e-06, 0.0, -0.0, -0.0, -0.073237, 0.997314, 0.374726, -1e-06, -0.997314, -0.073238, -0.0, 0.0, 0.0, 0.0, 1.0],
                [1.0, -1e-06, 0.0, -0.0, -0.0, -0.073237, 0.997314, 0.374726, -1e-06, -0.997314, -0.073237, 0.0, 0.0, 0.0, 0.0, 1.0],
                [1.0, -1e-06, 0.0, -0.0, -0.0, -0.073237, 0.997314, 0.374726, -1e-06, -0.997314, -0.073237, -0.0, 0.0, 0.0, 0.0, 1.0],
