{
    "animation": [
        {
            "name": "Root",
            "time": [0.0, 0.0417, 0.0833, 0.125, 0.1667, 0.2083, 0.25, 0.2917, 0.3333, 0.375, 0.4167, 0.4583, 0.5, 0.5417, 0.5833, 0.625, 0.6667, 0.7083, 0.75, 0.7917, 0.8333, 0.875, 0.9167, 0.9583, 1.0, 1.0417, 1.0833, 1.125, 1.1667, 1.2083, 1.25, 1.2917, 1.3333, 1.375, 1.4167, 1.4583, 1.5, 1.5417, 1.5833, 1.625, 1.6667, 1.7083, 1.75, 1.7917, 1.8333, 1.875, 1.9167, 1.9583, 2.0, 2.0417, 2.0833, 2.125, 2.1667, 2.2083, 2.25, 2.2917, 2.3333, 2.375, 2.4167, 2.4583, 2.5, 2.5417, 2.5833, 2.625, 2.6667, 2.7083, 2.75, 2.7917, 2.8333, 2.875, 2.9167, 2.9583, 3.0, 3.0417, 3.0833, 3.125, 3.1667, 3.2083, 3.25],
            "transform": [
                [1.0, -0.0, -0.0, 0.04652, -0.0, -0.0, -1.0, -0.03544, 0.0, 1.0, -0.0, 0.59377, 0.0, 0.0, 0.0, 1.0],
                [1.0, -0.0, -0.0, 0.101592, -0.0, -0.0, -1.0, -0.059925, 0.0, 1.0, -0.0, 0.465061, 0.0, 0.0, 0.0, 1.0],
                [1.0, -0.0, -0.0, 0.086492, -0.0, -0.0, -1.0, 0.106631, 0.0, 1.0, -0.0, 0.465061, 0.0, 0.0, 0.0, 1.0],
                [1.0, -0.0, -0.0, 0.047729, -0.0, -0.0, -1.0, 0.364051, 0.0, 1.0, -0.0, 0.458104, 0.0, 0.0, 0.0, 1.0],
                [1.0, -0.0, -0.0, 0.002993, -0.0, -0.0, -1.0, 0.629388, 0.0, 1.0, -0.0, 0.43336, 0.0, 0.0, 0.0, 1.0],
                [1.0, -0.0, -0.0, -0.041744, -0.0, -0.0, -1.0, 0.894726, 0.0, 1.0, -0.0, 0.408616, 0.0, 0.0, 0.0, 1.0],
                [1.0, -0.0, -0.0, -0.101393, -0.0, -0.0, -1.0, 1.225318, 0.0, 1.0, -0.0, 0.40204, 0.0, 0.0, 0.0, 1.0],
                [1.0, -0.0, -0.0, -0.161042, -0.0, -0.0, -1.0, 1.555911, 0.0, 1.0, -0.0, 0.395464, 0.0, 0.0, 0.0, 1.0],
                [1.0, -0.0, -0.0, -0.108819, -0.0, -0.0, -1.0, 1.769997, 0.0, 1.0, -0.0, 0.395464, 0.0, 0.0, 0.0, 1.0],
                [1.0, -0.0, -0.0, 0.065304, -0.0, -0.0, -1.0, 2.027899, 0.0, 1.0, -0.0, 0.330652, 0.0, 0.0, 0.0, 1.0],
                [1.0, -0.0, -0.0, 0.063859, -0.0, -0.0, -1.0, 2.09229, 0.0, 1.0, -0.0, 0.287225, 0.0, 0.0, 0.0, 1.0],
                [1.0, -0.0, -0.0, 0.062415, -0.0, -0.0, -1.0, 2.156681, 0.0, 1.0, -0.0, 0.243798, 0.0, 0.0, 0.0, 1.0],
                [1.0, -0.0, -0.0, 0.06097, -0.0, -0.0, -1.0, 2.221072, 0.0, 1.0, -0.0, 0.200371, 0.0, 0.0, 0.0, 1.0],
                [1.0, -0.0, -0.0, 0.05262, -0.0, -0.0, -1.0, 2.241243, 0.0, 1.0, -0.0, 0.220313, 0.0, 0.0, 0.0, 1.0],
                [1.0, -0.0, -0.0, 0.04427, -0.0, -0.0, -1.0, 2.261415, 0.0, 1.0, -0.0, 0.240256, 0.0, 0.0, 0.0, 1.0],
                [1.0, -0.0, -0.0, 0.03592, -0.0, -0.0, -1.0, 2.281585, 0.0, 1.0, -0.0, 0.260198, 0.0, 0.0, 0.0, 1.0],
                [1.0, -0.0, -0.0, 0.02757, -0.0, -0.0, -1.0, 2.301756, 0.0, 1.0, -0.0, 0.28014, 0.0, 0.0, 0.0, 1.0],
                [1.0, -0.0, -0.0, 0.01922, -0.0, -0.0, -1.0, 2.326372, 0.0, 1.0, -0.0, 0.294526, 0.0, 0.0, 0.0, 1.0],
                [1.0, -0.0, -0.0, 0.01087, -0.0, -0.0, -1.0, 2.350987, 0.0, 1.0, -0.0, 0.308913, 0.0, 0.0, 0.0, 1.0],
                [1.0, -0.0, -0.0, 0.00252, -0.0, -0.0, -1.0, 2.375603, 0.0, 1.0, -0.0, 0.323299, 0.0, 0.0, 0.0, 1.0],
                [1.0, -0.0, -0.0, -0.00583, -0.0, -0.0, -1.0, 2.400218, 0.0, 1.0, -0.0, 0.337686, 0.0, 0.0, 0.0, 1.0],
                [1.0, -0.0, -0.0, -0.005514, -0.0, -0.0, -1.0, 2.411524, 0.0, 1.0, -0.0, 0.341542, 0.0, 0.0, 0.0, 1.0],
                [1.0, -0.0, -0.0, -0.005198, -0.0, -0.0, -1.0, 2.422829, 0.0, 1.0, -0.0, 0.345398, 0.0, 0.0, 0.0, 1.0],
                [1.0, -0.0, -0.0, -0.004882, -0.0, -0.0, -1.0, 2.434134, 0.0, 1.0, -0.0, 0.349255, 0.0, 0.0, 0.0, 1.0],
                [1.0, -0.0, -0.0, -0.004567, -0.0, -0.0, -1.0, 2.445439, 0.0, 1.0, -0.0, 0.353111, 0.0, 0.0, 0.0, 1.0],
                [1.0, -0.0, -0.0, -0.004251, -0.0, -0.0, -1.0, 2.456744, 0.0, 1.0, -0.0, 0.356968, 0.0, 0.0, 0.0, 1.0],
                [1.0, -0.0, -0.0, -0.003935, -0.0, -0.0, -1.0, 2.468049, 0.0, 1.0, -0.0, 0.360824, 0.0, 0.0, 0.0, 1.0],
                [1.0, -0.0, -0.0, -0.003619, -0.0, -0.0, -1.0, 2.470095, 0.0, 1.0, -0.0, 0.366902, 0.0, 0.0, 0.0, 1.0],
                [1.0, -0.0, -0.0, -0.003303, -0.0, -0.0, -1.0, 2.472141, 0.0, 1.0, -0.0, 0.372981, 0.0, 0.0, 0.0, 1.0],
                [1.0, -0.0, -0.0, -0.002987, -0.0, -0.0, -1.0, 2.474186, 0.0, 1.0, -0.0, 0.37906, 0.0, 0.0, 0.0, 1.0],
                [1.0, -0.0, -0.0, -0.002672, -0.0, -0.0, -1.0, 2.482652, 0.0, 1.0, -0.0, 0.381805, 0.0, 0.0, 0.0, 1.0],
                [1.0, -0.0, -0.0, -0.002356, -0.0, -0.0, -1.0, 2.491117, 0.0, 1.0, -0.0, 0.38455, 0.0, 0.0, 0.0, 1.0],
                [1.0, -0.0, -0.0, -0.00204, -0.0, -0.0, -1.0, 2.499583, 0.0, 1.0, -0.0, 0.387295, 0.0, 0.0, 0.0, 1.0],
                [1.0, -0.0, -0.0, -0.001724, -0.0, -0.0, -1.0, 2.508048, 0.0, 1.0, -0.0, 0.390041, 0.0, 0.0, 0.0, 1.0],
                [1.0, -0.0, -0.0, -0.001408, -0.0, -0.0, -1.0, 2.502736, 0.0, 1.0, -0.0, 0.408564, 0.0, 0.0, 0.0, 1.0],
                [1.0, -0.0, -0.0, -0.001092, -0.0, -0.0, -1.0, 2.497423, 0.0, 1.0, -0.0, 0.427087, 0.0, 0.0, 0.0, 1.0],
                [1.0, -0.0, -0.0, -0.000776, -0.0, -0.0, -1.0, 2.534334, 0.0, 1.0, -0.0, 0.463388, 0.0, 0.0, 0.0, 1.0],
                [1.0, -0.0, -0.0, -0.000461, -0.0, -0.0, -1.0, 2.571244, 0.0, 1.0, -0.0, 0.49969, 0.0, 0.0, 0.0, 1.0],
                [1.0, -0.0, -0.0, -0.000145, -0.0, -0.0, -1.0, 2.608155, 0.0, 1.0, -0.0, 0.535991, 0.0, 0.0, 0.0, 1.0],
                [1.0, -0.0, -0.0, -0.000143, -0.0, -0.0, -1.0, 2.64673, 0.0, 1.0, -0.0, 0.598214, 0.0, 0.0, 0.0, 1.0],
                [1.0, -0.0, -0.0, 0.000361, -0.0, -0.0, -1.0, 2.68152, 0.0, 1.0, -0.0, 0.589325, 0.0, 0.0, 0.0, 1.0],
                [1.0, -0.0, -0.0, 0.00233, -0.0, -0.0, -1.0, 2.726115, 0.0, 1.0, -0.0, 0.59377, 0.0, 0.0, 0.0, 1.0],
                [1.0, -0.0, -0.0, 0.004873, -0.0, -0.0, -1.0, 2.749065, 0.0, 1.0, -0.0, 0.59377, 0.0, 0.0, 0.0, 1.0],
                [1.0, -0.0, -0.0, 0.005591, -0.0, -0.0, -1.0, 2.803944, 0.0, 1.0, -0.0, 0.567102, 0.0, 0.0, 0.0, 1.0],
                [1.0, -0.0, -0.0, 0.001876, -0.0, -0.0, -1.0, 2.841499, 0.0, 1.0, -0.0, 0.558213, 0.0, 0.0, 0.0, 1.0],
                [1.0, -0.0, -0.0, 0.001765, -0.0, -0.0, -1.0, 2.88758, 0.0, 1.0, -0.0, 0.59377, 0.0, 0.0, 0.0, 1.0],
                [1.0, -0.0, -0.0, 0.00166, -0.0, -0.0, -1.0, 2.915873, 0.0, 1.0, -0.0, 0.59377, 0.0, 0.0, 0.0, 1.0],
                [1.0, -0.0, -0.0, 0.001525, -0.0, -0.0, -1.0, 2.953386, 0.0, 1.0, -0.0, 0.59377, 0.0, 0.0, 0.0, 1.0],
                [1.0, -0.0, -0.0, 0.001397, -0.0, -0.0, -1.0, 2.990414, 0.0, 1.0, -0.0, 0.59377, 0.0, 0.0, 0.0, 1.0],
                [1.0, -0.0, -0.0, 0.001306, -0.0, -0.0, -1.0, 3.017733, 0.0, 1.0, -0.0, 0.59377, 0.0, 0.0, 0.0, 1.0],
                [1.0, -0.0, -0.0, 0.001218, -0.0, -0.0, -1.0, 3.044453, 0.0, 1.0, -0.0, 0.59377, 0.0, 0.0, 0.0, 1.0],
                [1.0, -0.0, -0.0, 0.001107, -0.0, -0.0, -1.0, 3.079087, 0.0, 1.0, -0.0, 0.59377, 0.0, 0.0, 0.0, 1.0],
                [1.0, -0.0, -0.0, 0.001004, -0.0, -0.0, -1.0, 3.107713, 0.0, 1.0, -0.0, 0.59377, 0.0, 0.0, 0.0, 1.0],
                [1.0, -0.0, -0.0, 0.000931, -0.0, -0.0, -1.0, 3.111895, 0.0, 1.0, -0.0, 0.59377, 0.0, 0.0, 0.0, 1.0],
                [1.0, -0.0, -0.0, 0.00086, -0.0, -0.0, -1.0, 3.112885, 0.0, 1.0, -0.0, 0.59377, 0.0, 0.0, 0.0, 1.0],
                [1.0, -0.0, -0.0, 0.000771, -0.0, -0.0, -1.0, 3.114205, 0.0, 1.0, -0.0, 0.59377, 0.0, 0.0, 0.0, 1.0],
                [1.0, -0.0, -0.0, 0.000689, -0.0, -0.0, -1.0, 3.115525, 0.0, 1.0, -0.0, 0.59377, 0.0, 0.0, 0.0, 1.0],
                [1.0, -0.0, -0.0, 0.00063, -0.0, -0.0, -1.0, 3.116515, 0.0, 1.0, -0.0, 0.59377, 0.0, 0.0, 0.0, 1.0],
                [1.0, -0.0, -0.0, 0.000576, -0.0, -0.0, -1.0, 3.117505, 0.0, 1.0, -0.0, 0.59377, 0.0, 0.0, 0.0, 1.0],
                [1.0, -0.0, -0.0, 0.000507, -0.0, -0.0, -1.0, 3.118842, 0.0, 1.0, -0.0, 0.59377, 0.0, 0.0, 0.0, 1.0],
                [1.0, -0.0, -0.0, 0.000461, -0.0, -0.0, -1.0, 3.119848, 0.0, 1.0, -0.0, 0.59377, 0.0, 0.0, 0.0, 1.0],
                [1.0, -0.0, -0.0, 0.000414, -0.0, -0.0, -1.0, 3.120855, 0.0, 1.0, -0.0, 0.59377, 0.0, 0.0, 0.0, 1.0],
                [1.0, -0.0, -0.0, 0.000359, -0.0, -0.0, -1.0, 3.122197, 0.0, 1.0, -0.0, 0.59377, 0.0, 0.0, 0.0, 1.0],
                [1.0, -0.0, -0.0, 0.000307, -0.0, -0.0, -1.0, 3.123539, 0.0, 1.0, -0.0, 0.59377, 0.0, 0.0, 0.0, 1.0],
                [1.0, -0.0, -0.0, 0.000273, -0.0, -0.0, -1.0, 3.124546, 0.0, 1.0, -0.0, 0.59377, 0.0, 0.0, 0.0, 1.0],
                [1.0, -0.0, -0.0, 0.000241, -0.0, -0.0, -1.0, 3.125429, 0.0, 1.0, -0.0, 0.59377, 0.0, 0.0, 0.0, 1.0],
                [1.0, -0.0, -0.0, 0.000199, -0.0, -0.0, -1.0, 3.126607, 0.0, 1.0, -0.0, 0.59377, 0.0, 0.0, 0.0, 1.0],
                [1.0, -0.0, -0.0, 0.000166, -0.0, -0.0, -1.0, 3.127785, 0.0, 1.0, -0.0, 0.59377, 0.0, 0.0, 0.0, 1.0],
                [1.0, -0.0, -0.0, 0.000143, -0.0, -0.0, -1.0, 3.128669, 0.0, 1.0, -0.0, 0.59377, 0.0, 0.0, 0.0, 1.0],
                [1.0, -0.0, -0.0, 0.00012, -0.0, -0.0, -1.0, 3.129552, 0.0, 1.0, -0.0, 0.59377, 0.0, 0.0, 0.0, 1.0],
                [1.0, -0.0, -0.0, 9e-05, -0.0, -0.0, -1.0, 3.130731, 0.0, 1.0, -0.0, 0.59377, 0.0, 0.0, 0.0, 1.0],
                [1.0, -0.0, -0.0, 7.3e-05, -0.0, -0.0, -1.0, 3.131093, 0.0, 1.0, -0.0, 0.59377, 0.0, 0.0, 0.0, 1.0],
                [1.0, -0.0, -0.0, 6.4e-05, -0.0, -0.0, -1.0, 3.13116, 0.0, 1.0, -0.0, 0.59377, 0.0, 0.0, 0.0, 1.0],
                [1.0, -0.0, -0.0, 5.4e-05, -0.0, -0.0, -1.0, 3.131227, 0.0, 1.0, -0.0, 0.59377, 0.0, 0.0, 0.0, 1.0],
                [1.0, -0.0, -0.0, 4.2e-05, -0.0, -0.0, -1.0, 3.131317, 0.0, 1.0, -0.0, 0.59377, 0.0, 0.0, 0.0, 1.0],
                [1.0, -0.0, -0.0, 2.9e-05, -0.0, -0.0, -1.0, 3.131407, 0.0, 1.0, -0.0, 0.59377, 0.0, 0.0, 0.0, 1.0],
                [1.0, -0.0, -0.0, 1.9e-05, -0.0, -0.0, -1.0, 3.131474, 0.0, 1.0, -0.0, 0.59377, 0.0, 0.0, 0.0, 1.0],
                [1.0, -0.0, -0.0, 1e-05, -0.0, -0.0, -1.0, 3.131541, 0.0, 1.0, -0.0, 0.59377, 0.0, 0.0, 0.0, 1.0],
                [1.0, -0.0, -0.0, -3e-06, -0.0, -0.0, -1.0, 3.131631, 0.0, 1.0, -0.0, 0.59377, 0.0, 0.0, 0.0, 1.0]
            ]
        },
        {
            "name": "Thigh_R",
            "time": [0.0, 0.0417, 0.0833, 0.125, 0.1667, 0.2083, 0.25, 0.2917, 0.3333, 0.375, 0.4167, 0.4583, 0.5, 0.5417, 0.5833, 0.625, 0.6667, 0.7083, 0.75, 0.7917, 0.8333, 0.875, 0.9167, 0.9583, 1.0, 1.0417, 1.0833, 1.125, 1.1667, 1.2083, 1.25, 1.2917, 1.3333, 1.375, 1.4167, 1.4583, 1.5, 1.5417, 1.5833, 1.625, 1.6667, 1.7083, 1.75, 1.7917, 1.8333, 1.875, 1.9167, 1.9583, 2.0, 2.0417, 2.0833, 2.125, 2.1667, 2.2083, 2.25, 2.2917, 2.3333, 2.375, 2.4167, 2.4583, 2.5, 2.5417, 2.5833, 2.625, 2.6667, 2.7083, 2.75, 2.7917, 2.8333, 2.875, 2.9167, 2.9583, 3.0, 3.0417, 3.0833, 3.125, 3.1667, 3.2083, 3.25],
            "transform": [
                [0.766794, 0.248727, 0.591745, 0.104311, 0.217511, -0.968018, 0.125031, 0.067137, 0.603918, 0.032838, -0.79637, 0.011231, 0.0, 0.0, 0.0, 1.0],
                [0.98272, 0.162985, 0.08774, 0.100061, 0.124414, -0.932575, 0.338861, 0.068864, 0.137053, -0.322089, -0.936737, -0.060787, 0.0, 0.0, 0.0, 1.0],
                [0.746356, -0.452155, -0.488376, 0.054553, -0.193555, -0.84954, 0.490733, 0.054669, -0.636782, -0.271733, -0.721575, -0.113691, 0.0, 0.0, 0.0, 1.0],
                [0.084843, -0.803605, -0.589085, -0.063279, -0.359407, -0.576097, 0.734125, 0.00975, -0.929317, 0.149436, -0.337699, -0.110004, 0.0, 0.0, 0.0, 1.0],
                [-0.532308, -0.626833, -0.568973, -0.097757, -0.388666, -0.416124, 0.822059, 0.021296, -0.752057, 0.658728, -0.022122, -0.071353, 0.0, 0.0, 0.0, 1.0],
                [-0.930542, 0.092494, -0.354313, -0.136586, -0.32212, -0.666939, 0.671887, 0.067172, -0.174159, 0.73935, 0.650409, 0.035585, 0.0, 0.0, 0.0, 1.0],
                [-0.794212, 0.597294, 0.111666, -0.089549, -0.297002, -0.541903, 0.786214, 0.089299, 0.530113, 0.591255, 0.607782, 0.079481, 0.0, 0.0, 0.0, 1.0],
                [-0.411395, 0.829793, 0.377094, -0.041176, -0.041341, -0.430288, 0.901745, 0.084369, 0.91052, 0.355384, 0.211322, 0.149741, 0.0, 0.0, 0.0, 1.0],
                [0.183384, 0.873598, 0.450775, 0.035821, 0.334404, -0.486642, 0.807065, 0.097806, 0.924417, 0.002738, -0.381377, 0.120635, 0.0, 0.0, 0.0, 1.0],
                [0.845268, 0.481289, 0.232132, 0.106896, 0.371309, -0.841447, 0.392553, 0.07169, 0.384258, -0.245619, -0.889954, 0.041617, 0.0, 0.0, 0.0, 1.0],
                [0.920256, 0.338837, 0.195752, 0.10672, 0.342707, -0.939327, 0.014819, 0.051139, 0.188896, 0.053449, -0.980542, -0.025975, 0.0, 0.0, 0.0, 1.0],
                [0.932384, 0.316689, 0.174268, 0.098627, 0.321909, -0.94677, -0.001786, 0.047523, 0.164425, 0.057764, -0.984697, -0.022695, 0.0, 0.0, 0.0, 1.0],
                [0.941021, 0.30005, 0.156371, 0.083438, 0.301291, -0.953394, 0.016277, 0.064595, 0.153967, 0.031797, -0.987565, -0.033344, 0.0, 0.0, 0.0, 1.0],
                [0.950817, 0.275294, 0.14199, 0.116531, 0.274155, -0.961281, 0.027915, 0.069828, 0.144177, 0.012385, -0.989475, -0.024814, 0.0, 0.0, 0.0, 1.0],
                [0.955489, 0.261972, 0.135695, 0.117929, 0.263152, -0.964709, 0.009498, 0.067746, 0.133394, 0.026634, -0.990706, -0.028877, 0.0, 0.0, 0.0, 1.0],
                [0.961655, 0.241127, 0.130683, 0.119327, 0.247629, -0.968195, -0.03578, 0.065664, 0.117899, 0.066769, -0.990779, -0.03294, 0.0, 0.0, 0.0, 1.0],
                [0.969226, 0.213453, 0.122636, 0.120725, 0.2269, -0.967834, -0.108695, 0.063582, 0.09549, 0.133177, -0.986482, -0.037003, 0.0, 0.0, 0.0, 1.0],
                [0.974298, 0.193478, 0.115382, 0.122123, 0.211241, -0.962609, -0.169595, 0.0615, 0.078254, 0.18961, -0.978737, -0.041065, 0.0, 0.0, 0.0, 1.0],
                [0.97673, 0.184586, 0.109221, 0.123521, 0.203208, -0.959333, -0.195927, 0.059418, 0.068614, 0.213563, -0.974518, -0.045128, 0.0, 0.0, 0.0, 1.0],
                [0.978486, 0.177227, 0.10563, 0.124918, 0.196053, -0.958179, -0.208464, 0.057336, 0.064267, 0.224688, -0.97231, -0.049191, 0.0, 0.0, 0.0, 1.0],
                [0.979747, 0.170835, 0.104461, 0.126316, 0.190303, -0.956692, -0.220288, 0.055254, 0.062304, 0.235706, -0.969826, -0.053254, 0.0, 0.0, 0.0, 1.0],
                [0.980604, 0.163885, 0.107516, 0.127714, 0.18483, -0.955737, -0.228925, 0.053172, 0.06524, 0.244357, -0.967489, -0.057317, 0.0, 0.0, 0.0, 1.0],
                [0.981197, 0.161734, 0.105335, 0.129112, 0.182511, -0.955017, -0.233737, 0.05109, 0.062793, 0.248567, -0.966578, -0.061379, 0.0, 0.0, 0.0, 1.0],
                [0.981508, 0.161001, 0.103544, 0.13051, 0.181585, -0.954273, -0.237466, 0.049008, 0.060577, 0.251877, -0.965862, -0.065442, 0.0, 0.0, 0.0, 1.0],
                [0.980965, 0.160023, 0.110008, 0.13297, 0.182589, -0.952946, -0.241985, 0.048936, 0.066108, 0.257466, -0.964024, -0.061421, 0.0, 0.0, 0.0, 1.0],
                [0.979715, 0.160836, 0.119549, 0.135431, 0.186244, -0.950983, -0.246875, 0.048864, 0.073982, 0.264132, -0.961646, -0.057401, 0.0, 0.0, 0.0, 1.0],
                [0.978985, 0.160688, 0.125581, 0.137891, 0.188123, -0.949307, -0.251846, 0.048792, 0.078746, 0.270178, -0.959585, -0.05338, 0.0, 0.0, 0.0, 1.0],
                [0.977519, 0.161878, 0.135105, 0.140351, 0.192484, -0.946669, -0.258398, 0.048719, 0.08607, 0.278594, -0.956545, -0.049359, 0.0, 0.0, 0.0, 1.0],
                [0.973642, 0.166507, 0.15588, 0.142812, 0.204897, -0.938756, -0.277049, 0.048647, 0.100203, 0.301686, -0.948128, -0.045339, 0.0, 0.0, 0.0, 1.0],
                [0.967279, 0.16968, 0.188631, 0.145272, 0.222869, -0.923544, -0.312084, 0.048575, 0.121255, 0.343912, -0.931141, -0.041318, 0.0, 0.0, 0.0, 1.0],
                [0.959725, 0.173622, 0.220875, 0.147732, 0.24224, -0.909606, -0.337546, 0.048503, 0.142303, 0.377456, -0.915029, -0.037298, 0.0, 0.0, 0.0, 1.0],
                [0.952385, 0.183208, 0.24372, 0.150193, 0.259558, -0.906579, -0.332785, 0.04843, 0.159982, 0.380199, -0.910964, -0.033277, 0.0, 0.0, 0.0, 1.0],
                [0.941747, 0.207518, 0.264669, 0.152653, 0.280468, -0.918875, -0.277504, 0.048358, 0.185611, 0.33557, -0.923549, -0.029256, 0.0, 0.0, 0.0, 1.0],
                [0.933454, 0.211238, 0.289903, 0.155113, 0.292614, -0.91589, -0.274816, 0.048286, 0.207467, 0.341358, -0.916751, -0.025236, 0.0, 0.0, 0.0, 1.0],
                [0.933083, 0.207813, 0.293549, 0.140423, 0.273865, -0.939591, -0.205348, 0.050774, 0.233142, 0.271999, -0.933628, -0.01067, 0.0, 0.0, 0.0, 1.0],
                [0.941387, 0.202672, 0.26966, 0.125732, 0.205394, -0.978507, 0.018399, 0.053262, 0.267592, 0.038066, -0.962781, 0.003896, 0.0, 0.0, 0.0, 1.0],
                [0.947873, 0.194589, 0.252338, 0.111042, 0.11577, -0.948076, 0.296228, 0.05575, 0.296878, -0.251573, -0.921182, 0.018461, 0.0, 0.0, 0.0, 1.0],
                [0.943109, 0.20142, 0.264534, 0.096351, 0.09268, -0.923342, 0.372627, 0.058238, 0.319309, -0.326911, -0.889478, 0.033027, 0.0, 0.0, 0.0, 1.0],
                [0.93509, 0.199365, 0.293024, 0.099674, 0.084947, -0.92876, 0.360819, 0.058214, 0.344084, -0.312506, -0.885408, 0.038611, 0.0, 0.0, 0.0, 1.0],
                [0.919388, 0.198711, 0.339473, 0.102996, 0.091246, -0.947217, 0.307336, 0.05819, 0.382626, -0.251585, -0.88899, 0.044195, 0.0, 0.0, 0.0, 1.0],
                [0.895074, 0.222079, 0.386686, 0.106318, 0.115635, -0.953096, 0.279711, 0.058167, 0.430666, -0.205647, -0.87877, 0.049779, 0.0, 0.0, 0.0, 1.0],
                [0.870329, 0.230489, 0.435206, 0.109641, 0.12014, -0.956387, 0.266256, 0.058143, 0.477594, -0.179445, -0.860061, 0.055363, 0.0, 0.0, 0.0, 1.0],
                [0.835822, 0.243425, 0.492085, 0.106673, 0.124616, -0.957052, 0.261772, 0.058898, 0.534672, -0.157472, -0.830258, 0.059485, 0.0, 0.0, 0.0, 1.0],
                [0.780393, 0.267994, 0.564949, 0.103705, 0.13333, -0.95404, 0.26839, 0.059653, 0.61091, -0.134125, -0.780256, 0.063608, 0.0, 0.0, 0.0, 1.0],
                [0.721366, 0.303903, 0.622314, 0.100738, 0.148386, -0.945534, 0.289741, 0.060408, 0.676472, -0.116666, -0.72717, 0.067731, 0.0, 0.0, 0.0, 1.0],
                [0.680103, 0.336161, 0.651503, 0.09777, 0.164234, -0.935951, 0.311487, 0.061163, 0.714485, -0.104844, -0.691752, 0.071854, 0.0, 0.0, 0.0, 1.0],
                [0.640751, 0.370202, 0.672599, 0.094803, 0.182724, -0.924426, 0.334737, 0.061918, 0.745689, -0.091583, -0.659971, 0.075977, 0.0, 0.0, 0.0, 1.0],
                [0.598588, 0.408324, 0.689178, 0.094922, 0.206383, -0.909901, 0.359843, 0.061635, 0.774016, -0.073163, -0.628926, 0.072673, 0.0, 0.0, 0.0, 1.0],
                [0.582246, 0.427636, 0.691461, 0.095041, 0.224313, -0.901977, 0.368948, 0.061351, 0.781457, -0.059714, -0.621096, 0.069369, 0.0, 0.0, 0.0, 1.0],
                [0.58853, 0.433041, 0.682722, 0.09516, 0.23571, -0.899675, 0.367461, 0.061068, 0.773353, -0.055337, -0.631557, 0.066066, 0.0, 0.0, 0.0, 1.0],
                [0.594325, 0.435486, 0.676114, 0.095279, 0.246912, -0.898906, 0.361944, 0.060785, 0.765384, -0.048171, -0.641769, 0.062762, 0.0, 0.0, 0.0, 1.0],
                [0.604307, 0.435057, 0.667488, 0.095398, 0.260705, -0.899615, 0.350325, 0.060502, 0.752892, -0.037686, -0.657065, 0.059458, 0.0, 0.0, 0.0, 1.0],
                [0.618875, 0.431971, 0.656046, 0.095517, 0.273179, -0.901434, 0.335844, 0.060219, 0.736457, -0.028627, -0.67588, 0.056154, 0.0, 0.0, 0.0, 1.0],
                [0.623426, 0.428996, 0.653685, 0.095637, 0.281352, -0.903122, 0.324366, 0.059936, 0.729508, -0.018302, -0.683728, 0.05285, 0.0, 0.0, 0.0, 1.0],
                [0.62229, 0.426684, 0.656275, 0.095756, 0.286584, -0.90436, 0.316236, 0.059653, 0.728441, -0.008712, -0.685054, 0.049547, 0.0, 0.0, 0.0, 1.0],
                [0.586946, 0.429886, 0.686072, 0.100022, 0.283747, -0.90287, 0.322979, 0.058378, 0.758277, 0.0051, -0.651914, 0.060923, 0.0, 0.0, 0.0, 1.0],
                [0.537353, 0.431975, 0.724328, 0.104288, 0.280104, -0.901522, 0.329851, 0.057103, 0.795484, 0.025641, -0.605433, 0.072299, 0.0, 0.0, 0.0, 1.0],
                [0.507081, 0.427457, 0.748432, 0.108555, 0.285351, -0.902643, 0.3222, 0.055829, 0.813293, 0.050185, -0.579687, 0.083676, 0.0, 0.0, 0.0, 1.0],
                [0.478361, 0.403746, 0.779847, 0.112821, 0.298183, -0.90996, 0.288202, 0.054554, 0.82599, 0.094674, -0.555679, 0.095052, 0.0, 0.0, 0.0, 1.0],
                [0.440686, 0.355076, 0.82445, 0.117088, 0.318449, -0.920546, 0.226245, 0.053279, 0.839278, 0.162842, -0.518744, 0.106428, 0.0, 0.0, 0.0, 1.0],
                [0.412826, 0.315609, 0.854381, 0.109601, 0.332453, -0.925539, 0.181258, 0.053449, 0.847969, 0.209214, -0.487011, 0.105908, 0.0, 0.0, 0.0, 1.0],
                [0.385834, 0.305353, 0.870571, 0.102114, 0.337504, -0.924944, 0.174845, 0.053619, 0.858618, 0.22636, -0.459932, 0.105389, 0.0, 0.0, 0.0, 1.0],
                [0.341703, 0.307485, 0.888084, 0.094628, 0.328748, -0.924371, 0.193558, 0.053789, 0.880435, 0.225817, -0.416945, 0.104869, 0.0, 0.0, 0.0, 1.0],
                [0.294086, 0.341038, 0.892865, 0.087141, 0.305704, -0.918665, 0.250202, 0.053959, 0.905572, 0.199372, -0.374423, 0.104349, 0.0, 0.0, 0.0, 1.0],
                [0.28859, 0.343935, 0.893547, 0.079654, 0.293193, -0.920166, 0.259488, 0.054129, 0.911458, 0.187096, -0.366389, 0.103829, 0.0, 0.0, 0.0, 1.0],
                [0.291641, 0.330223, 0.897719, 0.072168, 0.289216, -0.925033, 0.246312, 0.054299, 0.911757, 0.1878, -0.365283, 0.10331, 0.0, 0.0, 0.0, 1.0],
                [0.310984, 0.312628, 0.897527, 0.064681, 0.286818, -0.931194, 0.224975, 0.054469, 0.906105, 0.187464, -0.379254, 0.10279, 0.0, 0.0, 0.0, 1.0],
                [0.34235, 0.295212, 0.891991, 0.057194, 0.285048, -0.937248, 0.200788, 0.054639, 0.895291, 0.185521, -0.405016, 0.10227, 0.0, 0.0, 0.0, 1.0],
                [0.367908, 0.282499, 0.885912, 0.049708, 0.284337, -0.941278, 0.182072, 0.05481, 0.885323, 0.184912, -0.426628, 0.10175, 0.0, 0.0, 0.0, 1.0],
                [0.392573, 0.270395, 0.879076, 0.050318, 0.283997, -0.944737, 0.163766, 0.055121, 0.874776, 0.185365, -0.447669, 0.100947, 0.0, 0.0, 0.0, 1.0],
                [0.41984, 0.255077, 0.871017, 0.050929, 0.283538, -0.948524, 0.141106, 0.055433, 0.862173, 0.187725, -0.470552, 0.100144, 0.0, 0.0, 0.0, 1.0],
                [0.447336, 0.241252, 0.861214, 0.05154, 0.283869, -0.951441, 0.119079, 0.055745, 0.848122, 0.191204, -0.494097, 0.09934, 0.0, 0.0, 0.0, 1.0],
                [0.470441, 0.232761, 0.85118, 0.052151, 0.284951, -0.952981, 0.10311, 0.056056, 0.835159, 0.194038, -0.514646, 0.098537, 0.0, 0.0, 0.0, 1.0],
                [0.490322, 0.224984, 0.842002, 0.052762, 0.285647, -0.954228, 0.088631, 0.056368, 0.823402, 0.197058, -0.532145, 0.097734, 0.0, 0.0, 0.0, 1.0],
                [0.512865, 0.216872, 0.830625, 0.053373, 0.286161, -0.955415, 0.072765, 0.05668, 0.809372, 0.200374, -0.552059, 0.09693, 0.0, 0.0, 0.0, 1.0],
                [0.52878, 0.212077, 0.821837, 0.053984, 0.285763, -0.956235, 0.062895, 0.056991, 0.799208, 0.201594, -0.566241, 0.096127, 0.0, 0.0, 0.0, 1.0],
                [0.530347, 0.209972, 0.821368, 0.054595, 0.284993, -0.956617, 0.06053, 0.057303, 0.798444, 0.201983, -0.567179, 0.095324, 0.0, 0.0, 0.0, 1.0],
                [0.532365, 0.211305, 0.819719, 0.055206, 0.283504, -0.95693, 0.062554, 0.057614, 0.797631, 0.199092, -0.569341, 0.09452, 0.0, 0.0, 0.0, 1.0],
                [0.531746, 0.215318, 0.819076, 0.055817, 0.280415, -0.957351, 0.069622, 0.057926, 0.799134, 0.192661, -0.569446, 0.093717, 0.0, 0.0, 0.0, 1.0]
            ]
        },
        {
            "name": "Leg_R",
            "time": [0.0, 0.0417, 0.0833, 0.125, 0.1667, 0.2083, 0.25, 0.2917, 0.3333, 0.375, 0.4167, 0.4583, 0.5, 0.5417, 0.5833, 0.625, 0.6667, 0.7083, 0.75, 0.7917, 0.8333, 0.875, 0.9167, 0.9583, 1.0, 1.0417, 1.0833, 1.125, 1.1667, 1.2083, 1.25, 1.2917, 1.3333, 1.375, 1.4167, 1.4583, 1.5, 1.5417, 1.5833, 1.625, 1.6667, 1.7083, 1.75, 1.7917, 1.8333, 1.875, 1.9167, 1.9583, 2.0, 2.0417, 2.0833, 2.125, 2.1667, 2.2083, 2.25, 2.2917, 2.3333, 2.375, 2.4167, 2.4583, 2.5, 2.5417, 2.5833, 2.625, 2.6667, 2.7083, 2.75, 2.7917, 2.8333, 2.875, 2.9167, 2.9583, 3.0, 3.0417, 3.0833, 3.125, 3.1667, 3.2083, 3.25],
            "transform": [
                [0.999999, 0.0, 0.0, -0.0, -0.0, 0.755233, 0.655457, 0.37472, -0.0, -0.655458, 0.755233, -0.0, 0.0, 0.0, 0.0, 1.0],
                [0.999999, 0.0, 0.0, 0.0, -0.0, 0.271234, 0.962514, 0.37472, 0.0, -0.962515, 0.271234, 0.0, 0.0, 0.0, 0.0, 1.0],
                [0.999999, 0.0, 0.0, 0.0, -0.0, -0.101242, 0.994862, 0.37472, 0.0, -0.994863, -0.101242, -0.0, 0.0, 0.0, 0.0, 1.0],
                [0.999999, 0.0, 0.0, 0.0, -0.0, -0.347911, 0.937528, 0.37472, 0.0, -0.937528, -0.347911, -0.0, 0.0, 0.0, 0.0, 1.0],
                [0.999999, 0.0, 0.0, 0.0, -0.0, -0.396571, 0.918005, 0.37472, 0.0, -0.918005, -0.396571, 0.0, 0.0, 0.0, 0.0, 1.0],
                [0.999999, 0.0, 0.0, 0.0, -0.0, -0.130778, 0.991412, 0.37472, 0.0, -0.991412, -0.130778, -0.0, 0.0, 0.0, 0.0, 1.0],
                [0.999999, 0.0, 0.0, 0.0, -0.0, 0.071153, 0.997465, 0.37472, 0.0, -0.997466, 0.071153, -0.0, 0.0, 0.0, 0.0, 1.0],
                [0.999999, 0.0, 0.0, 0.0, -0.0, 0.160589, 0.987022, 0.37472, 0.0, -0.987022, 0.160589, -0.0, 0.0, 0.0, 0.0, 1.0],
                [0.999999, 0.0, 0.0, 0.0, -0.0, 0.019944, 0.999801, 0.37472, 0.0, -0.999802, 0.019944, -0.0, 0.0, 0.0, 0.0, 1.0],
                [0.999998, 0.0, 0.0, 0.0, -0.0, -0.326268, 0.945278, 0.37472, 0.0, -0.945278, -0.326268, 0.0, 0.0, 0.0, 0.0, 1.0],
                [0.999999, 0.0, 0.0, 0.0, -0.0, -0.21027, 0.977644, 0.37472, 0.0, -0.977645, -0.21027, 0.0, 0.0, 0.0, 0.0, 1.0],
                [0.999999, 0.0, 0.0, -0.0, -0.0, -0.196296, 0.980545, 0.37472, 0.0, -0.980545, -0.196296, -0.0, 0.0, 0.0, 0.0, 1.0],
                [0.999999, 0.0, 0.0, 0.0, -0.0, -0.180875, 0.983506, 0.37472, 0.0, -0.983507, -0.180875, -0.0, 0.0, 0.0, 0.0, 1.0],
                [0.999998, 0.0, 0.0, 0.0, -0.0, -0.130586, 0.991438, 0.37472, 0.0, -0.991438, -0.130586, 0.0, 0.0, 0.0, 0.0, 1.0],
                [0.999998, 0.0, 0.0, 0.0, -0.0, -0.058869, 0.998266, 0.37472, 0.0, -0.998266, -0.058869, 0.0, 0.0, 0.0, 0.0, 1.0],
                [0.999999, 0.0, 0.0, 0.0, -0.0, 0.040214, 0.999192, 0.37472, 0.0, -0.999192, 0.040214, 0.0, 0.0, 0.0, 0.0, 1.0],
                [0.999999, 0.0, 0.0, 0.0, -0.0, 0.186678, 0.982422, 0.37472, 0.0, -0.982422, 0.186678, -0.0, 0.0, 0.0, 0.0, 1.0],
                [0.999999, 0.0, 0.0, 0.0, -0.0, 0.311119, 0.950372, 0.37472, 0.0, -0.950372, 0.311119, 0.0, 0.0, 0.0, 0.0, 1.0],
                [0.999999, 0.0, 0.0, 0.0, -0.0, 0.368864, 0.929484, 0.37472, 0.0, -0.929484, 0.368864, 0.0, 0.0, 0.0, 0.0, 1.0],
                [0.999999, 0.0, 0.0, 0.0, -0.0, 0.396256, 0.918141, 0.37472, 0.0, -0.918141, 0.396256, -0.0, 0.0, 0.0, 0.0, 1.0],
                [0.999999, 0.0, 0.0, -0.0, -0.0, 0.41658, 0.9091, 0.37472, 0.0, -0.9091, 0.41658, 0.0, 0.0, 0.0, 0.0, 1.0],
                [0.999999, 0.0, 0.0, 0.0, -0.0, 0.422401, 0.906409, 0.37472, 0.0, -0.90641, 0.422401, 0.0, 0.0, 0.0, 0.0, 1.0],
                [0.999999, 0.0, 0.0, 0.0, -0.0, 0.42122, 0.90696, 0.37472, 0.0, -0.906959, 0.42122, -0.0, 0.0, 0.0, 0.0, 1.0],
                [0.999999, 0.0, 0.0, 0.0, -0.0, 0.419248, 0.907872, 0.37472, 0.0, -0.907872, 0.419248, -0.0, 0.0, 0.0, 0.0, 1.0],
                [0.999999, 0.0, 0.0, 0.0, -0.0, 0.415839, 0.909439, 0.37472, 0.0, -0.909439, 0.415839, 0.0, 0.0, 0.0, 0.0, 1.0],
                [0.999999, 0.0, 0.0, 0.0, -0.0, 0.417503, 0.908676, 0.37472, 0.0, -0.908677, 0.417503, 0.0, 0.0, 0.0, 0.0, 1.0],
                [0.999999, 0.0, 0.0, -0.0, -0.0, 0.425416, 0.904999, 0.37472, 0.0, -0.904999, 0.425416, -0.0, 0.0, 0.0, 0.0, 1.0],
                [0.999999, 0.0, 0.0, 0.0, -0.0, 0.442776, 0.896633, 0.37472, 0.0, -0.896633, 0.442776, -0.0, 0.0, 0.0, 0.0, 1.0],
                [0.999999, 0.0, 0.0, -0.0, -0.0, 0.491705, 0.870762, 0.37472, 0.0, -0.870763, 0.491705, 0.0, 0.0, 0.0, 0.0, 1.0],
                [0.999998, 0.0, 0.0, 0.0, -0.0, 0.575272, 0.817963, 0.37472, 0.0, -0.817963, 0.575272, 0.0, 0.0, 0.0, 0.0, 1.0],
                [0.999999, 0.0, 0.0, -0.0, -0.0, 0.644125, 0.764922, 0.37472, 0.0, -0.764922, 0.644125, -0.0, 0.0, 0.0, 0.0, 1.0],
                [0.999999, 0.0, 0.0, 0.0, -0.0, 0.681793, 0.731546, 0.37472, 0.0, -0.731546, 0.681793, 0.0, 0.0, 0.0, 0.0, 1.0],
                [0.999998, 0.0, 0.0, 0.0, -0.0, 0.688685, 0.725062, 0.37472, 0.0, -0.725062, 0.688685, 0.0, 0.0, 0.0, 0.0, 1.0],
                [0.999999, 0.0, 0.0, -0.0, -0.0, 0.752823, 0.658224, 0.37472, 0.0, -0.658224, 0.752823, -0.0, 0.0, 0.0, 0.0, 1.0],
                [0.999999, 0.0, 0.0, -0.0, -0.0, 0.718871, 0.695145, 0.37472, 0.0, -0.695145, 0.718871, -0.0, 0.0, 0.0, 0.0, 1.0],
                [0.999999, 0.0, 0.0, 0.0, -0.0, 0.498298, 0.867007, 0.37472, 0.0, -0.867006, 0.498298, 0.0, 0.0, 0.0, 0.0, 1.0],
                [0.999999, 0.0, 0.0, 0.0, -0.0, 0.204996, 0.978763, 0.37472, 0.0, -0.978764, 0.204996, -0.0, 0.0, 0.0, 0.0, 1.0],
                [0.999999, 0.0, 0.0, 0.0, -0.0, 0.202675, 0.979247, 0.37472, 0.0, -0.979246, 0.202675, 0.0, 0.0, 0.0, 0.0, 1.0],
                [0.999999, 0.0, 0.0, 0.0, -0.0, 0.371828, 0.928302, 0.37472, 0.0, -0.928302, 0.371828, -0.0, 0.0, 0.0, 0.0, 1.0],
                [0.999999, 0.0, 0.0, -0.0, -0.0, 0.615941, 0.787793, 0.37472, 0.0, -0.787793, 0.615941, -0.0, 0.0, 0.0, 0.0, 1.0],
                [0.999999, 0.0, 0.0, 0.0, -0.0, 0.720688, 0.69326, 0.37472, -0.0, -0.69326, 0.720688, -0.0, 0.0, 0.0, 0.0, 1.0],
                [0.999998, 0.0, 0.0, -0.0, -0.0, 0.739442, 0.673222, 0.37472, 0.0, -0.673222, 0.739442, 0.0, 0.0, 0.0, 0.0, 1.0],
                [0.999999, 0.0, 0.0, 0.0, -0.0, 0.745465, 0.666546, 0.37472, 0.0, -0.666546, 0.745465, 0.0, 0.0, 0.0, 0.0, 1.0],
                [0.999998, 0.0, 0.0, -0.0, -0.0, 0.741024, 0.671479, 0.37472, 0.0, -0.671479, 0.741024, -0.0, 0.0, 0.0, 0.0, 1.0],
                [0.999999, 0.0, 0.0, 0.0, -0.0, 0.726278, 0.687402, 0.37472, 0.0, -0.687402, 0.726278, 0.0, 0.0, 0.0, 0.0, 1.0],
                [0.999999, 0.0, 0.0, 0.0, -0.0, 0.711546, 0.70264, 0.37472, 0.0, -0.70264, 0.711546, -0.0, 0.0, 0.0, 0.0, 1.0],
                [0.999999, 0.0, 0.0, -0.0, -0.0, 0.69616, 0.717887, 0.37472, 0.0, -0.717887, 0.69616, -0.0, 0.0, 0.0, 0.0, 1.0],
                [0.999999, 0.0, 0.0, 0.0, -0.0, 0.679159, 0.733993, 0.37472, -0.0, -0.733992, 0.679159, 0.0, 0.0, 0.0, 0.0, 1.0],
                [0.999998, 0.0, 0.0, -0.0, -0.0, 0.670745, 0.741689, 0.37472, 0.0, -0.741689, 0.670745, -0.0, 0.0, 0.0, 0.0, 1.0],
                [0.999999, 0.0, 0.0, -0.0, -0.0, 0.665773, 0.746155, 0.37472, 0.0, -0.746155, 0.665773, -0.0, 0.0, 0.0, 0.0, 1.0],
                [0.999999, 0.0, 0.0, -1e-06, -0.0, 0.659732, 0.751502, 0.37472, 0.0, -0.751502, 0.659732, 0.0, 0.0, 0.0, 0.0, 1.0],
                [0.999999, 0.0, 0.0, 0.0, -0.0, 0.653181, 0.757203, 0.37472, 0.0, -0.757203, 0.653181, -0.0, 0.0, 0.0, 0.0, 1.0],
                [0.999999, 0.0, 0.0, 0.0, -0.0, 0.65196, 0.758255, 0.37472, 0.0, -0.758254, 0.65196, 0.0, 0.0, 0.0, 0.0, 1.0],
                [0.999999, 0.0, 0.0, 0.0, -0.0, 0.656882, 0.753995, 0.37472, 0.0, -0.753994, 0.656882, -0.0, 0.0, 0.0, 0.0, 1.0],
                [0.999999, 0.0, 0.0, -0.0, -0.0, 0.669402, 0.742901, 0.37472, -0.0, -0.742901, 0.669402, -0.0, 0.0, 0.0, 0.0, 1.0],
                [0.999999, 0.0, 0.0, 0.0, -0.0, 0.694489, 0.719504, 0.37472, -0.0, -0.719505, 0.694489, -0.0, 0.0, 0.0, 0.0, 1.0],
                [0.999999, 0.0, 0.0, 0.0, -0.0, 0.724667, 0.6891, 0.37472, -0.0, -0.689099, 0.724668, 0.0, 0.0, 0.0, 0.0, 1.0],
                [0.999999, 0.0, 0.0, -0.0, -0.0, 0.747182, 0.66462, 0.37472, -0.0, -0.66462, 0.747182, 0.0, 0.0, 0.0, 0.0, 1.0],
                [0.999999, 0.0, 0.0, 0.0, -0.0, 0.788745, 0.614722, 0.37472, -0.0, -0.614722, 0.788745, -0.0, 0.0, 0.0, 0.0, 1.0],
                [0.999999, 0.0, 0.0, -0.0, -0.0, 0.85252, 0.522696, 0.37472, 0.0, -0.522696, 0.85252, -0.0, 0.0, 0.0, 0.0, 1.0],
                [0.999999, 0.0, 0.0, -0.0, -0.0, 0.893678, 0.44871, 0.37472, 0.0, -0.44871, 0.893678, -0.0, 0.0, 0.0, 0.0, 1.0],
                [0.999999, 0.0, 0.0, 0.0, -0.0, 0.901318, 0.433159, 0.37472, 0.0, -0.433159, 0.901318, 0.0, 0.0, 0.0, 0.0, 1.0],
                [0.999999, 0.0, 0.0, 0.0, -0.0, 0.899671, 0.436571, 0.37472, -0.0, -0.436571, 0.899671, -0.0, 0.0, 0.0, 0.0, 1.0],
                [0.999999, 0.0, 0.0, -0.0, -0.0, 0.871698, 0.490044, 0.37472, 0.0, -0.490045, 0.871698, 0.0, 0.0, 0.0, 0.0, 1.0],
                [0.999999, 0.0, 0.0, 0.0, -0.0, 0.868283, 0.496071, 0.37472, -0.0, -0.496071, 0.868282, 0.0, 0.0, 0.0, 0.0, 1.0],
                [0.999999, 0.0, 0.0, 0.0, -0.0, 0.877648, 0.479307, 0.37472, -0.0, -0.479307, 0.877648, -0.0, 0.0, 0.0, 0.0, 1.0],
                [0.999999, 0.0, 0.0, 0.0, -0.0, 0.890601, 0.454787, 0.37472, -0.0, -0.454787, 0.890601, 0.0, 0.0, 0.0, 0.0, 1.0],
                [0.999999, 0.0, 0.0, -0.0, -0.0, 0.903514, 0.428559, 0.37472, 0.0, -0.428559, 0.903515, 0.0, 0.0, 0.0, 0.0, 1.0],
                [0.999999, 0.0, 0.0, -0.0, -0.0, 0.912748, 0.408524, 0.37472, 0.0, -0.408524, 0.912749, 0.0, 0.0, 0.0, 0.0, 1.0],
                [0.999999, 0.0, 0.0, -0.0, -0.0, 0.921383, 0.388658, 0.37472, -0.0, -0.388658, 0.921383, -0.0, 0.0, 0.0, 0.0, 1.0],
                [0.999999, 0.0, 0.0, 0.0, -0.0, 0.931615, 0.363447, 0.37472, -0.0, -0.363447, 0.931615, -0.0, 0.0, 0.0, 0.0, 1.0],
                [0.999999, 0.0, 0.0, 0.0, -0.0, 0.939787, 0.341763, 0.37472, -0.0, -0.341763, 0.939787, -0.0, 0.0, 0.0, 0.0, 1.0],
                [0.999999, 0.0, 0.0, 0.0, -0.0, 0.944509, 0.328486, 0.37472, -0.0, -0.328486, 0.944509, -0.0, 0.0, 0.0, 0.0, 1.0],
                [0.999999, 0.0, 0.0, 0.0, -0.0, 0.94802, 0.318211, 0.37472, -0.0, -0.318211, 0.94802, -0.0, 0.0, 0.0, 0.0, 1.0],
                [0.999999, 0.0, 0.0, -0.0, -0.0, 0.951217, 0.308524, 0.37472, -0.0, -0.308524, 0.951217, 0.0, 0.0, 0.0, 0.0, 1.0],
                [0.999999, 0.0, 0.0, 0.0, -0.0, 0.952712, 0.303878, 0.37472, -0.0, -0.303878, 0.952712, -0.0, 0.0, 0.0, 0.0, 1.0],
                [0.999999, 0.0, 0.0, 0.0, -0.0, 0.952664, 0.304024, 0.37472, -0.0, -0.304024, 0.952665, 0.0, 0.0, 0.0, 0.0, 1.0],
                [0.999999, 0.0, 0.0, -0.0, -0.0, 0.951246, 0.308436, 0.37472, -0.0, -0.308436, 0.951246, 0.0, 0.0, 0.0, 0.0, 1.0],
                [0.999999, 0.0, 0.0, 0.0, -0.0, 0.947863, 0.31868, 0.37472, -0.0, -0.31868, 0.947863, -0.0, 0.0, 0.0, 0.0, 1.0]
            ]
        },
        {
            "name": "Knee_R",
            "time": [0.0, 0.0417, 0.0833, 0.125, 0.1667, 0.2083, 0.25, 0.2917, 0.3333, 0.375, 0.4167, 0.4583, 0.5417, 0.5833, 0.625, 0.6667, 0.7083, 0.75, 0.7917, 0.8333, 0.875, 0.9167, 0.9583, 1.0, 1.0417, 1.0833, 1.125, 1.1667, 1.2083, 1.25, 1.2917, 1.3333, 1.375, 1.4167, 1.4583, 1.5, 1.5417, 1.5833, 1.625, 1.6667, 1.7083, 1.75, 1.7917, 1.8333, 1.875, 1.9167, 1.9583, 2.0, 2.0417, 2.0833, 2.125, 2.1667, 2.2083, 2.25, 2.2917, 2.3333, 2.375, 2.4167, 2.4583, 2.5, 2.5417, 2.5833, 2.625, 2.6667, 2.7083, 2.75, 2.7917, 2.8333, 2.875, 2.9167, 2.9583, 3.0, 3.0417, 3.0833, 3.125, 3.1667, 3.2083, 3.25],
            "transform": [
                [1.0, 0.0, -0.0, -0.0, -0.0, 1e-06, -1.0, 0.37472, -0.0, 1.0, 1e-06, -0.0, 0.0, 0.0, 0.0, 1.0],
                [1.0, 0.0, -0.0, 0.0, -0.0, 1e-06, -1.0, 0.37472, -0.0, 1.0, 1e-06, 0.0, 0.0, 0.0, 0.0, 1.0],
                [1.0, 0.0, -0.0, 0.0, -0.0, 1e-06, -1.0, 0.37472, -0.0, 1.0, 1e-06, -0.0, 0.0, 0.0, 0.0, 1.0],
                [1.0, 0.0, -0.0, 0.0, -0.0, 1e-06, -1.0, 0.37472, -0.0, 1.0, 1e-06, -0.0, 0.0, 0.0, 0.0, 1.0],
                [1.0, 0.0, -0.0, 0.0, -0.0, 1e-06, -1.0, 0.37472, -0.0, 1.0, 1e-06, 0.0, 0.0, 0.0, 0.0, 1.0],
                [1.0, 0.0, -0.0, 0.0, -0.0, 1e-06, -1.0, 0.37472, -0.0, 1.0, 1e-06, -0.0, 0.0, 0.0, 0.0, 1.0],
                [1.0, 0.0, -0.0, 0.0, -0.0, 1e-06, -1.0, 0.37472, -0.0, 1.0, 1e-06, -0.0, 0.0, 0.0, 0.0, 1.0],
                [1.0, 0.0, -0.0, 0.0, -0.0, 1e-06, -1.0, 0.37472, -0.0, 1.0, 1e-06, -0.0, 0.0, 0.0, 0.0, 1.0],
                [1.0, 0.0, -0.0, 0.0, -0.0, 1e-06, -1.0, 0.37472, -0.0, 1.0, 1e-06, -0.0, 0.0, 0.0, 0.0, 1.0],
                [1.0, 0.0, -0.0, 0.0, -0.0, 1e-06, -1.0, 0.37472, -0.0, 1.0, 1e-06, 0.0, 0.0, 0.0, 0.0, 1.0],
                [1.0, 0.0, -0.0, 0.0, -0.0, 1e-06, -1.0, 0.37472, -0.0, 1.0, 1e-06, 0.0, 0.0, 0.0, 0.0, 1.0],
                [1.0, 0.0, -0.0, -0.0, -0.0, 1e-06, -1.0, 0.37472, -0.0, 1.0, 1e-06, -0.0, 0.0, 0.0, 0.0, 1.0],
                [1.0, 0.0, -0.0, 0.0, -0.0, 1e-06, -1.0, 0.37472, -0.0, 1.0, 1e-06, 0.0, 0.0, 0.0, 0.0, 1.0],
                [1.0, 0.0, -0.0, 0.0, -0.0, 1e-06, -1.0, 0.37472, -0.0, 1.0, 1e-06, 0.0, 0.0, 0.0, 0.0, 1.0],
                [1.0, 0.0, -0.0, 0.0, -0.0, 1e-06, -1.0, 0.37472, -0.0, 1.0, 1e-06, 0.0, 0.0, 0.0, 0.0, 1.0],
                [1.0, 0.0, -0.0, 0.0, -0.0, 1e-06, -1.0, 0.37472, -0.0, 1.0, 1e-06, -0.0, 0.0, 0.0, 0.0, 1.0],
                [1.0, 0.0, -0.0, 0.0, -0.0, 1e-06, -1.0, 0.37472, -0.0, 1.0, 1e-06, 0.0, 0.0, 0.0, 0.0, 1.0],
                [1.0, 0.0, -0.0, 0.0, -0.0, 1e-06, -1.0, 0.37472, -0.0, 1.0, 1e-06, 0.0, 0.0, 0.0, 0.0, 1.0],
                [1.0, 0.0, -0.0, 0.0, -0.0, 1e-06, -1.0, 0.37472, -0.0, 1.0, 1e-06, -0.0, 0.0, 0.0, 0.0, 1.0],
                [1.0, 0.0, -0.0, -0.0, -0.0, 1e-06, -1.0, 0.37472, -0.0, 1.0, 1e-06, 0.0, 0.0, 0.0, 0.0, 1.0],
                [1.0, 0.0, -0.0, 0.0, -0.0, 1e-06, -1.0, 0.37472, -0.0, 1.0, 1e-06, 0.0, 0.0, 0.0, 0.0, 1.0],
                [1.0, 0.0, -0.0, 0.0, -0.0, 1e-06, -1.0, 0.37472, -0.0, 1.0, 1e-06, -0.0, 0.0, 0.0, 0.0, 1.0],
                [1.0, 0.0, -0.0, 0.0, -0.0, 1e-06, -1.0, 0.37472, -0.0, 1.0, 1e-06, -0.0, 0.0, 0.0, 0.0, 1.0],
                [1.0, 0.0, -0.0, 0.0, -0.0, 1e-06, -1.0, 0.37472, -0.0, 1.0, 1e-06, 0.0, 0.0, 0.0, 0.0, 1.0],
                [1.0, 0.0, -0.0, 0.0, -0.0, 1e-06, -1.0, 0.37472, -0.0, 1.0, 1e-06, 0.0, 0.0, 0.0, 0.0, 1.0],
                [1.0, 0.0, -0.0, -0.0, -0.0, 1e-06, -1.0, 0.37472, -0.0, 1.0, 1e-06, -0.0, 0.0, 0.0, 0.0, 1.0],
                [1.0, 0.0, -0.0, 0.0, -0.0, 1e-06, -1.0, 0.37472, -0.0, 1.0, 1e-06, -0.0, 0.0, 0.0, 0.0, 1.0],
                [1.0, 0.0, -0.0, -0.0, -0.0, 1e-06, -1.0, 0.37472, -0.0, 1.0, 1e-06, 0.0, 0.0, 0.0, 0.0, 1.0],
                [1.0, 0.0, -0.0, 0.0, -0.0, 1e-06, -1.0, 0.37472, -0.0, 1.0, 1e-06, 0.0, 0.0, 0.0, 0.0, 1.0],
                [1.0, 0.0, -0.0, -0.0, -0.0, 1e-06, -1.0, 0.37472, -0.0, 1.0, 1e-06, -0.0, 0.0, 0.0, 0.0, 1.0],
                [1.0, 0.0, -0.0, 0.0, -0.0, 1e-06, -1.0, 0.37472, -0.0, 1.0, 1e-06, 0.0, 0.0, 0.0, 0.0, 1.0],
                [1.0, 0.0, -0.0, 0.0, -0.0, 1e-06, -1.0, 0.37472, -0.0, 1.0, 1e-06, 0.0, 0.0, 0.0, 0.0, 1.0],
                [1.0, 0.0, -0.0, -0.0, -0.0, 1e-06, -1.0, 0.37472, -0.0, 1.0, 1e-06, -0.0, 0.0, 0.0, 0.0, 1.0],
                [1.0, 0.0, -0.0, -0.0, -0.0, 1e-06, -1.0, 0.37472, -0.0, 1.0, 1e-06, -0.0, 0.0, 0.0, 0.0, 1.0],
                [1.0, 0.0, -0.0, 0.0, -0.0, 1e-06, -1.0, 0.37472, -0.0, 1.0, 1e-06, 0.0, 0.0, 0.0, 0.0, 1.0],
                [1.0, 0.0, -0.0, 0.0, -0.0, 1e-06, -1.0, 0.37472, -0.0, 1.0, 1e-06, -0.0, 0.0, 0.0, 0.0, 1.0],
                [1.0, 0.0, -0.0, 0.0, -0.0, 1e-06, -1.0, 0.37472, -0.0, 1.0, 1e-06, 0.0, 0.0, 0.0, 0.0, 1.0],
                [1.0, 0.0, -0.0, 0.0, -0.0, 1e-06, -1.0, 0.37472, -0.0, 1.0, 1e-06, -0.0, 0.0, 0.0, 0.0, 1.0],
                [1.0, 0.0, -0.0, -0.0, -0.0, 1e-06, -1.0, 0.37472, -0.0, 1.0, 1e-06, -0.0, 0.0, 0.0, 0.0, 1.0],
                [1.0, 0.0, -0.0, 0.0, -0.0, 1e-06, -1.0, 0.37472, -0.0, 1.0, 1e-06, -0.0, 0.0, 0.0, 0.0, 1.0],
                [1.0, 0.0, -0.0, -0.0, -0.0, 1e-06, -1.0, 0.37472, -0.0, 1.0, 1e-06, 0.0, 0.0, 0.0, 0.0, 1.0],
                [1.0, 0.0, -0.0, 0.0, -0.0, 1e-06, -1.0, 0.37472, -0.0, 1.0, 1e-06, 0.0, 0.0, 0.0, 0.0, 1.0],
                [1.0, 0.0, -0.0, -0.0, -0.0, 1e-06, -1.0, 0.37472, -0.0, 1.0, 1e-06, -0.0, 0.0, 0.0, 0.0, 1.0],
                [1.0, 0.0, -0.0, 0.0, -0.0, 1e-06, -1.0, 0.37472, -0.0, 1.0, 1e-06, 0.0, 0.0, 0.0, 0.0, 1.0],
