{
    "animation": [
        {
            "name": "Root",
            "time": [0.0, 0.0167, 0.0333, 0.05, 0.0667, 0.0833, 0.1, 0.1167, 0.1333, 0.15, 0.1667, 0.1833, 0.2, 0.2167, 0.2333, 0.25, 0.2667, 0.2833, 0.3, 0.3167, 0.3333, 0.35, 0.3667, 0.3833, 0.4, 0.4167, 0.4333, 0.45, 0.4667, 0.4833, 0.5, 0.5167, 0.5333, 0.55, 0.5667, 0.5833, 0.6, 0.6167, 0.6333, 0.65, 0.6667, 0.6833, 0.7, 0.7167, 0.7333, 0.75, 0.7667, 0.7833, 0.8, 0.8167, 0.8333, 0.85, 0.8667, 0.8833, 0.9, 0.9167, 0.9333, 0.95, 0.9667, 0.9833, 1.0, 1.0167, 1.0333, 1.05, 1.0667, 1.0833, 1.1, 1.1167, 1.1333, 1.15, 1.1667, 1.1833, 1.2, 1.2167, 1.2333, 1.25, 1.2667, 1.2833, 1.3, 1.3167, 1.3333, 1.35, 1.3667, 1.3833],
            "transform": [
                [-0.357076, 0.0, 0.934076, -5e-06, 0.934076, 0.0, 0.357076, 0.000946, 0.0, 1.0, 0.0, 0.440365, 0.0, 0.0, 0.0, 1.0],
                [-0.334693, 0.0, 0.942327, -0.002967, 0.942327, 0.0, 0.334693, -0.007923, 0.0, 1.0, 0.0, 0.446907, 0.0, 0.0, 0.0, 1.0],
                [-0.271541, 0.0, 0.962427, -0.010927, 0.962427, 0.0, 0.271541, -0.030796, 0.0, 1.0, 0.0, 0.463777, 0.0, 0.0, 0.0, 1.0],
                [-0.173154, 0.0, 0.984895, -0.022495, 0.984895, 0.0, 0.173154, -0.062072, 0.0, 1.0, 0.0, 0.486844, 0.0, 0.0, 0.0, 1.0],
                [-0.045781, 0.0, 0.998952, -0.036279, 0.998952, 0.0, 0.045781, -0.096149, 0.0, 1.0, 0.0, 0.511976, 0.0, 0.0, 0.0, 1.0],
                [0.102645, 0.0, 0.994718, -0.050891, 0.994718, 0.0, -0.102645, -0.127425, 0.0, 1.0, 0.0, 0.535043, 0.0, 0.0, 0.0, 1.0],
                [0.262657, 0.0, 0.964889, -0.06494, 0.964889, 0.0, -0.262657, -0.150298, 0.0, 1.0, 0.0, 0.551913, 0.0, 0.0, 0.0, 1.0],
                [0.424358, 0.0, 0.905494, -0.077035, 0.905494, 0.0, -0.424358, -0.159167, 0.0, 1.0, 0.0, 0.558455, 0.0, 0.0, 0.0, 1.0],
                [0.579109, 0.0, 0.81525, -0.086116, 0.81525, 0.0, -0.579109, -0.156162, 0.0, 1.0, 0.0, 0.558455, 0.0, 0.0, 0.0, 1.0],
                [0.720107, 0.0, 0.693863, -0.092446, 0.693863, 0.0, -0.720107, -0.14824, 0.0, 1.0, 0.0, 0.558455, 0.0, 0.0, 0.0, 1.0],
                [0.839628, 0.0, 0.543162, -0.096617, 0.543162, 0.0, -0.839628, -0.137039, 0.0, 1.0, 0.0, 0.558455, 0.0, 0.0, 0.0, 1.0],
                [0.929667, 0.0, 0.368402, -0.099221, 0.368402, 0.0, -0.929667, -0.124198, 0.0, 1.0, 0.0, 0.558455, 0.0, 0.0, 0.0, 1.0],
                [0.983933, 0.0, 0.178536, -0.100851, 0.178536, 0.0, -0.983933, -0.111358, 0.0, 1.0, 0.0, 0.558455, 0.0, 0.0, 0.0, 1.0],
                [0.999891, 0.0, -0.014771, -0.102098, -0.014771, 0.0, -0.999891, -0.100157, 0.0, 1.0, 0.0, 0.558455, 0.0, 0.0, 0.0, 1.0],
                [0.979944, 0.0, -0.199273, -0.103556, -0.199273, 0.0, -0.979944, -0.092234, 0.0, 1.0, 0.0, 0.558455, 0.0, 0.0, 0.0, 1.0],
                [0.931156, 0.0, -0.36462, -0.105816, -0.36462, 0.0, -0.931156, -0.089229, 0.0, 1.0, 0.0, 0.558455, 0.0, 0.0, 0.0, 1.0],
                [0.861931, 0.0, -0.507025, -0.109286, -0.507025, 0.0, -0.861931, -0.093245, 0.0, 1.0, 0.0, 0.558455, 0.0, 0.0, 0.0, 1.0],
                [0.778748, 0.0, -0.627337, -0.113636, -0.627337, 0.0, -0.778748, -0.103599, 0.0, 1.0, 0.0, 0.558455, 0.0, 0.0, 0.0, 1.0],
                [0.689162, 0.0, -0.724607, -0.11835, -0.724607, 0.0, -0.689162, -0.117758, 0.0, 1.0, 0.0, 0.558455, 0.0, 0.0, 0.0, 1.0],
                [0.602058, 0.0, -0.798453, -0.122914, -0.798453, 0.0, -0.602058, -0.133185, 0.0, 1.0, 0.0, 0.558455, 0.0, 0.0, 0.0, 1.0],
                [0.527417, 0.0, -0.849607, -0.126811, -0.849607, 0.0, -0.527417, -0.147344, 0.0, 1.0, 0.0, 0.558455, 0.0, 0.0, 0.0, 1.0],
                [0.475612, 0.0, -0.879655, -0.129528, -0.879655, 0.0, -0.475612, -0.157699, 0.0, 1.0, 0.0, 0.558455, 0.0, 0.0, 0.0, 1.0],
                [0.456431, 0.0, -0.889759, -0.130548, -0.889759, 0.0, -0.456431, -0.161714, 0.0, 1.0, 0.0, 0.558455, 0.0, 0.0, 0.0, 1.0],
                [0.456431, 0.0, -0.889759, -0.130548, -0.889759, 0.0, -0.456431, -0.146121, 0.0, 1.0, 0.0, 0.558678, 0.0, 0.0, 0.0, 1.0],
                [0.456431, 0.0, -0.889759, -0.130548, -0.889759, 0.0, -0.456431, -0.105909, 0.0, 1.0, 0.0, 0.559316, 0.0, 0.0, 0.0, 1.0],
                [0.456431, 0.0, -0.889759, -0.130548, -0.889759, 0.0, -0.456431, -0.050924, 0.0, 1.0, 0.0, 0.560318, 0.0, 0.0, 0.0, 1.0],
                [0.456431, 0.0, -0.889759, -0.130548, -0.889759, 0.0, -0.456431, 0.008984, 0.0, 1.0, 0.0, 0.561635, 0.0, 0.0, 0.0, 1.0],
                [0.456431, 0.0, -0.889759, -0.130548, -0.889759, 0.0, -0.456431, 0.063968, 0.0, 1.0, 0.0, 0.563218, 0.0, 0.0, 0.0, 1.0],
                [0.456431, 0.0, -0.889759, -0.130548, -0.889759, 0.0, -0.456431, 0.104181, 0.0, 1.0, 0.0, 0.565018, 0.0, 0.0, 0.0, 1.0],
                [0.456431, 0.0, -0.889759, -0.130548, -0.889759, 0.0, -0.456431, 0.119773, 0.0, 1.0, 0.0, 0.566985, 0.0, 0.0, 0.0, 1.0],
                [0.422923, 0.0, -0.906166, -0.134792, -0.906166, 0.0, -0.422923, 0.112371, 0.0, 1.0, 0.0, 0.569052, 0.0, 0.0, 0.0, 1.0],
                [0.331254, 0.0, -0.943542, -0.145403, -0.943542, 0.0, -0.331254, 0.093865, 0.0, 1.0, 0.0, 0.571084, 0.0, 0.0, 0.0, 1.0],
                [0.194945, 0.0, -0.980814, -0.159198, -0.980814, 0.0, -0.194945, 0.069808, 0.0, 1.0, 0.0, 0.57293, 0.0, 0.0, 0.0, 1.0],
                [0.031975, 0.0, -0.999489, -0.172992, -0.999489, 0.0, -0.031975, 0.045751, 0.0, 1.0, 0.0, 0.574436, 0.0, 0.0, 0.0, 1.0],
                [-0.135523, 0.0, -0.990774, -0.183603, -0.990774, 0.0, 0.135523, 0.027245, 0.0, 1.0, 0.0, 0.575452, 0.0, 0.0, 0.0, 1.0],
                [-0.28642, 0.0, -0.958104, -0.187848, -0.958104, 0.0, 0.28642, 0.019843, 0.0, 1.0, 0.0, 0.575824, 0.0, 0.0, 0.0, 1.0],
                [-0.415462, 0.0, -0.909611, -0.181581, -0.909611, 0.0, 0.415462, 0.019867, 0.0, 1.0, 0.0, 0.575824, 0.0, 0.0, 0.0, 1.0],
                [-0.528943, 0.0, -0.848658, -0.164036, -0.848658, 0.0, 0.528943, 0.020037, 0.0, 1.0, 0.0, 0.575824, 0.0, 0.0, 0.0, 1.0],
                [-0.627632, 0.0, -0.77851, -0.13709, -0.77851, 0.0, 0.627632, 0.0205, 0.0, 1.0, 0.0, 0.575824, 0.0, 0.0, 0.0, 1.0],
                [-0.712734, 0.0, -0.701435, -0.102625, -0.701435, 0.0, 0.712734, 0.021401, 0.0, 1.0, 0.0, 0.575824, 0.0, 0.0, 0.0, 1.0],
                [-0.785521, 0.0, -0.618835, -0.062521, -0.618835, 0.0, 0.785521, 0.022887, 0.0, 1.0, 0.0, 0.575824, 0.0, 0.0, 0.0, 1.0],
                [-0.847104, 0.0, -0.531429, -0.018657, -0.531429, 0.0, 0.847104, 0.025103, 0.0, 1.0, 0.0, 0.575824, 0.0, 0.0, 0.0, 1.0],
                [-0.898271, 0.0, -0.439442, 0.027088, -0.439442, 0.0, 0.898271, 0.028196, 0.0, 1.0, 0.0, 0.575824, 0.0, 0.0, 0.0, 1.0],
                [-0.939411, 0.0, -0.342795, 0.072832, -0.342795, 0.0, 0.939411, 0.032312, 0.0, 1.0, 0.0, 0.575824, 0.0, 0.0, 0.0, 1.0],
                [-0.970455, 0.0, -0.241283, 0.116696, -0.241283, 0.0, 0.970455, 0.037596, 0.0, 1.0, 0.0, 0.575824, 0.0, 0.0, 0.0, 1.0],
                [-0.990878, 0.0, -0.134763, 0.156801, -0.134763, 0.0, 0.990878, 0.044196, 0.0, 1.0, 0.0, 0.575824, 0.0, 0.0, 0.0, 1.0],
                [-0.999727, 0.0, -0.023346, 0.191266, -0.023346, 0.0, 0.999727, 0.052257, 0.0, 1.0, 0.0, 0.575824, 0.0, 0.0, 0.0, 1.0],
                [-0.995721, 0.0, 0.09241, 0.218211, 0.09241, 0.0, 0.995721, 0.061925, 0.0, 1.0, 0.0, 0.575824, 0.0, 0.0, 0.0, 1.0],
                [-0.977416, 0.0, 0.211325, 0.235757, 0.211325, 0.0, 0.977416, 0.073347, 0.0, 1.0, 0.0, 0.575824, 0.0, 0.0, 0.0, 1.0],
                [-0.943464, 0.0, 0.331474, 0.242023, 0.331474, 0.0, 0.943464, 0.086669, 0.0, 1.0, 0.0, 0.575824, 0.0, 0.0, 0.0, 1.0],
                [-0.891795, 0.0, 0.45244, 0.239766, 0.45244, 0.0, 0.891795, 0.103576, 0.0, 1.0, 0.0, 0.575824, 0.0, 0.0, 0.0, 1.0],
                [-0.819543, 0.0, 0.573017, 0.233817, 0.573017, 0.0, 0.819543, 0.125, 0.0, 1.0, 0.0, 0.575824, 0.0, 0.0, 0.0, 1.0],
                [-0.725362, 0.0, 0.688368, 0.225405, 0.688368, 0.0, 0.725362, 0.149947, 0.0, 1.0, 0.0, 0.575824, 0.0, 0.0, 0.0, 1.0],
                [-0.609831, 0.0, 0.792532, 0.215763, 0.792532, 0.0, 0.609831, 0.177428, 0.0, 1.0, 0.0, 0.575824, 0.0, 0.0, 0.0, 1.0],
                [-0.476163, 0.0, 0.879357, 0.206121, 0.879357, 0.0, 0.476163, 0.206451, 0.0, 1.0, 0.0, 0.575824, 0.0, 0.0, 0.0, 1.0],
                [-0.330397, 0.0, 0.943842, 0.19771, 0.943842, 0.0, 0.330397, 0.236026, 0.0, 1.0, 0.0, 0.575824, 0.0, 0.0, 0.0, 1.0],
                [-0.180794, 0.0, 0.983521, 0.19176, 0.983521, 0.0, 0.180794, 0.265161, 0.0, 1.0, 0.0, 0.575824, 0.0, 0.0, 0.0, 1.0],
                [-0.036519, 0.0, 0.999333, 0.189504, 0.999333, 0.0, 0.036519, 0.292865, 0.0, 1.0, 0.0, 0.575824, 0.0, 0.0, 0.0, 1.0],
                [0.094913, 0.0, 0.995486, 0.198839, 0.995486, 0.0, -0.094913, 0.318443, 0.0, 1.0, 0.0, 0.575824, 0.0, 0.0, 0.0, 1.0],
                [0.211716, 0.0, 0.977331, 0.223856, 0.977331, 0.0, -0.211716, 0.342377, 0.0, 1.0, 0.0, 0.575824, 0.0, 0.0, 0.0, 1.0],
                [0.314761, 0.0, 0.949171, 0.260076, 0.949171, 0.0, -0.314761, 0.365445, 0.0, 1.0, 0.0, 0.575824, 0.0, 0.0, 0.0, 1.0],
                [0.405849, 0.0, 0.91394, 0.303016, 0.91394, 0.0, -0.405849, 0.388423, 0.0, 1.0, 0.0, 0.575824, 0.0, 0.0, 0.0, 1.0],
                [0.487163, 0.0, 0.873311, 0.348197, 0.873311, 0.0, -0.487163, 0.412089, 0.0, 1.0, 0.0, 0.575824, 0.0, 0.0, 0.0, 1.0],
                [0.560914, 0.0, 0.827874, 0.391138, 0.827874, 0.0, -0.560914, 0.43722, 0.0, 1.0, 0.0, 0.575824, 0.0, 0.0, 0.0, 1.0],
                [0.629141, 0.0, 0.777291, 0.427357, 0.777291, 0.0, -0.629141, 0.464595, 0.0, 1.0, 0.0, 0.575824, 0.0, 0.0, 0.0, 1.0],
                [0.693575, 0.0, 0.720385, 0.452375, 0.720385, 0.0, -0.693575, 0.494989, 0.0, 1.0, 0.0, 0.575824, 0.0, 0.0, 0.0, 1.0],
                [0.7555, 0.0, 0.655148, 0.46171, 0.655148, 0.0, -0.7555, 0.529181, 0.0, 1.0, 0.0, 0.575824, 0.0, 0.0, 0.0, 1.0],
                [0.816191, 0.0, 0.577782, 0.458039, 0.577782, 0.0, -0.816191, 0.567687, 0.0, 1.0, 0.0, 0.575824, 0.0, 0.0, 0.0, 1.0],
                [0.873875, 0.0, 0.48615, 0.447626, 0.48615, 0.0, -0.873875, 0.609978, 0.0, 1.0, 0.0, 0.575824, 0.0, 0.0, 0.0, 1.0],
                [0.924621, 0.0, 0.38089, 0.43137, 0.38089, 0.0, -0.924621, 0.655265, 0.0, 1.0, 0.0, 0.575824, 0.0, 0.0, 0.0, 1.0],
                [0.96455, 0.0, 0.263899, 0.41017, 0.263899, 0.0, -0.96455, 0.702756, 0.0, 1.0, 0.0, 0.575824, 0.0, 0.0, 0.0, 1.0],
                [0.990376, 0.0, 0.138401, 0.384924, 0.138401, 0.0, -0.990376, 0.751664, 0.0, 1.0, 0.0, 0.575824, 0.0, 0.0, 0.0, 1.0],
                [0.999962, 0.0, 0.008721, 0.356532, 0.008721, 0.0, -0.999962, 0.801198, 0.0, 1.0, 0.0, 0.575824, 0.0, 0.0, 0.0, 1.0],
                [0.992749, 0.0, -0.120202, 0.325892, -0.120202, 0.0, -0.992749, 0.850568, 0.0, 1.0, 0.0, 0.575824, 0.0, 0.0, 0.0, 1.0],
                [0.969904, 0.0, -0.243487, 0.293904, -0.243487, 0.0, -0.969904, 0.898984, 0.0, 1.0, 0.0, 0.575824, 0.0, 0.0, 0.0, 1.0],
                [0.934123, 0.0, -0.356952, 0.261467, -0.356952, 0.0, -0.934123, 0.945657, 0.0, 1.0, 0.0, 0.575824, 0.0, 0.0, 0.0, 1.0],
                [0.889173, 0.0, -0.457572, 0.229479, -0.457572, 0.0, -0.889173, 0.989797, 0.0, 1.0, 0.0, 0.575824, 0.0, 0.0, 0.0, 1.0],
                [0.839321, 0.0, -0.543635, 0.198839, -0.543635, 0.0, -0.839321, 1.030614, 0.0, 1.0, 0.0, 0.575824, 0.0, 0.0, 0.0, 1.0],
                [0.788813, 0.0, -0.614633, 0.170447, -0.614633, 0.0, -0.788813, 1.067319, 0.0, 1.0, 0.0, 0.575824, 0.0, 0.0, 0.0, 1.0],
                [0.741505, 0.0, -0.670947, 0.145201, -0.670947, 0.0, -0.741505, 1.09912, 0.0, 1.0, 0.0, 0.575824, 0.0, 0.0, 0.0, 1.0],
                [0.70069, 0.0, -0.713466, 0.124001, -0.713466, 0.0, -0.70069, 1.12523, 0.0, 1.0, 0.0, 0.575824, 0.0, 0.0, 0.0, 1.0],
                [0.669074, 0.0, -0.743196, 0.107744, -0.743196, 0.0, -0.669074, 1.144857, 0.0, 1.0, 0.0, 0.575824, 0.0, 0.0, 0.0, 1.0],
                [0.648843, 0.0, -0.760922, 0.097331, -0.760922, 0.0, -0.648843, 1.157213, 0.0, 1.0, 0.0, 0.575824, 0.0, 0.0, 0.0, 1.0],
                [0.641766, 0.0, -0.7669, 0.093661, -0.7669, 0.0, -0.641766, 1.161507, 0.0, 1.0, 0.0, 0.575824, 0.0, 0.0, 0.0, 1.0]
            ]
        },
        {
            "name": "Thigh_R",
            "time": [0.0, 0.0167, 0.0333, 0.05, 0.0667, 0.0833, 0.1, 0.1167, 0.1333, 0.15, 0.1667, 0.1833, 0.2, 0.2167, 0.2333, 0.25, 0.2667, 0.2833, 0.3, 0.3167, 0.3333, 0.35, 0.3667, 0.3833, 0.4, 0.4167, 0.4333, 0.45, 0.4667, 0.4833, 0.5, 0.5167, 0.5333, 0.55, 0.5667, 0.5833, 0.6, 0.6167, 0.6333, 0.65, 0.6667, 0.6833, 0.7, 0.7167, 0.7333, 0.75, 0.7667, 0.7833, 0.8, 0.8167, 0.8333, 0.85, 0.8667, 0.8833, 0.9, 0.9167, 0.9333, 0.95, 0.9667, 0.9833, 1.0, 1.0167, 1.0333, 1.05, 1.0667, 1.0833, 1.1, 1.1167, 1.1333, 1.15, 1.1667, 1.1833, 1.2, 1.2167, 1.2333, 1.25, 1.2667, 1.2833, 1.3, 1.3167, 1.3333, 1.35, 1.3667, 1.3833],
            "transform": [
                [0.772241, -0.055863, 0.632869, 0.124994, 0.224293, -0.908014, -0.353838, -0.002831, 0.594421, 0.415195, -0.688677, -1.2e-05, 0.0, 0.0, 0.0, 1.0],
                [0.752232, 8.8e-05, 0.658898, 0.124994, 0.270457, -0.911914, -0.308647, -0.002831, 0.600832, 0.410377, -0.685996, -1.2e-05, 0.0, 0.0, 0.0, 1.0],
                [0.683508, 0.146597, 0.715071, 0.124994, 0.382398, -0.906352, -0.179707, -0.002831, 0.621762, 0.396272, -0.675559, -1.2e-05, 0.0, 0.0, 0.0, 1.0],
                [0.549874, 0.342322, 0.761875, 0.124994, 0.504976, -0.862819, 0.023218, -0.002831, 0.665309, 0.371962, -0.647308, -1.2e-05, 0.0, 0.0, 0.0, 1.0],
                [0.371782, 0.531109, 0.76138, 0.124994, 0.569852, -0.778027, 0.264464, -0.002831, 0.732835, 0.33555, -0.591912, -1.2e-05, 0.0, 0.0, 0.0, 1.0],
                [0.228005, 0.669661, 0.706801, 0.124994, 0.547222, -0.688557, 0.475852, -0.002831, 0.805333, 0.27828, -0.523448, -1.2e-05, 0.0, 0.0, 0.0, 1.0],
                [0.194358, 0.753688, 0.627836, 0.124994, 0.481723, -0.630881, 0.60822, -0.002831, 0.854498, 0.18423, -0.485686, -1.2e-05, 0.0, 0.0, 0.0, 1.0],
                [0.291867, 0.792016, 0.536211, 0.124994, 0.440941, -0.608911, 0.659391, -0.002831, 0.848754, 0.043983, -0.526955, -1.2e-05, 0.0, 0.0, 0.0, 1.0],
                [0.451202, 0.787976, 0.418938, 0.124994, 0.428544, -0.603082, 0.672787, -0.002831, 0.782795, -0.124029, -0.609795, -1.2e-05, 0.0, 0.0, 0.0, 1.0],
                [0.601534, 0.745892, 0.286006, 0.124994, 0.414963, -0.597686, 0.685986, -0.002831, 0.682614, -0.293961, -0.669047, -1.2e-05, 0.0, 0.0, 0.0, 1.0],
                [0.732632, 0.665556, 0.14242, 0.124994, 0.401815, -0.591835, 0.698766, -0.002831, 0.549358, -0.454711, -0.70103, -1.2e-05, 0.0, 0.0, 0.0, 1.0],
                [0.834112, 0.551571, -0.004852, 0.124994, 0.390976, -0.585, 0.710571, -0.002831, 0.389092, -0.594593, -0.703609, -1.2e-05, 0.0, 0.0, 0.0, 1.0],
                [0.898424, 0.413515, -0.147776, 0.124994, 0.384171, -0.577135, 0.720643, -0.002831, 0.21271, -0.704214, -0.677374, -1.2e-05, 0.0, 0.0, 0.0, 1.0],
                [0.923335, 0.264168, -0.278689, 0.124994, 0.382496, -0.568661, 0.728231, -0.002831, 0.033896, -0.778997, -0.62611, -1.2e-05, 0.0, 0.0, 0.0, 1.0],
                [0.912651, 0.11657, -0.391765, 0.124994, 0.386126, -0.560274, 0.732802, -0.002831, -0.134073, -0.820062, -0.556347, -1.2e-05, 0.0, 0.0, 0.0, 1.0],
                [0.874892, -0.018585, -0.483962, 0.124994, 0.394349, -0.552773, 0.734119, -0.002831, -0.281165, -0.833123, -0.476289, -1.2e-05, 0.0, 0.0, 0.0, 1.0],
                [0.819444, -0.137062, -0.556529, 0.124994, 0.405858, -0.546858, 0.732274, -0.002831, -0.40471, -0.825928, -0.392493, -1.2e-05, 0.0, 0.0, 0.0, 1.0],
                [0.753143, -0.238281, -0.613187, 0.124994, 0.41899, -0.544851, 0.72635, -0.002831, -0.507171, -0.803962, -0.310514, -1.2e-05, 0.0, 0.0, 0.0, 1.0],
                [0.682627, -0.319026, -0.657452, 0.124994, 0.432201, -0.5492, 0.715249, -0.002831, -0.589256, -0.772398, -0.237016, -1.2e-05, 0.0, 0.0, 0.0, 1.0],
                [0.614876, -0.376644, -0.692868, 0.124994, 0.444181, -0.560564, 0.698907, -0.002831, -0.651637, -0.737499, -0.177379, -1.2e-05, 0.0, 0.0, 0.0, 1.0],
                [0.557332, -0.410679, -0.721612, 0.124994, 0.453832, -0.577108, 0.678956, -0.002831, -0.695282, -0.705893, -0.135262, -1.2e-05, 0.0, 0.0, 0.0, 1.0],
                [0.517611, -0.424722, -0.742758, 0.124994, 0.460227, -0.593612, 0.660162, -0.002831, -0.721296, -0.683543, -0.111792, -1.2e-05, 0.0, 0.0, 0.0, 1.0],
                [0.502941, -0.427332, -0.75129, 0.124994, 0.462536, -0.601217, 0.651611, -0.002831, -0.730144, -0.675219, -0.10472, -1.2e-05, 0.0, 0.0, 0.0, 1.0],
                [0.501719, -0.437385, -0.746305, 0.124994, 0.465226, -0.590916, 0.659076, -0.002831, -0.729275, -0.677871, -0.092991, -1.2e-05, 0.0, 0.0, 0.0, 1.0],
                [0.498656, -0.448392, -0.741813, 0.124994, 0.471927, -0.577402, 0.666251, -0.002831, -0.727066, -0.68231, -0.076317, -1.2e-05, 0.0, 0.0, 0.0, 1.0],
                [0.494661, -0.441072, -0.748843, 0.124994, 0.480576, -0.579102, 0.658548, -0.002831, -0.724124, -0.685633, -0.074491, -1.2e-05, 0.0, 0.0, 0.0, 1.0],
                [0.490598, -0.412138, -0.76776, 0.124994, 0.489326, -0.598741, 0.634088, -0.002831, -0.721022, -0.686766, -0.092072, -1.2e-05, 0.0, 0.0, 0.0, 1.0],
                [0.487247, -0.369155, -0.7914, 0.124994, 0.496655, -0.628268, 0.598842, -0.002831, -0.718278, -0.684835, -0.12278, -1.2e-05, 0.0, 0.0, 0.0, 1.0],
                [0.485309, -0.327768, -0.810582, 0.124994, 0.50131, -0.655247, 0.5651, -0.002831, -0.716353, -0.6806, -0.153684, -1.2e-05, 0.0, 0.0, 0.0, 1.0],
                [0.485447, -0.307471, -0.818414, 0.124994, 0.502122, -0.668266, 0.5489, -0.002831, -0.715691, -0.677405, -0.17002, -1.2e-05, 0.0, 0.0, 0.0, 1.0],
                [0.511457, -0.325226, -0.795386, 0.124994, 0.484643, -0.655177, 0.579537, -0.002831, -0.7096, -0.681886, -0.177477, -1.2e-05, 0.0, 0.0, 0.0, 1.0],
                [0.590755, -0.342107, -0.730733, 0.124994, 0.444692, -0.617637, 0.648669, -0.002831, -0.673243, -0.708155, -0.212741, -1.2e-05, 0.0, 0.0, 0.0, 1.0],
                [0.721948, -0.287545, -0.629372, 0.124994, 0.402699, -0.56506, 0.720097, -0.002831, -0.562693, -0.773319, -0.29215, -1.2e-05, 0.0, 0.0, 0.0, 1.0],
                [0.840939, -0.155396, -0.518336, 0.124994, 0.383801, -0.50397, 0.773764, -0.002831, -0.381466, -0.849625, -0.364168, -1.2e-05, 0.0, 0.0, 0.0, 1.0],
                [0.89068, -0.048166, -0.452071, 0.124994, 0.386917, -0.441806, 0.809384, -0.002831, -0.238712, -0.895815, -0.374872, -1.2e-05, 0.0, 0.0, 0.0, 1.0],
                [0.907371, -0.041341, -0.418292, 0.124994, 0.371529, -0.38653, 0.844133, -0.002831, -0.196579, -0.921348, -0.335367, -1.2e-05, 0.0, 0.0, 0.0, 1.0],
                [0.920851, -0.084775, -0.380586, 0.124994, 0.330522, -0.348098, 0.877259, -0.002831, -0.206851, -0.933615, -0.292527, -1.2e-05, 0.0, 0.0, 0.0, 1.0],
                [0.928497, -0.121498, -0.350901, 0.124994, 0.296243, -0.327422, 0.897238, -0.002831, -0.223905, -0.937032, -0.268018, -1.2e-05, 0.0, 0.0, 0.0, 1.0],
                [0.930361, -0.150291, -0.334427, 0.124994, 0.274452, -0.319343, 0.907026, -0.002831, -0.243115, -0.935644, -0.255857, -1.2e-05, 0.0, 0.0, 0.0, 1.0],
                [0.927586, -0.169996, -0.332694, 0.124994, 0.267284, -0.320238, 0.908849, -0.002831, -0.261042, -0.931958, -0.251611, -1.2e-05, 0.0, 0.0, 0.0, 1.0],
                [0.921449, -0.179653, -0.344465, 0.124994, 0.274269, -0.327148, 0.904296, -0.002831, -0.275151, -0.927736, -0.252177, -1.2e-05, 0.0, 0.0, 0.0, 1.0],
                [0.91308, -0.178916, -0.366433, 0.124994, 0.293035, -0.337008, 0.894738, -0.002831, -0.283574, -0.924343, -0.255288, -1.2e-05, 0.0, 0.0, 0.0, 1.0],
                [0.90362, -0.168563, -0.393773, 0.124994, 0.319705, -0.346389, 0.881931, -0.002831, -0.28506, -0.92282, -0.259114, -1.2e-05, 0.0, 0.0, 0.0, 1.0],
                [0.894522, -0.150899, -0.420783, 0.124994, 0.349167, -0.351897, 0.868476, -0.002831, -0.279125, -0.923793, -0.262092, -1.2e-05, 0.0, 0.0, 0.0, 1.0],
                [0.887788, -0.129728, -0.44159, 0.124994, 0.37538, -0.351066, 0.857813, -0.002831, -0.26631, -0.927318, -0.262976, -1.2e-05, 0.0, 0.0, 0.0, 1.0],
                [0.8859, -0.109789, -0.450696, 0.124994, 0.391757, -0.343219, 0.853656, -0.002831, -0.248409, -0.932814, -0.261047, -1.2e-05, 0.0, 0.0, 0.0, 1.0],
                [0.891326, -0.095891, -0.443106, 0.124994, 0.391544, -0.329877, 0.858996, -0.002831, -0.228541, -0.93914, -0.256483, -1.2e-05, 0.0, 0.0, 0.0, 1.0],
                [0.905533, -0.092244, -0.414127, 0.124994, 0.368094, -0.314593, 0.87495, -0.002831, -0.210991, -0.944732, -0.25092, -1.2e-05, 0.0, 0.0, 0.0, 1.0],
                [0.927547, -0.102373, -0.359409, 0.124994, 0.315179, -0.302445, 0.899549, -0.002831, -0.200791, -0.947652, -0.248267, -1.2e-05, 0.0, 0.0, 0.0, 1.0],
                [0.952312, -0.129725, -0.276175, 0.124994, 0.227909, -0.299393, 0.92651, -0.002831, -0.202877, -0.945268, -0.255551, -1.2e-05, 0.0, 0.0, 0.0, 1.0],
                [0.967847, -0.164619, -0.190189, 0.124994, 0.133923, -0.30279, 0.943601, -0.002831, -0.212922, -0.93873, -0.271009, -1.2e-05, 0.0, 0.0, 0.0, 1.0],
                [0.972775, -0.191568, -0.130422, 0.124994, 0.069179, -0.297077, 0.952345, -0.002831, -0.221185, -0.935438, -0.275737, -1.2e-05, 0.0, 0.0, 0.0, 1.0],
                [0.973519, -0.205576, -0.099988, 0.124994, 0.03851, -0.283657, 0.958152, -0.002831, -0.225336, -0.936628, -0.26823, -1.2e-05, 0.0, 0.0, 0.0, 1.0],
                [0.973536, -0.205603, -0.09977, 0.124994, 0.041314, -0.271035, 0.961683, -0.002831, -0.224766, -0.940353, -0.255369, -1.2e-05, 0.0, 0.0, 0.0, 1.0],
                [0.972756, -0.194205, -0.126607, 0.124994, 0.072201, -0.265173, 0.961494, -0.002831, -0.2203, -0.944438, -0.243928, -1.2e-05, 0.0, 0.0, 0.0, 1.0],
                [0.969279, -0.175415, -0.172418, 0.124994, 0.121415, -0.268402, 0.955625, -0.002831, -0.213909, -0.947199, -0.238859, -1.2e-05, 0.0, 0.0, 0.0, 1.0],
                [0.96205, -0.153016, -0.225934, 0.124994, 0.17689, -0.28073, 0.943346, -0.002831, -0.207773, -0.947509, -0.24301, -1.2e-05, 0.0, 0.0, 0.0, 1.0],
                [0.952312, -0.129725, -0.276175, 0.124994, 0.227909, -0.299393, 0.926511, -0.002831, -0.202877, -0.945268, -0.255551, -1.2e-05, 0.0, 0.0, 0.0, 1.0],
                [0.944426, -0.109394, -0.309986, 0.124994, 0.264045, -0.309243, 0.913592, -0.002831, -0.195803, -0.944668, -0.263172, -1.2e-05, 0.0, 0.0, 0.0, 1.0],
                [0.936643, -0.092366, -0.337887, 0.124994, 0.296148, -0.306338, 0.904684, -0.002831, -0.18707, -0.947429, -0.259576, -1.2e-05, 0.0, 0.0, 0.0, 1.0],
                [0.924122, -0.072803, -0.375098, 0.124994, 0.337083, -0.306931, 0.890038, -0.002831, -0.179927, -0.948941, -0.259102, -1.2e-05, 0.0, 0.0, 0.0, 1.0],
                [0.905178, -0.04537, -0.422604, 0.124994, 0.38711, -0.322534, 0.863781, -0.002831, -0.175494, -0.945468, -0.274388, -1.2e-05, 0.0, 0.0, 0.0, 1.0],
                [0.881574, -0.008517, -0.471969, 0.124994, 0.438905, -0.353233, 0.826189, -0.002831, -0.173752, -0.935495, -0.307664, -1.2e-05, 0.0, 0.0, 0.0, 1.0],
                [0.858165, 0.03202, -0.512374, 0.124994, 0.482836, -0.389429, 0.784356, -0.002831, -0.174418, -0.920498, -0.349655, -1.2e-05, 0.0, 0.0, 0.0, 1.0],
                [0.841789, 0.062272, -0.536202, 0.124994, 0.509841, -0.418066, 0.751853, -0.002831, -0.177349, -0.906278, -0.383673, -1.2e-05, 0.0, 0.0, 0.0, 1.0],
                [0.840235, 0.064128, -0.538417, 0.124994, 0.510595, -0.427749, 0.745871, -0.002831, -0.182476, -0.901618, -0.392153, -1.2e-05, 0.0, 0.0, 0.0, 1.0],
                [0.861849, 0.023091, -0.506638, 0.124994, 0.470545, -0.409103, 0.781807, -0.002831, -0.189215, -0.912194, -0.363451, -1.2e-05, 0.0, 0.0, 0.0, 1.0],
                [0.895178, -0.035546, -0.444288, 0.124994, 0.399343, -0.378724, 0.834922, -0.002831, -0.197941, -0.924825, -0.324831, -1.2e-05, 0.0, 0.0, 0.0, 1.0],
                [0.921726, -0.081837, -0.379109, 0.124994, 0.327028, -0.3615, 0.873138, -0.002831, -0.208503, -0.928772, -0.306441, -1.2e-05, 0.0, 0.0, 0.0, 1.0],
                [0.940273, -0.114784, -0.320486, 0.124994, 0.261265, -0.360212, 0.895538, -0.002831, -0.218236, -0.92578, -0.308709, -1.2e-05, 0.0, 0.0, 0.0, 1.0],
                [0.951422, -0.13388, -0.27726, 0.124994, 0.210255, -0.375328, 0.90273, -0.002831, -0.224921, -0.917171, -0.328947, -1.2e-05, 0.0, 0.0, 0.0, 1.0],
                [0.956868, -0.138253, -0.255518, 0.124994, 0.180988, -0.404315, 0.896534, -0.002831, -0.227259, -0.904108, -0.361854, -1.2e-05, 0.0, 0.0, 0.0, 1.0],
                [0.95801, -0.126694, -0.257225, 0.124994, 0.177674, -0.441808, 0.879339, -0.002831, -0.225052, -0.888116, -0.400747, -1.2e-05, 0.0, 0.0, 0.0, 1.0],
                [0.954858, -0.098899, -0.280116, 0.124994, 0.200645, -0.480639, 0.853656, -0.002831, -0.21906, -0.871322, -0.439099, -1.2e-05, 0.0, 0.0, 0.0, 1.0],
                [0.946113, -0.057093, -0.318764, 0.124994, 0.245938, -0.513697, 0.821967, -0.002831, -0.210677, -0.856068, -0.471975, -1.2e-05, 0.0, 0.0, 0.0, 1.0],
                [0.930462, -0.00647, -0.366332, 0.124994, 0.305994, -0.536197, 0.786677, -0.002831, -0.201516, -0.844066, -0.496932, -1.2e-05, 0.0, 0.0, 0.0, 1.0],
                [0.908054, 0.046377, -0.416277, 0.124994, 0.371743, -0.547155, 0.749952, -0.002831, -0.192988, -0.835743, -0.514088, -1.2e-05, 0.0, 0.0, 0.0, 1.0],
                [0.880918, 0.095914, -0.463448, 0.124994, 0.435191, -0.548997, 0.713589, -0.002831, -0.185989, -0.830301, -0.525364, -1.2e-05, 0.0, 0.0, 0.0, 1.0],
                [0.852158, 0.139096, -0.50446, 0.124994, 0.491052, -0.545674, 0.679049, -0.002831, -0.180818, -0.826371, -0.533305, -1.2e-05, 0.0, 0.0, 0.0, 1.0],
                [0.824845, 0.175065, -0.537571, 0.124994, 0.536833, -0.540747, 0.647613, -0.002831, -0.177315, -0.822764, -0.540015, -1.2e-05, 0.0, 0.0, 0.0, 1.0],
                [0.801378, 0.203921, -0.562324, 0.124994, 0.571954, -0.536435, 0.620568, -0.002831, -0.175104, -0.818932, -0.546522, -1.2e-05, 0.0, 0.0, 0.0, 1.0],
                [0.783398, 0.225634, -0.579117, 0.124994, 0.59673, -0.53359, 0.599328, -0.002831, -0.173783, -0.815087, -0.552657, -1.2e-05, 0.0, 0.0, 0.0, 1.0],
                [0.772005, 0.239545, -0.588749, 0.124994, 0.611604, -0.532147, 0.585457, -0.002831, -0.173058, -0.812055, -0.557328, -1.2e-05, 0.0, 0.0, 0.0, 1.0],
                [0.768034, 0.244477, -0.591908, 0.124994, 0.616653, -0.531724, 0.580523, -0.002831, -0.172807, -0.810861, -0.559141, -1.2e-05, 0.0, 0.0, 0.0, 1.0]
            ]
        },
        {
            "name": "Leg_R",
            "time": [0.0, 0.0167, 0.0333, 0.05, 0.0667, 0.0833, 0.1, 0.1167, 0.1333, 0.15, 0.1667, 0.1833, 0.2, 0.2167, 0.2333, 0.25, 0.2667, 0.2833, 0.3, 0.3167, 0.3333, 0.35, 0.3667, 0.3833, 0.4, 0.4167, 0.4333, 0.45, 0.4667, 0.4833, 0.5, 0.5167, 0.5333, 0.55, 0.5667, 0.5833, 0.6, 0.6167, 0.6333, 0.65, 0.6667, 0.6833, 0.7, 0.7167, 0.7333, 0.75, 0.7667, 0.7833, 0.8, 0.8167, 0.8333, 0.85, 0.8667, 0.8833, 0.9, 0.9167, 0.9333, 0.95, 0.9667, 0.9833, 1.0, 1.0167, 1.0333, 1.05, 1.0667, 1.0833, 1.1, 1.1167, 1.1333, 1.15, 1.1667, 1.1833, 1.2, 1.2167, 1.2333, 1.25, 1.2667, 1.2833, 1.3, 1.3167, 1.3333, 1.35, 1.3667, 1.3833],
            "transform": [
                [1.0, -0.0, 1e-06, 0.0, -0.0, 0.618311, 0.785934, 0.374726, -1e-06, -0.785936, 0.618307, -0.0, 0.0, 0.0, 0.0, 1.0],
                [1.0, -1e-06, 1e-06, -0.0, -0.0, 0.594392, 0.804176, 0.374726, -1e-06, -0.804177, 0.594388, -0.0, 0.0, 0.0, 0.0, 1.0],
                [1.0, -1e-06, 1e-06, -0.0, -0.0, 0.538342, 0.842727, 0.374726, -1e-06, -0.842728, 0.538339, 0.0, 0.0, 0.0, 0.0, 1.0],
                [1.0, -1e-06, 1e-06, 0.0, -0.0, 0.475514, 0.879708, 0.374726, -1e-06, -0.879709, 0.475511, 0.0, 0.0, 0.0, 0.0, 1.0],
                [1.0, -1e-06, 1e-06, -0.0, -0.0, 0.425995, 0.904726, 0.374726, -1e-06, -0.904727, 0.425992, 0.0, 0.0, 0.0, 0.0, 1.0],
                [1.0, -1e-06, 1e-06, 0.0, -0.0, 0.398506, 0.917165, 0.374726, -1e-06, -0.917166, 0.398504, -0.0, 0.0, 0.0, 0.0, 1.0],
                [1.0, -1e-06, 1e-06, 0.0, -0.0, 0.388553, 0.921426, 0.374726, -1e-06, -0.921427, 0.388551, -0.0, 0.0, 0.0, 0.0, 1.0],
                [1.0, -1e-06, 1e-06, 0.0, -0.0, 0.381731, 0.924273, 0.374726, -1e-06, -0.924275, 0.381729, 0.0, 0.0, 0.0, 0.0, 1.0],
                [1.0, -1e-06, 1e-06, -0.0, -0.0, 0.368639, 0.929572, 0.374726, -1e-06, -0.929574, 0.368637, -0.0, 0.0, 0.0, 0.0, 1.0],
                [1.0, -1e-06, 1e-06, 0.0, -0.0, 0.353909, 0.935279, 0.374726, -1e-06, -0.935281, 0.353907, 0.0, 0.0, 0.0, 0.0, 1.0],
                [1.0, -1e-06, 1e-06, 0.0, -0.0, 0.341771, 0.939783, 0.374726, -1e-06, -0.939785, 0.341769, 0.0, 0.0, 0.0, 0.0, 1.0],
                [1.0, -1e-06, 0.0, 0.0, -0.0, 0.335914, 0.941892, 0.374726, -1e-06, -0.941894, 0.335912, -0.0, 0.0, 0.0, 0.0, 1.0],
                [1.0, -1e-06, 1e-06, -0.0, -0.0, 0.339095, 0.940751, 0.374726, -1e-06, -0.940753, 0.339093, -0.0, 0.0, 0.0, 0.0, 1.0],
                [1.0, -1e-06, 1e-06, -0.0, -0.0, 0.353105, 0.935583, 0.374726, -1e-06, -0.935585, 0.353103, 0.0, 0.0, 0.0, 0.0, 1.0],
                [1.0, -1e-06, 1e-06, -0.0, -0.0, 0.379085, 0.925361, 0.374726, -1e-06, -0.925363, 0.379083, 0.0, 0.0, 0.0, 0.0, 1.0],
                [1.0, -1e-06, 1e-06, -0.0, -0.0, 0.418128, 0.908388, 0.374726, -1e-06, -0.908389, 0.418125, 0.0, 0.0, 0.0, 0.0, 1.0],
                [1.0, -1e-06, 1e-06, -0.0, -0.0, 0.473404, 0.880845, 0.374726, -1e-06, -0.880847, 0.473401, -0.0, 0.0, 0.0, 0.0, 1.0],
                [1.0, -1e-06, 1e-06, 0.0, -0.0, 0.544565, 0.838719, 0.374726, -1e-06, -0.83872, 0.544562, -0.0, 0.0, 0.0, 0.0, 1.0],
                [1.0, -1e-06, 1e-06, -0.0, -0.0, 0.626085, 0.779756, 0.374726, -1e-06, -0.779757, 0.626081, 0.0, 0.0, 0.0, 0.0, 1.0],
                [1.0, -1e-06, 1e-06, -0.0, -0.0, 0.709746, 0.704459, 0.374726, -1e-06, -0.704461, 0.709742, -0.0, 0.0, 0.0, 0.0, 1.0],
                [1.0, -0.0, 1e-06, -0.0, -0.0, 0.784874, 0.619658, 0.374726, -1e-06, -0.619659, 0.784869, 0.0, 0.0, 0.0, 0.0, 1.0],
                [1.0, -0.0, 1e-06, 0.0, -0.0, 0.839171, 0.543872, 0.374726, -1e-06, -0.543872, 0.839166, 0.0, 0.0, 0.0, 0.0, 1.0],
                [1.0, -0.0, 1e-06, -0.0, -0.0, 0.859951, 0.51038, 0.374726, -1e-06, -0.510381, 0.859946, 0.0, 0.0, 0.0, 0.0, 1.0],
                [1.0, -0.0, 1e-06, -0.0, -0.0, 0.823636, 0.567121, 0.374726, -1e-06, -0.567123, 0.823631, -0.0, 0.0, 0.0, 0.0, 1.0],
                [1.0, -1e-06, 1e-06, -0.0, -0.0, 0.738203, 0.67458, 0.374726, -1e-06, -0.674581, 0.738199, -0.0, 0.0, 0.0, 0.0, 1.0],
                [1.0, -1e-06, 1e-06, -0.0, -0.0, 0.640521, 0.767941, 0.374726, -1e-06, -0.767942, 0.640518, 0.0, 0.0, 0.0, 0.0, 1.0],
                [1.0, -1e-06, 1e-06, 0.0, -0.0, 0.559468, 0.828852, 0.374726, -1e-06, -0.828853, 0.559465, 0.0, 0.0, 0.0, 0.0, 1.0],
                [1.0, -1e-06, 1e-06, -0.0, -0.0, 0.509026, 0.860751, 0.374726, -1e-06, -0.860753, 0.509023, 0.0, 0.0, 0.0, 0.0, 1.0],
                [1.0, -1e-06, 1e-06, 0.0, -0.0, 0.48828, 0.872687, 0.374726, -1e-06, -0.872689, 0.488277, 0.0, 0.0, 0.0, 0.0, 1.0],
                [1.0, -1e-06, 1e-06, -0.0, -0.0, 0.488319, 0.872665, 0.374726, -1e-06, -0.872667, 0.488317, 0.0, 0.0, 0.0, 0.0, 1.0],
                [1.0, -1e-06, 1e-06, 0.0, -0.0, 0.430714, 0.902488, 0.374726, -1e-06, -0.90249, 0.430711, 0.0, 0.0, 0.0, 0.0, 1.0],
                [1.0, -1e-06, 0.0, 0.0, -0.0, 0.29352, 0.955952, 0.374726, -1e-06, -0.955954, 0.293518, 0.0, 0.0, 0.0, 0.0, 1.0],
                [1.0, -1e-06, 0.0, -0.0, -0.0, 0.152956, 0.988232, 0.374726, -1e-06, -0.988234, 0.152955, -0.0, 0.0, 0.0, 0.0, 1.0],
                [1.0, -1e-06, 0.0, 0.0, -0.0, 0.059375, 0.998235, 0.374726, -1e-06, -0.998237, 0.059374, 0.0, 0.0, 0.0, 0.0, 1.0],
                [1.0, -1e-06, 0.0, -0.0, -0.0, 0.025491, 0.999674, 0.374726, -1e-06, -0.999676, 0.025491, -0.0, 0.0, 0.0, 0.0, 1.0],
                [1.0, -1e-06, 0.0, 0.0, -0.0, 0.037138, 0.999309, 0.374726, -1e-06, -0.999311, 0.037138, -0.0, 0.0, 0.0, 0.0, 1.0],
                [1.0, -1e-06, 0.0, -0.0, -0.0, 0.059135, 0.998249, 0.374726, -1e-06, -0.998251, 0.059135, 0.0, 0.0, 0.0, 0.0, 1.0],
                [1.0, -1e-06, 0.0, 0.0, -0.0, 0.06629, 0.9978, 0.374726, -1e-06, -0.997801, 0.066289, -0.0, 0.0, 0.0, 0.0, 1.0],
                [1.0, -1e-06, 0.0, -0.0, -0.0, 0.061853, 0.998084, 0.374726, -1e-06, -0.998086, 0.061853, -0.0, 0.0, 0.0, 0.0, 1.0],
                [1.0, -1e-06, 0.0, 0.0, -0.0, 0.051546, 0.99867, 0.374726, -1e-06, -0.998672, 0.051546, -0.0, 0.0, 0.0, 0.0, 1.0],
                [1.0, -1e-06, 0.0, 0.0, -0.0, 0.042017, 0.999116, 0.374726, -1e-06, -0.999118, 0.042016, 0.0, 0.0, 0.0, 0.0, 1.0],
                [1.000001, -1e-06, 0.0, 0.0, -0.0, 0.039625, 0.999214, 0.374726, -1e-06, -0.999216, 0.039625, -0.0, 0.0, 0.0, 0.0, 1.0],
                [1.000001, -1e-06, 0.0, -0.0, -0.0, 0.049565, 0.99877, 0.374726, -1e-06, -0.998772, 0.049564, 0.0, 0.0, 0.0, 0.0, 1.0],
                [1.0, -1e-06, 0.0, -0.0, -0.0, 0.075313, 0.997159, 0.374726, -1e-06, -0.997161, 0.075313, -0.0, 0.0, 0.0, 0.0, 1.0],
                [1.000001, -1e-06, 0.0, 0.0, -0.0, 0.118389, 0.992967, 0.374726, -1e-06, -0.992968, 0.118389, -0.0, 0.0, 0.0, 0.0, 1.0],
                [1.0, -1e-06, 0.0, -0.0, -0.0, 0.17836, 0.983965, 0.374726, -1e-06, -0.983966, 0.178359, -0.0, 0.0, 0.0, 0.0, 1.0],
                [1.0, -1e-06, 0.0, 0.0, -0.0, 0.253074, 0.967446, 0.374726, -1e-06, -0.967448, 0.253073, 0.0, 0.0, 0.0, 0.0, 1.0],
                [1.0, -1e-06, 1e-06, 0.0, -0.0, 0.339057, 0.940765, 0.374726, -1e-06, -0.940767, 0.339055, -0.0, 0.0, 0.0, 0.0, 1.0],
                [1.0, -1e-06, 1e-06, -0.0, -0.0, 0.432067, 0.901841, 0.374726, -1e-06, -0.901842, 0.432065, -0.0, 0.0, 0.0, 0.0, 1.0],
                [1.0, -1e-06, 1e-06, 0.0, -0.0, 0.527773, 0.849386, 0.374726, -1e-06, -0.849387, 0.527769, -0.0, 0.0, 0.0, 0.0, 1.0],
                [1.0, -1e-06, 1e-06, -0.0, -0.0, 0.587218, 0.809429, 0.374726, -1e-06, -0.809431, 0.587214, -0.0, 0.0, 0.0, 0.0, 1.0],
                [1.0, -1e-06, 1e-06, -0.0, -0.0, 0.582113, 0.813109, 0.374726, -1e-06, -0.81311, 0.582109, 0.0, 0.0, 0.0, 0.0, 1.0],
                [1.0, -1e-06, 1e-06, 0.0, -0.0, 0.536705, 0.84377, 0.374726, -1e-06, -0.843772, 0.536702, -0.0, 0.0, 0.0, 0.0, 1.0],
                [1.0, -1e-06, 1e-06, -0.0, -0.0, 0.481707, 0.876332, 0.374726, -1e-06, -0.876334, 0.481704, 0.0, 0.0, 0.0, 0.0, 1.0],
                [1.0, -1e-06, 1e-06, 0.0, -0.0, 0.444426, 0.895815, 0.374726, -1e-06, -0.895817, 0.444423, -0.0, 0.0, 0.0, 0.0, 1.0],
                [1.0, -1e-06, 1e-06, 0.0, -0.0, 0.441502, 0.89726, 0.374726, -1e-06, -0.897261, 0.4415, 0.0, 0.0, 0.0, 0.0, 1.0],
                [1.0, -1e-06, 1e-06, -0.0, -0.0, 0.474348, 0.880337, 0.374726, -1e-06, -0.880339, 0.474345, 0.0, 0.0, 0.0, 0.0, 1.0],
                [1.0, -1e-06, 1e-06, 0.0, -0.0, 0.527772, 0.849386, 0.374726, -1e-06, -0.849388, 0.527769, 0.0, 0.0, 0.0, 0.0, 1.0],
                [1.000001, -1e-06, 1e-06, -0.0, -0.0, 0.542848, 0.839831, 0.374726, -1e-06, -0.839833, 0.542845, -0.0, 0.0, 0.0, 0.0, 1.0],
                [1.0, -1e-06, 1e-06, 0.0, -0.0, 0.493434, 0.869783, 0.374726, -1e-06, -0.869785, 0.493431, -0.0, 0.0, 0.0, 0.0, 1.0],
                [1.0, -1e-06, 1e-06, -0.0, -0.0, 0.412, 0.911184, 0.374726, -1e-06, -0.911185, 0.411997, -0.0, 0.0, 0.0, 0.0, 1.0],
                [1.0, -1e-06, 0.0, 0.0, -0.0, 0.331202, 0.943559, 0.374726, -1e-06, -0.943561, 0.3312, 0.0, 0.0, 0.0, 0.0, 1.0],
                [1.0, -1e-06, 0.0, 0.0, -0.0, 0.272486, 0.962159, 0.374726, -1e-06, -0.962161, 0.272484, -0.0, 0.0, 0.0, 0.0, 1.0],
                [1.0, -1e-06, 0.0, -0.0, -0.0, 0.240584, 0.970627, 0.374726, -1e-06, -0.970629, 0.240582, 0.0, 0.0, 0.0, 0.0, 1.0],
                [1.0, -1e-06, 0.0, 0.0, -0.0, 0.223991, 0.97459, 0.374726, -1e-06, -0.974592, 0.22399, 0.0, 0.0, 0.0, 0.0, 1.0],
                [1.0, -1e-06, 0.0, 0.0, -0.0, 0.201332, 0.979522, 0.374726, -1e-06, -0.979524, 0.201331, 0.0, 0.0, 0.0, 0.0, 1.0],
                [1.0, -1e-06, 0.0, 0.0, -0.0, 0.153535, 0.988142, 0.374726, -1e-06, -0.988144, 0.153534, 0.0, 0.0, 0.0, 0.0, 1.0],
                [1.0, -1e-06, 0.0, 0.0, -0.0, 0.090289, 0.995915, 0.374726, -1e-06, -0.995916, 0.090288, 0.0, 0.0, 0.0, 0.0, 1.0],
                [1.0, -1e-06, 0.0, -0.0, -0.0, 0.027997, 0.999607, 0.374726, -1e-06, -0.999609, 0.027997, -0.0, 0.0, 0.0, 0.0, 1.0],
                [1.0, -1e-06, 0.0, 0.0, -0.0, -0.030321, 0.999539, 0.374726, -1e-06, -0.999541, -0.030321, 0.0, 0.0, 0.0, 0.0, 1.0],
                [1.0, -1e-06, 0.0, 0.0, -0.0, -0.081586, 0.996665, 0.374726, -1e-06, -0.996667, -0.081586, 0.0, 0.0, 0.0, 0.0, 1.0],
                [1.0, -1e-06, 0.0, -0.0, -0.0, -0.122731, 0.992439, 0.374726, -1e-06, -0.992441, -0.122731, 0.0, 0.0, 0.0, 0.0, 1.0],
                [1.0, -1e-06, 0.0, -0.0, -0.0, -0.150783, 0.988566, 0.374726, -1e-06, -0.988568, -0.150782, -0.0, 0.0, 0.0, 0.0, 1.0],
                [1.0, -1e-06, 0.0, -0.0, -0.0, -0.163044, 0.986618, 0.374726, -1e-06, -0.98662, -0.163044, 0.0, 0.0, 0.0, 0.0, 1.0],
                [1.0, -1e-06, 0.0, 0.0, -0.0, -0.157449, 0.987526, 0.374726, -1e-06, -0.987528, -0.157448, 0.0, 0.0, 0.0, 0.0, 1.0],
                [1.0, -1e-06, 0.0, 0.0, -0.0, -0.133037, 0.99111, 0.374726, -1e-06, -0.991112, -0.133036, 0.0, 0.0, 0.0, 0.0, 1.0],
                [1.0, -1e-06, 0.0, 0.0, -0.0, -0.090429, 0.995902, 0.374726, -1e-06, -0.995904, -0.090429, 0.0, 0.0, 0.0, 0.0, 1.0],
                [1.0, -1e-06, 0.0, 0.0, -0.0, -0.032169, 0.999481, 0.374726, -1e-06, -0.999483, -0.032169, -0.0, 0.0, 0.0, 0.0, 1.0],
                [1.0, -1e-06, 0.0, -0.0, -0.0, 0.037204, 0.999307, 0.374726, -1e-06, -0.999309, 0.037204, 0.0, 0.0, 0.0, 0.0, 1.0],
                [1.0, -1e-06, 0.0, 0.0, -0.0, 0.111362, 0.993779, 0.374726, -1e-06, -0.993781, 0.111361, 0.0, 0.0, 0.0, 0.0, 1.0],
                [1.0, -1e-06, 0.0, 0.0, -0.0, 0.182657, 0.983176, 0.374726, -1e-06, -0.983178, 0.182656, 0.0, 0.0, 0.0, 0.0, 1.0],
                [1.0, -1e-06, 1e-06, 0.0, -0.0, 0.242814, 0.970072, 0.374726, -1e-06, -0.970074, 0.242813, 0.0, 0.0, 0.0, 0.0, 1.0],
                [1.0, -1e-06, 1e-06, 0.0, -0.0, 0.283768, 0.958892, 0.374726, -1e-06, -0.958894, 0.283766, -0.0, 0.0, 0.0, 0.0, 1.0],
                [1.0, -1e-06, 1e-06, 0.0, -0.0, 0.298621, 0.954371, 0.374726, -1e-06, -0.954373, 0.298619, 0.0, 0.0, 0.0, 0.0, 1.0]
            ]
        },
        {
            "name": "Knee_R",
            "time": [0.0, 1.3833],
            "transform": [
                [1.0, 0.0, -0.0, -0.0, -0.0, 0.00567, -0.999984, 0.413515, -0.0, 0.999984, 0.00567, -0.00022, 0.0, 0.0, 0.0, 1.0],
                [1.0, 0.0, -0.0, 0.0, -0.0, 0.00567, -0.999984, 0.45168, -0.0, 0.999984, 0.00567, -0.000436, 0.0, 0.0, 0.0, 1.0]
            ]
        },
        {
            "name": "Thigh_L",
            "time": [0.0, 0.0167, 0.0333, 0.05, 0.0667, 0.0833, 0.1, 0.1167, 0.1333, 0.15, 0.1667, 0.1833, 0.2, 0.2167, 0.2333, 0.25, 0.2667, 0.2833, 0.3, 0.3167, 0.3333, 0.35, 0.3667, 0.3833, 0.4, 0.4167, 0.4333, 0.45, 0.4667, 0.4833, 0.5, 0.5167, 0.5333, 0.55, 0.5667, 0.5833, 0.6, 0.6167, 0.6333, 0.65, 0.6667, 0.6833, 0.7, 0.7167, 0.7333, 0.75, 0.7667, 0.7833, 0.8, 0.8167, 0.8333, 0.85, 0.8667, 0.8833, 0.9, 0.9167, 0.9333, 0.95, 0.9667, 0.9833, 1.0, 1.0167, 1.0333, 1.05, 1.0667, 1.0833, 1.1, 1.1167, 1.1333, 1.15, 1.1667, 1.1833, 1.2, 1.2167, 1.2333, 1.25, 1.2667, 1.2833, 1.3, 1.3167, 1.3333, 1.35, 1.3667, 1.3833],
            "transform": [
                [0.811481, 0.466813, 0.351544, -0.125006, -0.19983, -0.343641, 0.917594, -0.002831, 0.54915, -0.814859, -0.185575, -1.2e-05, 0.0, 0.0, 0.0, 1.0],
                [0.77928, 0.480714, 0.40204, -0.125006, -0.241186, -0.362063, 0.90041, -0.002831, 0.578404, -0.798638, -0.166207, -1.2e-05, 0.0, 0.0, 0.0, 1.0],
                [0.678853, 0.503329, 0.534619, -0.125006, -0.351003, -0.417071, 0.83836, -0.002831, 0.644945, -0.756777, -0.10646, -1.2e-05, 0.0, 0.0, 0.0, 1.0],
