{
    "animation": [
        {
            "name": "Root",
            "time": [0.0, 0.0167, 0.0333, 0.05, 0.0667, 0.0833, 0.1, 0.1167, 0.1333, 0.15, 0.1667, 0.1833, 0.2, 0.2167, 0.2333, 0.25, 0.2667, 0.2833, 0.3, 0.3167, 0.3333, 0.35, 0.3667, 0.3833, 0.4, 0.4167, 0.4333, 0.45, 0.4667, 0.4833, 0.5, 0.5167, 0.5333, 0.55, 0.5667, 0.5833, 0.6, 0.6167, 0.6333, 0.65, 0.6667, 0.6833, 0.7, 0.7167, 0.7333, 0.75, 0.7667, 0.7833, 0.8, 0.8167, 0.8333, 0.85, 0.8667, 0.8833, 0.9, 0.9167, 0.9333, 0.95, 0.9667, 0.9833, 1.0, 1.0167, 1.0333, 1.05, 1.0667, 1.0833, 1.1, 1.1167, 1.1333, 1.15, 1.1667, 1.1833, 1.2, 1.2167, 1.2333, 1.25, 1.2667, 1.2833, 1.3, 1.3167, 1.3333, 1.35, 1.3667, 1.3833, 1.4, 1.4167, 1.4333, 1.45, 1.4667, 1.4833, 1.5, 1.5167, 1.5333, 1.55, 1.5667, 1.5833, 1.6, 1.6167, 1.6333, 1.65, 1.6667, 1.6833, 1.7, 1.7167, 1.7333, 1.75, 1.7667, 1.7833, 1.8, 1.8167, 1.8333, 1.85, 1.8667, 1.8833, 1.9, 1.9167, 1.9333, 1.95, 1.9667, 1.9833, 2.0, 2.0167, 2.0333, 2.05, 2.0667, 2.0833, 2.1, 2.1167, 2.1333, 2.15, 2.1667, 2.1833, 2.2, 2.2167, 2.2333, 2.25, 2.2667, 2.2833, 2.3, 2.3167, 2.3333, 2.35, 2.3667, 2.3833, 2.4, 2.4167, 2.4333, 2.45, 2.4667, 2.4833, 2.5, 2.5167, 2.5333, 2.55, 2.5667, 2.5833, 2.6, 2.6167, 2.6333, 2.65, 2.6667, 2.6833, 2.7, 2.7167, 2.7333, 2.75],
            "transform": [
                [-0.222388, 0.0, 0.974958, -5e-06, 0.974958, 0.0, 0.222388, 0.000946, 0.0, 1.0, 0.0, 0.551735, 0.0, 0.0, 0.0, 1.0],
                [-0.189853, 0.0, 0.981813, -5e-06, 0.981813, 0.0, 0.189853, 0.000946, 0.0, 1.0, 0.0, 0.551735, 0.0, 0.0, 0.0, 1.0],
                [-0.100525, 0.0, 0.994934, -5e-06, 0.994934, 0.0, 0.100525, 0.000946, 0.0, 1.0, 0.0, 0.551735, 0.0, 0.0, 0.0, 1.0],
                [0.032637, 0.0, 0.999467, -5e-06, 0.999467, 0.0, -0.032637, 0.000946, 0.0, 1.0, 0.0, 0.551735, 0.0, 0.0, 0.0, 1.0],
                [0.193281, 0.0, 0.981144, -5e-06, 0.981144, 0.0, -0.193281, 0.000946, 0.0, 1.0, 0.0, 0.551735, 0.0, 0.0, 0.0, 1.0],
                [0.361655, 0.0, 0.932312, -5e-06, 0.932312, 0.0, -0.361655, 0.000946, 0.0, 1.0, 0.0, 0.551735, 0.0, 0.0, 0.0, 1.0],
                [0.518548, 0.0, 0.855048, -5e-06, 0.855048, 0.0, -0.518548, 0.000946, 0.0, 1.0, 0.0, 0.551735, 0.0, 0.0, 0.0, 1.0],
                [0.651463, 0.0, 0.758681, -0.010654, 0.758681, 0.0, -0.651463, 0.000946, 0.0, 1.0, 0.0, 0.550668, 0.0, 0.0, 0.0, 1.0],
                [0.758587, 0.0, 0.651572, -0.03797, 0.651572, 0.0, -0.758587, 0.000946, 0.0, 1.0, 0.0, 0.547845, 0.0, 0.0, 0.0, 1.0],
                [0.841045, 0.0, 0.540966, -0.075, 0.540966, 0.0, -0.841045, 0.000946, 0.0, 1.0, 0.0, 0.543837, 0.0, 0.0, 0.0, 1.0],
                [0.901029, 0.0, 0.43376, -0.114793, 0.43376, 0.0, -0.901029, 0.000946, 0.0, 1.0, 0.0, 0.539215, 0.0, 0.0, 0.0, 1.0],
                [0.94172, 0.0, 0.336396, -0.1504, 0.336396, 0.0, -0.94172, 0.000946, 0.0, 1.0, 0.0, 0.534549, 0.0, 0.0, 0.0, 1.0],
                [0.96701, 0.0, 0.254739, -0.174868, 0.254739, 0.0, -0.96701, 0.000946, 0.0, 1.0, 0.0, 0.530411, 0.0, 0.0, 0.0, 1.0],
                [0.981287, 0.0, 0.192549, -0.189847, 0.192549, 0.0, -0.981287, 0.000946, 0.0, 1.0, 0.0, 0.527082, 0.0, 0.0, 0.0, 1.0],
                [0.988954, 0.0, 0.148224, -0.201841, 0.148224, 0.0, -0.988954, 0.000946, 0.0, 1.0, 0.0, 0.524417, 0.0, 0.0, 0.0, 1.0],
                [0.992956, 0.0, 0.11848, -0.211183, 0.11848, 0.0, -0.992956, 0.000946, 0.0, 1.0, 0.0, 0.522341, 0.0, 0.0, 0.0, 1.0],
                [0.995028, 0.0, 0.099591, -0.218203, 0.099591, 0.0, -0.995028, 0.000946, 0.0, 1.0, 0.0, 0.520781, 0.0, 0.0, 0.0, 1.0],
                [0.99615, 0.0, 0.087667, -0.223232, 0.087667, 0.0, -0.99615, 0.000946, 0.0, 1.0, 0.0, 0.519663, 0.0, 0.0, 0.0, 1.0],
                [0.996893, 0.0, 0.078764, -0.226604, 0.078764, 0.0, -0.996893, 0.000946, 0.0, 1.0, 0.0, 0.518914, 0.0, 0.0, 0.0, 1.0],
                [0.997622, 0.0, 0.068924, -0.228649, 0.068924, 0.0, -0.997622, 0.000946, 0.0, 1.0, 0.0, 0.518459, 0.0, 0.0, 0.0, 1.0],
                [0.998531, 0.0, 0.054175, -0.229699, 0.054175, 0.0, -0.998531, 0.000946, 0.0, 1.0, 0.0, 0.518226, 0.0, 0.0, 0.0, 1.0],
                [0.999534, 0.0, 0.030531, -0.230086, 0.030531, 0.0, -0.999534, 0.000946, 0.0, 1.0, 0.0, 0.51814, 0.0, 0.0, 0.0, 1.0],
                [0.999982, 0.0, -0.005999, -0.230142, -0.005999, 0.0, -0.999982, 0.000946, 0.0, 1.0, 0.0, 0.518128, 0.0, 0.0, 0.0, 1.0],
                [0.998291, 0.0, -0.058434, -0.229447, -0.058434, 0.0, -0.998291, 0.007255, 0.0, 1.0, 0.0, 0.518128, 0.0, 0.0, 0.0, 1.0],
                [0.992028, 0.0, -0.126021, -0.227502, -0.126021, 0.0, -0.992028, 0.025511, 0.0, 1.0, 0.0, 0.518128, 0.0, 0.0, 0.0, 1.0],
                [0.978381, 0.0, -0.206811, -0.224516, -0.206811, 0.0, -0.978381, 0.054709, 0.0, 1.0, 0.0, 0.518128, 0.0, 0.0, 0.0, 1.0],
                [0.954451, 0.0, -0.298369, -0.220695, -0.298369, 0.0, -0.954451, 0.093841, 0.0, 1.0, 0.0, 0.518128, 0.0, 0.0, 0.0, 1.0],
                [0.91755, 0.0, -0.39762, -0.21625, -0.39762, 0.0, -0.91755, 0.141903, 0.0, 1.0, 0.0, 0.518128, 0.0, 0.0, 0.0, 1.0],
                [0.865543, 0.0, -0.500834, -0.211388, -0.500834, 0.0, -0.865543, 0.197889, 0.0, 1.0, 0.0, 0.518128, 0.0, 0.0, 0.0, 1.0],
                [0.797173, 0.0, -0.603751, -0.206317, -0.603751, 0.0, -0.797173, 0.260791, 0.0, 1.0, 0.0, 0.518128, 0.0, 0.0, 0.0, 1.0],
                [0.712309, 0.0, -0.701866, -0.201247, -0.701866, 0.0, -0.712309, 0.329605, 0.0, 1.0, 0.0, 0.518128, 0.0, 0.0, 0.0, 1.0],
                [0.612044, 0.0, -0.790824, -0.196385, -0.790824, 0.0, -0.612044, 0.403325, 0.0, 1.0, 0.0, 0.518128, 0.0, 0.0, 0.0, 1.0],
                [0.498608, 0.0, -0.866828, -0.19194, -0.866828, 0.0, -0.498608, 0.480944, 0.0, 1.0, 0.0, 0.518128, 0.0, 0.0, 0.0, 1.0],
                [0.375085, 0.0, -0.926991, -0.188119, -0.926991, 0.0, -0.375085, 0.561457, 0.0, 1.0, 0.0, 0.518128, 0.0, 0.0, 0.0, 1.0],
                [0.245032, 0.0, -0.969515, -0.185133, -0.969515, 0.0, -0.245032, 0.643857, 0.0, 1.0, 0.0, 0.518128, 0.0, 0.0, 0.0, 1.0],
                [0.112048, 0.0, -0.993703, -0.183188, -0.993703, 0.0, -0.112048, 0.727139, 0.0, 1.0, 0.0, 0.518128, 0.0, 0.0, 0.0, 1.0],
                [-0.02058, 0.0, -0.999788, -0.182493, -0.999788, 0.0, 0.02058, 0.810296, 0.0, 1.0, 0.0, 0.518128, 0.0, 0.0, 0.0, 1.0],
                [-0.150236, 0.0, -0.98865, -0.182584, -0.98865, 0.0, 0.150236, 0.892338, 0.0, 1.0, 0.0, 0.518128, 0.0, 0.0, 0.0, 1.0],
                [-0.275219, 0.0, -0.961382, -0.182886, -0.961382, 0.0, 0.275219, 0.972329, 0.0, 1.0, 0.0, 0.518128, 0.0, 0.0, 0.0, 1.0],
                [-0.394067, 0.0, -0.919082, -0.183446, -0.919082, 0.0, 0.394067, 1.049352, 0.0, 1.0, 0.0, 0.518128, 0.0, 0.0, 0.0, 1.0],
                [-0.505382, 0.0, -0.862896, -0.18431, -0.862896, 0.0, 0.505382, 1.122485, 0.0, 1.0, 0.0, 0.518128, 0.0, 0.0, 0.0, 1.0],
                [-0.607834, 0.0, -0.794064, -0.185525, -0.794064, 0.0, 0.607834, 1.19081, 0.0, 1.0, 0.0, 0.518128, 0.0, 0.0, 0.0, 1.0],
                [-0.70019, 0.0, -0.713957, -0.187136, -0.713957, 0.0, 0.70019, 1.253407, 0.0, 1.0, 0.0, 0.518128, 0.0, 0.0, 0.0, 1.0],
                [-0.781346, 0.0, -0.624099, -0.189191, -0.624099, 0.0, 0.781346, 1.309356, 0.0, 1.0, 0.0, 0.518128, 0.0, 0.0, 0.0, 1.0],
                [-0.850385, 0.0, -0.52616, -0.191735, -0.52616, 0.0, 0.850385, 1.357738, 0.0, 1.0, 0.0, 0.518128, 0.0, 0.0, 0.0, 1.0],
                [-0.906623, 0.0, -0.421944, -0.194814, -0.421944, 0.0, 0.906623, 1.397634, 0.0, 1.0, 0.0, 0.518128, 0.0, 0.0, 0.0, 1.0],
                [-0.949641, 0.0, -0.313338, -0.198476, -0.313338, 0.0, 0.949641, 1.428123, 0.0, 1.0, 0.0, 0.518128, 0.0, 0.0, 0.0, 1.0],
                [-0.97933, 0.0, -0.202269, -0.202766, -0.202269, 0.0, 0.97933, 1.448286, 0.0, 1.0, 0.0, 0.518128, 0.0, 0.0, 0.0, 1.0],
                [-0.995884, 0.0, -0.090634, -0.20773, -0.090634, 0.0, 0.995884, 1.457204, 0.0, 1.0, 0.0, 0.518128, 0.0, 0.0, 0.0, 1.0],
                [-0.999801, 0.0, 0.019943, -0.213378, 0.019943, 0.0, 0.999801, 1.459828, 0.0, 1.0, 0.0, 0.518128, 0.0, 0.0, 0.0, 1.0],
                [-0.991738, 0.0, 0.128278, -0.219574, 0.128278, 0.0, 0.991738, 1.461789, 0.0, 1.0, 0.0, 0.518128, 0.0, 0.0, 0.0, 1.0],
                [-0.972359, 0.0, 0.233494, -0.226142, 0.233494, 0.0, 0.972359, 1.463197, 0.0, 1.0, 0.0, 0.518128, 0.0, 0.0, 0.0, 1.0],
                [-0.942199, 0.0, 0.335054, -0.23291, 0.335054, 0.0, 0.942199, 1.464156, 0.0, 1.0, 0.0, 0.518128, 0.0, 0.0, 0.0, 1.0],
                [-0.901561, 0.0, 0.432653, -0.239704, 0.432653, 0.0, 0.901561, 1.464773, 0.0, 1.0, 0.0, 0.518128, 0.0, 0.0, 0.0, 1.0],
                [-0.850436, 0.0, 0.526079, -0.246349, 0.526079, 0.0, 0.850436, 1.465154, 0.0, 1.0, 0.0, 0.518128, 0.0, 0.0, 0.0, 1.0],
                [-0.788473, 0.0, 0.615069, -0.252672, 0.615069, 0.0, 0.788473, 1.465406, 0.0, 1.0, 0.0, 0.518128, 0.0, 0.0, 0.0, 1.0],
                [-0.714974, 0.0, 0.699151, -0.258499, 0.699151, 0.0, 0.714974, 1.465635, 0.0, 1.0, 0.0, 0.518128, 0.0, 0.0, 0.0, 1.0],
                [-0.628933, 0.0, 0.77746, -0.263657, 0.77746, 0.0, 0.628933, 1.465948, 0.0, 1.0, 0.0, 0.518128, 0.0, 0.0, 0.0, 1.0],
                [-0.529125, 0.0, 0.848544, -0.267971, 0.848544, 0.0, 0.529125, 1.46645, 0.0, 1.0, 0.0, 0.518128, 0.0, 0.0, 0.0, 1.0],
                [-0.414286, 0.0, 0.910147, -0.271267, 0.910147, 0.0, 0.414286, 1.467247, 0.0, 1.0, 0.0, 0.518128, 0.0, 0.0, 0.0, 1.0],
                [-0.283398, 0.0, 0.959003, -0.273372, 0.959003, 0.0, 0.283398, 1.468448, 0.0, 1.0, 0.0, 0.518128, 0.0, 0.0, 0.0, 1.0],
                [-0.136156, 0.0, 0.990688, -0.274113, 0.990688, 0.0, 0.136156, 1.470157, 0.0, 1.0, 0.0, 0.518128, 0.0, 0.0, 0.0, 1.0],
                [0.025583, 0.0, 0.999673, -0.258487, 0.999673, 0.0, -0.025583, 1.472503, 0.0, 1.0, 0.0, 0.518128, 0.0, 0.0, 0.0, 1.0],
                [0.195033, 0.0, 0.980797, -0.217292, 0.980797, 0.0, -0.195033, 1.475704, 0.0, 1.0, 0.0, 0.518128, 0.0, 0.0, 0.0, 1.0],
                [0.363726, 0.0, 0.931506, -0.159052, 0.931506, 0.0, -0.363726, 1.480002, 0.0, 1.0, 0.0, 0.518128, 0.0, 0.0, 0.0, 1.0],
                [0.523528, 0.0, 0.852008, -0.092287, 0.852008, 0.0, -0.523528, 1.485636, 0.0, 1.0, 0.0, 0.518128, 0.0, 0.0, 0.0, 1.0],
                [0.667572, 0.0, 0.744545, -0.025523, 0.744545, 0.0, -0.667572, 1.492847, 0.0, 1.0, 0.0, 0.518128, 0.0, 0.0, 0.0, 1.0],
                [0.790607, 0.0, 0.612323, 0.032718, 0.612323, 0.0, -0.790607, 1.501876, 0.0, 1.0, 0.0, 0.518128, 0.0, 0.0, 0.0, 1.0],
                [0.888714, 0.0, 0.458462, 0.073913, 0.458462, 0.0, -0.888714, 1.512963, 0.0, 1.0, 0.0, 0.518128, 0.0, 0.0, 0.0, 1.0],
                [0.958462, 0.0, 0.28522, 0.089538, 0.28522, 0.0, -0.958462, 1.526349, 0.0, 1.0, 0.0, 0.518128, 0.0, 0.0, 0.0, 1.0],
                [0.995556, 0.0, 0.09417, 0.082, 0.09417, 0.0, -0.995556, 1.542079, 0.0, 1.0, 0.0, 0.518128, 0.0, 0.0, 0.0, 1.0],
                [0.994383, 0.0, -0.105843, 0.061797, -0.105843, 0.0, -0.994383, 1.559423, 0.0, 1.0, 0.0, 0.518128, 0.0, 0.0, 0.0, 1.0],
                [0.953897, 0.0, -0.300133, 0.032548, -0.300133, 0.0, -0.953897, 1.577456, 0.0, 1.0, 0.0, 0.518128, 0.0, 0.0, 0.0, 1.0],
                [0.880576, 0.0, -0.473905, -0.002128, -0.473905, 0.0, -0.880576, 1.595253, 0.0, 1.0, 0.0, 0.518128, 0.0, 0.0, 0.0, 1.0],
                [0.787486, 0.0, -0.616333, -0.038614, -0.616333, 0.0, -0.787486, 1.611889, 0.0, 1.0, 0.0, 0.518128, 0.0, 0.0, 0.0, 1.0],
                [0.691007, 0.0, -0.722848, -0.073291, -0.722848, 0.0, -0.691007, 1.626438, 0.0, 1.0, 0.0, 0.518128, 0.0, 0.0, 0.0, 1.0],
                [0.607181, 0.0, -0.794563, -0.102539, -0.794563, 0.0, -0.607181, 1.637976, 0.0, 1.0, 0.0, 0.518128, 0.0, 0.0, 0.0, 1.0],
                [0.54949, 0.0, -0.8355, -0.122742, -0.8355, 0.0, -0.54949, 1.645577, 0.0, 1.0, 0.0, 0.518128, 0.0, 0.0, 0.0, 1.0],
                [0.528393, 0.0, -0.849, -0.130281, -0.849, 0.0, -0.528393, 1.648316, 0.0, 1.0, 0.0, 0.518128, 0.0, 0.0, 0.0, 1.0],
                [0.528393, 0.0, -0.849, -0.130281, -0.849, 0.0, -0.528393, 1.648316, 0.0, 1.0, 0.0, 0.518128, 0.0, 0.0, 0.0, 1.0],
                [0.528393, 0.0, -0.849, -0.130281, -0.849, 0.0, -0.528393, 1.648316, 0.0, 1.0, 0.0, 0.518128, 0.0, 0.0, 0.0, 1.0],
                [0.528393, 0.0, -0.849, -0.130281, -0.849, 0.0, -0.528393, 1.648316, 0.0, 1.0, 0.0, 0.518128, 0.0, 0.0, 0.0, 1.0],
                [0.528393, 0.0, -0.849, -0.130281, -0.849, 0.0, -0.528393, 1.648316, 0.0, 1.0, 0.0, 0.518128, 0.0, 0.0, 0.0, 1.0],
                [0.528393, 0.0, -0.849, -0.130281, -0.849, 0.0, -0.528393, 1.648316, 0.0, 1.0, 0.0, 0.518128, 0.0, 0.0, 0.0, 1.0],
                [0.528393, 0.0, -0.849, -0.130281, -0.849, 0.0, -0.528393, 1.648316, 0.0, 1.0, 0.0, 0.518128, 0.0, 0.0, 0.0, 1.0],
                [0.528393, 0.0, -0.849, -0.130281, -0.849, 0.0, -0.528393, 1.648316, 0.0, 1.0, 0.0, 0.518128, 0.0, 0.0, 0.0, 1.0],
                [0.528393, 0.0, -0.849, -0.130281, -0.849, 0.0, -0.528393, 1.648316, 0.0, 1.0, 0.0, 0.518128, 0.0, 0.0, 0.0, 1.0],
                [0.528393, 0.0, -0.849, -0.130281, -0.849, 0.0, -0.528393, 1.648316, 0.0, 1.0, 0.0, 0.518128, 0.0, 0.0, 0.0, 1.0],
                [0.528393, 0.0, -0.849, -0.130281, -0.849, 0.0, -0.528393, 1.648316, 0.0, 1.0, 0.0, 0.518128, 0.0, 0.0, 0.0, 1.0],
                [0.528393, 0.0, -0.849, -0.130281, -0.849, 0.0, -0.528393, 1.648316, 0.0, 1.0, 0.0, 0.518128, 0.0, 0.0, 0.0, 1.0],
                [0.528393, 0.0, -0.849, -0.130281, -0.849, 0.0, -0.528393, 1.648316, 0.0, 1.0, 0.0, 0.518128, 0.0, 0.0, 0.0, 1.0],
                [0.528393, 0.0, -0.849, -0.130281, -0.849, 0.0, -0.528393, 1.648316, 0.0, 1.0, 0.0, 0.518128, 0.0, 0.0, 0.0, 1.0],
                [0.528393, 0.0, -0.849, -0.130281, -0.849, 0.0, -0.528393, 1.648316, 0.0, 1.0, 0.0, 0.518128, 0.0, 0.0, 0.0, 1.0],
                [0.528393, 0.0, -0.849, -0.130281, -0.849, 0.0, -0.528393, 1.648316, 0.0, 1.0, 0.0, 0.518128, 0.0, 0.0, 0.0, 1.0],
                [0.528393, 0.0, -0.849, -0.130281, -0.849, 0.0, -0.528393, 1.648316, 0.0, 1.0, 0.0, 0.518128, 0.0, 0.0, 0.0, 1.0],
                [0.528393, 0.0, -0.849, -0.130281, -0.849, 0.0, -0.528393, 1.648316, 0.0, 1.0, 0.0, 0.518128, 0.0, 0.0, 0.0, 1.0],
                [0.528393, 0.0, -0.849, -0.130281, -0.849, 0.0, -0.528393, 1.648316, 0.0, 1.0, 0.0, 0.518128, 0.0, 0.0, 0.0, 1.0],
                [0.528393, 0.0, -0.849, -0.130281, -0.849, 0.0, -0.528393, 1.648316, 0.0, 1.0, 0.0, 0.518128, 0.0, 0.0, 0.0, 1.0],
                [0.528393, 0.0, -0.849, -0.130281, -0.849, 0.0, -0.528393, 1.648316, 0.0, 1.0, 0.0, 0.518128, 0.0, 0.0, 0.0, 1.0],
                [0.528393, 0.0, -0.849, -0.130281, -0.849, 0.0, -0.528393, 1.648316, 0.0, 1.0, 0.0, 0.518128, 0.0, 0.0, 0.0, 1.0],
                [0.528393, 0.0, -0.849, -0.130281, -0.849, 0.0, -0.528393, 1.648316, 0.0, 1.0, 0.0, 0.518128, 0.0, 0.0, 0.0, 1.0],
                [0.528393, 0.0, -0.849, -0.130281, -0.849, 0.0, -0.528393, 1.648316, 0.0, 1.0, 0.0, 0.518128, 0.0, 0.0, 0.0, 1.0],
                [0.528393, 0.0, -0.849, -0.130281, -0.849, 0.0, -0.528393, 1.648316, 0.0, 1.0, 0.0, 0.518128, 0.0, 0.0, 0.0, 1.0],
                [0.528393, 0.0, -0.849, -0.130281, -0.849, 0.0, -0.528393, 1.648316, 0.0, 1.0, 0.0, 0.518128, 0.0, 0.0, 0.0, 1.0],
                [0.528393, 0.0, -0.849, -0.130281, -0.849, 0.0, -0.528393, 1.648316, 0.0, 1.0, 0.0, 0.518128, 0.0, 0.0, 0.0, 1.0],
                [0.528393, 0.0, -0.849, -0.130281, -0.849, 0.0, -0.528393, 1.648316, 0.0, 1.0, 0.0, 0.518128, 0.0, 0.0, 0.0, 1.0],
                [0.528393, 0.0, -0.849, -0.130281, -0.849, 0.0, -0.528393, 1.648316, 0.0, 1.0, 0.0, 0.518128, 0.0, 0.0, 0.0, 1.0],
                [0.528393, 0.0, -0.849, -0.130281, -0.849, 0.0, -0.528393, 1.648316, 0.0, 1.0, 0.0, 0.518128, 0.0, 0.0, 0.0, 1.0],
                [0.528393, 0.0, -0.849, -0.130281, -0.849, 0.0, -0.528393, 1.648316, 0.0, 1.0, 0.0, 0.518128, 0.0, 0.0, 0.0, 1.0],
                [0.528393, 0.0, -0.849, -0.130281, -0.849, 0.0, -0.528393, 1.648316, 0.0, 1.0, 0.0, 0.518128, 0.0, 0.0, 0.0, 1.0],
                [0.528393, 0.0, -0.849, -0.130281, -0.849, 0.0, -0.528393, 1.648316, 0.0, 1.0, 0.0, 0.518128, 0.0, 0.0, 0.0, 1.0],
                [0.528393, 0.0, -0.849, -0.130281, -0.849, 0.0, -0.528393, 1.648316, 0.0, 1.0, 0.0, 0.518128, 0.0, 0.0, 0.0, 1.0],
                [0.528393, 0.0, -0.849, -0.130281, -0.849, 0.0, -0.528393, 1.648316, 0.0, 1.0, 0.0, 0.518128, 0.0, 0.0, 0.0, 1.0],
                [0.528393, 0.0, -0.849, -0.130281, -0.849, 0.0, -0.528393, 1.648316, 0.0, 1.0, 0.0, 0.518128, 0.0, 0.0, 0.0, 1.0],
                [0.528393, 0.0, -0.849, -0.130281, -0.849, 0.0, -0.528393, 1.648316, 0.0, 1.0, 0.0, 0.518128, 0.0, 0.0, 0.0, 1.0],
                [0.528393, 0.0, -0.849, -0.130281, -0.849, 0.0, -0.528393, 1.648316, 0.0, 1.0, 0.0, 0.518128, 0.0, 0.0, 0.0, 1.0],
                [0.528393, 0.0, -0.849, -0.130281, -0.849, 0.0, -0.528393, 1.648316, 0.0, 1.0, 0.0, 0.518128, 0.0, 0.0, 0.0, 1.0],
                [0.528393, 0.0, -0.849, -0.130281, -0.849, 0.0, -0.528393, 1.648316, 0.0, 1.0, 0.0, 0.518128, 0.0, 0.0, 0.0, 1.0],
                [0.528393, 0.0, -0.849, -0.130281, -0.849, 0.0, -0.528393, 1.648316, 0.0, 1.0, 0.0, 0.518128, 0.0, 0.0, 0.0, 1.0],
                [0.528393, 0.0, -0.849, -0.130281, -0.849, 0.0, -0.528393, 1.648316, 0.0, 1.0, 0.0, 0.518128, 0.0, 0.0, 0.0, 1.0],
                [0.528393, 0.0, -0.849, -0.130281, -0.849, 0.0, -0.528393, 1.648316, 0.0, 1.0, 0.0, 0.518128, 0.0, 0.0, 0.0, 1.0],
                [0.528393, 0.0, -0.849, -0.130281, -0.849, 0.0, -0.528393, 1.648316, 0.0, 1.0, 0.0, 0.518128, 0.0, 0.0, 0.0, 1.0],
                [0.52919, 0.0, -0.848503, -0.130072, -0.848503, 0.0, -0.52919, 1.648331, 0.0, 1.0, 0.0, 0.518316, 0.0, 0.0, 0.0, 1.0],
                [0.531529, 0.0, -0.84704, -0.129458, -0.84704, 0.0, -0.531529, 1.648374, 0.0, 1.0, 0.0, 0.518868, 0.0, 0.0, 0.0, 1.0],
                [0.535331, 0.0, -0.844643, -0.12846, -0.844643, 0.0, -0.535331, 1.648443, 0.0, 1.0, 0.0, 0.519768, 0.0, 0.0, 0.0, 1.0],
                [0.540513, 0.0, -0.841336, -0.127094, -0.841336, 0.0, -0.540513, 1.648539, 0.0, 1.0, 0.0, 0.520998, 0.0, 0.0, 0.0, 1.0],
                [0.546989, 0.0, -0.83714, -0.125382, -0.83714, 0.0, -0.546989, 1.648658, 0.0, 1.0, 0.0, 0.52254, 0.0, 0.0, 0.0, 1.0],
                [0.554671, 0.0, -0.83207, -0.123343, -0.83207, 0.0, -0.554671, 1.648801, 0.0, 1.0, 0.0, 0.524378, 0.0, 0.0, 0.0, 1.0],
                [0.563467, 0.0, -0.826138, -0.120995, -0.826138, 0.0, -0.563467, 1.648965, 0.0, 1.0, 0.0, 0.526493, 0.0, 0.0, 0.0, 1.0],
                [0.573285, 0.0, -0.819356, -0.118358, -0.819356, 0.0, -0.573285, 1.649149, 0.0, 1.0, 0.0, 0.528869, 0.0, 0.0, 0.0, 1.0],
                [0.584029, 0.0, -0.811733, -0.115451, -0.811733, 0.0, -0.584029, 1.649352, 0.0, 1.0, 0.0, 0.531487, 0.0, 0.0, 0.0, 1.0],
                [0.595602, 0.0, -0.80328, -0.112294, -0.80328, 0.0, -0.595602, 1.649572, 0.0, 1.0, 0.0, 0.534332, 0.0, 0.0, 0.0, 1.0],
                [0.607906, 0.0, -0.794009, -0.108905, -0.794009, 0.0, -0.607906, 1.649809, 0.0, 1.0, 0.0, 0.537385, 0.0, 0.0, 0.0, 1.0],
                [0.620842, 0.0, -0.783936, -0.105304, -0.783936, 0.0, -0.620842, 1.650061, 0.0, 1.0, 0.0, 0.540628, 0.0, 0.0, 0.0, 1.0],
                [0.63431, 0.0, -0.773079, -0.101511, -0.773079, 0.0, -0.63431, 1.650326, 0.0, 1.0, 0.0, 0.544046, 0.0, 0.0, 0.0, 1.0],
                [0.648212, 0.0, -0.76146, -0.097544, -0.76146, 0.0, -0.648212, 1.650603, 0.0, 1.0, 0.0, 0.547619, 0.0, 0.0, 0.0, 1.0],
                [0.662446, 0.0, -0.749109, -0.093423, -0.749109, 0.0, -0.662446, 1.65089, 0.0, 1.0, 0.0, 0.551332, 0.0, 0.0, 0.0, 1.0],
                [0.676918, 0.0, -0.736058, -0.089167, -0.736058, 0.0, -0.676918, 1.651188, 0.0, 1.0, 0.0, 0.555166, 0.0, 0.0, 0.0, 1.0],
                [0.691531, 0.0, -0.722347, -0.084796, -0.722347, 0.0, -0.691531, 1.651493, 0.0, 1.0, 0.0, 0.559104, 0.0, 0.0, 0.0, 1.0],
                [0.706191, 0.0, -0.708021, -0.080328, -0.708021, 0.0, -0.706191, 1.651805, 0.0, 1.0, 0.0, 0.563129, 0.0, 0.0, 0.0, 1.0],
                [0.72081, 0.0, -0.693132, -0.075783, -0.693132, 0.0, -0.72081, 1.652123, 0.0, 1.0, 0.0, 0.567224, 0.0, 0.0, 0.0, 1.0],
                [0.735303, 0.0, -0.677739, -0.07118, -0.677739, 0.0, -0.735303, 1.652444, 0.0, 1.0, 0.0, 0.57137, 0.0, 0.0, 0.0, 1.0],
                [0.749587, 0.0, -0.661906, -0.066539, -0.661906, 0.0, -0.749587, 1.652768, 0.0, 1.0, 0.0, 0.575552, 0.0, 0.0, 0.0, 1.0],
                [0.763589, 0.0, -0.645703, -0.061878, -0.645703, 0.0, -0.763589, 1.653094, 0.0, 1.0, 0.0, 0.57975, 0.0, 0.0, 0.0, 1.0],
                [0.777238, 0.0, -0.629207, -0.057218, -0.629207, 0.0, -0.777238, 1.653419, 0.0, 1.0, 0.0, 0.583949, 0.0, 0.0, 0.0, 1.0],
                [0.790471, 0.0, -0.6125, -0.052576, -0.6125, 0.0, -0.790471, 1.653744, 0.0, 1.0, 0.0, 0.58813, 0.0, 0.0, 0.0, 1.0],
                [0.803231, 0.0, -0.595667, -0.047974, -0.595667, 0.0, -0.803231, 1.654065, 0.0, 1.0, 0.0, 0.592277, 0.0, 0.0, 0.0, 1.0],
                [0.81547, 0.0, -0.5788, -0.043429, -0.5788, 0.0, -0.81547, 1.654382, 0.0, 1.0, 0.0, 0.596371, 0.0, 0.0, 0.0, 1.0],
                [0.827143, 0.0, -0.561991, -0.038961, -0.561991, 0.0, -0.827143, 1.654695, 0.0, 1.0, 0.0, 0.600396, 0.0, 0.0, 0.0, 1.0],
                [0.838217, 0.0, -0.545338, -0.034589, -0.545338, 0.0, -0.838217, 1.655, 0.0, 1.0, 0.0, 0.604335, 0.0, 0.0, 0.0, 1.0],
                [0.84866, 0.0, -0.528938, -0.030333, -0.528938, 0.0, -0.84866, 1.655297, 0.0, 1.0, 0.0, 0.608169, 0.0, 0.0, 0.0, 1.0],
                [0.858452, 0.0, -0.512893, -0.026212, -0.512893, 0.0, -0.858452, 1.655585, 0.0, 1.0, 0.0, 0.611881, 0.0, 0.0, 0.0, 1.0],
                [0.867577, 0.0, -0.497303, -0.022246, -0.497303, 0.0, -0.867577, 1.655862, 0.0, 1.0, 0.0, 0.615455, 0.0, 0.0, 0.0, 1.0],
                [0.876023, 0.0, -0.48227, -0.018452, -0.48227, 0.0, -0.876023, 1.656127, 0.0, 1.0, 0.0, 0.618872, 0.0, 0.0, 0.0, 1.0],
                [0.883785, 0.0, -0.467894, -0.014851, -0.467894, 0.0, -0.883785, 1.656378, 0.0, 1.0, 0.0, 0.622116, 0.0, 0.0, 0.0, 1.0],
                [0.890862, 0.0, -0.454275, -0.011463, -0.454275, 0.0, -0.890862, 1.656615, 0.0, 1.0, 0.0, 0.625169, 0.0, 0.0, 0.0, 1.0],
                [0.897255, 0.0, -0.441513, -0.008305, -0.441513, 0.0, -0.897255, 1.656836, 0.0, 1.0, 0.0, 0.628013, 0.0, 0.0, 0.0, 1.0],
                [0.902969, 0.0, -0.429705, -0.005399, -0.429705, 0.0, -0.902969, 1.657039, 0.0, 1.0, 0.0, 0.630632, 0.0, 0.0, 0.0, 1.0],
                [0.90801, 0.0, -0.418949, -0.002762, -0.418949, 0.0, -0.90801, 1.657223, 0.0, 1.0, 0.0, 0.633008, 0.0, 0.0, 0.0, 1.0],
                [0.912384, 0.0, -0.409336, -0.000414, -0.409336, 0.0, -0.912384, 1.657387, 0.0, 1.0, 0.0, 0.635123, 0.0, 0.0, 0.0, 1.0],
                [0.916095, 0.0, -0.400962, 0.001626, -0.400962, 0.0, -0.916095, 1.657529, 0.0, 1.0, 0.0, 0.63696, 0.0, 0.0, 0.0, 1.0],
                [0.919147, 0.0, -0.393916, 0.003338, -0.393916, 0.0, -0.919147, 1.657649, 0.0, 1.0, 0.0, 0.638503, 0.0, 0.0, 0.0, 1.0],
                [0.921538, 0.0, -0.388287, 0.004703, -0.388287, 0.0, -0.921538, 1.657744, 0.0, 1.0, 0.0, 0.639732, 0.0, 0.0, 0.0, 1.0],
                [0.923266, 0.0, -0.384162, 0.005702, -0.384162, 0.0, -0.923266, 1.657814, 0.0, 1.0, 0.0, 0.640632, 0.0, 0.0, 0.0, 1.0],
                [0.924316, 0.0, -0.381627, 0.006315, -0.381627, 0.0, -0.924316, 1.657857, 0.0, 1.0, 0.0, 0.641185, 0.0, 0.0, 0.0, 1.0],
                [0.924672, 0.0, -0.380764, 0.006524, -0.380764, 0.0, -0.924672, 1.657871, 0.0, 1.0, 0.0, 0.641373, 0.0, 0.0, 0.0, 1.0]
            ]
        },
        {
            "name": "Thigh_R",
            "time": [0.0, 0.0167, 0.0333, 0.05, 0.0667, 0.0833, 0.1, 0.1167, 0.1333, 0.15, 0.1667, 0.1833, 0.2, 0.2167, 0.2333, 0.25, 0.2667, 0.2833, 0.3, 0.3167, 0.3333, 0.35, 0.3667, 0.3833, 0.4, 0.4167, 0.4333, 0.45, 0.4667, 0.4833, 0.5, 0.5167, 0.5333, 0.55, 0.5667, 0.5833, 0.6, 0.6167, 0.6333, 0.65, 0.6667, 0.6833, 0.7, 0.7167, 0.7333, 0.75, 0.7667, 0.7833, 0.8, 0.8167, 0.8333, 0.85, 0.8667, 0.8833, 0.9, 0.9167, 0.9333, 0.95, 0.9667, 0.9833, 1.0, 1.0167, 1.0333, 1.05, 1.0667, 1.0833, 1.1, 1.1167, 1.1333, 1.15, 1.1667, 1.1833, 1.2, 1.2167, 1.2333, 1.25, 1.2667, 1.2833, 1.3, 1.3167, 1.3333, 1.35, 1.3667, 1.3833, 1.4, 1.4167, 1.4333, 1.45, 1.4667, 1.4833, 1.5, 1.5167, 1.5333, 1.55, 1.5667, 1.5833, 1.6, 1.6167, 1.6333, 1.65, 1.6667, 1.6833, 1.7, 1.7167, 1.7333, 1.75, 1.7667, 1.7833, 1.8, 1.8167, 1.8333, 1.85, 1.8667, 1.8833, 1.9, 1.9167, 1.9333, 1.95, 1.9667, 1.9833, 2.0, 2.0167, 2.0333, 2.05, 2.0667, 2.0833, 2.1, 2.1167, 2.1333, 2.15, 2.1667, 2.1833, 2.2, 2.2167, 2.2333, 2.25, 2.2667, 2.2833, 2.3, 2.3167, 2.3333, 2.35, 2.3667, 2.3833, 2.4, 2.4167, 2.4333, 2.45, 2.4667, 2.4833, 2.5, 2.5167, 2.5333, 2.55, 2.5667, 2.5833, 2.6, 2.6167, 2.6333, 2.65, 2.6667, 2.6833, 2.7, 2.7167, 2.7333, 2.75],
            "transform": [
                [0.830452, 0.556261, -0.0304, 0.124994, 0.487804, -0.699727, 0.521948, -0.002831, 0.269067, -0.448281, -0.852435, -1.2e-05, 0.0, 0.0, 0.0, 1.0],
                [0.820903, 0.570688, -0.020806, 0.124994, 0.485278, -0.677912, 0.552215, -0.002831, 0.301038, -0.463411, -0.833442, -1.2e-05, 0.0, 0.0, 0.0, 1.0],
                [0.800433, 0.599421, -0.001396, 0.124994, 0.467762, -0.623163, 0.626791, -0.002831, 0.374842, -0.502357, -0.779186, -1.2e-05, 0.0, 0.0, 0.0, 1.0],
                [0.78939, 0.613803, 0.010454, 0.124994, 0.42399, -0.557435, 0.713792, -0.002831, 0.443954, -0.559028, -0.70028, -1.2e-05, 0.0, 0.0, 0.0, 1.0],
                [0.804835, 0.593446, 0.007859, 0.124994, 0.360909, -0.499892, 0.787307, -0.002831, 0.471153, -0.630816, -0.616511, -1.2e-05, 0.0, 0.0, 0.0, 1.0],
                [0.844409, 0.535687, -0.003631, 0.124994, 0.293937, -0.457647, 0.839143, -0.002831, 0.447856, -0.709647, -0.543899, -1.2e-05, 0.0, 0.0, 0.0, 1.0],
                [0.892596, 0.450529, -0.017189, 0.124994, 0.233709, -0.429752, 0.872178, -0.002831, 0.385554, -0.78252, -0.488887, -1.2e-05, 0.0, 0.0, 0.0, 1.0],
                [0.930169, 0.365548, -0.034049, 0.124994, 0.194876, -0.413014, 0.889631, -0.002831, 0.31114, -0.834143, -0.455409, -1.2e-05, 0.0, 0.0, 0.0, 1.0],
                [0.952675, 0.296931, -0.065135, 0.124994, 0.186551, -0.401874, 0.896491, -0.002831, 0.240019, -0.866216, -0.438248, -1.2e-05, 0.0, 0.0, 0.0, 1.0],
                [0.963977, 0.241566, -0.111329, 0.124994, 0.202155, -0.393368, 0.896881, -0.002831, 0.172863, -0.887079, -0.428031, -1.2e-05, 0.0, 0.0, 0.0, 1.0],
                [0.966489, 0.1955, -0.166369, 0.124994, 0.23192, -0.387133, 0.892379, -0.002831, 0.110053, -0.90106, -0.419501, -1.2e-05, 0.0, 0.0, 0.0, 1.0],
                [0.962888, 0.154068, -0.221609, 0.124994, 0.264951, -0.382996, 0.884938, -0.002831, 0.051465, -0.910812, -0.409603, -1.2e-05, 0.0, 0.0, 0.0, 1.0],
                [0.956717, 0.111547, -0.268792, 0.124994, 0.290989, -0.379768, 0.878124, -0.002831, -0.004126, -0.918333, -0.395789, -1.2e-05, 0.0, 0.0, 0.0, 1.0],
                [0.951352, 0.077587, -0.298177, 0.124994, 0.304922, -0.37586, 0.875072, -0.002831, -0.044178, -0.923423, -0.381233, -1.2e-05, 0.0, 0.0, 0.0, 1.0],
                [0.949648, 0.063708, -0.306775, 0.124994, 0.307927, -0.370656, 0.876239, -0.002831, -0.057884, -0.926583, -0.37161, -1.2e-05, 0.0, 0.0, 0.0, 1.0],
                [0.952511, 0.066096, -0.297244, 0.124994, 0.300387, -0.363948, 0.881652, -0.002831, -0.049908, -0.929072, -0.366518, -1.2e-05, 0.0, 0.0, 0.0, 1.0],
                [0.958927, 0.081277, -0.271758, 0.124994, 0.282608, -0.3559, 0.890768, -0.002831, -0.024319, -0.930983, -0.364252, -1.2e-05, 0.0, 0.0, 0.0, 1.0],
                [0.966856, 0.105939, -0.232306, 0.124994, 0.25488, -0.346997, 0.902568, -0.002831, 0.015007, -0.931864, -0.362498, -1.2e-05, 0.0, 0.0, 0.0, 1.0],
                [0.973939, 0.136636, -0.181035, 0.124994, 0.217618, -0.338009, 0.915637, -0.002831, 0.063918, -0.931172, -0.358935, -1.2e-05, 0.0, 0.0, 0.0, 1.0],
                [0.978129, 0.169531, -0.12051, 0.124994, 0.171553, -0.329931, 0.928286, -0.002831, 0.117613, -0.928658, -0.351799, -1.2e-05, 0.0, 0.0, 0.0, 1.0],
                [0.97827, 0.200231, -0.053804, 0.124994, 0.11792, -0.323879, 0.938721, -0.002831, 0.170535, -0.924668, -0.340452, -1.2e-05, 0.0, 0.0, 0.0, 1.0],
                [0.974508, 0.223806, 0.015624, 0.124994, 0.058549, -0.320928, 0.945292, -0.002831, 0.216576, -0.920281, -0.325851, -1.2e-05, 0.0, 0.0, 0.0, 1.0],
                [0.968353, 0.234948, 0.084208, 0.124994, -0.004218, -0.321939, 0.946751, -0.002831, 0.249547, -0.917145, -0.31076, -1.2e-05, 0.0, 0.0, 0.0, 1.0],
                [0.961744, 0.231332, 0.146744, 0.124994, -0.06616, -0.32367, 0.943854, -0.002831, 0.265841, -0.917455, -0.295982, -1.2e-05, 0.0, 0.0, 0.0, 1.0],
                [0.955937, 0.21668, 0.198076, 0.124994, -0.121308, -0.322867, 0.938638, -0.002831, 0.267336, -0.921307, -0.282355, -1.2e-05, 0.0, 0.0, 0.0, 1.0],
                [0.952364, 0.193766, 0.235494, 0.124994, -0.165131, -0.32155, 0.932383, -0.002831, 0.256388, -0.926855, -0.274236, -1.2e-05, 0.0, 0.0, 0.0, 1.0],
                [0.952377, 0.164478, 0.256759, 0.124994, -0.194074, -0.322505, 0.926458, -0.002831, 0.235188, -0.932168, -0.275225, -1.2e-05, 0.0, 0.0, 0.0, 1.0],
                [0.956863, 0.130492, 0.259588, 0.124994, -0.205362, -0.32826, 0.921994, -0.002831, 0.205525, -0.935531, -0.287302, -1.2e-05, 0.0, 0.0, 0.0, 1.0],
                [0.965861, 0.094002, 0.241406, 0.124994, -0.196637, -0.340666, 0.919391, -0.002831, 0.168663, -0.935473, -0.310552, -1.2e-05, 0.0, 0.0, 0.0, 1.0],
                [0.978165, 0.058236, 0.199504, 0.124994, -0.165717, -0.360766, 0.917816, -0.002831, 0.125425, -0.930837, -0.343238, -1.2e-05, 0.0, 0.0, 0.0, 1.0],
                [0.990899, 0.027656, 0.131735, 0.124994, -0.110765, -0.388566, 0.914739, -0.002831, 0.076485, -0.921006, -0.381967, -1.2e-05, 0.0, 0.0, 0.0, 1.0],
                [0.999253, 0.007583, 0.03789, 0.124994, -0.03114, -0.422539, 0.905809, -0.002831, 0.022879, -0.906313, -0.421987, -1.2e-05, 0.0, 0.0, 0.0, 1.0],
                [0.996914, 0.002959, -0.078445, 0.124994, 0.071043, -0.459122, 0.885528, -0.002831, -0.033395, -0.888368, -0.457916, -1.2e-05, 0.0, 0.0, 0.0, 1.0],
                [0.977857, 0.016283, -0.208642, 0.124994, 0.189383, -0.493094, 0.849113, -0.002831, -0.089054, -0.869824, -0.485259, -1.2e-05, 0.0, 0.0, 0.0, 1.0],
                [0.939257, 0.046136, -0.340102, 0.124994, 0.313346, -0.519599, 0.794878, -0.002831, -0.140044, -0.853164, -0.502493, -1.2e-05, 0.0, 0.0, 0.0, 1.0],
                [0.883539, 0.088291, -0.459961, 0.124994, 0.431153, -0.53692, 0.725138, -0.002831, -0.182939, -0.839, -0.512457, -1.2e-05, 0.0, 0.0, 0.0, 1.0],
                [0.817473, 0.139428, -0.558836, 0.124994, 0.533831, -0.547699, 0.644244, -0.002831, -0.216248, -0.824976, -0.52216, -1.2e-05, 0.0, 0.0, 0.0, 1.0],
                [0.767938, 0.178116, -0.61526, 0.124994, 0.596586, -0.548533, 0.58583, -0.002831, -0.233145, -0.816937, -0.527501, -1.2e-05, 0.0, 0.0, 0.0, 1.0],
                [0.756849, 0.197903, -0.622907, 0.124994, 0.618335, -0.525591, 0.584309, -0.002831, -0.211758, -0.827399, -0.520163, -1.2e-05, 0.0, 0.0, 0.0, 1.0],
                [0.784729, 0.251104, -0.566698, 0.124994, 0.610713, -0.46953, 0.63763, -0.002831, -0.10597, -0.846457, -0.521806, -1.2e-05, 0.0, 0.0, 0.0, 1.0],
                [0.815064, 0.410278, -0.409076, 0.124994, 0.556231, -0.356573, 0.750641, -0.002831, 0.162106, -0.839362, -0.51884, -1.2e-05, 0.0, 0.0, 0.0, 1.0],
                [0.73768, 0.646663, -0.19405, 0.124994, 0.430707, -0.229405, 0.872849, -0.002831, 0.519923, -0.727462, -0.447749, -1.2e-05, 0.0, 0.0, 0.0, 1.0],
                [0.625675, 0.779801, -0.021002, 0.124994, 0.310239, -0.224038, 0.923883, -0.002831, 0.715739, -0.584565, -0.3821, -1.2e-05, 0.0, 0.0, 0.0, 1.0],
                [0.600384, 0.777414, 0.187528, 0.124994, 0.243515, -0.40108, 0.883083, -0.002831, 0.761734, -0.484523, -0.430114, -1.2e-05, 0.0, 0.0, 0.0, 1.0],
                [0.637361, 0.646456, 0.419363, 0.124994, 0.217635, -0.673091, 0.706813, -0.002831, 0.739192, -0.359227, -0.569693, -1.2e-05, 0.0, 0.0, 0.0, 1.0],
                [0.703715, 0.429532, 0.565939, 0.124994, 0.194424, -0.882574, 0.428092, -0.002831, 0.683362, -0.191222, -0.704592, -1.2e-05, 0.0, 0.0, 0.0, 1.0],
                [0.777441, 0.21754, 0.590138, 0.124994, 0.163662, -0.975929, 0.144146, -0.002831, 0.60729, -0.015482, -0.79433, -1.2e-05, 0.0, 0.0, 0.0, 1.0],
                [0.843587, 0.077902, 0.531312, 0.124994, 0.13236, -0.989059, -0.065137, -0.002831, 0.520425, 0.125273, -0.844669, -1.2e-05, 0.0, 0.0, 0.0, 1.0],
                [0.892825, 0.047574, 0.447885, 0.124994, 0.114999, -0.985526, -0.12456, -0.002831, 0.435476, 0.162716, -0.885373, -1.2e-05, 0.0, 0.0, 0.0, 1.0],
                [0.923548, 0.077922, 0.375481, 0.124994, 0.11742, -0.98957, -0.08345, -0.002831, 0.365063, 0.121159, -0.923065, -1.2e-05, 0.0, 0.0, 0.0, 1.0],
                [0.940159, 0.114392, 0.32096, 0.124994, 0.135014, -0.989925, -0.04267, -0.002831, 0.312845, 0.083451, -0.946131, -1.2e-05, 0.0, 0.0, 0.0, 1.0],
                [0.945187, 0.159515, 0.284914, 0.124994, 0.166648, -0.986016, -0.000806, -0.002831, 0.280802, 0.048243, -0.958553, -1.2e-05, 0.0, 0.0, 0.0, 1.0],
                [0.939668, 0.214667, 0.266351, 0.124994, 0.210515, -0.976582, 0.044397, -0.002831, 0.269644, 0.014353, -0.962853, -1.2e-05, 0.0, 0.0, 0.0, 1.0],
                [0.923735, 0.279376, 0.262037, 0.124994, 0.263261, -0.95999, 0.095465, -0.002831, 0.278224, -0.0192, -0.960325, -1.2e-05, 0.0, 0.0, 0.0, 1.0],
                [0.897929, 0.350672, 0.265993, 0.124994, 0.319469, -0.934971, 0.15417, -0.002831, 0.302759, -0.053458, -0.951567, -1.2e-05, 0.0, 0.0, 0.0, 1.0],
                [0.86486, 0.423188, 0.270054, 0.124994, 0.372321, -0.901554, 0.220402, -0.002831, 0.336739, -0.09007, -0.93728, -1.2e-05, 0.0, 0.0, 0.0, 1.0],
                [0.829899, 0.490463, 0.265921, 0.124994, 0.415597, -0.861455, 0.291848, -0.002831, 0.37222, -0.131689, -0.918755, -1.2e-05, 0.0, 0.0, 0.0, 1.0],
                [0.799889, 0.546701, 0.247579, 0.124994, 0.445673, -0.817386, 0.365042, -0.002831, 0.401937, -0.181654, -0.897468, -1.2e-05, 0.0, 0.0, 0.0, 1.0],
                [0.780763, 0.58761, 0.212424, 0.124994, 0.461968, -0.771785, 0.43696, -0.002831, 0.420707, -0.243029, -0.874038, -1.2e-05, 0.0, 0.0, 0.0, 1.0],
                [0.775901, 0.61, 0.160869, 0.124994, 0.465855, -0.725971, 0.505911, -0.002831, 0.425391, -0.317595, -0.847452, -1.2e-05, 0.0, 0.0, 0.0, 1.0],
                [0.785889, 0.610947, 0.095511, 0.124994, 0.459274, -0.680116, 0.571411, -0.002831, 0.41406, -0.405199, -0.815087, -1.2e-05, 0.0, 0.0, 0.0, 1.0],
                [0.809032, 0.587399, 0.02072, 0.124994, 0.443875, -0.633703, 0.633558, -0.002831, 0.385281, -0.503372, -0.773418, -1.2e-05, 0.0, 0.0, 0.0, 1.0],
                [0.841423, 0.538028, -0.050335, 0.124994, 0.420386, -0.593211, 0.686569, -0.002831, 0.339534, -0.598855, -0.72532, -1.2e-05, 0.0, 0.0, 0.0, 1.0],
                [0.876342, 0.469321, -0.108459, 0.124994, 0.392307, -0.564747, 0.726055, -0.002831, 0.279501, -0.678821, -0.679029, -1.2e-05, 0.0, 0.0, 0.0, 1.0],
                [0.907876, 0.389172, -0.155905, 0.124994, 0.363969, -0.547108, 0.75379, -0.002831, 0.208057, -0.741092, -0.638353, -1.2e-05, 0.0, 0.0, 0.0, 1.0],
                [0.932149, 0.304224, -0.19633, 0.124994, 0.338363, -0.538932, 0.771403, -0.002831, 0.128871, -0.785494, -0.605303, -1.2e-05, 0.0, 0.0, 0.0, 1.0],
                [0.94729, 0.219586, -0.23329, 0.124994, 0.317089, -0.538532, 0.780665, -0.002831, 0.04579, -0.81349, -0.579774, -1.2e-05, 0.0, 0.0, 0.0, 1.0],
                [0.953074, 0.138662, -0.269117, 0.124994, 0.300382, -0.54385, 0.78358, -0.002831, -0.037706, -0.827647, -0.559981, -1.2e-05, 0.0, 0.0, 0.0, 1.0],
                [0.950456, 0.063194, -0.304368, 0.124994, 0.287295, -0.552511, 0.782428, -0.002831, -0.118722, -0.831107, -0.543292, -1.2e-05, 0.0, 0.0, 0.0, 1.0],
                [0.94123, -0.006376, -0.337706, 0.124994, 0.275972, -0.561947, 0.779779, -0.002831, -0.194745, -0.827149, -0.527162, -1.2e-05, 0.0, 0.0, 0.0, 1.0],
                [0.922037, -0.061838, -0.38213, 0.124994, 0.279722, -0.575949, 0.768139, -0.002831, -0.267588, -0.815143, -0.513749, -1.2e-05, 0.0, 0.0, 0.0, 1.0],
                [0.888011, -0.093925, -0.450127, 0.124994, 0.312775, -0.594182, 0.741026, -0.002831, -0.337058, -0.798828, -0.498263, -1.2e-05, 0.0, 0.0, 0.0, 1.0],
                [0.84022, -0.104453, -0.53209, 0.124994, 0.369014, -0.608853, 0.70223, -0.002831, -0.397314, -0.786377, -0.473026, -1.2e-05, 0.0, 0.0, 0.0, 1.0],
                [0.782383, -0.099327, -0.614826, 0.124994, 0.436989, -0.615847, 0.655571, -0.002831, -0.443754, -0.78158, -0.438423, -1.2e-05, 0.0, 0.0, 0.0, 1.0],
                [0.721266, -0.085173, -0.687401, 0.124994, 0.50412, -0.616029, 0.605286, -0.002831, -0.475013, -0.783106, -0.401383, -1.2e-05, 0.0, 0.0, 0.0, 1.0],
                [0.664738, -0.066297, -0.744129, 0.124994, 0.561102, -0.613321, 0.55588, -0.002831, -0.493243, -0.787047, -0.370498, -1.2e-05, 0.0, 0.0, 0.0, 1.0],
                [0.619336, -0.045534, -0.783805, 0.124994, 0.603324, -0.61124, 0.512235, -0.002831, -0.502417, -0.790134, -0.351092, -1.2e-05, 0.0, 0.0, 0.0, 1.0],
                [0.589559, -0.027487, -0.807257, 0.124994, 0.629333, -0.610853, 0.480416, -0.002831, -0.506321, -0.791267, -0.342835, -1.2e-05, 0.0, 0.0, 0.0, 1.0],
                [0.578838, -0.019754, -0.815203, 0.124994, 0.638357, -0.611069, 0.468076, -0.002831, -0.507392, -0.791331, -0.3411, -1.2e-05, 0.0, 0.0, 0.0, 1.0],
                [0.578838, -0.019754, -0.815203, 0.124994, 0.638357, -0.611069, 0.468076, -0.002831, -0.507392, -0.791331, -0.3411, -1.2e-05, 0.0, 0.0, 0.0, 1.0],
                [0.578838, -0.019753, -0.815203, 0.124994, 0.638357, -0.611069, 0.468075, -0.002831, -0.507391, -0.791331, -0.341101, -1.2e-05, 0.0, 0.0, 0.0, 1.0],
                [0.578838, -0.019753, -0.815203, 0.124994, 0.638357, -0.611069, 0.468075, -0.002831, -0.507391, -0.791331, -0.341101, -1.2e-05, 0.0, 0.0, 0.0, 1.0],
                [0.578838, -0.019753, -0.815203, 0.124994, 0.638357, -0.611069, 0.468075, -0.002831, -0.507391, -0.791331, -0.341101, -1.2e-05, 0.0, 0.0, 0.0, 1.0],
                [0.578838, -0.019753, -0.815203, 0.124994, 0.638357, -0.611069, 0.468075, -0.002831, -0.507391, -0.791331, -0.341101, -1.2e-05, 0.0, 0.0, 0.0, 1.0],
                [0.578838, -0.019753, -0.815203, 0.124994, 0.638357, -0.611069, 0.468075, -0.002831, -0.507391, -0.791331, -0.341101, -1.2e-05, 0.0, 0.0, 0.0, 1.0],
                [0.578838, -0.019753, -0.815203, 0.124994, 0.638357, -0.611069, 0.468075, -0.002831, -0.507391, -0.791331, -0.341101, -1.2e-05, 0.0, 0.0, 0.0, 1.0],
                [0.578838, -0.019753, -0.815203, 0.124994, 0.638357, -0.611069, 0.468075, -0.002831, -0.507391, -0.791331, -0.341101, -1.2e-05, 0.0, 0.0, 0.0, 1.0],
                [0.578838, -0.019753, -0.815203, 0.124994, 0.638357, -0.611069, 0.468075, -0.002831, -0.507391, -0.791331, -0.341101, -1.2e-05, 0.0, 0.0, 0.0, 1.0],
                [0.578838, -0.019753, -0.815203, 0.124994, 0.638357, -0.611069, 0.468075, -0.002831, -0.507391, -0.791331, -0.341101, -1.2e-05, 0.0, 0.0, 0.0, 1.0],
                [0.578838, -0.019753, -0.815203, 0.124994, 0.638357, -0.611069, 0.468075, -0.002831, -0.507391, -0.791331, -0.341101, -1.2e-05, 0.0, 0.0, 0.0, 1.0],
                [0.578838, -0.019753, -0.815203, 0.124994, 0.638357, -0.611069, 0.468075, -0.002831, -0.507391, -0.791331, -0.341101, -1.2e-05, 0.0, 0.0, 0.0, 1.0],
                [0.578838, -0.019753, -0.815203, 0.124994, 0.638357, -0.611069, 0.468075, -0.002831, -0.507391, -0.791331, -0.341101, -1.2e-05, 0.0, 0.0, 0.0, 1.0],
                [0.578838, -0.019753, -0.815203, 0.124994, 0.638357, -0.611069, 0.468075, -0.002831, -0.507391, -0.791331, -0.341101, -1.2e-05, 0.0, 0.0, 0.0, 1.0],
