{
    "animation": [
        {
            "name": "Root",
            "time": [0.0, 0.0167, 0.0333, 0.05, 0.0667, 0.0833, 0.1, 0.1167, 0.1333, 0.15, 0.1667, 0.1833, 0.2, 0.2167, 0.2333, 0.25, 0.2667, 0.2833, 0.3, 0.3167, 0.3333, 0.35, 0.3667, 0.3833, 0.4, 0.4167, 0.4333, 0.45, 0.4667, 0.4833, 0.5, 0.5167, 0.5333, 0.55, 0.5667, 0.5833, 0.6, 0.6167, 0.6333, 0.65, 0.6667, 0.6833, 0.7, 0.7167, 0.7333, 0.75, 0.7667],
            "transform": [
                [0.902958, 0.0, -0.429728, -5e-06, -0.429728, 0.0, -0.902958, 0.000946, 0.0, 1.0, 0.0, 0.493035, 0.0, 0.0, 0.0, 1.0],
                [0.902958, 0.0, -0.429728, -5e-06, -0.429728, 0.0, -0.902958, 0.000946, 0.0, 1.0, 0.0, 0.493035, 0.0, 0.0, 0.0, 1.0],
                [0.902958, 0.0, -0.429728, -5e-06, -0.429728, 0.0, -0.902958, 0.000946, 0.0, 1.0, 0.0, 0.493035, 0.0, 0.0, 0.0, 1.0],
                [0.902958, 0.0, -0.429728, -5e-06, -0.429728, 0.0, -0.902958, 0.000946, 0.0, 1.0, 0.0, 0.493035, 0.0, 0.0, 0.0, 1.0],
                [0.902958, 0.0, -0.429728, -5e-06, -0.429728, 0.0, -0.902958, 0.000946, 0.0, 1.0, 0.0, 0.493035, 0.0, 0.0, 0.0, 1.0],
                [0.902958, 0.0, -0.429728, -5e-06, -0.429728, 0.0, -0.902958, 0.000946, 0.0, 1.0, 0.0, 0.493035, 0.0, 0.0, 0.0, 1.0],
                [0.902958, 0.0, -0.429728, -5e-06, -0.429728, 0.0, -0.902958, 0.000946, 0.0, 1.0, 0.0, 0.493035, 0.0, 0.0, 0.0, 1.0],
                [0.902958, 0.0, -0.429728, -5e-06, -0.429728, 0.0, -0.902958, 0.000946, 0.0, 1.0, 0.0, 0.493035, 0.0, 0.0, 0.0, 1.0],
                [0.942726, 0.0, -0.333569, 0.021598, -0.333569, 0.0, -0.942726, -0.020345, 0.0, 1.0, 0.0, 0.493035, 0.0, 0.0, 0.0, 1.0],
                [0.996758, 0.0, -0.080452, 0.061718, -0.080452, 0.0, -0.996758, -0.059885, 0.0, 1.0, 0.0, 0.493035, 0.0, 0.0, 0.0, 1.0],
                [0.9695, 0.0, 0.245091, 0.083321, 0.245091, 0.0, -0.9695, -0.081176, 0.0, 1.0, 0.0, 0.493035, 0.0, 0.0, 0.0, 1.0],
                [0.837776, 0.0, 0.546014, 0.048192, 0.546014, 0.0, -0.837776, -0.069826, 0.0, 1.0, 0.0, 0.487728, 0.0, 0.0, 0.0, 1.0],
                [0.611696, 0.0, 0.791093, -0.017048, 0.791093, 0.0, -0.611696, -0.046095, 0.0, 1.0, 0.0, 0.477871, 0.0, 0.0, 0.0, 1.0],
                [0.322505, 0.0, 0.946568, -0.052178, 0.946568, 0.0, -0.322505, -0.025459, 0.0, 1.0, 0.0, 0.472563, 0.0, 0.0, 0.0, 1.0],
                [0.026022, 0.0, 0.999661, -0.035124, 0.999661, 0.0, -0.026022, -0.013849, 0.0, 1.0, 0.0, 0.472563, 0.0, 0.0, 0.0, 1.0],
                [-0.27112, 0.0, 0.962545, 0.002479, 0.962545, 0.0, 0.27112, 0.020991, 0.0, 1.0, 0.0, 0.472563, 0.0, 0.0, 0.0, 1.0],
                [-0.59535, 0.0, 0.803467, 0.040292, 0.803467, 0.0, 0.59535, 0.120863, 0.0, 1.0, 0.0, 0.472563, 0.0, 0.0, 0.0, 1.0],
                [-0.902767, 0.0, 0.430131, 0.064024, 0.430131, 0.0, 0.902767, 0.373116, 0.0, 1.0, 0.0, 0.472563, 0.0, 0.0, 0.0, 1.0],
                [-0.996671, 0.0, -0.081532, 0.083577, -0.081532, 0.0, 0.996671, 0.715423, 0.0, 1.0, 0.0, 0.472563, 0.0, 0.0, 0.0, 1.0],
                [-0.889324, 0.0, -0.457279, 0.114897, -0.457279, 0.0, 0.889324, 0.965074, 0.0, 1.0, 0.0, 0.472563, 0.0, 0.0, 0.0, 1.0],
                [-0.77026, 0.0, -0.637729, 0.147863, -0.637729, 0.0, 0.77026, 1.019301, 0.0, 1.0, 0.0, 0.472563, 0.0, 0.0, 0.0, 1.0],
                [-0.605858, 0.001266, -0.795572, 0.114246, -0.795572, -0.000532, 0.605858, 1.044259, 0.000344, 0.999999, 0.00133, 0.472986, 0.0, 0.0, 0.0, 1.0],
                [-0.370245, 0.004792, -0.928922, 0.030204, -0.928934, -0.001216, 0.370244, 1.082728, 0.000645, 0.999988, 0.004902, 0.474043, 0.0, 0.0, 0.0, 1.0],
                [-0.085433, 0.009696, -0.996297, -0.079051, -0.996344, -0.000818, 0.085429, 1.12666, 1.4e-05, 0.999953, 0.009731, 0.475417, 0.0, 0.0, 0.0, 1.0],
                [0.20327, 0.01456, -0.979015, -0.188306, -0.979121, 0.001233, -0.203274, 1.168004, -0.001753, 0.999893, 0.014506, 0.476791, 0.0, 0.0, 0.0, 1.0],
                [0.450811, 0.017991, -0.892438, -0.272348, -0.89261, 0.004581, -0.450806, 1.198714, -0.004022, 0.999828, 0.018124, 0.477849, 0.0, 0.0, 0.0, 1.0],
                [0.634044, 0.019133, -0.77306, -0.305965, -0.773276, 0.008311, -0.634015, 1.210739, -0.005706, 0.999782, 0.020064, 0.478271, 0.0, 0.0, 0.0, 1.0],
                [0.757706, 0.018282, -0.65234, -0.305014, -0.652565, 0.011458, -0.757646, 1.204498, -0.006377, 0.999767, 0.020611, 0.474291, 0.0, 0.0, 0.0, 1.0],
                [0.849394, 0.016394, -0.527504, -0.298361, -0.527718, 0.014021, -0.849304, 1.192908, -0.006528, 0.999767, 0.020561, 0.466898, 0.0, 0.0, 0.0, 1.0],
                [0.925611, 0.013746, -0.378227, -0.280303, -0.37842, 0.01643, -0.925488, 1.186667, -0.006507, 0.999771, 0.020409, 0.462917, 0.0, 0.0, 0.0, 1.0],
                [0.981368, 0.010311, -0.191858, -0.187441, -0.192024, 0.018732, -0.981211, 1.30103, -0.006524, 0.999771, 0.020363, 0.464837, 0.0, 0.0, 0.0, 1.0],
                [0.999981, 0.005753, -0.00228, -0.075861, -0.002395, 0.020051, -0.999796, 1.415392, -0.005706, 0.999782, 0.020064, 0.478271, 0.0, 0.0, 0.0, 1.0],
                [0.989256, 0.001268, 0.146188, -0.039054, 0.146168, 0.01015, -0.989208, 1.384775, -0.002738, 0.999948, 0.009855, 0.513885, 0.0, 0.0, 0.0, 1.0],
                [0.978538, 0.0, 0.206066, -0.033796, 0.206066, 0.0, -0.978538, 1.33727, -0.0, 1.0, 0.0, 0.537983, 0.0, 0.0, 0.0, 1.0],
                [0.978538, -0.0, 0.206066, -0.033796, 0.206066, 0.0, -0.978538, 1.32601, 0.0, 1.0, 0.0, 0.532865, 0.0, 0.0, 0.0, 1.0],
                [0.978538, -0.0, 0.206066, -0.033796, 0.206066, 0.0, -0.978538, 1.314751, 0.0, 1.0, 0.0, 0.527747, 0.0, 0.0, 0.0, 1.0],
                [0.978538, 0.0, 0.206066, -0.033796, 0.206066, -0.0, -0.978538, 1.303491, -0.0, 1.0, -0.0, 0.522629, 0.0, 0.0, 0.0, 1.0],
                [0.978538, 0.0, 0.206066, -0.033796, 0.206066, 0.0, -0.978538, 1.292232, -0.0, 1.0, 0.0, 0.517511, 0.0, 0.0, 0.0, 1.0],
                [0.978538, 0.0, 0.206066, -0.033796, 0.206066, 0.0, -0.978538, 1.280972, 0.0, 1.0, 0.0, 0.512393, 0.0, 0.0, 0.0, 1.0],
                [0.918802, 0.0, 0.394719, -0.023056, 0.394719, 0.0, -0.918802, 1.318172, 0.0, 1.0, 0.0, 0.504716, 0.0, 0.0, 0.0, 1.0],
                [0.814746, 0.0, 0.579818, -0.012317, 0.579818, 0.0, -0.814746, 1.355372, 0.0, 1.0, 0.0, 0.497039, 0.0, 0.0, 0.0, 1.0],
                [0.665841, 0.0, 0.746094, -0.001577, 0.746094, 0.0, -0.665841, 1.392572, 0.0, 1.0, 0.0, 0.489362, 0.0, 0.0, 0.0, 1.0],
                [0.478595, 0.0, 0.878036, 0.009163, 0.878036, 0.0, -0.478595, 1.429772, 0.0, 1.0, 0.0, 0.481685, 0.0, 0.0, 0.0, 1.0],
                [0.266238, 0.0, 0.963907, 0.019902, 0.963907, 0.0, -0.266238, 1.466972, 0.0, 1.0, 0.0, 0.474009, 0.0, 0.0, 0.0, 1.0],
                [0.045801, 0.0, 0.998951, 0.030642, 0.998951, 0.0, -0.045801, 1.504171, 0.0, 1.0, 0.0, 0.466332, 0.0, 0.0, 0.0, 1.0],
                [-0.166152, 0.0, 0.9861, 0.041381, 0.9861, 0.0, 0.166152, 1.541371, 0.0, 1.0, 0.0, 0.458655, 0.0, 0.0, 0.0, 1.0],
                [-0.357076, 0.0, 0.934076, 0.052121, 0.934076, 0.0, 0.357076, 1.578571, 0.0, 1.0, 0.0, 0.450978, 0.0, 0.0, 0.0, 1.0]
            ]
        },
        {
            "name": "Thigh_R",
            "time": [0.0, 0.0167, 0.0333, 0.05, 0.0667, 0.0833, 0.1, 0.1167, 0.1333, 0.15, 0.1667, 0.1833, 0.2, 0.2167, 0.2333, 0.25, 0.2667, 0.2833, 0.3, 0.3167, 0.3333, 0.35, 0.3667, 0.3833, 0.4, 0.4167, 0.4333, 0.45, 0.4667, 0.4833, 0.5, 0.5167, 0.5333, 0.55, 0.5667, 0.5833, 0.6, 0.6167, 0.6333, 0.65, 0.6667, 0.6833, 0.7, 0.7167, 0.7333, 0.75, 0.7667],
            "transform": [
                [0.790392, 0.4846, -0.374757, 0.124994, 0.611614, -0.658958, 0.437838, -0.002831, -0.034773, -0.575269, -0.817225, -1.2e-05, 0.0, 0.0, 0.0, 1.0],
                [0.793223, 0.473069, -0.383408, 0.124994, 0.607931, -0.651296, 0.454127, -0.002831, -0.034879, -0.593309, -0.804219, -1.2e-05, 0.0, 0.0, 0.0, 1.0],
                [0.801273, 0.441278, -0.404024, 0.124994, 0.597225, -0.630359, 0.495952, -0.002831, -0.035827, -0.638685, -0.768633, -1.2e-05, 0.0, 0.0, 0.0, 1.0],
                [0.813796, 0.394539, -0.426701, 0.124994, 0.579869, -0.599992, 0.551145, -0.002831, -0.038569, -0.695949, -0.717054, -1.2e-05, 0.0, 0.0, 0.0, 1.0],
                [0.829674, 0.339879, -0.442858, 0.124994, 0.556481, -0.566612, 0.607683, -0.002831, -0.04439, -0.750619, -0.659241, -1.2e-05, 0.0, 0.0, 0.0, 1.0],
                [0.847033, 0.285242, -0.448521, 0.124994, 0.528651, -0.539926, 0.654986, -0.002831, -0.055339, -0.791905, -0.608131, -1.2e-05, 0.0, 0.0, 0.0, 1.0],
                [0.862845, 0.238073, -0.445892, 0.124994, 0.499936, -0.532108, 0.683319, -0.002831, -0.074582, -0.812514, -0.57815, -1.2e-05, 0.0, 0.0, 0.0, 1.0],
                [0.872689, 0.206468, -0.442476, 0.124994, 0.476566, -0.557439, 0.679813, -0.002831, -0.106294, -0.804132, -0.584868, -1.2e-05, 0.0, 0.0, 0.0, 1.0],
                [0.853381, 0.119853, -0.507322, 0.124994, 0.480881, -0.556681, 0.677391, -0.002831, -0.20123, -0.822033, -0.532697, -1.2e-05, 0.0, 0.0, 0.0, 1.0],
                [0.828702, 0.062653, -0.556172, 0.124994, 0.494717, -0.546706, 0.675549, -0.002831, -0.261738, -0.834975, -0.484053, -1.2e-05, 0.0, 0.0, 0.0, 1.0],
                [0.872689, 0.206467, -0.442476, 0.124994, 0.476566, -0.557439, 0.679813, -0.002831, -0.106294, -0.804132, -0.584868, -1.2e-05, 0.0, 0.0, 0.0, 1.0],
                [0.834062, 0.489941, -0.253568, 0.124994, 0.522056, -0.552402, 0.649853, -0.002831, 0.178319, -0.674393, -0.716516, -1.2e-05, 0.0, 0.0, 0.0, 1.0],
                [0.666466, 0.745409, -0.013683, 0.124994, 0.626709, -0.550207, 0.551821, -0.002831, 0.403804, -0.376345, -0.833851, -1.2e-05, 0.0, 0.0, 0.0, 1.0],
                [0.421799, 0.848582, 0.319361, 0.124994, 0.603991, -0.525671, 0.599052, -0.002831, 0.676225, -0.059789, -0.734265, -1.2e-05, 0.0, 0.0, 0.0, 1.0],
                [0.264705, 0.885583, 0.38167, 0.124994, 0.435755, -0.46292, 0.771894, -0.002831, 0.86026, -0.03801, -0.508436, -1.2e-05, 0.0, 0.0, 0.0, 1.0],
                [0.401506, 0.822246, 0.403364, 0.124994, 0.449744, -0.560674, 0.695251, -0.002831, 0.797824, -0.097736, -0.594916, -1.2e-05, 0.0, 0.0, 0.0, 1.0],
                [0.421799, 0.848582, 0.319361, 0.124994, 0.603991, -0.525671, 0.599052, -0.002831, 0.676225, -0.059789, -0.734265, -1.2e-05, 0.0, 0.0, 0.0, 1.0],
                [0.359276, 0.902444, 0.237722, 0.124994, 0.516719, -0.404484, 0.754582, -0.002831, 0.777124, -0.148267, -0.611633, -1.2e-05, 0.0, 0.0, 0.0, 1.0],
                [0.313015, 0.919593, 0.237418, 0.124994, 0.238588, -0.318099, 0.917545, -0.002831, 0.919292, -0.23056, -0.318974, -1.2e-05, 0.0, 0.0, 0.0, 1.0],
                [0.154334, 0.958716, 0.238831, 0.124994, 0.061262, -0.250547, 0.966165, -0.002831, 0.986117, -0.13448, -0.097401, -1.2e-05, 0.0, 0.0, 0.0, 1.0],
                [0.33209, 0.92034, 0.20661, 0.124994, 0.406618, -0.337325, 0.849043, -0.002831, 0.851104, -0.197947, -0.48625, -1.2e-05, 0.0, 0.0, 0.0, 1.0],
                [0.538991, 0.832707, 0.126827, 0.124994, 0.623935, -0.495852, 0.604015, -0.002831, 0.565856, -0.246426, -0.786817, -1.2e-05, 0.0, 0.0, 0.0, 1.0],
                [0.662297, 0.745758, 0.072147, 0.124994, 0.6368, -0.611024, 0.470249, -0.002831, 0.394776, -0.265501, -0.87958, -1.2e-05, 0.0, 0.0, 0.0, 1.0],
                [0.692325, 0.716179, 0.088157, 0.124994, 0.608694, -0.645247, 0.461677, -0.002831, 0.387527, -0.265969, -0.882657, -1.2e-05, 0.0, 0.0, 0.0, 1.0],
                [0.645108, 0.746801, 0.161622, 0.124994, 0.606471, -0.629111, 0.48622, -0.002831, 0.464789, -0.215645, -0.85876, -1.2e-05, 0.0, 0.0, 0.0, 1.0],
                [0.549617, 0.787021, 0.280208, 0.124994, 0.625018, -0.60993, 0.487173, -0.002831, 0.554323, -0.092624, -0.827132, -1.2e-05, 0.0, 0.0, 0.0, 1.0],
                [0.438833, 0.783399, 0.440123, 0.124994, 0.645298, -0.615606, 0.452347, -0.002831, 0.625312, 0.085506, -0.775676, -1.2e-05, 0.0, 0.0, 0.0, 1.0],
                [0.315079, 0.82452, 0.469989, 0.124994, 0.614224, -0.55467, 0.56131, -0.002831, 0.723501, 0.111821, -0.681206, -1.2e-05, 0.0, 0.0, 0.0, 1.0],
                [0.124766, 0.925603, 0.357338, 0.124994, 0.440724, -0.374371, 0.815848, -0.002831, 0.888929, 0.055697, -0.454645, -1.2e-05, 0.0, 0.0, 0.0, 1.0],
                [-0.12724, 0.950665, 0.282921, 0.124994, 0.070846, -0.275799, 0.958601, -0.002831, 0.989338, 0.142016, -0.032258, -1.2e-05, 0.0, 0.0, 0.0, 1.0],
                [-0.085949, 0.947429, 0.308201, 0.124994, 0.223818, -0.283077, 0.932617, -0.002831, 0.970834, 0.149138, -0.187722, -1.2e-05, 0.0, 0.0, 0.0, 1.0],
                [0.408534, 0.861977, 0.300154, 0.124994, 0.57299, -0.498175, 0.650771, -0.002831, 0.71048, -0.093876, -0.697427, -1.2e-05, 0.0, 0.0, 0.0, 1.0],
                [0.668319, 0.727825, 0.153683, 0.124994, 0.536668, -0.614817, 0.577915, -0.002831, 0.515108, -0.303754, -0.801497, -1.2e-05, 0.0, 0.0, 0.0, 1.0],
                [0.71081, 0.697927, 0.087436, 0.124994, 0.520531, -0.605552, 0.601958, -0.002831, 0.47307, -0.382364, -0.793727, -1.2e-05, 0.0, 0.0, 0.0, 1.0],
                [0.72874, 0.684787, -0.001575, 0.124994, 0.556921, -0.591324, 0.583244, -0.002831, 0.398467, -0.42591, -0.812296, -1.2e-05, 0.0, 0.0, 0.0, 1.0],
                [0.737307, 0.671193, -0.076664, 0.124994, 0.602568, -0.602087, 0.523833, -0.002831, 0.305435, -0.432421, -0.848364, -1.2e-05, 0.0, 0.0, 0.0, 1.0],
                [0.73642, 0.660109, -0.148121, 0.124994, 0.646632, -0.622439, 0.440949, -0.002831, 0.198878, -0.420503, -0.885226, -1.2e-05, 0.0, 0.0, 0.0, 1.0],
                [0.727446, 0.648691, -0.223652, 0.124994, 0.680901, -0.642153, 0.352153, -0.002831, 0.084819, -0.408457, -0.908828, -1.2e-05, 0.0, 0.0, 0.0, 1.0],
                [0.71212, 0.629817, -0.310182, 0.124994, 0.701346, -0.658078, 0.273945, -0.002831, -0.031588, -0.412626, -0.910353, -1.2e-05, 0.0, 0.0, 0.0, 1.0],
                [0.726286, 0.647114, -0.231838, 0.124994, 0.685531, -0.706676, 0.17508, -0.002831, -0.050538, -0.28609, -0.956869, -1.2e-05, 0.0, 0.0, 0.0, 1.0],
                [0.769763, 0.630813, -0.09766, 0.124994, 0.637095, -0.768739, 0.056116, -0.002831, -0.039677, -0.105415, -0.993636, -1.2e-05, 0.0, 0.0, 0.0, 1.0],
                [0.829094, 0.555349, 0.064727, 0.124994, 0.559003, -0.82561, -0.076682, -0.002831, 0.010854, 0.099759, -0.994953, -1.2e-05, 0.0, 0.0, 0.0, 1.0],
                [0.883509, 0.411479, 0.223819, 0.124994, 0.456635, -0.863085, -0.215793, -0.002831, 0.104381, 0.292858, -0.950441, -1.2e-05, 0.0, 0.0, 0.0, 1.0],
                [0.911388, 0.212241, 0.352597, 0.124994, 0.339035, -0.872874, -0.350918, -0.002831, 0.233294, 0.439364, -0.867487, -1.2e-05, 0.0, 0.0, 0.0, 1.0],
                [0.899153, -0.013739, 0.437417, 0.124994, 0.216908, -0.854107, -0.472704, -0.002831, 0.380096, 0.519912, -0.764995, -1.2e-05, 0.0, 0.0, 0.0, 1.0],
                [0.845747, -0.236656, 0.478232, 0.124994, 0.09876, -0.811349, -0.576158, -0.002831, 0.524365, 0.534512, -0.662825, -1.2e-05, 0.0, 0.0, 0.0, 1.0],
                [0.759878, -0.436469, 0.481746, 0.124994, -0.011247, -0.749788, -0.661582, -0.002831, 0.649967, 0.497302, -0.574658, -1.2e-05, 0.0, 0.0, 0.0, 1.0]
            ]
        },
        {
            "name": "Leg_R",
            "time": [0.0, 0.0167, 0.0333, 0.05, 0.0667, 0.0833, 0.1, 0.1167, 0.1333, 0.15, 0.1667, 0.1833, 0.2, 0.2167, 0.2333, 0.25, 0.2667, 0.2833, 0.3, 0.3167, 0.3333, 0.35, 0.3667, 0.3833, 0.4, 0.4167, 0.4333, 0.45, 0.4667, 0.4833, 0.5, 0.5167, 0.5333, 0.55, 0.5667, 0.5833, 0.6, 0.6167, 0.6333, 0.65, 0.6667, 0.6833, 0.7, 0.7167, 0.7333, 0.75, 0.7667],
            "transform": [
                [1.0, -1e-06, 1e-06, -0.0, -0.0, 0.678413, 0.734682, 0.374726, -1e-06, -0.734683, 0.678409, 0.0, 0.0, 0.0, 0.0, 1.0],
                [1.0, -1e-06, 1e-06, -0.0, -0.0, 0.670208, 0.742174, 0.374726, -1e-06, -0.742176, 0.670204, 0.0, 0.0, 0.0, 0.0, 1.0],
                [1.0, -1e-06, 1e-06, -0.0, -0.0, 0.652692, 0.757624, 0.374726, -1e-06, -0.757626, 0.652688, -0.0, 0.0, 0.0, 0.0, 1.0],
                [1.0, -1e-06, 1e-06, -0.0, -0.0, 0.640484, 0.767973, 0.374726, -1e-06, -0.767974, 0.64048, 0.0, 0.0, 0.0, 0.0, 1.0],
                [1.0, -1e-06, 1e-06, -0.0, -0.0, 0.648789, 0.760969, 0.374726, -1e-06, -0.760971, 0.648785, 0.0, 0.0, 0.0, 0.0, 1.0],
                [1.0, -1e-06, 1e-06, 0.0, -0.0, 0.688796, 0.724956, 0.374726, -1e-06, -0.724958, 0.688792, -0.0, 0.0, 0.0, 0.0, 1.0],
                [1.0, -1e-06, 1e-06, -0.0, -0.0, 0.764593, 0.644516, 0.374726, -1e-06, -0.644517, 0.764588, 0.0, 0.0, 0.0, 0.0, 1.0],
                [1.0, -0.0, 1e-06, 0.0, -0.0, 0.871613, 0.4902, 0.374726, -1e-06, -0.490201, 0.871607, 0.0, 0.0, 0.0, 0.0, 1.0],
                [1.0, -0.0, 1e-06, -0.0, -0.0, 0.867515, 0.497415, 0.374726, -1e-06, -0.497416, 0.86751, 0.0, 0.0, 0.0, 0.0, 1.0],
                [1.0, -0.0, 1e-06, 0.0, -0.0, 0.831567, 0.555428, 0.374726, -1e-06, -0.555429, 0.831562, -0.0, 0.0, 0.0, 0.0, 1.0],
                [1.0, -0.0, 1e-06, 0.0, -0.0, 0.871612, 0.4902, 0.374726, -1e-06, -0.490201, 0.871607, 0.0, 0.0, 0.0, 0.0, 1.0],
                [1.0, -0.0, 1e-06, -0.0, -0.0, 0.885665, 0.464329, 0.374726, -1e-06, -0.46433, 0.88566, 0.0, 0.0, 0.0, 0.0, 1.0],
                [1.0, -0.0, 1e-06, 0.0, -0.0, 0.906734, 0.421708, 0.374726, -1e-06, -0.421709, 0.906729, 0.0, 0.0, 0.0, 0.0, 1.0],
                [1.0, -0.0, 1e-06, 0.0, -0.0, 0.914673, 0.4042, 0.374726, -1e-06, -0.404201, 0.914668, -0.0, 0.0, 0.0, 0.0, 1.0],
                [1.0, -0.0, 1e-06, 0.0, -0.0, 0.819604, 0.572933, 0.374726, -1e-06, -0.572934, 0.819599, -0.0, 0.0, 0.0, 0.0, 1.0],
                [1.0, -0.0, 1e-06, -0.0, -0.0, 0.943101, 0.332515, 0.374726, -1e-06, -0.332516, 0.943095, -0.0, 0.0, 0.0, 0.0, 1.0],
                [1.0, -0.0, 1e-06, -0.0, -0.0, 0.914673, 0.4042, 0.374726, -1e-06, -0.404201, 0.914667, 0.0, 0.0, 0.0, 0.0, 1.0],
                [1.0, -1e-06, 0.0, -0.0, -0.0, 0.318105, 0.948055, 0.374726, -1e-06, -0.948057, 0.318103, -0.0, 0.0, 0.0, 0.0, 1.0],
                [1.0, -1e-06, 0.0, -0.0, -0.0, 0.043, 0.999074, 0.374726, -1e-06, -0.999076, 0.042999, 0.0, 0.0, 0.0, 0.0, 1.0],
                [1.0, -1e-06, 0.0, 0.0, -0.0, 0.272446, 0.96217, 0.374726, -1e-06, -0.962172, 0.272444, -0.0, 0.0, 0.0, 0.0, 1.0],
                [1.0, -1e-06, 1e-06, 0.0, -0.0, 0.436059, 0.899918, 0.374726, -1e-06, -0.89992, 0.436056, 0.0, 0.0, 0.0, 0.0, 1.0],
                [1.0, -1e-06, 1e-06, 0.0, -0.0, 0.412867, 0.910791, 0.374726, -1e-06, -0.910793, 0.412865, 0.0, 0.0, 0.0, 0.0, 1.0],
                [1.0, -1e-06, 0.0, 0.0, -0.0, 0.3283, 0.944573, 0.374726, -1e-06, -0.944574, 0.328298, 0.0, 0.0, 0.0, 0.0, 1.0],
                [1.0, -1e-06, 0.0, -0.0, -0.0, 0.26501, 0.964245, 0.374726, -1e-06, -0.964247, 0.265008, -0.0, 0.0, 0.0, 0.0, 1.0],
                [1.0, -1e-06, 0.0, 0.0, -0.0, 0.268073, 0.963398, 0.374726, -1e-06, -0.9634, 0.268071, -0.0, 0.0, 0.0, 0.0, 1.0],
                [1.000001, -1e-06, 0.0, 0.0, -0.0, 0.328562, 0.944482, 0.374726, -1e-06, -0.944484, 0.32856, 0.0, 0.0, 0.0, 0.0, 1.0],
                [1.0, -1e-06, 1e-06, -0.0, -0.0, 0.396683, 0.917955, 0.374726, -1e-06, -0.917957, 0.396681, 0.0, 0.0, 0.0, 0.0, 1.0],
                [1.0, -1e-06, 0.0, 0.0, -0.0, 0.34833, 0.937372, 0.374726, -1e-06, -0.937373, 0.348329, 0.0, 0.0, 0.0, 0.0, 1.0],
                [1.0, -1e-06, 0.0, -0.0, -0.0, 0.314059, 0.949403, 0.374726, -1e-06, -0.949404, 0.314057, 0.0, 0.0, 0.0, 0.0, 1.0],
                [1.0, -1e-06, 0.0, 0.0, -0.0, 0.43283, 0.901476, 0.374726, -1e-06, -0.901477, 0.432827, 0.0, 0.0, 0.0, 0.0, 1.0],
                [1.0, -1e-06, 1e-06, -0.0, -0.0, 0.427349, 0.904087, 0.374726, -1e-06, -0.904088, 0.427346, -0.0, 0.0, 0.0, 0.0, 1.0],
                [1.0, -1e-06, 0.0, -0.0, -0.0, 0.299758, 0.954015, 0.374726, -1e-06, -0.954016, 0.299756, -0.0, 0.0, 0.0, 0.0, 1.0],
                [1.0, -1e-06, 0.0, 0.0, -0.0, 0.320612, 0.94721, 0.374726, -1e-06, -0.947212, 0.320609, -0.0, 0.0, 0.0, 0.0, 1.0],
                [1.0, -1e-06, 1e-06, 0.0, -0.0, 0.475839, 0.879532, 0.374726, -1e-06, -0.879533, 0.475837, 0.0, 0.0, 0.0, 0.0, 1.0],
                [1.0, -1e-06, 1e-06, 0.0, -0.0, 0.58038, 0.814345, 0.374726, -1e-06, -0.814347, 0.580377, -0.0, 0.0, 0.0, 0.0, 1.0],
                [1.0, -1e-06, 1e-06, -0.0, -0.0, 0.682197, 0.731169, 0.374726, -1e-06, -0.73117, 0.682193, 0.0, 0.0, 0.0, 0.0, 1.0],
                [1.0, -0.0, 1e-06, 0.0, -0.0, 0.761254, 0.648455, 0.374726, -1e-06, -0.648456, 0.76125, -0.0, 0.0, 0.0, 0.0, 1.0],
                [1.0, -0.0, 1e-06, -0.0, -0.0, 0.808505, 0.588491, 0.374726, -1e-06, -0.588492, 0.808501, 0.0, 0.0, 0.0, 0.0, 1.0],
                [1.0, -0.0, 1e-06, 0.0, -0.0, 0.821671, 0.569964, 0.374726, -1e-06, -0.569965, 0.821666, -0.0, 0.0, 0.0, 0.0, 1.0],
                [1.0, -1e-06, 1e-06, -0.0, -0.0, 0.715287, 0.698832, 0.374726, -1e-06, -0.698834, 0.715283, -0.0, 0.0, 0.0, 0.0, 1.0],
                [1.0, -1e-06, 1e-06, 0.0, -0.0, 0.654187, 0.756334, 0.374726, -1e-06, -0.756335, 0.654183, 0.0, 0.0, 0.0, 0.0, 1.0],
                [1.0, -1e-06, 1e-06, 0.0, -0.0, 0.638393, 0.769711, 0.374726, -1e-06, -0.769713, 0.638389, -0.0, 0.0, 0.0, 0.0, 1.0],
                [1.0, -1e-06, 1e-06, 0.0, -0.0, 0.662472, 0.749087, 0.374726, -1e-06, -0.749089, 0.662469, -0.0, 0.0, 0.0, 0.0, 1.0],
                [1.0, -1e-06, 1e-06, -0.0, -0.0, 0.715892, 0.698212, 0.374726, -1e-06, -0.698213, 0.715888, 0.0, 0.0, 0.0, 0.0, 1.0],
                [1.0, -0.0, 1e-06, 0.0, -0.0, 0.785355, 0.619048, 0.374726, -1e-06, -0.619049, 0.78535, -0.0, 0.0, 0.0, 0.0, 1.0],
                [1.0, -0.0, 1e-06, 0.0, -0.0, 0.85812, 0.513451, 0.374726, -1e-06, -0.513452, 0.858116, 0.0, 0.0, 0.0, 0.0, 1.0],
                [1.0, -0.0, 1e-06, 0.0, -0.0, 0.924693, 0.380721, 0.374726, -1e-06, -0.380722, 0.924687, 0.0, 0.0, 0.0, 0.0, 1.0]
            ]
        },
        {
            "name": "Knee_R",
            "time": [0.0, 0.7667],
            "transform": [
                [1.0, 0.0, -0.0, -0.0, -0.0, 0.00567, -0.999984, 0.405216, -0.0, 0.999984, 0.00567, -0.000173, 0.0, 0.0, 0.0, 1.0],
                [1.0, 0.0, -0.0, -0.0, -0.0, 0.00567, -0.999984, 0.374726, -0.0, 0.999984, 0.00567, 0.0, 0.0, 0.0, 0.0, 1.0]
            ]
        },
        {
            "name": "Thigh_L",
            "time": [0.0, 0.0167, 0.0333, 0.05, 0.0667, 0.0833, 0.1, 0.1167, 0.1333, 0.15, 0.1667, 0.1833, 0.2, 0.2167, 0.2333, 0.25, 0.2667, 0.2833, 0.3, 0.3167, 0.3333, 0.35, 0.3667, 0.3833, 0.4, 0.4167, 0.4333, 0.45, 0.4667, 0.4833, 0.5, 0.5167, 0.5333, 0.55, 0.5667, 0.5833, 0.6, 0.6167, 0.6333, 0.65, 0.6667, 0.6833, 0.7, 0.7167, 0.7333, 0.75, 0.7667],
            "transform": [
                [0.976567, 0.053144, 0.208548, -0.125006, -0.008231, -0.9591, 0.282947, -0.002831, 0.215055, -0.278033, -0.936188, -1.2e-05, 0.0, 0.0, 0.0, 1.0],
                [0.976567, 0.053144, 0.208548, -0.125006, -0.008231, -0.9591, 0.282947, -0.002831, 0.215055, -0.278033, -0.936188, -1.2e-05, 0.0, 0.0, 0.0, 1.0],
                [0.976567, 0.053144, 0.208548, -0.125006, -0.008231, -0.9591, 0.282947, -0.002831, 0.215055, -0.278033, -0.936188, -1.2e-05, 0.0, 0.0, 0.0, 1.0],
                [0.976567, 0.053144, 0.208548, -0.125006, -0.008231, -0.9591, 0.282947, -0.002831, 0.215055, -0.278033, -0.936188, -1.2e-05, 0.0, 0.0, 0.0, 1.0],
                [0.976567, 0.053144, 0.208548, -0.125006, -0.008231, -0.9591, 0.282947, -0.002831, 0.215055, -0.278033, -0.936188, -1.2e-05, 0.0, 0.0, 0.0, 1.0],
                [0.976567, 0.053144, 0.208548, -0.125006, -0.008231, -0.9591, 0.282947, -0.002831, 0.215055, -0.278033, -0.936188, -1.2e-05, 0.0, 0.0, 0.0, 1.0],
                [0.976567, 0.053144, 0.208548, -0.125006, -0.008231, -0.9591, 0.282947, -0.002831, 0.215055, -0.278033, -0.936188, -1.2e-05, 0.0, 0.0, 0.0, 1.0],
                [0.976567, 0.053144, 0.208548, -0.125006, -0.008231, -0.9591, 0.282947, -0.002831, 0.215055, -0.278033, -0.936188, -1.2e-05, 0.0, 0.0, 0.0, 1.0],
                [0.964929, -0.006735, 0.262422, -0.125006, -0.093934, -0.942336, 0.321214, -0.002831, 0.245127, -0.334599, -0.909921, -1.2e-05, 0.0, 0.0, 0.0, 1.0],
                [0.919386, -0.085501, 0.383953, -0.125006, -0.25655, -0.870254, 0.420522, -0.002831, 0.298182, -0.485125, -0.822035, -1.2e-05, 0.0, 0.0, 0.0, 1.0],
                [0.873454, -0.060337, 0.483152, -0.125006, -0.352172, -0.763513, 0.541316, -0.002831, 0.336231, -0.642967, -0.688143, -1.2e-05, 0.0, 0.0, 0.0, 1.0],
                [0.86817, 0.075308, 0.490519, -0.125006, -0.318544, -0.673359, 0.667171, -0.002831, 0.380539, -0.73547, -0.560601, -1.2e-05, 0.0, 0.0, 0.0, 1.0],
                [0.854365, 0.243784, 0.458944, -0.125006, -0.231003, -0.612933, 0.755612, -0.002831, 0.465508, -0.751586, -0.467354, -1.2e-05, 0.0, 0.0, 0.0, 1.0],
                [0.811026, 0.364619, 0.457482, -0.125006, -0.192914, -0.571573, 0.797552, -0.002831, 0.552287, -0.735089, -0.39322, -1.2e-05, 0.0, 0.0, 0.0, 1.0],
                [0.813178, 0.402423, 0.420472, -0.125006, -0.184315, -0.507201, 0.841887, -0.002831, 0.552059, -0.762104, -0.338272, -1.2e-05, 0.0, 0.0, 0.0, 1.0],
                [0.858753, 0.382862, 0.340527, -0.125006, -0.149371, -0.448663, 0.88113, -0.002831, 0.490134, -0.807538, -0.328103, -1.2e-05, 0.0, 0.0, 0.0, 1.0],
                [0.801901, 0.420308, 0.424611, -0.125006, -0.220011, -0.453015, 0.863929, -0.002831, 0.555472, -0.786204, -0.270801, -1.2e-05, 0.0, 0.0, 0.0, 1.0],
                [0.690107, 0.512724, 0.510751, -0.125006, -0.264477, -0.478252, 0.837453, -0.002831, 0.67365, -0.713013, -0.194441, -1.2e-05, 0.0, 0.0, 0.0, 1.0],
                [0.738277, 0.518034, 0.431959, -0.125006, -0.196539, -0.447404, 0.872469, -0.002831, 0.645229, -0.72902, -0.228494, -1.2e-05, 0.0, 0.0, 0.0, 1.0],
                [0.801901, 0.420308, 0.424611, -0.125006, -0.220011, -0.453015, 0.863929, -0.002831, 0.555471, -0.786204, -0.270801, -1.2e-05, 0.0, 0.0, 0.0, 1.0],
                [0.801901, 0.420308, 0.424611, -0.125006, -0.220011, -0.453015, 0.863928, -0.002831, 0.555471, -0.786204, -0.270802, -1.2e-05, 0.0, 0.0, 0.0, 1.0],
                [0.712147, 0.514528, 0.477605, -0.125006, -0.245031, -0.45536, 0.855924, -0.002831, 0.657879, -0.726572, -0.198209, -1.2e-05, 0.0, 0.0, 0.0, 1.0],
                [0.664461, 0.527586, 0.529286, -0.125006, -0.287305, -0.473473, 0.832634, -0.002831, 0.689889, -0.705319, -0.163026, -1.2e-05, 0.0, 0.0, 0.0, 1.0],
                [0.685299, 0.470788, 0.555629, -0.125006, -0.326354, -0.483529, 0.812214, -0.002831, 0.651043, -0.737942, -0.177719, -1.2e-05, 0.0, 0.0, 0.0, 1.0],
                [0.743201, 0.400475, 0.535977, -0.125006, -0.327672, -0.480572, 0.813437, -0.002831, 0.583337, -0.780172, -0.225937, -1.2e-05, 0.0, 0.0, 0.0, 1.0],
                [0.784958, 0.379941, 0.489373, -0.125006, -0.2867, -0.47746, 0.830562, -0.002831, 0.549221, -0.792259, -0.265857, -1.2e-05, 0.0, 0.0, 0.0, 1.0],
                [0.801901, 0.420308, 0.424611, -0.125006, -0.220011, -0.453015, 0.863928, -0.002831, 0.555471, -0.786204, -0.270801, -1.2e-05, 0.0, 0.0, 0.0, 1.0],
                [0.791957, 0.455591, 0.406497, -0.125006, -0.195945, -0.440905, 0.875904, -0.002831, 0.57828, -0.77333, -0.259907, -1.2e-05, 0.0, 0.0, 0.0, 1.0],
                [0.786184, 0.443544, 0.430329, -0.125006, -0.216336, -0.454747, 0.863946, -0.002831, 0.578889, -0.772317, -0.26156, -1.2e-05, 0.0, 0.0, 0.0, 1.0],
                [0.813145, 0.379514, 0.44132, -0.125006, -0.236955, -0.476695, 0.846531, -0.002831, 0.531645, -0.792926, -0.297694, -1.2e-05, 0.0, 0.0, 0.0, 1.0],
                [0.827267, 0.286067, 0.483524, -0.125006, -0.2201, -0.62683, 0.747422, -0.002831, 0.5169, -0.724741, -0.455593, -1.2e-05, 0.0, 0.0, 0.0, 1.0],
                [0.776381, 0.123169, 0.618111, -0.125006, -0.286486, -0.80458, 0.520168, -0.002831, 0.561389, -0.580929, -0.589375, -1.2e-05, 0.0, 0.0, 0.0, 1.0],
                [0.708603, 0.082108, 0.700813, -0.125006, -0.363075, -0.809201, 0.461918, -0.002831, 0.605027, -0.581764, -0.543592, -1.2e-05, 0.0, 0.0, 0.0, 1.0],
                [0.725724, 0.048964, 0.686241, -0.125006, -0.39273, -0.789495, 0.471657, -0.002831, 0.564879, -0.6118, -0.553726, -1.2e-05, 0.0, 0.0, 0.0, 1.0],
                [0.812908, -0.002806, 0.582386, -0.125006, -0.390757, -0.74412, 0.541843, -0.002831, 0.431844, -0.668039, -0.605998, -1.2e-05, 0.0, 0.0, 0.0, 1.0],
                [0.886362, -0.06841, 0.457912, -0.125006, -0.371423, -0.695536, 0.615039, -0.002831, 0.27642, -0.715226, -0.641906, -1.2e-05, 0.0, 0.0, 0.0, 1.0],
                [0.936336, -0.143562, 0.320413, -0.125006, -0.333739, -0.647374, 0.685219, -0.002831, 0.109056, -0.748529, -0.654072, -1.2e-05, 0.0, 0.0, 0.0, 1.0],
                [0.958159, -0.2213, 0.181539, -0.125006, -0.280778, -0.603427, 0.74635, -0.002831, -0.055622, -0.766094, -0.640316, -1.2e-05, 0.0, 0.0, 0.0, 1.0],
                [0.954165, -0.29465, 0.052442, -0.125006, -0.218522, -0.566185, 0.794784, -0.002831, -0.204491, -0.769815, -0.604622, -1.2e-05, 0.0, 0.0, 0.0, 1.0],
                [0.970285, -0.194813, 0.143508, -0.125006, -0.229024, -0.548071, 0.804466, -0.002831, -0.078067, -0.813428, -0.576403, -1.2e-05, 0.0, 0.0, 0.0, 1.0],
                [0.969002, -0.087904, 0.230883, -0.125006, -0.241819, -0.528803, 0.813566, -0.002831, 0.050576, -0.844179, -0.533669, -1.2e-05, 0.0, 0.0, 0.0, 1.0],
                [0.950904, 0.020533, 0.308802, -0.125006, -0.255902, -0.508993, 0.821851, -0.002831, 0.174053, -0.860525, -0.478749, -1.2e-05, 0.0, 0.0, 0.0, 1.0],
                [0.919805, 0.124269, 0.372176, -0.125006, -0.269321, -0.489845, 0.829166, -0.002831, 0.285349, -0.862907, -0.417094, -1.2e-05, 0.0, 0.0, 0.0, 1.0],
                [0.881917, 0.217673, 0.41814, -0.125006, -0.279396, -0.473064, 0.835552, -0.002831, 0.379684, -0.853714, -0.356386, -1.2e-05, 0.0, 0.0, 0.0, 1.0],
                [0.843919, 0.296791, 0.446895, -0.125006, -0.283303, -0.460846, 0.841047, -0.002831, 0.455565, -0.836382, -0.304835, -1.2e-05, 0.0, 0.0, 0.0, 1.0],
                [0.810887, 0.35968, 0.461618, -0.125006, -0.278821, -0.456069, 0.845139, -0.002831, 0.514509, -0.814021, -0.269535, -1.2e-05, 0.0, 0.0, 0.0, 1.0],
                [0.785156, 0.405729, 0.467882, -0.125006, -0.264927, -0.462836, 0.845929, -0.002831, 0.559771, -0.78814, -0.255911, -1.2e-05, 0.0, 0.0, 0.0, 1.0]
            ]
        },
        {
            "name": "Leg_L",
            "time": [0.0, 0.0167, 0.0333, 0.05, 0.0667, 0.0833, 0.1, 0.1167, 0.1333, 0.15, 0.1667, 0.1833, 0.2, 0.2167, 0.2333, 0.25, 0.2667, 0.2833, 0.3, 0.3167, 0.3333, 0.35, 0.3667, 0.3833, 0.4, 0.4167, 0.4333, 0.45, 0.4667, 0.4833, 0.5, 0.5167, 0.5333, 0.55, 0.5667, 0.5833, 0.6, 0.6167, 0.6333, 0.65, 0.6667, 0.6833, 0.7, 0.7167, 0.7333, 0.75, 0.7667],
            "transform": [
                [1.0, -1e-06, 0.0, 0.0, -0.0, 0.257254, 0.966344, 0.374726, -1e-06, -0.966343, 0.257254, -0.0, 0.0, 0.0, 0.0, 1.0],
                [1.0, -1e-06, 0.0, 0.0, -0.0, 0.257254, 0.966344, 0.374726, -1e-06, -0.966343, 0.257254, -0.0, 0.0, 0.0, 0.0, 1.0],
                [1.0, -1e-06, 0.0, 0.0, -0.0, 0.257254, 0.966344, 0.374726, -1e-06, -0.966343, 0.257254, -0.0, 0.0, 0.0, 0.0, 1.0],
                [1.0, -1e-06, 0.0, 0.0, -0.0, 0.257254, 0.966344, 0.374726, -1e-06, -0.966343, 0.257254, -0.0, 0.0, 0.0, 0.0, 1.0],
                [1.0, -1e-06, 0.0, 0.0, -0.0, 0.257254, 0.966344, 0.374726, -1e-06, -0.966343, 0.257254, -0.0, 0.0, 0.0, 0.0, 1.0],
                [1.0, -1e-06, 0.0, 0.0, -0.0, 0.257254, 0.966344, 0.374726, -1e-06, -0.966343, 0.257254, -0.0, 0.0, 0.0, 0.0, 1.0],
                [1.0, -1e-06, 0.0, 0.0, -0.0, 0.257254, 0.966344, 0.374726, -1e-06, -0.966343, 0.257254, -0.0, 0.0, 0.0, 0.0, 1.0],
                [1.0, -1e-06, 0.0, 0.0, -0.0, 0.257254, 0.966344, 0.374726, -1e-06, -0.966343, 0.257254, -0.0, 0.0, 0.0, 0.0, 1.0],
                [1.0, -1e-06, 0.0, -0.0, -0.0, 0.238751, 0.971081, 0.374726, -1e-06, -0.97108, 0.238751, 0.0, 0.0, 0.0, 0.0, 1.0],
                [1.000001, -1e-06, 0.0, 0.0, -0.0, 0.229389, 0.973335, 0.374726, -1e-06, -0.973335, 0.229389, 0.0, 0.0, 0.0, 0.0, 1.0],
                [1.0, -1e-06, 0.0, -0.0, -0.0, 0.250951, 0.968, 0.374726, -1e-06, -0.967999, 0.250951, -0.0, 0.0, 0.0, 0.0, 1.0],
                [1.0, -1e-06, 0.0, -0.0, -0.0, 0.205922, 0.978568, 0.374726, -1e-06, -0.978568, 0.205922, -0.0, 0.0, 0.0, 0.0, 1.0],
                [1.0, -1e-06, 0.0, -0.0, -0.0, 0.123698, 0.99232, 0.374726, -1e-06, -0.99232, 0.123698, -0.0, 0.0, 0.0, 0.0, 1.0],
                [1.000001, -1e-06, 0.0, -0.0, -0.0, 0.104274, 0.994549, 0.374726, -1e-06, -0.994549, 0.104274, 0.0, 0.0, 0.0, 0.0, 1.0],
                [1.0, -1e-06, 0.0, -0.0, -0.0, 0.173526, 0.984829, 0.374726, -1e-06, -0.984829, 0.173526, -0.0, 0.0, 0.0, 0.0, 1.0],
                [1.0, -1e-06, 0.0, 0.0, -0.0, 0.302815, 0.95305, 0.374726, -1e-06, -0.953049, 0.302815, -0.0, 0.0, 0.0, 0.0, 1.0],
                [1.0, -1e-06, 1e-06, 0.0, -0.0, 0.54471, 0.838625, 0.374726, -1e-06, -0.838624, 0.54471, -0.0, 0.0, 0.0, 0.0, 1.0],
                [1.0, -1e-06, 1e-06, 0.0, -0.0, 0.655013, 0.755617, 0.374726, -1e-06, -0.755617, 0.655013, -0.0, 0.0, 0.0, 0.0, 1.0],
                [1.0, -1e-06, 1e-06, 0.0, -0.0, 0.530971, 0.84739, 0.374726, -1e-06, -0.84739, 0.530971, -0.0, 0.0, 0.0, 0.0, 1.0],
                [1.000001, -1e-06, 1e-06, -0.0, -0.0, 0.54471, 0.838625, 0.374726, -1e-06, -0.838624, 0.544709, 0.0, 0.0, 0.0, 0.0, 1.0],
                [1.0, -1e-06, 1e-06, -0.0, -0.0, 0.544711, 0.838624, 0.374726, -1e-06, -0.838624, 0.544711, 0.0, 0.0, 0.0, 0.0, 1.0],
                [1.0, -1e-06, 1e-06, -0.0, -0.0, 0.446693, 0.894687, 0.374726, -1e-06, -0.894687, 0.446693, 0.0, 0.0, 0.0, 0.0, 1.0],
                [1.0, -1e-06, 0.0, -0.0, -0.0, 0.392947, 0.919561, 0.374726, -1e-06, -0.919561, 0.392947, -0.0, 0.0, 0.0, 0.0, 1.0],
                [1.0, -1e-06, 1e-06, -0.0, -0.0, 0.435577, 0.900152, 0.374726, -1e-06, -0.900151, 0.435577, -0.0, 0.0, 0.0, 0.0, 1.0],
                [1.0, -1e-06, 1e-06, -0.0, -0.0, 0.550727, 0.834686, 0.374726, -1e-06, -0.834685, 0.550726, -0.0, 0.0, 0.0, 0.0, 1.0],
                [1.0, -1e-06, 1e-06, -0.0, -0.0, 0.630919, 0.775849, 0.374726, -1e-06, -0.775849, 0.630918, -0.0, 0.0, 0.0, 0.0, 1.0],
                [1.0, -1e-06, 1e-06, 0.0, -0.0, 0.54471, 0.838624, 0.374726, -1e-06, -0.838624, 0.54471, -0.0, 0.0, 0.0, 0.0, 1.0],
                [1.0, -1e-06, 1e-06, -0.0, -0.0, 0.363026, 0.931779, 0.374726, -1e-06, -0.931779, 0.363026, 0.0, 0.0, 0.0, 0.0, 1.0],
                [1.0, -1e-06, 0.0, 0.0, -0.0, 0.231802, 0.972763, 0.374726, -1e-06, -0.972763, 0.231802, -0.0, 0.0, 0.0, 0.0, 1.0],
                [1.0, -1e-06, 0.0, -0.0, -0.0, 0.170504, 0.985357, 0.374726, -1e-06, -0.985356, 0.170504, -0.0, 0.0, 0.0, 0.0, 1.0],
                [1.0, -1e-06, 0.0, -0.0, -0.0, 0.051092, 0.998694, 0.374726, -1e-06, -0.998693, 0.051092, 0.0, 0.0, 0.0, 0.0, 1.0],
                [1.0, -1e-06, 0.0, -0.0, -0.0, 0.1601, 0.987101, 0.374726, -1e-06, -0.9871, 0.1601, 0.0, 0.0, 0.0, 0.0, 1.0],
                [1.0, -1e-06, 0.0, -0.0, -0.0, 0.370997, 0.928635, 0.374726, -1e-06, -0.928634, 0.370997, 0.0, 0.0, 0.0, 0.0, 1.0],
                [1.0, -1e-06, 1e-06, 0.0, -0.0, 0.520238, 0.854021, 0.374726, -1e-06, -0.854021, 0.520238, -0.0, 0.0, 0.0, 0.0, 1.0],
                [1.0, -1e-06, 1e-06, 0.0, -0.0, 0.509157, 0.860674, 0.374726, -1e-06, -0.860673, 0.509157, -0.0, 0.0, 0.0, 0.0, 1.0],
                [1.0, -1e-06, 1e-06, -0.0, -0.0, 0.499165, 0.866507, 0.374726, -1e-06, -0.866506, 0.499165, 0.0, 0.0, 0.0, 0.0, 1.0],
                [1.0, -1e-06, 1e-06, 0.0, -0.0, 0.490262, 0.871575, 0.374726, -1e-06, -0.871575, 0.490262, -0.0, 0.0, 0.0, 0.0, 1.0],
                [1.0, -1e-06, 1e-06, 0.0, -0.0, 0.482447, 0.875925, 0.374726, -1e-06, -0.875925, 0.482447, -0.0, 0.0, 0.0, 0.0, 1.0],
                [1.0, -1e-06, 1e-06, 0.0, -0.0, 0.47572, 0.879596, 0.374726, -1e-06, -0.879596, 0.47572, -0.0, 0.0, 0.0, 0.0, 1.0],
                [1.0, -1e-06, 0.0, -0.0, -0.0, 0.457371, 0.889276, 0.374726, -1e-06, -0.889276, 0.457371, -0.0, 0.0, 0.0, 0.0, 1.0],
                [1.0, -1e-06, 1e-06, 0.0, -0.0, 0.452961, 0.891531, 0.374726, -1e-06, -0.891531, 0.452961, -0.0, 0.0, 0.0, 0.0, 1.0],
                [1.0, -1e-06, 1e-06, -0.0, -0.0, 0.463655, 0.886016, 0.374726, -1e-06, -0.886016, 0.463655, -0.0, 0.0, 0.0, 0.0, 1.0],
                [1.0, -1e-06, 1e-06, -0.0, -0.0, 0.490221, 0.871598, 0.374726, -1e-06, -0.871598, 0.490222, -0.0, 0.0, 0.0, 0.0, 1.0],
                [1.0, -1e-06, 1e-06, -0.0, -0.0, 0.532759, 0.846267, 0.374726, -1e-06, -0.846267, 0.532759, -0.0, 0.0, 0.0, 0.0, 1.0],
                [1.0, -1e-06, 1e-06, 0.0, -0.0, 0.590624, 0.806947, 0.374726, -1e-06, -0.806947, 0.590624, 0.0, 0.0, 0.0, 0.0, 1.0],
                [1.0, -1e-06, 1e-06, 0.0, -0.0, 0.662633, 0.748944, 0.374726, -1e-06, -0.748944, 0.662633, 0.0, 0.0, 0.0, 0.0, 1.0],
                [1.0, -1e-06, 1e-06, 0.0, -0.0, 0.747406, 0.664368, 0.374726, -1e-06, -0.664368, 0.747405, 0.0, 0.0, 0.0, 0.0, 1.0]
            ]
        },
        {
            "name": "Knee_L",
            "time": [0.0, 0.7667],
            "transform": [
                [1.0, 0.0, -0.0, 0.0, -0.0, 0.00567, -0.999984, 0.456204, -0.0, 0.999984, 0.00567, -0.000462, 0.0, 0.0, 0.0, 1.0],
                [1.0, 0.0, -0.0, 0.0, -0.0, 0.00567, -0.999984, 0.394864, -0.0, 0.999984, 0.00567, -0.000114, 0.0, 0.0, 0.0, 1.0]
            ]
        },
        {
            "name": "Torso",
            "time": [0.0, 0.0167, 0.0333, 0.05, 0.0667, 0.0833, 0.1, 0.1167, 0.1333, 0.15, 0.1667, 0.1833, 0.2, 0.2167, 0.2333, 0.25, 0.2667, 0.2833, 0.3, 0.3167, 0.3333, 0.35, 0.3667, 0.3833, 0.4, 0.4167, 0.4333, 0.45, 0.4667, 0.4833, 0.5, 0.5167, 0.5333, 0.55, 0.5667, 0.5833, 0.6, 0.6167, 0.6333, 0.65, 0.6667, 0.6833, 0.7, 0.7167, 0.7333, 0.75, 0.7667],
            "transform": [
                [1.0, 0.0, 0.0, -0.0, 0.0, 1.0, 0.0, 0.05, 0.0, 0.0, 1.0, 0.0, 0.0, 0.0, 0.0, 1.0],
                [1.0, 0.0, 0.0, -0.0, 0.0, 1.0, 0.0, 0.05, 0.0, 0.0, 1.0, 0.0, 0.0, 0.0, 0.0, 1.0],
                [1.0, 0.0, 0.0, -0.0, 0.0, 1.0, 0.0, 0.05, 0.0, 0.0, 1.0, 0.0, 0.0, 0.0, 0.0, 1.0],
                [1.0, 0.0, 0.0, -0.0, 0.0, 1.0, 0.0, 0.05, 0.0, 0.0, 1.0, 0.0, 0.0, 0.0, 0.0, 1.0],
                [1.0, 0.0, 0.0, -0.0, 0.0, 1.0, 0.0, 0.05, 0.0, 0.0, 1.0, 0.0, 0.0, 0.0, 0.0, 1.0],
                [1.0, 0.0, 0.0, -0.0, 0.0, 1.0, 0.0, 0.05, 0.0, 0.0, 1.0, 0.0, 0.0, 0.0, 0.0, 1.0],
                [1.0, 0.0, 0.0, -0.0, 0.0, 1.0, 0.0, 0.05, 0.0, 0.0, 1.0, 0.0, 0.0, 0.0, 0.0, 1.0],
                [1.0, 0.0, 0.0, -0.0, 0.0, 1.0, 0.0, 0.05, 0.0, 0.0, 1.0, 0.0, 0.0, 0.0, 0.0, 1.0],
                [1.0, 0.0, 0.0, 0.0, 0.0, 1.0, 0.0, 0.05, 0.0, 0.0, 1.0, 0.0, 0.0, 0.0, 0.0, 1.0],
                [1.0, 0.0, 0.0, -0.0, 0.0, 1.0, 0.0, 0.05, 0.0, 0.0, 1.0, -0.0, 0.0, 0.0, 0.0, 1.0],
                [1.0, 0.0, 0.0, 0.0, 0.0, 1.0, 0.0, 0.05, 0.0, 0.0, 1.0, -0.0, 0.0, 0.0, 0.0, 1.0],
                [1.0, 0.0, 0.0, 0.0, 0.0, 1.0, 0.0, 0.05, 0.0, 0.0, 1.0, 0.0, 0.0, 0.0, 0.0, 1.0],
                [1.0, 0.0, -0.0, 0.0, 0.0, 1.0, 0.0, 0.05, 0.0, 0.0, 1.0, -0.0, 0.0, 0.0, 0.0, 1.0],
                [1.0, 0.0, 0.0, -0.0, 0.0, 1.0, 0.0, 0.05, 0.0, 0.0, 1.0, -0.0, 0.0, 0.0, 0.0, 1.0],
                [1.0, 0.0, 0.0, -0.0, 0.0, 1.0, 0.0, 0.05, 0.0, 0.0, 1.0, -0.0, 0.0, 0.0, 0.0, 1.0],
                [1.0, 0.0, 0.0, -0.0, 0.0, 1.0, 0.0, 0.05, 0.0, 0.0, 1.0, -0.0, 0.0, 0.0, 0.0, 1.0],
                [1.0, 0.0, 0.0, 0.0, 0.0, 1.0, 0.0, 0.05, 0.0, 0.0, 1.0, 0.0, 0.0, 0.0, 0.0, 1.0],
                [1.0, 0.0, -0.0, 0.0, 0.0, 1.0, 0.0, 0.05, 0.0, 0.0, 1.0, 0.0, 0.0, 0.0, 0.0, 1.0],
                [1.0, 0.0, 0.0, -0.0, 0.0, 1.0, 0.0, 0.05, 0.0, 0.0, 1.0, -0.0, 0.0, 0.0, 0.0, 1.0],
                [1.0, 0.0, 0.0, 0.0, 0.0, 1.0, 0.0, 0.05, 0.0, 0.0, 1.0, 0.0, 0.0, 0.0, 0.0, 1.0],
                [1.0, 0.0, 0.0, 0.0, 0.0, 1.0, 0.0, 0.05, -0.0, 0.0, 1.0, 0.0, 0.0, 0.0, 0.0, 1.0],
