{
    "animation": [
        {
            "name": "Root",
            "time": [0.0, 0.0167, 0.0333, 0.05, 0.0667, 0.0833, 0.1, 0.1167, 0.1333, 0.15, 0.1667, 0.1833, 0.2, 0.2167, 0.2333, 0.25, 0.2667, 0.2833, 0.3, 0.3167, 0.3333, 0.35, 0.3667, 0.3833, 0.4, 0.4167, 0.4333, 0.45, 0.4667, 0.4833, 0.5, 0.5167, 0.5333, 0.55, 0.5667, 0.5833, 0.6, 0.6167, 0.6333, 0.65, 0.6667, 0.6833, 0.7, 0.7167, 0.7333, 0.75, 0.7667, 0.7833, 0.8, 0.8167, 0.8333, 0.85, 0.8667, 0.8833, 0.9, 0.9167, 0.9333, 0.95, 0.9667, 0.9833, 1.0, 1.0167, 1.0333, 1.05, 1.0667, 1.0833, 1.1, 1.1167, 1.1333, 1.15, 1.1667, 1.1833, 1.2, 1.2167, 1.2333, 1.25, 1.2667, 1.2833, 1.3, 1.3167, 1.3333, 1.35, 1.3667, 1.3833, 1.4, 1.4167, 1.4333, 1.45, 1.4667, 1.4833, 1.5, 1.5167, 1.5333, 1.55, 1.5667, 1.5833, 1.6, 1.6167, 1.6333, 1.65, 1.6667, 1.6833, 1.7, 1.7167, 1.7333, 1.75, 1.7667, 1.7833, 1.8, 1.8167, 1.8333, 1.85, 1.8667, 1.8833, 1.9, 1.9167, 1.9333, 1.95, 1.9667, 1.9833, 2.0, 2.0167, 2.0333, 2.05, 2.0667, 2.0833, 2.1, 2.1167, 2.1333, 2.15, 2.1667, 2.1833, 2.2, 2.2167, 2.2333],
            "transform": [
                [0.641766, 0.0, -0.7669, -5e-06, -0.7669, 0.0, -0.641766, 0.000946, 0.0, 1.0, 0.0, 0.575824, 0.0, 0.0, 0.0, 1.0],
                [0.650009, 0.0, -0.759926, 0.001386, -0.759926, 0.0, -0.650009, -0.001419, 0.0, 1.0, 0.0, 0.576087, 0.0, 0.0, 0.0, 1.0],
                [0.672893, 0.0, -0.73974, 0.005301, -0.73974, 0.0, -0.672893, -0.008077, 0.0, 1.0, 0.0, 0.576827, 0.0, 0.0, 0.0, 1.0],
                [0.707278, 0.0, -0.706936, 0.01135, -0.706936, 0.0, -0.707278, -0.018365, 0.0, 1.0, 0.0, 0.577971, 0.0, 0.0, 0.0, 1.0],
                [0.749611, 0.0, -0.661878, 0.019147, -0.661878, 0.0, -0.749611, -0.031624, 0.0, 1.0, 0.0, 0.579445, 0.0, 0.0, 0.0, 1.0],
                [0.796078, 0.0, -0.605194, 0.028302, -0.605194, 0.0, -0.796078, -0.047195, 0.0, 1.0, 0.0, 0.581177, 0.0, 0.0, 0.0, 1.0],
                [0.842839, 0.0, -0.538166, 0.038427, -0.538166, 0.0, -0.842839, -0.064415, 0.0, 1.0, 0.0, 0.583091, 0.0, 0.0, 0.0, 1.0],
                [0.886378, 0.0, -0.462962, 0.049135, -0.462962, 0.0, -0.886378, -0.082626, 0.0, 1.0, 0.0, 0.585116, 0.0, 0.0, 0.0, 1.0],
                [0.923893, 0.0, -0.38265, 0.060037, -0.38265, 0.0, -0.923893, -0.101167, 0.0, 1.0, 0.0, 0.587178, 0.0, 0.0, 0.0, 1.0],
                [0.953625, 0.0, -0.300996, 0.070745, -0.300996, 0.0, -0.953625, -0.119378, 0.0, 1.0, 0.0, 0.589202, 0.0, 0.0, 0.0, 1.0],
                [0.97502, 0.0, -0.222119, 0.08087, -0.222119, 0.0, -0.97502, -0.136599, 0.0, 1.0, 0.0, 0.591117, 0.0, 0.0, 0.0, 1.0],
                [0.98867, 0.0, -0.150106, 0.090025, -0.150106, 0.0, -0.98867, -0.152169, 0.0, 1.0, 0.0, 0.592848, 0.0, 0.0, 0.0, 1.0],
                [0.996056, 0.0, -0.088724, 0.097822, -0.088724, 0.0, -0.996056, -0.165429, 0.0, 1.0, 0.0, 0.594322, 0.0, 0.0, 0.0, 1.0],
                [0.999147, 0.0, -0.041302, 0.103871, -0.041302, 0.0, -0.999147, -0.175717, 0.0, 1.0, 0.0, 0.595466, 0.0, 0.0, 0.0, 1.0],
                [0.999942, 0.0, -0.010797, 0.107785, -0.010797, 0.0, -0.999942, -0.182374, 0.0, 1.0, 0.0, 0.596206, 0.0, 0.0, 0.0, 1.0],
                [1.0, 0.0, 0.0, 0.109176, 0.0, 0.0, -1.0, -0.18474, 0.0, 1.0, 0.0, 0.596469, 0.0, 0.0, 0.0, 1.0],
                [1.0, 0.0, 0.0, 0.109176, 0.0, 0.0, -1.0, -0.135913, 0.0, 1.0, 0.0, 0.572978, 0.0, 0.0, 0.0, 1.0],
                [1.0, 0.0, 0.0, 0.109176, 0.0, 0.0, -1.0, -0.025791, 0.0, 1.0, 0.0, 0.521297, 0.0, 0.0, 0.0, 1.0],
                [1.0, 0.0, 0.0, 0.109176, 0.0, 0.0, -1.0, 0.091083, 0.0, 1.0, 0.0, 0.469616, 0.0, 0.0, 0.0, 1.0],
                [1.0, 0.0, 0.0, 0.109176, 0.0, 0.0, -1.0, 0.160169, 0.0, 1.0, 0.0, 0.446125, 0.0, 0.0, 0.0, 1.0],
                [1.0, 0.0, 0.0, 0.109176, 0.0, 0.0, -1.0, 0.181942, 0.0, 1.0, 0.0, 0.447792, 0.0, 0.0, 0.0, 1.0],
                [1.0, 0.0, 0.0, 0.109176, 0.0, 0.0, -1.0, 0.194859, 0.0, 1.0, 0.0, 0.453065, 0.0, 0.0, 0.0, 1.0],
                [1.0, 0.0, 0.0, 0.109176, 0.0, 0.0, -1.0, 0.201346, 0.0, 1.0, 0.0, 0.462354, 0.0, 0.0, 0.0, 1.0],
                [1.0, 0.0, 0.0, 0.109176, 0.0, 0.0, -1.0, 0.203831, 0.0, 1.0, 0.0, 0.476065, 0.0, 0.0, 0.0, 1.0],
                [1.0, 0.0, 0.0, 0.109176, 0.0, 0.0, -1.0, 0.204742, 0.0, 1.0, 0.0, 0.494607, 0.0, 0.0, 0.0, 1.0],
                [1.0, 0.0, 0.0, 0.109176, 0.0, 0.0, -1.0, 0.206507, 0.0, 1.0, 0.0, 0.518389, 0.0, 0.0, 0.0, 1.0],
                [1.0, 0.0, 0.0, 0.109176, 0.0, 0.0, -1.0, 0.211554, 0.0, 1.0, 0.0, 0.547818, 0.0, 0.0, 0.0, 1.0],
                [1.0, 0.0, 0.0, 0.109176, 0.0, 0.0, -1.0, 0.22231, 0.0, 1.0, 0.0, 0.583303, 0.0, 0.0, 0.0, 1.0],
                [1.0, 0.0, 0.0, 0.109176, 0.0, 0.0, -1.0, 0.241203, 0.0, 1.0, 0.0, 0.625253, 0.0, 0.0, 0.0, 1.0],
                [0.999997, 0.0, -0.002379, 0.108818, -0.002379, 0.0, -0.999997, 0.270114, 0.0, 1.0, 0.0, 0.673893, 0.0, 0.0, 0.0, 1.0],
                [0.999957, 0.0, -0.009253, 0.107777, -0.009253, 0.0, -0.999957, 0.308738, 0.0, 1.0, 0.0, 0.728723, 0.0, 0.0, 0.0, 1.0],
                [0.999795, 0.0, -0.020234, 0.106103, -0.020234, 0.0, -0.999795, 0.356222, 0.0, 1.0, 0.0, 0.789061, 0.0, 0.0, 0.0, 1.0],
                [0.99939, 0.0, -0.034932, 0.103846, -0.034932, 0.0, -0.99939, 0.411715, 0.0, 1.0, 0.0, 0.854225, 0.0, 0.0, 0.0, 1.0],
                [0.998597, 0.0, -0.052956, 0.101056, -0.052956, 0.0, -0.998597, 0.474365, 0.0, 1.0, 0.0, 0.923532, 0.0, 0.0, 0.0, 1.0],
                [0.997265, 0.0, -0.073908, 0.097783, -0.073908, 0.0, -0.997265, 0.543319, 0.0, 1.0, 0.0, 0.996301, 0.0, 0.0, 0.0, 1.0],
                [0.995247, 0.0, -0.097384, 0.094078, -0.097384, 0.0, -0.995247, 0.617726, 0.0, 1.0, 0.0, 1.071849, 0.0, 0.0, 0.0, 1.0],
                [0.99241, 0.0, -0.12297, 0.089989, -0.12297, 0.0, -0.99241, 0.696733, 0.0, 1.0, 0.0, 1.149494, 0.0, 0.0, 0.0, 1.0],
                [0.988649, 0.0, -0.150244, 0.085566, -0.150244, 0.0, -0.988649, 0.779488, 0.0, 1.0, 0.0, 1.228554, 0.0, 0.0, 0.0, 1.0],
                [0.983889, 0.0, -0.178779, 0.080861, -0.178779, 0.0, -0.983889, 0.865139, 0.0, 1.0, 0.0, 1.308347, 0.0, 0.0, 0.0, 1.0],
                [0.978098, 0.0, -0.208146, 0.075923, -0.208146, 0.0, -0.978098, 0.952835, 0.0, 1.0, 0.0, 1.388189, 0.0, 0.0, 0.0, 1.0],
                [0.971285, 0.0, -0.237917, 0.070801, -0.237917, 0.0, -0.971285, 1.041723, 0.0, 1.0, 0.0, 1.4674, 0.0, 0.0, 0.0, 1.0],
                [0.96351, 0.0, -0.267672, 0.065547, -0.267672, 0.0, -0.96351, 1.130951, 0.0, 1.0, 0.0, 1.545297, 0.0, 0.0, 0.0, 1.0],
                [0.954877, 0.0, -0.297002, 0.060209, -0.297002, 0.0, -0.954877, 1.219667, 0.0, 1.0, 0.0, 1.621198, 0.0, 0.0, 0.0, 1.0],
                [0.945536, 0.0, -0.325516, 0.054838, -0.325516, 0.0, -0.945536, 1.307019, 0.0, 1.0, 0.0, 1.69442, 0.0, 0.0, 0.0, 1.0],
                [0.935683, 0.0, -0.352842, 0.049484, -0.352842, 0.0, -0.935683, 1.392156, 0.0, 1.0, 0.0, 1.764282, 0.0, 0.0, 0.0, 1.0],
                [0.925548, 0.0, -0.378629, 0.044196, -0.378629, 0.0, -0.925548, 1.474223, 0.0, 1.0, 0.0, 1.830101, 0.0, 0.0, 0.0, 1.0],
                [0.915397, 0.0, -0.402553, 0.039025, -0.402553, 0.0, -0.915397, 1.552371, 0.0, 1.0, 0.0, 1.891195, 0.0, 0.0, 0.0, 1.0],
                [0.905518, 0.0, -0.424308, 0.034021, -0.424308, 0.0, -0.905518, 1.625747, 0.0, 1.0, 0.0, 1.946881, 0.0, 0.0, 0.0, 1.0],
                [0.896221, 0.0, -0.443608, 0.029234, -0.443608, 0.0, -0.896221, 1.693498, 0.0, 1.0, 0.0, 1.996479, 0.0, 0.0, 0.0, 1.0],
                [0.891296, 0.023958, -0.452789, 0.026223, -0.453388, 0.034713, -0.890637, 1.730358, -0.005621, 0.99911, 0.041802, 2.014947, 0.0, 0.0, 0.0, 1.0],
                [0.886123, 0.048308, -0.460926, 0.023213, -0.463325, 0.069185, -0.883484, 1.767217, -0.010791, 0.996433, 0.083689, 2.033416, 0.0, 0.0, 0.0, 1.0],
                [0.880715, 0.072982, -0.46799, 0.020202, -0.473393, 0.103317, -0.874771, 1.804077, -0.015492, 0.991967, 0.125542, 2.051885, 0.0, 0.0, 0.0, 1.0],
                [0.875088, 0.09791, -0.473956, 0.017192, -0.483562, 0.13701, -0.864521, 1.840936, -0.019709, 0.985719, 0.167241, 2.070354, 0.0, 0.0, 0.0, 1.0],
                [0.869258, 0.123021, -0.478807, 0.014181, -0.493803, 0.170166, -0.852761, 1.877796, -0.023431, 0.977706, 0.208666, 2.088823, 0.0, 0.0, 0.0, 1.0],
                [0.863242, 0.148241, -0.482533, 0.011171, -0.504087, 0.202693, -0.839531, 1.914655, -0.026647, 0.967957, 0.249699, 2.107292, 0.0, 0.0, 0.0, 1.0],
                [0.857057, 0.1735, -0.485129, 0.00816, -0.514384, 0.234501, -0.824875, 1.951515, -0.029352, 0.956508, 0.290226, 2.125761, 0.0, 0.0, 0.0, 1.0],
                [0.850724, 0.198723, -0.486597, 0.00515, -0.524665, 0.265505, -0.808847, 1.988374, -0.031543, 0.943407, 0.330135, 2.144229, 0.0, 0.0, 0.0, 1.0],
                [0.844262, 0.223841, -0.486946, 0.002139, -0.5349, 0.295627, -0.791509, 2.025234, -0.033218, 0.928709, 0.369319, 2.162698, 0.0, 0.0, 0.0, 1.0],
                [0.83769, 0.248784, -0.486191, -0.000871, -0.545063, 0.324794, -0.772927, 2.062094, -0.03438, 0.912477, 0.40768, 2.181167, 0.0, 0.0, 0.0, 1.0],
                [0.831029, 0.273486, -0.484351, -0.003882, -0.555124, 0.352941, -0.753173, 2.098953, -0.035035, 0.894784, 0.445123, 2.199636, 0.0, 0.0, 0.0, 1.0],
                [0.828122, 0.258719, -0.497271, -0.004273, -0.559656, 0.331595, -0.759493, 2.12604, -0.031603, 0.907254, 0.419395, 2.194189, 0.0, 0.0, 0.0, 1.0],
                [0.825114, 0.243548, -0.509775, -0.004664, -0.564255, 0.310021, -0.765182, 2.153127, -0.028318, 0.919006, 0.393226, 2.188742, 0.0, 0.0, 0.0, 1.0],
                [0.82201, 0.227989, -0.521844, -0.005055, -0.568916, 0.288246, -0.770226, 2.180213, -0.025184, 0.930019, 0.366648, 2.183295, 0.0, 0.0, 0.0, 1.0],
                [0.818812, 0.212061, -0.533458, -0.005446, -0.573632, 0.266298, -0.774617, 2.2073, -0.022207, 0.940274, 0.339693, 2.177849, 0.0, 0.0, 0.0, 1.0],
                [0.815524, 0.195782, -0.544601, -0.005838, -0.578398, 0.244205, -0.778344, 2.234387, -0.019392, 0.949754, 0.312395, 2.172402, 0.0, 0.0, 0.0, 1.0],
                [0.812151, 0.179174, -0.555255, -0.006229, -0.583207, 0.221996, -0.781401, 2.261473, -0.016742, 0.958444, 0.284789, 2.166955, 0.0, 0.0, 0.0, 1.0],
                [0.808696, 0.162257, -0.565405, -0.00662, -0.588054, 0.1997, -0.783781, 2.28856, -0.014263, 0.96633, 0.256912, 2.161508, 0.0, 0.0, 0.0, 1.0],
                [0.805164, 0.145054, -0.575039, -0.007011, -0.592931, 0.177346, -0.785481, 2.315647, -0.011956, 0.9734, 0.2288, 2.156062, 0.0, 0.0, 0.0, 1.0],
                [0.817549, 0.110919, -0.565075, -0.003842, -0.575476, 0.193151, -0.794683, 2.377543, 0.020999, 0.974879, 0.221741, 2.112368, 0.0, 0.0, 0.0, 1.0],
                [0.844235, 0.068317, -0.531601, 0.004845, -0.532578, 0.218393, -0.81772, 2.44878, 0.060234, 0.973467, 0.220759, 2.020703, 0.0, 0.0, 0.0, 1.0],
                [0.878247, 0.017863, -0.477873, 0.017825, -0.46685, 0.248518, -0.848699, 2.52663, 0.1036, 0.968463, 0.226599, 1.891171, 0.0, 0.0, 0.0, 1.0],
                [0.912313, -0.039204, -0.407613, 0.033872, -0.381705, 0.279025, -0.881162, 2.608368, 0.148279, 0.959483, 0.239594, 1.733877, 0.0, 0.0, 0.0, 1.0],
                [0.940049, -0.100525, -0.325887, 0.051758, -0.282468, 0.30595, -0.909179, 2.691269, 0.191101, 0.946725, 0.259213, 1.558924, 0.0, 0.0, 0.0, 1.0],
                [0.957256, -0.162624, -0.239196, 0.070258, -0.176557, 0.326506, -0.928559, 2.772607, 0.229105, 0.9311, 0.283838, 1.376417, 0.0, 0.0, 0.0, 1.0],
                [0.962824, -0.221351, -0.154834, 0.088144, -0.072732, 0.339592, -0.937757, 2.849655, 0.260154, 0.914156, 0.310868, 1.196459, 0.0, 0.0, 0.0, 1.0],
                [0.958817, -0.272559, -0.079883, 0.10419, 0.020166, 0.345875, -0.938064, 2.919688, 0.283308, 0.897821, 0.337127, 1.029154, 0.0, 0.0, 0.0, 1.0],
                [0.949655, -0.312631, -0.020437, 0.117171, 0.094279, 0.347375, -0.932975, 2.979981, 0.298776, 0.884077, 0.359361, 0.884608, 0.0, 0.0, 0.0, 1.0],
                [0.940748, -0.338601, 0.018523, 0.125858, 0.143037, 0.346694, -0.927008, 3.027806, 0.307464, 0.87473, 0.374584, 0.772923, 0.0, 0.0, 0.0, 1.0],
                [0.936984, -0.347854, 0.032546, 0.129027, 0.160607, 0.34613, -0.924337, 3.060438, 0.31027, 0.871316, 0.380186, 0.704203, 0.0, 0.0, 0.0, 1.0],
                [0.936984, -0.347854, 0.032546, 0.129027, 0.160607, 0.34613, -0.924337, 3.081283, 0.31027, 0.871316, 0.380186, 0.666304, 0.0, 0.0, 0.0, 1.0],
                [0.936984, -0.347854, 0.032546, 0.129027, 0.160607, 0.34613, -0.924337, 3.096219, 0.31027, 0.871316, 0.380186, 0.639147, 0.0, 0.0, 0.0, 1.0],
                [0.936984, -0.347854, 0.032546, 0.129027, 0.160607, 0.34613, -0.924337, 3.106231, 0.31027, 0.871316, 0.380186, 0.620943, 0.0, 0.0, 0.0, 1.0],
                [0.936984, -0.347854, 0.032546, 0.129027, 0.160607, 0.34613, -0.924337, 3.112304, 0.31027, 0.871316, 0.380186, 0.609902, 0.0, 0.0, 0.0, 1.0],
                [0.936984, -0.347854, 0.032546, 0.129027, 0.160607, 0.34613, -0.924337, 3.115423, 0.31027, 0.871316, 0.380186, 0.604232, 0.0, 0.0, 0.0, 1.0],
                [0.936984, -0.347854, 0.032546, 0.129027, 0.160607, 0.34613, -0.924337, 3.116572, 0.31027, 0.871316, 0.380186, 0.602143, 0.0, 0.0, 0.0, 1.0],
                [0.936984, -0.347854, 0.032546, 0.129027, 0.160607, 0.34613, -0.924337, 3.116736, 0.31027, 0.871316, 0.380186, 0.601844, 0.0, 0.0, 0.0, 1.0],
                [0.936984, -0.347854, 0.032546, 0.129027, 0.160607, 0.34613, -0.924337, 3.116736, 0.31027, 0.871316, 0.380186, 0.601844, 0.0, 0.0, 0.0, 1.0],
                [0.936984, -0.347854, 0.032546, 0.129027, 0.160607, 0.34613, -0.924337, 3.116736, 0.31027, 0.871316, 0.380186, 0.601844, 0.0, 0.0, 0.0, 1.0],
                [0.936984, -0.347854, 0.032546, 0.129027, 0.160607, 0.34613, -0.924337, 3.116736, 0.31027, 0.871316, 0.380186, 0.601844, 0.0, 0.0, 0.0, 1.0],
                [0.936984, -0.347854, 0.032546, 0.129027, 0.160607, 0.34613, -0.924337, 3.116736, 0.31027, 0.871316, 0.380186, 0.601844, 0.0, 0.0, 0.0, 1.0],
                [0.936984, -0.347854, 0.032546, 0.129027, 0.160607, 0.34613, -0.924337, 3.116736, 0.31027, 0.871316, 0.380186, 0.601844, 0.0, 0.0, 0.0, 1.0],
                [0.936984, -0.347854, 0.032546, 0.129027, 0.160607, 0.34613, -0.924337, 3.116736, 0.31027, 0.871316, 0.380186, 0.601844, 0.0, 0.0, 0.0, 1.0],
                [0.936984, -0.347854, 0.032546, 0.129027, 0.160607, 0.34613, -0.924337, 3.116736, 0.31027, 0.871316, 0.380186, 0.601844, 0.0, 0.0, 0.0, 1.0],
                [0.936984, -0.347854, 0.032546, 0.129027, 0.160607, 0.34613, -0.924337, 3.116736, 0.31027, 0.871316, 0.380186, 0.601844, 0.0, 0.0, 0.0, 1.0],
                [0.936984, -0.347854, 0.032546, 0.129027, 0.160607, 0.34613, -0.924337, 3.116736, 0.31027, 0.871316, 0.380186, 0.601844, 0.0, 0.0, 0.0, 1.0],
                [0.936984, -0.347854, 0.032546, 0.129027, 0.160607, 0.34613, -0.924337, 3.116736, 0.31027, 0.871316, 0.380186, 0.601844, 0.0, 0.0, 0.0, 1.0],
                [0.936984, -0.347854, 0.032546, 0.129027, 0.160607, 0.34613, -0.924337, 3.116736, 0.31027, 0.871316, 0.380186, 0.601844, 0.0, 0.0, 0.0, 1.0],
                [0.936984, -0.347854, 0.032546, 0.129027, 0.160607, 0.34613, -0.924337, 3.116736, 0.31027, 0.871316, 0.380186, 0.601844, 0.0, 0.0, 0.0, 1.0],
                [0.936984, -0.347854, 0.032546, 0.129027, 0.160607, 0.34613, -0.924337, 3.116736, 0.31027, 0.871316, 0.380186, 0.601844, 0.0, 0.0, 0.0, 1.0],
                [0.936984, -0.347854, 0.032546, 0.129027, 0.160607, 0.34613, -0.924337, 3.116736, 0.31027, 0.871316, 0.380186, 0.601844, 0.0, 0.0, 0.0, 1.0],
                [0.936984, -0.347854, 0.032546, 0.129027, 0.160607, 0.34613, -0.924337, 3.116736, 0.31027, 0.871316, 0.380186, 0.601844, 0.0, 0.0, 0.0, 1.0],
                [0.936984, -0.347854, 0.032546, 0.129027, 0.160607, 0.34613, -0.924337, 3.116736, 0.31027, 0.871316, 0.380186, 0.601844, 0.0, 0.0, 0.0, 1.0],
                [0.936984, -0.347854, 0.032546, 0.129027, 0.160607, 0.34613, -0.924337, 3.116736, 0.31027, 0.871316, 0.380186, 0.601844, 0.0, 0.0, 0.0, 1.0],
                [0.941743, -0.335622, 0.021872, 0.125199, 0.142507, 0.339276, -0.92983, 3.116034, 0.304651, 0.878778, 0.367339, 0.602682, 0.0, 0.0, 0.0, 1.0],
                [0.946203, -0.323388, 0.010974, 0.12137, 0.124352, 0.332114, -0.935006, 3.115333, 0.298726, 0.88607, 0.354461, 0.603519, 0.0, 0.0, 0.0, 1.0],
                [0.950357, -0.311163, -0.000142, 0.117542, 0.106154, 0.324646, -0.93986, 3.114631, 0.292495, 0.893187, 0.341561, 0.604356, 0.0, 0.0, 0.0, 1.0],
                [0.954198, -0.298954, -0.01147, 0.113714, 0.087926, 0.316875, -0.944383, 3.11393, 0.285962, 0.90012, 0.328648, 0.605194, 0.0, 0.0, 0.0, 1.0],
                [0.957723, -0.286772, -0.023005, 0.109886, 0.069681, 0.308804, -0.94857, 3.113228, 0.279127, 0.906864, 0.315731, 0.606031, 0.0, 0.0, 0.0, 1.0],
                [0.960924, -0.274625, -0.034738, 0.106058, 0.051432, 0.300436, -0.952414, 3.112527, 0.271993, 0.913411, 0.30282, 0.606868, 0.0, 0.0, 0.0, 1.0],
                [0.963797, -0.262522, -0.046663, 0.102229, 0.033193, 0.291775, -0.955911, 3.111825, 0.264563, 0.919755, 0.289925, 0.607705, 0.0, 0.0, 0.0, 1.0],
                [0.966338, -0.250474, -0.058772, 0.098401, 0.014979, 0.282825, -0.959055, 3.111124, 0.256841, 0.92589, 0.277056, 0.608543, 0.0, 0.0, 0.0, 1.0],
                [0.968542, -0.238489, -0.071058, 0.094573, -0.003199, 0.273591, -0.961841, 3.110422, 0.248829, 0.93181, 0.264221, 0.60938, 0.0, 0.0, 0.0, 1.0],
                [0.970406, -0.226577, -0.083513, 0.090745, -0.021325, 0.264079, -0.964265, 3.10972, 0.240534, 0.93751, 0.251432, 0.610217, 0.0, 0.0, 0.0, 1.0],
                [0.971928, -0.214746, -0.096127, 0.086917, -0.039387, 0.254294, -0.966325, 3.109019, 0.231959, 0.942984, 0.238697, 0.611055, 0.0, 0.0, 0.0, 1.0],
                [0.973104, -0.203007, -0.108892, 0.083088, -0.057369, 0.244243, -0.968016, 3.108317, 0.22311, 0.948227, 0.226027, 0.611892, 0.0, 0.0, 0.0, 1.0],
                [0.973932, -0.191368, -0.121799, 0.07926, -0.075259, 0.233931, -0.969336, 3.107616, 0.213993, 0.953234, 0.213431, 0.612729, 0.0, 0.0, 0.0, 1.0],
                [0.974411, -0.179838, -0.134839, 0.075432, -0.093042, 0.223367, -0.970284, 3.106914, 0.204613, 0.958001, 0.200919, 0.613567, 0.0, 0.0, 0.0, 1.0],
                [0.97454, -0.168427, -0.148001, 0.071604, -0.110706, 0.212558, -0.970857, 3.106213, 0.194977, 0.962524, 0.1885, 0.614404, 0.0, 0.0, 0.0, 1.0],
                [0.974318, -0.157142, -0.161278, 0.067776, -0.128237, 0.201511, -0.971055, 3.105511, 0.185093, 0.966799, 0.176185, 0.615241, 0.0, 0.0, 0.0, 1.0],
                [0.973746, -0.145992, -0.174657, 0.063947, -0.145621, 0.190235, -0.970879, 3.10481, 0.174967, 0.970823, 0.163981, 0.616078, 0.0, 0.0, 0.0, 1.0],
                [0.972824, -0.134987, -0.18813, 0.060119, -0.162846, 0.178738, -0.970327, 3.104108, 0.164607, 0.974593, 0.151898, 0.616916, 0.0, 0.0, 0.0, 1.0],
                [0.971552, -0.124132, -0.201686, 0.056291, -0.179899, 0.167029, -0.969401, 3.103406, 0.154021, 0.978107, 0.139946, 0.617753, 0.0, 0.0, 0.0, 1.0],
                [0.969934, -0.113438, -0.215315, 0.052463, -0.196767, 0.155117, -0.968102, 3.102705, 0.143218, 0.981362, 0.128133, 0.61859, 0.0, 0.0, 0.0, 1.0],
                [0.96797, -0.10291, -0.229007, 0.048635, -0.213439, 0.143012, -0.966432, 3.102003, 0.132207, 0.984356, 0.116466, 0.619428, 0.0, 0.0, 0.0, 1.0],
                [0.965663, -0.092557, -0.24275, 0.044806, -0.229902, 0.130724, -0.964394, 3.101302, 0.120995, 0.987089, 0.104956, 0.620265, 0.0, 0.0, 0.0, 1.0],
                [0.963017, -0.082386, -0.256535, 0.040978, -0.246145, 0.118261, -0.961991, 3.1006, 0.109593, 0.989559, 0.093609, 0.621102, 0.0, 0.0, 0.0, 1.0],
                [0.960035, -0.072402, -0.270351, 0.03715, -0.262157, 0.105636, -0.959226, 3.099899, 0.098009, 0.991766, 0.082433, 0.62194, 0.0, 0.0, 0.0, 1.0],
                [0.956722, -0.062614, -0.284188, 0.033322, -0.277927, 0.092857, -0.956104, 3.099197, 0.086254, 0.993709, 0.071436, 0.622777, 0.0, 0.0, 0.0, 1.0],
                [0.953081, -0.053025, -0.298035, 0.029494, -0.293446, 0.079935, -0.952628, 3.098495, 0.074337, 0.995389, 0.060624, 0.623614, 0.0, 0.0, 0.0, 1.0],
                [0.949118, -0.043643, -0.311882, 0.025665, -0.308703, 0.06688, -0.948804, 3.097794, 0.062268, 0.996806, 0.050005, 0.624452, 0.0, 0.0, 0.0, 1.0],
                [0.944838, -0.034473, -0.325719, 0.021837, -0.32369, 0.053705, -0.944638, 3.097092, 0.050057, 0.997962, 0.039584, 0.625289, 0.0, 0.0, 0.0, 1.0],
                [0.940247, -0.025519, -0.339535, 0.018009, -0.338398, 0.040418, -0.940135, 3.096391, 0.037715, 0.998857, 0.029367, 0.626126, 0.0, 0.0, 0.0, 1.0],
                [0.935351, -0.016786, -0.353321, 0.014181, -0.352817, 0.027031, -0.935302, 3.095689, 0.025251, 0.999494, 0.019361, 0.626963, 0.0, 0.0, 0.0, 1.0],
                [0.930158, -0.008278, -0.367067, 0.010352, -0.366942, 0.013555, -0.930145, 3.094988, 0.012676, 0.999874, 0.00957, 0.627801, 0.0, 0.0, 0.0, 1.0],
                [0.924672, -0.0, -0.380764, 0.006524, -0.380764, -0.0, -0.924672, 3.094286, 0.0, 1.0, -0.0, 0.628638, 0.0, 0.0, 0.0, 1.0]
            ]
        },
        {
            "name": "Thigh_R",
            "time": [0.0, 0.0167, 0.0333, 0.05, 0.0667, 0.0833, 0.1, 0.1167, 0.1333, 0.15, 0.1667, 0.1833, 0.2, 0.2167, 0.2333, 0.25, 0.2667, 0.2833, 0.3, 0.3167, 0.3333, 0.35, 0.3667, 0.3833, 0.4, 0.4167, 0.4333, 0.45, 0.4667, 0.4833, 0.5, 0.5167, 0.5333, 0.55, 0.5667, 0.5833, 0.6, 0.6167, 0.6333, 0.65, 0.6667, 0.6833, 0.7, 0.7167, 0.7333, 0.75, 0.7667, 0.7833, 0.8, 0.8167, 0.8333, 0.85, 0.8667, 0.8833, 0.9, 0.9167, 0.9333, 0.95, 0.9667, 0.9833, 1.0, 1.0167, 1.0333, 1.05, 1.0667, 1.0833, 1.1, 1.1167, 1.1333, 1.15, 1.1667, 1.1833, 1.2, 1.2167, 1.2333, 1.25, 1.2667, 1.2833, 1.3, 1.3167, 1.3333, 1.35, 1.3667, 1.3833, 1.4, 1.4167, 1.4333, 1.45, 1.4667, 1.4833, 1.5, 1.5167, 1.5333, 1.55, 1.5667, 1.5833, 1.6, 1.6167, 1.6333, 1.65, 1.6667, 1.6833, 1.7, 1.7167, 1.7333, 1.75, 1.7667, 1.7833, 1.8, 1.8167, 1.8333, 1.85, 1.8667, 1.8833, 1.9, 1.9167, 1.9333, 1.95, 1.9667, 1.9833, 2.0, 2.0167, 2.0333, 2.05, 2.0667, 2.0833, 2.1, 2.1167, 2.1333, 2.15, 2.1667, 2.1833, 2.2, 2.2167, 2.2333],
            "transform": [
                [0.766873, 0.246253, -0.592676, 0.124994, 0.618773, -0.528822, 0.580919, -0.002831, -0.170367, -0.812221, -0.557915, -1.2e-05, 0.0, 0.0, 0.0, 1.0],
                [0.772717, 0.247431, -0.584538, 0.124994, 0.613383, -0.527995, 0.587351, -0.002831, -0.163304, -0.812401, -0.559762, -1.2e-05, 0.0, 0.0, 0.0, 1.0],
                [0.78867, 0.251427, -0.561055, 0.124994, 0.59801, -0.525616, 0.605071, -0.002831, -0.142768, -0.812717, -0.564895, -1.2e-05, 0.0, 0.0, 0.0, 1.0],
                [0.811761, 0.259531, -0.523151, 0.124994, 0.573696, -0.521844, 0.631309, -0.002831, -0.109159, -0.8126, -0.572506, -1.2e-05, 0.0, 0.0, 0.0, 1.0],
                [0.838364, 0.273261, -0.471671, 0.124994, 0.541495, -0.516969, 0.662967, -0.002831, -0.062676, -0.811214, -0.581379, -1.2e-05, 0.0, 0.0, 0.0, 1.0],
                [0.864456, 0.293745, -0.407956, 0.124994, 0.502692, -0.511525, 0.69688, -0.002831, -0.003974, -0.807497, -0.589856, -1.2e-05, 0.0, 0.0, 0.0, 1.0],
                [0.886069, 0.321239, -0.334195, 0.124994, 0.458926, -0.506308, 0.730094, -0.002831, 0.065329, -0.800283, -0.596051, -1.2e-05, 0.0, 0.0, 0.0, 1.0],
                [0.899901, 0.35485, -0.253491, 0.124994, 0.41218, -0.502262, 0.760158, -0.002831, 0.142423, -0.78855, -0.59825, -1.2e-05, 0.0, 0.0, 0.0, 1.0],
                [0.903947, 0.392562, -0.169626, 0.124994, 0.36463, -0.500283, 0.785341, -0.002831, 0.223434, -0.771757, -0.595371, -1.2e-05, 0.0, 0.0, 0.0, 1.0],
                [0.897907, 0.431575, -0.086629, 0.124994, 0.31844, -0.500991, 0.804739, -0.002831, 0.303905, -0.750165, -0.587275, -1.2e-05, 0.0, 0.0, 0.0, 1.0],
                [0.883233, 0.468859, -0.008354, 0.124994, 0.275575, -0.504545, 0.818225, -0.002831, 0.379418, -0.724984, -0.574838, -1.2e-05, 0.0, 0.0, 0.0, 1.0],
                [0.862811, 0.501735, 0.061788, 0.124994, 0.237712, -0.510544, 0.82634, -0.002831, 0.446149, -0.698286, -0.559772, -1.2e-05, 0.0, 0.0, 0.0, 1.0],
                [0.840413, 0.528296, 0.120861, 0.124994, 0.206243, -0.518005, 0.830141, -0.002831, 0.501167, -0.672734, -0.544297, -1.2e-05, 0.0, 0.0, 0.0, 1.0],
                [0.820094, 0.547547, 0.166245, 0.124994, 0.182357, -0.525447, 0.831054, -0.002831, 0.542394, -0.651225, -0.530766, -1.2e-05, 0.0, 0.0, 0.0, 1.0],
                [0.805671, 0.559202, 0.19541, 0.124994, 0.167159, -0.5311, 0.830656, -0.002831, 0.568288, -0.63657, -0.521369, -1.2e-05, 0.0, 0.0, 0.0, 1.0],
                [0.800317, 0.563171, 0.20574, 0.124994, 0.161807, -0.533277, 0.830321, -0.002831, 0.57733, -0.631229, -0.517917, -1.2e-05, 0.0, 0.0, 0.0, 1.0],
                [0.790096, 0.595165, 0.146718, 0.124994, 0.21673, -0.495121, 0.841358, -0.002831, 0.57339, -0.632954, -0.520184, -1.2e-05, 0.0, 0.0, 0.0, 1.0],
                [0.754045, 0.654844, 0.050936, 0.124994, 0.349927, -0.466139, 0.812567, -0.002831, 0.555848, -0.594887, -0.580639, -1.2e-05, 0.0, 0.0, 0.0, 1.0],
                [0.693593, 0.720165, 0.016979, 0.124994, 0.496626, -0.495108, 0.712903, -0.002831, 0.521815, -0.486031, -0.701058, -1.2e-05, 0.0, 0.0, 0.0, 1.0],
                [0.650553, 0.758135, 0.044829, 0.124994, 0.575105, -0.530327, 0.622902, -0.002831, 0.496018, -0.379449, -0.781015, -1.2e-05, 0.0, 0.0, 0.0, 1.0],
                [0.641583, 0.763502, 0.073722, 0.124994, 0.590442, -0.552924, 0.587922, -0.002831, 0.489642, -0.333671, -0.805552, -1.2e-05, 0.0, 0.0, 0.0, 1.0],
                [0.639676, 0.762389, 0.097856, 0.124994, 0.59531, -0.571927, 0.564362, -0.002831, 0.48623, -0.302753, -0.819707, -1.2e-05, 0.0, 0.0, 0.0, 1.0],
                [0.643428, 0.756041, 0.119999, 0.124994, 0.591732, -0.590666, 0.548603, -0.002831, 0.485646, -0.281979, -0.827427, -1.2e-05, 0.0, 0.0, 0.0, 1.0],
                [0.651205, 0.745129, 0.143916, 0.124994, 0.581542, -0.611799, 0.5362, -0.002831, 0.487587, -0.265482, -0.831732, -1.2e-05, 0.0, 0.0, 0.0, 1.0],
                [0.661277, 0.729753, 0.173698, 0.124994, 0.566565, -0.637634, 0.521945, -0.002831, 0.491647, -0.246738, -0.835107, -1.2e-05, 0.0, 0.0, 0.0, 1.0],
                [0.671944, 0.709198, 0.213371, 0.124994, 0.548719, -0.670232, 0.499695, -0.002831, 0.497391, -0.218686, -0.839511, -1.2e-05, 0.0, 0.0, 0.0, 1.0],
                [0.681643, 0.681282, 0.266864, 0.124994, 0.530015, -0.711195, 0.461827, -0.002831, 0.504427, -0.17336, -0.845872, -1.2e-05, 0.0, 0.0, 0.0, 1.0],
                [0.68902, 0.640792, 0.338578, 0.124994, 0.512463, -0.761113, 0.397601, -0.002831, 0.512476, -0.100446, -0.852806, -1.2e-05, 0.0, 0.0, 0.0, 1.0],
                [0.69294, 0.574381, 0.435797, 0.124994, 0.49794, -0.818383, 0.286883, -0.002831, 0.52143, 0.018209, -0.8531, -1.2e-05, 0.0, 0.0, 0.0, 1.0],
                [0.696636, 0.464625, 0.546644, 0.124994, 0.485306, -0.866357, 0.117903, -0.002831, 0.52837, 0.183154, -0.829023, -1.2e-05, 0.0, 0.0, 0.0, 1.0],
                [0.704027, 0.331825, 0.627884, 0.124994, 0.472117, -0.879153, -0.064753, -0.002831, 0.530519, 0.342021, -0.77561, -1.2e-05, 0.0, 0.0, 0.0, 1.0],
                [0.714999, 0.327929, 0.617445, 0.124994, 0.458249, -0.886818, -0.059655, -0.002831, 0.527999, 0.325597, -0.784349, -1.2e-05, 0.0, 0.0, 0.0, 1.0],
                [0.729285, 0.329038, 0.599898, 0.124994, 0.443729, -0.89484, -0.048621, -0.002831, 0.520814, 0.301649, -0.798599, -1.2e-05, 0.0, 0.0, 0.0, 1.0],
                [0.74648, 0.333757, 0.575651, 0.124994, 0.428702, -0.902861, -0.032452, -0.002831, 0.508902, 0.271007, -0.817052, -1.2e-05, 0.0, 0.0, 0.0, 1.0],
                [0.766042, 0.340873, 0.544963, 0.124994, 0.413435, -0.910457, -0.011666, -0.002831, 0.492189, 0.234242, -0.83838, -1.2e-05, 0.0, 0.0, 0.0, 1.0],
                [0.787301, 0.349301, 0.50808, 0.124994, 0.3983, -0.917156, 0.013349, -0.002831, 0.470653, 0.191858, -0.861207, -1.2e-05, 0.0, 0.0, 0.0, 1.0],
                [0.809464, 0.358069, 0.465354, 0.124994, 0.383779, -0.922458, 0.042225, -0.002831, 0.444389, 0.144413, -0.884117, -1.2e-05, 0.0, 0.0, 0.0, 1.0],
                [0.831652, 0.366329, 0.417322, 0.124994, 0.370436, -0.925862, 0.074516, -0.002831, 0.413681, 0.09262, -0.905698, -1.2e-05, 0.0, 0.0, 0.0, 1.0],
                [0.852946, 0.373396, 0.36477, 0.124994, 0.358897, -0.926915, 0.109624, -0.002831, 0.379045, 0.037411, -0.924622, -1.2e-05, 0.0, 0.0, 0.0, 1.0],
                [0.872453, 0.378806, 0.308756, 0.124994, 0.349801, -0.925257, 0.146746, -0.002831, 0.341267, -0.020026, -0.939753, -1.2e-05, 0.0, 0.0, 0.0, 1.0],
                [0.889378, 0.396511, 0.227563, 0.124994, 0.34376, -0.90816, 0.238896, -0.002831, 0.301389, -0.134241, -0.944005, -1.2e-05, 0.0, 0.0, 0.0, 1.0],
                [0.903086, 0.415734, 0.1077, 0.124994, 0.34131, -0.846997, 0.407556, -0.002831, 0.260657, -0.331298, -0.906807, -1.2e-05, 0.0, 0.0, 0.0, 1.0],
                [0.913143, 0.407275, 0.017215, 0.124994, 0.342898, -0.790267, 0.507835, -0.002831, 0.220433, -0.457822, -0.861283, -1.2e-05, 0.0, 0.0, 0.0, 1.0],
                [0.919309, 0.388671, -0.061688, 0.124994, 0.348889, -0.732415, 0.584674, -0.002831, 0.182064, -0.559017, -0.80892, -1.2e-05, 0.0, 0.0, 0.0, 1.0],
                [0.921488, 0.365365, -0.131781, 0.124994, 0.359627, -0.674436, 0.644828, -0.002831, 0.14672, -0.641592, -0.752882, -1.2e-05, 0.0, 0.0, 0.0, 1.0],
                [0.919617, 0.341145, -0.194739, 0.124994, 0.375553, -0.61821, 0.690489, -0.002831, 0.115167, -0.70812, -0.696636, -1.2e-05, 0.0, 0.0, 0.0, 1.0],
                [0.913483, 0.319038, -0.252514, 0.124994, 0.397383, -0.566274, 0.722094, -0.002831, 0.087383, -0.759964, -0.644064, -1.2e-05, 0.0, 0.0, 0.0, 1.0],
                [0.902446, 0.301338, -0.307873, 0.124994, 0.426342, -0.522142, 0.738647, -0.002831, 0.061829, -0.797847, -0.59968, -1.2e-05, 0.0, 0.0, 0.0, 1.0],
                [0.885011, 0.289162, -0.364883, 0.124994, 0.464329, -0.491048, 0.737068, -0.002831, 0.033957, -0.821738, -0.568851, -1.2e-05, 0.0, 0.0, 0.0, 1.0],
                [0.874596, 0.324562, -0.360195, 0.124994, 0.475817, -0.431802, 0.766254, -0.00283, 0.093164, -0.841548, -0.532086, -1.2e-05, 0.0, 0.0, 0.0, 1.0],
                [0.86132, 0.361215, -0.357282, 0.124994, 0.484532, -0.372477, 0.791511, -0.00283, 0.152827, -0.854857, -0.495844, -1.2e-05, 0.0, 0.0, 0.0, 1.0],
                [0.845164, 0.397958, -0.356828, 0.124994, 0.490919, -0.313894, 0.812692, -0.002831, 0.211412, -0.86203, -0.460658, -1.2e-05, 0.0, 0.0, 0.0, 1.0],
                [0.826315, 0.433565, -0.359477, 0.124994, 0.495742, -0.257002, 0.829572, -0.002831, 0.267287, -0.863694, -0.427302, -1.2e-05, 0.0, 0.0, 0.0, 1.0],
                [0.805156, 0.466837, -0.365769, 0.124994, 0.500063, -0.202828, 0.841902, -0.002831, 0.318843, -0.860767, -0.396757, -1.2e-05, 0.0, 0.0, 0.0, 1.0],
                [0.782206, 0.496729, -0.376049, 0.124994, 0.505166, -0.15241, 0.849458, -0.002831, 0.364638, -0.854417, -0.370147, -1.2e-05, 0.0, 0.0, 0.0, 1.0],
                [0.758034, 0.522444, -0.39043, 0.124994, 0.51243, -0.106739, 0.852069, -0.00283, 0.403485, -0.845964, -0.348629, -1.2e-05, 0.0, 0.0, 0.0, 1.0],
                [0.733142, 0.543527, -0.408754, 0.124994, 0.523156, -0.066715, 0.849622, -0.002831, 0.434523, -0.836734, -0.333261, -1.2e-05, 0.0, 0.0, 0.0, 1.0],
                [0.707884, 0.559912, -0.430577, 0.124994, 0.538376, -0.033111, 0.842054, -0.002831, 0.45722, -0.827888, -0.324883, -1.2e-05, 0.0, 0.0, 0.0, 1.0],
                [0.682412, 0.571943, -0.455186, 0.124994, 0.558675, -0.006528, 0.829361, -0.002831, 0.471376, -0.820265, -0.323986, -1.2e-05, 0.0, 0.0, 0.0, 1.0],
                [0.656689, 0.580361, -0.481601, 0.124994, 0.584041, 0.012659, 0.811626, -0.002831, 0.477133, -0.814259, -0.330642, -1.2e-05, 0.0, 0.0, 0.0, 1.0],
                [0.688393, 0.633693, -0.352912, 0.124994, 0.449494, 0.00916, 0.893237, -0.002831, 0.569271, -0.773528, -0.278536, -1.2e-05, 0.0, 0.0, 0.0, 1.0],
                [0.710097, 0.658275, -0.24987, 0.124994, 0.361745, -0.03662, 0.931558, -0.00283, 0.604072, -0.751884, -0.264132, -1.2e-05, 0.0, 0.0, 0.0, 1.0],
                [0.730012, 0.664861, -0.158241, 0.124994, 0.300035, -0.103742, 0.948271, -0.002831, 0.614052, -0.739726, -0.275216, -1.2e-05, 0.0, 0.0, 0.0, 1.0],
                [0.749561, 0.657941, -0.072591, 0.124994, 0.25309, -0.183533, 0.949875, -0.00283, 0.611639, -0.73036, -0.304088, -1.2e-05, 0.0, 0.0, 0.0, 1.0],
                [0.768766, 0.639469, 0.008709, 0.124994, 0.214916, -0.271149, 0.938237, -0.002831, 0.602336, -0.719412, -0.345883, -1.2e-05, 0.0, 0.0, 0.0, 1.0],
                [0.787381, 0.610489, 0.085629, 0.124994, 0.182177, -0.363129, 0.913755, -0.00283, 0.588933, -0.703873, -0.397139, -1.2e-05, 0.0, 0.0, 0.0, 1.0],
                [0.805151, 0.571795, 0.157418, 0.124994, 0.152921, -0.456614, 0.876424, -0.002831, 0.573015, -0.68158, -0.455084, -1.2e-05, 0.0, 0.0, 0.0, 1.0],
                [0.821871, 0.524179, 0.223075, 0.124994, 0.125968, -0.549112, 0.8262, -0.00283, 0.555571, -0.650929, -0.51733, -1.2e-05, 0.0, 0.0, 0.0, 1.0],
                [0.829038, 0.528389, 0.183026, 0.124994, 0.197156, -0.582483, 0.788569, -0.002831, 0.523282, -0.617668, -0.587078, -1.2e-05, 0.0, 0.0, 0.0, 1.0],
                [0.806603, 0.578157, 0.122982, 0.124994, 0.307439, -0.588049, 0.748117, -0.002831, 0.504849, -0.565622, -0.652071, -1.2e-05, 0.0, 0.0, 0.0, 1.0],
                [0.747041, 0.658348, 0.092226, 0.124994, 0.453295, -0.605941, 0.653726, -0.002831, 0.486263, -0.446554, -0.751091, -1.2e-05, 0.0, 0.0, 0.0, 1.0],
                [0.652049, 0.745551, 0.13778, 0.124994, 0.607023, -0.622241, 0.494306, -0.002831, 0.454263, -0.238676, -0.8583, -1.2e-05, 0.0, 0.0, 0.0, 1.0],
                [0.557332, 0.789287, 0.257692, 0.124994, 0.719361, -0.614006, 0.324828, -0.002831, 0.414608, 0.004336, -0.90999, -1.2e-05, 0.0, 0.0, 0.0, 1.0],
                [0.519723, 0.759652, 0.390915, 0.124994, 0.756821, -0.621666, 0.201871, -0.00283, 0.396371, 0.190936, -0.898017, -1.2e-05, 0.0, 0.0, 0.0, 1.0],
                [0.57157, 0.667211, 0.477636, 0.124994, 0.701536, -0.699277, 0.137322, -0.002831, 0.425623, 0.256589, -0.86776, -1.2e-05, 0.0, 0.0, 0.0, 1.0],
                [0.702086, 0.547719, 0.455059, 0.124994, 0.504629, -0.83357, 0.224741, -0.00283, 0.502418, 0.071848, -0.861635, -1.2e-05, 0.0, 0.0, 0.0, 1.0],
                [0.795578, 0.429299, 0.427502, 0.124994, 0.230923, -0.867225, 0.441127, -0.002831, 0.560116, -0.252231, -0.789081, -1.2e-05, 0.0, 0.0, 0.0, 1.0],
                [0.816805, 0.330348, 0.472969, 0.124994, 0.035413, -0.846988, 0.530428, -0.002831, 0.575826, -0.416506, -0.703524, -1.2e-05, 0.0, 0.0, 0.0, 1.0],
                [0.816168, 0.26024, 0.515892, 0.124994, -0.0281, -0.873899, 0.485293, -0.002831, 0.577131, -0.410576, -0.705937, -1.2e-05, 0.0, 0.0, 0.0, 1.0],
                [0.816102, 0.237213, 0.52698, 0.124994, -0.020388, -0.899488, 0.436467, -0.002831, 0.577548, -0.366945, -0.729239, -1.1e-05, 0.0, 0.0, 0.0, 1.0],
                [0.816026, 0.219318, 0.53479, 0.124994, -0.015001, -0.91687, 0.398902, -0.002831, 0.577819, -0.333536, -0.744902, -1.1e-05, 0.0, 0.0, 0.0, 1.0],
                [0.815964, 0.20655, 0.539944, 0.124994, -0.011454, -0.928033, 0.372319, -0.002831, 0.577989, -0.309983, -0.754877, -1.2e-05, 0.0, 0.0, 0.0, 1.0],
                [0.815922, 0.198457, 0.543034, 0.124994, -0.009326, -0.9346, 0.355573, -0.002831, 0.578087, -0.295184, -0.760712, -1.2e-05, 0.0, 0.0, 0.0, 1.0],
                [0.815898, 0.194191, 0.544609, 0.124994, -0.008241, -0.93791, 0.346777, -0.002831, 0.578136, -0.287422, -0.763641, -1.1e-05, 0.0, 0.0, 0.0, 1.0],
                [0.81589, 0.192599, 0.545187, 0.124994, -0.007842, -0.939118, 0.343502, -0.002831, 0.578154, -0.284535, -0.764708, -1.1e-05, 0.0, 0.0, 0.0, 1.0],
                [0.815889, 0.192371, 0.545269, 0.124994, -0.007785, -0.93929, 0.343032, -0.002831, 0.578156, -0.28412, -0.76486, -1.1e-05, 0.0, 0.0, 0.0, 1.0],
                [0.815889, 0.192371, 0.545269, 0.124994, -0.007785, -0.93929, 0.343032, -0.002831, 0.578156, -0.28412, -0.76486, -1.1e-05, 0.0, 0.0, 0.0, 1.0],
                [0.815889, 0.192371, 0.545269, 0.124994, -0.007785, -0.93929, 0.343032, -0.002831, 0.578156, -0.28412, -0.76486, -1.1e-05, 0.0, 0.0, 0.0, 1.0],
                [0.815889, 0.192371, 0.545269, 0.124994, -0.007785, -0.93929, 0.343032, -0.002831, 0.578156, -0.28412, -0.76486, -1.1e-05, 0.0, 0.0, 0.0, 1.0],
                [0.815889, 0.192371, 0.545269, 0.124994, -0.007785, -0.93929, 0.343032, -0.002831, 0.578156, -0.28412, -0.76486, -1.1e-05, 0.0, 0.0, 0.0, 1.0],
                [0.815889, 0.192371, 0.545269, 0.124994, -0.007785, -0.93929, 0.343032, -0.002831, 0.578156, -0.28412, -0.76486, -1.1e-05, 0.0, 0.0, 0.0, 1.0],
                [0.815889, 0.192371, 0.545269, 0.124994, -0.007785, -0.93929, 0.343032, -0.002831, 0.578156, -0.28412, -0.76486, -1.1e-05, 0.0, 0.0, 0.0, 1.0],
                [0.815889, 0.192371, 0.545269, 0.124994, -0.007785, -0.93929, 0.343032, -0.002831, 0.578156, -0.28412, -0.76486, -1.1e-05, 0.0, 0.0, 0.0, 1.0],
                [0.815889, 0.192371, 0.545269, 0.124994, -0.007785, -0.93929, 0.343032, -0.002831, 0.578156, -0.28412, -0.76486, -1.1e-05, 0.0, 0.0, 0.0, 1.0],
                [0.815889, 0.192371, 0.545269, 0.124994, -0.007785, -0.93929, 0.343032, -0.002831, 0.578156, -0.28412, -0.76486, -1.1e-05, 0.0, 0.0, 0.0, 1.0],
                [0.815889, 0.192371, 0.545269, 0.124994, -0.007785, -0.93929, 0.343032, -0.002831, 0.578156, -0.28412, -0.76486, -1.1e-05, 0.0, 0.0, 0.0, 1.0],
                [0.815889, 0.192371, 0.545269, 0.124994, -0.007785, -0.93929, 0.343032, -0.002831, 0.578156, -0.28412, -0.76486, -1.1e-05, 0.0, 0.0, 0.0, 1.0],
                [0.815889, 0.192371, 0.545269, 0.124994, -0.007785, -0.93929, 0.343032, -0.002831, 0.578156, -0.28412, -0.76486, -1.1e-05, 0.0, 0.0, 0.0, 1.0],
                [0.815889, 0.192371, 0.545269, 0.124994, -0.007785, -0.93929, 0.343032, -0.002831, 0.578156, -0.28412, -0.76486, -1.1e-05, 0.0, 0.0, 0.0, 1.0],
                [0.815889, 0.192371, 0.545269, 0.124994, -0.007785, -0.93929, 0.343032, -0.002831, 0.578156, -0.28412, -0.76486, -1.1e-05, 0.0, 0.0, 0.0, 1.0],
                [0.815889, 0.192371, 0.545269, 0.124994, -0.007785, -0.93929, 0.343032, -0.002831, 0.578156, -0.28412, -0.76486, -1.1e-05, 0.0, 0.0, 0.0, 1.0],
                [0.815889, 0.192371, 0.545269, 0.124994, -0.007785, -0.93929, 0.343032, -0.002831, 0.578156, -0.28412, -0.76486, -1.1e-05, 0.0, 0.0, 0.0, 1.0],
                [0.815889, 0.192371, 0.545269, 0.124994, -0.007785, -0.93929, 0.343032, -0.002831, 0.578156, -0.28412, -0.76486, -1.1e-05, 0.0, 0.0, 0.0, 1.0],
                [0.825493, 0.195454, 0.529488, 0.124994, 0.000558, -0.938405, 0.345532, -0.002831, 0.564411, -0.284939, -0.774758, -1.1e-05, 0.0, 0.0, 0.0, 1.0],
                [0.834709, 0.198511, 0.513667, 0.124994, 0.009, -0.937559, 0.347706, -0.002831, 0.550617, -0.28561, -0.784378, -1.2e-05, 0.0, 0.0, 0.0, 1.0],
                [0.843532, 0.201554, 0.497825, 0.124994, 0.017534, -0.936751, 0.349553, -0.002831, 0.536792, -0.28613, -0.793715, -1.2e-05, 0.0, 0.0, 0.0, 1.0],
                [0.851958, 0.204595, 0.481984, 0.124994, 0.026154, -0.935979, 0.35108, -0.002831, 0.522956, -0.286499, -0.802767, -1.2e-05, 0.0, 0.0, 0.0, 1.0],
                [0.859985, 0.207644, 0.466164, 0.124994, 0.034853, -0.935241, 0.352289, -0.002831, 0.509127, -0.286716, -0.811532, -1.2e-05, 0.0, 0.0, 0.0, 1.0],
                [0.867612, 0.210713, 0.450387, 0.124994, 0.043625, -0.934535, 0.353185, -0.002831, 0.495323, -0.286779, -0.820008, -1.2e-05, 0.0, 0.0, 0.0, 1.0],
                [0.874838, 0.213816, 0.434674, 0.124994, 0.052465, -0.933858, 0.353773, -0.00283, 0.481566, -0.286689, -0.828193, -1.2e-05, 0.0, 0.0, 0.0, 1.0],
