{
    "animation": [
        {
            "name": "Root",
            "time": [0.0, 0.0417, 0.0833, 0.125, 0.1667, 0.2083, 0.3333, 0.375, 0.4167, 0.4583, 0.5, 0.5417, 0.5833, 0.625, 0.6667, 0.7083, 0.75, 0.7917, 0.8333, 0.875, 0.9167, 0.9583, 1.0, 1.0417, 1.0833, 1.125, 1.1667, 1.2083, 1.25, 1.2917, 1.3333, 1.375, 1.4167, 1.4583, 1.5, 1.5417, 1.5833, 1.625, 1.6667, 1.7083, 1.7917, 1.875, 1.9583, 2.0, 2.0833, 2.125, 2.1667, 2.2917, 2.3333, 2.375, 2.4167, 2.5, 2.5417],
            "transform": [
                [1.0, -0.0, -0.0, -2.2e-05, -0.0, -0.0, -1.0, -0.011276, 0.0, 1.0, -0.0, 0.260828, 0.0, 0.0, 0.0, 1.0],
                [1.0, -0.0, -0.0, -2.2e-05, -0.0, -0.0, -1.0, -0.011276, 0.0, 1.0, -0.0, 0.314649, 0.0, 0.0, 0.0, 1.0],
                [1.0, -0.0, -0.0, -2.2e-05, -0.0, -0.0, -1.0, -0.02302, 0.0, 1.0, -0.0, 0.314649, 0.0, 0.0, 0.0, 1.0],
                [1.0, -0.0, -0.0, -2.2e-05, -0.0, -0.0, -1.0, -0.026303, 0.0, 1.0, -0.0, 0.314649, 0.0, 0.0, 0.0, 1.0],
                [1.0, -0.0, -0.0, -2.2e-05, -0.0, -0.0, -1.0, -0.003664, 0.0, 1.0, -0.0, 0.314649, 0.0, 0.0, 0.0, 1.0],
                [1.0, -0.0, -0.0, -2.2e-05, -0.0, -0.0, -1.0, 0.04611, 0.0, 1.0, -0.0, 0.314649, 0.0, 0.0, 0.0, 1.0],
                [1.0, -0.0, -0.0, -2.2e-05, -0.0, -0.0, -1.0, 0.290408, 0.0, 1.0, -0.0, 0.443208, 0.0, 0.0, 0.0, 1.0],
                [1.0, -0.0, -0.0, -2.2e-05, -0.0, -0.0, -1.0, 0.354741, 0.0, 1.0, -0.0, 0.443208, 0.0, 0.0, 0.0, 1.0],
                [1.0, -0.0, -0.0, -2.2e-05, -0.0, -0.0, -1.0, 0.405042, 0.0, 1.0, -0.0, 0.443208, 0.0, 0.0, 0.0, 1.0],
                [1.0, -0.0, -0.0, -2.2e-05, -0.0, -0.0, -1.0, 0.447902, 0.0, 1.0, -0.0, 0.443208, 0.0, 0.0, 0.0, 1.0],
                [1.0, -0.0, -0.0, -2.2e-05, -0.0, -0.0, -1.0, 0.471349, 0.0, 1.0, -0.0, 0.443208, 0.0, 0.0, 0.0, 1.0],
                [1.0, -0.0, -0.0, -2.2e-05, -0.0, -0.0, -1.0, 0.524325, 0.0, 1.0, -0.0, 0.443208, 0.0, 0.0, 0.0, 1.0],
                [1.0, -0.0, -0.0, -2.2e-05, -0.0, -0.0, -1.0, 0.671576, 0.0, 1.0, -0.0, 0.443208, 0.0, 0.0, 0.0, 1.0],
                [1.0, -0.0, -0.0, -2.2e-05, -0.0, -0.0, -1.0, 0.835261, 0.0, 1.0, -0.0, 0.443208, 0.0, 0.0, 0.0, 1.0],
                [1.0, -0.0, -0.0, -2.2e-05, -0.0, -0.0, -1.0, 1.028476, 0.0, 1.0, -0.0, 0.443208, 0.0, 0.0, 0.0, 1.0],
                [1.0, -0.0, -0.0, -2.2e-05, -0.0, -0.0, -1.0, 1.231434, 0.0, 1.0, -0.0, 0.443208, 0.0, 0.0, 0.0, 1.0],
                [1.0, -0.0, -0.0, -2.2e-05, -0.0, -0.0, -1.0, 1.361286, 0.0, 1.0, -0.0, 0.443208, 0.0, 0.0, 0.0, 1.0],
                [1.0, -0.0, -0.0, -2.2e-05, -0.0, -0.0, -1.0, 1.564459, 0.0, 1.0, -0.0, 0.443208, 0.0, 0.0, 0.0, 1.0],
                [1.0, -0.0, -0.0, -2.2e-05, -0.0, -0.0, -1.0, 1.888488, 0.0, 1.0, -0.0, 0.443208, 0.0, 0.0, 0.0, 1.0],
                [1.0, -0.0, -0.0, -2.2e-05, -0.0, -0.0, -1.0, 2.093178, 0.0, 1.0, -0.0, 0.443208, 0.0, 0.0, 0.0, 1.0],
                [1.0, -0.0, -0.0, -2.2e-05, -0.0, -0.0, -1.0, 2.286293, 0.0, 1.0, -0.0, 0.443208, 0.0, 0.0, 0.0, 1.0],
                [1.0, -0.0, -0.0, -2.2e-05, -0.0, -0.0, -1.0, 2.462726, 0.0, 1.0, -0.0, 0.443208, 0.0, 0.0, 0.0, 1.0],
                [1.0, -0.0, -0.0, -2.2e-05, -0.0, -0.0, -1.0, 2.508606, 0.0, 1.0, -0.0, 0.443208, 0.0, 0.0, 0.0, 1.0],
                [1.0, -0.0, -0.0, -2.2e-05, -0.0, -0.0, -1.0, 2.747705, 0.0, 1.0, -0.0, 0.443208, 0.0, 0.0, 0.0, 1.0],
                [1.0, -0.0, -0.0, -2.1e-05, -0.0, -0.0, -1.0, 3.430106, 0.0, 1.0, -0.0, 0.443208, 0.0, 0.0, 0.0, 1.0],
                [1.0, -0.0, -0.0, -2.1e-05, -0.0, -0.0, -1.0, 4.143805, 0.0, 1.0, -0.0, 0.176843, 0.0, 0.0, 0.0, 1.0],
                [1.0, -0.0, -0.0, -2.1e-05, -0.0, -0.0, -1.0, 4.047749, 0.0, 1.0, -0.0, 0.176843, 0.0, 0.0, 0.0, 1.0],
                [1.0, -0.0, -0.0, -2.1e-05, -0.0, -0.0, -1.0, 3.973306, 0.0, 1.0, -0.0, 0.176843, 0.0, 0.0, 0.0, 1.0],
                [1.0, -0.0, -0.0, -2.1e-05, -0.0, -0.0, -1.0, 3.944353, 0.0, 1.0, -0.0, 0.176843, 0.0, 0.0, 0.0, 1.0],
                [1.0, -0.0, -0.0, -2.1e-05, -0.0, -0.0, -1.0, 3.909951, 0.0, 1.0, -0.0, 0.176843, 0.0, 0.0, 0.0, 1.0],
                [1.0, -0.0, -0.0, -2.1e-05, -0.0, -0.0, -1.0, 3.878593, 0.0, 1.0, -0.0, 0.176843, 0.0, 0.0, 0.0, 1.0],
                [1.0, -0.0, -0.0, -2.1e-05, -0.0, -0.0, -1.0, 3.87539, 0.0, 1.0, -0.0, 0.176843, 0.0, 0.0, 0.0, 1.0],
                [1.0, -0.0, -0.0, -2.1e-05, -0.0, -0.0, -1.0, 3.877486, 0.0, 1.0, -0.0, 0.176843, 0.0, 0.0, 0.0, 1.0],
                [1.0, -0.0, -0.0, -2.1e-05, -0.0, -0.0, -1.0, 3.89249, 0.0, 1.0, -0.0, 0.17982, 0.0, 0.0, 0.0, 1.0],
                [1.0, -0.0, -0.0, -2.1e-05, -0.0, -0.0, -1.0, 3.928404, 0.0, 1.0, -0.0, 0.206607, 0.0, 0.0, 0.0, 1.0],
                [1.0, -0.0, -0.0, -2.1e-05, -0.0, -0.0, -1.0, 3.970697, 0.0, 1.0, -0.0, 0.218513, 0.0, 0.0, 0.0, 1.0],
                [1.0, -0.0, -0.0, -2.1e-05, -0.0, -0.0, -1.0, 4.042976, 0.0, 1.0, -0.0, 0.314649, 0.0, 0.0, 0.0, 1.0],
                [1.0, -0.0, -0.0, -2.1e-05, -0.0, -0.0, -1.0, 4.098193, 0.0, 1.0, -0.0, 0.314649, 0.0, 0.0, 0.0, 1.0],
                [1.0, -0.0, -0.0, -2.1e-05, -0.0, -0.0, -1.0, 4.192321, 0.0, 1.0, -0.0, 0.314649, 0.0, 0.0, 0.0, 1.0],
                [1.0, -0.0, -0.0, -2.1e-05, -0.0, -0.0, -1.0, 4.26836, 0.0, 1.0, -0.0, 0.314649, 0.0, 0.0, 0.0, 1.0],
                [1.0, -0.0, -0.0, -2.1e-05, -0.0, -0.0, -1.0, 4.297332, 0.0, 1.0, -0.0, 0.471054, 0.0, 0.0, 0.0, 1.0],
                [1.0, -0.0, -0.0, -2.1e-05, -0.0, -0.0, -1.0, 4.308771, 0.0, 1.0, -0.0, 0.565579, 0.0, 0.0, 0.0, 1.0],
                [1.0, -0.0, -0.0, -2.1e-05, -0.0, -0.0, -1.0, 4.334631, 0.0, 1.0, -0.0, 0.636046, 0.0, 0.0, 0.0, 1.0],
                [1.0, -0.0, -0.0, -2.1e-05, -0.0, -0.0, -1.0, 4.334056, 0.0, 1.0, -0.0, 0.636046, 0.0, 0.0, 0.0, 1.0],
                [1.0, -0.0, -0.0, -2.1e-05, -0.0, -0.0, -1.0, 4.333051, 0.0, 1.0, -0.0, 0.636046, 0.0, 0.0, 0.0, 1.0],
                [1.0, -0.0, -0.0, -2.1e-05, -0.0, -0.0, -1.0, 4.331549, 0.0, 1.0, -0.0, 0.631235, 0.0, 0.0, 0.0, 1.0],
                [1.0, -0.0, -0.0, -2.1e-05, -0.0, -0.0, -1.0, 4.330046, 0.0, 1.0, -0.0, 0.626424, 0.0, 0.0, 0.0, 1.0],
                [1.0, -0.0, -0.0, -2.1e-05, -0.0, -0.0, -1.0, 4.325539, 0.0, 1.0, -0.0, 0.611992, 0.0, 0.0, 0.0, 1.0],
                [1.0, -0.0, -0.0, -2.1e-05, -0.0, -0.0, -1.0, 4.326598, 0.0, 1.0, -0.0, 0.610596, 0.0, 0.0, 0.0, 1.0],
                [1.0, -0.0, -0.0, -2.1e-05, -0.0, -0.0, -1.0, 4.327657, 0.0, 1.0, -0.0, 0.609201, 0.0, 0.0, 0.0, 1.0],
                [1.0, -0.0, -0.0, -2.1e-05, -0.0, -0.0, -1.0, 4.328717, 0.0, 1.0, -0.0, 0.607806, 0.0, 0.0, 0.0, 1.0],
                [1.0, -0.0, -0.0, -2.1e-05, -0.0, -0.0, -1.0, 4.330835, 0.0, 1.0, -0.0, 0.605016, 0.0, 0.0, 0.0, 1.0],
                [1.0, -0.0, -0.0, -2.1e-05, -0.0, -0.0, -1.0, 4.330835, 0.0, 1.0, -0.0, 0.601542, 0.0, 0.0, 0.0, 1.0]
            ]
        },
        {
            "name": "Thigh_R",
            "time": [0.0, 0.0417, 0.0833, 0.125, 0.1667, 0.2083, 0.25, 0.2917, 0.3333, 0.375, 0.4167, 0.4583, 0.5, 0.5417, 0.5833, 0.625, 0.6667, 0.7083, 0.75, 0.7917, 0.8333, 0.875, 0.9167, 0.9583, 1.0, 1.0417, 1.0833, 1.125, 1.1667, 1.2083, 1.25, 1.2917, 1.3333, 1.375, 1.4167, 1.4583, 1.5, 1.5417, 1.5833, 1.625, 1.6667, 1.7083, 1.75, 1.7917, 1.8333, 1.875, 1.9167, 1.9583, 2.0, 2.0833, 2.125, 2.1667, 2.2917, 2.3333, 2.375, 2.4167, 2.5, 2.5417],
            "transform": [
                [0.041321, -0.417438, -0.907766, -0.03212, 0.62853, -0.695397, 0.348389, 0.093733, -0.776689, -0.584953, 0.233638, -0.145936, 0.0, 0.0, 0.0, 1.0],
                [0.242892, -0.447422, -0.860708, 0.023328, 0.651089, -0.582536, 0.486557, 0.126196, -0.719089, -0.678577, 0.149818, -0.093447, 0.0, 0.0, 0.0, 1.0],
                [0.139671, -0.38658, -0.911619, 0.003444, 0.649216, -0.659401, 0.379092, 0.124995, -0.747671, -0.644785, 0.158874, -0.106236, 0.0, 0.0, 0.0, 1.0],
                [0.061023, -0.338604, -0.938949, 0.029037, 0.631891, -0.715087, 0.298942, 0.13693, -0.772653, -0.611555, 0.170324, -0.143851, 0.0, 0.0, 0.0, 1.0],
                [-0.004129, -0.308571, -0.951193, 0.029201, 0.5854, -0.771924, 0.247873, 0.132608, -0.810735, -0.555805, 0.183824, -0.136124, 0.0, 0.0, 0.0, 1.0],
                [-0.004125, -0.345189, -0.938525, 0.029366, 0.5333, -0.794687, 0.289941, 0.128287, -0.845918, -0.499318, 0.187367, -0.128398, 0.0, 0.0, 0.0, 1.0],
                [0.026089, -0.400416, -0.915963, 0.029531, 0.48862, -0.794254, 0.361127, 0.123965, -0.872107, -0.456979, 0.174929, -0.120672, 0.0, 0.0, 0.0, 1.0],
                [0.11212, -0.486815, -0.86628, 0.029696, 0.407242, -0.772693, 0.48693, 0.119644, -0.906414, -0.40738, 0.111617, -0.112945, 0.0, 0.0, 0.0, 1.0],
                [0.270835, -0.555501, -0.786173, 0.07142, 0.289067, -0.732072, 0.616856, 0.11422, -0.9182, -0.394323, -0.037694, -0.082131, 0.0, 0.0, 0.0, 1.0],
                [0.454866, -0.542594, -0.70618, 0.113144, 0.204586, -0.708088, 0.675837, 0.108795, -0.866743, -0.451889, -0.211078, -0.051317, 0.0, 0.0, 0.0, 1.0],
                [0.776318, -0.387359, -0.497278, 0.154869, 0.136441, -0.666937, 0.732516, 0.103371, -0.6154, -0.636514, -0.464903, -0.020502, 0.0, 0.0, 0.0, 1.0],
                [0.976181, -0.084324, -0.199906, 0.12904, 0.09851, -0.648675, 0.754664, 0.074077, -0.19331, -0.756381, -0.624916, 0.028906, 0.0, 0.0, 0.0, 1.0],
                [0.992155, 0.125021, 0.000954, 0.127086, 0.083236, -0.666204, 0.741111, 0.113675, 0.09329, -0.735217, -0.671383, 0.09675, 0.0, 0.0, 0.0, 1.0],
                [0.81341, 0.432238, 0.389278, 0.066475, 0.044717, -0.713699, 0.699024, 0.130765, 0.579972, -0.551186, -0.599857, 0.112095, 0.0, 0.0, 0.0, 1.0],
                [0.323534, 0.665034, 0.673095, 0.005865, 0.023569, -0.716798, 0.696883, 0.147854, 0.945924, -0.209601, -0.247582, 0.127441, 0.0, 0.0, 0.0, 1.0],
                [-0.060857, 0.768352, 0.637128, -0.054745, 0.044722, -0.635572, 0.770746, 0.164944, 0.997145, 0.075399, 0.004316, 0.142786, 0.0, 0.0, 0.0, 1.0],
                [-0.503316, 0.683749, 0.528358, -0.070948, 0.083261, -0.570233, 0.817253, 0.156343, 0.860083, 0.455329, 0.230077, 0.088274, 0.0, 0.0, 0.0, 1.0],
                [-0.849119, 0.423794, 0.315273, -0.08715, 0.083161, -0.482173, 0.87212, 0.147742, 0.521616, 0.766752, 0.374178, 0.033761, 0.0, 0.0, 0.0, 1.0],
                [-0.951734, 0.247544, 0.181456, -0.103353, 0.035719, -0.497854, 0.866525, 0.139142, 0.304841, 0.831183, 0.464982, -0.020751, 0.0, 0.0, 0.0, 1.0],
                [-0.997526, -0.067993, -0.017896, -0.119556, 0.030112, -0.643158, 0.765142, 0.130541, -0.063535, 0.76271, 0.643613, -0.075263, 0.0, 0.0, 0.0, 1.0],
                [-0.791731, -0.420168, -0.443422, -0.107522, 0.121353, -0.819598, 0.55994, 0.126901, -0.598697, 0.389512, 0.699889, -0.082832, 0.0, 0.0, 0.0, 1.0],
                [-0.512455, -0.503933, -0.695301, -0.095488, 0.221435, -0.859865, 0.46, 0.12326, -0.829674, 0.081765, 0.552229, -0.090401, 0.0, 0.0, 0.0, 1.0],
                [-0.191868, -0.472398, -0.860249, -0.083454, 0.304382, -0.861955, 0.405446, 0.11962, -0.933028, -0.184052, 0.309171, -0.09797, 0.0, 0.0, 0.0, 1.0],
                [0.0803, -0.356821, -0.930716, -0.071421, 0.379551, -0.852443, 0.359559, 0.11598, -0.921681, -0.382126, 0.06698, -0.105539, 0.0, 0.0, 0.0, 1.0],
                [0.095711, -0.323616, -0.941336, -0.023329, 0.402166, -0.852488, 0.333961, 0.127468, -0.910552, -0.410536, 0.048555, -0.0609, 0.0, 0.0, 0.0, 1.0],
                [0.41805, -0.299687, -0.857568, 0.018447, 0.249916, -0.86965, 0.425738, 0.092827, -0.873372, -0.392299, -0.28866, -0.13822, 0.0, 0.0, 0.0, 1.0],
                [0.990745, 0.104379, 0.086785, 0.120737, 0.06514, -0.926479, 0.37067, 0.067032, 0.119094, -0.361586, -0.924702, 0.0121, 0.0, 0.0, 0.0, 1.0],
                [-0.015047, 0.715049, 0.698913, 0.030748, 0.791934, -0.418206, 0.444911, 0.127015, 0.610422, 0.560188, -0.559978, 0.127848, 0.0, 0.0, 0.0, 1.0],
                [-0.168961, 0.807115, 0.565703, -0.055981, 0.835666, -0.187018, 0.516418, 0.11591, 0.522605, 0.559993, -0.642879, 0.109924, 0.0, 0.0, 0.0, 1.0],
                [-0.187039, 0.854881, 0.483939, -0.064132, 0.819587, -0.135788, 0.556633, 0.119083, 0.541569, 0.500742, -0.67525, 0.110076, 0.0, 0.0, 0.0, 1.0],
                [-0.183249, 0.875398, 0.447326, -0.072284, 0.801395, -0.130523, 0.583722, 0.122255, 0.569375, 0.465451, -0.677619, 0.110228, 0.0, 0.0, 0.0, 1.0],
                [-0.172207, 0.897308, 0.406429, -0.080435, 0.772703, -0.132853, 0.620711, 0.125427, 0.610964, 0.42094, -0.670473, 0.11038, 0.0, 0.0, 0.0, 1.0],
                [-0.166898, 0.908473, 0.383177, -0.072753, 0.731008, -0.146779, 0.666396, 0.12989, 0.661645, 0.391325, -0.639603, 0.110462, 0.0, 0.0, 0.0, 1.0],
                [-0.169791, 0.90724, 0.384821, -0.065072, 0.699337, -0.164202, 0.695677, 0.134354, 0.694335, 0.387239, -0.606585, 0.110543, 0.0, 0.0, 0.0, 1.0],
                [-0.167548, 0.900734, 0.400758, -0.05739, 0.671165, -0.193542, 0.715598, 0.138817, 0.722127, 0.388872, -0.572113, 0.110625, 0.0, 0.0, 0.0, 1.0],
                [-0.172314, 0.875233, 0.451971, -0.049708, 0.650639, -0.243369, 0.719334, 0.14328, 0.73958, 0.418021, -0.527524, 0.110707, 0.0, 0.0, 0.0, 1.0],
                [-0.190468, 0.847317, 0.49576, -0.042027, 0.645849, -0.272171, 0.713304, 0.147743, 0.739326, 0.456048, -0.495398, 0.110788, 0.0, 0.0, 0.0, 1.0],
                [-0.196667, 0.754601, 0.62602, -0.034345, 0.666671, -0.365261, 0.64972, 0.152206, 0.718939, 0.545128, -0.431235, 0.11087, 0.0, 0.0, 0.0, 1.0],
                [-0.08564, 0.632811, 0.769556, -0.036386, 0.728118, -0.487478, 0.481884, 0.134015, 0.680083, 0.601596, -0.419012, 0.106749, 0.0, 0.0, 0.0, 1.0],
                [0.024748, 0.631884, 0.774668, -0.038428, 0.759154, -0.516064, 0.396692, 0.115824, 0.650442, 0.578275, -0.492468, 0.102628, 0.0, 0.0, 0.0, 1.0],
                [0.231992, 0.6418, 0.730941, -0.030972, 0.760872, -0.587889, 0.274702, 0.108073, 0.606016, 0.492423, -0.624712, 0.12122, 0.0, 0.0, 0.0, 1.0],
                [0.401563, 0.624355, 0.670022, -0.023517, 0.702927, -0.679084, 0.211517, 0.100323, 0.587063, 0.38604, -0.71157, 0.139812, 0.0, 0.0, 0.0, 1.0],
                [0.461686, 0.551625, 0.694663, 0.002246, 0.623716, -0.758718, 0.187957, 0.094087, 0.630735, 0.346496, -0.694346, 0.122293, 0.0, 0.0, 0.0, 1.0],
                [0.519526, 0.412788, 0.748131, 0.02801, 0.411044, -0.888336, 0.204705, 0.087852, 0.749092, 0.201165, -0.631186, 0.104774, 0.0, 0.0, 0.0, 1.0],
                [0.556716, 0.301258, 0.774152, 0.053773, 0.240857, -0.950431, 0.196649, 0.081617, 0.795021, 0.076982, -0.601679, 0.087255, 0.0, 0.0, 0.0, 1.0],
                [0.562015, 0.309487, 0.767045, 0.079537, 0.246925, -0.947851, 0.201516, 0.075381, 0.789411, 0.076148, -0.609125, 0.069736, 0.0, 0.0, 0.0, 1.0],
                [0.561323, 0.32378, 0.761633, 0.085987, 0.256953, -0.942996, 0.211506, 0.06883, 0.786698, 0.076981, -0.612521, 0.072908, 0.0, 0.0, 0.0, 1.0],
                [0.564643, 0.336719, 0.753525, 0.092438, 0.26542, -0.938576, 0.220522, 0.062278, 0.781494, 0.075484, -0.619331, 0.076079, 0.0, 0.0, 0.0, 1.0],
                [0.571648, 0.33761, 0.747823, 0.098889, 0.264724, -0.938573, 0.221367, 0.055727, 0.776623, 0.071423, -0.625906, 0.07925, 0.0, 0.0, 0.0, 1.0],
                [0.581838, 0.331329, 0.742756, 0.085602, 0.262335, -0.9409, 0.214217, 0.050221, 0.769836, 0.070212, -0.634369, 0.070056, 0.0, 0.0, 0.0, 1.0],
                [0.595013, 0.315734, 0.739102, 0.081091, 0.258384, -0.945935, 0.196079, 0.050116, 0.761051, 0.074303, -0.644423, 0.074975, 0.0, 0.0, 0.0, 1.0],
                [0.595174, 0.306023, 0.743047, 0.076581, 0.254787, -0.948807, 0.186682, 0.050011, 0.762138, 0.078211, -0.642675, 0.079894, 0.0, 0.0, 0.0, 1.0],
                [0.561564, 0.269987, 0.782147, 0.063049, 0.266831, -0.953859, 0.137681, 0.049696, 0.78323, 0.131385, -0.607692, 0.094651, 0.0, 0.0, 0.0, 1.0],
                [0.556148, 0.263259, 0.788286, 0.063457, 0.266447, -0.954917, 0.130925, 0.050681, 0.787215, 0.137224, -0.601219, 0.09392, 0.0, 0.0, 0.0, 1.0],
                [0.546876, 0.254159, 0.797704, 0.063865, 0.268289, -0.955762, 0.12059, 0.051665, 0.793064, 0.148068, -0.59087, 0.093189, 0.0, 0.0, 0.0, 1.0],
                [0.537286, 0.244081, 0.80731, 0.064273, 0.271579, -0.956295, 0.108382, 0.052649, 0.798481, 0.161016, -0.58009, 0.092457, 0.0, 0.0, 0.0, 1.0],
                [0.533237, 0.237656, 0.811899, 0.061602, 0.270218, -0.957302, 0.102745, 0.056352, 0.80165, 0.164603, -0.574686, 0.093211, 0.0, 0.0, 0.0, 1.0],
                [0.532535, 0.23888, 0.812, 0.056428, 0.270994, -0.956968, 0.103803, 0.058238, 0.801856, 0.164768, -0.574353, 0.092913, 0.0, 0.0, 0.0, 1.0]
            ]
        },
        {
            "name": "Leg_R",
            "time": [0.0, 0.0417, 0.0833, 0.125, 0.1667, 0.2083, 0.25, 0.2917, 0.3333, 0.375, 0.4167, 0.4583, 0.5, 0.5417, 0.5833, 0.625, 0.6667, 0.7083, 0.75, 0.7917, 0.8333, 0.875, 0.9167, 0.9583, 1.0, 1.0417, 1.0833, 1.125, 1.1667, 1.2083, 1.25, 1.2917, 1.3333, 1.375, 1.4167, 1.4583, 1.5, 1.5417, 1.5833, 1.625, 1.6667, 1.7083, 1.75, 1.7917, 1.8333, 1.875, 1.9167, 1.9583, 2.0, 2.0833, 2.125, 2.1667, 2.2917, 2.3333, 2.375, 2.4167, 2.5, 2.5417],
            "transform": [
                [0.999999, 0.0, 0.0, 0.0, -0.0, -0.127463, 0.991844, 0.37472, 0.0, -0.991843, -0.127463, -0.0, 0.0, 0.0, 0.0, 1.0],
                [0.999999, 0.0, 0.0, 0.0, -0.0, -0.01719, 0.999852, 0.37472, 0.0, -0.999853, -0.017189, 0.0, 0.0, 0.0, 0.0, 1.0],
                [0.999999, 0.0, 0.0, -0.0, -0.0, 0.076656, 0.997058, 0.37472, 0.0, -0.997058, 0.076656, 0.0, 0.0, 0.0, 0.0, 1.0],
                [0.999999, 0.0, 0.0, -0.0, -0.0, 0.15238, 0.988322, 0.37472, 0.0, -0.988323, 0.15238, 0.0, 0.0, 0.0, 0.0, 1.0],
                [0.999999, 0.0, 0.0, 0.0, -0.0, 0.21605, 0.976382, 0.37472, 0.0, -0.976383, 0.21605, -0.0, 0.0, 0.0, 0.0, 1.0],
                [1.0, 0.0, 0.0, -0.0, -0.0, 0.201595, 0.979469, 0.37472, 0.0, -0.97947, 0.201594, -0.0, 0.0, 0.0, 0.0, 1.0],
                [0.999999, 0.0, 0.0, -0.0, -0.0, 0.165688, 0.986179, 0.37472, 0.0, -0.986179, 0.165688, 0.0, 0.0, 0.0, 0.0, 1.0],
                [0.999999, 0.0, 0.0, -0.0, -0.0, 0.116709, 0.993166, 0.37472, 0.0, -0.993167, 0.116709, 0.0, 0.0, 0.0, 0.0, 1.0],
                [1.0, 0.0, 0.0, 0.0, -0.0, 0.091032, 0.995848, 0.37472, 0.0, -0.995849, 0.091032, 0.0, 0.0, 0.0, 0.0, 1.0],
                [0.999999, 0.0, 0.0, -0.0, -0.0, 0.08244, 0.996596, 0.37472, 0.0, -0.996597, 0.08244, 0.0, 0.0, 0.0, 0.0, 1.0],
                [0.999999, 0.0, 0.0, 0.0, -0.0, 0.021246, 0.999774, 0.37472, 0.0, -0.999775, 0.021246, 0.0, 0.0, 0.0, 0.0, 1.0],
                [1.0, 0.0, 0.0, 0.0, -0.0, 0.039761, 0.99921, 0.37472, 0.0, -0.99921, 0.039761, 0.0, 0.0, 0.0, 0.0, 1.0],
                [0.999999, 0.0, 0.0, 0.0, -0.0, 0.135171, 0.990822, 0.37472, 0.0, -0.990823, 0.135171, 0.0, 0.0, 0.0, 0.0, 1.0],
                [0.999999, 0.0, 0.0, 0.0, -0.0, 0.33688, 0.941548, 0.37472, 0.0, -0.941548, 0.33688, 0.0, 0.0, 0.0, 0.0, 1.0],
                [1.0, 0.0, 0.0, -0.0, -0.0, 0.375639, 0.926766, 0.37472, 0.0, -0.926767, 0.375638, -0.0, 0.0, 0.0, 0.0, 1.0],
                [1.0, 0.0, 0.0, 0.0, -0.0, 0.252138, 0.967691, 0.37472, 0.0, -0.967692, 0.252137, -0.0, 0.0, 0.0, 0.0, 1.0],
                [0.999999, 0.0, 0.0, 0.0, -0.0, 0.287355, 0.957824, 0.37472, 0.0, -0.957825, 0.287355, 0.0, 0.0, 0.0, 0.0, 1.0],
                [1.0, 0.0, 0.0, -0.0, -0.0, 0.430116, 0.902774, 0.37472, 0.0, -0.902774, 0.430116, 0.0, 0.0, 0.0, 0.0, 1.0],
                [0.999999, 0.0, 0.0, 0.0, -0.0, 0.566765, 0.82388, 0.37472, 0.0, -0.82388, 0.566765, -0.0, 0.0, 0.0, 0.0, 1.0],
                [0.999999, 0.0, 0.0, 0.0, -0.0, 0.537832, 0.843052, 0.37472, 0.0, -0.843052, 0.537832, -0.0, 0.0, 0.0, 0.0, 1.0],
                [1.0, 0.0, 0.0, 0.0, -0.0, 0.435275, 0.900297, 0.37472, 0.0, -0.900298, 0.435275, -0.0, 0.0, 0.0, 0.0, 1.0],
                [1.0, 0.0, 0.0, -0.0, -0.0, 0.361949, 0.932198, 0.37472, 0.0, -0.932198, 0.361949, 0.0, 0.0, 0.0, 0.0, 1.0],
                [1.0, 0.0, 0.0, -0.0, -0.0, 0.315764, 0.948838, 0.37472, 0.0, -0.948838, 0.315764, -0.0, 0.0, 0.0, 0.0, 1.0],
                [0.999999, 0.0, 0.0, -0.0, -0.0, 0.379616, 0.925144, 0.37472, 0.0, -0.925145, 0.379616, -0.0, 0.0, 0.0, 0.0, 1.0],
                [0.999999, 0.0, 0.0, -0.0, -0.0, 0.506055, 0.862501, 0.37472, 0.0, -0.862502, 0.506055, 0.0, 0.0, 0.0, 0.0, 1.0],
                [1.0, 0.0, 0.0, 0.0, -0.0, 0.534066, 0.845443, 0.37472, 0.0, -0.845443, 0.534066, 0.0, 0.0, 0.0, 0.0, 1.0],
                [0.999999, 0.0, 0.0, 0.0, -0.0, 0.313761, 0.949502, 0.37472, 0.0, -0.949503, 0.313761, -0.0, 0.0, 0.0, 0.0, 1.0],
                [0.999999, 0.0, 0.0, 0.0, -0.0, 0.62977, 0.776782, 0.37472, 0.0, -0.776782, 0.62977, -0.0, 0.0, 0.0, 0.0, 1.0],
                [0.999999, 0.0, 0.0, -0.0, -0.0, 0.440684, 0.897662, 0.37472, 0.0, -0.897662, 0.440684, 0.0, 0.0, 0.0, 0.0, 1.0],
                [0.999999, 0.0, 0.0, -0.0, -0.0, 0.300737, 0.953707, 0.37472, 0.0, -0.953708, 0.300737, -0.0, 0.0, 0.0, 0.0, 1.0],
                [0.999999, 0.0, 0.0, -0.0, -0.0, 0.251723, 0.967799, 0.37472, 0.0, -0.9678, 0.251723, -0.0, 0.0, 0.0, 0.0, 1.0],
                [0.999999, 0.0, 0.0, -0.0, -0.0, 0.208683, 0.977983, 0.37472, 0.0, -0.977984, 0.208682, 0.0, 0.0, 0.0, 0.0, 1.0],
                [1.0, 0.0, 0.0, 0.0, -0.0, 0.219324, 0.975652, 0.37472, 0.0, -0.975653, 0.219323, 0.0, 0.0, 0.0, 0.0, 1.0],
                [1.0, 0.0, 0.0, -0.0, -0.0, 0.2664, 0.963863, 0.37472, 0.0, -0.963863, 0.266399, 0.0, 0.0, 0.0, 0.0, 1.0],
                [0.999999, 0.0, 0.0, 0.0, -0.0, 0.341784, 0.939779, 0.37472, 0.0, -0.939779, 0.341784, 0.0, 0.0, 0.0, 0.0, 1.0],
                [0.999999, 0.0, 0.0, 0.0, -0.0, 0.456654, 0.889645, 0.37472, 0.0, -0.889645, 0.456654, -0.0, 0.0, 0.0, 0.0, 1.0],
                [1.0, 0.0, 0.0, 0.0, -0.0, 0.528483, 0.848944, 0.37472, 0.0, -0.848944, 0.528483, -0.0, 0.0, 0.0, 0.0, 1.0],
                [0.999999, 0.0, 0.0, 0.0, -0.0, 0.723028, 0.690818, 0.37472, 0.0, -0.690818, 0.723029, -0.0, 0.0, 0.0, 0.0, 1.0],
                [1.0, 0.0, 0.0, 0.0, -0.0, 0.876588, 0.481242, 0.37472, -0.0, -0.481242, 0.876588, 0.0, 0.0, 0.0, 0.0, 1.0],
                [1.0, 0.0, 0.0, 0.0, -0.0, 0.854302, 0.519778, 0.37472, -0.0, -0.519777, 0.854302, -0.0, 0.0, 0.0, 0.0, 1.0],
                [1.0, 0.0, 0.0, -0.0, -0.0, 0.766086, 0.642738, 0.37472, 0.0, -0.642738, 0.766086, 0.0, 0.0, 0.0, 0.0, 1.0],
                [1.0, 0.0, 0.0, -0.0, -0.0, 0.662822, 0.748777, 0.37472, 0.0, -0.748777, 0.662822, 0.0, 0.0, 0.0, 0.0, 1.0],
                [0.999999, 0.0, 0.0, -0.0, -0.0, 0.669014, 0.74325, 0.37472, 0.0, -0.74325, 0.669014, -0.0, 0.0, 0.0, 0.0, 1.0],
                [0.999999, 0.0, 0.0, 0.0, -0.0, 0.746984, 0.664843, 0.37472, 0.0, -0.664843, 0.746984, 0.0, 0.0, 0.0, 0.0, 1.0],
                [1.0, 0.0, -0.0, 0.0, -0.0, 0.850421, 0.526103, 0.37472, 0.0, -0.526103, 0.850421, 0.0, 0.0, 0.0, 0.0, 1.0],
                [1.0, 0.0, -0.0, -0.0, -0.0, 0.855764, 0.517367, 0.37472, 0.0, -0.517366, 0.855764, -0.0, 0.0, 0.0, 0.0, 1.0],
                [0.999999, 0.0, -0.0, -0.0, -0.0, 0.858293, 0.513159, 0.37472, 0.0, -0.513159, 0.858294, 0.0, 0.0, 0.0, 0.0, 1.0],
                [1.0, 0.0, -0.0, 0.0, -0.0, 0.856108, 0.516797, 0.37472, 0.0, -0.516797, 0.856108, -0.0, 0.0, 0.0, 0.0, 1.0],
                [1.0, 0.0, -0.0, -0.0, -0.0, 0.853378, 0.521293, 0.37472, 0.0, -0.521293, 0.853378, 0.0, 0.0, 0.0, 0.0, 1.0],
                [1.0, 0.0, -0.0, 0.0, -0.0, 0.849104, 0.528227, 0.37472, 0.0, -0.528226, 0.849104, -0.0, 0.0, 0.0, 0.0, 1.0],
                [1.0, 0.0, -0.0, 0.0, -0.0, 0.849066, 0.528287, 0.37472, 0.0, -0.528287, 0.849067, 1e-06, 0.0, 0.0, 0.0, 1.0],
                [1.0, 0.0, -0.0, -0.0, -0.0, 0.853013, 0.521889, 0.37472, 0.0, -0.521889, 0.853014, 0.0, 0.0, 0.0, 0.0, 1.0],
                [1.0, 0.0, -0.0, -0.0, -0.0, 0.906891, 0.421367, 0.37472, 0.0, -0.421367, 0.906891, -0.0, 0.0, 0.0, 0.0, 1.0],
                [0.999999, 0.0, -0.0, -0.0, -0.0, 0.912747, 0.408525, 0.37472, 0.0, -0.408525, 0.912748, -0.0, 0.0, 0.0, 0.0, 1.0],
                [0.999999, 0.0, -0.0, -0.0, -0.0, 0.92063, 0.390436, 0.37472, 0.0, -0.390436, 0.920631, 0.0, 0.0, 0.0, 0.0, 1.0],
                [0.999999, 0.0, -0.0, 0.0, -0.0, 0.928672, 0.370902, 0.37472, 0.0, -0.370901, 0.928673, 0.0, 0.0, 0.0, 0.0, 1.0],
                [0.999999, 0.0, -0.0, 0.0, -0.0, 0.932178, 0.361999, 0.37472, 0.0, -0.361999, 0.932179, 0.0, 0.0, 0.0, 0.0, 1.0],
                [1.0, -0.0, 0.0, -0.0, 0.0, 0.932201, 0.361941, 0.37472, -0.0, -0.361941, 0.932201, -0.0, 0.0, 0.0, 0.0, 1.0]
            ]
        },
        {
            "name": "Knee_R",
            "time": [0.0, 2.0833, 2.5417],
            "transform": [
                [1.0, 0.0, -0.0, 0.0, -0.0, 1e-06, -1.0, 0.37472, -0.0, 1.0, 1e-06, -0.0, 0.0, 0.0, 0.0, 1.0],
                [1.0, 0.0, -0.0, 0.0, -0.0, 1e-06, -1.0, 0.37472, -0.0, 1.0, 1e-06, -0.0, 0.0, 0.0, 0.0, 1.0],
                [1.0, 0.0, -0.0, -0.0, -0.0, 1e-06, -1.0, 0.37472, -0.0, 1.0, 1e-06, -0.0, 0.0, 0.0, 0.0, 1.0]
            ]
        },
        {
            "name": "Thigh_L",
            "time": [0.0, 0.0417, 0.0833, 0.125, 0.1667, 0.2083, 0.25, 0.2917, 0.3333, 0.375, 0.4167, 0.4583, 0.5, 0.5417, 0.5833, 0.625, 0.6667, 0.7083, 0.75, 0.7917, 0.8333, 0.875, 0.9167, 0.9583, 1.0, 1.0417, 1.0833, 1.125, 1.1667, 1.2083, 1.25, 1.2917, 1.3333, 1.375, 1.4167, 1.4583, 1.5, 1.5417, 1.5833, 1.625, 1.6667, 1.7083, 1.75, 1.7917, 1.8333, 1.875, 1.9167, 1.9583, 2.0, 2.0833, 2.125, 2.1667, 2.2083, 2.25, 2.2917, 2.3333, 2.375, 2.4167, 2.5, 2.5417],
            "transform": [
                [-0.425022, -0.889843, -0.165945, 0.133567, -0.232963, -0.06962, 0.96999, 0.127803, -0.874688, 0.450929, -0.177711, 0.076103, 0.0, 0.0, 0.0, 1.0],
                [-0.271171, -0.945607, -0.179717, 0.052117, -0.401899, -0.058424, 0.913818, 0.058806, -0.874608, 0.320031, -0.364196, 0.144933, 0.0, 0.0, 0.0, 1.0],
                [-0.148305, -0.972837, -0.177759, 0.084741, -0.509785, -0.078821, 0.856683, 0.059243, -0.84742, 0.217671, -0.484248, 0.154091, 0.0, 0.0, 0.0, 1.0],
                [-0.046384, -0.982876, -0.178346, 0.064413, -0.58998, -0.117117, 0.798878, 0.071642, -0.806081, 0.142276, -0.574445, 0.15743, 0.0, 0.0, 0.0, 1.0],
                [0.058622, -0.972184, -0.226777, 0.044086, -0.668785, -0.206901, 0.714085, 0.084041, -0.741138, 0.109804, -0.66231, 0.160769, 0.0, 0.0, 0.0, 1.0],
                [0.101768, -0.941773, -0.320486, 0.023759, -0.692457, -0.298363, 0.656872, 0.096441, -0.714242, 0.155075, -0.682501, 0.164108, 0.0, 0.0, 0.0, 1.0],
                [0.103359, -0.899694, -0.424113, 0.003431, -0.69109, -0.371621, 0.619912, 0.10884, -0.715337, 0.229028, -0.660179, 0.167447, 0.0, 0.0, 0.0, 1.0],
                [0.090529, -0.792684, -0.602876, -0.016896, -0.680863, -0.491051, 0.543409, 0.121239, -0.726791, 0.361284, -0.584163, 0.170787, 0.0, 0.0, 0.0, 1.0],
                [0.069311, -0.625751, -0.776938, -0.037224, -0.665463, -0.609215, 0.431296, 0.133639, -0.743203, 0.487133, -0.45864, 0.174126, 0.0, 0.0, 0.0, 1.0],
                [0.053218, -0.556896, -0.828877, -0.072588, -0.650986, -0.648775, 0.394091, 0.119797, -0.757218, 0.518618, -0.397058, 0.123755, 0.0, 0.0, 0.0, 1.0],
                [0.00967, -0.465849, -0.884812, -0.107953, -0.611777, -0.702683, 0.363271, 0.105956, -0.790968, 0.537798, -0.29179, 0.073384, 0.0, 0.0, 0.0, 1.0],
                [0.255482, -0.320717, -0.912069, -0.143317, -0.530244, -0.83532, 0.145199, 0.092114, -0.808434, 0.446526, -0.383467, 0.023013, 0.0, 0.0, 0.0, 1.0],
                [0.604934, -0.302098, -0.736743, -0.141054, -0.420571, -0.906873, 0.026528, 0.079137, -0.676144, 0.293807, -0.675652, -0.043215, 0.0, 0.0, 0.0, 1.0],
                [0.995403, -0.091218, -0.029117, -0.138791, -0.093278, -0.992447, -0.079711, 0.06616, -0.021626, 0.082062, -0.996392, -0.109442, 0.0, 0.0, 0.0, 1.0],
                [0.683856, 0.220757, 0.695417, -0.050812, 0.163039, -0.975266, 0.149263, 0.071822, 0.711164, 0.011306, -0.702933, -0.170457, 0.0, 0.0, 0.0, 1.0],
                [0.351971, 0.43672, 0.827884, 0.009161, 0.113902, -0.897895, 0.425224, 0.069733, 0.929053, -0.055369, -0.365776, -0.136783, 0.0, 0.0, 0.0, 1.0],
                [-0.116222, 0.496686, 0.860115, 0.069135, -0.027125, -0.867249, 0.497138, 0.067643, 0.99285, 0.034448, 0.114266, -0.103109, 0.0, 0.0, 0.0, 1.0],
                [-0.570378, 0.437849, 0.694951, 0.129109, -0.229146, -0.897309, 0.377269, 0.065553, 0.788769, 0.055941, 0.612136, -0.069436, 0.0, 0.0, 0.0, 1.0],
                [-0.71483, 0.411768, 0.565211, 0.159014, -0.247607, -0.904934, 0.346107, 0.060799, 0.653991, 0.107458, 0.74883, 0.02289, 0.0, 0.0, 0.0, 1.0],
                [-0.863764, 0.283771, 0.416392, 0.139957, -0.08526, -0.896744, 0.434264, 0.063082, 0.496626, 0.339603, 0.798769, 0.042053, 0.0, 0.0, 0.0, 1.0],
                [-0.997355, 0.062678, 0.03673, 0.129378, -0.022759, -0.749721, 0.661364, 0.063503, 0.068989, 0.658783, 0.749164, 0.043711, 0.0, 0.0, 0.0, 1.0],
                [-0.974327, -0.062612, -0.216244, 0.1188, -0.115483, -0.685535, 0.718823, 0.063925, -0.193249, 0.725345, 0.660705, 0.045369, 0.0, 0.0, 0.0, 1.0],
                [-0.885918, -0.121728, -0.447579, 0.120951, -0.250543, -0.686484, 0.682619, 0.0952, -0.390348, 0.716887, 0.577671, 0.005885, 0.0, 0.0, 0.0, 1.0],
                [-0.66666, -0.211464, -0.714735, 0.107678, -0.385161, -0.723228, 0.573232, 0.061488, -0.63813, 0.657442, 0.400699, 0.075134, 0.0, 0.0, 0.0, 1.0],
                [-0.444138, -0.391261, -0.806013, 0.078218, -0.390647, -0.725031, 0.567209, 0.023939, -0.806307, 0.566789, 0.169169, 0.117913, 0.0, 0.0, 0.0, 1.0],
                [0.181626, -0.796532, -0.576673, 0.040837, -0.438209, -0.590543, 0.677667, 0.101345, -0.880329, 0.129622, -0.456306, 0.168696, 0.0, 0.0, 0.0, 1.0],
                [0.820677, -0.425552, 0.381305, -0.115942, -0.563158, -0.489551, 0.665727, 0.164698, -0.096633, -0.761085, -0.641416, 0.060421, 0.0, 0.0, 0.0, 1.0],
                [0.608479, 0.427188, 0.668777, -0.096445, -0.537438, -0.398225, 0.743354, 0.127283, 0.583873, -0.811746, -0.012725, -0.004859, 0.0, 0.0, 0.0, 1.0],
                [0.580888, 0.453341, 0.676055, -0.076948, -0.676618, -0.192783, 0.710648, 0.089868, 0.452496, -0.870242, 0.194753, -0.07014, 0.0, 0.0, 0.0, 1.0],
                [0.521746, 0.466277, 0.714399, -0.057451, -0.741111, -0.167027, 0.650272, 0.052453, 0.422529, -0.86873, 0.258417, -0.13542, 0.0, 0.0, 0.0, 1.0],
                [0.473792, 0.47056, 0.744375, -0.054001, -0.764716, -0.199341, 0.612755, 0.051467, 0.436721, -0.859559, 0.265398, -0.145587, 0.0, 0.0, 0.0, 1.0],
                [0.397925, 0.472608, 0.78632, -0.050552, -0.789496, -0.260148, 0.555892, 0.050481, 0.467277, -0.842004, 0.269602, -0.155753, 0.0, 0.0, 0.0, 1.0],
                [0.260614, 0.481803, 0.836628, -0.047102, -0.81774, -0.350488, 0.456571, 0.049495, 0.513203, -0.803137, 0.302648, -0.16592, 0.0, 0.0, 0.0, 1.0],
                [0.153888, 0.488191, 0.859063, -0.043653, -0.828907, -0.409427, 0.381157, 0.048509, 0.537798, -0.770743, 0.341658, -0.176086, 0.0, 0.0, 0.0, 1.0],
                [0.083837, 0.486469, 0.869667, -0.050619, -0.829012, -0.4502, 0.331747, 0.044236, 0.552907, -0.74878, 0.365545, -0.173096, 0.0, 0.0, 0.0, 1.0],
                [0.090912, 0.501386, 0.860435, -0.057584, -0.819342, -0.453449, 0.3508, 0.039963, 0.566047, -0.736886, 0.369582, -0.170106, 0.0, 0.0, 0.0, 1.0],
                [0.144784, 0.521898, 0.840632, -0.064549, -0.80846, -0.427419, 0.404602, 0.035689, 0.57046, -0.738201, 0.36005, -0.167116, 0.0, 0.0, 0.0, 1.0],
                [0.31876, 0.546592, 0.774358, -0.071515, -0.756848, -0.345031, 0.555097, 0.031416, 0.570586, -0.763018, 0.303704, -0.164125, 0.0, 0.0, 0.0, 1.0],
                [0.55016, 0.527666, 0.647219, -0.079479, -0.620141, -0.260886, 0.739839, 0.03386, 0.559236, -0.808401, 0.183698, -0.169007, 0.0, 0.0, 0.0, 1.0],
                [0.62917, 0.506972, 0.589172, -0.087444, -0.542427, -0.256518, 0.799982, 0.036303, 0.556699, -0.822912, 0.113602, -0.173888, 0.0, 0.0, 0.0, 1.0],
                [0.732463, 0.459205, 0.50262, -0.090228, -0.402997, -0.302585, 0.863733, 0.041911, 0.548713, -0.835212, -0.036574, -0.161535, 0.0, 0.0, 0.0, 1.0],
                [0.816153, 0.393574, 0.423074, -0.093012, -0.273237, -0.382278, 0.882726, 0.047519, 0.509147, -0.836043, -0.204459, -0.149183, 0.0, 0.0, 0.0, 1.0],
                [0.857862, 0.335845, 0.388945, -0.095797, -0.214949, -0.452972, 0.865224, 0.053127, 0.466761, -0.82585, -0.316398, -0.13683, 0.0, 0.0, 0.0, 1.0],
                [0.91542, 0.214839, 0.340363, -0.098581, -0.140176, -0.622522, 0.769947, 0.058735, 0.377296, -0.75254, -0.539753, -0.124478, 0.0, 0.0, 0.0, 1.0],
                [0.955452, 0.108632, 0.27442, -0.101365, -0.090324, -0.777561, 0.622289, 0.064344, 0.280978, -0.619357, -0.733109, -0.112125, 0.0, 0.0, 0.0, 1.0],
                [0.948552, 0.090187, 0.303499, -0.104149, -0.108344, -0.808246, 0.578794, 0.069952, 0.2975, -0.581901, -0.756892, -0.099773, 0.0, 0.0, 0.0, 1.0],
                [0.926818, 0.064588, 0.369909, -0.104697, -0.146666, -0.844585, 0.514946, 0.067497, 0.345678, -0.531517, -0.773303, -0.095739, 0.0, 0.0, 0.0, 1.0],
                [0.905002, 0.033019, 0.42412, -0.105245, -0.179379, -0.874397, 0.45084, 0.065042, 0.385734, -0.484091, -0.785407, -0.091705, 0.0, 0.0, 0.0, 1.0],
                [0.902495, 0.014035, 0.430468, -0.105793, -0.189026, -0.88516, 0.425164, 0.062587, 0.386998, -0.46508, -0.796199, -0.087671, 0.0, 0.0, 0.0, 1.0],
                [0.897058, -0.017775, 0.441552, -0.106888, -0.209338, -0.897061, 0.389182, 0.057678, 0.38918, -0.441554, -0.808436, -0.079602, 0.0, 0.0, 0.0, 1.0],
                [0.898864, -0.056535, 0.434561, -0.095982, -0.229029, -0.906042, 0.355863, 0.050248, 0.37361, -0.419401, -0.827356, -0.078114, 0.0, 0.0, 0.0, 1.0],
                [0.900818, -0.065432, 0.429234, -0.085076, -0.231794, -0.908395, 0.347986, 0.042819, 0.367143, -0.412968, -0.833464, -0.076626, 0.0, 0.0, 0.0, 1.0],
                [0.902729, -0.063496, 0.425494, -0.07417, -0.225472, -0.91216, 0.342244, 0.035389, 0.366386, -0.404892, -0.837749, -0.075138, 0.0, 0.0, 0.0, 1.0],
                [0.904615, -0.061522, 0.421761, -0.072165, -0.219149, -0.915849, 0.336451, 0.038281, 0.365569, -0.396789, -0.841972, -0.07726, 0.0, 0.0, 0.0, 1.0],
                [0.906477, -0.059511, 0.418036, -0.070161, -0.212827, -0.91946, 0.330609, 0.041173, 0.364691, -0.388661, -0.846134, -0.079381, 0.0, 0.0, 0.0, 1.0],
                [0.903641, -0.056253, 0.424576, -0.068157, -0.212421, -0.919681, 0.330255, 0.044064, 0.371895, -0.388622, -0.84301, -0.081503, 0.0, 0.0, 0.0, 1.0],
                [0.899375, -0.052079, 0.434061, -0.078217, -0.21253, -0.919742, 0.330015, 0.045222, 0.382035, -0.389059, -0.838261, -0.078665, 0.0, 0.0, 0.0, 1.0],
                [0.895061, -0.048968, 0.443242, -0.088276, -0.213378, -0.919812, 0.329271, 0.046381, 0.391574, -0.389297, -0.833737, -0.075827, 0.0, 0.0, 0.0, 1.0],
                [0.892537, -0.048949, 0.448306, -0.088755, -0.215918, -0.919131, 0.329519, 0.047582, 0.39592, -0.390907, -0.830926, -0.075761, 0.0, 0.0, 0.0, 1.0],
                [0.893866, -0.048208, 0.445731, -0.088994, -0.214018, -0.919493, 0.329746, 0.048183, 0.393949, -0.390144, -0.83222, -0.075728, 0.0, 0.0, 0.0, 1.0]
            ]
        },
        {
            "name": "Leg_L",
            "time": [0.0, 0.0417, 0.0833, 0.125, 0.1667, 0.2083, 0.25, 0.2917, 0.3333, 0.375, 0.4167, 0.4583, 0.5, 0.5417, 0.5833, 0.625, 0.6667, 0.7083, 0.75, 0.7917, 0.8333, 0.875, 0.9167, 0.9583, 1.0, 1.0417, 1.0833, 1.125, 1.1667, 1.2083, 1.25, 1.2917, 1.3333, 1.375, 1.4167, 1.4583, 1.5, 1.5417, 1.5833, 1.625, 1.6667, 1.7083, 1.75, 1.7917, 1.8333, 1.875, 1.9167, 1.9583, 2.0, 2.0833, 2.125, 2.1667, 2.2917, 2.3333, 2.375, 2.4167, 2.5, 2.5417],
            "transform": [
                [0.999998, 0.0, -1e-06, 0.0, 1e-06, 0.361555, 0.932351, 0.37472, 0.0, -0.932352, 0.361555, -0.0, 0.0, 0.0, 0.0, 1.0],
                [0.999997, -0.0, -0.0, 0.0, 0.0, 0.375256, 0.926922, 0.37472, -0.0, -0.926923, 0.375256, -0.0, 0.0, 0.0, 0.0, 1.0],
                [0.999997, -0.0, -0.0, -0.0, 0.0, 0.332137, 0.943232, 0.37472, -0.0, -0.943232, 0.332137, -0.0, 0.0, 0.0, 0.0, 1.0],
                [0.999998, -0.0, -0.0, -0.0, 0.0, 0.318809, 0.94782, 0.37472, -0.0, -0.947821, 0.318808, -0.0, 0.0, 0.0, 0.0, 1.0],
                [0.999998, -0.0, -0.0, 0.0, 0.0, 0.384088, 0.923297, 0.37472, -0.0, -0.923297, 0.384088, -0.0, 0.0, 0.0, 0.0, 1.0],
                [0.999998, -0.0, -0.0, 0.0, 0.0, 0.483291, 0.875461, 0.37472, -0.0, -0.875461, 0.483291, -0.0, 0.0, 0.0, 0.0, 1.0],
                [0.999998, -0.0, -0.0, -0.0, 0.0, 0.591379, 0.806395, 0.37472, 0.0, -0.806394, 0.59138, -0.0, 0.0, 0.0, 0.0, 1.0],
                [0.999997, -0.0, -0.0, -0.0, 0.0, 0.771373, 0.636385, 0.37472, 0.0, -0.636384, 0.771374, -0.0, 0.0, 0.0, 0.0, 1.0],
                [0.999998, -0.0, -0.0, 0.0, 0.0, 0.905057, 0.42529, 0.37472, 0.0, -0.425288, 0.90506, 0.0, 0.0, 0.0, 0.0, 1.0],
                [0.999997, 0.0, -0.0, 0.0, 0.0, 0.861421, 0.507892, 0.37472, 0.0, -0.50789, 0.861424, 0.0, 0.0, 0.0, 0.0, 1.0],
                [0.999998, -0.0, -0.0, -0.0, 0.0, 0.595953, 0.803021, 0.37472, 0.0, -0.80302, 0.595953, 0.0, 0.0, 0.0, 0.0, 1.0],
                [0.999998, -0.0, -0.0, 0.0, 0.0, 0.43897, 0.898502, 0.37472, -0.0, -0.898503, 0.43897, -0.0, 0.0, 0.0, 0.0, 1.0],
                [0.999998, -0.0, -0.0, 0.0, 0.0, 0.401553, 0.915837, 0.37472, -0.0, -0.915837, 0.401552, -0.0, 0.0, 0.0, 0.0, 1.0],
                [0.999998, -0.0, -0.0, 0.0, 0.0, 0.390187, 0.920737, 0.37472, -0.0, -0.920737, 0.390187, 0.0, 0.0, 0.0, 0.0, 1.0],
                [0.999998, -0.0, -0.0, 0.0, 0.0, 0.263261, 0.964725, 0.37472, -0.0, -0.964726, 0.26326, 0.0, 0.0, 0.0, 0.0, 1.0],
                [0.999998, -0.0, -0.0, 0.0, 0.0, 0.098753, 0.995112, 0.37472, -0.0, -0.995113, 0.098753, 0.0, 0.0, 0.0, 0.0, 1.0],
                [0.999998, -0.0, -0.0, 0.0, 0.0, 0.066699, 0.997774, 0.37472, -0.0, -0.997775, 0.066699, -0.0, 0.0, 0.0, 0.0, 1.0],
                [0.999998, -0.0, -0.0, -0.0, 0.0, 0.131233, 0.991352, 0.37472, -0.0, -0.991353, 0.131233, 0.0, 0.0, 0.0, 0.0, 1.0],
                [0.999998, -0.0, -0.0, -0.0, 0.0, 0.17237, 0.985033, 0.37472, -0.0, -0.985034, 0.17237, -0.0, 0.0, 0.0, 0.0, 1.0],
                [0.999998, -0.0, -0.0, 0.0, 0.0, 0.154259, 0.988031, 0.37472, -0.0, -0.988032, 0.154259, -0.0, 0.0, 0.0, 0.0, 1.0],
                [0.999998, -0.0, -0.0, -0.0, 0.0, 0.184189, 0.982891, 0.37472, -0.0, -0.982892, 0.184189, -0.0, 0.0, 0.0, 0.0, 1.0],
                [0.999997, -0.0, -0.0, -0.0, 0.0, 0.328249, 0.944592, 0.37472, -0.0, -0.944593, 0.328249, 0.0, 0.0, 0.0, 0.0, 1.0],
                [0.999997, -0.0, -0.0, -0.0, 0.0, 0.54139, 0.840773, 0.37472, 0.0, -0.840773, 0.541391, 0.0, 0.0, 0.0, 0.0, 1.0],
                [0.999997, -0.0, -0.0, 0.0, 0.0, 0.647139, 0.762374, 0.37472, 0.0, -0.762373, 0.64714, 0.0, 0.0, 0.0, 0.0, 1.0],
                [0.999998, -0.0, 0.0, -0.0, 0.0, 0.471121, 0.88207, 0.37472, -0.0, -0.88207, 0.471121, 0.0, 0.0, 0.0, 0.0, 1.0],
                [0.999998, -0.0, -0.0, -0.0, 0.0, -0.086165, 0.996282, 0.37472, -0.0, -0.996282, -0.086165, -0.0, 0.0, 0.0, 0.0, 1.0],
                [0.999998, -0.0, -0.0, 0.0, 0.0, -0.236008, 0.971751, 0.37472, -0.0, -0.971752, -0.236008, -0.0, 0.0, 0.0, 0.0, 1.0],
                [0.999997, -0.0, -0.0, -0.0, 0.0, -0.156415, 0.987692, 0.37472, -0.0, -0.987693, -0.156415, -0.0, 0.0, 0.0, 0.0, 1.0],
                [0.999998, -0.0, -0.0, 0.0, 0.0, -0.268657, 0.963237, 0.37472, -0.0, -0.963237, -0.268657, 0.0, 0.0, 0.0, 0.0, 1.0],
                [0.999998, -0.0, 0.0, 0.0, -0.0, -0.210595, 0.977574, 0.37472, -0.0, -0.977575, -0.210595, 0.0, 0.0, 0.0, 0.0, 1.0],
