{
    "animation": [
        {
            "name": "Root",
            "time": [0.0, 0.0167, 0.0333, 0.05, 0.0667, 0.0833, 0.1, 0.1167, 0.1333, 0.15, 0.1667, 0.1833, 0.2, 0.2167, 0.2333, 0.25, 0.2667, 0.2833, 0.3, 0.3167, 0.3333, 0.35, 0.3667, 0.3833, 0.4, 0.4167, 0.4333, 0.45, 0.4667, 0.4833, 0.5, 0.5167, 0.5333, 0.55, 0.5667, 0.5833, 0.6, 0.6167, 0.6333, 0.65, 0.6667, 0.6833, 0.7, 0.7167, 0.7333, 0.75, 0.7667, 0.7833, 0.8, 0.8167, 0.8333, 0.85, 0.8667, 0.8833, 0.9, 0.9167, 0.9333, 0.95, 0.9667, 0.9833, 1.0, 1.0167, 1.0333, 1.05, 1.0667, 1.0833, 1.1, 1.1167, 1.1333, 1.15, 1.1667],
            "transform": [
                [0.967294, 0.0, 0.25366, -5e-06, 0.25366, 0.0, -0.967294, 0.011182, 0.0, 1.0, 0.0, 0.733264, 0.0, 0.0, 0.0, 1.0],
                [0.94676, 0.0, 0.321941, -5e-06, 0.321941, 0.0, -0.94676, 0.011182, 0.0, 1.0, 0.0, 0.733264, 0.0, 0.0, 0.0, 1.0],
                [0.864571, 0.0, 0.502511, -5e-06, 0.502511, 0.0, -0.864571, 0.011182, 0.0, 1.0, 0.0, 0.733264, 0.0, 0.0, 0.0, 1.0],
                [0.679475, 0.0, 0.733699, -5e-06, 0.733699, 0.0, -0.679475, 0.135127, 0.0, 1.0, 0.0, 0.695203, 0.0, 0.0, 0.0, 1.0],
                [0.413745, 0.0, 0.910393, -5e-06, 0.910393, 0.0, -0.413745, 0.275274, 0.0, 1.0, 0.0, 0.644411, 0.0, 0.0, 0.0, 1.0],
                [0.14574, 0.0, 0.989323, -0.000965, 0.989323, 0.0, -0.14574, 0.288352, 0.0, 1.0, 0.0, 0.629558, 0.0, 0.0, 0.0, 1.0],
                [-0.118149, 0.0, 0.992996, -0.001926, 0.992996, 0.0, 0.118149, 0.296877, 0.0, 1.0, 0.0, 0.627436, 0.0, 0.0, 0.0, 1.0],
                [-0.387046, 0.0, 0.92206, -0.001415, 0.92206, 0.0, 0.387046, 0.341633, 0.0, 1.0, 0.0, 0.627436, 0.0, 0.0, 0.0, 1.0],
                [-0.636634, 0.0, 0.771167, -0.000257, 0.771167, 0.0, 0.636634, 0.421923, 0.0, 1.0, 0.0, 0.627436, 0.0, 0.0, 0.0, 1.0],
                [-0.840996, 0.0, 0.541041, 0.000981, 0.541041, 0.0, 0.840996, 0.52668, 0.0, 1.0, 0.0, 0.627436, 0.0, 0.0, 0.0, 1.0],
                [-0.973468, 0.0, 0.228825, 0.001733, 0.228825, 0.0, 0.973468, 0.644837, 0.0, 1.0, 0.0, 0.627436, 0.0, 0.0, 0.0, 1.0],
                [-0.987186, 0.0, -0.159572, 0.00196, -0.159572, 0.0, 0.987186, 0.763216, 0.0, 1.0, 0.0, 0.627436, 0.0, 0.0, 0.0, 1.0],
                [-0.84231, 0.0, -0.538992, 0.002043, -0.538992, 0.0, 0.84231, 0.860196, 0.0, 1.0, 0.0, 0.627436, 0.0, 0.0, 0.0, 1.0],
                [-0.58032, 0.0, -0.814389, 0.002055, -0.814389, 0.0, 0.58032, 0.912043, 0.0, 1.0, 0.0, 0.627436, 0.0, 0.0, 0.0, 1.0],
                [-0.277965, 0.0, -0.960591, 0.000897, -0.960591, 0.0, 0.277965, 0.927081, 0.0, 1.0, 0.0, 0.627436, 0.0, 0.0, 0.0, 1.0],
                [0.019448, 0.0, -0.999811, -0.001253, -0.999811, 0.0, -0.019448, 0.932621, 0.0, 1.0, 0.0, 0.627436, 0.0, 0.0, 0.0, 1.0],
                [0.277253, 0.0, -0.960797, -0.002411, -0.960797, 0.0, -0.277253, 0.933412, 0.0, 1.0, 0.0, 0.627436, 0.0, 0.0, 0.0, 1.0],
                [0.473054, 0.0, -0.881034, -0.002392, -0.881034, 0.0, -0.473054, 0.914246, 0.0, 1.0, 0.0, 0.627436, 0.0, 0.0, 0.0, 1.0],
                [0.624573, 0.0, -0.780967, -0.002257, -0.780967, 0.0, -0.624573, 0.868543, 0.0, 1.0, 0.0, 0.627436, 0.0, 0.0, 0.0, 1.0],
                [0.757775, 0.0, -0.652516, -0.001891, -0.652516, 0.0, -0.757775, 0.813993, 0.0, 1.0, 0.0, 0.627436, 0.0, 0.0, 0.0, 1.0],
                [0.885132, 0.0, -0.46534, -0.001179, -0.46534, 0.0, -0.885132, 0.76829, 0.0, 1.0, 0.0, 0.627436, 0.0, 0.0, 0.0, 1.0],
                [0.985234, 0.0, -0.171212, -5e-06, -0.171212, 0.0, -0.985234, 0.749124, 0.0, 1.0, 0.0, 0.627436, 0.0, 0.0, 0.0, 1.0],
                [0.971622, 0.0, 0.236538, 0.014424, 0.236538, 0.0, -0.971622, 0.801819, 0.0, 1.0, 0.0, 0.627436, 0.0, 0.0, 0.0, 1.0],
                [0.809195, 0.0, 0.58754, 0.039707, 0.58754, 0.0, -0.809195, 0.911685, 0.0, 1.0, 0.0, 0.627436, 0.0, 0.0, 0.0, 1.0],
                [0.673086, 0.0, 0.739564, 0.053173, 0.739564, 0.0, -0.673086, 1.006391, 0.0, 1.0, 0.0, 0.627436, 0.0, 0.0, 0.0, 1.0],
                [0.633052, 0.0, 0.77411, 0.049234, 0.77411, 0.0, -0.633052, 1.059488, 0.0, 1.0, 0.0, 0.627436, 0.0, 0.0, 0.0, 1.0],
                [0.605208, 0.0, 0.796068, 0.039386, 0.796068, 0.0, -0.605208, 1.09508, 0.0, 1.0, 0.0, 0.627436, 0.0, 0.0, 0.0, 1.0],
                [0.587951, 0.0, 0.808897, 0.026584, 0.808897, 0.0, -0.587951, 1.116669, 0.0, 1.0, 0.0, 0.627436, 0.0, 0.0, 0.0, 1.0],
                [0.578986, 0.0, 0.815337, 0.013782, 0.815337, 0.0, -0.578986, 1.127755, 0.0, 1.0, 0.0, 0.627436, 0.0, 0.0, 0.0, 1.0],
                [0.575667, 0.0, 0.817684, 0.003934, 0.817684, 0.0, -0.575667, 1.131839, 0.0, 1.0, 0.0, 0.627436, 0.0, 0.0, 0.0, 1.0],
                [0.575192, 0.0, 0.818019, -5e-06, 0.818019, 0.0, -0.575192, 1.132423, 0.0, 1.0, 0.0, 0.627436, 0.0, 0.0, 0.0, 1.0],
                [0.575191, 0.0, 0.818019, -5e-06, 0.818019, 0.0, -0.575191, 1.132423, 0.0, 1.0, 0.0, 0.627436, 0.0, 0.0, 0.0, 1.0],
                [0.575191, 0.0, 0.818019, -5e-06, 0.818019, 0.0, -0.575191, 1.132423, 0.0, 1.0, 0.0, 0.627436, 0.0, 0.0, 0.0, 1.0],
                [0.575192, 0.0, 0.818019, -5e-06, 0.818019, 0.0, -0.575192, 1.132423, 0.0, 1.0, 0.0, 0.627436, 0.0, 0.0, 0.0, 1.0],
                [0.575191, 0.0, 0.818019, -5e-06, 0.818019, 0.0, -0.575191, 1.132423, 0.0, 1.0, 0.0, 0.627436, 0.0, 0.0, 0.0, 1.0],
                [0.575191, 0.0, 0.818019, -5e-06, 0.818019, 0.0, -0.575191, 1.132423, 0.0, 1.0, 0.0, 0.627436, 0.0, 0.0, 0.0, 1.0],
                [0.575191, 0.0, 0.818019, -5e-06, 0.818019, 0.0, -0.575191, 1.132423, 0.0, 1.0, 0.0, 0.627436, 0.0, 0.0, 0.0, 1.0],
                [0.575191, 0.0, 0.818019, -5e-06, 0.818019, 0.0, -0.575191, 1.132423, 0.0, 1.0, 0.0, 0.627436, 0.0, 0.0, 0.0, 1.0],
                [0.575192, 0.0, 0.818019, -5e-06, 0.818019, 0.0, -0.575192, 1.132423, 0.0, 1.0, 0.0, 0.627436, 0.0, 0.0, 0.0, 1.0],
                [0.575191, 0.0, 0.818019, -5e-06, 0.818019, 0.0, -0.575191, 1.132423, 0.0, 1.0, 0.0, 0.627436, 0.0, 0.0, 0.0, 1.0],
                [0.575191, 0.0, 0.818019, -5e-06, 0.818019, 0.0, -0.575191, 1.132423, 0.0, 1.0, 0.0, 0.627436, 0.0, 0.0, 0.0, 1.0],
                [0.575191, 0.0, 0.818019, -5e-06, 0.818019, 0.0, -0.575191, 1.132423, 0.0, 1.0, 0.0, 0.627436, 0.0, 0.0, 0.0, 1.0],
                [0.575191, 0.0, 0.818019, -5e-06, 0.818019, 0.0, -0.575191, 1.132423, 0.0, 1.0, 0.0, 0.627436, 0.0, 0.0, 0.0, 1.0],
                [0.575192, 0.0, 0.818019, -5e-06, 0.818019, 0.0, -0.575192, 1.132423, 0.0, 1.0, 0.0, 0.627436, 0.0, 0.0, 0.0, 1.0],
                [0.575191, 0.0, 0.818019, -5e-06, 0.818019, 0.0, -0.575191, 1.132423, 0.0, 1.0, 0.0, 0.627436, 0.0, 0.0, 0.0, 1.0],
                [0.599237, 0.0, 0.800572, 1.9e-05, 0.800572, 0.0, -0.599237, 1.131502, 0.0, 1.0, 0.0, 0.627486, 0.0, 0.0, 0.0, 1.0],
                [0.662112, 0.0, 0.749405, 8.9e-05, 0.749405, 0.0, -0.662112, 1.128763, 0.0, 1.0, 0.0, 0.627635, 0.0, 0.0, 0.0, 1.0],
                [0.748915, 0.0, 0.662666, 0.000204, 0.662666, 0.0, -0.748915, 1.124243, 0.0, 1.0, 0.0, 0.627882, 0.0, 0.0, 0.0, 1.0],
                [0.842539, 0.0, 0.538635, 0.000364, 0.538635, 0.0, -0.842539, 1.117977, 0.0, 1.0, 0.0, 0.628223, 0.0, 0.0, 0.0, 1.0],
                [0.924538, 0.0, 0.381089, 0.000568, 0.381089, 0.0, -0.924538, 1.11, 0.0, 1.0, 0.0, 0.628658, 0.0, 0.0, 0.0, 1.0],
                [0.979217, 0.0, 0.202814, 0.000814, 0.202814, 0.0, -0.979217, 1.100348, 0.0, 1.0, 0.0, 0.629184, 0.0, 0.0, 0.0, 1.0],
                [0.999675, 0.0, 0.025508, 0.001102, 0.025508, 0.0, -0.999675, 1.089057, 0.0, 1.0, 0.0, 0.629799, 0.0, 0.0, 0.0, 1.0],
                [0.99238, 0.0, -0.123218, 0.001432, -0.123218, 0.0, -0.99238, 1.076164, 0.0, 1.0, 0.0, 0.630502, 0.0, 0.0, 0.0, 1.0],
                [0.977894, 0.0, -0.209102, 0.001801, -0.209102, 0.0, -0.977894, 1.061703, 0.0, 1.0, 0.0, 0.63129, 0.0, 0.0, 0.0, 1.0],
                [0.969872, 0.0, -0.243614, 0.002201, -0.243614, 0.0, -0.969872, 1.046009, 0.0, 1.0, 0.0, 0.632145, 0.0, 0.0, 0.0, 1.0],
                [0.96203, 0.0, -0.272944, 0.002594, -0.272944, 0.0, -0.96203, 1.030615, 0.0, 1.0, 0.0, 0.632984, 0.0, 0.0, 0.0, 1.0],
                [0.953889, 0.0, -0.30016, 0.002933, -0.30016, 0.0, -0.953889, 1.017352, 0.0, 1.0, 0.0, 0.633707, 0.0, 0.0, 0.0, 1.0],
                [0.945659, 0.0, -0.325162, 0.00317, -0.325162, 0.0, -0.945659, 1.008052, 0.0, 1.0, 0.0, 0.634213, 0.0, 0.0, 0.0, 1.0],
                [0.94142, 0.0, -0.337237, 0.00326, -0.337237, 0.0, -0.94142, 1.004545, 0.0, 1.0, 0.0, 0.634405, 0.0, 0.0, 0.0, 1.0],
                [0.94142, 0.0, -0.337237, 0.00326, -0.337237, 0.0, -0.94142, 1.004545, 0.0, 1.0, 0.0, 0.634405, 0.0, 0.0, 0.0, 1.0],
                [0.94142, 0.0, -0.337237, 0.00326, -0.337237, 0.0, -0.94142, 1.004545, 0.0, 1.0, 0.0, 0.634405, 0.0, 0.0, 0.0, 1.0],
                [0.94142, 0.0, -0.337237, 0.00326, -0.337237, 0.0, -0.94142, 1.004545, 0.0, 1.0, 0.0, 0.634405, 0.0, 0.0, 0.0, 1.0],
                [0.94142, 0.0, -0.337237, 0.00326, -0.337237, 0.0, -0.94142, 1.004545, 0.0, 1.0, 0.0, 0.634405, 0.0, 0.0, 0.0, 1.0],
                [0.949974, 0.0, -0.312328, 0.0034, -0.312328, 0.0, -0.949974, 1.004117, 0.0, 1.0, 0.0, 0.634387, 0.0, 0.0, 0.0, 1.0],
                [0.884251, 0.0, -0.467011, 0.00377, -0.467011, 0.0, -0.884251, 1.002988, 0.0, 1.0, 0.0, 0.634342, 0.0, 0.0, 0.0, 1.0],
                [0.918012, 0.0, -0.396553, 0.004293, -0.396553, 0.0, -0.918012, 1.001393, 0.0, 1.0, 0.0, 0.634278, 0.0, 0.0, 0.0, 1.0],
                [0.92213, 0.0, -0.386881, 0.004892, -0.386881, 0.0, -0.92213, 0.999564, 0.0, 1.0, 0.0, 0.634204, 0.0, 0.0, 0.0, 1.0],
                [0.923584, 0.0, -0.383397, 0.005491, -0.383397, 0.0, -0.923584, 0.997736, 0.0, 1.0, 0.0, 0.63413, 0.0, 0.0, 0.0, 1.0],
                [0.924253, 0.0, -0.38178, 0.006014, -0.38178, 0.0, -0.924253, 0.99614, 0.0, 1.0, 0.0, 0.634066, 0.0, 0.0, 0.0, 1.0],
                [0.924573, 0.0, -0.381006, 0.006384, -0.381006, 0.0, -0.924573, 0.995012, 0.0, 1.0, 0.0, 0.634021, 0.0, 0.0, 0.0, 1.0],
                [0.924672, 0.0, -0.380764, 0.006524, -0.380764, 0.0, -0.924672, 0.994584, 0.0, 1.0, 0.0, 0.634003, 0.0, 0.0, 0.0, 1.0]
            ]
        },
        {
            "name": "Thigh_R",
            "time": [0.0, 0.0167, 0.0333, 0.05, 0.0667, 0.0833, 0.1, 0.1167, 0.1333, 0.15, 0.1667, 0.1833, 0.2, 0.2167, 0.2333, 0.25, 0.2667, 0.2833, 0.3, 0.3167, 0.3333, 0.35, 0.3667, 0.3833, 0.4, 0.4167, 0.4333, 0.45, 0.4667, 0.4833, 0.5, 0.5167, 0.5333, 0.55, 0.5667, 0.5833, 0.6, 0.6167, 0.6333, 0.65, 0.6667, 0.6833, 0.7, 0.7167, 0.7333, 0.75, 0.7667, 0.7833, 0.8, 0.8167, 0.8333, 0.85, 0.8667, 0.8833, 0.9, 0.9167, 0.9333, 0.95, 0.9667, 0.9833, 1.0, 1.0167, 1.0333, 1.05, 1.0667, 1.0833, 1.1, 1.1167, 1.1333, 1.15, 1.1667],
            "transform": [
                [0.946836, 0.244757, 0.208795, 0.124994, 0.187884, -0.947508, 0.258698, -0.002831, 0.261154, -0.205715, -0.943123, -1.2e-05, 0.0, 0.0, 0.0, 1.0],
                [0.911088, 0.396488, 0.112761, 0.124994, 0.271171, -0.782517, 0.560474, -0.002831, 0.310459, -0.480063, -0.82046, -1.2e-05, 0.0, 0.0, 0.0, 1.0],
                [0.792414, 0.609757, 0.016607, 0.124994, 0.380893, -0.515888, 0.76732, -0.002831, 0.476446, -0.601708, -0.64105, -1.2e-05, 0.0, 0.0, 0.0, 1.0],
                [0.710544, 0.680044, 0.180734, 0.124994, 0.391979, -0.595845, 0.700942, -0.002831, 0.584362, -0.427205, -0.689939, -1.2e-05, 0.0, 0.0, 0.0, 1.0],
                [0.754934, 0.632462, 0.173393, 0.124994, 0.45425, -0.695007, 0.557334, -0.002831, 0.473002, -0.341986, -0.811982, -1.2e-05, 0.0, 0.0, 0.0, 1.0],
                [0.75371, 0.634268, 0.172118, 0.124994, 0.469277, -0.702749, 0.534716, -0.002831, 0.460109, -0.32225, -0.827317, -1.2e-05, 0.0, 0.0, 0.0, 1.0],
                [0.753653, 0.623977, 0.206536, 0.124994, 0.460261, -0.725346, 0.51189, -0.002831, 0.469218, -0.290726, -0.833854, -1.2e-05, 0.0, 0.0, 0.0, 1.0],
                [0.9226, 0.360238, -0.137975, 0.124994, 0.383962, -0.823083, 0.418456, -0.002831, 0.037179, -0.439044, -0.897696, -1.2e-05, 0.0, 0.0, 0.0, 1.0],
                [0.82971, 0.015639, -0.557976, 0.124994, 0.295249, -0.860623, 0.414915, -0.002831, -0.473718, -0.509, -0.718686, -1.2e-05, 0.0, 0.0, 0.0, 1.0],
                [0.81431, 0.027138, -0.579796, 0.124994, 0.36385, -0.802142, 0.473475, -0.002831, -0.45223, -0.596513, -0.663068, -1.2e-05, 0.0, 0.0, 0.0, 1.0],
                [0.876028, 0.157502, -0.455815, 0.124994, 0.406217, -0.750413, 0.521408, -0.002831, -0.259927, -0.641927, -0.721364, -1.2e-05, 0.0, 0.0, 0.0, 1.0],
                [0.922096, 0.316156, -0.223122, 0.124994, 0.3858, -0.706498, 0.59331, -0.002831, 0.029943, -0.633169, -0.773434, -1.2e-05, 0.0, 0.0, 0.0, 1.0],
                [0.88701, 0.461691, -0.007334, 0.124994, 0.360689, -0.68287, 0.635288, -0.002831, 0.288299, -0.566151, -0.772241, -1.2e-05, 0.0, 0.0, 0.0, 1.0],
                [0.872753, 0.484829, 0.05694, 0.124994, 0.358716, -0.716058, 0.598817, -0.002831, 0.331096, -0.502193, -0.79886, -1.2e-05, 0.0, 0.0, 0.0, 1.0],
                [0.874159, 0.472581, 0.111857, 0.124994, 0.33785, -0.75724, 0.558966, -0.002831, 0.34886, -0.450833, -0.821612, -1.2e-05, 0.0, 0.0, 0.0, 1.0],
                [0.814606, 0.523792, 0.249113, 0.124994, 0.319478, -0.763669, 0.561018, -0.002831, 0.484097, -0.377422, -0.789432, -1.2e-05, 0.0, 0.0, 0.0, 1.0],
                [0.675981, 0.607347, 0.417346, 0.124994, 0.313928, -0.749714, 0.58256, -0.002831, 0.666707, -0.262783, -0.697458, -1.2e-05, 0.0, 0.0, 0.0, 1.0],
                [0.514224, 0.652807, 0.556251, 0.124994, 0.290859, -0.742872, 0.602943, -0.002831, 0.806829, -0.148257, -0.571879, -1.2e-05, 0.0, 0.0, 0.0, 1.0],
                [0.393999, 0.64963, 0.650187, 0.124994, 0.233954, -0.754992, 0.612577, -0.002831, 0.888836, -0.089241, -0.449451, -1.2e-05, 0.0, 0.0, 0.0, 1.0],
                [0.330432, 0.633071, 0.700025, 0.124994, 0.163246, -0.768841, 0.61825, -0.002831, 0.929605, -0.090014, -0.357397, -1.2e-05, 0.0, 0.0, 0.0, 1.0],
                [0.383896, 0.624725, 0.679957, 0.124994, 0.11995, -0.763881, 0.634111, -0.002831, 0.915552, -0.161871, -0.368187, -1.2e-05, 0.0, 0.0, 0.0, 1.0],
                [0.651869, 0.571332, 0.498643, 0.124994, 0.204526, -0.765644, 0.609883, -0.002831, 0.730229, -0.295578, -0.615954, -1.2e-05, 0.0, 0.0, 0.0, 1.0],
                [0.752783, 0.544084, 0.370526, 0.124994, 0.330546, -0.799204, 0.502007, -0.002831, 0.56926, -0.255426, -0.781473, -1.2e-05, 0.0, 0.0, 0.0, 1.0],
                [0.665868, 0.590883, 0.455495, 0.124994, 0.435119, -0.803507, 0.406257, -0.002831, 0.606045, -0.072319, -0.792136, -1.2e-05, 0.0, 0.0, 0.0, 1.0],
                [0.577961, 0.570171, 0.583837, 0.124994, 0.4875, -0.814973, 0.313306, -0.002831, 0.65445, 0.103541, -0.748982, -1.2e-05, 0.0, 0.0, 0.0, 1.0],
                [0.524201, 0.517797, 0.676091, 0.124994, 0.495812, -0.831046, 0.252052, -0.002831, 0.692375, 0.203087, -0.692367, -1.2e-05, 0.0, 0.0, 0.0, 1.0],
                [0.461289, 0.477235, 0.74797, 0.124994, 0.505908, -0.834023, 0.220138, -0.002831, 0.728882, 0.276856, -0.626164, -1.2e-05, 0.0, 0.0, 0.0, 1.0],
                [0.397128, 0.451364, 0.799099, 0.124994, 0.515953, -0.829881, 0.21234, -0.002831, 0.759001, 0.327971, -0.562453, -1.2e-05, 0.0, 0.0, 0.0, 1.0],
                [0.341284, 0.438914, 0.831192, 0.124994, 0.523545, -0.823178, 0.219719, -0.002831, 0.780657, 0.360179, -0.510729, -1.2e-05, 0.0, 0.0, 0.0, 1.0],
                [0.30258, 0.435834, 0.84764, 0.124994, 0.527673, -0.817201, 0.231822, -0.002831, 0.793729, 0.377132, -0.477248, -1.2e-05, 0.0, 0.0, 0.0, 1.0],
                [0.288242, 0.436304, 0.852382, 0.124994, 0.528832, -0.814628, 0.238151, -0.002831, 0.798281, 0.382121, -0.465542, -1.2e-05, 0.0, 0.0, 0.0, 1.0],
                [0.288242, 0.436305, 0.852382, 0.124994, 0.528832, -0.814628, 0.238151, -0.002831, 0.798281, 0.382121, -0.465543, -1.2e-05, 0.0, 0.0, 0.0, 1.0],
                [0.288242, 0.436304, 0.852382, 0.124994, 0.528832, -0.814628, 0.23815, -0.002831, 0.798281, 0.382121, -0.465542, -1.2e-05, 0.0, 0.0, 0.0, 1.0],
                [0.288242, 0.436304, 0.852382, 0.124994, 0.528832, -0.814628, 0.23815, -0.002831, 0.798281, 0.382121, -0.465542, -1.2e-05, 0.0, 0.0, 0.0, 1.0],
                [0.288241, 0.436304, 0.852382, 0.124994, 0.528832, -0.814628, 0.238151, -0.002831, 0.798281, 0.382121, -0.465542, -1.2e-05, 0.0, 0.0, 0.0, 1.0],
                [0.288242, 0.436304, 0.852382, 0.124994, 0.528832, -0.814628, 0.238151, -0.002831, 0.798281, 0.382121, -0.465542, -1.2e-05, 0.0, 0.0, 0.0, 1.0],
                [0.288242, 0.436305, 0.852382, 0.124994, 0.528832, -0.814628, 0.238151, -0.002831, 0.798281, 0.382121, -0.465543, -1.2e-05, 0.0, 0.0, 0.0, 1.0],
                [0.288242, 0.436304, 0.852382, 0.124994, 0.528832, -0.814628, 0.23815, -0.002831, 0.798281, 0.382121, -0.465542, -1.2e-05, 0.0, 0.0, 0.0, 1.0],
                [0.288242, 0.436304, 0.852382, 0.124994, 0.528832, -0.814628, 0.23815, -0.002831, 0.798281, 0.382121, -0.465542, -1.2e-05, 0.0, 0.0, 0.0, 1.0],
                [0.288241, 0.436304, 0.852382, 0.124994, 0.528832, -0.814628, 0.238151, -0.002831, 0.798281, 0.382121, -0.465542, -1.2e-05, 0.0, 0.0, 0.0, 1.0],
                [0.288242, 0.436304, 0.852382, 0.124994, 0.528832, -0.814628, 0.238151, -0.002831, 0.798281, 0.382121, -0.465542, -1.2e-05, 0.0, 0.0, 0.0, 1.0],
                [0.288242, 0.436305, 0.852382, 0.124994, 0.528832, -0.814628, 0.238151, -0.002831, 0.798281, 0.382121, -0.465543, -1.2e-05, 0.0, 0.0, 0.0, 1.0],
                [0.288242, 0.436304, 0.852382, 0.124994, 0.528832, -0.814628, 0.23815, -0.002831, 0.798281, 0.382121, -0.465542, -1.2e-05, 0.0, 0.0, 0.0, 1.0],
                [0.288242, 0.436304, 0.852382, 0.124994, 0.528832, -0.814628, 0.23815, -0.002831, 0.798281, 0.382121, -0.465542, -1.2e-05, 0.0, 0.0, 0.0, 1.0],
                [0.288241, 0.436304, 0.852382, 0.124994, 0.528832, -0.814628, 0.238151, -0.002831, 0.798281, 0.382121, -0.465542, -1.2e-05, 0.0, 0.0, 0.0, 1.0],
                [0.31384, 0.452603, 0.834659, 0.124994, 0.524325, -0.815491, 0.245059, -0.002831, 0.791572, 0.360723, -0.493246, -1.2e-05, 0.0, 0.0, 0.0, 1.0],
                [0.382516, 0.491971, 0.782078, 0.124994, 0.511919, -0.8175, 0.263874, -0.002831, 0.769168, 0.299424, -0.564558, -1.2e-05, 0.0, 0.0, 0.0, 1.0],
                [0.482366, 0.537075, 0.692007, 0.124994, 0.493183, -0.819394, 0.292168, -0.002831, 0.723943, 0.200353, -0.660125, -1.2e-05, 0.0, 0.0, 0.0, 1.0],
                [0.598979, 0.568846, 0.563594, 0.124994, 0.470066, -0.819569, 0.32763, -0.002831, 0.648276, 0.068682, -0.758301, -1.2e-05, 0.0, 0.0, 0.0, 1.0],
                [0.714448, 0.571224, 0.404061, 0.124994, 0.445176, -0.816629, 0.367332, -0.002831, 0.539798, -0.082561, -0.837736, -1.2e-05, 0.0, 0.0, 0.0, 1.0],
                [0.810835, 0.537764, 0.230988, 0.124994, 0.421346, -0.810268, 0.407346, -0.002831, 0.406219, -0.232964, -0.883581, -1.2e-05, 0.0, 0.0, 0.0, 1.0],
                [0.876713, 0.476051, 0.068913, 0.124994, 0.400589, -0.801903, 0.44326, -0.002831, 0.266276, -0.361005, -0.893741, -1.2e-05, 0.0, 0.0, 0.0, 1.0],
                [0.911919, 0.406488, -0.056308, 0.124994, 0.383204, -0.794403, 0.471251, -0.002831, 0.146827, -0.45132, -0.8802, -1.2e-05, 0.0, 0.0, 0.0, 1.0],
                [0.926145, 0.358839, -0.116142, 0.124994, 0.367876, -0.79151, 0.488035, -0.002831, 0.083198, -0.494717, -0.865062, -1.2e-05, 0.0, 0.0, 0.0, 1.0],
                [0.933278, 0.336642, -0.125157, 0.124994, 0.352662, -0.792995, 0.496777, -0.002831, 0.067987, -0.507769, -0.858806, -1.2e-05, 0.0, 0.0, 0.0, 1.0],
                [0.939584, 0.317639, -0.127617, 0.124994, 0.337339, -0.79582, 0.502864, -0.002831, 0.058169, -0.515533, -0.854893, -1.2e-05, 0.0, 0.0, 0.0, 1.0],
                [0.945022, 0.301651, -0.126252, 0.124994, 0.322971, -0.800524, 0.504827, -0.002831, 0.051214, -0.517848, -0.853938, -1.2e-05, 0.0, 0.0, 0.0, 1.0],
                [0.94925, 0.290385, -0.120835, 0.124994, 0.31087, -0.807842, 0.500749, -0.002831, 0.047794, -0.5129, -0.857117, -1.2e-05, 0.0, 0.0, 0.0, 1.0],
                [0.951224, 0.291645, -0.100581, 0.124994, 0.302691, -0.81933, 0.486904, -0.002831, 0.059594, -0.493599, -0.867645, -1.2e-05, 0.0, 0.0, 0.0, 1.0],
                [0.950811, 0.302508, -0.066699, 0.124994, 0.297811, -0.833395, 0.465575, -0.002831, 0.085254, -0.462537, -0.882492, -1.2e-05, 0.0, 0.0, 0.0, 1.0],
                [0.949257, 0.312809, -0.032573, 0.124994, 0.294283, -0.846925, 0.442849, -0.002831, 0.11094, -0.429964, -0.896005, -1.2e-05, 0.0, 0.0, 0.0, 1.0],
                [0.94664, 0.322289, 0.00133, 0.124994, 0.292075, -0.859626, 0.419207, -0.002831, 0.136249, -0.39645, -0.90789, -1.2e-05, 0.0, 0.0, 0.0, 1.0],
                [0.943094, 0.330733, 0.034487, 0.124994, 0.291088, -0.871255, 0.395198, -0.002831, 0.160752, -0.36267, -0.917948, -1.2e-05, 0.0, 0.0, 0.0, 1.0],
                [0.933424, 0.346638, 0.09253, 0.124994, 0.291638, -0.8833, 0.367054, -0.002831, 0.208967, -0.315632, -0.925586, -1.2e-05, 0.0, 0.0, 0.0, 1.0],
                [0.955605, 0.290712, -0.048028, 0.124994, 0.286789, -0.880256, 0.378022, -0.002831, 0.067618, -0.375014, -0.92455, -1.2e-05, 0.0, 0.0, 0.0, 1.0],
                [0.944048, 0.325224, 0.054805, 0.124994, 0.287688, -0.893287, 0.345362, -0.002831, 0.161277, -0.310271, -0.936868, -1.2e-05, 0.0, 0.0, 0.0, 1.0],
                [0.939397, 0.331652, 0.08683, 0.124994, 0.287442, -0.899979, 0.327741, -0.002831, 0.186841, -0.282921, -0.940769, -1.2e-05, 0.0, 0.0, 0.0, 1.0],
                [0.936204, 0.334471, 0.107945, 0.124994, 0.287014, -0.90485, 0.314436, -0.002831, 0.202843, -0.263395, -0.943121, -1.2e-05, 0.0, 0.0, 0.0, 1.0],
                [0.933949, 0.335767, 0.122479, 0.124994, 0.286556, -0.908268, 0.304853, -0.002831, 0.213603, -0.24962, -0.944492, -1.2e-05, 0.0, 0.0, 0.0, 1.0],
                [0.932582, 0.336269, 0.131205, 0.124994, 0.286174, -0.910324, 0.299023, -0.002831, 0.219991, -0.241317, -0.945183, -1.2e-05, 0.0, 0.0, 0.0, 1.0],
                [0.932123, 0.336377, 0.134156, 0.124994, 0.286007, -0.911019, 0.29706, -0.002831, 0.222143, -0.238528, -0.945388, -1.2e-05, 0.0, 0.0, 0.0, 1.0]
            ]
        },
        {
            "name": "Leg_R",
            "time": [0.0, 0.0167, 0.0333, 0.05, 0.0667, 0.0833, 0.1, 0.1167, 0.1333, 0.15, 0.1667, 0.1833, 0.2, 0.2167, 0.2333, 0.25, 0.2667, 0.2833, 0.3, 0.3167, 0.3333, 0.35, 0.3667, 0.3833, 0.4, 0.4167, 0.4333, 0.45, 0.4667, 0.4833, 0.5, 0.5167, 0.5333, 0.55, 0.5667, 0.5833, 0.6, 0.6167, 0.6333, 0.65, 0.6667, 0.6833, 0.7, 0.7167, 0.7333, 0.75, 0.7667, 0.7833, 0.8, 0.8167, 0.8333, 0.85, 0.8667, 0.8833, 0.9, 0.9167, 0.9333, 0.95, 0.9667, 0.9833, 1.0, 1.0167, 1.0333, 1.05, 1.0667, 1.0833, 1.1, 1.1167, 1.1333, 1.15, 1.1667],
            "transform": [
                [1.0, -0.0, 1e-06, 0.0, -0.0, 0.892145, 0.451754, 0.374726, -1e-06, -0.451755, 0.892139, -0.0, 0.0, 0.0, 0.0, 1.0],
                [1.0, -1e-06, 1e-06, 0.0, -0.0, 0.505176, 0.863016, 0.374726, -1e-06, -0.863018, 0.505173, -0.0, 0.0, 0.0, 0.0, 1.0],
                [1.0, -1e-06, 0.0, 0.0, -0.0, 0.341617, 0.939839, 0.374726, -1e-06, -0.93984, 0.341614, 0.0, 0.0, 0.0, 0.0, 1.0],
                [1.0, -1e-06, 1e-06, 0.0, -0.0, 0.69446, 0.719532, 0.374726, -1e-06, -0.719534, 0.694456, -0.0, 0.0, 0.0, 0.0, 1.0],
                [1.0, -1e-06, 1e-06, 0.0, -0.0, 0.708656, 0.705555, 0.374726, -1e-06, -0.705557, 0.708652, -0.0, 0.0, 0.0, 0.0, 1.0],
                [1.0, -1e-06, 1e-06, -0.0, -0.0, 0.565487, 0.824757, 0.374726, -1e-06, -0.824759, 0.565484, -0.0, 0.0, 0.0, 0.0, 1.0],
                [1.0, -1e-06, 1e-06, 0.0, -0.0, 0.509828, 0.860276, 0.374726, -1e-06, -0.860278, 0.509825, 0.0, 0.0, 0.0, 0.0, 1.0],
                [1.0, -1e-06, 0.0, -0.0, -0.0, 0.39961, 0.916685, 0.374726, -1e-06, -0.916687, 0.399607, 0.0, 0.0, 0.0, 0.0, 1.0],
                [1.0, -1e-06, 0.0, 0.0, -0.0, 0.329044, 0.944314, 0.374726, -1e-06, -0.944316, 0.329042, 0.0, 0.0, 0.0, 0.0, 1.0],
                [1.0, -1e-06, 0.0, 0.0, -0.0, 0.364738, 0.93111, 0.374726, -1e-06, -0.931111, 0.364736, -0.0, 0.0, 0.0, 0.0, 1.0],
                [1.0, -1e-06, 0.0, 0.0, -0.0, 0.413656, 0.910432, 0.374726, -1e-06, -0.910434, 0.413654, 0.0, 0.0, 0.0, 0.0, 1.0],
                [1.0, -1e-06, 1e-06, -0.0, -0.0, 0.405896, 0.913919, 0.374726, -1e-06, -0.913921, 0.405893, -0.0, 0.0, 0.0, 0.0, 1.0],
                [1.0, -1e-06, 1e-06, -0.0, -0.0, 0.393178, 0.919462, 0.374726, -1e-06, -0.919464, 0.393176, 0.0, 0.0, 0.0, 0.0, 1.0],
                [1.0, -1e-06, 0.0, 0.0, -0.0, 0.366216, 0.930529, 0.374726, -1e-06, -0.930531, 0.366214, 0.0, 0.0, 0.0, 0.0, 1.0],
                [1.0, -1e-06, 1e-06, 0.0, -0.0, 0.331345, 0.943509, 0.374726, -1e-06, -0.943511, 0.331343, 0.0, 0.0, 0.0, 0.0, 1.0],
                [1.0, -1e-06, 0.0, -0.0, -0.0, 0.313028, 0.949743, 0.374726, -1e-06, -0.949745, 0.313027, 0.0, 0.0, 0.0, 0.0, 1.0],
                [1.0, -1e-06, 0.0, 0.0, -0.0, 0.309189, 0.951, 0.374726, -1e-06, -0.951002, 0.309187, 0.0, 0.0, 0.0, 0.0, 1.0],
                [1.0, -1e-06, 0.0, 0.0, -0.0, 0.29919, 0.954193, 0.374726, -1e-06, -0.954195, 0.299188, -0.0, 0.0, 0.0, 0.0, 1.0],
                [1.0, -1e-06, 0.0, 0.0, -0.0, 0.276111, 0.961125, 0.374726, -1e-06, -0.961127, 0.276109, -0.0, 0.0, 0.0, 0.0, 1.0],
                [1.0, -1e-06, 0.0, 0.0, -0.0, 0.260876, 0.965371, 0.374726, -1e-06, -0.965374, 0.260875, -0.0, 0.0, 0.0, 0.0, 1.0],
                [1.0, -1e-06, 0.0, -0.0, -0.0, 0.265429, 0.96413, 0.374726, -1e-06, -0.964131, 0.265428, -0.0, 0.0, 0.0, 0.0, 1.0],
                [1.0, -1e-06, 0.0, 0.0, -0.0, 0.310178, 0.950678, 0.374726, -1e-06, -0.950679, 0.310177, -0.0, 0.0, 0.0, 0.0, 1.0],
                [1.0, -1e-06, 1e-06, 0.0, -0.0, 0.40688, 0.913482, 0.374726, -1e-06, -0.913483, 0.406877, 0.0, 0.0, 0.0, 0.0, 1.0],
                [1.0, -1e-06, 1e-06, 0.0, -0.0, 0.546708, 0.837323, 0.374726, -1e-06, -0.837325, 0.546705, -0.0, 0.0, 0.0, 0.0, 1.0],
                [1.0, -1e-06, 1e-06, -0.0, -0.0, 0.650313, 0.759667, 0.374726, -1e-06, -0.759668, 0.65031, -0.0, 0.0, 0.0, 0.0, 1.0],
                [1.0, -0.0, 1e-06, 0.0, -0.0, 0.683381, 0.730064, 0.374726, -1e-06, -0.730065, 0.683376, -0.0, 0.0, 0.0, 0.0, 1.0],
                [1.0, -0.0, 1e-06, 0.0, -0.0, 0.712917, 0.70125, 0.374726, -1e-06, -0.701251, 0.712913, 0.0, 0.0, 0.0, 0.0, 1.0],
                [1.0, -1e-06, 1e-06, 0.0, -0.0, 0.733594, 0.679589, 0.374726, -1e-06, -0.679591, 0.73359, -0.0, 0.0, 0.0, 0.0, 1.0],
                [1.0, -1e-06, 1e-06, -0.0, -0.0, 0.744935, 0.667139, 0.374726, -1e-06, -0.66714, 0.74493, -0.0, 0.0, 0.0, 0.0, 1.0],
                [1.0, -0.0, 1e-06, -0.0, -0.0, 0.749159, 0.662392, 0.374726, -1e-06, -0.662394, 0.749154, 0.0, 0.0, 0.0, 0.0, 1.0],
                [1.0, -1e-06, 1e-06, 0.0, -0.0, 0.749721, 0.661756, 0.374726, -1e-06, -0.661757, 0.749717, 0.0, 0.0, 0.0, 0.0, 1.0],
                [1.0, -0.0, 1e-06, -0.0, -0.0, 0.749721, 0.661756, 0.374726, -1e-06, -0.661757, 0.749716, -0.0, 0.0, 0.0, 0.0, 1.0],
                [1.0, -1e-06, 1e-06, 0.0, -0.0, 0.749721, 0.661755, 0.374726, -1e-06, -0.661756, 0.749717, -0.0, 0.0, 0.0, 0.0, 1.0],
                [1.0, -0.0, 1e-06, 0.0, -0.0, 0.749721, 0.661755, 0.374726, -1e-06, -0.661757, 0.749717, -0.0, 0.0, 0.0, 0.0, 1.0],
                [1.0, -1e-06, 1e-06, 0.0, -0.0, 0.749721, 0.661756, 0.374726, -1e-06, -0.661757, 0.749717, -0.0, 0.0, 0.0, 0.0, 1.0],
                [1.0, -1e-06, 1e-06, 0.0, -0.0, 0.749721, 0.661755, 0.374726, -1e-06, -0.661757, 0.749717, 0.0, 0.0, 0.0, 0.0, 1.0],
                [1.0, -0.0, 1e-06, -0.0, -0.0, 0.749721, 0.661756, 0.374726, -1e-06, -0.661757, 0.749716, -0.0, 0.0, 0.0, 0.0, 1.0],
                [1.0, -1e-06, 1e-06, 0.0, -0.0, 0.749721, 0.661755, 0.374726, -1e-06, -0.661756, 0.749717, -0.0, 0.0, 0.0, 0.0, 1.0],
                [1.0, -0.0, 1e-06, 0.0, -0.0, 0.749721, 0.661755, 0.374726, -1e-06, -0.661757, 0.749717, -0.0, 0.0, 0.0, 0.0, 1.0],
                [1.0, -1e-06, 1e-06, 0.0, -0.0, 0.749721, 0.661756, 0.374726, -1e-06, -0.661757, 0.749717, -0.0, 0.0, 0.0, 0.0, 1.0],
                [1.0, -1e-06, 1e-06, 0.0, -0.0, 0.749721, 0.661755, 0.374726, -1e-06, -0.661757, 0.749717, 0.0, 0.0, 0.0, 0.0, 1.0],
                [1.0, -0.0, 1e-06, -0.0, -0.0, 0.749721, 0.661756, 0.374726, -1e-06, -0.661757, 0.749716, -0.0, 0.0, 0.0, 0.0, 1.0],
                [1.0, -1e-06, 1e-06, 0.0, -0.0, 0.749721, 0.661755, 0.374726, -1e-06, -0.661756, 0.749717, -0.0, 0.0, 0.0, 0.0, 1.0],
                [1.0, -0.0, 1e-06, 0.0, -0.0, 0.749721, 0.661755, 0.374726, -1e-06, -0.661757, 0.749717, -0.0, 0.0, 0.0, 0.0, 1.0],
                [1.0, -1e-06, 1e-06, 0.0, -0.0, 0.749721, 0.661756, 0.374726, -1e-06, -0.661757, 0.749717, -0.0, 0.0, 0.0, 0.0, 1.0],
                [1.0, -0.0, 1e-06, -0.0, -0.0, 0.739946, 0.672667, 0.374726, -1e-06, -0.672669, 0.739942, 0.0, 0.0, 0.0, 0.0, 1.0],
                [1.0, -1e-06, 1e-06, -0.0, -0.0, 0.71417, 0.699974, 0.374726, -1e-06, -0.699976, 0.714165, -0.0, 0.0, 0.0, 0.0, 1.0],
                [1.0, -1e-06, 1e-06, -0.0, -0.0, 0.678017, 0.735048, 0.374726, -1e-06, -0.735049, 0.678013, 0.0, 0.0, 0.0, 0.0, 1.0],
                [1.0, -1e-06, 1e-06, -0.0, -0.0, 0.637865, 0.770149, 0.374726, -1e-06, -0.77015, 0.637862, 0.0, 0.0, 0.0, 0.0, 1.0],
                [1.0, -1e-06, 1e-06, -0.0, -0.0, 0.600597, 0.799553, 0.374726, -1e-06, -0.799554, 0.600594, 0.0, 0.0, 0.0, 0.0, 1.0],
                [1.0, -1e-06, 1e-06, 0.0, -0.0, 0.572222, 0.820099, 0.374726, -1e-06, -0.8201, 0.572219, -0.0, 0.0, 0.0, 0.0, 1.0],
                [1.0, -1e-06, 1e-06, 0.0, -0.0, 0.555885, 0.83126, 0.374726, -1e-06, -0.831261, 0.555882, -0.0, 0.0, 0.0, 0.0, 1.0],
                [1.0, -1e-06, 1e-06, 0.0, -0.0, 0.550481, 0.834848, 0.374726, -1e-06, -0.834849, 0.550479, 0.0, 0.0, 0.0, 0.0, 1.0],
                [1.0, -1e-06, 1e-06, 0.0, -0.0, 0.55094, 0.834545, 0.374726, -1e-06, -0.834546, 0.550938, -0.0, 0.0, 0.0, 0.0, 1.0],
                [1.0, -1e-06, 1e-06, -0.0, -0.0, 0.552526, 0.833495, 0.374726, -1e-06, -0.833496, 0.552524, 0.0, 0.0, 0.0, 0.0, 1.0],
                [1.0, -1e-06, 1e-06, 0.0, -0.0, 0.555004, 0.831848, 0.374726, -1e-06, -0.831849, 0.555002, -0.0, 0.0, 0.0, 0.0, 1.0],
                [1.0, -1e-06, 1e-06, -0.0, -0.0, 0.558361, 0.829599, 0.374726, -1e-06, -0.8296, 0.558359, 0.0, 0.0, 0.0, 0.0, 1.0],
                [1.0, -1e-06, 1e-06, 0.0, -0.0, 0.56264, 0.826702, 0.374726, -1e-06, -0.826703, 0.562639, -0.0, 0.0, 0.0, 0.0, 1.0],
                [1.0, -1e-06, 1e-06, -0.0, -0.0, 0.568168, 0.822913, 0.374726, -1e-06, -0.822914, 0.568167, 0.0, 0.0, 0.0, 0.0, 1.0],
                [1.0, -1e-06, 1e-06, -0.0, -0.0, 0.576179, 0.817323, 0.374726, -1e-06, -0.817324, 0.576178, -0.0, 0.0, 0.0, 0.0, 1.0],
                [1.0, -1e-06, 1e-06, 0.0, -0.0, 0.58678, 0.809746, 0.374726, -1e-06, -0.809747, 0.586779, -0.0, 0.0, 0.0, 0.0, 1.0],
                [1.0, -1e-06, 1e-06, -0.0, -0.0, 0.599588, 0.800309, 0.374726, -1e-06, -0.800309, 0.599587, 0.0, 0.0, 0.0, 0.0, 1.0],
                [1.0, -1e-06, 1e-06, 0.0, -0.0, 0.6141, 0.789228, 0.374726, -1e-06, -0.789229, 0.614099, -0.0, 0.0, 0.0, 0.0, 1.0],
                [1.0, -0.0, 1e-06, -0.0, -0.0, 0.630778, 0.775964, 0.374726, -1e-06, -0.775964, 0.630777, -0.0, 0.0, 0.0, 0.0, 1.0],
                [1.0, -1e-06, 1e-06, 0.0, -0.0, 0.635754, 0.771892, 0.374726, -1e-06, -0.771892, 0.635753, -0.0, 0.0, 0.0, 0.0, 1.0],
                [1.0, -1e-06, 1e-06, -0.0, -0.0, 0.651558, 0.758598, 0.374726, -1e-06, -0.758599, 0.651558, -0.0, 0.0, 0.0, 0.0, 1.0],
                [1.0, -0.0, 1e-06, 0.0, -0.0, 0.663106, 0.748525, 0.374726, -1e-06, -0.748525, 0.663106, 0.0, 0.0, 0.0, 0.0, 1.0],
                [1.0, -1e-06, 1e-06, -0.0, -0.0, 0.672276, 0.7403, 0.374726, -1e-06, -0.7403, 0.672276, 0.0, 0.0, 0.0, 0.0, 1.0],
                [1.0, -0.0, 1e-06, -0.0, -0.0, 0.678995, 0.734143, 0.374726, -1e-06, -0.734143, 0.678995, -0.0, 0.0, 0.0, 0.0, 1.0],
                [1.0, -1e-06, 1e-06, -0.0, -0.0, 0.683096, 0.730328, 0.374726, -1e-06, -0.730328, 0.683096, -0.0, 0.0, 0.0, 0.0, 1.0],
                [1.0, -0.0, 1e-06, 0.0, -0.0, 0.684471, 0.72904, 0.374726, -1e-06, -0.72904, 0.684471, -0.0, 0.0, 0.0, 0.0, 1.0]
            ]
        },
        {
            "name": "Knee_R",
            "time": [0.0, 1.1667],
            "transform": [
                [1.0, 0.0, -0.0, 0.0, -0.0, 0.00567, -0.999984, 0.374726, -0.0, 0.999984, 0.00567, -0.0, 0.0, 0.0, 0.0, 1.0],
                [1.0, 0.0, -0.0, -0.0, -0.0, 0.00567, -0.999984, 0.404346, -0.0, 0.999984, 0.00567, -0.000168, 0.0, 0.0, 0.0, 1.0]
            ]
        },
        {
            "name": "Thigh_L",
            "time": [0.0, 0.0167, 0.0333, 0.05, 0.0667, 0.0833, 0.1, 0.1167, 0.1333, 0.15, 0.1667, 0.1833, 0.2, 0.2167, 0.2333, 0.25, 0.2667, 0.2833, 0.3, 0.3167, 0.3333, 0.35, 0.3667, 0.3833, 0.4, 0.4167, 0.4333, 0.45, 0.4667, 0.4833, 0.5, 0.5167, 0.5333, 0.55, 0.5667, 0.5833, 0.6, 0.6167, 0.6333, 0.65, 0.6667, 0.6833, 0.7, 0.7167, 0.7333, 0.75, 0.7667, 0.7833, 0.8, 0.8167, 0.8333, 0.85, 0.8667, 0.8833, 0.9, 0.9167, 0.9333, 0.95, 0.9667, 0.9833, 1.0, 1.0167, 1.0333, 1.05, 1.0667, 1.0833, 1.1, 1.1167, 1.1333, 1.15, 1.1667],
            "transform": [
                [0.967917, -0.243783, 0.060885, -0.125006, -0.250246, -0.913371, 0.321138, -0.002831, -0.022677, -0.326071, -0.945073, -1.2e-05, 0.0, 0.0, 0.0, 1.0],
                [0.967042, -0.218559, 0.130621, -0.125006, -0.250386, -0.909433, 0.332021, -0.002831, 0.046225, -0.353783, -0.934184, -1.2e-05, 0.0, 0.0, 0.0, 1.0],
                [0.938711, -0.141537, 0.314305, -0.125006, -0.254959, -0.898735, 0.356749, -0.002831, 0.231984, -0.41502, -0.87974, -1.2e-05, 0.0, 0.0, 0.0, 1.0],
                [0.912076, -0.192884, 0.361817, -0.125006, -0.3382, -0.852813, 0.397907, -0.002831, 0.231812, -0.485288, -0.843064, -1.2e-05, 0.0, 0.0, 0.0, 1.0],
                [0.876824, -0.333691, 0.346161, -0.125006, -0.469482, -0.749553, 0.466644, -0.002831, 0.103751, -0.571681, -0.813889, -1.2e-05, 0.0, 0.0, 0.0, 1.0],
                [0.893385, -0.213607, 0.395266, -0.125006, -0.399321, -0.780726, 0.480633, -0.002831, 0.205928, -0.587228, -0.782787, -1.2e-05, 0.0, 0.0, 0.0, 1.0],
                [0.894891, -0.064638, 0.441578, -0.125006, -0.261163, -0.878191, 0.400717, -0.002831, 0.361889, -0.473922, -0.802767, -1.2e-05, 0.0, 0.0, 0.0, 1.0],
                [0.906858, -0.024478, 0.420723, -0.125006, -0.1828, -0.922356, 0.340357, -0.002831, 0.379726, -0.385564, -0.840921, -1.2e-05, 0.0, 0.0, 0.0, 1.0],
                [0.943823, -0.265382, 0.1969, -0.125006, -0.310939, -0.914939, 0.2573, -0.002831, 0.111868, -0.304069, -0.946058, -1.2e-05, 0.0, 0.0, 0.0, 1.0],
                [0.846902, -0.529951, 0.043697, -0.125006, -0.517525, -0.802578, 0.296708, -0.002831, -0.12217, -0.273897, -0.953968, -1.2e-05, 0.0, 0.0, 0.0, 1.0],
                [0.803592, -0.579478, 0.13581, -0.125006, -0.576967, -0.702432, 0.41677, -0.002831, -0.146111, -0.413271, -0.898809, -1.2e-05, 0.0, 0.0, 0.0, 1.0],
                [0.863168, -0.426021, 0.271012, -0.125006, -0.49608, -0.615561, 0.612363, -0.002831, -0.094055, -0.663016, -0.742673, -1.2e-05, 0.0, 0.0, 0.0, 1.0],
                [0.945849, -0.283372, 0.158335, -0.125006, -0.288913, -0.512534, 0.808602, -0.002831, -0.147984, -0.81056, -0.56665, -1.2e-05, 0.0, 0.0, 0.0, 1.0],
                [0.938922, -0.33256, -0.088479, -0.125006, -0.086966, -0.478067, 0.874007, -0.002831, -0.332959, -0.81293, -0.47779, -1.2e-05, 0.0, 0.0, 0.0, 1.0],
                [0.937248, -0.339916, -0.077605, -0.125006, -0.109059, -0.49722, 0.860743, -0.002831, -0.331168, -0.798265, -0.50309, -1.2e-05, 0.0, 0.0, 0.0, 1.0],
                [0.969671, -0.230238, 0.082018, -0.125006, -0.201432, -0.562761, 0.801701, -0.002831, -0.138426, -0.793908, -0.592071, -1.2e-05, 0.0, 0.0, 0.0, 1.0],
                [0.96349, -0.089507, 0.25234, -0.125006, -0.25271, -0.615379, 0.746623, -0.002831, 0.088457, -0.783133, -0.615531, -1.2e-05, 0.0, 0.0, 0.0, 1.0],
                [0.942019, 0.001019, 0.335557, -0.125006, -0.265566, -0.60901, 0.747382, -0.002831, 0.205119, -0.793161, -0.573429, -1.2e-05, 0.0, 0.0, 0.0, 1.0],
                [0.927293, -0.07122, 0.367497, -0.125006, -0.322341, -0.651063, 0.687177, -0.002831, 0.190323, -0.755674, -0.626684, -1.2e-05, 0.0, 0.0, 0.0, 1.0],
                [0.898724, -0.268487, 0.346712, -0.125006, -0.428953, -0.702459, 0.567935, -0.002831, 0.091068, -0.65914, -0.746486, -1.2e-05, 0.0, 0.0, 0.0, 1.0],
                [0.856716, -0.427394, 0.28874, -0.125006, -0.515712, -0.719341, 0.46539, -0.002831, 0.008798, -0.547614, -0.836684, -1.2e-05, 0.0, 0.0, 0.0, 1.0],
                [0.86266, -0.407591, 0.299479, -0.125006, -0.504393, -0.737158, 0.449649, -0.002831, 0.03749, -0.538949, -0.841503, -1.2e-05, 0.0, 0.0, 0.0, 1.0],
                [0.909322, -0.143933, 0.390407, -0.125006, -0.373385, -0.696321, 0.61296, -0.002831, 0.183624, -0.703149, -0.686923, -1.2e-05, 0.0, 0.0, 0.0, 1.0],
                [0.912846, 0.096947, 0.396627, -0.125006, -0.23741, -0.664284, 0.708775, -0.002831, 0.332186, -0.741166, -0.583373, -1.2e-05, 0.0, 0.0, 0.0, 1.0],
                [0.884866, 0.169312, 0.433987, -0.125006, -0.213837, -0.680037, 0.701301, -0.002831, 0.413866, -0.71336, -0.565536, -1.2e-05, 0.0, 0.0, 0.0, 1.0],
                [0.838505, 0.162789, 0.520008, -0.125006, -0.268868, -0.706453, 0.654702, -0.002831, 0.473939, -0.688784, -0.548596, -1.2e-05, 0.0, 0.0, 0.0, 1.0],
                [0.763423, 0.145114, 0.629385, -0.125006, -0.341134, -0.736851, 0.583676, -0.002831, 0.548463, -0.660297, -0.513026, -1.2e-05, 0.0, 0.0, 0.0, 1.0],
                [0.674669, 0.108037, 0.730172, -0.125006, -0.411079, -0.76662, 0.493262, -0.002831, 0.613055, -0.632946, -0.472803, -1.2e-05, 0.0, 0.0, 0.0, 1.0],
                [0.592935, 0.049946, 0.8037, -0.125006, -0.467357, -0.791427, 0.393979, -0.002831, 0.655748, -0.609218, -0.445922, -1.2e-05, 0.0, 0.0, 0.0, 1.0],
                [0.535624, -0.01571, 0.84431, -0.125006, -0.504225, -0.807977, 0.304843, -0.002831, 0.677394, -0.589004, -0.440694, -1.2e-05, 0.0, 0.0, 0.0, 1.0],
                [0.514289, -0.050603, 0.856122, -0.125006, -0.517706, -0.814173, 0.262873, -0.002831, 0.68373, -0.578412, -0.444918, -1.2e-05, 0.0, 0.0, 0.0, 1.0],
                [0.514289, -0.050602, 0.856123, -0.125006, -0.517706, -0.814173, 0.262873, -0.002831, 0.68373, -0.578412, -0.444918, -1.2e-05, 0.0, 0.0, 0.0, 1.0],
                [0.514289, -0.050603, 0.856122, -0.125006, -0.517706, -0.814173, 0.262872, -0.002831, 0.68373, -0.578412, -0.444918, -1.2e-05, 0.0, 0.0, 0.0, 1.0],
                [0.514289, -0.050603, 0.856122, -0.125006, -0.517706, -0.814173, 0.262873, -0.002831, 0.68373, -0.578412, -0.444918, -1.2e-05, 0.0, 0.0, 0.0, 1.0],
                [0.514289, -0.050602, 0.856123, -0.125006, -0.517706, -0.814173, 0.262873, -0.002831, 0.68373, -0.578413, -0.444918, -1.2e-05, 0.0, 0.0, 0.0, 1.0],
                [0.514289, -0.050603, 0.856122, -0.125006, -0.517706, -0.814173, 0.262872, -0.002831, 0.68373, -0.578412, -0.444918, -1.2e-05, 0.0, 0.0, 0.0, 1.0],
                [0.514289, -0.050602, 0.856123, -0.125006, -0.517706, -0.814173, 0.262873, -0.002831, 0.68373, -0.578412, -0.444918, -1.2e-05, 0.0, 0.0, 0.0, 1.0],
                [0.514289, -0.050603, 0.856122, -0.125006, -0.517706, -0.814173, 0.262872, -0.002831, 0.68373, -0.578412, -0.444918, -1.2e-05, 0.0, 0.0, 0.0, 1.0],
                [0.514289, -0.050603, 0.856122, -0.125006, -0.517706, -0.814173, 0.262873, -0.002831, 0.68373, -0.578412, -0.444918, -1.2e-05, 0.0, 0.0, 0.0, 1.0],
                [0.514289, -0.050602, 0.856123, -0.125006, -0.517706, -0.814173, 0.262873, -0.002831, 0.68373, -0.578413, -0.444918, -1.2e-05, 0.0, 0.0, 0.0, 1.0],
                [0.514289, -0.050603, 0.856122, -0.125006, -0.517706, -0.814173, 0.262872, -0.002831, 0.68373, -0.578412, -0.444918, -1.2e-05, 0.0, 0.0, 0.0, 1.0],
