{
    "animation": [
        {
            "name": "Root",
            "time": [0.0, 0.0167, 0.0333, 0.05, 0.0667, 0.0833, 0.1, 0.1167, 0.1333, 0.15, 0.1667, 0.1833, 0.2, 0.2167, 0.2333, 0.25, 0.2667, 0.2833, 0.3, 0.3167, 0.3333, 0.35, 0.3667, 0.3833, 0.4, 0.4167, 0.4333, 0.45, 0.4667, 0.4833, 0.5, 0.5167, 0.5333, 0.55, 0.5667, 0.5833, 0.6, 0.6167, 0.6333, 0.65, 0.6667, 0.6833, 0.7, 0.7167, 0.7333, 0.75, 0.7667, 0.7833, 0.8, 0.8167, 0.8333, 0.85, 0.8667, 0.8833, 0.9, 0.9167, 0.9333, 0.95, 0.9667, 0.9833, 1.0, 1.0167, 1.0333, 1.05, 1.0667, 1.0833, 1.1, 1.1167, 1.1333, 1.15, 1.1667, 1.1833, 1.2, 1.2167, 1.2333, 1.25, 1.2667, 1.2833, 1.3, 1.3167, 1.3333, 1.35, 1.3667, 1.3833, 1.4, 1.4167, 1.4333, 1.45, 1.4667, 1.4833, 1.5, 1.5167, 1.5333, 1.55, 1.5667, 1.5833, 1.6, 1.6167, 1.6333, 1.65, 1.6667, 1.6833, 1.7, 1.7167, 1.7333, 1.75, 1.7667, 1.7833, 1.8, 1.8167, 1.8333, 1.85, 1.8667, 1.8833, 1.9, 1.9167, 1.9333, 1.95, 1.9667, 1.9833, 2.0, 2.0167, 2.0333, 2.05, 2.0667, 2.0833, 2.1, 2.1167, 2.1333, 2.15, 2.1667, 2.1833, 2.2, 2.2167, 2.2333],
            "transform": [
                [0.613635, 0.0, 0.78959, -5e-06, 0.78959, 0.0, -0.613635, 0.000946, 0.0, 1.0, 0.0, 0.497661, 0.0, 0.0, 0.0, 1.0],
                [0.642305, 0.0, 0.766449, -5e-06, 0.766449, 0.0, -0.642305, 0.02574, 0.0, 1.0, 0.0, 0.500391, 0.0, 0.0, 0.0, 1.0],
                [0.717092, 0.0, 0.696978, -5e-06, 0.696978, 0.0, -0.717092, 0.092159, 0.0, 1.0, 0.0, 0.507215, 0.0, 0.0, 0.0, 1.0],
                [0.816302, 0.0, 0.577625, -5e-06, 0.577625, 0.0, -0.816302, 0.188262, 0.0, 1.0, 0.0, 0.516086, 0.0, 0.0, 0.0, 1.0],
                [0.913618, 0.0, 0.406574, -5e-06, 0.406574, 0.0, -0.913618, 0.302107, 0.0, 1.0, 0.0, 0.524957, 0.0, 0.0, 0.0, 1.0],
                [0.981874, 0.0, 0.189536, -5e-06, 0.189536, 0.0, -0.981874, 0.421754, 0.0, 1.0, 0.0, 0.531781, 0.0, 0.0, 0.0, 1.0],
                [0.99827, 0.0, -0.058795, -5e-06, -0.058795, 0.0, -0.99827, 0.53526, 0.0, 1.0, 0.0, 0.53451, 0.0, 0.0, 0.0, 1.0],
                [0.948234, 0.0, -0.317573, 0.012799, -0.317573, 0.0, -0.948234, 0.633764, 0.0, 1.0, 0.0, 0.532647, 0.0, 0.0, 0.0, 1.0],
                [0.826249, 0.0, -0.563305, 0.043329, -0.563305, 0.0, -0.826249, 0.720726, 0.0, 1.0, 0.0, 0.528203, 0.0, 0.0, 0.0, 1.0],
                [0.634529, 0.0, -0.772899, 0.079769, -0.772899, 0.0, -0.634529, 0.802683, 0.0, 1.0, 0.0, 0.522899, 0.0, 0.0, 0.0, 1.0],
                [0.380176, 0.0, -0.924914, 0.1103, -0.924914, 0.0, -0.380176, 0.886176, 0.0, 1.0, 0.0, 0.518456, 0.0, 0.0, 0.0, 1.0],
                [0.073249, 0.0, -0.997314, 0.123103, -0.997314, 0.0, -0.073249, 0.977742, 0.0, 1.0, 0.0, 0.516592, 0.0, 0.0, 0.0, 1.0],
                [-0.267956, 0.0, -0.963431, 0.089382, -0.963431, 0.0, 0.267956, 1.082308, 0.0, 1.0, 0.0, 0.516592, 0.0, 0.0, 0.0, 1.0],
                [-0.598039, 0.0, -0.801468, 0.00897, -0.801468, 0.0, 0.598039, 1.198347, 0.0, 1.0, 0.0, 0.516592, 0.0, 0.0, 0.0, 1.0],
                [-0.853945, 0.0, -0.520363, -0.087006, -0.520363, 0.0, 0.853945, 1.322719, 0.0, 1.0, 0.0, 0.516592, 0.0, 0.0, 0.0, 1.0],
                [-0.985766, 0.0, -0.16812, -0.167418, -0.16812, 0.0, 0.985766, 1.452283, 0.0, 1.0, 0.0, 0.516592, 0.0, 0.0, 0.0, 1.0],
                [-0.981911, 0.0, 0.189342, -0.201139, 0.189342, 0.0, 0.981911, 1.5839, 0.0, 1.0, 0.0, 0.516592, 0.0, 0.0, 0.0, 1.0],
                [-0.864592, 0.0, 0.502475, -0.180374, 0.502475, 0.0, 0.864592, 1.713271, 0.0, 1.0, 0.0, 0.516592, 0.0, 0.0, 0.0, 1.0],
                [-0.660879, 0.0, 0.750492, -0.130858, 0.750492, 0.0, 0.660879, 1.831461, 0.0, 1.0, 0.0, 0.516592, 0.0, 0.0, 0.0, 1.0],
                [-0.394012, 0.0, 0.919105, -0.071757, 0.919105, 0.0, 0.394012, 1.928379, 0.0, 1.0, 0.0, 0.516592, 0.0, 0.0, 0.0, 1.0],
                [-0.088749, 0.0, 0.996054, -0.022241, 0.996054, 0.0, 0.088749, 1.993931, 0.0, 1.0, 0.0, 0.516592, 0.0, 0.0, 0.0, 1.0],
                [0.225894, 0.0, 0.974152, -0.001476, 0.974152, 0.0, -0.225894, 2.018025, 0.0, 1.0, 0.0, 0.516592, 0.0, 0.0, 0.0, 1.0],
                [0.518239, 0.0, 0.855236, -0.010038, 0.855236, 0.0, -0.518239, 2.005888, 0.0, 1.0, 0.0, 0.530005, 0.0, 0.0, 0.0, 1.0],
                [0.757803, 0.0, 0.652483, -0.032139, 0.652483, 0.0, -0.757803, 1.976483, 0.0, 1.0, 0.0, 0.56199, 0.0, 0.0, 0.0, 1.0],
                [0.919725, 0.0, 0.392564, -0.062399, 0.392564, 0.0, -0.919725, 1.940324, 0.0, 1.0, 0.0, 0.600166, 0.0, 0.0, 0.0, 1.0],
                [0.993686, 0.0, 0.112197, -0.095437, 0.112197, 0.0, -0.993686, 1.907921, 0.0, 1.0, 0.0, 0.632151, 0.0, 0.0, 0.0, 1.0],
                [0.988345, 0.0, -0.152231, -0.125874, -0.152231, 0.0, -0.988345, 1.889786, 0.0, 1.0, 0.0, 0.645564, 0.0, 0.0, 0.0, 1.0],
                [0.926245, 0.0, -0.376922, -0.149416, -0.376922, 0.0, -0.926245, 1.883469, 0.0, 1.0, 0.0, 0.642089, 0.0, 0.0, 0.0, 1.0],
                [0.831466, 0.0, -0.555576, -0.166119, -0.555576, 0.0, -0.831466, 1.879234, 0.0, 1.0, 0.0, 0.633401, 0.0, 0.0, 0.0, 1.0],
                [0.725682, 0.0, -0.68803, -0.177124, -0.68803, 0.0, -0.725682, 1.876666, 0.0, 1.0, 0.0, 0.622107, 0.0, 0.0, 0.0, 1.0],
                [0.629042, 0.0, -0.777371, -0.183571, -0.777371, 0.0, -0.629042, 1.875347, 0.0, 1.0, 0.0, 0.610813, 0.0, 0.0, 0.0, 1.0],
                [0.559945, 0.0, -0.82853, -0.186603, -0.82853, 0.0, -0.559945, 1.874861, 0.0, 1.0, 0.0, 0.602125, 0.0, 0.0, 0.0, 1.0],
                [0.534092, 0.0, -0.845426, -0.187359, -0.845426, 0.0, -0.534092, 1.874792, 0.0, 1.0, 0.0, 0.59865, 0.0, 0.0, 0.0, 1.0],
                [0.534092, 0.0, -0.845426, -0.187359, -0.845426, 0.0, -0.534092, 1.874792, 0.0, 1.0, 0.0, 0.59865, 0.0, 0.0, 0.0, 1.0],
                [0.534092, 0.0, -0.845426, -0.187359, -0.845426, 0.0, -0.534092, 1.874792, 0.0, 1.0, 0.0, 0.59865, 0.0, 0.0, 0.0, 1.0],
                [0.534092, 0.0, -0.845426, -0.187359, -0.845426, 0.0, -0.534092, 1.874792, 0.0, 1.0, 0.0, 0.59865, 0.0, 0.0, 0.0, 1.0],
                [0.534092, 0.0, -0.845426, -0.187359, -0.845426, 0.0, -0.534092, 1.874792, 0.0, 1.0, 0.0, 0.59865, 0.0, 0.0, 0.0, 1.0],
                [0.534092, 0.0, -0.845426, -0.187359, -0.845426, 0.0, -0.534092, 1.874792, 0.0, 1.0, 0.0, 0.59865, 0.0, 0.0, 0.0, 1.0],
                [0.534092, 0.0, -0.845426, -0.187359, -0.845426, 0.0, -0.534092, 1.874792, 0.0, 1.0, 0.0, 0.59865, 0.0, 0.0, 0.0, 1.0],
                [0.534092, 0.0, -0.845426, -0.187359, -0.845426, 0.0, -0.534092, 1.874792, 0.0, 1.0, 0.0, 0.59865, 0.0, 0.0, 0.0, 1.0],
                [0.534092, 0.0, -0.845426, -0.187359, -0.845426, 0.0, -0.534092, 1.874792, 0.0, 1.0, 0.0, 0.59865, 0.0, 0.0, 0.0, 1.0],
                [0.534092, 0.0, -0.845426, -0.187359, -0.845426, 0.0, -0.534092, 1.874792, 0.0, 1.0, 0.0, 0.59865, 0.0, 0.0, 0.0, 1.0],
                [0.534092, 0.0, -0.845426, -0.187359, -0.845426, 0.0, -0.534092, 1.874792, 0.0, 1.0, 0.0, 0.59865, 0.0, 0.0, 0.0, 1.0],
                [0.534092, 0.0, -0.845426, -0.187359, -0.845426, 0.0, -0.534092, 1.874792, 0.0, 1.0, 0.0, 0.59865, 0.0, 0.0, 0.0, 1.0],
                [0.534092, 0.0, -0.845426, -0.187359, -0.845426, 0.0, -0.534092, 1.874792, 0.0, 1.0, 0.0, 0.59865, 0.0, 0.0, 0.0, 1.0],
                [0.534092, 0.0, -0.845426, -0.187359, -0.845426, 0.0, -0.534092, 1.874792, 0.0, 1.0, 0.0, 0.59865, 0.0, 0.0, 0.0, 1.0],
                [0.534092, 0.0, -0.845426, -0.187359, -0.845426, 0.0, -0.534092, 1.874792, 0.0, 1.0, 0.0, 0.59865, 0.0, 0.0, 0.0, 1.0],
                [0.534092, 0.0, -0.845426, -0.187359, -0.845426, 0.0, -0.534092, 1.874792, 0.0, 1.0, 0.0, 0.59865, 0.0, 0.0, 0.0, 1.0],
                [0.534092, 0.0, -0.845426, -0.187359, -0.845426, 0.0, -0.534092, 1.874792, 0.0, 1.0, 0.0, 0.59865, 0.0, 0.0, 0.0, 1.0],
                [0.534092, 0.0, -0.845426, -0.187359, -0.845426, 0.0, -0.534092, 1.874792, 0.0, 1.0, 0.0, 0.59865, 0.0, 0.0, 0.0, 1.0],
                [0.534092, 0.0, -0.845426, -0.187359, -0.845426, 0.0, -0.534092, 1.874792, 0.0, 1.0, 0.0, 0.59865, 0.0, 0.0, 0.0, 1.0],
                [0.534092, 0.0, -0.845426, -0.187359, -0.845426, 0.0, -0.534092, 1.874792, 0.0, 1.0, 0.0, 0.59865, 0.0, 0.0, 0.0, 1.0],
                [0.534092, 0.0, -0.845426, -0.187359, -0.845426, 0.0, -0.534092, 1.874792, 0.0, 1.0, 0.0, 0.59865, 0.0, 0.0, 0.0, 1.0],
                [0.534092, 0.0, -0.845426, -0.187359, -0.845426, 0.0, -0.534092, 1.874792, 0.0, 1.0, 0.0, 0.59865, 0.0, 0.0, 0.0, 1.0],
                [0.534092, 0.0, -0.845426, -0.187359, -0.845426, 0.0, -0.534092, 1.874792, 0.0, 1.0, 0.0, 0.59865, 0.0, 0.0, 0.0, 1.0],
                [0.534092, 0.0, -0.845426, -0.187359, -0.845426, 0.0, -0.534092, 1.874792, 0.0, 1.0, 0.0, 0.59865, 0.0, 0.0, 0.0, 1.0],
                [0.534092, 0.0, -0.845426, -0.187359, -0.845426, 0.0, -0.534092, 1.874792, 0.0, 1.0, 0.0, 0.59865, 0.0, 0.0, 0.0, 1.0],
                [0.534092, 0.0, -0.845426, -0.187359, -0.845426, 0.0, -0.534092, 1.874792, 0.0, 1.0, 0.0, 0.59865, 0.0, 0.0, 0.0, 1.0],
                [0.534092, 0.0, -0.845426, -0.187359, -0.845426, 0.0, -0.534092, 1.874792, 0.0, 1.0, 0.0, 0.59865, 0.0, 0.0, 0.0, 1.0],
                [0.534092, 0.0, -0.845426, -0.187359, -0.845426, 0.0, -0.534092, 1.874792, 0.0, 1.0, 0.0, 0.59865, 0.0, 0.0, 0.0, 1.0],
                [0.534092, 0.0, -0.845426, -0.187359, -0.845426, 0.0, -0.534092, 1.874792, 0.0, 1.0, 0.0, 0.59865, 0.0, 0.0, 0.0, 1.0],
                [0.534092, 0.0, -0.845426, -0.187359, -0.845426, 0.0, -0.534092, 1.874792, 0.0, 1.0, 0.0, 0.59865, 0.0, 0.0, 0.0, 1.0],
                [0.534092, 0.0, -0.845426, -0.187359, -0.845426, 0.0, -0.534092, 1.874792, 0.0, 1.0, 0.0, 0.59865, 0.0, 0.0, 0.0, 1.0],
                [0.534092, 0.0, -0.845426, -0.187359, -0.845426, 0.0, -0.534092, 1.874792, 0.0, 1.0, 0.0, 0.59865, 0.0, 0.0, 0.0, 1.0],
                [0.534092, 0.0, -0.845426, -0.187359, -0.845426, 0.0, -0.534092, 1.874792, 0.0, 1.0, 0.0, 0.59865, 0.0, 0.0, 0.0, 1.0],
                [0.534092, 0.0, -0.845426, -0.187359, -0.845426, 0.0, -0.534092, 1.874792, 0.0, 1.0, 0.0, 0.59865, 0.0, 0.0, 0.0, 1.0],
                [0.534092, 0.0, -0.845426, -0.187359, -0.845426, 0.0, -0.534092, 1.874792, 0.0, 1.0, 0.0, 0.59865, 0.0, 0.0, 0.0, 1.0],
                [0.534092, 0.0, -0.845426, -0.187359, -0.845426, 0.0, -0.534092, 1.874792, 0.0, 1.0, 0.0, 0.59865, 0.0, 0.0, 0.0, 1.0],
                [0.534092, 0.0, -0.845426, -0.187359, -0.845426, 0.0, -0.534092, 1.874792, 0.0, 1.0, 0.0, 0.59865, 0.0, 0.0, 0.0, 1.0],
                [0.534092, 0.0, -0.845426, -0.187359, -0.845426, 0.0, -0.534092, 1.874792, 0.0, 1.0, 0.0, 0.59865, 0.0, 0.0, 0.0, 1.0],
                [0.534092, 0.0, -0.845426, -0.187359, -0.845426, 0.0, -0.534092, 1.874792, 0.0, 1.0, 0.0, 0.59865, 0.0, 0.0, 0.0, 1.0],
                [0.534092, 0.0, -0.845426, -0.187359, -0.845426, 0.0, -0.534092, 1.874792, 0.0, 1.0, 0.0, 0.59865, 0.0, 0.0, 0.0, 1.0],
                [0.534092, 0.0, -0.845426, -0.187359, -0.845426, 0.0, -0.534092, 1.874792, 0.0, 1.0, 0.0, 0.59865, 0.0, 0.0, 0.0, 1.0],
                [0.534092, 0.0, -0.845426, -0.187359, -0.845426, 0.0, -0.534092, 1.874792, 0.0, 1.0, 0.0, 0.59865, 0.0, 0.0, 0.0, 1.0],
                [0.534092, 0.0, -0.845426, -0.187359, -0.845426, 0.0, -0.534092, 1.874792, 0.0, 1.0, 0.0, 0.59865, 0.0, 0.0, 0.0, 1.0],
                [0.534092, 0.0, -0.845426, -0.187359, -0.845426, 0.0, -0.534092, 1.874792, 0.0, 1.0, 0.0, 0.59865, 0.0, 0.0, 0.0, 1.0],
                [0.534092, 0.0, -0.845426, -0.187359, -0.845426, 0.0, -0.534092, 1.874792, 0.0, 1.0, 0.0, 0.59865, 0.0, 0.0, 0.0, 1.0],
                [0.534092, 0.0, -0.845426, -0.187359, -0.845426, 0.0, -0.534092, 1.874792, 0.0, 1.0, 0.0, 0.59865, 0.0, 0.0, 0.0, 1.0],
                [0.534092, 0.0, -0.845426, -0.187359, -0.845426, 0.0, -0.534092, 1.874792, 0.0, 1.0, 0.0, 0.59865, 0.0, 0.0, 0.0, 1.0],
                [0.534578, 0.0, -0.845119, -0.187176, -0.845119, 0.0, -0.534578, 1.874749, 0.0, 1.0, 0.0, 0.59869, 0.0, 0.0, 0.0, 1.0],
                [0.536013, 0.0, -0.84421, -0.186635, -0.84421, 0.0, -0.536013, 1.874624, 0.0, 1.0, 0.0, 0.59881, 0.0, 0.0, 0.0, 1.0],
                [0.538358, 0.0, -0.842716, -0.18575, -0.842716, 0.0, -0.538358, 1.874418, 0.0, 1.0, 0.0, 0.599005, 0.0, 0.0, 0.0, 1.0],
                [0.541576, 0.0, -0.840652, -0.184533, -0.840652, 0.0, -0.541576, 1.874136, 0.0, 1.0, 0.0, 0.599273, 0.0, 0.0, 0.0, 1.0],
                [0.545626, 0.0, -0.838029, -0.182998, -0.838029, 0.0, -0.545626, 1.87378, 0.0, 1.0, 0.0, 0.599611, 0.0, 0.0, 0.0, 1.0],
                [0.550466, 0.0, -0.834857, -0.181159, -0.834857, 0.0, -0.550466, 1.873354, 0.0, 1.0, 0.0, 0.600016, 0.0, 0.0, 0.0, 1.0],
                [0.556056, 0.0, -0.831145, -0.179028, -0.831145, 0.0, -0.556056, 1.87286, 0.0, 1.0, 0.0, 0.600486, 0.0, 0.0, 0.0, 1.0],
                [0.562351, 0.0, -0.826899, -0.176619, -0.826899, 0.0, -0.562351, 1.872301, 0.0, 1.0, 0.0, 0.601017, 0.0, 0.0, 0.0, 1.0],
                [0.569308, 0.0, -0.822124, -0.173946, -0.822124, 0.0, -0.569308, 1.871681, 0.0, 1.0, 0.0, 0.601606, 0.0, 0.0, 0.0, 1.0],
                [0.576882, 0.0, -0.816828, -0.17102, -0.816828, 0.0, -0.576882, 1.871003, 0.0, 1.0, 0.0, 0.60225, 0.0, 0.0, 0.0, 1.0],
                [0.585026, 0.0, -0.811014, -0.167856, -0.811014, 0.0, -0.585026, 1.870269, 0.0, 1.0, 0.0, 0.602948, 0.0, 0.0, 0.0, 1.0],
                [0.593696, 0.0, -0.804689, -0.164466, -0.804689, 0.0, -0.593696, 1.869483, 0.0, 1.0, 0.0, 0.603695, 0.0, 0.0, 0.0, 1.0],
                [0.602844, 0.0, -0.797859, -0.160865, -0.797859, 0.0, -0.602844, 1.868648, 0.0, 1.0, 0.0, 0.604488, 0.0, 0.0, 0.0, 1.0],
                [0.612424, 0.0, -0.790529, -0.157065, -0.790529, 0.0, -0.612424, 1.867767, 0.0, 1.0, 0.0, 0.605325, 0.0, 0.0, 0.0, 1.0],
                [0.622387, 0.0, -0.782709, -0.15308, -0.782709, 0.0, -0.622387, 1.866843, 0.0, 1.0, 0.0, 0.606204, 0.0, 0.0, 0.0, 1.0],
                [0.632687, 0.0, -0.774408, -0.148922, -0.774408, 0.0, -0.632687, 1.865879, 0.0, 1.0, 0.0, 0.60712, 0.0, 0.0, 0.0, 1.0],
                [0.643275, 0.0, -0.765635, -0.144605, -0.765635, 0.0, -0.643275, 1.864878, 0.0, 1.0, 0.0, 0.608071, 0.0, 0.0, 0.0, 1.0],
                [0.654105, 0.0, -0.756404, -0.140143, -0.756404, 0.0, -0.654105, 1.863843, 0.0, 1.0, 0.0, 0.609054, 0.0, 0.0, 0.0, 1.0],
                [0.665129, 0.0, -0.746728, -0.135548, -0.746728, 0.0, -0.665129, 1.862777, 0.0, 1.0, 0.0, 0.610067, 0.0, 0.0, 0.0, 1.0],
                [0.676301, 0.0, -0.736626, -0.130834, -0.736626, 0.0, -0.676301, 1.861684, 0.0, 1.0, 0.0, 0.611106, 0.0, 0.0, 0.0, 1.0],
                [0.687575, 0.0, -0.726114, -0.126013, -0.726114, 0.0, -0.687575, 1.860566, 0.0, 1.0, 0.0, 0.612168, 0.0, 0.0, 0.0, 1.0],
                [0.698906, 0.0, -0.715214, -0.1211, -0.715214, 0.0, -0.698906, 1.859427, 0.0, 1.0, 0.0, 0.61325, 0.0, 0.0, 0.0, 1.0],
                [0.71025, 0.0, -0.703949, -0.116108, -0.703949, 0.0, -0.71025, 1.85827, 0.0, 1.0, 0.0, 0.614351, 0.0, 0.0, 0.0, 1.0],
                [0.721566, 0.0, -0.692345, -0.111049, -0.692345, 0.0, -0.721566, 1.857097, 0.0, 1.0, 0.0, 0.615465, 0.0, 0.0, 0.0, 1.0],
                [0.732813, 0.0, -0.680431, -0.105938, -0.680431, 0.0, -0.732813, 1.855911, 0.0, 1.0, 0.0, 0.616592, 0.0, 0.0, 0.0, 1.0],
                [0.74395, 0.0, -0.668235, -0.100786, -0.668235, 0.0, -0.74395, 1.854717, 0.0, 1.0, 0.0, 0.617727, 0.0, 0.0, 0.0, 1.0],
                [0.754942, 0.0, -0.655791, -0.095609, -0.655791, 0.0, -0.754942, 1.853516, 0.0, 1.0, 0.0, 0.618868, 0.0, 0.0, 0.0, 1.0],
                [0.765753, 0.0, -0.643134, -0.090418, -0.643134, 0.0, -0.765753, 1.852312, 0.0, 1.0, 0.0, 0.620012, 0.0, 0.0, 0.0, 1.0],
                [0.776351, 0.0, -0.630301, -0.085226, -0.630301, 0.0, -0.776351, 1.851109, 0.0, 1.0, 0.0, 0.621155, 0.0, 0.0, 0.0, 1.0],
                [0.786704, 0.0, -0.617331, -0.080049, -0.617331, 0.0, -0.786704, 1.849908, 0.0, 1.0, 0.0, 0.622296, 0.0, 0.0, 0.0, 1.0],
                [0.796785, 0.0, -0.604263, -0.074897, -0.604263, 0.0, -0.796785, 1.848714, 0.0, 1.0, 0.0, 0.623432, 0.0, 0.0, 0.0, 1.0],
                [0.806568, 0.0, -0.591141, -0.069786, -0.591141, 0.0, -0.806568, 1.847528, 0.0, 1.0, 0.0, 0.624558, 0.0, 0.0, 0.0, 1.0],
                [0.816031, 0.0, -0.578008, -0.064727, -0.578008, 0.0, -0.816031, 1.846355, 0.0, 1.0, 0.0, 0.625673, 0.0, 0.0, 0.0, 1.0],
                [0.825153, 0.0, -0.564909, -0.059735, -0.564909, 0.0, -0.825153, 1.845198, 0.0, 1.0, 0.0, 0.626773, 0.0, 0.0, 0.0, 1.0],
                [0.833917, 0.0, -0.55189, -0.054822, -0.55189, 0.0, -0.833917, 1.844058, 0.0, 1.0, 0.0, 0.627855, 0.0, 0.0, 0.0, 1.0],
                [0.842307, 0.0, -0.538998, -0.050002, -0.538998, 0.0, -0.842307, 1.842941, 0.0, 1.0, 0.0, 0.628917, 0.0, 0.0, 0.0, 1.0],
                [0.850311, 0.0, -0.52628, -0.045287, -0.52628, 0.0, -0.850311, 1.841847, 0.0, 1.0, 0.0, 0.629956, 0.0, 0.0, 0.0, 1.0],
                [0.857919, 0.0, -0.513785, -0.040692, -0.513785, 0.0, -0.857919, 1.840782, 0.0, 1.0, 0.0, 0.630969, 0.0, 0.0, 0.0, 1.0],
                [0.865123, 0.0, -0.50156, -0.03623, -0.50156, 0.0, -0.865123, 1.839747, 0.0, 1.0, 0.0, 0.631952, 0.0, 0.0, 0.0, 1.0],
                [0.871917, 0.0, -0.489654, -0.031913, -0.489654, 0.0, -0.871917, 1.838746, 0.0, 1.0, 0.0, 0.632903, 0.0, 0.0, 0.0, 1.0],
                [0.878297, 0.0, -0.478116, -0.027756, -0.478116, 0.0, -0.878297, 1.837782, 0.0, 1.0, 0.0, 0.633819, 0.0, 0.0, 0.0, 1.0],
                [0.884261, 0.0, -0.466993, -0.02377, -0.466993, 0.0, -0.884261, 1.836858, 0.0, 1.0, 0.0, 0.634698, 0.0, 0.0, 0.0, 1.0],
                [0.889809, 0.0, -0.456334, -0.01997, -0.456334, 0.0, -0.889809, 1.835977, 0.0, 1.0, 0.0, 0.635535, 0.0, 0.0, 0.0, 1.0],
                [0.894941, 0.0, -0.446185, -0.016369, -0.446185, 0.0, -0.894941, 1.835142, 0.0, 1.0, 0.0, 0.636329, 0.0, 0.0, 0.0, 1.0],
                [0.899658, 0.0, -0.436595, -0.012979, -0.436595, 0.0, -0.899658, 1.834356, 0.0, 1.0, 0.0, 0.637075, 0.0, 0.0, 0.0, 1.0],
                [0.903963, 0.0, -0.42761, -0.009815, -0.42761, 0.0, -0.903963, 1.833622, 0.0, 1.0, 0.0, 0.637773, 0.0, 0.0, 0.0, 1.0],
                [0.907859, 0.0, -0.419275, -0.00689, -0.419275, 0.0, -0.907859, 1.832944, 0.0, 1.0, 0.0, 0.638417, 0.0, 0.0, 0.0, 1.0],
                [0.911349, 0.0, -0.411635, -0.004216, -0.411635, 0.0, -0.911349, 1.832324, 0.0, 1.0, 0.0, 0.639006, 0.0, 0.0, 0.0, 1.0],
                [0.914433, 0.0, -0.404736, -0.001807, -0.404736, 0.0, -0.914433, 1.831765, 0.0, 1.0, 0.0, 0.639537, 0.0, 0.0, 0.0, 1.0],
                [0.917116, 0.0, -0.398621, 0.000324, -0.398621, 0.0, -0.917116, 1.831271, 0.0, 1.0, 0.0, 0.640007, 0.0, 0.0, 0.0, 1.0],
                [0.919396, 0.0, -0.393333, 0.002163, -0.393333, 0.0, -0.919396, 1.830844, 0.0, 1.0, 0.0, 0.640412, 0.0, 0.0, 0.0, 1.0],
                [0.921274, 0.0, -0.388915, 0.003698, -0.388915, 0.0, -0.921274, 1.830489, 0.0, 1.0, 0.0, 0.64075, 0.0, 0.0, 0.0, 1.0],
                [0.922746, 0.0, -0.385408, 0.004915, -0.385408, 0.0, -0.922746, 1.830207, 0.0, 1.0, 0.0, 0.641018, 0.0, 0.0, 0.0, 1.0],
                [0.923809, 0.0, -0.382854, 0.0058, -0.382854, 0.0, -0.923809, 1.830001, 0.0, 1.0, 0.0, 0.641214, 0.0, 0.0, 0.0, 1.0],
                [0.924454, 0.0, -0.381293, 0.006341, -0.381293, 0.0, -0.924454, 1.829876, 0.0, 1.0, 0.0, 0.641333, 0.0, 0.0, 0.0, 1.0],
                [0.924672, 0.0, -0.380764, 0.006524, -0.380764, 0.0, -0.924672, 1.829833, 0.0, 1.0, 0.0, 0.641373, 0.0, 0.0, 0.0, 1.0]
            ]
        },
        {
            "name": "Thigh_R",
            "time": [0.0, 0.0167, 0.0333, 0.05, 0.0667, 0.0833, 0.1, 0.1167, 0.1333, 0.15, 0.1667, 0.1833, 0.2, 0.2167, 0.2333, 0.25, 0.2667, 0.2833, 0.3, 0.3167, 0.3333, 0.35, 0.3667, 0.3833, 0.4, 0.4167, 0.4333, 0.45, 0.4667, 0.4833, 0.5, 0.5167, 0.5333, 0.55, 0.5667, 0.5833, 0.6, 0.6167, 0.6333, 0.65, 0.6667, 0.6833, 0.7, 0.7167, 0.7333, 0.75, 0.7667, 0.7833, 0.8, 0.8167, 0.8333, 0.85, 0.8667, 0.8833, 0.9, 0.9167, 0.9333, 0.95, 0.9667, 0.9833, 1.0, 1.0167, 1.0333, 1.05, 1.0667, 1.0833, 1.1, 1.1167, 1.1333, 1.15, 1.1667, 1.1833, 1.2, 1.2167, 1.2333, 1.25, 1.2667, 1.2833, 1.3, 1.3167, 1.3333, 1.35, 1.3667, 1.3833, 1.4, 1.4167, 1.4333, 1.45, 1.4667, 1.4833, 1.5, 1.5167, 1.5333, 1.55, 1.5667, 1.5833, 1.6, 1.6167, 1.6333, 1.65, 1.6667, 1.6833, 1.7, 1.7167, 1.7333, 1.75, 1.7667, 1.7833, 1.8, 1.8167, 1.8333, 1.85, 1.8667, 1.8833, 1.9, 1.9167, 1.9333, 1.95, 1.9667, 1.9833, 2.0, 2.0167, 2.0333, 2.05, 2.0667, 2.0833, 2.1, 2.1167, 2.1333, 2.15, 2.1667, 2.1833, 2.2, 2.2167, 2.2333],
            "transform": [
                [-0.314348, 0.1825, 0.9316, 0.124994, 0.412419, -0.857645, 0.307174, -0.002831, 0.855041, 0.48077, 0.194333, -1.2e-05, 0.0, 0.0, 0.0, 1.0],
                [0.461893, 0.410346, 0.786302, 0.124994, -5.4e-05, -0.886525, 0.462681, -0.002831, 0.886936, -0.213752, -0.409458, -1.2e-05, 0.0, 0.0, 0.0, 1.0],
                [0.958806, 0.284039, 0.003709, 0.124994, 0.161189, -0.55477, 0.81624, -0.002831, 0.233901, -0.782018, -0.5777, -1.2e-05, 0.0, 0.0, 0.0, 1.0],
                [0.869448, 0.248042, -0.427241, 0.124994, 0.48801, -0.296688, 0.820867, -0.002831, 0.076852, -0.922199, -0.379002, -1.2e-05, 0.0, 0.0, 0.0, 1.0],
                [0.890467, 0.172208, -0.421204, 0.124994, 0.453067, -0.249262, 0.85592, -0.002831, 0.042406, -0.953002, -0.299982, -1.2e-05, 0.0, 0.0, 0.0, 1.0],
                [0.963437, 0.106036, -0.246059, 0.124994, 0.267855, -0.358849, 0.894137, -0.002831, 0.006513, -0.927353, -0.374131, -1.2e-05, 0.0, 0.0, 0.0, 1.0],
                [0.997325, 0.018256, -0.070771, 0.124994, 0.071831, -0.423614, 0.90299, -0.002831, -0.013494, -0.905659, -0.423792, -1.2e-05, 0.0, 0.0, 0.0, 1.0],
                [0.995232, -0.028213, 0.093366, 0.124994, -0.09645, -0.427078, 0.899056, -0.002831, 0.014509, -0.903775, -0.427762, -1.2e-05, 0.0, 0.0, 0.0, 1.0],
                [0.97107, -0.04303, 0.234885, 0.124994, -0.226175, -0.481262, 0.846896, -0.002831, 0.0766, -0.87552, -0.477071, -1.2e-05, 0.0, 0.0, 0.0, 1.0],
                [0.957904, -0.050726, 0.282572, 0.124994, -0.261627, -0.559481, 0.786468, -0.002831, 0.118199, -0.82729, -0.5492, -1.2e-05, 0.0, 0.0, 0.0, 1.0],
                [0.975229, -0.046761, 0.2162, 0.124994, -0.198308, -0.61783, 0.760894, -0.002831, 0.097995, -0.78492, -0.611798, -1.2e-05, 0.0, 0.0, 0.0, 1.0],
                [0.998348, -0.032446, 0.047419, 0.124994, -0.057333, -0.616856, 0.784985, -0.002831, 0.003781, -0.786407, -0.617697, -1.2e-05, 0.0, 0.0, 0.0, 1.0],
                [0.994416, -0.101043, -0.030453, 0.124994, -0.029358, -0.542045, 0.839837, -0.002831, -0.101366, -0.834252, -0.541985, -1.2e-05, 0.0, 0.0, 0.0, 1.0],
                [0.972756, -0.19768, 0.121111, 0.124994, -0.207443, -0.508975, 0.835412, -0.002831, -0.103502, -0.837775, -0.536116, -1.2e-05, 0.0, 0.0, 0.0, 1.0],
                [0.937508, -0.248401, 0.243672, 0.124994, -0.347902, -0.682396, 0.642885, -0.002831, 0.006588, -0.687484, -0.72617, -1.2e-05, 0.0, 0.0, 0.0, 1.0],
                [0.976223, -0.172151, 0.131734, 0.124994, -0.209081, -0.908207, 0.362555, -0.002831, 0.057228, -0.381478, -0.922605, -1.2e-05, 0.0, 0.0, 0.0, 1.0],
                [0.996047, 0.07161, -0.052564, 0.124994, 0.083256, -0.958881, 0.271323, -0.002831, -0.030973, -0.274626, -0.961052, -1.2e-05, 0.0, 0.0, 0.0, 1.0],
                [0.97944, 0.091093, -0.180001, 0.124994, 0.158745, -0.898611, 0.409023, -0.002831, -0.124492, -0.429187, -0.894595, -1.2e-05, 0.0, 0.0, 0.0, 1.0],
                [0.993593, 0.004857, -0.112908, 0.124994, 0.064351, -0.845606, 0.529915, -0.002831, -0.092901, -0.533786, -0.840501, -1.2e-05, 0.0, 0.0, 0.0, 1.0],
                [0.997777, 0.033102, 0.057845, 0.124994, 0.000563, -0.872091, 0.489345, -0.002831, 0.066644, -0.488224, -0.87017, -1.2e-05, 0.0, 0.0, 0.0, 1.0],
                [0.9888, 0.087508, 0.120904, 0.124994, 0.035985, -0.925964, 0.375895, -0.002831, 0.144846, -0.367334, -0.918741, -1.2e-05, 0.0, 0.0, 0.0, 1.0],
                [0.997487, 0.050884, -0.049307, 0.124994, 0.065658, -0.925391, 0.373285, -0.002831, -0.026634, -0.375584, -0.926406, -1.2e-05, 0.0, 0.0, 0.0, 1.0],
                [0.943182, -0.035253, -0.3304, 0.124994, 0.121718, -0.888581, 0.442276, -0.002831, -0.309179, -0.457363, -0.833803, -1.2e-05, 0.0, 0.0, 0.0, 1.0],
                [0.835681, -0.051139, -0.546829, 0.124994, 0.250674, -0.850383, 0.462614, -0.002831, -0.488671, -0.523673, -0.69783, -1.2e-05, 0.0, 0.0, 0.0, 1.0],
                [0.783067, 0.014443, -0.621769, 0.124994, 0.402256, -0.774234, 0.488622, -0.002831, -0.474338, -0.632734, -0.612087, -1.2e-05, 0.0, 0.0, 0.0, 1.0],
                [0.883004, 0.186328, -0.430797, 0.124994, 0.445639, -0.620938, 0.644858, -0.002831, -0.147343, -0.761392, -0.631326, -1.2e-05, 0.0, 0.0, 0.0, 1.0],
                [0.941579, 0.242359, -0.233863, 0.124994, 0.331546, -0.544908, 0.770164, -0.002831, 0.059222, -0.802706, -0.593427, -1.2e-05, 0.0, 0.0, 0.0, 1.0],
                [0.955965, 0.13795, -0.259039, 0.124994, 0.292066, -0.533792, 0.793576, -0.002831, -0.028799, -0.834288, -0.550577, -1.2e-05, 0.0, 0.0, 0.0, 1.0],
                [0.956181, 0.027332, -0.291498, 0.124994, 0.261162, -0.529646, 0.807013, -0.002831, -0.132333, -0.847779, -0.513576, -1.2e-05, 0.0, 0.0, 0.0, 1.0],
                [0.941781, -0.076262, -0.327465, 0.124994, 0.240837, -0.526605, 0.815282, -0.002831, -0.23462, -0.846683, -0.477579, -1.2e-05, 0.0, 0.0, 0.0, 1.0],
                [0.918765, -0.162175, -0.359959, 0.124994, 0.229874, -0.521513, 0.821694, -0.002831, -0.320981, -0.837689, -0.441868, -1.2e-05, 0.0, 0.0, 0.0, 1.0],
                [0.897098, -0.221235, -0.382452, 0.124994, 0.225696, -0.514692, 0.827136, -0.002831, -0.379837, -0.82834, -0.411797, -1.2e-05, 0.0, 0.0, 0.0, 1.0],
                [0.887738, -0.243489, -0.390684, 0.124994, 0.225082, -0.510734, 0.829753, -0.002831, -0.401571, -0.824539, -0.398593, -1.2e-05, 0.0, 0.0, 0.0, 1.0],
                [0.887738, -0.243489, -0.390685, 0.124994, 0.225082, -0.510734, 0.829752, -0.002831, -0.401571, -0.824539, -0.398593, -1.2e-05, 0.0, 0.0, 0.0, 1.0],
                [0.887738, -0.243489, -0.390685, 0.124994, 0.225082, -0.510734, 0.829752, -0.002831, -0.401571, -0.824539, -0.398594, -1.2e-05, 0.0, 0.0, 0.0, 1.0],
                [0.887738, -0.243489, -0.390685, 0.124994, 0.225082, -0.510734, 0.829752, -0.002831, -0.401571, -0.824539, -0.398594, -1.2e-05, 0.0, 0.0, 0.0, 1.0],
                [0.887738, -0.243489, -0.390685, 0.124994, 0.225082, -0.510734, 0.829752, -0.002831, -0.401571, -0.824539, -0.398594, -1.2e-05, 0.0, 0.0, 0.0, 1.0],
                [0.887738, -0.243489, -0.390685, 0.124994, 0.225082, -0.510734, 0.829752, -0.002831, -0.401571, -0.824539, -0.398594, -1.2e-05, 0.0, 0.0, 0.0, 1.0],
                [0.887738, -0.243489, -0.390685, 0.124994, 0.225082, -0.510734, 0.829752, -0.002831, -0.401571, -0.824539, -0.398594, -1.2e-05, 0.0, 0.0, 0.0, 1.0],
                [0.887738, -0.243489, -0.390685, 0.124994, 0.225082, -0.510734, 0.829752, -0.002831, -0.401571, -0.824539, -0.398594, -1.2e-05, 0.0, 0.0, 0.0, 1.0],
                [0.887738, -0.243489, -0.390685, 0.124994, 0.225082, -0.510734, 0.829752, -0.002831, -0.401571, -0.824539, -0.398594, -1.2e-05, 0.0, 0.0, 0.0, 1.0],
                [0.887738, -0.243489, -0.390685, 0.124994, 0.225082, -0.510734, 0.829752, -0.002831, -0.401571, -0.824539, -0.398594, -1.2e-05, 0.0, 0.0, 0.0, 1.0],
                [0.887738, -0.243489, -0.390685, 0.124994, 0.225082, -0.510734, 0.829752, -0.002831, -0.401571, -0.824539, -0.398594, -1.2e-05, 0.0, 0.0, 0.0, 1.0],
                [0.887738, -0.243489, -0.390685, 0.124994, 0.225082, -0.510734, 0.829752, -0.002831, -0.401571, -0.824539, -0.398594, -1.2e-05, 0.0, 0.0, 0.0, 1.0],
                [0.887738, -0.243489, -0.390685, 0.124994, 0.225082, -0.510734, 0.829752, -0.002831, -0.401571, -0.824539, -0.398594, -1.2e-05, 0.0, 0.0, 0.0, 1.0],
                [0.887738, -0.243489, -0.390685, 0.124994, 0.225082, -0.510734, 0.829752, -0.002831, -0.401571, -0.824539, -0.398594, -1.2e-05, 0.0, 0.0, 0.0, 1.0],
                [0.887738, -0.243489, -0.390685, 0.124994, 0.225082, -0.510734, 0.829752, -0.002831, -0.401571, -0.824539, -0.398594, -1.2e-05, 0.0, 0.0, 0.0, 1.0],
                [0.887738, -0.243489, -0.390685, 0.124994, 0.225082, -0.510734, 0.829752, -0.002831, -0.401571, -0.824539, -0.398594, -1.2e-05, 0.0, 0.0, 0.0, 1.0],
                [0.887738, -0.243489, -0.390685, 0.124994, 0.225082, -0.510734, 0.829752, -0.002831, -0.401571, -0.824539, -0.398594, -1.2e-05, 0.0, 0.0, 0.0, 1.0],
                [0.887738, -0.243489, -0.390685, 0.124994, 0.225082, -0.510734, 0.829752, -0.002831, -0.401571, -0.824539, -0.398594, -1.2e-05, 0.0, 0.0, 0.0, 1.0],
                [0.887738, -0.243489, -0.390685, 0.124994, 0.225082, -0.510734, 0.829752, -0.002831, -0.401571, -0.824539, -0.398594, -1.2e-05, 0.0, 0.0, 0.0, 1.0],
                [0.887738, -0.243489, -0.390685, 0.124994, 0.225082, -0.510734, 0.829752, -0.002831, -0.401571, -0.824539, -0.398594, -1.2e-05, 0.0, 0.0, 0.0, 1.0],
                [0.887738, -0.243489, -0.390685, 0.124994, 0.225082, -0.510734, 0.829752, -0.002831, -0.401571, -0.824539, -0.398594, -1.2e-05, 0.0, 0.0, 0.0, 1.0],
                [0.887738, -0.243489, -0.390685, 0.124994, 0.225082, -0.510734, 0.829752, -0.002831, -0.401571, -0.824539, -0.398594, -1.2e-05, 0.0, 0.0, 0.0, 1.0],
                [0.887738, -0.243489, -0.390685, 0.124994, 0.225082, -0.510734, 0.829752, -0.002831, -0.401571, -0.824539, -0.398594, -1.2e-05, 0.0, 0.0, 0.0, 1.0],
                [0.887738, -0.243489, -0.390685, 0.124994, 0.225082, -0.510734, 0.829752, -0.002831, -0.401571, -0.824539, -0.398594, -1.2e-05, 0.0, 0.0, 0.0, 1.0],
                [0.887738, -0.243489, -0.390685, 0.124994, 0.225082, -0.510734, 0.829752, -0.002831, -0.401571, -0.824539, -0.398594, -1.2e-05, 0.0, 0.0, 0.0, 1.0],
                [0.887738, -0.243489, -0.390685, 0.124994, 0.225082, -0.510734, 0.829752, -0.002831, -0.401571, -0.824539, -0.398594, -1.2e-05, 0.0, 0.0, 0.0, 1.0],
                [0.887738, -0.243489, -0.390685, 0.124994, 0.225082, -0.510734, 0.829752, -0.002831, -0.401571, -0.824539, -0.398594, -1.2e-05, 0.0, 0.0, 0.0, 1.0],
                [0.887738, -0.243489, -0.390685, 0.124994, 0.225082, -0.510734, 0.829752, -0.002831, -0.401571, -0.824539, -0.398594, -1.2e-05, 0.0, 0.0, 0.0, 1.0],
                [0.887738, -0.243489, -0.390685, 0.124994, 0.225082, -0.510734, 0.829752, -0.002831, -0.401571, -0.824539, -0.398594, -1.2e-05, 0.0, 0.0, 0.0, 1.0],
                [0.887738, -0.243489, -0.390685, 0.124994, 0.225082, -0.510734, 0.829752, -0.002831, -0.401571, -0.824539, -0.398594, -1.2e-05, 0.0, 0.0, 0.0, 1.0],
                [0.887738, -0.243489, -0.390685, 0.124994, 0.225082, -0.510734, 0.829752, -0.002831, -0.401571, -0.824539, -0.398594, -1.2e-05, 0.0, 0.0, 0.0, 1.0],
                [0.887738, -0.243489, -0.390685, 0.124994, 0.225082, -0.510734, 0.829752, -0.002831, -0.401571, -0.824539, -0.398594, -1.2e-05, 0.0, 0.0, 0.0, 1.0],
                [0.887738, -0.243489, -0.390685, 0.124994, 0.225082, -0.510734, 0.829752, -0.002831, -0.401571, -0.824539, -0.398594, -1.2e-05, 0.0, 0.0, 0.0, 1.0],
                [0.887738, -0.243489, -0.390685, 0.124994, 0.225082, -0.510734, 0.829752, -0.002831, -0.401571, -0.824539, -0.398594, -1.2e-05, 0.0, 0.0, 0.0, 1.0],
                [0.887738, -0.243489, -0.390685, 0.124994, 0.225082, -0.510734, 0.829752, -0.002831, -0.401571, -0.824539, -0.398594, -1.2e-05, 0.0, 0.0, 0.0, 1.0],
                [0.887738, -0.243489, -0.390685, 0.124994, 0.225082, -0.510734, 0.829752, -0.002831, -0.401571, -0.824539, -0.398594, -1.2e-05, 0.0, 0.0, 0.0, 1.0],
                [0.887738, -0.243489, -0.390685, 0.124994, 0.225082, -0.510734, 0.829752, -0.002831, -0.401571, -0.824539, -0.398594, -1.2e-05, 0.0, 0.0, 0.0, 1.0],
                [0.887738, -0.243489, -0.390685, 0.124994, 0.225082, -0.510734, 0.829752, -0.002831, -0.401571, -0.824539, -0.398594, -1.2e-05, 0.0, 0.0, 0.0, 1.0],
                [0.887738, -0.243489, -0.390685, 0.124994, 0.225082, -0.510734, 0.829752, -0.002831, -0.401571, -0.824539, -0.398594, -1.2e-05, 0.0, 0.0, 0.0, 1.0],
                [0.887738, -0.243489, -0.390685, 0.124994, 0.225082, -0.510734, 0.829752, -0.002831, -0.401571, -0.824539, -0.398594, -1.2e-05, 0.0, 0.0, 0.0, 1.0],
                [0.887738, -0.243489, -0.390685, 0.124994, 0.225082, -0.510734, 0.829752, -0.002831, -0.401571, -0.824539, -0.398594, -1.2e-05, 0.0, 0.0, 0.0, 1.0],
                [0.887738, -0.243489, -0.390685, 0.124994, 0.225082, -0.510734, 0.829752, -0.002831, -0.401571, -0.824539, -0.398594, -1.2e-05, 0.0, 0.0, 0.0, 1.0],
                [0.887738, -0.243489, -0.390685, 0.124994, 0.225082, -0.510734, 0.829752, -0.002831, -0.401571, -0.824539, -0.398594, -1.2e-05, 0.0, 0.0, 0.0, 1.0],
                [0.887738, -0.243489, -0.390685, 0.124994, 0.225082, -0.510734, 0.829752, -0.002831, -0.401571, -0.824539, -0.398594, -1.2e-05, 0.0, 0.0, 0.0, 1.0],
                [0.887738, -0.243489, -0.390685, 0.124994, 0.225082, -0.510734, 0.829752, -0.002831, -0.401571, -0.824539, -0.398594, -1.2e-05, 0.0, 0.0, 0.0, 1.0],
                [0.887738, -0.243489, -0.390685, 0.124994, 0.225082, -0.510734, 0.829752, -0.002831, -0.401571, -0.824539, -0.398594, -1.2e-05, 0.0, 0.0, 0.0, 1.0],
                [0.887738, -0.243489, -0.390685, 0.124994, 0.225082, -0.510734, 0.829752, -0.002831, -0.401571, -0.824539, -0.398594, -1.2e-05, 0.0, 0.0, 0.0, 1.0],
                [0.888119, -0.243313, -0.389928, 0.124994, 0.224588, -0.510459, 0.830055, -0.002831, -0.401005, -0.824761, -0.398704, -1.2e-05, 0.0, 0.0, 0.0, 1.0],
                [0.889241, -0.242785, -0.387692, 0.124994, 0.223127, -0.509654, 0.830944, -0.002831, -0.399329, -0.825414, -0.399034, -1.2e-05, 0.0, 0.0, 0.0, 1.0],
                [0.891074, -0.241897, -0.384023, 0.124994, 0.220727, -0.508353, 0.83238, -0.002831, -0.396569, -0.826477, -0.399586, -1.2e-05, 0.0, 0.0, 0.0, 1.0],
                [0.893581, -0.240627, -0.378962, 0.124994, 0.217412, -0.506598, 0.83432, -0.002831, -0.392741, -0.827924, -0.400371, -1.2e-05, 0.0, 0.0, 0.0, 1.0],
                [0.896724, -0.238943, -0.372548, 0.124994, 0.213201, -0.504439, 0.836711, -0.002831, -0.387855, -0.829727, -0.4014, -1.2e-05, 0.0, 0.0, 0.0, 1.0],
                [0.900463, -0.236811, -0.364812, 0.124994, 0.208112, -0.501928, 0.839498, -0.002831, -0.381911, -0.831859, -0.402685, -1.2e-05, 0.0, 0.0, 0.0, 1.0],
                [0.904753, -0.234185, -0.355781, 0.124994, 0.202157, -0.49912, 0.842622, -0.002831, -0.374907, -0.834288, -0.404238, -1.2e-05, 0.0, 0.0, 0.0, 1.0],
                [0.909546, -0.231023, -0.345476, 0.124994, 0.195347, -0.49607, 0.846023, -0.002831, -0.366831, -0.836985, -0.406069, -1.2e-05, 0.0, 0.0, 0.0, 1.0],
                [0.914792, -0.227279, -0.333917, 0.124994, 0.187691, -0.492832, 0.84964, -0.002831, -0.35767, -0.839917, -0.408181, -1.2e-05, 0.0, 0.0, 0.0, 1.0],
                [0.920434, -0.222906, -0.321114, 0.124994, 0.179197, -0.489461, 0.853414, -0.002831, -0.347404, -0.843054, -0.410573, -1.2e-05, 0.0, 0.0, 0.0, 1.0],
                [0.926413, -0.217862, -0.307076, 0.124994, 0.16987, -0.486008, 0.857287, -0.002831, -0.336011, -0.846364, -0.413236, -1.2e-05, 0.0, 0.0, 0.0, 1.0],
                [0.932663, -0.212103, -0.291809, 0.124994, 0.159716, -0.482522, 0.861199, -0.002831, -0.323467, -0.849815, -0.416155, -1.2e-05, 0.0, 0.0, 0.0, 1.0],
                [0.939114, -0.205591, -0.275313, 0.124994, 0.148738, -0.479053, 0.865093, -0.002831, -0.309744, -0.853371, -0.419306, -1.2e-05, 0.0, 0.0, 0.0, 1.0],
                [0.945691, -0.198289, -0.257587, 0.124994, 0.136943, -0.475643, 0.868913, -0.002831, -0.294815, -0.856998, -0.422657, -1.2e-05, 0.0, 0.0, 0.0, 1.0],
                [0.952309, -0.190164, -0.238629, 0.124994, 0.124336, -0.472339, 0.872603, -0.002831, -0.278652, -0.860659, -0.426168, -1.2e-05, 0.0, 0.0, 0.0, 1.0],
                [0.958883, -0.181189, -0.218436, 0.124994, 0.110924, -0.469181, 0.876108, -0.002831, -0.261227, -0.864315, -0.429791, -1.2e-05, 0.0, 0.0, 0.0, 1.0],
                [0.965315, -0.171338, -0.197006, 0.124994, 0.096716, -0.466212, 0.879371, -0.002831, -0.242516, -0.867923, -0.43347, -1.2e-05, 0.0, 0.0, 0.0, 1.0],
                [0.971502, -0.160592, -0.174337, 0.124994, 0.081724, -0.463468, 0.882337, -0.002831, -0.222496, -0.87144, -0.437137, -1.2e-05, 0.0, 0.0, 0.0, 1.0],
                [0.977337, -0.148937, -0.150432, 0.124994, 0.065961, -0.460992, 0.884949, -0.002831, -0.201149, -0.874817, -0.44072, -1.2e-05, 0.0, 0.0, 0.0, 1.0],
                [0.982703, -0.136365, -0.125298, 0.124994, 0.049447, -0.458818, 0.887153, -0.002831, -0.178466, -0.878004, -0.444139, -1.2e-05, 0.0, 0.0, 0.0, 1.0],
                [0.987477, -0.122875, -0.09895, 0.124994, 0.032207, -0.456985, 0.888891, -0.002831, -0.154442, -0.880947, -0.447304, -1.2e-05, 0.0, 0.0, 0.0, 1.0],
                [0.991531, -0.108473, -0.071409, 0.124994, 0.01427, -0.455528, 0.890107, -0.002831, -0.129082, -0.883589, -0.450122, -1.2e-05, 0.0, 0.0, 0.0, 1.0],
                [0.994733, -0.093174, -0.042708, 0.124994, -0.004327, -0.454482, 0.890746, -0.002831, -0.102405, -0.88587, -0.452492, -1.2e-05, 0.0, 0.0, 0.0, 1.0],
                [0.996948, -0.077002, -0.012891, 0.124994, -0.023539, -0.453881, 0.890751, -0.002831, -0.074441, -0.887729, -0.454309, -1.2e-05, 0.0, 0.0, 0.0, 1.0],
                [0.998037, -0.059992, 0.017983, 0.124994, -0.043313, -0.453757, 0.890072, -0.002831, -0.045238, -0.889104, -0.455465, -1.2e-05, 0.0, 0.0, 0.0, 1.0],
                [0.997866, -0.042189, 0.04984, 0.124994, -0.063587, -0.454141, 0.888658, -0.002831, -0.014857, -0.889931, -0.455854, -1.2e-05, 0.0, 0.0, 0.0, 1.0],
                [0.996303, -0.023653, 0.08259, 0.124994, -0.084288, -0.455058, 0.886464, -0.002831, 0.016616, -0.890148, -0.455369, -1.2e-05, 0.0, 0.0, 0.0, 1.0],
                [0.993225, -0.004451, 0.116121, 0.124994, -0.105333, -0.456532, 0.88345, -0.002831, 0.049081, -0.889697, -0.453907, -1.2e-05, 0.0, 0.0, 0.0, 1.0],
                [0.989113, 0.015673, 0.146317, 0.124994, -0.122953, -0.458281, 0.880262, -0.002831, 0.08085, -0.888669, -0.451365, -1.2e-05, 0.0, 0.0, 0.0, 1.0],
                [0.984924, 0.036798, 0.169031, 0.124994, -0.133444, -0.46017, 0.877745, -0.002831, 0.110082, -0.887068, -0.448322, -1.2e-05, 0.0, 0.0, 0.0, 1.0],
                [0.981121, 0.058501, 0.184332, 0.124994, -0.136986, -0.462584, 0.875929, -0.002831, 0.136512, -0.884644, -0.445837, -1.2e-05, 0.0, 0.0, 0.0, 1.0],
                [0.97799, 0.080304, 0.192578, 0.124994, -0.133948, -0.466028, 0.874572, -0.002831, 0.159978, -0.881118, -0.445015, -1.2e-05, 0.0, 0.0, 0.0, 1.0],
                [0.975634, 0.101737, 0.19439, 0.124994, -0.124863, -0.47106, 0.873219, -0.002831, 0.180408, -0.876215, -0.446879, -1.2e-05, 0.0, 0.0, 0.0, 1.0],
                [0.974005, 0.122408, 0.190608, 0.124994, -0.1104, -0.478233, 0.871267, -0.002831, 0.197805, -0.869661, -0.452287, -1.2e-05, 0.0, 0.0, 0.0, 1.0],
                [0.972941, 0.142038, 0.18224, 0.124994, -0.091338, -0.488052, 0.868023, -0.002831, 0.212235, -0.86118, -0.461872, -1.2e-05, 0.0, 0.0, 0.0, 1.0],
                [0.972216, 0.16049, 0.170408, 0.124994, -0.068533, -0.50093, 0.86277, -0.002831, 0.223828, -0.850478, -0.476013, -1.2e-05, 0.0, 0.0, 0.0, 1.0],
                [0.971586, 0.177753, 0.156286, 0.124994, -0.042892, -0.517144, 0.854823, -0.002831, 0.23277, -0.837238, -0.494825, -1.2e-05, 0.0, 0.0, 0.0, 1.0],
                [0.970826, 0.193925, 0.141037, 0.124994, -0.015324, -0.536795, 0.843573, -0.002831, 0.239298, -0.821124, -0.518163, -1.2e-05, 0.0, 0.0, 0.0, 1.0],
                [0.969763, 0.20916, 0.125749, 0.124994, 0.013299, -0.559784, 0.828532, -0.002831, 0.243688, -0.801808, -0.545639, -1.2e-05, 0.0, 0.0, 0.0, 1.0],
                [0.96829, 0.223623, 0.111388, 0.124994, 0.042182, -0.585795, 0.809361, -0.002831, 0.246243, -0.778997, -0.576652, -1.2e-05, 0.0, 0.0, 0.0, 1.0],
