{
    "animation": [
        {
            "name": "Root",
            "time": [0.0, 0.0833, 0.125, 0.1667, 0.2083, 0.25, 0.2917, 0.3333, 0.375, 0.4167, 0.4583, 0.5, 0.5417, 0.5833, 0.625, 0.6667, 0.7083, 0.75, 0.7917, 0.8333, 0.875, 0.9167, 0.9583, 1.0, 1.0417, 1.0833, 1.125, 1.1667, 1.2083, 1.25, 1.2917, 1.3333, 1.375, 1.4167, 1.4583, 1.5, 1.6667, 1.7083, 1.75, 1.7917, 1.875, 1.9167, 2.0833, 2.125, 2.1667, 2.2083, 2.25, 2.2917, 2.3333, 2.375, 2.4167, 2.4583, 2.5, 2.5417, 2.5833, 2.625, 2.6667, 2.7083, 2.75, 2.7917, 2.8333, 2.875, 2.9167, 2.9583, 3.0, 3.0417, 3.0833, 3.125, 3.1667, 3.2083, 3.25, 3.2917, 3.3333],
            "transform": [
                [1.0, -0.0, -0.0, -0.057542, -0.0, -0.0, -1.0, 0.435711, 0.0, 1.0, -0.0, 0.176843, 0.0, 0.0, 0.0, 1.0],
                [1.0, -0.0, -0.0, -0.057542, -0.0, -0.0, -1.0, 0.435711, 0.0, 1.0, -0.0, 0.303412, 0.0, 0.0, 0.0, 1.0],
                [1.0, -0.0, -0.0, -0.086191, -0.0, -0.0, -1.0, 0.897593, 0.0, 1.0, -0.0, 1.276067, 0.0, 0.0, 0.0, 1.0],
                [1.0, -0.0, -0.0, -0.112421, -0.0, -0.0, -1.0, 1.089513, 0.0, 1.0, -0.0, 2.737382, 0.0, 0.0, 0.0, 1.0],
                [1.0, -0.0, -0.0, -0.127976, -0.0, -0.0, -1.0, 1.273558, 0.0, 1.0, -0.0, 3.591381, 0.0, 0.0, 0.0, 1.0],
                [1.0, -0.0, -0.0, -0.127897, -0.0, -0.0, -1.0, 1.57961, 0.0, 1.0, -0.0, 4.001354, 0.0, 0.0, 0.0, 1.0],
                [1.0, -0.0, -0.0, -0.127834, -0.0, -0.0, -1.0, 1.83897, 0.0, 1.0, -0.0, 4.158232, 0.0, 0.0, 0.0, 1.0],
                [1.0, -0.0, -0.0, -0.127755, -0.0, -0.0, -1.0, 2.069116, 0.0, 1.0, -0.0, 4.266742, 0.0, 0.0, 0.0, 1.0],
                [1.0, -0.0, -0.0, -0.127613, -0.0, -0.0, -1.0, 2.295683, 0.0, 1.0, -0.0, 4.348124, 0.0, 0.0, 0.0, 1.0],
                [1.0, -0.0, -0.0, -0.127424, -0.0, -0.0, -1.0, 2.525531, 0.0, 1.0, -0.0, 4.415942, 0.0, 0.0, 0.0, 1.0],
                [1.0, -0.0, -0.0, -0.127209, -0.0, -0.0, -1.0, 2.7573, 0.0, 1.0, -0.0, 4.415942, 0.0, 0.0, 0.0, 1.0],
                [1.0, -0.0, -0.0, -0.127021, -0.0, -0.0, -1.0, 2.920804, 0.0, 1.0, -0.0, 4.348124, 0.0, 0.0, 0.0, 1.0],
                [1.0, -0.0, -0.0, -0.126775, -0.0, -0.0, -1.0, 3.077274, 0.0, 1.0, -0.0, 4.266742, 0.0, 0.0, 0.0, 1.0],
                [1.0, -0.0, -0.0, -0.126521, -0.0, -0.0, -1.0, 3.216182, 0.0, 1.0, -0.0, 4.155138, 0.0, 0.0, 0.0, 1.0],
                [1.0, -0.0, -0.0, -0.126315, -0.0, -0.0, -1.0, 3.320746, 0.0, 1.0, -0.0, 3.977156, 0.0, 0.0, 0.0, 1.0],
                [1.0, -0.0, -0.0, -0.12606, -0.0, -0.0, -1.0, 3.471143, 0.0, 1.0, -0.0, 3.764482, 0.0, 0.0, 0.0, 1.0],
                [1.0, -0.0, -0.0, -0.125814, -0.0, -0.0, -1.0, 3.62397, 0.0, 1.0, -0.0, 3.381163, 0.0, 0.0, 0.0, 1.0],
                [1.0, -0.0, -0.0, -0.125551, -0.0, -0.0, -1.0, 3.949655, 0.0, 1.0, -0.0, 2.646356, 0.0, 0.0, 0.0, 1.0],
                [1.0, -0.0, -0.0, -0.125289, -0.0, -0.0, -1.0, 4.275341, 0.0, 1.0, -0.0, 1.911549, 0.0, 0.0, 0.0, 1.0],
                [1.0, -0.0, -0.0, -0.125026, -0.0, -0.0, -1.0, 4.601026, 0.0, 1.0, -0.0, 1.539514, 0.0, 0.0, 0.0, 1.0],
                [1.0, -0.0, -0.0, -0.124763, -0.0, -0.0, -1.0, 4.946507, 0.0, 1.0, -0.0, 0.658699, 0.0, 0.0, 0.0, 1.0],
                [1.0, -0.0, -0.0, -0.124454, -0.0, -0.0, -1.0, 5.160318, 0.0, 1.0, -0.0, 0.503162, 0.0, 0.0, 0.0, 1.0],
                [1.0, -0.0, -0.0, -0.124128, -0.0, -0.0, -1.0, 5.293185, 0.0, 1.0, -0.0, 0.135149, 0.0, 0.0, 0.0, 1.0],
                [1.0, -0.0, -0.0, -0.123789, -0.0, -0.0, -1.0, 5.171471, 0.0, 1.0, -0.0, 0.182619, 0.0, 0.0, 0.0, 1.0],
                [1.0, -0.0, -0.0, -0.123509, -0.0, -0.0, -1.0, 5.189993, 0.0, 1.0, -0.0, 0.182619, 0.0, 0.0, 0.0, 1.0],
                [1.0, -0.0, -0.0, -0.12315, -0.0, -0.0, -1.0, 5.201739, 0.0, 1.0, -0.0, 0.182619, 0.0, 0.0, 0.0, 1.0],
                [1.0, -0.0, -0.0, -0.122783, -0.0, -0.0, -1.0, 5.202885, 0.0, 1.0, -0.0, 0.182619, 0.0, 0.0, 0.0, 1.0],
                [1.0, -0.0, -0.0, -0.122408, -0.0, -0.0, -1.0, 5.204031, 0.0, 1.0, -0.0, 0.182619, 0.0, 0.0, 0.0, 1.0],
                [1.0, -0.0, -0.0, -0.122029, -0.0, -0.0, -1.0, 5.205178, 0.0, 1.0, -0.0, 0.182619, 0.0, 0.0, 0.0, 1.0],
                [1.0, -0.0, -0.0, -0.121723, -0.0, -0.0, -1.0, 5.206095, 0.0, 1.0, -0.0, 0.182619, 0.0, 0.0, 0.0, 1.0],
                [1.0, -0.0, -0.0, -0.121339, -0.0, -0.0, -1.0, 5.207242, 0.0, 1.0, -0.0, 0.182619, 0.0, 0.0, 0.0, 1.0],
                [1.0, -0.0, -0.0, -0.120954, -0.0, -0.0, -1.0, 5.208387, 0.0, 1.0, -0.0, 0.182619, 0.0, 0.0, 0.0, 1.0],
                [1.0, -0.0, -0.0, -0.120648, -0.0, -0.0, -1.0, 5.209305, 0.0, 1.0, -0.0, 0.182619, 0.0, 0.0, 0.0, 1.0],
                [1.0, -0.0, -0.0, -0.120267, -0.0, -0.0, -1.0, 5.210451, 0.0, 1.0, -0.0, 0.182619, 0.0, 0.0, 0.0, 1.0],
                [1.0, -0.0, -0.0, -0.119891, -0.0, -0.0, -1.0, 5.211597, 0.0, 1.0, -0.0, 0.182619, 0.0, 0.0, 0.0, 1.0],
                [1.0, -0.0, -0.0, -0.119522, -0.0, -0.0, -1.0, 5.218905, 0.0, 1.0, -0.0, 0.182619, 0.0, 0.0, 0.0, 1.0],
                [1.0, -0.0, -0.0, -0.118206, -0.0, -0.0, -1.0, 5.238411, 0.0, 1.0, -0.0, 0.184585, 0.0, 0.0, 0.0, 1.0],
                [1.0, -0.0, -0.0, -0.117901, -0.0, -0.0, -1.0, 5.27754, 0.0, 1.0, -0.0, 0.221515, 0.0, 0.0, 0.0, 1.0],
                [1.0, -0.0, -0.0, -0.117595, -0.0, -0.0, -1.0, 5.302905, 0.0, 1.0, -0.0, 0.260411, 0.0, 0.0, 0.0, 1.0],
                [1.0, -0.0, -0.0, -0.117368, -0.0, -0.0, -1.0, 5.330986, 0.0, 1.0, -0.0, 0.287939, 0.0, 0.0, 0.0, 1.0],
                [1.0, -0.0, -0.0, -0.11686, -0.0, -0.0, -1.0, 5.498242, 0.0, 1.0, -0.0, 0.45271, 0.0, 0.0, 0.0, 1.0],
                [1.0, -0.0, -0.0, -0.116684, -0.0, -0.0, -1.0, 5.629227, 0.0, 1.0, -0.0, 0.429115, 0.0, 0.0, 0.0, 1.0],
                [1.0, -0.0, -0.0, -0.116168, -0.0, -0.0, -1.0, 5.800281, 0.0, 1.0, -0.0, 0.544564, 0.0, 0.0, 0.0, 1.0],
                [1.0, -0.0, -0.0, -0.116039, -0.0, -0.0, -1.0, 5.84796, 0.0, 1.0, -0.0, 0.583258, 0.0, 0.0, 0.0, 1.0],
                [1.0, -0.0, -0.0, -0.116071, -0.0, -0.0, -1.0, 5.863627, 0.0, 1.0, -0.0, 0.579325, 0.0, 0.0, 0.0, 1.0],
                [1.0, -0.0, -0.0, -0.116102, -0.0, -0.0, -1.0, 5.888586, 0.0, 1.0, -0.0, 0.591123, 0.0, 0.0, 0.0, 1.0],
                [1.0, -0.0, -0.0, -0.116133, -0.0, -0.0, -1.0, 5.952088, 0.0, 1.0, -0.0, 0.598988, 0.0, 0.0, 0.0, 1.0],
                [1.0, -0.0, -0.0, -0.116164, -0.0, -0.0, -1.0, 6.03863, 0.0, 1.0, -0.0, 0.593089, 0.0, 0.0, 0.0, 1.0],
                [1.0, -0.0, -0.0, -0.116189, -0.0, -0.0, -1.0, 6.04631, 0.0, 1.0, -0.0, 0.593089, 0.0, 0.0, 0.0, 1.0],
                [1.0, -0.0, -0.0, -0.11622, -0.0, -0.0, -1.0, 6.055655, 0.0, 1.0, -0.0, 0.593089, 0.0, 0.0, 0.0, 1.0],
                [1.0, -0.0, -0.0, -0.116251, -0.0, -0.0, -1.0, 6.064886, 0.0, 1.0, -0.0, 0.593089, 0.0, 0.0, 0.0, 1.0],
                [1.0, -0.0, -0.0, -0.1163, -0.0, -0.0, -1.0, 6.072099, 0.0, 1.0, -0.0, 0.593089, 0.0, 0.0, 0.0, 1.0],
                [1.0, -0.0, -0.0, -0.116452, -0.0, -0.0, -1.0, 6.081032, 0.0, 1.0, -0.0, 0.593089, 0.0, 0.0, 0.0, 1.0],
                [1.0, -0.0, -0.0, -0.116619, -0.0, -0.0, -1.0, 6.089839, 0.0, 1.0, -0.0, 0.593089, 0.0, 0.0, 0.0, 1.0],
                [1.0, -0.0, -0.0, -0.116799, -0.0, -0.0, -1.0, 6.098517, 0.0, 1.0, -0.0, 0.593089, 0.0, 0.0, 0.0, 1.0],
                [1.0, -0.0, -0.0, -0.116993, -0.0, -0.0, -1.0, 6.107144, 0.0, 1.0, -0.0, 0.593089, 0.0, 0.0, 0.0, 1.0],
                [1.0, -0.0, -0.0, -0.117152, -0.0, -0.0, -1.0, 6.113977, 0.0, 1.0, -0.0, 0.593089, 0.0, 0.0, 0.0, 1.0],
                [1.0, -0.0, -0.0, -0.117361, -0.0, -0.0, -1.0, 6.122496, 0.0, 1.0, -0.0, 0.593089, 0.0, 0.0, 0.0, 1.0],
                [1.0, -0.0, -0.0, -0.117574, -0.0, -0.0, -1.0, 6.130984, 0.0, 1.0, -0.0, 0.593089, 0.0, 0.0, 0.0, 1.0],
                [1.0, -0.0, -0.0, -0.11779, -0.0, -0.0, -1.0, 6.139472, 0.0, 1.0, -0.0, 0.593089, 0.0, 0.0, 0.0, 1.0],
                [1.0, -0.0, -0.0, -0.118006, -0.0, -0.0, -1.0, 6.14797, 0.0, 1.0, -0.0, 0.593089, 0.0, 0.0, 0.0, 1.0],
                [1.0, -0.0, -0.0, -0.118177, -0.0, -0.0, -1.0, 6.154801, 0.0, 1.0, -0.0, 0.593089, 0.0, 0.0, 0.0, 1.0],
                [1.0, -0.0, -0.0, -0.118386, -0.0, -0.0, -1.0, 6.163383, 0.0, 1.0, -0.0, 0.593089, 0.0, 0.0, 0.0, 1.0],
                [1.0, -0.0, -0.0, -0.118589, -0.0, -0.0, -1.0, 6.172028, 0.0, 1.0, -0.0, 0.593089, 0.0, 0.0, 0.0, 1.0],
                [1.0, -0.0, -0.0, -0.118742, -0.0, -0.0, -1.0, 6.173874, 0.0, 1.0, -0.0, 0.593089, 0.0, 0.0, 0.0, 1.0],
                [1.0, -0.0, -0.0, -0.118927, -0.0, -0.0, -1.0, 6.174071, 0.0, 1.0, -0.0, 0.593089, 0.0, 0.0, 0.0, 1.0],
                [1.0, -0.0, -0.0, -0.119096, -0.0, -0.0, -1.0, 6.174268, 0.0, 1.0, -0.0, 0.593089, 0.0, 0.0, 0.0, 1.0],
                [1.0, -0.0, -0.0, -0.119248, -0.0, -0.0, -1.0, 6.174465, 0.0, 1.0, -0.0, 0.593089, 0.0, 0.0, 0.0, 1.0],
                [1.0, -0.0, -0.0, -0.11938, -0.0, -0.0, -1.0, 6.174662, 0.0, 1.0, -0.0, 0.593089, 0.0, 0.0, 0.0, 1.0],
                [1.0, -0.0, -0.0, -0.119462, -0.0, -0.0, -1.0, 6.174819, 0.0, 1.0, -0.0, 0.593089, 0.0, 0.0, 0.0, 1.0],
                [1.0, -0.0, -0.0, -0.119471, -0.0, -0.0, -1.0, 6.175016, 0.0, 1.0, -0.0, 0.593089, 0.0, 0.0, 0.0, 1.0],
                [1.0, -0.0, -0.0, -0.11948, -0.0, -0.0, -1.0, 6.175213, 0.0, 1.0, -0.0, 0.593089, 0.0, 0.0, 0.0, 1.0],
                [1.0, -0.0, -0.0, -0.119489, -0.0, -0.0, -1.0, 6.17541, 0.0, 1.0, -0.0, 0.602967, 0.0, 0.0, 0.0, 1.0]
            ]
        },
        {
            "name": "Thigh_R",
            "time": [0.0, 0.0417, 0.0833, 0.125, 0.1667, 0.2083, 0.25, 0.2917, 0.3333, 0.375, 0.4167, 0.4583, 0.5, 0.5417, 0.5833, 0.625, 0.6667, 0.7083, 0.75, 0.7917, 0.8333, 0.875, 0.9167, 0.9583, 1.0, 1.0417, 1.0833, 1.125, 1.1667, 1.2083, 1.25, 1.2917, 1.3333, 1.375, 1.4167, 1.4583, 1.5, 1.5417, 1.5833, 1.625, 1.6667, 1.7083, 1.75, 1.7917, 1.8333, 1.875, 1.9167, 1.9583, 2.0, 2.0417, 2.0833, 2.125, 2.1667, 2.2083, 2.25, 2.2917, 2.3333, 2.375, 2.4167, 2.4583, 2.5, 2.5417, 2.5833, 2.625, 2.6667, 2.7083, 2.75, 2.7917, 2.8333, 2.875, 2.9167, 2.9583, 3.0, 3.0417, 3.0833, 3.125, 3.1667, 3.2083, 3.25, 3.2917, 3.3333],
            "transform": [
                [-0.183249, 0.875398, 0.447326, -0.072284, 0.801395, -0.130523, 0.583722, 0.122255, 0.569375, 0.465451, -0.677619, 0.110228, 0.0, 0.0, 0.0, 1.0],
                [-0.219468, 0.832179, 0.509227, -0.060232, 0.689191, -0.237198, 0.684656, 0.115026, 0.690545, 0.501214, -0.521473, 0.10468, 0.0, 0.0, 0.0, 1.0],
                [-0.268002, 0.905844, 0.328059, -0.092914, 0.634054, -0.090538, 0.767971, 0.114402, 0.725365, 0.413824, -0.550088, 0.107468, 0.0, 0.0, 0.0, 1.0],
                [-0.428769, 0.901718, 0.055352, -0.128802, 0.553557, 0.213808, 0.804899, 0.097425, 0.713958, 0.375756, -0.590825, 0.062543, 0.0, 0.0, 0.0, 1.0],
                [-0.784613, 0.617813, 0.051888, -0.108551, 0.323158, 0.336106, 0.884648, 0.064667, 0.529108, 0.710873, -0.463364, 0.029286, 0.0, 0.0, 0.0, 1.0],
                [-0.985193, 0.15205, -0.079233, -0.088301, -0.032506, 0.2881, 0.957048, 0.031909, 0.168346, 0.945452, -0.278891, -0.003972, 0.0, 0.0, 0.0, 1.0],
                [-0.888976, -0.371111, -0.26833, -0.06805, -0.354396, 0.186383, 0.916332, -0.000849, -0.290049, 0.909691, -0.29721, -0.03723, 0.0, 0.0, 0.0, 1.0],
                [-0.469273, -0.771578, -0.429478, -0.047799, -0.552961, -0.122439, 0.824162, -0.033607, -0.688491, 0.624242, -0.369194, -0.070487, 0.0, 0.0, 0.0, 1.0],
                [-0.103616, -0.82906, -0.549475, -0.05251, -0.570455, -0.403018, 0.715653, -0.025257, -0.814768, 0.387604, -0.431182, -0.071866, 0.0, 0.0, 0.0, 1.0],
                [0.201863, -0.713596, -0.670845, -0.057221, -0.541462, -0.652065, 0.530689, -0.016907, -0.816133, 0.256111, -0.518012, -0.073246, 0.0, 0.0, 0.0, 1.0],
                [0.434255, -0.506902, -0.74463, -0.031783, -0.50674, -0.820905, 0.263304, -0.014342, -0.744741, 0.262992, -0.613349, -0.086708, 0.0, 0.0, 0.0, 1.0],
                [0.58261, -0.329523, -0.742954, -0.006345, -0.479762, -0.877304, 0.012892, -0.011778, -0.656046, 0.34893, -0.669218, -0.10017, 0.0, 0.0, 0.0, 1.0],
                [0.711255, -0.182044, -0.678954, 0.019092, -0.440405, -0.868217, -0.228566, -0.009213, -0.547872, 0.461583, -0.697696, -0.113633, 0.0, 0.0, 0.0, 1.0],
                [0.8276, -0.080237, -0.555556, 0.036449, -0.373929, -0.816957, -0.439043, -0.004263, -0.418639, 0.571089, -0.706116, -0.107785, 0.0, 0.0, 0.0, 1.0],
                [0.901389, -0.036541, -0.431469, 0.053807, -0.297163, -0.776957, -0.555007, 0.000687, -0.314952, 0.628492, -0.711199, -0.101937, 0.0, 0.0, 0.0, 1.0],
                [0.941128, -0.014091, -0.337762, 0.071164, -0.22905, -0.761416, -0.60645, 0.005637, -0.248632, 0.64811, -0.719817, -0.096089, 0.0, 0.0, 0.0, 1.0],
                [0.968045, 0.008901, -0.250627, 0.088521, -0.156026, -0.761027, -0.629678, 0.010587, -0.196339, 0.648659, -0.735318, -0.090241, 0.0, 0.0, 0.0, 1.0],
                [0.985353, 0.039731, -0.165848, 0.098762, -0.075397, -0.770793, -0.632608, 0.013798, -0.152968, 0.635845, -0.756506, -0.089306, 0.0, 0.0, 0.0, 1.0],
                [0.993401, 0.08717, -0.074566, 0.109002, 0.024641, -0.79701, -0.603463, 0.017009, -0.112033, 0.597642, -0.793897, -0.088372, 0.0, 0.0, 0.0, 1.0],
                [0.989072, 0.145485, 0.023979, 0.107597, 0.132759, -0.807924, -0.574138, 0.02159, -0.064156, 0.571046, -0.818408, -0.074884, 0.0, 0.0, 0.0, 1.0],
                [0.964453, 0.173209, 0.199582, 0.103135, 0.247729, -0.855536, -0.454629, 0.037086, 0.092004, 0.48791, -0.868032, -0.000139, 0.0, 0.0, 0.0, 1.0],
                [0.753045, 0.128057, 0.645389, 0.098673, 0.205756, -0.977516, -0.046119, 0.052582, 0.624973, 0.167522, -0.762461, 0.074605, 0.0, 0.0, 0.0, 1.0],
                [0.161249, 0.802589, 0.574326, 0.067821, 0.437216, -0.579813, 0.687503, 0.066704, 0.884785, 0.140245, -0.444398, 0.113752, 0.0, 0.0, 0.0, 1.0],
                [-0.163174, 0.925636, 0.341429, 0.03697, 0.697164, -0.13669, 0.703761, 0.080827, 0.698097, 0.352867, -0.623015, 0.1529, 0.0, 0.0, 0.0, 1.0],
                [-0.177905, 0.882081, 0.436216, 0.040966, 0.648739, -0.228185, 0.725997, 0.086734, 0.739926, 0.412148, -0.531644, 0.139993, 0.0, 0.0, 0.0, 1.0],
                [-0.212783, 0.840438, 0.498385, 0.044963, 0.611753, -0.283136, 0.738643, 0.092641, 0.761895, 0.462059, -0.453894, 0.127086, 0.0, 0.0, 0.0, 1.0],
                [-0.288269, 0.813543, 0.505024, 0.04896, 0.599805, -0.257708, 0.75751, 0.098548, 0.746417, 0.521282, -0.413677, 0.114179, 0.0, 0.0, 0.0, 1.0],
                [-0.376743, 0.787084, 0.488431, 0.055137, 0.587414, -0.204709, 0.782969, 0.06936, 0.716249, 0.581889, -0.385221, 0.093064, 0.0, 0.0, 0.0, 1.0],
                [-0.417106, 0.771879, 0.479819, 0.056794, 0.579772, -0.180594, 0.794513, 0.073869, 0.699921, 0.609581, -0.372187, 0.100927, 0.0, 0.0, 0.0, 1.0],
                [-0.427839, 0.772055, 0.469985, 0.058452, 0.569078, -0.173885, 0.803689, 0.078377, 0.702216, 0.611307, -0.364964, 0.108791, 0.0, 0.0, 0.0, 1.0],
                [-0.442972, 0.772035, 0.455785, 0.060109, 0.556073, -0.162184, 0.815156, 0.082886, 0.70325, 0.614541, -0.357465, 0.116654, 0.0, 0.0, 0.0, 1.0],
                [-0.470585, 0.766929, 0.436316, 0.061767, 0.534394, -0.145761, 0.832573, 0.087395, 0.702123, 0.62496, -0.341249, 0.124517, 0.0, 0.0, 0.0, 1.0],
                [-0.497446, 0.762289, 0.414082, 0.063425, 0.509917, -0.129223, 0.850463, 0.091904, 0.701808, 0.634207, -0.324422, 0.13238, 0.0, 0.0, 0.0, 1.0],
                [-0.517388, 0.758593, 0.396041, 0.065082, 0.48998, -0.116821, 0.863871, 0.096413, 0.701593, 0.641008, -0.311253, 0.140244, 0.0, 0.0, 0.0, 1.0],
                [-0.534828, 0.754802, 0.379784, 0.06674, 0.471553, -0.106339, 0.875403, 0.100922, 0.701142, 0.647278, -0.299056, 0.148107, 0.0, 0.0, 0.0, 1.0],
                [-0.549484, 0.751236, 0.365669, 0.068398, 0.454873, -0.098133, 0.885133, 0.105431, 0.700828, 0.652699, -0.287795, 0.15597, 0.0, 0.0, 0.0, 1.0],
                [-0.559976, 0.748947, 0.354269, 0.061835, 0.440458, -0.093056, 0.892938, 0.109406, 0.70173, 0.656064, -0.277771, 0.158164, 0.0, 0.0, 0.0, 1.0],
                [-0.555562, 0.754887, 0.348566, 0.055272, 0.434235, -0.094089, 0.895873, 0.113381, 0.70908, 0.649071, -0.275526, 0.160358, 0.0, 0.0, 0.0, 1.0],
                [-0.551373, 0.755205, 0.354479, 0.04871, 0.437696, -0.099861, 0.893561, 0.117356, 0.710221, 0.647838, -0.275489, 0.162552, 0.0, 0.0, 0.0, 1.0],
                [-0.545458, 0.751044, 0.372034, 0.056967, 0.449459, -0.11255, 0.886183, 0.115232, 0.707436, 0.650589, -0.276172, 0.156743, 0.0, 0.0, 0.0, 1.0],
                [-0.527126, 0.740303, 0.417242, 0.065224, 0.481526, -0.144355, 0.864462, 0.113108, 0.700196, 0.656593, -0.280381, 0.150934, 0.0, 0.0, 0.0, 1.0],
                [-0.415844, 0.732009, 0.539664, 0.094598, 0.583174, -0.240705, 0.775867, 0.131207, 0.697842, 0.637358, -0.326792, 0.136938, 0.0, 0.0, 0.0, 1.0],
                [-0.199599, 0.680945, 0.70461, 0.123971, 0.707949, -0.396948, 0.58416, 0.149305, 0.677475, 0.615425, -0.402842, 0.122941, 0.0, 0.0, 0.0, 1.0],
                [0.081462, 0.523012, 0.848423, 0.160933, 0.782037, -0.561274, 0.270911, 0.121843, 0.617888, 0.641428, -0.454737, 0.085654, 0.0, 0.0, 0.0, 1.0],
                [0.336267, 0.218981, 0.915955, 0.183595, 0.774711, -0.617337, -0.136823, 0.087187, 0.535492, 0.755607, -0.377237, 0.020383, 0.0, 0.0, 0.0, 1.0],
                [0.623331, 0.390583, 0.677426, 0.16643, 0.692785, -0.677609, -0.246772, 0.080035, 0.362646, 0.62313, -0.692963, -0.003595, 0.0, 0.0, 0.0, 1.0],
                [0.821631, 0.510299, 0.254007, 0.149266, 0.563515, -0.79429, -0.227059, 0.072883, 0.085888, 0.329695, -0.940173, -0.027574, 0.0, 0.0, 0.0, 1.0],
                [0.879705, 0.46719, -0.088629, 0.132101, 0.452743, -0.879881, -0.144343, 0.065731, -0.145419, 0.086853, -0.985551, -0.051553, 0.0, 0.0, 0.0, 1.0],
                [0.879337, 0.36615, -0.304474, 0.122317, 0.359889, -0.929677, -0.078623, 0.069846, -0.311851, -0.04044, -0.94927, -0.061441, 0.0, 0.0, 0.0, 1.0],
                [0.896389, 0.278732, -0.344672, 0.112534, 0.27335, -0.959703, -0.0652, 0.073962, -0.348956, -0.035771, -0.936456, -0.071329, 0.0, 0.0, 0.0, 1.0],
                [0.939614, 0.221895, -0.260561, 0.10275, 0.217052, -0.974999, -0.047603, 0.078078, -0.26461, -0.011826, -0.964283, -0.081217, 0.0, 0.0, 0.0, 1.0],
                [0.959508, 0.236938, -0.152342, 0.105655, 0.237826, -0.971226, -0.012636, 0.077372, -0.150952, -0.024106, -0.988247, -0.06029, 0.0, 0.0, 0.0, 1.0],
                [0.959018, 0.28335, 0.000448, 0.108559, 0.282324, -0.955675, 0.083536, 0.076667, 0.024098, -0.079985, -0.996505, -0.039363, 0.0, 0.0, 0.0, 1.0],
                [0.913629, 0.351526, 0.204243, 0.112194, 0.298346, -0.920986, 0.25055, 0.077894, 0.27618, -0.167974, -0.946313, 0.020909, 0.0, 0.0, 0.0, 1.0],
                [0.841314, 0.395057, 0.368949, 0.104238, 0.264729, -0.896215, 0.355975, 0.078193, 0.471289, -0.201814, -0.858579, 0.044806, 0.0, 0.0, 0.0, 1.0],
                [0.773588, 0.404842, 0.487511, 0.096281, 0.22492, -0.894646, 0.386033, 0.078492, 0.592433, -0.188979, -0.783142, 0.068703, 0.0, 0.0, 0.0, 1.0],
                [0.688367, 0.41249, 0.596661, 0.079098, 0.185061, -0.895218, 0.405387, 0.087742, 0.701361, -0.168636, -0.692572, 0.089154, 0.0, 0.0, 0.0, 1.0],
                [0.593408, 0.418758, 0.687393, 0.061915, 0.156025, -0.897655, 0.412157, 0.096993, 0.789636, -0.137326, -0.598011, 0.109604, 0.0, 0.0, 0.0, 1.0],
                [0.483798, 0.415404, 0.770312, 0.073394, 0.143268, -0.905893, 0.398538, 0.084074, 0.863375, -0.082451, -0.497782, 0.084079, 0.0, 0.0, 0.0, 1.0],
                [0.409321, 0.39746, 0.821269, 0.084872, 0.14562, -0.917049, 0.371236, 0.071156, 0.900696, -0.032361, -0.433245, 0.058554, 0.0, 0.0, 0.0, 1.0],
                [0.400348, 0.377148, 0.835154, 0.096351, 0.149547, -0.92605, 0.346508, 0.058237, 0.90408, -0.013828, -0.427143, 0.033028, 0.0, 0.0, 0.0, 1.0],
                [0.438855, 0.350687, 0.827301, 0.101624, 0.157365, -0.936464, 0.313484, 0.059541, 0.884673, -0.007385, -0.466157, 0.053467, 0.0, 0.0, 0.0, 1.0],
                [0.523221, 0.310958, 0.79344, 0.106897, 0.168685, -0.95042, 0.261244, 0.060844, 0.835338, -0.002846, -0.549732, 0.073906, 0.0, 0.0, 0.0, 1.0],
                [0.607863, 0.271453, 0.746202, 0.110865, 0.180345, -0.962388, 0.203188, 0.061139, 0.773293, 0.011063, -0.633954, 0.059764, 0.0, 0.0, 0.0, 1.0],
                [0.652423, 0.248806, 0.715851, 0.114833, 0.191737, -0.968033, 0.161709, 0.061434, 0.733202, 0.031753, -0.679271, 0.045622, 0.0, 0.0, 0.0, 1.0],
                [0.648798, 0.249078, 0.719044, 0.118801, 0.207724, -0.966997, 0.147539, 0.061729, 0.732062, 0.05364, -0.679124, 0.031481, 0.0, 0.0, 0.0, 1.0],
                [0.512909, 0.312911, 0.799383, 0.107079, 0.227421, -0.947458, 0.224953, 0.059533, 0.827773, 0.066417, -0.557121, 0.039995, 0.0, 0.0, 0.0, 1.0],
                [0.388141, 0.364039, 0.846654, 0.095356, 0.228256, -0.928028, 0.294387, 0.057338, 0.892888, 0.078991, -0.443299, 0.04851, 0.0, 0.0, 0.0, 1.0],
                [0.37352, 0.368835, 0.851143, 0.083633, 0.219068, -0.926673, 0.305429, 0.055142, 0.901385, 0.072375, -0.42693, 0.057023, 0.0, 0.0, 0.0, 1.0],
                [0.379979, 0.36117, 0.851571, 0.081945, 0.215474, -0.929856, 0.298226, 0.060231, 0.89955, 0.070172, -0.431148, 0.0642, 0.0, 0.0, 0.0, 1.0],
                [0.377107, 0.348642, 0.858044, 0.080257, 0.219726, -0.933672, 0.282804, 0.06532, 0.89973, 0.081887, -0.428699, 0.071376, 0.0, 0.0, 0.0, 1.0],
                [0.372023, 0.325141, 0.869416, 0.078569, 0.234061, -0.939237, 0.251098, 0.070409, 0.89823, 0.110082, -0.42552, 0.078553, 0.0, 0.0, 0.0, 1.0],
                [0.375457, 0.294529, 0.878798, 0.076881, 0.246154, -0.945802, 0.211819, 0.075498, 0.893557, 0.136791, -0.427607, 0.085729, 0.0, 0.0, 0.0, 1.0],
                [0.388942, 0.275346, 0.879153, 0.075193, 0.252479, -0.949612, 0.185716, 0.080586, 0.885992, 0.149735, -0.438862, 0.092905, 0.0, 0.0, 0.0, 1.0],
                [0.411457, 0.265097, 0.872025, 0.075007, 0.258881, -0.951352, 0.167063, 0.076405, 0.873891, 0.157012, -0.460069, 0.091929, 0.0, 0.0, 0.0, 1.0],
                [0.440459, 0.258957, 0.859615, 0.074821, 0.264312, -0.952464, 0.151498, 0.072224, 0.857985, 0.160478, -0.487966, 0.090954, 0.0, 0.0, 0.0, 1.0],
                [0.478022, 0.253638, 0.84093, 0.074635, 0.26926, -0.95362, 0.134568, 0.068043, 0.83606, 0.162103, -0.524145, 0.089978, 0.0, 0.0, 0.0, 1.0],
                [0.513264, 0.249514, 0.82116, 0.074449, 0.272258, -0.954722, 0.119925, 0.063862, 0.813904, 0.162014, -0.557955, 0.089002, 0.0, 0.0, 0.0, 1.0],
                [0.531707, 0.24534, 0.810615, 0.069944, 0.272539, -0.955778, 0.110509, 0.062456, 0.801882, 0.162166, -0.575057, 0.08998, 0.0, 0.0, 0.0, 1.0],
                [0.540057, 0.239513, 0.806829, 0.065438, 0.270506, -0.957184, 0.103083, 0.06105, 0.796975, 0.162581, -0.581722, 0.090958, 0.0, 0.0, 0.0, 1.0],
                [0.541387, 0.236274, 0.806893, 0.060933, 0.270455, -0.957634, 0.098952, 0.059644, 0.796089, 0.164658, -0.582351, 0.091936, 0.0, 0.0, 0.0, 1.0]
            ]
        },
        {
            "name": "Leg_R",
            "time": [0.0, 0.0417, 0.0833, 0.125, 0.1667, 0.2083, 0.25, 0.2917, 0.3333, 0.375, 0.4167, 0.4583, 0.5, 0.5417, 0.5833, 0.625, 0.6667, 0.7083, 0.75, 0.7917, 0.8333, 0.875, 0.9167, 0.9583, 1.0, 1.0417, 1.0833, 1.125, 1.1667, 1.2083, 1.25, 1.2917, 1.3333, 1.375, 1.4167, 1.4583, 1.5, 1.5417, 1.5833, 1.625, 1.6667, 1.7083, 1.75, 1.7917, 1.8333, 1.875, 1.9167, 1.9583, 2.0, 2.0417, 2.0833, 2.125, 2.1667, 2.2083, 2.25, 2.2917, 2.3333, 2.375, 2.4167, 2.4583, 2.5, 2.5417, 2.5833, 2.625, 2.6667, 2.7083, 2.75, 2.7917, 2.8333, 2.875, 2.9167, 2.9583, 3.0, 3.0417, 3.0833, 3.125, 3.1667, 3.2083, 3.25, 3.2917, 3.3333],
            "transform": [
                [0.999999, 0.0, 0.0, 0.0, -0.0, 0.251723, 0.967799, 0.37472, 0.0, -0.9678, 0.251723, 0.0, 0.0, 0.0, 0.0, 1.0],
                [1.0, -0.0, 0.0, 0.0, 0.0, 0.508747, 0.860916, 0.37472, -0.0, -0.860917, 0.508747, 0.0, 0.0, 0.0, 0.0, 1.0],
                [1.0, -0.0, 0.0, -0.0, -0.0, 0.057652, 0.998336, 0.37472, -0.0, -0.998337, 0.057651, 0.0, 0.0, 0.0, 0.0, 1.0],
                [1.0, -0.0, -0.0, -0.0, -0.0, -0.580852, 0.814009, 0.37472, -0.0, -0.81401, -0.580851, 0.0, 0.0, 0.0, 0.0, 1.0],
                [1.0, -0.0, -0.0, 0.0, -0.0, -0.572602, 0.819833, 0.37472, -0.0, -0.819834, -0.572602, 0.0, 0.0, 0.0, 0.0, 1.0],
                [1.0, -0.0, -0.0, 0.0, -0.0, -0.452473, 0.891778, 0.37472, -0.0, -0.891779, -0.452472, -0.0, 0.0, 0.0, 0.0, 1.0],
                [1.0, -0.0, -0.0, -0.0, 0.0, -0.484703, 0.874679, 0.37472, -0.0, -0.87468, -0.484702, 0.0, 0.0, 0.0, 0.0, 1.0],
                [1.0, -0.0, -0.0, 0.0, -0.0, -0.489647, 0.87192, 0.37472, -0.0, -0.871921, -0.489646, -0.0, 0.0, 0.0, 0.0, 1.0],
                [1.0, -0.0, -0.0, 0.0, -0.0, -0.439668, 0.89816, 0.37472, -0.0, -0.898161, -0.439667, -1e-06, 0.0, 0.0, 0.0, 1.0],
                [1.0, -0.0, 0.0, -0.0, -0.0, -0.312649, 0.949869, 0.37472, -0.0, -0.94987, -0.312648, -0.0, 0.0, 0.0, 0.0, 1.0],
                [1.0, -0.0, 0.0, -0.0, -0.0, -0.097083, 0.995277, 0.37472, -0.0, -0.995277, -0.097083, 0.0, 0.0, 0.0, 0.0, 1.0],
                [1.0, -0.0, 0.0, 0.0, -0.0, 0.127835, 0.991796, 0.37472, -0.0, -0.991796, 0.127835, 0.0, 0.0, 0.0, 0.0, 1.0],
                [1.0, -0.0, 0.0, -0.0, -0.0, 0.346229, 0.93815, 0.37472, -0.0, -0.93815, 0.346229, -0.0, 0.0, 0.0, 0.0, 1.0],
                [0.999999, -0.0, 0.0, -0.0, -0.0, 0.526631, 0.850094, 0.37472, -0.0, -0.850094, 0.526631, 0.0, 0.0, 0.0, 0.0, 1.0],
                [0.999999, -0.0, 0.0, 0.0, -0.0, 0.60937, 0.792886, 0.374721, -0.0, -0.792887, 0.60937, 0.0, 0.0, 0.0, 0.0, 1.0],
                [0.999999, -0.0, 0.0, -0.0, -0.0, 0.617909, 0.78625, 0.374719, -0.0, -0.78625, 0.617909, 0.0, 0.0, 0.0, 0.0, 1.0],
                [1.0, -0.0, 0.0, -0.0, -0.0, 0.581154, 0.813794, 0.37472, -0.0, -0.813794, 0.581154, -0.0, 0.0, 0.0, 0.0, 1.0],
                [1.0, -0.0, 0.0, 0.0, -0.0, 0.483239, 0.875488, 0.37472, -0.0, -0.875489, 0.483238, -0.0, 0.0, 0.0, 0.0, 1.0],
                [1.0, -0.0, 0.0, 0.0, -0.0, 0.295096, 0.955467, 0.374721, -0.0, -0.955468, 0.295096, -0.0, 0.0, 0.0, 0.0, 1.0],
                [0.999999, -0.0, 0.0, 0.0, -0.0, 0.08147, 0.996675, 0.37472, -0.0, -0.996676, 0.08147, 0.0, 0.0, 0.0, 0.0, 1.0],
                [1.0, -0.0, 0.0, -0.0, -0.0, 0.100885, 0.994898, 0.37472, -0.0, -0.994899, 0.100885, 0.0, 0.0, 0.0, 0.0, 1.0],
                [1.0, -0.0, 0.0, -0.0, -0.0, 0.653495, 0.756931, 0.37472, -0.0, -0.756931, 0.653495, 0.0, 0.0, 0.0, 0.0, 1.0],
                [0.999999, -0.0, 0.0, 0.0, -0.0, 0.361709, 0.932291, 0.37472, -0.0, -0.932292, 0.361708, 0.0, 0.0, 0.0, 0.0, 1.0],
                [0.999999, -0.0, 0.0, 0.0, -0.0, 0.156727, 0.987642, 0.37472, -0.0, -0.987642, 0.156727, -0.0, 0.0, 0.0, 0.0, 1.0],
                [0.999999, -0.0, 0.0, 0.0, -0.0, 0.307457, 0.951562, 0.37472, -0.0, -0.951562, 0.307456, -0.0, 0.0, 0.0, 0.0, 1.0],
                [1.0, -0.0, 0.0, -0.0, -0.0, 0.410449, 0.911884, 0.37472, -0.0, -0.911884, 0.410449, -0.0, 0.0, 0.0, 0.0, 1.0],
                [1.0, -0.0, 0.0, -0.0, -0.0, 0.447188, 0.89444, 0.37472, -0.0, -0.89444, 0.447188, 0.0, 0.0, 0.0, 0.0, 1.0],
                [1.0, -0.0, 0.0, -0.0, -0.0, 0.441588, 0.897218, 0.37472, -0.0, -0.897218, 0.441588, 0.0, 0.0, 0.0, 0.0, 1.0],
                [1.0, -0.0, 0.0, 0.0, -0.0, 0.433121, 0.901336, 0.374721, -0.0, -0.901336, 0.433121, 0.0, 0.0, 0.0, 0.0, 1.0],
                [1.0, -0.0, 0.0, -0.0, -0.0, 0.431343, 0.902188, 0.37472, -0.0, -0.902188, 0.431343, -0.0, 0.0, 0.0, 0.0, 1.0],
                [1.0, -0.0, 0.0, -0.0, -0.0, 0.426461, 0.904506, 0.37472, -0.0, -0.904506, 0.426461, 0.0, 0.0, 0.0, 0.0, 1.0],
                [1.0, -0.0, 0.0, 0.0, -0.0, 0.416238, 0.909256, 0.37472, -0.0, -0.909256, 0.416238, 0.0, 0.0, 0.0, 0.0, 1.0],
                [1.0, -0.0, 0.0, 0.0, -0.0, 0.404185, 0.914677, 0.37472, -0.0, -0.914678, 0.404185, 0.0, 0.0, 0.0, 0.0, 1.0],
                [1.0, -0.0, 0.0, -0.0, -0.0, 0.394418, 0.918931, 0.37472, -0.0, -0.918931, 0.394418, 0.0, 0.0, 0.0, 0.0, 1.0],
                [1.0, -0.0, 0.0, 0.0, -0.0, 0.385621, 0.922658, 0.37472, -0.0, -0.922658, 0.38562, 0.0, 0.0, 0.0, 0.0, 1.0],
                [1.0, -0.0, 0.0, 0.0, -0.0, 0.378598, 0.925561, 0.37472, -0.0, -0.925561, 0.378598, -0.0, 0.0, 0.0, 0.0, 1.0],
                [1.0, -0.0, 0.0, 1e-06, -0.0, 0.374867, 0.927079, 0.37472, -0.0, -0.927079, 0.374867, 0.0, 0.0, 0.0, 0.0, 1.0],
                [1.0, -0.0, 0.0, -0.0, -0.0, 0.374825, 0.927095, 0.37472, -0.0, -0.927096, 0.374825, -0.0, 0.0, 0.0, 0.0, 1.0],
                [1.0, -0.0, 0.0, 0.0, -0.0, 0.379618, 0.925143, 0.374721, -0.0, -0.925144, 0.379618, -0.0, 0.0, 0.0, 0.0, 1.0],
                [0.999999, -0.0, 0.0, 0.0, -0.0, 0.39075, 0.920497, 0.37472, -0.0, -0.920497, 0.39075, -0.0, 0.0, 0.0, 0.0, 1.0],
                [1.0, -0.0, 0.0, 0.0, -0.0, 0.417178, 0.908825, 0.37472, -0.0, -0.908825, 0.417178, -0.0, 0.0, 0.0, 0.0, 1.0],
                [1.0, -0.0, 0.0, -1e-06, -0.0, 0.496798, 0.867866, 0.37472, -0.0, -0.867866, 0.496798, 0.0, 0.0, 0.0, 0.0, 1.0],
                [1.0, -0.0, 0.0, 0.0, -0.0, 0.634445, 0.772968, 0.37472, -0.0, -0.772968, 0.634445, 0.0, 0.0, 0.0, 0.0, 1.0],
                [1.0, -0.0, 0.0, -0.0, -0.0, 0.832923, 0.553388, 0.37472, -0.0, -0.553388, 0.832924, 0.0, 0.0, 0.0, 0.0, 1.0],
                [1.0, 0.0, 0.0, -0.0, -0.0, 0.99983, 0.018464, 0.37472, -0.0, -0.018464, 0.999829, -0.0, 0.0, 0.0, 0.0, 1.0],
                [1.0, -0.0, 0.0, 0.0, -0.0, 0.961285, 0.275557, 0.37472, -0.0, -0.275558, 0.961284, 0.0, 0.0, 0.0, 0.0, 1.0],
                [1.0, -0.0, 0.0, 0.0, -0.0, 0.762488, 0.647002, 0.37472, -0.0, -0.647002, 0.762488, -0.0, 0.0, 0.0, 0.0, 1.0],
                [1.0, -0.0, 0.0, 0.0, -0.0, 0.53566, 0.844433, 0.37472, -0.0, -0.844434, 0.535659, 0.0, 0.0, 0.0, 0.0, 1.0],
                [1.0, -0.0, 0.0, 0.0, -0.0, 0.432258, 0.90175, 0.37472, -0.0, -0.90175, 0.432257, -0.0, 0.0, 0.0, 0.0, 1.0],
                [1.0, -0.0, 0.0, 0.0, -0.0, 0.63779, 0.77021, 0.37472, -0.0, -0.77021, 0.63779, 0.0, 0.0, 0.0, 0.0, 1.0],
                [1.0, -0.0, 0.0, -0.0, -0.0, 0.84491, 0.534909, 0.37472, -0.0, -0.534909, 0.844909, -0.0, 0.0, 0.0, 0.0, 1.0],
                [1.0, -0.0, 0.0, 0.0, -0.0, 0.879183, 0.476483, 0.37472, -0.0, -0.476484, 0.879183, 0.0, 0.0, 0.0, 0.0, 1.0],
                [1.0, -0.0, 0.0, 0.0, -0.0, 0.873306, 0.487172, 0.37472, -0.0, -0.487172, 0.873306, -0.0, 0.0, 0.0, 0.0, 1.0],
                [1.0, -0.0, 0.0, 0.0, -0.0, 0.842969, 0.537962, 0.37472, -0.0, -0.537962, 0.842969, 0.0, 0.0, 0.0, 0.0, 1.0],
                [1.0, -0.0, 0.0, 0.0, -0.0, 0.813255, 0.581907, 0.37472, -0.0, -0.581908, 0.813255, 0.0, 0.0, 0.0, 0.0, 1.0],
                [1.0, -0.0, 0.0, 0.0, -0.0, 0.789646, 0.613563, 0.37472, -0.0, -0.613563, 0.789645, -0.0, 0.0, 0.0, 0.0, 1.0],
                [1.0, -0.0, 0.0, 0.0, -0.0, 0.753099, 0.657906, 0.37472, -0.0, -0.657907, 0.753099, 1e-06, 0.0, 0.0, 0.0, 1.0],
                [1.0, -0.0, 0.0, -0.0, -0.0, 0.713987, 0.700159, 0.37472, -0.0, -0.700159, 0.713987, 1e-06, 0.0, 0.0, 0.0, 1.0],
                [1.0, -0.0, 0.0, 0.0, -0.0, 0.683589, 0.729867, 0.37472, -0.0, -0.729868, 0.683589, -0.0, 0.0, 0.0, 0.0, 1.0],
                [1.0, -0.0, 0.0, -0.0, -0.0, 0.677324, 0.735685, 0.37472, -0.0, -0.735685, 0.677323, 0.0, 0.0, 0.0, 0.0, 1.0],
                [1.0, -0.0, 0.0, -1e-06, -0.0, 0.68386, 0.729612, 0.37472, -0.0, -0.729613, 0.68386, 0.0, 0.0, 0.0, 0.0, 1.0],
                [1.0, -0.0, 0.0, -0.0, -0.0, 0.698109, 0.715992, 0.37472, -0.0, -0.715992, 0.698108, 0.0, 0.0, 0.0, 0.0, 1.0],
                [1.0, -0.0, 0.0, -0.0, -0.0, 0.72622, 0.687462, 0.37472, -0.0, -0.687462, 0.72622, 0.0, 0.0, 0.0, 0.0, 1.0],
                [1.0, -0.0, 0.0, -0.0, -0.0, 0.761358, 0.648332, 0.37472, -0.0, -0.648332, 0.761358, -0.0, 0.0, 0.0, 0.0, 1.0],
                [1.0, -0.0, 0.0, 0.0, -0.0, 0.78947, 0.61379, 0.37472, -0.0, -0.61379, 0.78947, 0.0, 0.0, 0.0, 0.0, 1.0],
                [1.0, -0.0, 0.0, 0.0, -0.0, 0.804561, 0.593869, 0.37472, -0.0, -0.593869, 0.804561, 0.0, 0.0, 0.0, 0.0, 1.0],
                [1.0, -0.0, 0.0, 0.0, -0.0, 0.774613, 0.632436, 0.37472, -0.0, -0.632436, 0.774612, 0.0, 0.0, 0.0, 0.0, 1.0],
                [1.0, -0.0, 0.0, -0.0, -0.0, 0.758127, 0.652107, 0.37472, -0.0, -0.652107, 0.758127, 0.0, 0.0, 0.0, 0.0, 1.0],
                [1.0, -0.0, 0.0, -0.0, -0.0, 0.778824, 0.627243, 0.37472, -0.0, -0.627243, 0.778823, -0.0, 0.0, 0.0, 0.0, 1.0],
                [1.0, -0.0, 0.0, -0.0, -0.0, 0.804003, 0.594625, 0.37472, -0.0, -0.594626, 0.804003, 0.0, 0.0, 0.0, 0.0, 1.0],
                [1.0, -0.0, 0.0, -0.0, -0.0, 0.830639, 0.556812, 0.37472, -0.0, -0.556812, 0.830638, 1e-06, 0.0, 0.0, 0.0, 1.0],
                [1.0, 0.0, 0.0, -0.0, -0.0, 0.868836, 0.4951, 0.37472, -0.0, -0.4951, 0.868836, 0.0, 0.0, 0.0, 0.0, 1.0],
                [1.0, -0.0, 0.0, 0.0, -0.0, 0.902881, 0.429892, 0.37472, -0.0, -0.429892, 0.90288, -0.0, 0.0, 0.0, 0.0, 1.0],
                [1.0, 0.0, 0.0, 0.0, -0.0, 0.919398, 0.393329, 0.37472, -0.0, -0.393329, 0.919398, -0.0, 0.0, 0.0, 0.0, 1.0],
                [1.0, 0.0, 0.0, -0.0, -0.0, 0.926606, 0.376033, 0.37472, -0.0, -0.376033, 0.926606, 0.0, 0.0, 0.0, 0.0, 1.0],
                [1.0, 0.0, 0.0, -0.0, -0.0, 0.92888, 0.37038, 0.37472, -0.0, -0.370381, 0.92888, 0.0, 0.0, 0.0, 0.0, 1.0],
                [1.0, 0.0, 0.0, 0.0, -0.0, 0.928849, 0.370458, 0.37472, -0.0, -0.370458, 0.928849, -0.0, 0.0, 0.0, 0.0, 1.0],
                [1.0, -0.0, 0.0, 0.0, -0.0, 0.929191, 0.369601, 0.37472, -0.0, -0.369601, 0.92919, -0.0, 0.0, 0.0, 0.0, 1.0],
                [1.0, -0.0, 0.0, 1e-06, -0.0, 0.930676, 0.365845, 0.37472, -0.0, -0.365845, 0.930675, 1e-06, 0.0, 0.0, 0.0, 1.0],
                [1.0, -0.0, 0.0, 0.0, -0.0, 0.931988, 0.36249, 0.37472, -0.0, -0.36249, 0.931987, -0.0, 0.0, 0.0, 0.0, 1.0],
                [1.0, -0.0, 0.0, 0.0, -0.0, 0.932807, 0.360377, 0.37472, -0.0, -0.360377, 0.932806, 0.0, 0.0, 0.0, 0.0, 1.0]
            ]
        },
        {
            "name": "Knee_R",
            "time": [0.0, 3.3333],
            "transform": [
                [1.0, 0.0, -0.0, 0.0, -0.0, 1e-06, -1.0, 0.37472, -0.0, 1.0, 1e-06, 0.0, 0.0, 0.0, 0.0, 1.0],
                [1.0, 0.0, -0.0, 0.0, -0.0, 1e-06, -1.0, 0.37472, -0.0, 1.0, 1e-06, 0.0, 0.0, 0.0, 0.0, 1.0]
            ]
        },
        {
            "name": "Thigh_L",
            "time": [0.0, 0.0417, 0.0833, 0.125, 0.1667, 0.2083, 0.25, 0.2917, 0.3333, 0.375, 0.4167, 0.4583, 0.5, 0.5417, 0.5833, 0.625, 0.6667, 0.7083, 0.75, 0.7917, 0.8333, 0.875, 0.9167, 0.9583, 1.0, 1.0417, 1.0833, 1.125, 1.1667, 1.2083, 1.25, 1.2917, 1.3333, 1.375, 1.4167, 1.4583, 1.5, 1.5417, 1.5833, 1.625, 1.6667, 1.7083, 1.75, 1.7917, 1.8333, 1.875, 1.9167, 1.9583, 2.0, 2.0417, 2.0833, 2.125, 2.1667, 2.2083, 2.25, 2.2917, 2.3333, 2.375, 2.4167, 2.4583, 2.5, 2.5417, 2.5833, 2.625, 2.6667, 2.7083, 2.75, 2.7917, 2.8333, 2.875, 2.9167, 2.9583, 3.0, 3.0417, 3.0833, 3.125, 3.1667, 3.2083, 3.25, 3.2917, 3.3333],
            "transform": [
                [0.473792, 0.47056, 0.744375, -0.054001, -0.764716, -0.199341, 0.612755, 0.051467, 0.436721, -0.859559, 0.265398, -0.145587, 0.0, 0.0, 0.0, 1.0],
                [0.193367, 0.550181, 0.812349, -0.05648, -0.828699, -0.351654, 0.435424, 0.03075, 0.525225, -0.757394, 0.387935, -0.137892, 0.0, 0.0, 0.0, 1.0],
                [0.213867, 0.621328, 0.753799, -0.034621, -0.443745, -0.625653, 0.641599, 0.028398, 0.870257, -0.471714, 0.141904, -0.148665, 0.0, 0.0, 0.0, 1.0],
                [0.100408, 0.475156, 0.874155, 0.043072, 0.070314, -0.879789, 0.470139, 0.005561, 0.992456, 0.01426, -0.121748, -0.127905, 0.0, 0.0, 0.0, 1.0],
                [-0.326516, 0.251119, 0.911222, 0.113159, 0.170178, -0.93269, 0.318014, 0.038612, 0.929743, 0.258908, 0.261803, -0.118184, 0.0, 0.0, 0.0, 1.0],
                [-0.713055, 0.03257, 0.700349, 0.149033, 0.094912, -0.985242, 0.142454, 0.114439, 0.694651, 0.16805, 0.699441, -0.033391, 0.0, 0.0, 0.0, 1.0],
                [-0.957759, 0.109935, 0.265723, 0.110514, -0.020564, -0.94786, 0.318028, 0.133604, 0.286829, 0.299132, 0.910082, 0.016179, 0.0, 0.0, 0.0, 1.0],
                [-0.901823, -0.018891, -0.431689, 0.071995, -0.266727, -0.761656, 0.590541, 0.152769, -0.339953, 0.64771, 0.681839, 0.065749, 0.0, 0.0, 0.0, 1.0],
                [-0.593406, -0.274329, -0.756711, 0.078817, -0.458931, -0.657026, 0.59808, 0.152891, -0.661247, 0.702186, 0.263984, 0.070247, 0.0, 0.0, 0.0, 1.0],
                [-0.255202, -0.478082, -0.840423, 0.085639, -0.563758, -0.63259, 0.531043, 0.153013, -0.785522, 0.609321, -0.108084, 0.074745, 0.0, 0.0, 0.0, 1.0],
                [0.005059, -0.606793, -0.794844, 0.072994, -0.601833, -0.636632, 0.482179, 0.169402, -0.798603, 0.475926, -0.368409, 0.075369, 0.0, 0.0, 0.0, 1.0],
                [0.170966, -0.679522, -0.713458, 0.06035, -0.608677, -0.642259, 0.465849, 0.185791, -0.774776, 0.354624, -0.523413, 0.075993, 0.0, 0.0, 0.0, 1.0],
                [0.315789, -0.721497, -0.616215, 0.041456, -0.603042, -0.654023, 0.456721, 0.187689, -0.732539, 0.227377, -0.641626, 0.082656, 0.0, 0.0, 0.0, 1.0],
                [0.461958, -0.730885, -0.502397, 0.022563, -0.584116, -0.676986, 0.447771, 0.189587, -0.667382, 0.086607, -0.739661, 0.08932, 0.0, 0.0, 0.0, 1.0],
                [0.579664, -0.707456, -0.404346, 0.002897, -0.558897, -0.706286, 0.434505, 0.180657, -0.592975, -0.025879, -0.804804, 0.090504, 0.0, 0.0, 0.0, 1.0],
                [0.664723, -0.667835, -0.334873, -0.01677, -0.536431, -0.738639, 0.408234, 0.171728, -0.519981, -0.091727, -0.849238, 0.091688, 0.0, 0.0, 0.0, 1.0],
                [0.741862, -0.615598, -0.265856, -0.036437, -0.513333, -0.776471, 0.36549, 0.162799, -0.431422, -0.134671, -0.892041, 0.092872, 0.0, 0.0, 0.0, 1.0],
                [0.813173, -0.551731, -0.185314, -0.056104, -0.491022, -0.821281, 0.290512, 0.15387, -0.312478, -0.145244, -0.938755, 0.094056, 0.0, 0.0, 0.0, 1.0],
                [0.873213, -0.484393, -0.053485, -0.073628, -0.468235, -0.86435, 0.183457, 0.142301, -0.135095, -0.135153, -0.981571, 0.070213, 0.0, 0.0, 0.0, 1.0],
                [0.888935, -0.437964, 0.13409, -0.091153, -0.452132, -0.885875, 0.103948, 0.130732, 0.073262, -0.15303, -0.985502, 0.046369, 0.0, 0.0, 0.0, 1.0],
                [0.802482, -0.318557, 0.50452, -0.108677, -0.531294, -0.766325, 0.361212, 0.119163, 0.271559, -0.557918, -0.784209, 0.022525, 0.0, 0.0, 0.0, 1.0],
                [0.822185, 0.129387, 0.554317, -0.126201, -0.463937, -0.411907, 0.784279, 0.107595, 0.329801, -0.901995, -0.278637, -0.001318, 0.0, 0.0, 0.0, 1.0],
                [0.511253, 0.271958, 0.815265, -0.126796, -0.588292, -0.580796, 0.562662, 0.111939, 0.62652, -0.767281, -0.136943, -0.024389, 0.0, 0.0, 0.0, 1.0],
                [-0.025794, 0.527644, 0.849075, -0.12739, -0.849561, -0.459209, 0.259558, 0.116283, 0.526855, -0.714649, 0.460111, -0.047461, 0.0, 0.0, 0.0, 1.0],
                [-0.034042, 0.483536, 0.874663, -0.127985, -0.817766, -0.51659, 0.253755, 0.120627, 0.574539, -0.706634, 0.413005, -0.070532, 0.0, 0.0, 0.0, 1.0],
                [-0.00571, 0.449909, 0.893057, -0.12858, -0.800307, -0.537516, 0.265675, 0.124972, 0.599559, -0.713206, 0.363134, -0.093603, 0.0, 0.0, 0.0, 1.0],
                [0.02314, 0.417727, 0.908278, -0.128579, -0.796439, -0.541441, 0.269304, 0.117859, 0.604272, -0.729624, 0.320165, -0.08262, 0.0, 0.0, 0.0, 1.0],
                [0.067612, 0.390443, 0.918141, -0.128579, -0.797261, -0.532119, 0.284996, 0.118637, 0.599833, -0.751271, 0.275306, -0.081037, 0.0, 0.0, 0.0, 1.0],
                [0.091931, 0.384794, 0.918413, -0.12858, -0.798756, -0.522236, 0.298758, 0.119416, 0.594587, -0.761056, 0.259347, -0.079453, 0.0, 0.0, 0.0, 1.0],
