{
    "animation": [
        {
            "name": "Root",
            "time": [0.0, 0.0167, 0.0333, 0.05, 0.0667, 0.0833, 0.1, 0.1167, 0.1333, 0.15, 0.1667, 0.1833, 0.2, 0.2167, 0.2333, 0.25, 0.2667, 0.2833, 0.3, 0.3167, 0.3333, 0.35, 0.3667, 0.3833, 0.4, 0.4167, 0.4333, 0.45, 0.4667, 0.4833, 0.5, 0.5167, 0.5333, 0.55, 0.5667, 0.5833, 0.6, 0.6167, 0.6333, 0.65, 0.6667, 0.6833, 0.7, 0.7167, 0.7333, 0.75, 0.7667, 0.7833, 0.8, 0.8167, 0.8333, 0.85, 0.8667, 0.8833, 0.9, 0.9167, 0.9333, 0.95, 0.9667, 0.9833, 1.0, 1.0167, 1.0333, 1.05, 1.0667, 1.0833, 1.1, 1.1167, 1.1333, 1.15, 1.1667, 1.1833, 1.2, 1.2167, 1.2333, 1.25, 1.2667, 1.2833, 1.3, 1.3167, 1.3333, 1.35, 1.3667, 1.3833, 1.4, 1.4167, 1.4333, 1.45, 1.4667, 1.4833, 1.5, 1.5167, 1.5333, 1.55, 1.5667],
            "transform": [
                [0.223724, -0.010417, -0.974597, -5e-06, -0.955634, -0.198919, -0.217244, 0.000946, -0.191603, 0.979961, -0.054458, 0.596469, 0.0, 0.0, 0.0, 1.0],
                [0.239128, -0.008738, -0.970949, 0.001386, -0.952362, -0.197032, -0.232777, -0.001419, -0.189274, 0.980358, -0.055437, 0.596469, 0.0, 0.0, 0.0, 1.0],
                [0.282605, -0.004131, -0.959228, 0.005301, -0.941703, -0.191517, -0.276617, -0.008077, -0.182566, 0.981481, -0.058014, 0.596469, 0.0, 0.0, 0.0, 1.0],
                [0.349891, 0.002595, -0.936787, 0.01135, -0.920906, -0.182419, -0.344465, -0.018365, -0.171781, 0.983218, -0.061437, 0.596469, 0.0, 0.0, 0.0, 1.0],
                [0.435939, 0.01043, -0.899916, 0.019147, -0.886137, -0.16971, -0.431231, -0.031624, -0.157222, 0.985439, -0.064741, 0.596469, 0.0, 0.0, 0.0, 1.0],
                [0.534349, 0.018199, -0.845068, 0.028302, -0.833693, -0.153511, -0.530462, -0.047195, -0.139382, 0.987979, -0.066856, 0.596469, 0.0, 0.0, 0.0, 1.0],
                [0.637301, 0.024688, -0.77022, 0.038427, -0.76136, -0.134272, -0.634273, -0.064415, -0.119078, 0.990637, -0.066775, 0.596469, 0.0, 0.0, 0.0, 1.0],
                [0.736251, 0.028841, -0.676094, 0.049135, -0.669651, -0.112868, -0.734049, -0.082626, -0.09748, 0.993191, -0.063785, 0.596469, 0.0, 0.0, 0.0, 1.0],
                [0.823335, 0.03001, -0.566762, 0.060037, -0.562446, -0.090553, -0.82186, -0.101167, -0.075986, 0.995439, -0.057676, 0.596469, 0.0, 0.0, 0.0, 1.0],
                [0.892976, 0.028119, -0.449226, 0.070745, -0.446611, -0.068756, -0.892082, -0.119378, -0.055971, 0.997237, -0.048839, 0.596469, 0.0, 0.0, 0.0, 1.0],
                [0.942958, 0.023683, -0.332069, 0.08087, -0.330676, -0.048806, -0.942482, -0.136599, -0.038527, 0.998527, -0.038191, 0.596469, 0.0, 0.0, 0.0, 1.0],
                [0.974476, 0.017657, -0.223795, 0.090025, -0.223171, -0.031711, -0.974263, -0.152169, -0.024299, 0.999341, -0.026961, 0.596469, 0.0, 0.0, 0.0, 1.0],
                [0.991241, 0.011202, -0.131587, 0.097822, -0.131373, -0.018074, -0.991168, -0.165429, -0.013481, 0.999774, -0.016444, 0.596469, 0.0, 0.0, 0.0, 1.0],
                [0.998129, 0.005471, -0.060904, 0.103871, -0.060859, -0.008166, -0.998113, -0.175717, -0.005958, 0.999952, -0.007818, 0.596469, 0.0, 0.0, 0.0, 1.0],
                [0.999873, 0.001471, -0.015851, 0.107785, -0.015848, -0.002092, -0.999872, -0.182374, -0.001504, 0.999997, -0.002069, 0.596469, 0.0, 0.0, 0.0, 1.0],
                [1.0, 0.0, 0.0, 0.109176, 0.0, 0.0, -1.0, -0.18474, 0.0, 1.0, 0.0, 0.596469, 0.0, 0.0, 0.0, 1.0],
                [1.0, 0.0, 0.0, 0.109176, 0.0, 0.0, -1.0, -0.135913, 0.0, 1.0, 0.0, 0.572978, 0.0, 0.0, 0.0, 1.0],
                [1.0, 0.0, 0.0, 0.109176, 0.0, 0.0, -1.0, -0.025791, 0.0, 1.0, 0.0, 0.521297, 0.0, 0.0, 0.0, 1.0],
                [1.0, 0.0, 0.0, 0.109176, 0.0, 0.0, -1.0, 0.091083, 0.0, 1.0, 0.0, 0.469616, 0.0, 0.0, 0.0, 1.0],
                [1.0, 0.0, 0.0, 0.109176, 0.0, 0.0, -1.0, 0.160169, 0.0, 1.0, 0.0, 0.446125, 0.0, 0.0, 0.0, 1.0],
                [1.0, 0.0, 0.0, 0.109176, 0.0, 0.0, -1.0, 0.181922, 0.0, 1.0, 0.0, 0.447792, 0.0, 0.0, 0.0, 1.0],
                [1.0, 0.0, 0.0, 0.109176, 0.0, 0.0, -1.0, 0.194788, 0.0, 1.0, 0.0, 0.453065, 0.0, 0.0, 0.0, 1.0],
                [1.0, 0.0, 0.0, 0.109176, 0.0, 0.0, -1.0, 0.20121, 0.0, 1.0, 0.0, 0.462354, 0.0, 0.0, 0.0, 1.0],
                [1.0, 0.0, 0.0, 0.109176, 0.0, 0.0, -1.0, 0.20363, 0.0, 1.0, 0.0, 0.476065, 0.0, 0.0, 0.0, 1.0],
                [1.0, 0.0, 0.0, 0.109176, 0.0, 0.0, -1.0, 0.204491, 0.0, 1.0, 0.0, 0.494607, 0.0, 0.0, 0.0, 1.0],
                [1.0, 0.0, 0.0, 0.109176, 0.0, 0.0, -1.0, 0.206236, 0.0, 1.0, 0.0, 0.518389, 0.0, 0.0, 0.0, 1.0],
                [1.0, 0.0, 0.0, 0.109176, 0.0, 0.0, -1.0, 0.211308, 0.0, 1.0, 0.0, 0.547818, 0.0, 0.0, 0.0, 1.0],
                [1.0, 0.0, 0.0, 0.109176, 0.0, 0.0, -1.0, 0.222149, 0.0, 1.0, 0.0, 0.583303, 0.0, 0.0, 0.0, 1.0],
                [1.0, 0.0, 0.0, 0.109176, 0.0, 0.0, -1.0, 0.241203, 0.0, 1.0, 0.0, 0.625253, 0.0, 0.0, 0.0, 1.0],
                [0.999998, 0.0, -0.002054, 0.108811, -0.002054, 0.0, -0.999998, 0.27036, 0.0, 1.0, 0.0, 0.673893, 0.0, 0.0, 0.0, 1.0],
                [0.999968, 0.0, -0.008025, 0.107751, -0.008025, 0.0, -0.999968, 0.309303, 0.0, 1.0, 0.0, 0.728723, 0.0, 0.0, 0.0, 1.0],
                [0.999844, 0.0, -0.01763, 0.106047, -0.01763, 0.0, -0.999844, 0.357165, 0.0, 1.0, 0.0, 0.789061, 0.0, 0.0, 0.0, 1.0],
                [0.999532, 0.0, -0.030588, 0.103752, -0.030588, 0.0, -0.999532, 0.413075, 0.0, 1.0, 0.0, 0.854225, 0.0, 0.0, 0.0, 1.0],
                [0.998913, 0.0, -0.046617, 0.100918, -0.046617, 0.0, -0.998913, 0.476166, 0.0, 1.0, 0.0, 0.923532, 0.0, 0.0, 0.0, 1.0],
                [0.997857, 0.0, -0.065432, 0.097598, -0.065432, 0.0, -0.997857, 0.545569, 0.0, 1.0, 0.0, 0.996301, 0.0, 0.0, 0.0, 1.0],
                [0.996231, 0.0, -0.086741, 0.093843, -0.086741, 0.0, -0.996231, 0.620415, 0.0, 1.0, 0.0, 1.071849, 0.0, 0.0, 0.0, 1.0],
                [0.993905, 0.0, -0.11024, 0.089706, -0.11024, 0.0, -0.993905, 0.699835, 0.0, 1.0, 0.0, 1.149494, 0.0, 0.0, 0.0, 1.0],
                [0.990761, 0.0, -0.135617, 0.085238, -0.135617, 0.0, -0.990761, 0.782962, 0.0, 1.0, 0.0, 1.228554, 0.0, 0.0, 0.0, 1.0],
                [0.9867, 0.0, -0.162549, 0.080493, -0.162549, 0.0, -0.9867, 0.868925, 0.0, 1.0, 0.0, 1.308347, 0.0, 0.0, 0.0, 1.0],
                [0.981648, 0.0, -0.190702, 0.075522, -0.190702, 0.0, -0.981648, 0.956857, 0.0, 1.0, 0.0, 1.388189, 0.0, 0.0, 0.0, 1.0],
                [0.975559, 0.0, -0.219737, 0.070377, -0.219737, 0.0, -0.975559, 1.045889, 0.0, 1.0, 0.0, 1.4674, 0.0, 0.0, 0.0, 1.0],
                [0.968424, 0.0, -0.24931, 0.065111, -0.24931, 0.0, -0.968424, 1.135152, 0.0, 1.0, 0.0, 1.545297, 0.0, 0.0, 0.0, 1.0],
                [0.960269, 0.0, -0.279077, 0.059776, -0.279077, 0.0, -0.960269, 1.223777, 0.0, 1.0, 0.0, 1.621198, 0.0, 0.0, 0.0, 1.0],
                [0.95116, 0.0, -0.308699, 0.054424, -0.308699, 0.0, -0.95116, 1.310897, 0.0, 1.0, 0.0, 1.69442, 0.0, 0.0, 0.0, 1.0],
                [0.941202, 0.0, -0.337845, 0.049107, -0.337845, 0.0, -0.941202, 1.395641, 0.0, 1.0, 0.0, 1.764282, 0.0, 0.0, 0.0, 1.0],
                [0.930537, 0.0, -0.366199, 0.043877, -0.366199, 0.0, -0.930537, 1.477142, 0.0, 1.0, 0.0, 1.830101, 0.0, 0.0, 0.0, 1.0],
                [0.919342, 0.0, -0.39346, 0.038787, -0.39346, 0.0, -0.919342, 1.554531, 0.0, 1.0, 0.0, 1.891195, 0.0, 0.0, 0.0, 1.0],
                [0.907825, 0.0, -0.419349, 0.033888, -0.419349, 0.0, -0.907825, 1.626939, 0.0, 1.0, 0.0, 1.946881, 0.0, 0.0, 0.0, 1.0],
                [0.896221, 0.0, -0.443608, 0.029234, -0.443608, 0.0, -0.896221, 1.693498, 0.0, 1.0, 0.0, 1.996479, 0.0, 0.0, 0.0, 1.0],
                [0.88838, 0.0, -0.459109, 0.026223, -0.459109, 0.0, -0.88838, 1.730358, 0.0, 1.0, 0.0, 2.014947, 0.0, 0.0, 0.0, 1.0],
                [0.880281, 0.0, -0.474454, 0.023213, -0.474454, 0.0, -0.880281, 1.767217, 0.0, 1.0, 0.0, 2.033416, 0.0, 0.0, 0.0, 1.0],
                [0.871927, 0.0, -0.489635, 0.020202, -0.489635, 0.0, -0.871927, 1.804077, 0.0, 1.0, 0.0, 2.051885, 0.0, 0.0, 0.0, 1.0],
                [0.863325, 0.0, -0.504648, 0.017192, -0.504648, 0.0, -0.863325, 1.840936, 0.0, 1.0, 0.0, 2.070354, 0.0, 0.0, 0.0, 1.0],
                [0.854479, 0.0, -0.519486, 0.014181, -0.519486, 0.0, -0.854479, 1.877796, 0.0, 1.0, 0.0, 2.088823, 0.0, 0.0, 0.0, 1.0],
                [0.845394, 0.0, -0.534144, 0.011171, -0.534144, 0.0, -0.845394, 1.914655, 0.0, 1.0, 0.0, 2.107292, 0.0, 0.0, 0.0, 1.0],
                [0.836076, 0.0, -0.548614, 0.00816, -0.548614, 0.0, -0.836076, 1.951515, 0.0, 1.0, 0.0, 2.125761, 0.0, 0.0, 0.0, 1.0],
                [0.82653, 0.0, -0.562893, 0.00515, -0.562893, 0.0, -0.82653, 1.988374, 0.0, 1.0, 0.0, 2.144229, 0.0, 0.0, 0.0, 1.0],
                [0.816762, 0.0, -0.576975, 0.002139, -0.576975, 0.0, -0.816762, 2.025234, 0.0, 1.0, 0.0, 2.162698, 0.0, 0.0, 0.0, 1.0],
                [0.806778, 0.0, -0.590855, -0.000871, -0.590855, 0.0, -0.806778, 2.062094, 0.0, 1.0, 0.0, 2.181167, 0.0, 0.0, 0.0, 1.0],
                [0.796583, 0.0, -0.604529, -0.003882, -0.604529, 0.0, -0.796583, 2.098953, 0.0, 1.0, 0.0, 2.199636, 0.0, 0.0, 0.0, 1.0],
                [0.793901, 0.0, -0.608047, -0.004664, -0.608047, 0.0, -0.793901, 2.121289, 0.0, 1.0, 0.0, 2.188742, 0.0, 0.0, 0.0, 1.0],
                [0.791205, 0.0, -0.611551, -0.005446, -0.611551, 0.0, -0.791205, 2.143625, 0.0, 1.0, 0.0, 2.177849, 0.0, 0.0, 0.0, 1.0],
                [0.788495, 0.0, -0.615041, -0.006229, -0.615041, 0.0, -0.788495, 2.16596, 0.0, 1.0, 0.0, 2.166955, 0.0, 0.0, 0.0, 1.0],
                [0.785772, 0.0, -0.618516, -0.007011, -0.618516, 0.0, -0.785772, 2.188296, 0.0, 1.0, 0.0, 2.156062, 0.0, 0.0, 0.0, 1.0],
                [0.783036, 0.0, -0.621977, -0.007793, -0.621977, 0.0, -0.783036, 2.210631, 0.0, 1.0, 0.0, 2.145168, 0.0, 0.0, 0.0, 1.0],
                [0.780286, 0.0, -0.625423, -0.008575, -0.625423, 0.0, -0.780286, 2.232967, 0.0, 1.0, 0.0, 2.134274, 0.0, 0.0, 0.0, 1.0],
                [0.777523, 0.0, -0.628854, -0.009358, -0.628854, 0.0, -0.777523, 2.255303, 0.0, 1.0, 0.0, 2.123381, 0.0, 0.0, 0.0, 1.0],
                [0.774747, 0.0, -0.632271, -0.01014, -0.632271, 0.0, -0.774747, 2.277638, 0.0, 1.0, 0.0, 2.112487, 0.0, 0.0, 0.0, 1.0],
                [0.777831, -0.001291, -0.628473, -0.009223, -0.628467, 0.003085, -0.77783, 2.308519, 0.002943, 0.999994, 0.001588, 2.075321, 0.0, 0.0, 0.0, 1.0],
                [0.786575, -0.005089, -0.617474, -0.006593, -0.617391, 0.011922, -0.786566, 2.3422, 0.011364, 0.999916, 0.006236, 2.029752, 0.0, 0.0, 0.0, 1.0],
                [0.800095, -0.011383, -0.599765, -0.002431, -0.599368, 0.025863, -0.800056, 2.37834, 0.024619, 0.999601, 0.01387, 1.976636, 0.0, 0.0, 0.0, 1.0],
                [0.817368, -0.020258, -0.575759, 0.003084, -0.574581, 0.044221, -0.817252, 2.416598, 0.042017, 0.998816, 0.024505, 1.916826, 0.0, 0.0, 0.0, 1.0],
                [0.837267, -0.031828, -0.545867, 0.009771, -0.543175, 0.066254, -0.837001, 2.456633, 0.062806, 0.997295, 0.038185, 1.851179, 0.0, 0.0, 0.0, 1.0],
                [0.858595, -0.046191, -0.510569, 0.01745, -0.505359, 0.091159, -0.858081, 2.498103, 0.086178, 0.994765, 0.054926, 1.780548, 0.0, 0.0, 0.0, 1.0],
                [0.880139, -0.063376, -0.470467, 0.02594, -0.461491, 0.118073, -0.879252, 2.540668, 0.111273, 0.990981, 0.074673, 1.705788, 0.0, 0.0, 0.0, 1.0],
                [0.900727, -0.083304, -0.426323, 0.035062, -0.412149, 0.146094, -0.899327, 2.583987, 0.137201, 0.985757, 0.097258, 1.627753, 0.0, 0.0, 0.0, 1.0],
                [0.919306, -0.105753, -0.379068, 0.044634, -0.358164, 0.174315, -0.917242, 2.627717, 0.163078, 0.978995, 0.122372, 1.547299, 0.0, 0.0, 0.0, 1.0],
                [0.935014, -0.13035, -0.329785, 0.054477, -0.300628, 0.201863, -0.932134, 2.671519, 0.188075, 0.970701, 0.149557, 1.46528, 0.0, 0.0, 0.0, 1.0],
                [0.947243, -0.156571, -0.279672, 0.06441, -0.240861, 0.227954, -0.94341, 2.71505, 0.211463, 0.961001, 0.178215, 1.382551, 0.0, 0.0, 0.0, 1.0],
                [0.95569, -0.183763, -0.229975, 0.074253, -0.180353, 0.251938, -0.950789, 2.757969, 0.23266, 0.950136, 0.207632, 1.299966, 0.0, 0.0, 0.0, 1.0],
                [0.960368, -0.21118, -0.181927, 0.083825, -0.120676, 0.273337, -0.954319, 2.799937, 0.25126, 0.938451, 0.237019, 1.218379, 0.0, 0.0, 0.0, 1.0],
                [0.961594, -0.238026, -0.136678, 0.092947, -0.063406, 0.291856, -0.954358, 2.84061, 0.267052, 0.926371, 0.265555, 1.138646, 0.0, 0.0, 0.0, 1.0],
                [0.959946, -0.263498, -0.095253, 0.101437, -0.010042, 0.307389, -0.951531, 2.879648, 0.280006, 0.914375, 0.29243, 1.061621, 0.0, 0.0, 0.0, 1.0],
                [0.956195, -0.286822, -0.058523, 0.109116, 0.038044, 0.319985, -0.946658, 2.91671, 0.290249, 0.902963, 0.31688, 0.988159, 0.0, 0.0, 0.0, 1.0],
                [0.951231, -0.307276, -0.027212, 0.115803, 0.079631, 0.329817, -0.94068, 2.951455, 0.298023, 0.892638, 0.338201, 0.919115, 0.0, 0.0, 0.0, 1.0],
                [0.945988, -0.324196, -0.00192, 0.121318, 0.113638, 0.337125, -0.934576, 2.983542, 0.303633, 0.88388, 0.355757, 0.855342, 0.0, 0.0, 0.0, 1.0],
                [0.941364, -0.336974, 0.016824, 0.12548, 0.13909, 0.342162, -0.92929, 3.012629, 0.30739, 0.877139, 0.368969, 0.797697, 0.0, 0.0, 0.0, 1.0],
                [0.938154, -0.345043, 0.028504, 0.12811, 0.155061, 0.345133, -0.925656, 3.038374, 0.309554, 0.872828, 0.37729, 0.747032, 0.0, 0.0, 0.0, 1.0],
                [0.936984, -0.347854, 0.032546, 0.129027, 0.160607, 0.34613, -0.924337, 3.060438, 0.31027, 0.871316, 0.380186, 0.704203, 0.0, 0.0, 0.0, 1.0],
                [0.936984, -0.347854, 0.032546, 0.129027, 0.160607, 0.34613, -0.924337, 3.078573, 0.31027, 0.871316, 0.380186, 0.669798, 0.0, 0.0, 0.0, 1.0],
                [0.936984, -0.347854, 0.032546, 0.129027, 0.160607, 0.34613, -0.924337, 3.092909, 0.31027, 0.871316, 0.380186, 0.643332, 0.0, 0.0, 0.0, 1.0],
                [0.936984, -0.347854, 0.032546, 0.129027, 0.160607, 0.34613, -0.924337, 3.103669, 0.31027, 0.871316, 0.380186, 0.624055, 0.0, 0.0, 0.0, 1.0],
                [0.936984, -0.347854, 0.032546, 0.129027, 0.160607, 0.34613, -0.924337, 3.111078, 0.31027, 0.871316, 0.380186, 0.611215, 0.0, 0.0, 0.0, 1.0],
                [0.936984, -0.347854, 0.032546, 0.129027, 0.160607, 0.34613, -0.924337, 3.115359, 0.31027, 0.871316, 0.380186, 0.604062, 0.0, 0.0, 0.0, 1.0],
                [0.936984, -0.347854, 0.032546, 0.129027, 0.160607, 0.34613, -0.924337, 3.116736, 0.31027, 0.871316, 0.380186, 0.601844, 0.0, 0.0, 0.0, 1.0]
            ]
        },
        {
            "name": "Thigh_R",
            "time": [0.0, 0.0167, 0.0333, 0.05, 0.0667, 0.0833, 0.1, 0.1167, 0.1333, 0.15, 0.1667, 0.1833, 0.2, 0.2167, 0.2333, 0.25, 0.2667, 0.2833, 0.3, 0.3167, 0.3333, 0.35, 0.3667, 0.3833, 0.4, 0.4167, 0.4333, 0.45, 0.4667, 0.4833, 0.5, 0.5167, 0.5333, 0.55, 0.5667, 0.5833, 0.6, 0.6167, 0.6333, 0.65, 0.6667, 0.6833, 0.7, 0.7167, 0.7333, 0.75, 0.7667, 0.7833, 0.8, 0.8167, 0.8333, 0.85, 0.8667, 0.8833, 0.9, 0.9167, 0.9333, 0.95, 0.9667, 0.9833, 1.0, 1.0167, 1.0333, 1.05, 1.0667, 1.0833, 1.1, 1.1167, 1.1333, 1.15, 1.1667, 1.1833, 1.2, 1.2167, 1.2333, 1.25, 1.2667, 1.2833, 1.3, 1.3167, 1.3333, 1.35, 1.3667, 1.3833, 1.4, 1.4167, 1.4333, 1.45, 1.4667, 1.4833, 1.5, 1.5167, 1.5333, 1.55, 1.5667],
            "transform": [
                [0.918194, -0.131577, -0.373641, 0.124994, 0.344739, -0.1992, 0.917319, -0.002831, -0.195127, -0.971084, -0.137545, -1.2e-05, 0.0, 0.0, 0.0, 1.0],
                [0.921968, -0.120104, -0.368171, 0.124994, 0.340512, -0.201418, 0.918413, -0.002831, -0.184461, -0.972112, -0.144805, -1.2e-05, 0.0, 0.0, 0.0, 1.0],
                [0.931718, -0.087575, -0.352464, 0.124994, 0.328907, -0.208087, 0.921152, -0.002831, -0.154013, -0.97418, -0.165075, -1.2e-05, 0.0, 0.0, 0.0, 1.0],
                [0.944334, -0.036581, -0.32695, 0.124994, 0.311582, -0.219534, 0.924511, -0.002831, -0.105597, -0.974917, -0.195916, -1.2e-05, 0.0, 0.0, 0.0, 1.0],
                [0.956081, 0.030019, -0.29156, 0.124994, 0.290214, -0.236221, 0.927348, -0.002831, -0.041035, -0.971233, -0.234559, -1.2e-05, 0.0, 0.0, 0.0, 1.0],
                [0.963134, 0.108467, -0.246183, 0.124994, 0.266449, -0.258421, 0.92856, -0.002831, 0.037099, -0.959921, -0.277796, -1.2e-05, 0.0, 0.0, 0.0, 1.0],
                [0.962227, 0.193783, -0.191225, 0.124994, 0.241856, -0.285957, 0.927219, -0.002831, 0.124997, -0.938442, -0.322024, -1.2e-05, 0.0, 0.0, 0.0, 1.0],
                [0.951413, 0.279974, -0.128167, 0.124994, 0.217891, -0.318046, 0.922697, -0.002831, 0.217569, -0.905791, -0.363598, -1.2e-05, 0.0, 0.0, 0.0, 1.0],
                [0.930707, 0.360826, -0.059903, 0.124994, 0.195846, -0.353292, 0.914783, -0.002831, 0.308915, -0.863125, -0.399479, -1.2e-05, 0.0, 0.0, 0.0, 1.0],
                [0.902283, 0.431041, 0.009412, 0.124994, 0.176814, -0.389852, 0.903743, -0.002831, 0.39322, -0.813766, -0.427972, -1.2e-05, 0.0, 0.0, 0.0, 1.0],
                [0.870053, 0.487219, 0.074992, 0.124994, 0.161649, -0.4257, 0.890309, -0.002831, 0.465699, -0.762492, -0.449141, -1.2e-05, 0.0, 0.0, 0.0, 1.0],
                [0.838759, 0.528211, 0.132197, 0.124994, 0.150977, -0.458874, 0.87558, -0.002831, 0.523153, -0.71444, -0.464633, -1.2e-05, 0.0, 0.0, 0.0, 1.0],
                [0.812972, 0.554732, 0.177053, 0.124994, 0.145246, -0.487627, 0.860885, -0.002831, 0.563897, -0.674158, -0.477001, -1.2e-05, 0.0, 0.0, 0.0, 1.0],
                [0.796416, 0.568482, 0.206275, 0.124994, 0.144824, -0.510452, 0.847623, -0.002831, 0.587152, -0.645185, -0.488863, -1.2e-05, 0.0, 0.0, 0.0, 1.0],
                [0.791703, 0.571104, 0.216897, 0.124994, 0.150135, -0.526044, 0.8371, -0.002831, 0.59217, -0.63017, -0.502214, -1.2e-05, 0.0, 0.0, 0.0, 1.0],
                [0.800317, 0.563171, 0.20574, 0.124994, 0.161807, -0.533277, 0.830321, -0.002831, 0.57733, -0.631229, -0.517917, -1.2e-05, 0.0, 0.0, 0.0, 1.0],
                [0.798239, 0.587014, 0.135007, 0.124994, 0.22402, -0.497383, 0.838108, -0.002831, 0.559132, -0.638766, -0.528534, -1.2e-05, 0.0, 0.0, 0.0, 1.0],
                [0.761098, 0.647235, 0.042593, 0.124994, 0.354154, -0.469675, 0.80869, -0.002831, 0.543418, -0.600407, -0.586691, -1.2e-05, 0.0, 0.0, 0.0, 1.0],
                [0.696347, 0.717557, 0.014509, 0.124994, 0.497295, -0.496973, 0.711136, -0.002831, 0.517491, -0.487982, -0.702905, -1.2e-05, 0.0, 0.0, 0.0, 1.0],
                [0.650553, 0.758135, 0.044829, 0.124994, 0.575105, -0.530327, 0.622902, -0.002831, 0.496018, -0.379449, -0.781015, -1.2e-05, 0.0, 0.0, 0.0, 1.0],
                [0.641405, 0.76364, 0.073836, 0.124994, 0.590423, -0.552774, 0.588082, -0.002831, 0.489898, -0.333603, -0.805425, -1.2e-05, 0.0, 0.0, 0.0, 1.0],
                [0.639034, 0.762874, 0.098267, 0.124994, 0.595264, -0.571402, 0.564942, -0.002831, 0.48713, -0.302521, -0.819259, -1.2e-05, 0.0, 0.0, 0.0, 1.0],
                [0.642196, 0.756959, 0.120805, 0.124994, 0.591663, -0.589691, 0.549725, -0.002831, 0.487358, -0.281555, -0.826565, -1.2e-05, 0.0, 0.0, 0.0, 1.0],
                [0.649434, 0.74644, 0.145121, 0.124994, 0.581452, -0.61045, 0.537831, -0.002831, 0.490048, -0.264905, -0.830469, -1.2e-05, 0.0, 0.0, 0.0, 1.0],
                [0.659167, 0.731299, 0.17521, 0.124994, 0.566459, -0.636108, 0.523917, -0.002831, 0.494593, -0.246099, -0.833554, -1.2e-05, 0.0, 0.0, 0.0, 1.0],
                [0.669792, 0.710738, 0.215006, 0.124994, 0.548612, -0.668787, 0.501744, -0.002831, 0.500403, -0.218109, -0.83787, -1.2e-05, 0.0, 0.0, 0.0, 1.0],
                [0.679801, 0.682537, 0.268352, 0.124994, 0.529932, -0.710087, 0.463623, -0.002831, 0.506994, -0.172963, -0.844418, -1.2e-05, 0.0, 0.0, 0.0, 1.0],
                [0.687876, 0.641502, 0.339558, 0.124994, 0.512428, -0.760534, 0.398752, -0.002831, 0.514046, -0.100293, -0.851879, -1.2e-05, 0.0, 0.0, 0.0, 1.0],
                [0.69294, 0.574381, 0.435797, 0.124994, 0.49794, -0.818383, 0.286883, -0.002831, 0.52143, 0.018209, -0.8531, -1.2e-05, 0.0, 0.0, 0.0, 1.0],
                [0.695622, 0.455983, 0.555147, 0.124994, 0.486578, -0.867556, 0.102888, -0.002831, 0.528537, 0.19855, -0.825365, -1.2e-05, 0.0, 0.0, 0.0, 1.0],
                [0.697332, 0.328088, 0.637249, 0.124994, 0.477037, -0.876009, -0.070999, -0.002831, 0.534943, 0.3535, -0.767381, -1.2e-05, 0.0, 0.0, 0.0, 1.0],
                [0.698267, 0.320655, 0.640002, 0.124994, 0.468877, -0.880448, -0.070439, -0.002831, 0.540903, 0.349267, -0.765138, -1.2e-05, 0.0, 0.0, 0.0, 1.0],
                [0.698571, 0.317874, 0.641057, 0.124994, 0.461702, -0.884689, -0.064443, -0.002831, 0.546653, 0.340995, -0.764783, -1.2e-05, 0.0, 0.0, 0.0, 1.0],
                [0.698351, 0.318827, 0.640823, 0.124994, 0.455139, -0.888792, -0.053798, -0.002831, 0.552407, 0.329233, -0.765801, -1.2e-05, 0.0, 0.0, 0.0, 1.0],
                [0.697696, 0.32275, 0.639572, 0.124994, 0.448831, -0.892759, -0.039102, -0.002831, 0.558364, 0.31434, -0.767737, -1.2e-05, 0.0, 0.0, 0.0, 1.0],
                [0.696687, 0.328985, 0.637492, 0.124994, 0.442433, -0.896558, -0.020835, -0.002831, 0.564694, 0.296562, -0.770176, -1.2e-05, 0.0, 0.0, 0.0, 1.0],
                [0.695401, 0.336951, 0.634729, 0.124994, 0.435613, -0.900132, 0.000591, -0.002831, 0.57154, 0.276085, -0.772735, -1.2e-05, 0.0, 0.0, 0.0, 1.0],
                [0.693917, 0.346126, 0.631408, 0.124994, 0.428058, -0.903409, 0.024797, -0.002831, 0.579003, 0.253071, -0.775055, -1.2e-05, 0.0, 0.0, 0.0, 1.0],
                [0.692316, 0.356038, 0.627643, 0.124994, 0.419478, -0.906307, 0.051413, -0.002831, 0.587142, 0.227688, -0.776802, -1.2e-05, 0.0, 0.0, 0.0, 1.0],
                [0.690677, 0.366263, 0.623552, 0.124994, 0.409623, -0.908734, 0.080057, -0.002831, 0.595965, 0.200127, -0.777673, -1.2e-05, 0.0, 0.0, 0.0, 1.0],
                [0.689077, 0.376427, 0.619254, 0.124994, 0.398294, -0.910597, 0.110325, -0.002831, 0.605421, 0.170622, -0.777402, -1.2e-05, 0.0, 0.0, 0.0, 1.0],
                [0.687586, 0.386209, 0.614872, 0.124994, 0.385361, -0.911806, 0.141786, -0.002831, 0.615404, 0.139457, -0.775777, -1.2e-05, 0.0, 0.0, 0.0, 1.0],
                [0.686257, 0.395356, 0.610528, 0.124994, 0.370786, -0.912275, 0.17398, -0.002831, 0.625754, 0.10698, -0.772649, -1.2e-05, 0.0, 0.0, 0.0, 1.0],
                [0.685127, 0.403684, 0.606333, 0.124994, 0.354637, -0.911931, 0.206425, -0.002831, 0.636265, 0.0736, -0.767952, -1.2e-05, 0.0, 0.0, 0.0, 1.0],
                [0.68421, 0.411097, 0.602374, 0.124994, 0.337108, -0.910721, 0.238628, -0.002831, 0.646695, 0.039793, -0.76171, -1.2e-05, 0.0, 0.0, 0.0, 1.0],
                [0.683498, 0.417589, 0.598706, 0.124994, 0.318536, -0.908614, 0.270099, -0.002831, 0.656784, 0.006097, -0.754054, -1.2e-05, 0.0, 0.0, 0.0, 1.0],
                [0.682958, 0.423254, 0.595336, 0.124994, 0.299407, -0.90561, 0.300371, -0.002831, 0.666276, -0.026893, -0.74522, -1.2e-05, 0.0, 0.0, 0.0, 1.0],
                [0.682539, 0.428286, 0.592209, 0.124994, 0.280364, -0.901744, 0.329016, -0.002831, 0.674934, -0.058532, -0.735553, -1.2e-05, 0.0, 0.0, 0.0, 1.0],
                [0.682178, 0.432977, 0.589206, 0.124994, 0.262194, -0.897084, 0.355656, -0.002831, 0.682559, -0.088134, -0.725497, -1.2e-05, 0.0, 0.0, 0.0, 1.0],
                [0.682637, 0.439863, 0.583547, 0.124994, 0.260658, -0.892586, 0.367892, -0.00283, 0.682688, -0.099031, -0.723968, -1.2e-05, 0.0, 0.0, 0.0, 1.0],
                [0.683242, 0.446654, 0.577651, 0.124994, 0.25894, -0.887888, 0.380266, -0.002831, 0.682737, -0.110236, -0.722301, -1.2e-05, 0.0, 0.0, 0.0, 1.0],
                [0.683994, 0.45334, 0.571519, 0.124994, 0.257042, -0.882982, 0.392772, -0.002831, 0.682701, -0.121749, -0.720483, -1.2e-05, 0.0, 0.0, 0.0, 1.0],
                [0.684898, 0.45991, 0.565152, 0.124994, 0.254961, -0.87786, 0.405406, -0.002831, 0.682576, -0.133569, -0.718505, -1.2e-05, 0.0, 0.0, 0.0, 1.0],
                [0.685952, 0.466356, 0.558552, 0.124994, 0.252698, -0.872514, 0.418162, -0.002831, 0.682358, -0.145694, -0.716352, -1.2e-05, 0.0, 0.0, 0.0, 1.0],
                [0.687161, 0.472666, 0.551721, 0.124994, 0.25025, -0.866937, 0.431036, -0.00283, 0.682044, -0.158122, -0.714012, -1.2e-05, 0.0, 0.0, 0.0, 1.0],
                [0.688522, 0.47883, 0.544664, 0.124994, 0.247617, -0.861121, 0.444021, -0.002831, 0.681632, -0.17085, -0.711469, -1.2e-05, 0.0, 0.0, 0.0, 1.0],
                [0.690038, 0.533699, 0.488889, 0.124994, 0.244797, -0.807759, 0.536282, -0.002831, 0.681118, -0.250376, -0.688033, -1.2e-05, 0.0, 0.0, 0.0, 1.0],
                [0.691706, 0.570572, 0.442707, 0.124994, 0.241788, -0.760604, 0.602509, -0.002831, 0.680501, -0.309718, -0.664074, -1.2e-05, 0.0, 0.0, 0.0, 1.0],
                [0.693527, 0.594639, 0.406722, 0.124994, 0.238588, -0.722271, 0.649153, -0.002831, 0.679776, -0.353165, -0.64279, -1.2e-05, 0.0, 0.0, 0.0, 1.0],
                [0.6955, 0.612926, 0.374967, 0.124994, 0.235195, -0.687306, 0.687236, -0.002831, 0.678942, -0.389781, -0.62218, -1.2e-05, 0.0, 0.0, 0.0, 1.0],
                [0.701259, 0.616135, 0.358626, 0.124994, 0.265219, -0.692412, 0.670987, -0.002831, 0.661736, -0.37542, -0.648972, -1.2e-05, 0.0, 0.0, 0.0, 1.0],
                [0.705987, 0.618914, 0.344278, 0.124994, 0.29445, -0.698612, 0.652104, -0.002831, 0.644114, -0.359003, -0.675452, -1.2e-05, 0.0, 0.0, 0.0, 1.0],
                [0.70972, 0.621229, 0.332221, 0.124994, 0.322827, -0.705944, 0.630415, -0.002831, 0.626163, -0.340168, -0.701574, -1.2e-05, 0.0, 0.0, 0.0, 1.0],
                [0.712503, 0.622983, 0.322845, 0.124994, 0.350303, -0.71449, 0.605631, -0.002831, 0.607969, -0.31842, -0.727312, -1.2e-05, 0.0, 0.0, 0.0, 1.0],
                [0.714385, 0.623961, 0.316742, 0.124994, 0.37684, -0.724453, 0.577199, -0.002831, 0.589615, -0.29298, -0.752674, -1.2e-05, 0.0, 0.0, 0.0, 1.0],
                [0.715417, 0.623678, 0.314964, 0.124994, 0.402412, -0.736313, 0.543972, -0.002831, 0.571176, -0.262421, -0.777749, -1.2e-05, 0.0, 0.0, 0.0, 1.0],
                [0.715654, 0.620997, 0.319689, 0.124994, 0.427003, -0.751208, 0.503342, -0.002831, 0.552727, -0.22371, -0.802774, -1.2e-05, 0.0, 0.0, 0.0, 1.0],
                [0.715153, 0.610939, 0.33957, 0.124994, 0.450606, -0.774362, 0.444203, -0.002831, 0.534331, -0.164661, -0.829082, -1.2e-05, 0.0, 0.0, 0.0, 1.0],
                [0.706387, 0.673643, 0.217302, 0.124994, 0.496346, -0.690289, 0.526441, -0.002831, 0.504635, -0.264014, -0.821973, -1.2e-05, 0.0, 0.0, 0.0, 1.0],
                [0.692824, 0.710789, 0.121545, 0.124994, 0.540418, -0.623389, 0.565096, -0.00283, 0.477434, -0.325826, -0.816023, -1.2e-05, 0.0, 0.0, 0.0, 1.0],
                [0.676259, 0.735163, 0.046974, 0.124994, 0.581105, -0.57156, 0.57934, -0.002831, 0.452759, -0.364487, -0.813732, -1.2e-05, 0.0, 0.0, 0.0, 1.0],
                [0.658898, 0.752222, -0.003564, 0.124994, 0.616489, -0.537276, 0.575564, -0.00283, 0.431037, -0.381435, -0.817749, -1.2e-05, 0.0, 0.0, 0.0, 1.0],
                [0.643334, 0.765077, -0.027844, 0.124994, 0.64454, -0.521633, 0.558987, -0.002831, 0.413144, -0.377562, -0.828709, -1.2e-05, 0.0, 0.0, 0.0, 1.0],
                [0.632402, 0.774223, -0.025366, 0.124994, 0.66316, -0.524177, 0.534281, -0.002831, 0.400357, -0.354702, -0.844926, -1.2e-05, 0.0, 0.0, 0.0, 1.0],
                [0.628926, 0.777461, 0.001874, 0.124994, 0.670109, -0.543301, 0.505743, -0.00283, 0.394214, -0.316819, -0.862683, -1.2e-05, 0.0, 0.0, 0.0, 1.0],
                [0.635378, 0.770643, 0.04901, 0.124994, 0.662764, -0.576801, 0.477539, -0.002831, 0.396281, -0.270936, -0.877243, -1.2e-05, 0.0, 0.0, 0.0, 1.0],
                [0.653404, 0.749159, 0.108725, 0.124994, 0.637791, -0.622161, 0.454022, -0.002831, 0.40778, -0.227316, -0.884332, -1.2e-05, 0.0, 0.0, 0.0, 1.0],
                [0.683058, 0.709631, 0.172782, 0.124994, 0.591104, -0.676075, 0.439905, -0.002831, 0.428985, -0.198348, -0.881266, -1.2e-05, 0.0, 0.0, 0.0, 1.0],
                [0.721667, 0.651364, 0.234348, 0.124994, 0.518774, -0.733038, 0.439917, -0.002831, 0.458333, -0.195899, -0.866923, -1.2e-05, 0.0, 0.0, 0.0, 1.0],
                [0.762082, 0.579131, 0.289546, 0.124994, 0.421966, -0.783405, 0.456309, -0.002831, 0.491095, -0.225566, -0.841395, -1.2e-05, 0.0, 0.0, 0.0, 1.0],
                [0.794466, 0.503869, 0.339027, 0.124994, 0.3131, -0.818161, 0.482264, -0.00283, 0.520377, -0.276992, -0.807764, -1.2e-05, 0.0, 0.0, 0.0, 1.0],
                [0.814268, 0.43441, 0.38504, 0.124994, 0.207056, -0.837024, 0.506475, -0.002831, 0.542306, -0.332681, -0.77151, -1.2e-05, 0.0, 0.0, 0.0, 1.0],
                [0.822689, 0.374067, 0.428084, 0.124994, 0.11497, -0.846933, 0.519118, -0.002831, 0.556744, -0.377856, -0.739771, -1.2e-05, 0.0, 0.0, 0.0, 1.0],
                [0.823628, 0.321676, 0.467077, 0.124994, 0.042183, -0.856044, 0.515176, -0.002831, 0.565559, -0.40461, -0.718633, -1.2e-05, 0.0, 0.0, 0.0, 1.0],
                [0.820987, 0.275438, 0.500113, 0.124994, -0.010297, -0.86865, 0.495316, -0.00283, 0.570853, -0.411797, -0.710316, -1.2e-05, 0.0, 0.0, 0.0, 1.0],
                [0.817605, 0.236925, 0.524774, 0.124994, -0.043366, -0.883487, 0.466442, -0.002831, 0.574144, -0.404122, -0.712071, -1.2e-05, 0.0, 0.0, 0.0, 1.0],
                [0.815223, 0.214124, 0.538109, 0.124994, -0.057948, -0.894319, 0.443658, -0.002831, 0.57624, -0.392862, -0.716664, -1.2e-05, 0.0, 0.0, 0.0, 1.0],
                [0.814724, 0.220026, 0.536483, 0.124994, -0.053751, -0.892568, 0.447695, -0.002831, 0.577352, -0.393583, -0.715372, -1.2e-05, 0.0, 0.0, 0.0, 1.0],
                [0.816168, 0.26024, 0.515892, 0.124994, -0.0281, -0.873899, 0.485292, -0.002831, 0.57713, -0.410576, -0.705937, -1.2e-05, 0.0, 0.0, 0.0, 1.0],
                [0.817079, 0.30529, 0.48906, 0.124994, 0.007252, -0.853662, 0.520775, -0.002831, 0.576479, -0.421967, -0.699725, -1.2e-05, 0.0, 0.0, 0.0, 1.0],
                [0.816158, 0.336068, 0.470047, 0.124994, 0.036438, -0.841784, 0.538582, -0.002831, 0.576678, -0.422439, -0.699276, -1.2e-05, 0.0, 0.0, 0.0, 1.0],
                [0.814308, 0.357194, 0.457509, 0.124994, 0.058961, -0.835046, 0.54701, -0.002831, 0.57743, -0.418459, -0.701046, -1.1e-05, 0.0, 0.0, 0.0, 1.0],
                [0.812301, 0.370942, 0.450076, 0.124994, 0.074664, -0.831471, 0.550527, -0.002831, 0.578439, -0.413588, -0.703102, -1.2e-05, 0.0, 0.0, 0.0, 1.0],
                [0.810758, 0.378602, 0.446466, 0.124994, 0.083723, -0.829846, 0.551673, -0.002831, 0.579363, -0.409893, -0.704504, -1.1e-05, 0.0, 0.0, 0.0, 1.0],
                [0.810158, 0.381009, 0.445505, 0.124994, 0.0866, -0.829423, 0.551866, -0.002831, 0.579778, -0.408517, -0.704961, -1.1e-05, 0.0, 0.0, 0.0, 1.0]
            ]
        },
        {
            "name": "Leg_R",
            "time": [0.0, 0.0167, 0.0333, 0.05, 0.0667, 0.0833, 0.1, 0.1167, 0.1333, 0.15, 0.1667, 0.1833, 0.2, 0.2167, 0.2333, 0.25, 0.2667, 0.2833, 0.3, 0.3167, 0.3333, 0.35, 0.3667, 0.3833, 0.4, 0.4167, 0.4333, 0.45, 0.4667, 0.4833, 0.5, 0.5167, 0.5333, 0.55, 0.5667, 0.5833, 0.6, 0.6167, 0.6333, 0.65, 0.6667, 0.6833, 0.7, 0.7167, 0.7333, 0.75, 0.7667, 0.7833, 0.8, 0.8167, 0.8333, 0.85, 0.8667, 0.8833, 0.9, 0.9167, 0.9333, 0.95, 0.9667, 0.9833, 1.0, 1.0167, 1.0333, 1.05, 1.0667, 1.0833, 1.1, 1.1167, 1.1333, 1.15, 1.1667, 1.1833, 1.2, 1.2167, 1.2333, 1.25, 1.2667, 1.2833, 1.3, 1.3167, 1.3333, 1.35, 1.3667, 1.3833, 1.4, 1.4167, 1.4333, 1.45, 1.4667, 1.4833, 1.5, 1.5167, 1.5333, 1.55, 1.5667],
            "transform": [
                [1.0, -1e-06, 1e-06, 0.0, -0.0, 0.336009, 0.941858, 0.374726, -1e-06, -0.94186, 0.336007, 0.0, 0.0, 0.0, 0.0, 1.0],
                [1.0, -1e-06, 0.0, 0.0, -0.0, 0.333621, 0.942707, 0.374726, -1e-06, -0.942708, 0.333619, 0.0, 0.0, 0.0, 0.0, 1.0],
                [1.0, -1e-06, 0.0, -0.0, -0.0, 0.327454, 0.944867, 0.374726, -1e-06, -0.944869, 0.327452, 0.0, 0.0, 0.0, 0.0, 1.0],
                [1.0, -1e-06, 1e-06, 0.0, -0.0, 0.319571, 0.947562, 0.374726, -1e-06, -0.947564, 0.319569, -0.0, 0.0, 0.0, 0.0, 1.0],
                [1.0, -1e-06, 0.0, 0.0, -0.0, 0.312467, 0.949928, 0.374726, -1e-06, -0.94993, 0.312465, -0.0, 0.0, 0.0, 0.0, 1.0],
                [1.0, -1e-06, 1e-06, 0.0, -0.0, 0.308693, 0.951161, 0.374726, -1e-06, -0.951163, 0.308691, 0.0, 0.0, 0.0, 0.0, 1.0],
                [1.0, -1e-06, 0.0, 0.0, -0.0, 0.310483, 0.950579, 0.374726, -1e-06, -0.95058, 0.310481, -0.0, 0.0, 0.0, 0.0, 1.0],
                [1.0, -1e-06, 0.0, 0.0, -0.0, 0.319364, 0.947632, 0.374726, -1e-06, -0.947633, 0.319363, -0.0, 0.0, 0.0, 0.0, 1.0],
                [1.0, -1e-06, 0.0, -0.0, -0.0, 0.335844, 0.941917, 0.374726, -1e-06, -0.941919, 0.335842, -0.0, 0.0, 0.0, 0.0, 1.0],
                [1.0, -1e-06, 0.0, 0.0, -0.0, 0.359232, 0.933248, 0.374726, -1e-06, -0.93325, 0.35923, 0.0, 0.0, 0.0, 0.0, 1.0],
                [1.0, -1e-06, 1e-06, 0.0, -0.0, 0.387691, 0.921789, 0.374726, -1e-06, -0.92179, 0.387689, -0.0, 0.0, 0.0, 0.0, 1.0],
                [1.0, -1e-06, 0.0, -0.0, -0.0, 0.418472, 0.90823, 0.374726, -1e-06, -0.908231, 0.418469, -0.0, 0.0, 0.0, 0.0, 1.0],
                [1.0, -1e-06, 1e-06, 0.0, -0.0, 0.448252, 0.893907, 0.374726, -1e-06, -0.893908, 0.44825, -0.0, 0.0, 0.0, 0.0, 1.0],
                [1.0, -1e-06, 1e-06, -0.0, -0.0, 0.473501, 0.880793, 0.374726, -1e-06, -0.880794, 0.473499, -0.0, 0.0, 0.0, 0.0, 1.0],
                [1.0, -1e-06, 1e-06, 0.0, -0.0, 0.49079, 0.871278, 0.374726, -1e-06, -0.871279, 0.490787, -0.0, 0.0, 0.0, 0.0, 1.0],
                [1.0, -1e-06, 1e-06, 0.0, -0.0, 0.497109, 0.867688, 0.374726, -1e-06, -0.86769, 0.497106, 0.0, 0.0, 0.0, 0.0, 1.0],
                [1.0, -1e-06, 1e-06, -0.0, -0.0, 0.347845, 0.937551, 0.374726, -1e-06, -0.937553, 0.347843, -0.0, 0.0, 0.0, 0.0, 1.0],
                [1.0, -1e-06, 0.0, -0.0, -0.0, 0.092468, 0.995715, 0.374726, -1e-06, -0.995716, 0.092468, -0.0, 0.0, 0.0, 0.0, 1.0],
                [1.0, -1e-06, 0.0, -0.0, -0.0, -0.053436, 0.99857, 0.374726, -1e-06, -0.998572, -0.053436, -0.0, 0.0, 0.0, 0.0, 1.0],
                [1.0, -1e-06, 0.0, 0.0, -0.0, -0.064161, 0.997939, 0.374726, -1e-06, -0.99794, -0.064161, 0.0, 0.0, 0.0, 0.0, 1.0],
                [1.0, -1e-06, 0.0, 0.0, -0.0, -0.032847, 0.999459, 0.374726, -1e-06, -0.999461, -0.032847, -0.0, 0.0, 0.0, 0.0, 1.0],
                [1.0, -1e-06, 0.0, 0.0, -0.0, 0.0002, 0.999999, 0.374726, -1e-06, -1.000001, 0.0002, 0.0, 0.0, 0.0, 0.0, 1.0],
                [1.0, -1e-06, 0.0, 0.0, -0.0, 0.037671, 0.999289, 0.374726, -1e-06, -0.999291, 0.03767, -0.0, 0.0, 0.0, 0.0, 1.0],
                [1.0, -1e-06, 0.0, -0.0, -0.0, 0.084283, 0.996441, 0.374726, -1e-06, -0.996443, 0.084282, -0.0, 0.0, 0.0, 0.0, 1.0],
                [1.0, -1e-06, 0.0, 0.0, -0.0, 0.145999, 0.989284, 0.374726, -1e-06, -0.989286, 0.145998, 0.0, 0.0, 0.0, 0.0, 1.0],
                [1.0, -1e-06, 0.0, -0.0, -0.0, 0.229678, 0.973266, 0.374726, -1e-06, -0.973268, 0.229677, -0.0, 0.0, 0.0, 0.0, 1.0],
                [1.0, -1e-06, 0.0, 0.0, -0.0, 0.34316, 0.939276, 0.374726, -1e-06, -0.939278, 0.343158, 0.0, 0.0, 0.0, 0.0, 1.0],
                [1.0, -1e-06, 1e-06, 0.0, -0.0, 0.495794, 0.86844, 0.374726, -1e-06, -0.868442, 0.495791, 0.0, 0.0, 0.0, 0.0, 1.0],
                [1.0, -0.0, 1e-06, -0.0, -0.0, 0.699394, 0.714737, 0.374726, -1e-06, -0.714739, 0.69939, 0.0, 0.0, 0.0, 0.0, 1.0],
                [1.0, -0.0, 1e-06, -0.0, -0.0, 0.925058, 0.379832, 0.374726, -1e-06, -0.379832, 0.925053, 0.0, 0.0, 0.0, 0.0, 1.0],
                [1.0, 0.0, 1e-06, 0.0, 0.0, 0.999992, 0.004715, 0.374726, -1e-06, -0.004715, 0.999986, 0.0, 0.0, 0.0, 0.0, 1.0],
                [1.0, -0.0, 1e-06, -0.0, -0.0, 0.999991, 0.004758, 0.374726, -1e-06, -0.004758, 0.999986, -0.0, 0.0, 0.0, 0.0, 1.0],
                [1.0, -0.0, 1e-06, -0.0, -0.0, 0.999991, 0.00479, 0.374726, -1e-06, -0.004791, 0.999986, 0.0, 0.0, 0.0, 0.0, 1.0],
                [1.0, 0.0, 1e-06, 0.0, 0.0, 0.999991, 0.004815, 0.374726, -1e-06, -0.004815, 0.999986, 0.0, 0.0, 0.0, 0.0, 1.0],
                [1.0, 0.0, 1e-06, 0.0, -0.0, 0.999991, 0.004832, 0.374726, -1e-06, -0.004832, 0.999985, -0.0, 0.0, 0.0, 0.0, 1.0],
                [1.0, 0.0, 1e-06, -0.0, 0.0, 0.999991, 0.004845, 0.374726, -1e-06, -0.004845, 0.999986, 0.0, 0.0, 0.0, 0.0, 1.0],
                [1.0, 0.0, 1e-06, -0.0, 0.0, 0.999991, 0.004852, 0.374726, -1e-06, -0.004853, 0.999985, -0.0, 0.0, 0.0, 0.0, 1.0],
                [1.0, 0.0, 1e-06, 0.0, 0.0, 0.999991, 0.004856, 0.374726, -1e-06, -0.004857, 0.999985, -0.0, 0.0, 0.0, 0.0, 1.0],
                [1.0, 0.0, 1e-06, 0.0, -0.0, 0.999991, 0.004857, 0.374726, -1e-06, -0.004857, 0.999985, -0.0, 0.0, 0.0, 0.0, 1.0],
                [1.000001, -0.0, 1e-06, 0.0, 0.0, 0.999991, 0.004855, 0.374726, -1e-06, -0.004855, 0.999985, -0.0, 0.0, 0.0, 0.0, 1.0],
                [1.0, -0.0, 1e-06, -0.0, 0.0, 0.999991, 0.00485, 0.374726, -1e-06, -0.00485, 0.999985, 0.0, 0.0, 0.0, 0.0, 1.0],
                [1.0, 0.0, 1e-06, -0.0, 0.0, 0.999991, 0.004843, 0.374726, -1e-06, -0.004843, 0.999985, -0.0, 0.0, 0.0, 0.0, 1.0],
                [1.0, -0.0, 1e-06, 0.0, 0.0, 0.999991, 0.004834, 0.374726, -1e-06, -0.004835, 0.999986, 0.0, 0.0, 0.0, 0.0, 1.0],
                [1.0, 0.0, 1e-06, -0.0, -0.0, 0.999991, 0.004824, 0.374726, -1e-06, -0.004824, 0.999985, 0.0, 0.0, 0.0, 0.0, 1.0],
                [1.0, 0.0, 1e-06, -0.0, -0.0, 0.999991, 0.004812, 0.374726, -1e-06, -0.004812, 0.999985, 0.0, 0.0, 0.0, 0.0, 1.0],
                [1.0, -0.0, 1e-06, -0.0, -0.0, 0.999991, 0.004799, 0.374726, -1e-06, -0.0048, 0.999986, 0.0, 0.0, 0.0, 0.0, 1.0],
                [1.000001, -0.0, 1e-06, 0.0, 0.0, 0.999992, 0.004786, 0.374726, -1e-06, -0.004786, 0.999986, -0.0, 0.0, 0.0, 0.0, 1.0],
                [1.0, -0.0, 1e-06, 0.0, 0.0, 0.999991, 0.004771, 0.374726, -1e-06, -0.004771, 0.999986, 0.0, 0.0, 0.0, 0.0, 1.0],
                [1.0, -0.0, 1e-06, 0.0, -0.0, 0.999992, 0.004756, 0.374726, -1e-06, -0.004756, 0.999986, -0.0, 0.0, 0.0, 0.0, 1.0],
                [1.000001, -0.0, 1e-06, -0.0, 0.0, 0.999991, 0.004746, 0.374726, -1e-06, -0.004746, 0.999986, -0.0, 0.0, 0.0, 0.0, 1.0],
                [1.0, -0.0, 1e-06, 0.0, 0.0, 0.999991, 0.004736, 0.374726, -1e-06, -0.004736, 0.999986, -0.0, 0.0, 0.0, 0.0, 1.0],
                [1.0, -0.0, 1e-06, 0.0, 0.0, 0.999992, 0.004726, 0.374726, -1e-06, -0.004726, 0.999986, 0.0, 0.0, 0.0, 0.0, 1.0],
                [1.0, 0.0, 1e-06, 0.0, 0.0, 0.999991, 0.004716, 0.374726, -1e-06, -0.004716, 0.999986, 0.0, 0.0, 0.0, 0.0, 1.0],
                [1.0, -0.0, 1e-06, 0.0, 0.0, 0.999992, 0.004705, 0.374726, -1e-06, -0.004706, 0.999986, 0.0, 0.0, 0.0, 0.0, 1.0],
                [1.0, 0.0, 1e-06, 0.0, 0.0, 0.999992, 0.004695, 0.374727, -1e-06, -0.004695, 0.999986, -0.0, 0.0, 0.0, 0.0, 1.0],
                [1.0, 0.0, 1e-06, -0.0, -0.0, 0.999992, 0.004685, 0.374726, -1e-06, -0.004685, 0.999986, 0.0, 0.0, 0.0, 0.0, 1.0],
                [1.0, -0.0, 1e-06, -0.0, -0.0, 0.981069, 0.193671, 0.374726, -1e-06, -0.193671, 0.981064, 0.0, 0.0, 0.0, 0.0, 1.0],
                [1.0, -0.0, 1e-06, -0.0, -0.0, 0.945268, 0.326302, 0.374726, -1e-06, -0.326303, 0.945262, 0.0, 0.0, 0.0, 0.0, 1.0],
                [1.0, -0.0, 1e-06, -0.0, -0.0, 0.910532, 0.413443, 0.374726, -1e-06, -0.413444, 0.910527, -0.0, 0.0, 0.0, 0.0, 1.0],
                [1.0, -0.0, 1e-06, 0.0, -0.0, 0.876754, 0.480943, 0.374726, -1e-06, -0.480944, 0.876749, 0.0, 0.0, 0.0, 0.0, 1.0],
                [1.0, -0.0, 1e-06, -0.0, -0.0, 0.885456, 0.464728, 0.374726, -1e-06, -0.464729, 0.88545, 0.0, 0.0, 0.0, 0.0, 1.0],
                [1.0, -0.0, 1e-06, -0.0, -0.0, 0.895821, 0.44442, 0.374726, -1e-06, -0.444421, 0.895815, 0.0, 0.0, 0.0, 0.0, 1.0],
                [1.0, -0.0, 1e-06, -0.0, -0.0, 0.907852, 0.419294, 0.374726, -1e-06, -0.419295, 0.907848, 0.0, 0.0, 0.0, 0.0, 1.0],
                [1.0, -0.0, 1e-06, -0.0, -0.0, 0.921543, 0.388283, 0.374726, -1e-06, -0.388284, 0.921537, 0.0, 0.0, 0.0, 0.0, 1.0],
                [1.0, -0.0, 1e-06, -0.0, -0.0, 0.936891, 0.349629, 0.374726, -1e-06, -0.34963, 0.936885, 0.0, 0.0, 0.0, 0.0, 1.0],
