{
    "animation": [
        {
            "name": "Root",
            "time": [0.0, 0.0417, 0.0833, 0.125, 0.1667, 0.2083, 0.25, 0.2917, 0.3333, 0.375, 0.4167, 0.5833, 0.625, 0.6667, 0.7083, 0.75, 0.7917, 0.8333, 0.875, 1.1667, 1.3333, 1.6667, 1.7083, 1.75, 1.7917, 1.8333, 1.875, 1.9167, 1.9583, 2.0, 2.0417, 2.0833, 2.125, 2.1667, 2.2083, 2.25, 2.2917, 2.3333, 2.375, 2.4167, 2.5, 2.5417, 2.5833, 2.625, 2.6667, 2.7083, 2.75, 2.7917, 2.8333, 2.875],
            "transform": [
                [1.0, -0.0, -0.0, 0.03592, -0.0, -0.0, -1.0, 0.311251, 0.0, 1.0, -0.0, 0.260198, 0.0, 0.0, 0.0, 1.0],
                [1.0, -0.0, -0.0, -2.2e-05, -0.0, -0.0, -1.0, 0.311251, 0.0, 1.0, -0.0, 0.409721, 0.0, 0.0, 0.0, 1.0],
                [1.0, -0.0, -0.0, -2.2e-05, -0.0, -0.0, -1.0, 0.593337, 0.0, 1.0, -0.0, 0.526371, 0.0, 0.0, 0.0, 1.0],
                [1.0, -0.0, -0.0, -2.2e-05, -0.0, -0.0, -1.0, 0.888739, 0.0, 1.0, -0.0, 0.526371, 0.0, 0.0, 0.0, 1.0],
                [1.0, -0.0, -0.0, -2.2e-05, -0.0, -0.0, -1.0, 1.083933, 0.0, 1.0, -0.0, 0.526371, 0.0, 0.0, 0.0, 1.0],
                [1.0, -0.0, -0.0, -2.2e-05, -0.0, -0.0, -1.0, 1.317631, 0.0, 1.0, -0.0, 0.526371, 0.0, 0.0, 0.0, 1.0],
                [1.0, -0.0, -0.0, -2.2e-05, -0.0, -0.0, -1.0, 1.519765, 0.0, 1.0, -0.0, 0.526371, 0.0, 0.0, 0.0, 1.0],
                [1.0, -0.0, -0.0, -2.2e-05, -0.0, -0.0, -1.0, 1.621222, 0.0, 1.0, -0.0, 0.526371, 0.0, 0.0, 0.0, 1.0],
                [1.0, -0.0, -0.0, -2.2e-05, -0.0, -0.0, -1.0, 1.74076, 0.0, 1.0, -0.0, 0.526371, 0.0, 0.0, 0.0, 1.0],
                [1.0, -0.0, -0.0, -2.2e-05, -0.0, -0.0, -1.0, 1.934968, 0.0, 1.0, -0.0, 0.526371, 0.0, 0.0, 0.0, 1.0],
                [1.0, -0.0, -0.0, -2.2e-05, -0.0, -0.0, -1.0, 2.135647, 0.0, 1.0, -0.0, 0.526371, 0.0, 0.0, 0.0, 1.0],
                [1.0, -0.0, -0.0, -2.2e-05, -0.0, -0.0, -1.0, 2.860628, 0.0, 1.0, -0.0, 0.396222, 0.0, 0.0, 0.0, 1.0],
                [1.0, -0.0, -0.0, -2.2e-05, -0.0, -0.0, -1.0, 3.097108, 0.0, 1.0, -0.0, 0.396222, 0.0, 0.0, 0.0, 1.0],
                [1.0, -0.0, -0.0, -2.1e-05, -0.0, -0.0, -1.0, 3.551575, 0.0, 1.0, -0.0, 0.396222, 0.0, 0.0, 0.0, 1.0],
                [1.0, -0.0, -0.0, -2.1e-05, -0.0, -0.0, -1.0, 3.944763, 0.0, 1.0, -0.0, 0.396222, 0.0, 0.0, 0.0, 1.0],
                [1.0, -0.0, -0.0, -2.1e-05, -0.0, -0.0, -1.0, 4.027998, 0.0, 1.0, -0.0, 0.396222, 0.0, 0.0, 0.0, 1.0],
                [1.0, -0.0, -0.0, -2.1e-05, -0.0, -0.0, -1.0, 3.904183, 0.0, 1.0, -0.0, 0.396222, 0.0, 0.0, 0.0, 1.0],
                [1.0, -0.0, -0.0, -2.1e-05, -0.0, -0.0, -1.0, 3.786782, 0.0, 1.0, -0.0, 0.396222, 0.0, 0.0, 0.0, 1.0],
                [1.0, -0.0, -0.0, -2.1e-05, -0.0, -0.0, -1.0, 3.803649, 0.0, 1.0, -0.0, 0.396222, 0.0, 0.0, 0.0, 1.0],
                [1.0, -0.0, -0.0, -2.1e-05, -0.0, -0.0, -1.0, 4.022224, 0.0, 1.0, -0.0, 0.432321, 0.0, 0.0, 0.0, 1.0],
                [1.0, -0.0, -0.0, -2.1e-05, -0.0, -0.0, -1.0, 4.081079, 0.0, 1.0, -0.0, 0.439739, 0.0, 0.0, 0.0, 1.0],
                [1.0, -0.0, -0.0, -2.1e-05, -0.0, -0.0, -1.0, 4.773386, 0.0, 1.0, -0.0, 0.619691, 0.0, 0.0, 0.0, 1.0],
                [1.0, -0.0, -0.0, -2.1e-05, -0.0, -0.0, -1.0, 4.809334, 0.0, 1.0, -0.0, 0.619691, 0.0, 0.0, 0.0, 1.0],
                [1.0, -0.0, -0.0, -2.1e-05, -0.0, -0.0, -1.0, 4.837211, 0.0, 1.0, -0.0, 0.619691, 0.0, 0.0, 0.0, 1.0],
                [1.0, -0.0, -0.0, -2.1e-05, -0.0, -0.0, -1.0, 4.852615, 0.0, 1.0, -0.0, 0.619691, 0.0, 0.0, 0.0, 1.0],
                [1.0, -0.0, -0.0, -2.1e-05, -0.0, -0.0, -1.0, 4.865703, 0.0, 1.0, -0.0, 0.619691, 0.0, 0.0, 0.0, 1.0],
                [1.0, -0.0, -0.0, -2.1e-05, -0.0, -0.0, -1.0, 4.88316, 0.0, 1.0, -0.0, 0.619691, 0.0, 0.0, 0.0, 1.0],
                [1.0, -0.0, -0.0, -2.1e-05, -0.0, -0.0, -1.0, 4.90259, 0.0, 1.0, -0.0, 0.619691, 0.0, 0.0, 0.0, 1.0],
                [1.0, -0.0, -0.0, -2.1e-05, -0.0, -0.0, -1.0, 4.912961, 0.0, 1.0, -0.0, 0.619691, 0.0, 0.0, 0.0, 1.0],
                [1.0, -0.0, -0.0, -2.1e-05, -0.0, -0.0, -1.0, 4.929597, 0.0, 1.0, -0.0, 0.619691, 0.0, 0.0, 0.0, 1.0],
                [1.0, -0.0, -0.0, -2.1e-05, -0.0, -0.0, -1.0, 4.945377, 0.0, 1.0, -0.0, 0.619691, 0.0, 0.0, 0.0, 1.0],
                [1.0, -0.0, -0.0, -2.1e-05, -0.0, -0.0, -1.0, 4.954228, 0.0, 1.0, -0.0, 0.619691, 0.0, 0.0, 0.0, 1.0],
                [1.0, -0.0, -0.0, -2.1e-05, -0.0, -0.0, -1.0, 4.959279, 0.0, 1.0, -0.0, 0.619691, 0.0, 0.0, 0.0, 1.0],
                [1.0, -0.0, -0.0, -2.1e-05, -0.0, -0.0, -1.0, 4.962376, 0.0, 1.0, -0.0, 0.619691, 0.0, 0.0, 0.0, 1.0],
                [1.0, -0.0, -0.0, -2.1e-05, -0.0, -0.0, -1.0, 4.956513, 0.0, 1.0, -0.0, 0.619691, 0.0, 0.0, 0.0, 1.0],
                [1.0, -0.0, -0.0, -2.1e-05, -0.0, -0.0, -1.0, 4.952605, 0.0, 1.0, -0.0, 0.619691, 0.0, 0.0, 0.0, 1.0],
                [1.0, -0.0, -0.0, -2.1e-05, -0.0, -0.0, -1.0, 4.947792, 0.0, 1.0, -0.0, 0.619691, 0.0, 0.0, 0.0, 1.0],
                [1.0, -0.0, -0.0, -2.1e-05, -0.0, -0.0, -1.0, 4.939872, 0.0, 1.0, -0.0, 0.619691, 0.0, 0.0, 0.0, 1.0],
                [1.0, -0.0, -0.0, -2.1e-05, -0.0, -0.0, -1.0, 4.931889, 0.0, 1.0, -0.0, 0.619691, 0.0, 0.0, 0.0, 1.0],
                [1.0, -0.0, -0.0, -2.1e-05, -0.0, -0.0, -1.0, 4.92648, 0.0, 1.0, -0.0, 0.619691, 0.0, 0.0, 0.0, 1.0],
                [1.0, -0.0, -0.0, -2.1e-05, -0.0, -0.0, -1.0, 4.908459, 0.0, 1.0, -0.0, 0.613696, 0.0, 0.0, 0.0, 1.0],
                [1.0, -0.0, -0.0, -1.5e-05, -0.0, -0.0, -1.0, 4.905787, 0.0, 1.0, -0.0, 0.612342, 0.0, 0.0, 0.0, 1.0],
                [1.0, -0.0, -0.0, -9e-06, -0.0, -0.0, -1.0, 4.903114, 0.0, 1.0, -0.0, 0.610987, 0.0, 0.0, 0.0, 1.0],
                [1.0, -0.0, -0.0, -3e-06, -0.0, -0.0, -1.0, 4.900442, 0.0, 1.0, -0.0, 0.609633, 0.0, 0.0, 0.0, 1.0],
                [1.0, -0.0, -0.0, 3e-06, -0.0, -0.0, -1.0, 4.897769, 0.0, 1.0, -0.0, 0.608279, 0.0, 0.0, 0.0, 1.0],
                [1.0, -0.0, -0.0, 9e-06, -0.0, -0.0, -1.0, 4.895096, 0.0, 1.0, -0.0, 0.606924, 0.0, 0.0, 0.0, 1.0],
                [1.0, -0.0, -0.0, 1.5e-05, -0.0, -0.0, -1.0, 4.892424, 0.0, 1.0, -0.0, 0.60557, 0.0, 0.0, 0.0, 1.0],
                [1.0, -0.0, -0.0, 2.1e-05, -0.0, -0.0, -1.0, 4.889751, 0.0, 1.0, -0.0, 0.604215, 0.0, 0.0, 0.0, 1.0],
                [1.0, -0.0, -0.0, 2.7e-05, -0.0, -0.0, -1.0, 4.887079, 0.0, 1.0, -0.0, 0.602861, 0.0, 0.0, 0.0, 1.0],
                [1.0, -0.0, -0.0, 3.3e-05, -0.0, -0.0, -1.0, 4.884406, 0.0, 1.0, -0.0, 0.601507, 0.0, 0.0, 0.0, 1.0]
            ]
        },
        {
            "name": "Thigh_R",
            "time": [0.0, 0.0417, 0.0833, 0.125, 0.1667, 0.2083, 0.25, 0.2917, 0.3333, 0.375, 0.4167, 0.4583, 0.5, 0.5417, 0.5833, 0.625, 0.6667, 0.7083, 0.75, 0.7917, 0.8333, 0.875, 0.9167, 0.9583, 1.0, 1.0417, 1.0833, 1.125, 1.1667, 1.2083, 1.25, 1.2917, 1.3333, 1.375, 1.4167, 1.4583, 1.5, 1.5417, 1.5833, 1.625, 1.6667, 1.7083, 1.75, 1.7917, 1.8333, 1.875, 1.9167, 1.9583, 2.0, 2.0417, 2.0833, 2.125, 2.1667, 2.2083, 2.25, 2.2917, 2.3333, 2.375, 2.4167, 2.5, 2.5417, 2.5833, 2.625, 2.6667, 2.7083, 2.75, 2.7917, 2.8333, 2.875],
            "transform": [
                [0.961655, 0.241127, 0.130683, 0.119327, 0.247629, -0.968195, -0.03578, 0.065664, 0.117899, 0.066769, -0.990779, -0.03294, 0.0, 0.0, 0.0, 1.0],
                [0.985855, 0.165234, -0.028106, 0.136851, 0.167483, -0.9647, 0.203235, 0.073646, 0.006467, -0.205067, -0.978727, -0.02989, 0.0, 0.0, 0.0, 1.0],
                [0.985899, 0.124275, -0.112071, 0.154376, 0.16379, -0.853908, 0.493979, 0.081627, -0.034309, -0.505369, -0.862221, -0.026841, 0.0, 0.0, 0.0, 1.0],
                [0.980307, 0.057636, -0.188888, 0.136765, 0.188725, -0.555125, 0.810074, 0.091552, -0.058167, -0.829769, -0.555069, -0.001343, 0.0, 0.0, 0.0, 1.0],
                [0.979301, 0.065496, -0.191524, 0.119154, 0.196867, -0.528193, 0.825988, 0.101478, -0.047063, -0.846596, -0.530154, 0.024154, 0.0, 0.0, 0.0, 1.0],
                [0.99469, 0.09661, -0.035495, 0.101544, 0.090963, -0.663795, 0.742363, 0.111403, 0.048158, -0.74165, -0.669058, 0.049652, 0.0, 0.0, 0.0, 1.0],
                [0.920634, 0.122324, 0.370771, 0.100781, -0.139894, -0.783248, 0.605767, 0.126499, 0.364506, -0.609559, -0.703971, 0.070355, 0.0, 0.0, 0.0, 1.0],
                [0.798461, 0.221125, 0.559968, 0.100018, -0.190294, -0.789729, 0.583196, 0.141594, 0.571182, -0.572218, -0.588488, 0.091058, 0.0, 0.0, 0.0, 1.0],
                [0.689505, 0.297143, 0.660522, 0.099255, -0.174514, -0.816943, 0.549682, 0.15669, 0.702943, -0.494278, -0.51143, 0.111761, 0.0, 0.0, 0.0, 1.0],
                [0.494706, 0.426085, 0.757442, 0.072764, -0.079982, -0.845544, 0.527882, 0.162625, 0.865373, -0.321728, -0.384215, 0.10516, 0.0, 0.0, 0.0, 1.0],
                [0.175013, 0.583235, 0.793227, 0.035102, 0.095385, -0.811916, 0.575931, 0.146465, 0.979936, -0.025134, -0.197728, 0.083349, 0.0, 0.0, 0.0, 1.0],
                [-0.097336, 0.654992, 0.749341, 0.063962, 0.227748, -0.718279, 0.657425, 0.105625, 0.968844, 0.234652, -0.079259, 0.104845, 0.0, 0.0, 0.0, 1.0],
                [-0.362608, 0.65838, 0.659586, 0.026913, 0.318891, -0.577375, 0.75163, 0.106217, 0.875686, 0.482883, -0.000591, 0.111936, 0.0, 0.0, 0.0, 1.0],
                [-0.764912, 0.547748, 0.338945, -0.073081, 0.208915, -0.286793, 0.934936, 0.080831, 0.609316, 0.785954, 0.104937, 0.112082, 0.0, 0.0, 0.0, 1.0],
                [-0.926024, 0.336201, -0.171607, -0.158125, -0.26762, -0.264157, 0.926608, 0.051208, 0.266195, 0.903986, 0.33459, 0.012494, 0.0, 0.0, 0.0, 1.0],
                [-0.957435, 0.125353, -0.260011, -0.167426, -0.256166, 0.046162, 0.965531, 0.013329, 0.133034, 0.991039, -0.012086, -0.08096, 0.0, 0.0, 0.0, 1.0],
                [-0.869022, -0.469749, 0.155365, -0.12132, 0.219948, -0.085499, 0.971758, 0.049347, -0.443199, 0.878651, 0.17762, -0.172092, 0.0, 0.0, 0.0, 1.0],
                [-0.393854, -0.782068, -0.482959, -0.106304, 0.386631, -0.617641, 0.684863, 0.064075, -0.833905, 0.083009, 0.545631, -0.104424, 0.0, 0.0, 0.0, 1.0],
                [-0.003521, -0.750254, -0.661141, -0.052046, 0.468582, -0.585306, 0.661701, 0.073796, -0.883414, -0.307468, 0.353616, -0.130556, 0.0, 0.0, 0.0, 1.0],
                [0.456917, -0.621385, -0.636482, 0.018383, 0.453592, -0.452755, 0.767638, 0.106618, -0.765169, -0.63945, 0.074983, -0.110701, 0.0, 0.0, 0.0, 1.0],
                [0.924529, -0.099676, -0.367847, 0.145772, 0.320016, -0.32113, 0.891328, 0.135676, -0.206971, -0.941776, -0.264996, 0.064959, 0.0, 0.0, 0.0, 1.0],
                [0.981433, 0.140697, -0.130364, 0.090018, 0.170007, -0.323377, 0.930873, 0.144442, 0.088814, -0.935753, -0.341293, 0.131419, 0.0, 0.0, 0.0, 1.0],
                [0.976209, 0.214621, 0.030907, 0.084917, 0.050079, -0.361841, 0.930894, 0.139732, 0.210973, -0.907199, -0.36398, 0.126036, 0.0, 0.0, 0.0, 1.0],
                [0.916212, 0.30459, 0.26035, 0.079815, -0.106798, -0.440612, 0.891322, 0.135021, 0.386201, -0.844445, -0.371164, 0.120652, 0.0, 0.0, 0.0, 1.0],
                [0.82166, 0.363979, 0.438629, 0.076955, -0.211145, -0.520434, 0.827386, 0.138, 0.529428, -0.772444, -0.350767, 0.123822, 0.0, 0.0, 0.0, 1.0],
                [0.766342, 0.387221, 0.512622, 0.074096, -0.248133, -0.557611, 0.792149, 0.140978, 0.592581, -0.734256, -0.331238, 0.126992, 0.0, 0.0, 0.0, 1.0],
                [0.727854, 0.399354, 0.557447, 0.071236, -0.271702, -0.578436, 0.769149, 0.143956, 0.62961, -0.711288, -0.312511, 0.130162, 0.0, 0.0, 0.0, 1.0],
                [0.688793, 0.402012, 0.603284, 0.068377, -0.299529, -0.600003, 0.741808, 0.146934, 0.660187, -0.691654, -0.292864, 0.133332, 0.0, 0.0, 0.0, 1.0],
                [0.674128, 0.388092, 0.62844, 0.065517, -0.319741, -0.613649, 0.721943, 0.149913, 0.665821, -0.687621, -0.289589, 0.136502, 0.0, 0.0, 0.0, 1.0],
                [0.664622, 0.386751, 0.639298, 0.062657, -0.328506, -0.617232, 0.71492, 0.152891, 0.67109, -0.685165, -0.283176, 0.139672, 0.0, 0.0, 0.0, 1.0],
                [0.655784, 0.384507, 0.649694, 0.059798, -0.335888, -0.622112, 0.707218, 0.155869, 0.676112, -0.682007, -0.278819, 0.142842, 0.0, 0.0, 0.0, 1.0],
                [0.651616, 0.389322, 0.651019, 0.056938, -0.333308, -0.623999, 0.706775, 0.158848, 0.681399, -0.677536, -0.276843, 0.146012, 0.0, 0.0, 0.0, 1.0],
                [0.653012, 0.395475, 0.645891, 0.054079, -0.323981, -0.62499, 0.710229, 0.161826, 0.684553, -0.673045, -0.279999, 0.149182, 0.0, 0.0, 0.0, 1.0],
                [0.653401, 0.410881, 0.635802, 0.060912, -0.299819, -0.630746, 0.71573, 0.156808, 0.695109, -0.658285, -0.288939, 0.141555, 0.0, 0.0, 0.0, 1.0],
                [0.663888, 0.417327, 0.620558, 0.067744, -0.235884, -0.67059, 0.703327, 0.151789, 0.709657, -0.613311, -0.346755, 0.133929, 0.0, 0.0, 0.0, 1.0],
                [0.688734, 0.36427, 0.62686, 0.074577, -0.147036, -0.776472, 0.612758, 0.146771, 0.709949, -0.514198, -0.481221, 0.126302, 0.0, 0.0, 0.0, 1.0],
                [0.712594, 0.357294, 0.603782, 0.077382, -0.06069, -0.825988, 0.560412, 0.13661, 0.698948, -0.43599, -0.566908, 0.118282, 0.0, 0.0, 0.0, 1.0],
                [0.741454, 0.357345, 0.567937, 0.080187, 0.018094, -0.856739, 0.515435, 0.12645, 0.670761, -0.371895, -0.641697, 0.110262, 0.0, 0.0, 0.0, 1.0],
                [0.815508, 0.32102, 0.481553, 0.082992, 0.094194, -0.894592, 0.436847, 0.116289, 0.57103, -0.310893, -0.759783, 0.102242, 0.0, 0.0, 0.0, 1.0],
                [0.91194, 0.242524, 0.330982, 0.09635, 0.127227, -0.934005, 0.33384, 0.11165, 0.390102, -0.262332, -0.882611, 0.082712, 0.0, 0.0, 0.0, 1.0],
                [0.951872, 0.196373, 0.235328, 0.109707, 0.129048, -0.953197, 0.27343, 0.10701, 0.278009, -0.229901, -0.932661, 0.06318, 0.0, 0.0, 0.0, 1.0],
                [0.961916, 0.188055, 0.198381, 0.123065, 0.139665, -0.961983, 0.2347, 0.102371, 0.234976, -0.198055, -0.951609, 0.04365, 0.0, 0.0, 0.0, 1.0],
                [0.958159, 0.199509, 0.205253, 0.136423, 0.154973, -0.964457, 0.214026, 0.097731, 0.240658, -0.173262, -0.95502, 0.024119, 0.0, 0.0, 0.0, 1.0],
                [0.954452, 0.209607, 0.212337, 0.131435, 0.1661, -0.964469, 0.205454, 0.095475, 0.247857, -0.160827, -0.955354, 0.026971, 0.0, 0.0, 0.0, 1.0],
                [0.948575, 0.222901, 0.224773, 0.126448, 0.178704, -0.963158, 0.20098, 0.09322, 0.261291, -0.150476, -0.953459, 0.029823, 0.0, 0.0, 0.0, 1.0],
                [0.933848, 0.24779, 0.257933, 0.12146, 0.199299, -0.959309, 0.20002, 0.090964, 0.297, -0.135382, -0.945231, 0.032675, 0.0, 0.0, 0.0, 1.0],
                [0.911054, 0.280954, 0.301741, 0.120528, 0.22624, -0.952514, 0.203801, 0.088708, 0.344671, -0.117407, -0.931353, 0.036419, 0.0, 0.0, 0.0, 1.0],
                [0.897693, 0.298361, 0.324236, 0.119595, 0.241224, -0.94857, 0.205009, 0.086452, 0.368726, -0.105821, -0.923495, 0.040163, 0.0, 0.0, 0.0, 1.0],
                [0.878749, 0.321014, 0.353202, 0.118663, 0.264676, -0.943566, 0.199075, 0.084197, 0.397175, -0.081453, -0.914121, 0.043907, 0.0, 0.0, 0.0, 1.0],
                [0.85644, 0.343144, 0.3857, 0.116664, 0.294652, -0.938388, 0.180582, 0.082259, 0.423902, -0.04101, -0.904779, 0.044979, 0.0, 0.0, 0.0, 1.0],
                [0.838212, 0.357149, 0.412125, 0.114665, 0.317452, -0.934026, 0.163772, 0.080322, 0.443426, -0.006445, -0.896288, 0.04605, 0.0, 0.0, 0.0, 1.0],
                [0.819117, 0.369003, 0.439188, 0.112665, 0.337562, -0.929106, 0.151052, 0.078384, 0.46379, 0.024525, -0.885606, 0.047121, 0.0, 0.0, 0.0, 1.0],
                [0.791658, 0.387519, 0.472344, 0.110666, 0.356007, -0.920887, 0.158836, 0.076447, 0.496527, 0.042415, -0.866985, 0.048193, 0.0, 0.0, 0.0, 1.0],
                [0.766057, 0.411135, 0.494092, 0.108667, 0.358563, -0.911306, 0.202373, 0.074509, 0.533471, 0.022134, -0.845529, 0.049265, 0.0, 0.0, 0.0, 1.0],
                [0.749748, 0.423934, 0.508094, 0.106668, 0.353283, -0.905686, 0.234364, 0.072572, 0.559528, 0.003787, -0.828803, 0.050336, 0.0, 0.0, 0.0, 1.0],
                [0.735366, 0.424718, 0.528066, 0.104669, 0.343098, -0.905322, 0.250354, 0.070634, 0.5844, -0.002923, -0.811461, 0.051408, 0.0, 0.0, 0.0, 1.0],
                [0.71133, 0.405043, 0.574414, 0.10267, 0.330214, -0.914032, 0.235597, 0.068697, 0.620459, 0.022092, -0.783928, 0.05248, 0.0, 0.0, 0.0, 1.0],
                [0.685147, 0.372108, 0.626187, 0.10067, 0.317724, -0.926248, 0.202778, 0.066759, 0.655459, 0.060022, -0.752842, 0.053551, 0.0, 0.0, 0.0, 1.0],
                [0.668951, 0.343071, 0.6594, 0.098671, 0.307002, -0.935437, 0.175239, 0.064822, 0.676946, 0.085212, -0.731084, 0.054623, 0.0, 0.0, 0.0, 1.0],
                [0.624817, 0.231847, 0.745554, 0.091631, 0.288501, -0.955872, 0.055471, 0.063725, 0.725516, 0.180434, -0.664132, 0.061005, 0.0, 0.0, 0.0, 1.0],
                [0.613791, 0.209301, 0.761219, 0.08811, 0.283929, -0.958224, 0.03453, 0.063176, 0.736646, 0.194938, -0.647575, 0.064196, 0.0, 0.0, 0.0, 1.0],
                [0.60344, 0.200027, 0.771913, 0.08459, 0.278327, -0.959981, 0.03118, 0.062627, 0.747259, 0.19603, -0.634963, 0.067386, 0.0, 0.0, 0.0, 1.0],
                [0.587791, 0.195963, 0.784921, 0.08107, 0.271675, -0.961692, 0.036651, 0.062079, 0.762034, 0.191701, -0.618511, 0.070577, 0.0, 0.0, 0.0, 1.0],
                [0.572796, 0.198455, 0.795312, 0.07755, 0.268941, -0.962041, 0.046365, 0.06153, 0.774324, 0.187335, -0.604425, 0.073768, 0.0, 0.0, 0.0, 1.0],
                [0.563699, 0.202212, 0.800846, 0.074029, 0.267898, -0.961916, 0.054314, 0.060981, 0.78133, 0.183929, -0.596402, 0.076959, 0.0, 0.0, 0.0, 1.0],
                [0.553928, 0.208213, 0.806109, 0.070509, 0.264534, -0.962066, 0.066719, 0.060433, 0.789422, 0.176286, -0.587994, 0.08015, 0.0, 0.0, 0.0, 1.0],
                [0.548404, 0.213422, 0.80852, 0.066989, 0.259983, -0.962481, 0.077722, 0.059884, 0.794773, 0.167579, -0.583313, 0.083341, 0.0, 0.0, 0.0, 1.0],
                [0.544848, 0.218661, 0.809524, 0.063468, 0.260447, -0.961784, 0.084496, 0.059335, 0.797064, 0.164801, -0.580975, 0.086532, 0.0, 0.0, 0.0, 1.0],
                [0.542463, 0.224767, 0.809453, 0.059948, 0.262977, -0.96055, 0.090486, 0.058787, 0.797859, 0.163782, -0.580171, 0.089723, 0.0, 0.0, 0.0, 1.0]
            ]
        },
        {
            "name": "Leg_R",
            "time": [0.0, 0.0417, 0.0833, 0.125, 0.1667, 0.2083, 0.25, 0.2917, 0.3333, 0.375, 0.4167, 0.4583, 0.5, 0.5417, 0.5833, 0.625, 0.6667, 0.7083, 0.75, 0.7917, 0.8333, 0.875, 0.9167, 0.9583, 1.0, 1.0417, 1.0833, 1.125, 1.1667, 1.2083, 1.25, 1.2917, 1.3333, 1.375, 1.4167, 1.4583, 1.5, 1.5417, 1.5833, 1.625, 1.6667, 1.7083, 1.75, 1.7917, 1.8333, 1.875, 1.9167, 1.9583, 2.0, 2.0417, 2.0833, 2.125, 2.1667, 2.2083, 2.25, 2.2917, 2.3333, 2.375, 2.4167, 2.5, 2.5417, 2.5833, 2.625, 2.6667, 2.7083, 2.75, 2.7917, 2.8333, 2.875],
            "transform": [
                [0.999999, 0.0, 0.0, 0.0, -0.0, 0.040214, 0.999192, 0.37472, 0.0, -0.999192, 0.040214, 0.0, 0.0, 0.0, 0.0, 1.0],
                [0.999999, 0.0, 0.0, -0.0, -0.0, 0.032022, 0.999488, 0.37472, 0.0, -0.999488, 0.032022, 0.0, 0.0, 0.0, 0.0, 1.0],
                [0.999999, 0.0, 0.0, 0.0, -0.0, -0.125377, 0.99211, 0.37472, 0.0, -0.99211, -0.125377, 0.0, 0.0, 0.0, 0.0, 1.0],
                [0.999999, 0.0, 0.0, 0.0, -0.0, -0.1359, 0.990723, 0.37472, 0.0, -0.990723, -0.1359, 0.0, 0.0, 0.0, 0.0, 1.0],
                [0.999999, 0.0, 0.0, -0.0, -0.0, 0.277726, 0.960662, 0.37472, 0.0, -0.960661, 0.277726, -0.0, 0.0, 0.0, 0.0, 1.0],
                [0.999998, 0.0, 0.0, -0.0, -0.0, 0.687164, 0.726504, 0.37472, 0.0, -0.726503, 0.687164, 0.0, 0.0, 0.0, 0.0, 1.0],
                [0.999999, 0.0, 0.0, -0.0, -0.0, 0.735791, 0.67721, 0.37472, 0.0, -0.677209, 0.735791, 0.0, 0.0, 0.0, 0.0, 1.0],
                [0.999998, 0.0, 0.0, 0.0, -0.0, 0.69875, 0.715367, 0.37472, 0.0, -0.715367, 0.69875, -0.0, 0.0, 0.0, 0.0, 1.0],
                [0.999999, 0.0, 0.0, 0.0, -0.0, 0.652092, 0.758141, 0.37472, 0.0, -0.758141, 0.652092, -0.0, 0.0, 0.0, 0.0, 1.0],
                [0.999999, 0.0, 0.0, 0.0, -0.0, 0.531539, 0.847034, 0.37472, 0.0, -0.847034, 0.531539, -0.0, 0.0, 0.0, 0.0, 1.0],
                [0.999999, 0.0, 0.0, -0.0, -0.0, 0.369962, 0.929048, 0.37472, 0.0, -0.929047, 0.369963, 0.0, 0.0, 0.0, 0.0, 1.0],
                [0.999999, 0.0, 0.0, -0.0, -0.0, 0.284782, 0.958593, 0.37472, 0.0, -0.958593, 0.284782, -0.0, 0.0, 0.0, 0.0, 1.0],
                [0.999999, 0.0, 0.0, -0.0, -0.0, 0.242402, 0.970176, 0.37472, 0.0, -0.970177, 0.242402, -0.0, 0.0, 0.0, 0.0, 1.0],
                [0.999999, 0.0, 0.0, -0.0, -0.0, 0.304738, 0.952437, 0.37472, 0.0, -0.952437, 0.304738, 0.0, 0.0, 0.0, 0.0, 1.0],
                [0.999998, 0.0, -0.0, -0.0, -0.0, 0.769565, 0.638569, 0.37472, 0.0, -0.638569, 0.769566, 0.0, 0.0, 0.0, 0.0, 1.0],
                [0.999999, 0.0, 0.0, -0.0, -0.0, 0.257651, 0.966239, 0.37472, 0.0, -0.966239, 0.257651, -0.0, 0.0, 0.0, 0.0, 1.0],
                [0.999999, 0.0, 0.0, 0.0, -0.0, -0.493053, 0.87, 0.37472, 0.0, -0.87, -0.493054, -0.0, 0.0, 0.0, 0.0, 1.0],
                [0.999999, 0.0, 0.0, 0.0, -0.0, -0.315155, 0.949041, 0.37472, 0.0, -0.949041, -0.315155, -0.0, 0.0, 0.0, 0.0, 1.0],
                [0.999999, 0.0, 0.0, -0.0, -0.0, -0.097046, 0.995281, 0.37472, 0.0, -0.99528, -0.097046, -0.0, 0.0, 0.0, 0.0, 1.0],
                [0.999999, 0.0, 0.0, 0.0, -0.0, 0.242058, 0.970262, 0.37472, 0.0, -0.970262, 0.242058, 0.0, 0.0, 0.0, 0.0, 1.0],
                [0.999999, 0.0, 0.0, -0.0, -0.0, 0.470014, 0.88266, 0.37472, 0.0, -0.88266, 0.470014, -0.0, 0.0, 0.0, 0.0, 1.0],
                [0.999999, 0.0, 0.0, 0.0, -0.0, 0.577209, 0.816597, 0.37472, 0.0, -0.816598, 0.577208, 0.0, 0.0, 0.0, 0.0, 1.0],
                [0.999998, 0.0, 0.0, -0.0, -0.0, 0.611428, 0.791301, 0.37472, 0.0, -0.791301, 0.611428, 0.0, 0.0, 0.0, 0.0, 1.0],
                [0.999999, 0.0, 0.0, 0.0, -0.0, 0.63936, 0.768908, 0.37472, 0.0, -0.768908, 0.63936, -0.0, 0.0, 0.0, 0.0, 1.0],
                [0.999999, 0.0, 0.0, 0.0, -0.0, 0.661213, 0.750199, 0.37472, 0.0, -0.750199, 0.661212, -0.0, 0.0, 0.0, 0.0, 1.0],
                [0.999999, 0.0, 0.0, 0.0, -0.0, 0.675875, 0.737017, 0.374721, 0.0, -0.737017, 0.675875, 0.0, 0.0, 0.0, 0.0, 1.0],
                [0.999999, 0.0, 0.0, -0.0, -0.0, 0.690206, 0.723614, 0.37472, 0.0, -0.723613, 0.690207, -0.0, 0.0, 0.0, 0.0, 1.0],
                [0.999999, 0.0, 0.0, 0.0, -0.0, 0.715965, 0.698137, 0.37472, 0.0, -0.698137, 0.715965, 0.0, 0.0, 0.0, 0.0, 1.0],
                [0.999999, 0.0, 0.0, 0.0, -0.0, 0.742561, 0.66978, 0.37472, 0.0, -0.66978, 0.742561, 0.0, 0.0, 0.0, 0.0, 1.0],
                [0.999999, 0.0, 0.0, 0.0, -0.0, 0.757722, 0.652578, 0.37472, 0.0, -0.652579, 0.757722, 0.0, 0.0, 0.0, 0.0, 1.0],
                [0.999999, 0.0, 0.0, -0.0, -0.0, 0.771068, 0.636754, 0.37472, -0.0, -0.636755, 0.771067, 0.0, 0.0, 0.0, 0.0, 1.0],
                [0.999999, 0.0, 0.0, -0.0, -0.0, 0.769662, 0.638453, 0.37472, 0.0, -0.638453, 0.769661, 0.0, 0.0, 0.0, 0.0, 1.0],
                [0.999999, 0.0, 0.0, -0.0, -0.0, 0.755399, 0.655267, 0.37472, 0.0, -0.655268, 0.755398, 0.0, 0.0, 0.0, 0.0, 1.0],
                [0.999999, 0.0, 0.0, 0.0, -0.0, 0.719991, 0.693984, 0.37472, 0.0, -0.693985, 0.71999, -0.0, 0.0, 0.0, 0.0, 1.0],
                [0.999999, 0.0, -0.0, -0.0, -0.0, 0.667081, 0.744986, 0.37472, 0.0, -0.744987, 0.66708, 0.0, 0.0, 0.0, 0.0, 1.0],
                [0.999999, 0.0, -0.0, -0.0, -0.0, 0.684273, 0.729226, 0.37472, 0.0, -0.729227, 0.684273, 0.0, 0.0, 0.0, 0.0, 1.0],
                [0.999999, 0.0, 0.0, 0.0, -0.0, 0.679768, 0.733428, 0.37472, 0.0, -0.733429, 0.679767, 0.0, 0.0, 0.0, 0.0, 1.0],
                [0.999999, 0.0, 0.0, 0.0, -0.0, 0.669257, 0.743031, 0.37472, 0.0, -0.743032, 0.669256, -0.0, 0.0, 0.0, 0.0, 1.0],
                [0.999999, 0.0, 0.0, -0.0, -0.0, 0.667649, 0.744476, 0.37472, 0.0, -0.744477, 0.667649, 0.0, 0.0, 0.0, 0.0, 1.0],
                [0.999999, 0.0, 0.0, 0.0, -0.0, 0.668996, 0.743267, 0.37472, 0.0, -0.743267, 0.668996, 0.0, 0.0, 0.0, 0.0, 1.0],
                [0.999999, 0.0, 0.0, 0.0, -0.0, 0.670596, 0.741823, 0.37472, 0.0, -0.741823, 0.670596, 0.0, 0.0, 0.0, 0.0, 1.0],
                [0.999999, 0.0, 0.0, 0.0, -0.0, 0.674436, 0.738334, 0.37472, 0.0, -0.738334, 0.674436, -1e-06, 0.0, 0.0, 0.0, 1.0],
                [0.999999, 0.0, 0.0, -0.0, -0.0, 0.679696, 0.733494, 0.37472, 0.0, -0.733494, 0.679697, 0.0, 0.0, 0.0, 0.0, 1.0],
                [0.999999, 0.0, 0.0, 0.0, -0.0, 0.684128, 0.729363, 0.37472, 0.0, -0.729363, 0.684128, -0.0, 0.0, 0.0, 0.0, 1.0],
                [0.999999, 0.0, 0.0, 0.0, -0.0, 0.689441, 0.724343, 0.37472, 0.0, -0.724342, 0.689441, -0.0, 0.0, 0.0, 0.0, 1.0],
                [1.0, 0.0, 0.0, 0.0, -0.0, 0.697873, 0.716223, 0.37472, 0.0, -0.716222, 0.697873, 0.0, 0.0, 0.0, 0.0, 1.0],
                [0.999999, 0.0, 0.0, 0.0, -0.0, 0.710083, 0.704119, 0.37472, 0.0, -0.704118, 0.710083, -0.0, 0.0, 0.0, 0.0, 1.0],
                [1.0, 0.0, 0.0, -0.0, -0.0, 0.719191, 0.694814, 0.37472, 0.0, -0.694813, 0.719191, -0.0, 0.0, 0.0, 0.0, 1.0],
                [0.999999, 0.0, 0.0, -0.0, -0.0, 0.739518, 0.673137, 0.37472, 0.0, -0.673137, 0.739518, 0.0, 0.0, 0.0, 0.0, 1.0],
                [0.999999, 0.0, -0.0, 0.0, -0.0, 0.77404, 0.633138, 0.37472, 0.0, -0.633138, 0.77404, 0.0, 0.0, 0.0, 0.0, 1.0],
                [0.999999, 0.0, 0.0, 0.0, -0.0, 0.804561, 0.593871, 0.37472, 0.0, -0.59387, 0.804561, -1e-06, 0.0, 0.0, 0.0, 1.0],
                [0.999999, 0.0, 0.0, 0.0, -0.0, 0.833606, 0.552361, 0.37472, 0.0, -0.55236, 0.833606, -0.0, 0.0, 0.0, 0.0, 1.0],
                [0.999999, 0.0, -0.0, -0.0, -0.0, 0.847053, 0.531508, 0.37472, 0.0, -0.531508, 0.847054, 0.0, 0.0, 0.0, 0.0, 1.0],
                [0.999999, 0.0, 0.0, 0.0, -0.0, 0.808434, 0.588587, 0.37472, 0.0, -0.588587, 0.808435, -0.0, 0.0, 0.0, 0.0, 1.0],
                [0.999999, 0.0, 0.0, -0.0, -0.0, 0.773504, 0.633792, 0.37472, 0.0, -0.633791, 0.773505, -0.0, 0.0, 0.0, 0.0, 1.0],
                [1.0, 0.0, 0.0, -0.0, -0.0, 0.754549, 0.656244, 0.37472, 0.0, -0.656244, 0.754549, -0.0, 0.0, 0.0, 0.0, 1.0],
                [0.999999, 0.0, 0.0, 0.0, -0.0, 0.770281, 0.637705, 0.37472, 0.0, -0.637705, 0.770281, -0.0, 0.0, 0.0, 0.0, 1.0],
                [1.0, 0.0, 0.0, -0.0, -0.0, 0.803786, 0.594919, 0.37472, 0.0, -0.594919, 0.803786, -0.0, 0.0, 0.0, 0.0, 1.0],
                [1.0, 0.0, 0.0, 0.0, -0.0, 0.830645, 0.556803, 0.37472, 0.0, -0.556803, 0.830645, -1e-06, 0.0, 0.0, 0.0, 1.0],
                [0.999999, 0.0, 0.0, 0.0, -0.0, 0.934629, 0.355626, 0.37472, 0.0, -0.355626, 0.934629, 0.0, 0.0, 0.0, 0.0, 1.0],
                [0.999999, 0.0, 0.0, 0.0, -0.0, 0.950623, 0.31035, 0.37472, 0.0, -0.31035, 0.950623, -0.0, 0.0, 0.0, 0.0, 1.0],
                [0.999999, 0.0, -0.0, -0.0, -0.0, 0.955839, 0.29389, 0.37472, 0.0, -0.29389, 0.95584, 0.0, 0.0, 0.0, 0.0, 1.0],
                [0.999999, 0.0, -0.0, 0.0, -0.0, 0.958104, 0.286421, 0.37472, 0.0, -0.286421, 0.958105, 0.0, 0.0, 0.0, 0.0, 1.0],
                [0.999999, 0.0, 0.0, -0.0, -0.0, 0.957936, 0.286983, 0.37472, -0.0, -0.286983, 0.957936, -0.0, 0.0, 0.0, 0.0, 1.0],
                [0.999999, 0.0, -0.0, -0.0, -0.0, 0.956508, 0.291707, 0.37472, 0.0, -0.291707, 0.956508, -1e-06, 0.0, 0.0, 0.0, 1.0],
                [1.0, 0.0, 0.0, 1e-06, -0.0, 0.952542, 0.304409, 0.37472, -0.0, -0.304409, 0.952542, -0.0, 0.0, 0.0, 0.0, 1.0],
                [0.999999, 0.0, 0.0, 0.0, -0.0, 0.947596, 0.319472, 0.37472, 0.0, -0.319472, 0.947596, -0.0, 0.0, 0.0, 0.0, 1.0],
                [0.999999, 0.0, 0.0, 0.0, -0.0, 0.94404, 0.329831, 0.37472, 0.0, -0.329831, 0.94404, -0.0, 0.0, 0.0, 0.0, 1.0],
                [0.999999, 0.0, -0.0, 0.0, -0.0, 0.940536, 0.339695, 0.37472, 0.0, -0.339695, 0.940536, 0.0, 0.0, 0.0, 0.0, 1.0]
            ]
        },
        {
            "name": "Knee_R",
            "time": [0.0, 2.875],
            "transform": [
                [1.0, 0.0, -0.0, 0.0, -0.0, 1e-06, -1.0, 0.37472, -0.0, 1.0, 1e-06, 0.0, 0.0, 0.0, 0.0, 1.0],
                [1.0, 0.0, -0.0, 0.0, -0.0, 1e-06, -1.0, 0.37472, -0.0, 1.0, 1e-06, 0.0, 0.0, 0.0, 0.0, 1.0]
            ]
        },
        {
            "name": "Thigh_L",
            "time": [0.0, 0.0417, 0.0833, 0.125, 0.1667, 0.2083, 0.25, 0.2917, 0.3333, 0.375, 0.4167, 0.4583, 0.5, 0.5417, 0.5833, 0.625, 0.6667, 0.7083, 0.75, 0.7917, 0.8333, 0.875, 0.9167, 0.9583, 1.0, 1.0417, 1.0833, 1.125, 1.1667, 1.2083, 1.25, 1.2917, 1.3333, 1.375, 1.4167, 1.4583, 1.5, 1.5417, 1.5833, 1.625, 1.6667, 1.7083, 1.75, 1.7917, 1.8333, 1.875, 1.9167, 1.9583, 2.0, 2.0417, 2.0833, 2.125, 2.1667, 2.2083, 2.25, 2.2917, 2.3333, 2.375, 2.4167, 2.5, 2.5417, 2.5833, 2.625, 2.6667, 2.7083, 2.75, 2.7917, 2.8333, 2.875],
            "transform": [
                [0.874978, -0.458442, -0.155701, -0.081574, 0.186369, 0.022106, 0.982231, 0.109167, -0.446851, -0.888453, 0.104781, 0.053952, 0.0, 0.0, 0.0, 1.0],
                [0.811912, -0.458498, -0.361353, -0.09978, 0.078082, -0.52814, 0.84556, 0.14116, -0.578531, -0.714739, -0.393003, 0.093672, 0.0, 0.0, 0.0, 1.0],
                [0.754576, -0.495081, -0.430707, -0.112969, -0.075273, -0.717328, 0.692659, 0.150724, -0.651877, -0.490246, -0.578545, 0.092792, 0.0, 0.0, 0.0, 1.0],
                [0.72371, -0.533034, -0.438312, -0.131848, -0.253794, -0.79621, 0.54922, 0.139091, -0.641737, -0.286237, -0.711505, 0.072768, 0.0, 0.0, 0.0, 1.0],
                [0.723497, -0.542249, -0.427221, -0.126158, -0.373396, -0.827921, 0.41848, 0.115634, -0.580622, -0.143247, -0.801471, 0.069205, 0.0, 0.0, 0.0, 1.0],
                [0.806921, -0.455734, -0.375743, -0.12086, -0.44171, -0.88793, 0.12836, 0.083909, -0.39213, 0.062394, -0.917791, 0.043047, 0.0, 0.0, 0.0, 1.0],
                [0.958443, -0.250414, -0.136658, -0.115561, -0.27453, -0.939866, -0.203198, 0.052184, -0.077556, 0.232272, -0.969553, 0.01689, 0.0, 0.0, 0.0, 1.0],
                [0.988592, -0.138967, 0.058045, -0.110263, -0.115851, -0.947993, -0.296468, 0.020459, 0.096225, 0.286364, -0.953277, -0.009268, 0.0, 0.0, 0.0, 1.0],
                [0.958841, -0.055127, 0.278534, -0.104964, 0.006514, -0.976446, -0.215678, -0.011267, 0.283862, 0.208617, -0.935896, -0.035426, 0.0, 0.0, 0.0, 1.0],
                [0.82097, 0.127851, 0.55647, -0.090875, 0.018619, -0.980088, 0.197708, -0.002314, 0.570664, -0.151952, -0.807001, -0.057541, 0.0, 0.0, 0.0, 1.0],
                [0.664202, 0.29327, 0.687623, -0.076785, -0.146433, -0.850976, 0.504383, 0.006639, 0.733067, -0.435706, -0.522275, -0.079657, 0.0, 0.0, 0.0, 1.0],
                [0.544197, 0.328261, 0.772071, -0.062695, -0.327458, -0.764173, 0.555711, 0.015592, 0.77241, -0.55524, -0.308369, -0.101773, 0.0, 0.0, 0.0, 1.0],
                [0.447799, 0.375233, 0.811588, -0.003248, -0.469148, -0.674099, 0.57052, 0.045151, 0.761164, -0.636238, -0.125821, -0.084741, 0.0, 0.0, 0.0, 1.0],
                [0.307544, 0.524275, 0.794073, 0.056198, -0.360872, -0.707914, 0.607151, 0.07471, 0.880445, -0.473287, -0.028519, -0.067709, 0.0, 0.0, 0.0, 1.0],
                [-0.126605, 0.655055, 0.7449, 0.115645, -0.011069, -0.751832, 0.659264, 0.10427, 0.991889, 0.075222, 0.102436, -0.050677, 0.0, 0.0, 0.0, 1.0],
                [-0.383357, 0.536932, 0.751493, 0.090722, 0.335026, -0.6774, 0.654896, 0.106327, 0.860692, 0.502832, 0.079799, -0.02145, 0.0, 0.0, 0.0, 1.0],
                [-0.880498, -0.011031, 0.473917, 0.116789, 0.461682, -0.24678, 0.852026, 0.110696, 0.107553, 0.969012, 0.222382, -0.056373, 0.0, 0.0, 0.0, 1.0],
                [-0.873212, -0.435292, -0.219131, 0.1396, -0.0817, -0.312532, 0.946387, 0.140615, -0.480438, 0.844305, 0.237343, 0.007958, 0.0, 0.0, 0.0, 1.0],
                [-0.71005, -0.419877, -0.56527, 0.115198, -0.323429, -0.518606, 0.791481, 0.145826, -0.625474, 0.744821, 0.232435, 0.102488, 0.0, 0.0, 0.0, 1.0],
                [-0.262662, -0.626549, -0.733789, 0.007979, -0.591729, -0.4961, 0.635407, 0.120007, -0.762143, 0.601104, -0.24044, 0.140199, 0.0, 0.0, 0.0, 1.0],
                [0.882143, -0.360347, -0.303268, -0.100819, -0.423559, -0.888556, -0.176265, 0.057223, -0.205953, 0.283945, -0.936461, 0.030527, 0.0, 0.0, 0.0, 1.0],
                [0.985183, -0.169546, -0.025792, -0.097555, -0.170779, -0.956192, -0.237773, 0.049929, 0.015651, 0.238657, -0.970978, -0.036715, 0.0, 0.0, 0.0, 1.0],
                [0.982785, -0.176079, 0.055902, -0.096637, -0.160262, -0.963126, -0.216124, 0.048221, 0.091895, 0.203446, -0.974764, -0.046996, 0.0, 0.0, 0.0, 1.0],
                [0.959678, -0.244519, 0.138652, -0.095719, -0.217657, -0.958546, -0.183904, 0.046513, 0.177871, 0.146312, -0.973116, -0.057278, 0.0, 0.0, 0.0, 1.0],
                [0.929895, -0.310318, 0.197468, -0.0948, -0.283409, -0.9467, -0.153108, 0.044804, 0.234454, 0.086411, -0.968279, -0.067559, 0.0, 0.0, 0.0, 1.0],
                [0.918083, -0.327152, 0.223811, -0.093882, -0.302071, -0.943047, -0.139358, 0.043096, 0.256654, 0.060336, -0.964617, -0.07784, 0.0, 0.0, 0.0, 1.0],
                [0.922851, -0.309465, 0.229289, -0.092964, -0.284508, -0.949017, -0.135747, 0.041388, 0.259607, 0.060041, -0.963845, -0.088121, 0.0, 0.0, 0.0, 1.0],
                [0.92405, -0.306164, 0.22889, -0.092045, -0.273865, -0.947966, -0.162369, 0.039679, 0.26669, 0.087353, -0.959815, -0.098403, 0.0, 0.0, 0.0, 1.0],
                [0.926861, -0.311069, 0.210144, -0.091127, -0.27066, -0.941651, -0.200103, 0.037971, 0.260127, 0.128591, -0.956973, -0.108684, 0.0, 0.0, 0.0, 1.0],
                [0.926417, -0.310209, 0.21335, -0.090209, -0.265775, -0.940215, -0.212989, 0.036263, 0.266665, 0.140615, -0.953476, -0.118965, 0.0, 0.0, 0.0, 1.0],
                [0.926974, -0.309354, 0.21217, -0.089577, -0.260122, -0.937633, -0.230621, 0.031963, 0.270279, 0.158591, -0.94963, -0.137751, 0.0, 0.0, 0.0, 1.0],
                [0.930514, -0.305722, 0.201679, -0.088227, -0.250868, -0.933232, -0.257191, 0.034347, 0.266841, 0.188727, -0.945081, -0.129995, 0.0, 0.0, 0.0, 1.0],
                [0.937152, -0.29585, 0.184969, -0.086876, -0.23891, -0.930465, -0.277778, 0.036731, 0.254287, 0.216131, -0.942669, -0.122239, 0.0, 0.0, 0.0, 1.0],
                [0.944105, -0.276166, 0.179983, -0.085525, -0.222912, -0.937109, -0.268592, 0.039116, 0.242838, 0.21346, -0.94629, -0.114483, 0.0, 0.0, 0.0, 1.0],
                [0.934734, -0.258807, 0.243488, -0.084174, -0.220476, -0.959791, -0.173773, 0.0415, 0.27867, 0.108749, -0.95421, -0.106728, 0.0, 0.0, 0.0, 1.0],
                [0.917802, -0.236628, 0.318815, -0.082824, -0.233234, -0.971169, -0.04937, 0.043884, 0.321304, -0.029046, -0.94653, -0.098972, 0.0, 0.0, 0.0, 1.0],
                [0.912181, -0.233779, 0.336554, -0.081473, -0.255337, -0.966635, 0.020615, 0.046268, 0.320504, -0.10474, -0.941438, -0.091217, 0.0, 0.0, 0.0, 1.0],
                [0.909283, -0.222605, 0.351633, -0.080122, -0.291899, -0.943377, 0.157612, 0.048652, 0.296636, -0.245957, -0.922774, -0.083461, 0.0, 0.0, 0.0, 1.0],
                [0.934192, -0.145706, 0.325653, -0.118885, -0.308381, -0.788773, 0.531734, 0.06147, 0.179389, -0.597171, -0.781798, -0.050409, 0.0, 0.0, 0.0, 1.0],
                [0.970427, -0.150799, 0.188485, -0.157647, -0.238846, -0.712808, 0.659439, 0.074287, 0.034911, -0.68496, -0.727745, -0.017358, 0.0, 0.0, 0.0, 1.0],
                [0.978754, -0.177198, 0.103139, -0.153069, -0.20134, -0.735707, 0.646684, 0.071677, -0.038711, -0.653714, -0.755752, -0.020769, 0.0, 0.0, 0.0, 1.0],
                [0.981677, -0.172776, 0.080338, -0.148491, -0.183813, -0.747701, 0.63809, 0.069067, -0.050178, -0.641169, -0.765759, -0.02418, 0.0, 0.0, 0.0, 1.0],
                [0.983362, -0.155762, 0.093443, -0.143914, -0.179389, -0.752096, 0.634172, 0.066456, -0.028502, -0.640388, -0.767524, -0.027591, 0.0, 0.0, 0.0, 1.0],
                [0.983353, -0.152572, 0.098664, -0.139336, -0.180609, -0.761581, 0.622397, 0.063846, -0.019819, -0.62986, -0.776457, -0.031002, 0.0, 0.0, 0.0, 1.0],
                [0.982488, -0.15277, 0.106649, -0.134758, -0.186025, -0.772643, 0.606977, 0.061236, -0.010326, -0.616191, -0.78753, -0.034413, 0.0, 0.0, 0.0, 1.0],
                [0.980724, -0.146496, 0.129283, -0.13018, -0.19467, -0.789142, 0.582548, 0.058625, 0.016681, -0.596489, -0.802449, -0.037824, 0.0, 0.0, 0.0, 1.0],
                [0.97778, -0.13504, 0.160331, -0.125602, -0.202235, -0.808952, 0.551997, 0.056015, 0.055158, -0.57216, -0.818286, -0.041235, 0.0, 0.0, 0.0, 1.0],
                [0.976185, -0.12767, 0.175379, -0.121025, -0.2035, -0.818972, 0.536541, 0.053405, 0.075129, -0.559456, -0.825449, -0.044646, 0.0, 0.0, 0.0, 1.0],
                [0.975238, -0.113919, 0.189546, -0.124802, -0.197969, -0.831711, 0.518718, 0.050794, 0.098555, -0.543401, -0.833668, -0.045343, 0.0, 0.0, 0.0, 1.0],
                [0.976582, -0.08635, 0.197046, -0.12858, -0.177659, -0.840233, 0.512299, 0.048184, 0.121327, -0.535312, -0.835896, -0.046041, 0.0, 0.0, 0.0, 1.0],
                [0.977943, -0.059388, 0.200237, -0.12858, -0.156414, -0.84358, 0.513724, 0.048184, 0.138406, -0.533716, -0.834262, -0.046041, 0.0, 0.0, 0.0, 1.0],
                [0.978471, -0.032933, 0.203726, -0.12858, -0.135666, -0.846543, 0.514746, 0.048184, 0.155509, -0.531306, -0.832786, -0.046041, 0.0, 0.0, 0.0, 1.0],
                [0.976791, -0.004728, 0.214132, -0.128579, -0.116275, -0.851315, 0.511613, 0.048184, 0.179874, -0.52464, -0.832105, -0.046041, 0.0, 0.0, 0.0, 1.0],
                [0.973072, 0.011799, 0.230186, -0.12858, -0.109158, -0.855999, 0.505326, 0.048184, 0.203, -0.516848, -0.831661, -0.046041, 0.0, 0.0, 0.0, 1.0],
                [0.969747, 0.017471, 0.243476, -0.12858, -0.110118, -0.858867, 0.500226, 0.048184, 0.217851, -0.511907, -0.830959, -0.046041, 0.0, 0.0, 0.0, 1.0],
                [0.966191, 0.020332, 0.257013, -0.128579, -0.113394, -0.861775, 0.49446, 0.048184, 0.231539, -0.50689, -0.830333, -0.046042, 0.0, 0.0, 0.0, 1.0],
                [0.960672, 0.020192, 0.276942, -0.128579, -0.121497, -0.86625, 0.484618, 0.048184, 0.249685, -0.49921, -0.829728, -0.046041, 0.0, 0.0, 0.0, 1.0],
                [0.954652, 0.017524, 0.297199, -0.128579, -0.131425, -0.870928, 0.473514, 0.048184, 0.267135, -0.491104, -0.82913, -0.046041, 0.0, 0.0, 0.0, 1.0],
                [0.950346, 0.014527, 0.310847, -0.12858, -0.138874, -0.874125, 0.465429, 0.048184, 0.278479, -0.48549, -0.828703, -0.046041, 0.0, 0.0, 0.0, 1.0],
                [0.935306, -0.000834, 0.353832, -0.12858, -0.165277, -0.88523, 0.434804, 0.048184, 0.312859, -0.465158, -0.828098, -0.046041, 0.0, 0.0, 0.0, 1.0],
                [0.930696, -0.006093, 0.365737, -0.122169, -0.1728, -0.888584, 0.424928, 0.047652, 0.322398, -0.45868, -0.828053, -0.049538, 0.0, 0.0, 0.0, 1.0],
                [0.926184, -0.011715, 0.376882, -0.115758, -0.180087, -0.891897, 0.414841, 0.047121, 0.331278, -0.452094, -0.82817, -0.053035, 0.0, 0.0, 0.0, 1.0],
                [0.919265, -0.022144, 0.393011, -0.109347, -0.191847, -0.897016, 0.398198, 0.046589, 0.343717, -0.44145, -0.828842, -0.056532, 0.0, 0.0, 0.0, 1.0],
                [0.912597, -0.033695, 0.407464, -0.102936, -0.203262, -0.902105, 0.380652, 0.046058, 0.354747, -0.430207, -0.830106, -0.06003, 0.0, 0.0, 0.0, 1.0],
                [0.908428, -0.041242, 0.415995, -0.096525, -0.210129, -0.90532, 0.369117, 0.045526, 0.361383, -0.422732, -0.831083, -0.063527, 0.0, 0.0, 0.0, 1.0],
                [0.903695, -0.050491, 0.425184, -0.090114, -0.217482, -0.909517, 0.354239, 0.044995, 0.368824, -0.412596, -0.832906, -0.067024, 0.0, 0.0, 0.0, 1.0],
                [0.900806, -0.054963, 0.430725, -0.083703, -0.220372, -0.912583, 0.344433, 0.044463, 0.374139, -0.405189, -0.834171, -0.070521, 0.0, 0.0, 0.0, 1.0],
                [0.899001, -0.054765, 0.434505, -0.085467, -0.220192, -0.91415, 0.340366, 0.045703, 0.37856, -0.401666, -0.83388, -0.072257, 0.0, 0.0, 0.0, 1.0],
                [0.898232, -0.052994, 0.436311, -0.087231, -0.218375, -0.915316, 0.338399, 0.046943, 0.381427, -0.399242, -0.833737, -0.073993, 0.0, 0.0, 0.0, 1.0]
            ]
        },
        {
            "name": "Leg_L",
