{
    "animation": [
        {
            "name": "Root",
            "time": [0.0, 0.0167, 0.0333, 0.05, 0.0667, 0.0833, 0.1, 0.1167, 0.1333, 0.15, 0.1667, 0.1833, 0.2, 0.2167, 0.2333, 0.25, 0.2667, 0.2833, 0.3, 0.3167, 0.3333, 0.35, 0.3667, 0.3833, 0.4, 0.4167, 0.4333, 0.45, 0.4667, 0.4833, 0.5, 0.5167, 0.5333, 0.55, 0.5667, 0.5833, 0.6, 0.6167, 0.6333, 0.65, 0.6667, 0.6833, 0.7, 0.7167, 0.7333, 0.75, 0.7667, 0.7833, 0.8, 0.8167, 0.8333, 0.85, 0.8667, 0.8833, 0.9, 0.9167, 0.9333, 0.95, 0.9667, 0.9833, 1.0, 1.0167, 1.0333, 1.05, 1.0667, 1.0833, 1.1, 1.1167, 1.1333, 1.15, 1.1667, 1.1833, 1.2, 1.2167, 1.2333, 1.25, 1.2667, 1.2833, 1.3, 1.3167, 1.3333, 1.35, 1.3667, 1.3833, 1.4, 1.4167, 1.4333, 1.45, 1.4667, 1.4833, 1.5, 1.5167, 1.5333, 1.55, 1.5667, 1.5833, 1.6, 1.6167, 1.6333, 1.65, 1.6667, 1.6833, 1.7, 1.7167, 1.7333, 1.75, 1.7667, 1.7833, 1.8, 1.8167, 1.8333, 1.85, 1.8667, 1.8833, 1.9, 1.9167, 1.9333, 1.95, 1.9667, 1.9833, 2.0, 2.0167, 2.0333, 2.05, 2.0667, 2.0833, 2.1, 2.1167, 2.1333, 2.15, 2.1667, 2.1833, 2.2, 2.2167, 2.2333, 2.25, 2.2667, 2.2833, 2.3, 2.3167, 2.3333, 2.35, 2.3667, 2.3833, 2.4, 2.4167, 2.4333, 2.45, 2.4667, 2.4833, 2.5, 2.5167, 2.5333, 2.55, 2.5667, 2.5833, 2.6, 2.6167, 2.6333, 2.65, 2.6667, 2.6833, 2.7, 2.7167, 2.7333, 2.75, 2.7667, 2.7833, 2.8, 2.8167, 2.8333, 2.85, 2.8667, 2.8833, 2.9, 2.9167, 2.9333, 2.95, 2.9667, 2.9833, 3.0, 3.0167, 3.0333, 3.05],
            "transform": [
                [0.528393, 0.0, -0.849, -5e-06, -0.849, 0.0, -0.528393, 0.000946, 0.0, 1.0, 0.0, 0.518128, 0.0, 0.0, 0.0, 1.0],
                [0.52385, 0.001706, -0.851809, 7e-06, -0.851808, 0.003325, -0.523843, 0.003201, 0.001938, 0.999993, 0.003195, 0.518144, 0.0, 0.0, 0.0, 1.0],
                [0.510158, 0.00586, -0.860061, 8.8e-05, -0.860046, 0.012431, -0.510065, 0.010273, 0.007703, 0.999906, 0.011381, 0.518262, 0.0, 0.0, 0.0, 1.0],
                [0.487132, 0.011126, -0.873257, 0.000308, -0.873157, 0.025982, -0.486746, 0.022619, 0.017273, 0.999601, 0.022371, 0.518583, 0.0, 0.0, 0.0, 1.0],
                [0.454397, 0.016293, -0.890651, 0.000737, -0.890272, 0.042706, -0.453423, 0.040699, 0.030648, 0.998955, 0.033911, 0.519206, 0.0, 0.0, 0.0, 1.0],
                [0.411303, 0.020224, -0.911275, 0.001444, -0.910247, 0.061502, -0.409474, 0.064973, 0.047764, 0.997902, 0.043705, 0.520234, 0.0, 0.0, 0.0, 1.0],
                [0.35686, 0.021801, -0.933903, 0.002498, -0.93165, 0.081516, -0.354096, 0.095899, 0.068408, 0.996433, 0.049401, 0.521767, 0.0, 0.0, 0.0, 1.0],
                [0.289682, 0.019874, -0.956917, 0.003969, -0.952679, 0.102215, -0.286276, 0.133937, 0.092122, 0.994564, 0.048543, 0.523907, 0.0, 0.0, 0.0, 1.0],
                [0.207949, 0.013211, -0.978051, 0.005927, -0.970991, 0.123457, -0.20478, 0.179545, 0.118042, 0.992262, 0.0385, 0.526754, 0.0, 0.0, 0.0, 1.0],
                [0.109455, 0.000482, -0.993991, 0.008442, -0.983407, 0.145596, -0.108219, 0.233182, 0.144669, 0.989344, 0.01641, 0.530411, 0.0, 0.0, 0.0, 1.0],
                [-0.007565, -0.016644, -0.999833, 0.011887, -0.98498, 0.17261, 0.004579, 0.295034, 0.172505, 0.98485, -0.0177, 0.545958, 0.0, 0.0, 0.0, 1.0],
                [-0.14157, -0.033674, -0.989355, 0.016486, -0.969291, 0.20772, 0.131629, 0.364192, 0.201076, 0.977609, -0.062047, 0.582669, 0.0, 0.0, 0.0, 1.0],
                [-0.288227, -0.047589, -0.956379, 0.022085, -0.930417, 0.250042, 0.267961, 0.439474, 0.226383, 0.967065, -0.116347, 0.637934, 0.0, 0.0, 0.0, 1.0],
                [-0.440602, -0.055409, -0.895991, 0.028527, -0.863832, 0.297748, 0.406375, 0.519696, 0.244263, 0.953035, -0.179052, 0.70914, 0.0, 0.0, 0.0, 1.0],
                [-0.589545, -0.054689, -0.805882, 0.035657, -0.767742, 0.347991, 0.538028, 0.603675, 0.251016, 0.935901, -0.247144, 0.793676, 0.0, 0.0, 0.0, 1.0],
                [-0.724951, -0.044092, -0.687388, 0.043317, -0.644066, 0.397172, 0.653784, 0.69023, 0.244185, 0.916684, -0.316329, 0.888932, 0.0, 0.0, 0.0, 1.0],
                [-0.837668, -0.023782, -0.545662, 0.051354, -0.498506, 0.441504, 0.746034, 0.778177, 0.22317, 0.896944, -0.381689, 0.992294, 0.0, 0.0, 0.0, 1.0],
                [-0.921343, 0.004559, -0.388724, 0.059609, -0.339497, 0.477712, 0.810267, 0.866335, 0.189392, 0.878505, -0.438589, 1.101153, 0.0, 0.0, 0.0, 1.0],
                [-0.97345, 0.038109, -0.225707, 0.067928, -0.176387, 0.503562, 0.845762, 0.953519, 0.145888, 0.863118, -0.483471, 1.212897, 0.0, 0.0, 0.0, 1.0],
                [-0.995172, 0.073529, -0.065009, 0.076155, -0.017588, 0.518038, 0.855177, 1.038548, 0.096558, 0.852191, -0.514244, 1.324915, 0.0, 0.0, 0.0, 1.0],
                [-0.990389, 0.107538, 0.086982, 0.084134, 0.13066, 0.521146, 0.843407, 1.120238, 0.045368, 0.846665, -0.530188, 1.434594, 0.0, 0.0, 0.0, 1.0],
                [-0.964328, 0.137256, 0.226346, 0.091709, 0.264677, 0.513503, 0.816248, 1.197408, -0.004194, 0.847039, -0.531514, 1.539324, 0.0, 0.0, 0.0, 1.0],
                [-0.922726, 0.160033, 0.350666, 0.098734, 0.382022, 0.500874, 0.77665, 1.269092, -0.05135, 0.850597, -0.523305, 1.63685, 0.0, 0.0, 0.0, 1.0],
                [-0.871104, 0.175937, 0.458503, 0.105111, 0.481547, 0.489257, 0.727145, 1.335198, -0.096394, 0.854209, -0.510915, 1.726341, 0.0, 0.0, 0.0, 1.0],
                [-0.814131, 0.186527, 0.549907, 0.110751, 0.563996, 0.479383, 0.672384, 1.395851, -0.138199, 0.857554, -0.495481, 1.807326, 0.0, 0.0, 0.0, 1.0],
                [-0.755788, 0.19326, 0.625648, 0.115564, 0.630747, 0.471532, 0.616292, 1.451177, -0.175908, 0.860411, -0.478277, 1.87933, 0.0, 0.0, 0.0, 1.0],
                [-0.6994, 0.197438, 0.686918, 0.119462, 0.683524, 0.465657, 0.562102, 1.501302, -0.208888, 0.86266, -0.460634, 1.94188, 0.0, 0.0, 0.0, 1.0],
                [-0.647726, 0.20019, 0.735102, 0.122356, 0.724187, 0.461483, 0.512433, 1.54635, -0.236653, 0.864267, -0.443889, 1.994503, 0.0, 0.0, 0.0, 1.0],
                [-0.603047, 0.202485, 0.771579, 0.124157, 0.754559, 0.458592, 0.469397, 1.586446, -0.258795, 0.86527, -0.42934, 2.036725, 0.0, 0.0, 0.0, 1.0],
                [-0.567267, 0.205161, 0.797569, 0.124778, 0.7763, 0.456486, 0.434717, 1.621718, -0.274892, 0.865754, -0.418216, 2.068074, 0.0, 0.0, 0.0, 1.0],
                [-0.538319, 0.207851, 0.816707, 0.12473, 0.792394, 0.454785, 0.406551, 1.652326, -0.286924, 0.866007, -0.409519, 2.092918, 0.0, 0.0, 0.0, 1.0],
                [-0.51299, 0.209756, 0.832372, 0.124581, 0.805254, 0.453474, 0.382003, 1.67858, -0.297332, 0.866235, -0.401535, 2.11599, 0.0, 0.0, 0.0, 1.0],
                [-0.491167, 0.210987, 0.845127, 0.124324, 0.81543, 0.452556, 0.360926, 1.700827, -0.306316, 0.866417, -0.394325, 2.137353, 0.0, 0.0, 0.0, 1.0],
                [-0.472656, 0.211648, 0.855454, 0.123951, 0.823384, 0.452015, 0.343104, 1.719412, -0.314061, 0.866538, -0.387915, 2.157073, 0.0, 0.0, 0.0, 1.0],
                [-0.457213, 0.211835, 0.863761, 0.123456, 0.829511, 0.45183, 0.328273, 1.734682, -0.320734, 0.866589, -0.382301, 2.175217, 0.0, 0.0, 0.0, 1.0],
                [-0.444548, 0.211638, 0.870395, 0.12283, 0.834138, 0.451967, 0.316133, 1.746983, -0.326484, 0.866565, -0.377456, 2.19185, 0.0, 0.0, 0.0, 1.0],
                [-0.434349, 0.211142, 0.875648, 0.122067, 0.837546, 0.452389, 0.306367, 1.756661, -0.331446, 0.866466, -0.373336, 2.207037, 0.0, 0.0, 0.0, 1.0],
                [-0.426285, 0.210429, 0.879773, 0.121159, 0.839974, 0.453055, 0.298636, 1.764062, -0.335744, 0.866291, -0.369886, 2.220845, 0.0, 0.0, 0.0, 1.0],
                [-0.420011, 0.209577, 0.882988, 0.120099, 0.841629, 0.453925, 0.292598, 1.769533, -0.339488, 0.866043, -0.367039, 2.233338, 0.0, 0.0, 0.0, 1.0],
                [-0.415173, 0.208663, 0.885489, 0.118879, 0.842693, 0.454953, 0.2879, 1.773419, -0.342782, 0.865724, -0.364723, 2.244584, 0.0, 0.0, 0.0, 1.0],
                [-0.411414, 0.207764, 0.887453, 0.117493, 0.843336, 0.456097, 0.284184, 1.776068, -0.345722, 0.865338, -0.362859, 2.254647, 0.0, 0.0, 0.0, 1.0],
                [-0.40837, 0.206956, 0.889046, 0.115932, 0.843713, 0.457314, 0.281091, 1.777824, -0.3484, 0.864889, -0.361365, 2.263593, 0.0, 0.0, 0.0, 1.0],
                [-0.405675, 0.206317, 0.890427, 0.11419, 0.843975, 0.458561, 0.27826, 1.779035, -0.350906, 0.864381, -0.360153, 2.271488, 0.0, 0.0, 0.0, 1.0],
                [-0.402958, 0.205928, 0.89175, 0.112258, 0.844266, 0.459795, 0.275323, 1.780047, -0.353326, 0.863818, -0.359136, 2.278397, 0.0, 0.0, 0.0, 1.0],
                [-0.399844, 0.20587, 0.893164, 0.110131, 0.84473, 0.460973, 0.27191, 1.781205, -0.355746, 0.863204, -0.358222, 2.284386, 0.0, 0.0, 0.0, 1.0],
                [-0.395952, 0.206226, 0.894814, 0.1078, 0.845503, 0.46205, 0.267645, 1.782856, -0.358254, 0.862543, -0.357314, 2.289522, 0.0, 0.0, 0.0, 1.0],
                [-0.390891, 0.207082, 0.89684, 0.105259, 0.846718, 0.462979, 0.262143, 1.785346, -0.360933, 0.86184, -0.356314, 2.293869, 0.0, 0.0, 0.0, 1.0],
                [-0.38426, 0.208526, 0.899367, 0.102499, 0.848496, 0.463708, 0.25501, 1.789021, -0.363867, 0.861099, -0.355117, 2.297493, 0.0, 0.0, 0.0, 1.0],
                [-0.375641, 0.210647, 0.902509, 0.099513, 0.850942, 0.46418, 0.245838, 1.794229, -0.367141, 0.860329, -0.353613, 2.300461, 0.0, 0.0, 0.0, 1.0],
                [-0.364601, 0.213535, 0.90635, 0.096295, 0.854137, 0.464328, 0.234202, 1.801313, -0.370833, 0.859536, -0.351682, 2.302837, 0.0, 0.0, 0.0, 1.0],
                [-0.350681, 0.217277, 0.910941, 0.092837, 0.858128, 0.464075, 0.219659, 1.810622, -0.375018, 0.858734, -0.349194, 2.304687, 0.0, 0.0, 0.0, 1.0],
                [-0.333402, 0.22196, 0.916284, 0.089131, 0.862916, 0.463329, 0.201747, 1.822501, -0.379762, 0.857939, -0.346008, 2.306078, 0.0, 0.0, 0.0, 1.0],
                [-0.312257, 0.227664, 0.922315, 0.08517, 0.868436, 0.461981, 0.179981, 1.837296, -0.385117, 0.857172, -0.341968, 2.307074, 0.0, 0.0, 0.0, 1.0],
                [-0.286713, 0.234456, 0.928885, 0.080947, 0.874541, 0.459898, 0.153858, 1.855354, -0.391119, 0.856461, -0.3369, 2.307742, 0.0, 0.0, 0.0, 1.0],
                [-0.256218, 0.242391, 0.935735, 0.076455, 0.880979, 0.456924, 0.122864, 1.87702, -0.397779, 0.855843, -0.330613, 2.308147, 0.0, 0.0, 0.0, 1.0],
                [-0.220218, 0.251497, 0.942472, 0.071686, 0.887367, 0.452878, 0.086492, 1.902641, -0.405072, 0.855366, -0.322902, 2.308355, 0.0, 0.0, 0.0, 1.0],
                [-0.178168, 0.26177, 0.948542, 0.066632, 0.893165, 0.447546, 0.044257, 1.932564, -0.412932, 0.85509, -0.313542, 2.308432, 0.0, 0.0, 0.0, 1.0],
                [-0.129578, 0.273158, 0.953202, 0.061288, 0.897648, 0.440693, -0.004263, 1.967134, -0.421234, 0.855087, -0.302304, 2.308443, 0.0, 0.0, 0.0, 1.0],
                [-0.061384, 0.283936, 0.956876, 0.055661, 0.901884, 0.426482, -0.068695, 2.02134, -0.427595, 0.858774, -0.282257, 2.290597, 0.0, 0.0, 0.0, 1.0],
                [0.037559, 0.291061, 0.955967, 0.049835, 0.902949, 0.399946, -0.157246, 2.106237, -0.428103, 0.869096, -0.247792, 2.240032, 0.0, 0.0, 0.0, 1.0],
                [0.163864, 0.291691, 0.942372, 0.043908, 0.892852, 0.362361, -0.267414, 2.216268, -0.419481, 0.885218, -0.201058, 2.161206, 0.0, 0.0, 0.0, 1.0],
                [0.311324, 0.282429, 0.907365, 0.037978, 0.862935, 0.315893, -0.394405, 2.345879, -0.398022, 0.905784, -0.145373, 2.058578, 0.0, 0.0, 0.0, 1.0],
                [0.469593, 0.260257, 0.843652, 0.032144, 0.80581, 0.264122, -0.530009, 2.489513, -0.360766, 0.928712, -0.085688, 1.936608, 0.0, 0.0, 0.0, 1.0],
                [0.624573, 0.223801, 0.748213, 0.026505, 0.71811, 0.211993, -0.662855, 2.641615, -0.306964, 0.9513, -0.028308, 1.799755, 0.0, 0.0, 0.0, 1.0],
                [0.761188, 0.174409, 0.624639, 0.021159, 0.602817, 0.164931, -0.780647, 2.79663, -0.239175, 0.970762, 0.020407, 1.652476, 0.0, 0.0, 0.0, 1.0],
                [0.867752, 0.116289, 0.483201, 0.016206, 0.469462, 0.127332, -0.873723, 2.949001, -0.163132, 0.985019, 0.0559, 1.499232, 0.0, 0.0, 0.0, 1.0],
                [0.939488, 0.055408, 0.338071, 0.011744, 0.331557, 0.101275, -0.937984, 3.093173, -0.08621, 0.993314, 0.076776, 1.34448, 0.0, 0.0, 0.0, 1.0],
                [0.979128, -0.002231, 0.203232, 0.007872, 0.202664, 0.086209, -0.975446, 3.22359, -0.015344, 0.996275, 0.084862, 1.192681, 0.0, 0.0, 0.0, 1.0],
                [0.994637, -0.051904, 0.089462, 0.004689, 0.093421, 0.07966, -0.992435, 3.334696, 0.044384, 0.99547, 0.084082, 1.048292, 0.0, 0.0, 0.0, 1.0],
                [0.995886, -0.090546, 0.003601, 0.002292, 0.010729, 0.078362, -0.996867, 3.420936, 0.08998, 0.992805, 0.079011, 0.915774, 0.0, 0.0, 0.0, 1.0],
                [0.991936, -0.116322, -0.050329, 0.000782, -0.041246, 0.079217, -0.996004, 3.476755, 0.119844, 0.990047, 0.07378, 0.799584, 0.0, 0.0, 0.0, 1.0],
                [0.989379, -0.127829, -0.069203, 0.000257, -0.059275, 0.079902, -0.995039, 3.496596, 0.132724, 0.988572, 0.071476, 0.704182, 0.0, 0.0, 0.0, 1.0],
                [0.989022, -0.130498, -0.069321, 0.000257, -0.05635, 0.100597, -0.99333, 3.491701, 0.136601, 0.986332, 0.092139, 0.632654, 0.0, 0.0, 0.0, 1.0],
                [0.988915, -0.131243, -0.069444, 0.000257, -0.04914, 0.152058, -0.987149, 3.479465, 0.140116, 0.979619, 0.143923, 0.582598, 0.0, 0.0, 0.0, 1.0],
                [0.988982, -0.130702, -0.069505, 0.000257, -0.039662, 0.218408, -0.975051, 3.463557, 0.142621, 0.967065, 0.210817, 0.550237, 0.0, 0.0, 0.0, 1.0],
                [0.989142, -0.129523, -0.06944, 0.000257, -0.030129, 0.283748, -0.958426, 3.44765, 0.143842, 0.950111, 0.276764, 0.531797, 0.0, 0.0, 0.0, 1.0],
                [0.989305, -0.128356, -0.069291, 0.000257, -0.022811, 0.333047, -0.942634, 3.435413, 0.14407, 0.934133, 0.326557, 0.523501, 0.0, 0.0, 0.0, 1.0],
                [0.989379, -0.127829, -0.069203, 0.000257, -0.0199, 0.352484, -0.935606, 3.430519, 0.143991, 0.927046, 0.346196, 0.521575, 0.0, 0.0, 0.0, 1.0],
                [0.989379, -0.127829, -0.069203, 0.000257, -0.0199, 0.352484, -0.935606, 3.430519, 0.143991, 0.927046, 0.346196, 0.521575, 0.0, 0.0, 0.0, 1.0],
                [0.989379, -0.127829, -0.069203, 0.000257, -0.0199, 0.352484, -0.935606, 3.430519, 0.143991, 0.927046, 0.346196, 0.521575, 0.0, 0.0, 0.0, 1.0],
                [0.989379, -0.127829, -0.069203, 0.000257, -0.0199, 0.352484, -0.935606, 3.430519, 0.143991, 0.927046, 0.346196, 0.521575, 0.0, 0.0, 0.0, 1.0],
                [0.989379, -0.127829, -0.069203, 0.000257, -0.0199, 0.352484, -0.935606, 3.430519, 0.143991, 0.927046, 0.346196, 0.521575, 0.0, 0.0, 0.0, 1.0],
                [0.989379, -0.127829, -0.069203, 0.000257, -0.0199, 0.352484, -0.935606, 3.430519, 0.143991, 0.927046, 0.346196, 0.521575, 0.0, 0.0, 0.0, 1.0],
                [0.989379, -0.127829, -0.069203, 0.000257, -0.0199, 0.352484, -0.935606, 3.430519, 0.143991, 0.927046, 0.346196, 0.521575, 0.0, 0.0, 0.0, 1.0],
                [0.989379, -0.127829, -0.069203, 0.000257, -0.0199, 0.352484, -0.935606, 3.430519, 0.143991, 0.927046, 0.346196, 0.521575, 0.0, 0.0, 0.0, 1.0],
                [0.989379, -0.127829, -0.069203, 0.000257, -0.0199, 0.352484, -0.935606, 3.430519, 0.143991, 0.927046, 0.346196, 0.521575, 0.0, 0.0, 0.0, 1.0],
                [0.989379, -0.127829, -0.069203, 0.000257, -0.0199, 0.352484, -0.935606, 3.430519, 0.143991, 0.927046, 0.346196, 0.521575, 0.0, 0.0, 0.0, 1.0],
                [0.989379, -0.127829, -0.069203, 0.000257, -0.0199, 0.352484, -0.935606, 3.430519, 0.143991, 0.927046, 0.346196, 0.521575, 0.0, 0.0, 0.0, 1.0],
                [0.989379, -0.127829, -0.069203, 0.000257, -0.0199, 0.352484, -0.935606, 3.430519, 0.143991, 0.927046, 0.346196, 0.521575, 0.0, 0.0, 0.0, 1.0],
                [0.989379, -0.127829, -0.069203, 0.000257, -0.0199, 0.352484, -0.935606, 3.430519, 0.143991, 0.927046, 0.346196, 0.521575, 0.0, 0.0, 0.0, 1.0],
                [0.989379, -0.127829, -0.069203, 0.000257, -0.0199, 0.352484, -0.935606, 3.430519, 0.143991, 0.927046, 0.346196, 0.521575, 0.0, 0.0, 0.0, 1.0],
                [0.989379, -0.127829, -0.069203, 0.000257, -0.0199, 0.352484, -0.935606, 3.430519, 0.143991, 0.927046, 0.346196, 0.521575, 0.0, 0.0, 0.0, 1.0],
                [0.989379, -0.127829, -0.069203, 0.000257, -0.0199, 0.352484, -0.935606, 3.430519, 0.143991, 0.927046, 0.346197, 0.521575, 0.0, 0.0, 0.0, 1.0],
                [0.989379, -0.127829, -0.069203, 0.000257, -0.0199, 0.352484, -0.935606, 3.430519, 0.143991, 0.927046, 0.346196, 0.521575, 0.0, 0.0, 0.0, 1.0],
                [0.989379, -0.127829, -0.069203, 0.000257, -0.0199, 0.352484, -0.935606, 3.430519, 0.143991, 0.927046, 0.346196, 0.521575, 0.0, 0.0, 0.0, 1.0],
                [0.989379, -0.127829, -0.069203, 0.000257, -0.0199, 0.352484, -0.935606, 3.430519, 0.143991, 0.927046, 0.346197, 0.521575, 0.0, 0.0, 0.0, 1.0],
                [0.989379, -0.127829, -0.069203, 0.000257, -0.0199, 0.352484, -0.935606, 3.430519, 0.143991, 0.927046, 0.346196, 0.521575, 0.0, 0.0, 0.0, 1.0],
                [0.989379, -0.127829, -0.069203, 0.000257, -0.0199, 0.352484, -0.935606, 3.430519, 0.143991, 0.927046, 0.346196, 0.521575, 0.0, 0.0, 0.0, 1.0],
                [0.989379, -0.127829, -0.069203, 0.000257, -0.0199, 0.352484, -0.935606, 3.430519, 0.143991, 0.927046, 0.346197, 0.521575, 0.0, 0.0, 0.0, 1.0],
                [0.989379, -0.127829, -0.069203, 0.000257, -0.0199, 0.352484, -0.935606, 3.430519, 0.143991, 0.927046, 0.346196, 0.521575, 0.0, 0.0, 0.0, 1.0],
                [0.989379, -0.127829, -0.069203, 0.000257, -0.0199, 0.352484, -0.935606, 3.430519, 0.143991, 0.927046, 0.346196, 0.521575, 0.0, 0.0, 0.0, 1.0],
                [0.989379, -0.127829, -0.069203, 0.000257, -0.0199, 0.352484, -0.935606, 3.430519, 0.143991, 0.927046, 0.346197, 0.521575, 0.0, 0.0, 0.0, 1.0],
                [0.989379, -0.127829, -0.069203, 0.000257, -0.0199, 0.352484, -0.935606, 3.430519, 0.143991, 0.927046, 0.346196, 0.521575, 0.0, 0.0, 0.0, 1.0],
                [0.989379, -0.127829, -0.069203, 0.000257, -0.0199, 0.352484, -0.935606, 3.430519, 0.143991, 0.927046, 0.346196, 0.521575, 0.0, 0.0, 0.0, 1.0],
                [0.989379, -0.127829, -0.069203, 0.000257, -0.0199, 0.352484, -0.935606, 3.430519, 0.143991, 0.927046, 0.346197, 0.521575, 0.0, 0.0, 0.0, 1.0],
                [0.989379, -0.127829, -0.069203, 0.000257, -0.0199, 0.352484, -0.935606, 3.430519, 0.143991, 0.927046, 0.346196, 0.521575, 0.0, 0.0, 0.0, 1.0],
                [0.989379, -0.127829, -0.069203, 0.000257, -0.0199, 0.352484, -0.935606, 3.430519, 0.143991, 0.927046, 0.346196, 0.521575, 0.0, 0.0, 0.0, 1.0],
                [0.989379, -0.127829, -0.069203, 0.000257, -0.0199, 0.352484, -0.935606, 3.430519, 0.143991, 0.927046, 0.346197, 0.521575, 0.0, 0.0, 0.0, 1.0],
                [0.989379, -0.127829, -0.069203, 0.000257, -0.0199, 0.352484, -0.935606, 3.430519, 0.143991, 0.927046, 0.346196, 0.521575, 0.0, 0.0, 0.0, 1.0],
                [0.989379, -0.127829, -0.069203, 0.000257, -0.0199, 0.352484, -0.935606, 3.430519, 0.143991, 0.927046, 0.346196, 0.521575, 0.0, 0.0, 0.0, 1.0],
                [0.989379, -0.127829, -0.069203, 0.000257, -0.0199, 0.352484, -0.935606, 3.430519, 0.143991, 0.927046, 0.346197, 0.521575, 0.0, 0.0, 0.0, 1.0],
                [0.989379, -0.127829, -0.069203, 0.000257, -0.0199, 0.352484, -0.935606, 3.430519, 0.143991, 0.927046, 0.346196, 0.521575, 0.0, 0.0, 0.0, 1.0],
                [0.989379, -0.127829, -0.069203, 0.000257, -0.0199, 0.352484, -0.935606, 3.430519, 0.143991, 0.927046, 0.346196, 0.521575, 0.0, 0.0, 0.0, 1.0],
                [0.989379, -0.127829, -0.069203, 0.000257, -0.0199, 0.352484, -0.935606, 3.430519, 0.143991, 0.927046, 0.346197, 0.521575, 0.0, 0.0, 0.0, 1.0],
                [0.989379, -0.127829, -0.069203, 0.000257, -0.0199, 0.352484, -0.935606, 3.430519, 0.143991, 0.927046, 0.346196, 0.521575, 0.0, 0.0, 0.0, 1.0],
                [0.989379, -0.127829, -0.069203, 0.000257, -0.0199, 0.352484, -0.935606, 3.430519, 0.143991, 0.927046, 0.346196, 0.521575, 0.0, 0.0, 0.0, 1.0],
                [0.989379, -0.127829, -0.069203, 0.000257, -0.0199, 0.352484, -0.935606, 3.430519, 0.143991, 0.927046, 0.346197, 0.521575, 0.0, 0.0, 0.0, 1.0],
                [0.989379, -0.127829, -0.069203, 0.000257, -0.0199, 0.352484, -0.935606, 3.430519, 0.143991, 0.927046, 0.346196, 0.521575, 0.0, 0.0, 0.0, 1.0],
                [0.989379, -0.127829, -0.069203, 0.000257, -0.0199, 0.352484, -0.935606, 3.430519, 0.143991, 0.927046, 0.346196, 0.521575, 0.0, 0.0, 0.0, 1.0],
                [0.989379, -0.127829, -0.069203, 0.000257, -0.0199, 0.352484, -0.935606, 3.430519, 0.143991, 0.927046, 0.346197, 0.521575, 0.0, 0.0, 0.0, 1.0],
                [0.989379, -0.127829, -0.069203, 0.000257, -0.0199, 0.352484, -0.935606, 3.430519, 0.143991, 0.927046, 0.346196, 0.521575, 0.0, 0.0, 0.0, 1.0],
                [0.989379, -0.127829, -0.069203, 0.000257, -0.0199, 0.352484, -0.935606, 3.430519, 0.143991, 0.927046, 0.346196, 0.521575, 0.0, 0.0, 0.0, 1.0],
                [0.989379, -0.127829, -0.069203, 0.000257, -0.0199, 0.352484, -0.935606, 3.430519, 0.143991, 0.927046, 0.346197, 0.521575, 0.0, 0.0, 0.0, 1.0],
                [0.989379, -0.127829, -0.069203, 0.000257, -0.0199, 0.352484, -0.935606, 3.430519, 0.143991, 0.927046, 0.346196, 0.521575, 0.0, 0.0, 0.0, 1.0],
                [0.989379, -0.127829, -0.069203, 0.000257, -0.0199, 0.352484, -0.935606, 3.430519, 0.143991, 0.927046, 0.346196, 0.521575, 0.0, 0.0, 0.0, 1.0],
                [0.989379, -0.127829, -0.069203, 0.000257, -0.0199, 0.352484, -0.935606, 3.430519, 0.143991, 0.927046, 0.346197, 0.521575, 0.0, 0.0, 0.0, 1.0],
                [0.989379, -0.127829, -0.069203, 0.000257, -0.0199, 0.352484, -0.935606, 3.430519, 0.143991, 0.927046, 0.346196, 0.521575, 0.0, 0.0, 0.0, 1.0],
                [0.989379, -0.127829, -0.069203, 0.000257, -0.0199, 0.352484, -0.935606, 3.430519, 0.143991, 0.927046, 0.346196, 0.521575, 0.0, 0.0, 0.0, 1.0],
                [0.989379, -0.127829, -0.069203, 0.000257, -0.0199, 0.352484, -0.935606, 3.430519, 0.143991, 0.927046, 0.346197, 0.521575, 0.0, 0.0, 0.0, 1.0],
                [0.989379, -0.127829, -0.069203, 0.000257, -0.0199, 0.352484, -0.935606, 3.430519, 0.143991, 0.927046, 0.346196, 0.521575, 0.0, 0.0, 0.0, 1.0],
                [0.989379, -0.127829, -0.069203, 0.000257, -0.0199, 0.352484, -0.935606, 3.430519, 0.143991, 0.927046, 0.346196, 0.521575, 0.0, 0.0, 0.0, 1.0],
                [0.989379, -0.127829, -0.069203, 0.000257, -0.0199, 0.352484, -0.935606, 3.430519, 0.143991, 0.927046, 0.346197, 0.521575, 0.0, 0.0, 0.0, 1.0],
                [0.989375, -0.127932, -0.069066, 0.000263, -0.020074, 0.350298, -0.936423, 3.430521, 0.143992, 0.92786, 0.344008, 0.521701, 0.0, 0.0, 0.0, 1.0],
                [0.989368, -0.128204, -0.068669, 0.000283, -0.020579, 0.343999, -0.938745, 3.430529, 0.143973, 0.930177, 0.337703, 0.522074, 0.0, 0.0, 0.0, 1.0],
                [0.989362, -0.128591, -0.068026, 0.000315, -0.021388, 0.333953, -0.942347, 3.430541, 0.143895, 0.933777, 0.327651, 0.522683, 0.0, 0.0, 0.0, 1.0],
                [0.989364, -0.129034, -0.067154, 0.000359, -0.022475, 0.320518, -0.946976, 3.430558, 0.143716, 0.938413, 0.314209, 0.523519, 0.0, 0.0, 0.0, 1.0],
                [0.989379, -0.129474, -0.066069, 0.000414, -0.023809, 0.304043, -0.952361, 3.430579, 0.143394, 0.943819, 0.297731, 0.524572, 0.0, 0.0, 0.0, 1.0],
                [0.989414, -0.129851, -0.064791, 0.00048, -0.025361, 0.284885, -0.958226, 3.430605, 0.142884, 0.949726, 0.278576, 0.525833, 0.0, 0.0, 0.0, 1.0],
                [0.989475, -0.130104, -0.063341, 0.000556, -0.027095, 0.263411, -0.964303, 3.430634, 0.142144, 0.95587, 0.257113, 0.527292, 0.0, 0.0, 0.0, 1.0],
                [0.989567, -0.130173, -0.061745, 0.000642, -0.028974, 0.240007, -0.970339, 3.430668, 0.141131, 0.962004, 0.233731, 0.528939, 0.0, 0.0, 0.0, 1.0],
                [0.989695, -0.129999, -0.060034, 0.000738, -0.030959, 0.215077, -0.976106, 3.430705, 0.139805, 0.967906, 0.208836, 0.530765, 0.0, 0.0, 0.0, 1.0],
                [0.989864, -0.129526, -0.05824, 0.000842, -0.033005, 0.189049, -0.981413, 3.430745, 0.138129, 0.973388, 0.182858, 0.53276, 0.0, 0.0, 0.0, 1.0],
                [0.990078, -0.128701, -0.056403, 0.000955, -0.03507, 0.162367, -0.986107, 3.430789, 0.136071, 0.978301, 0.156242, 0.534914, 0.0, 0.0, 0.0, 1.0],
                [0.99034, -0.127471, -0.054562, 0.001075, -0.037107, 0.135494, -0.990083, 3.430836, 0.1336, 0.982544, 0.129455, 0.537218, 0.0, 0.0, 0.0, 1.0],
                [0.990653, -0.125791, -0.05276, 0.001203, -0.039072, 0.108904, -0.993284, 3.430885, 0.130692, 0.986061, 0.102971, 0.539662, 0.0, 0.0, 0.0, 1.0],
                [0.991016, -0.123617, -0.051041, 0.001338, -0.040919, 0.083079, -0.995703, 3.430938, 0.127327, 0.988846, 0.077274, 0.542236, 0.0, 0.0, 0.0, 1.0],
                [0.991431, -0.12091, -0.049448, 0.001479, -0.042609, 0.058504, -0.997377, 3.430992, 0.123486, 0.990938, 0.052851, 0.544931, 0.0, 0.0, 0.0, 1.0],
                [0.991895, -0.117632, -0.04802, 0.001626, -0.044105, 0.035662, -0.99839, 3.431049, 0.119155, 0.992417, 0.030185, 0.547737, 0.0, 0.0, 0.0, 1.0],
                [0.992407, -0.11375, -0.046795, 0.001778, -0.045376, 0.01503, -0.998857, 3.431108, 0.114323, 0.993396, 0.009755, 0.550644, 0.0, 0.0, 0.0, 1.0],
                [0.994914, -0.100732, 0.0, 0.001935, 0.0, -0.0, -1.0, 3.431169, 0.100732, 0.994914, -0.0, 0.553643, 0.0, 0.0, 0.0, 1.0],
                [0.993899, -0.10021, -0.046074, 0.002096, -0.046074, 0.002316, -0.998935, 3.431231, 0.10021, 0.994964, -0.002316, 0.556724, 0.0, 0.0, 0.0, 1.0],
                [0.991266, -0.098716, -0.08745, 0.002261, -0.08745, 0.004335, -0.996159, 3.431295, 0.098716, 0.995106, -0.004335, 0.559878, 0.0, 0.0, 0.0, 1.0],
                [0.987418, -0.096318, -0.125411, 0.002429, -0.125411, 0.006078, -0.992086, 3.43136, 0.096318, 0.995332, -0.006078, 0.563094, 0.0, 0.0, 0.0, 1.0],
                [0.982564, -0.093043, -0.160967, 0.0026, -0.160967, 0.007554, -0.986931, 3.431427, 0.093043, 0.995633, -0.007554, 0.566363, 0.0, 0.0, 0.0, 1.0],
                [0.976781, -0.088889, -0.19493, 0.002773, -0.19493, 0.008765, -0.980778, 3.431494, 0.088889, 0.996003, -0.008765, 0.569676, 0.0, 0.0, 0.0, 1.0],
                [0.970054, -0.083835, -0.227964, 0.002948, -0.227964, 0.009701, -0.973621, 3.431562, 0.083835, 0.996432, -0.009701, 0.573023, 0.0, 0.0, 0.0, 1.0],
                [0.9623, -0.077853, -0.260608, 0.003125, -0.260608, 0.01034, -0.965389, 3.43163, 0.077853, 0.996911, -0.01034, 0.576394, 0.0, 0.0, 0.0, 1.0],
                [0.953392, -0.070921, -0.293281, 0.003302, -0.293281, 0.010648, -0.955967, 3.431699, 0.070921, 0.997425, -0.010648, 0.579779, 0.0, 0.0, 0.0, 1.0],
                [0.943175, -0.063041, -0.326262, 0.003479, -0.326262, 0.010585, -0.94522, 3.431767, 0.063041, 0.997955, -0.010585, 0.583169, 0.0, 0.0, 0.0, 1.0],
                [0.931507, -0.054264, -0.359652, 0.003656, -0.359652, 0.010104, -0.933032, 3.431836, 0.054264, 0.998475, -0.010104, 0.586554, 0.0, 0.0, 0.0, 1.0],
                [0.918316, -0.044732, -0.393312, 0.003833, -0.393312, 0.009171, -0.919359, 3.431905, 0.044732, 0.998957, -0.009171, 0.589925, 0.0, 0.0, 0.0, 1.0],
                [0.903688, -0.034718, -0.426782, 0.004008, -0.426782, 0.007783, -0.904321, 3.431972, 0.034718, 0.999367, -0.007783, 0.593272, 0.0, 0.0, 0.0, 1.0],
                [0.88799, -0.024675, -0.4592, 0.004181, -0.4592, 0.006001, -0.888313, 3.432039, 0.024675, 0.999678, -0.006001, 0.596585, 0.0, 0.0, 0.0, 1.0],
                [0.872004, -0.01527, -0.489261, 0.004352, -0.489261, 0.003991, -0.872128, 3.432106, 0.01527, 0.999875, -0.003991, 0.599854, 0.0, 0.0, 0.0, 1.0],
                [0.856998, -0.007372, -0.515267, 0.00452, -0.515267, 0.002046, -0.857027, 3.432171, 0.007372, 0.999971, -0.002046, 0.60307, 0.0, 0.0, 0.0, 1.0],
                [0.844657, -0.00197, -0.535303, 0.004685, -0.535303, 0.000572, -0.84466, 3.432235, 0.00197, 0.999998, -0.000572, 0.606224, 0.0, 0.0, 0.0, 1.0],
                [0.836755, -0.0, -0.547577, 0.004847, -0.547577, -0.0, -0.836755, 3.432297, 0.0, 1.0, -0.0, 0.609305, 0.0, 0.0, 0.0, 1.0],
                [0.834092, 0.0, -0.551625, 0.005003, -0.551625, 0.0, -0.834092, 3.432358, -0.0, 1.0, 0.0, 0.612304, 0.0, 0.0, 0.0, 1.0],
                [0.836041, -0.0, -0.548667, 0.005156, -0.548667, 0.0, -0.836041, 3.432417, 0.0, 1.0, 0.0, 0.615211, 0.0, 0.0, 0.0, 1.0],
                [0.841594, -0.0, -0.540111, 0.005302, -0.540111, 0.0, -0.841594, 3.432474, 0.0, 1.0, -0.0, 0.618017, 0.0, 0.0, 0.0, 1.0],
                [0.849524, -0.0, -0.527551, 0.005443, -0.527551, 0.0, -0.849524, 3.432529, 0.0, 1.0, -0.0, 0.620712, 0.0, 0.0, 0.0, 1.0],
                [0.858685, 0.0, -0.512504, 0.005578, -0.512504, 0.0, -0.858685, 3.432581, 0.0, 1.0, 0.0, 0.623286, 0.0, 0.0, 0.0, 1.0],
                [0.868177, 0.0, -0.496254, 0.005706, -0.496254, 0.0, -0.868177, 3.432631, 0.0, 1.0, 0.0, 0.62573, 0.0, 0.0, 0.0, 1.0],
                [0.877382, 0.0, -0.479793, 0.005826, -0.479793, 0.0, -0.877382, 3.432677, 0.0, 1.0, 0.0, 0.628034, 0.0, 0.0, 0.0, 1.0],
                [0.885924, 0.0, -0.46383, 0.005939, -0.46383, 0.0, -0.885924, 3.432721, 0.0, 1.0, 0.0, 0.630188, 0.0, 0.0, 0.0, 1.0],
                [0.893613, 0.0, -0.448838, 0.006043, -0.448838, 0.0, -0.893613, 3.432761, 0.0, 1.0, 0.0, 0.632183, 0.0, 0.0, 0.0, 1.0],
                [0.900378, 0.0, -0.435109, 0.006139, -0.435109, 0.0, -0.900378, 3.432798, 0.0, 1.0, 0.0, 0.634009, 0.0, 0.0, 0.0, 1.0],
                [0.90622, 0.0, -0.422806, 0.006225, -0.422806, 0.0, -0.90622, 3.432832, 0.0, 1.0, 0.0, 0.635656, 0.0, 0.0, 0.0, 1.0],
                [0.911177, 0.0, -0.412015, 0.006301, -0.412015, 0.0, -0.911177, 3.432861, 0.0, 1.0, 0.0, 0.637115, 0.0, 0.0, 0.0, 1.0],
                [0.915301, 0.0, -0.40277, 0.006367, -0.40277, 0.0, -0.915301, 3.432887, 0.0, 1.0, 0.0, 0.638376, 0.0, 0.0, 0.0, 1.0],
                [0.918642, 0.0, -0.395091, 0.006423, -0.395091, 0.0, -0.918642, 3.432908, 0.0, 1.0, 0.0, 0.639429, 0.0, 0.0, 0.0, 1.0],
                [0.92124, 0.0, -0.388994, 0.006466, -0.388994, 0.0, -0.92124, 3.432925, 0.0, 1.0, 0.0, 0.640265, 0.0, 0.0, 0.0, 1.0],
                [0.923118, 0.0, -0.384517, 0.006498, -0.384517, 0.0, -0.923118, 3.432937, 0.0, 1.0, 0.0, 0.640874, 0.0, 0.0, 0.0, 1.0],
                [0.924273, 0.0, -0.381732, 0.006518, -0.381732, 0.0, -0.924273, 3.432945, 0.0, 1.0, 0.0, 0.641247, 0.0, 0.0, 0.0, 1.0]
            ]
        },
        {
            "name": "Thigh_R",
            "time": [0.0, 0.0167, 0.0333, 0.05, 0.0667, 0.0833, 0.1, 0.1167, 0.1333, 0.15, 0.1667, 0.1833, 0.2, 0.2167, 0.2333, 0.25, 0.2667, 0.2833, 0.3, 0.3167, 0.3333, 0.35, 0.3667, 0.3833, 0.4, 0.4167, 0.4333, 0.45, 0.4667, 0.4833, 0.5, 0.5167, 0.5333, 0.55, 0.5667, 0.5833, 0.6, 0.6167, 0.6333, 0.65, 0.6667, 0.6833, 0.7, 0.7167, 0.7333, 0.75, 0.7667, 0.7833, 0.8, 0.8167, 0.8333, 0.85, 0.8667, 0.8833, 0.9, 0.9167, 0.9333, 0.95, 0.9667, 0.9833, 1.0, 1.0167, 1.0333, 1.05, 1.0667, 1.0833, 1.1, 1.1167, 1.1333, 1.15, 1.1667, 1.1833, 1.2, 1.2167, 1.2333, 1.25, 1.2667, 1.2833, 1.3, 1.3167, 1.3333, 1.35, 1.3667, 1.3833, 1.4, 1.4167, 1.4333, 1.45, 1.4667, 1.4833, 1.5, 1.5167, 1.5333, 1.55, 1.5667, 1.5833, 1.6, 1.6167, 1.6333, 1.65, 1.6667, 1.6833, 1.7, 1.7167, 1.7333, 1.75, 1.7667, 1.7833, 1.8, 1.8167, 1.8333, 1.85, 1.8667, 1.8833, 1.9, 1.9167, 1.9333, 1.95, 1.9667, 1.9833, 2.0, 2.0167, 2.0333, 2.05, 2.0667, 2.0833, 2.1, 2.1167, 2.1333, 2.15, 2.1667, 2.1833, 2.2, 2.2167, 2.2333, 2.25, 2.2667, 2.2833, 2.3, 2.3167, 2.3333, 2.35, 2.3667, 2.3833, 2.4, 2.4167, 2.4333, 2.45, 2.4667, 2.4833, 2.5, 2.5167, 2.5333, 2.55, 2.5667, 2.5833, 2.6, 2.6167, 2.6333, 2.65, 2.6667, 2.6833, 2.7, 2.7167, 2.7333, 2.75, 2.7667, 2.7833, 2.8, 2.8167, 2.8333, 2.85, 2.8667, 2.8833, 2.9, 2.9167, 2.9333, 2.95, 2.9667, 2.9833, 3.0, 3.0167, 3.0333, 3.05],
            "transform": [
                [0.5788, -0.020163, -0.81522, 0.124994, 0.638165, -0.611167, 0.468209, -0.002831, -0.507676, -0.791245, -0.340876, -1.2e-05, 0.0, 0.0, 0.0, 1.0],
                [0.5851, -0.026906, -0.810514, 0.124994, 0.634404, -0.60739, 0.478131, -0.002831, -0.505163, -0.793948, -0.338315, -1.2e-05, 0.0, 0.0, 0.0, 1.0],
                [0.602916, -0.045287, -0.796518, 0.124994, 0.623219, -0.596579, 0.505659, -0.002831, -0.498086, -0.801276, -0.331463, -1.2e-05, 0.0, 0.0, 0.0, 1.0],
                [0.631664, -0.069856, -0.772088, 0.124994, 0.604339, -0.579423, 0.546848, -0.002831, -0.485567, -0.812028, -0.323784, -1.2e-05, 0.0, 0.0, 0.0, 1.0],
                [0.671036, -0.092458, -0.735637, 0.124994, 0.577503, -0.557061, 0.596802, -0.002831, -0.464974, -0.825309, -0.320414, -1.2e-05, 0.0, 0.0, 0.0, 1.0],
                [0.719056, -0.103623, -0.687183, 0.124994, 0.543661, -0.532063, 0.649108, -0.002831, -0.432887, -0.84034, -0.326248, -1.2e-05, 0.0, 0.0, 0.0, 1.0],
                [0.769427, -0.095464, -0.63156, 0.124994, 0.5072, -0.509684, 0.694961, -0.002831, -0.38824, -0.855049, -0.343746, -1.2e-05, 0.0, 0.0, 0.0, 1.0],
                [0.810352, -0.066872, -0.582115, 0.124994, 0.478372, -0.498189, 0.723165, -0.002831, -0.338363, -0.864486, -0.371719, -1.2e-05, 0.0, 0.0, 0.0, 1.0],
                [0.828188, -0.02676, -0.559811, 0.124994, 0.47165, -0.506277, 0.721963, -0.002831, -0.302739, -0.861956, -0.406671, -1.2e-05, 0.0, 0.0, 0.0, 1.0],
                [0.812382, 0.012662, -0.582988, 0.124994, 0.496785, -0.538552, 0.680563, -0.002831, -0.305352, -0.842497, -0.443801, -1.2e-05, 0.0, 0.0, 0.0, 1.0],
                [0.781319, 0.039243, -0.622897, 0.124994, 0.525783, -0.579136, 0.623019, -0.002831, -0.336293, -0.814286, -0.473123, -1.2e-05, 0.0, 0.0, 0.0, 1.0],
                [0.759969, 0.046798, -0.648272, 0.124994, 0.535408, -0.610548, 0.583584, -0.002831, -0.368491, -0.790596, -0.489054, -1.2e-05, 0.0, 0.0, 0.0, 1.0],
                [0.748469, 0.040997, -0.661902, 0.124994, 0.53267, -0.631711, 0.563208, -0.002831, -0.395041, -0.774119, -0.494654, -1.2e-05, 0.0, 0.0, 0.0, 1.0],
                [0.746628, 0.030299, -0.664551, 0.124994, 0.523931, -0.642356, 0.559353, -0.002831, -0.40993, -0.765808, -0.495475, -1.2e-05, 0.0, 0.0, 0.0, 1.0],
                [0.753858, 0.023492, -0.656618, 0.124994, 0.514484, -0.642685, 0.567682, -0.002831, -0.408662, -0.765771, -0.496579, -1.2e-05, 0.0, 0.0, 0.0, 1.0],
                [0.767791, 0.026315, -0.64016, 0.124994, 0.507931, -0.634002, 0.583136, -0.002831, -0.390517, -0.772883, -0.500147, -1.2e-05, 0.0, 0.0, 0.0, 1.0],
                [0.783645, 0.038359, -0.620023, 0.124994, 0.505665, -0.619143, 0.600803, -0.002831, -0.360837, -0.784341, -0.504585, -1.2e-05, 0.0, 0.0, 0.0, 1.0],
                [0.7963, 0.053136, -0.602563, 0.124994, 0.507064, -0.601798, 0.617028, -0.002831, -0.329835, -0.796879, -0.506156, -1.2e-05, 0.0, 0.0, 0.0, 1.0],
                [0.803416, 0.062295, -0.59215, 0.124994, 0.510138, -0.584882, 0.630613, -0.002831, -0.307054, -0.808722, -0.501683, -1.2e-05, 0.0, 0.0, 0.0, 1.0],
                [0.806184, 0.05997, -0.588617, 0.124994, 0.511959, -0.569402, 0.64318, -0.002831, -0.296588, -0.81987, -0.489745, -1.2e-05, 0.0, 0.0, 0.0, 1.0],
                [0.807885, 0.043633, -0.587723, 0.124994, 0.508906, -0.554586, 0.658369, -0.002831, -0.297216, -0.830982, -0.470246, -1.2e-05, 0.0, 0.0, 0.0, 1.0],
                [0.812382, 0.012662, -0.582988, 0.124994, 0.496785, -0.538551, 0.680564, -0.00283, -0.305352, -0.842497, -0.4438, -1.2e-05, 0.0, 0.0, 0.0, 1.0],
                [0.818457, -0.025658, -0.573995, 0.124994, 0.477477, -0.525316, 0.704314, -0.002831, -0.3196, -0.85052, -0.417698, -1.2e-05, 0.0, 0.0, 0.0, 1.0],
                [0.824735, -0.060421, -0.562284, 0.124994, 0.455594, -0.518055, 0.723915, -0.002831, -0.335034, -0.853211, -0.39973, -1.2e-05, 0.0, 0.0, 0.0, 1.0],
                [0.834418, -0.087174, -0.544194, 0.124994, 0.430276, -0.513982, 0.742081, -0.002831, -0.344396, -0.85336, -0.391367, -1.2e-05, 0.0, 0.0, 0.0, 1.0],
                [0.850277, -0.102314, -0.516295, 0.124994, 0.400355, -0.51106, 0.760614, -0.00283, -0.341679, -0.853434, -0.393581, -1.2e-05, 0.0, 0.0, 0.0, 1.0],
                [0.874068, -0.10275, -0.474813, 0.124994, 0.364365, -0.507788, 0.780634, -0.002832, -0.321315, -0.855332, -0.406403, -1.2e-05, 0.0, 0.0, 0.0, 1.0],
                [0.905297, -0.086082, -0.415964, 0.124994, 0.320801, -0.503317, 0.802346, -0.002831, -0.278429, -0.859803, -0.428036, -1.2e-05, 0.0, 0.0, 0.0, 1.0],
                [0.939756, -0.051717, -0.33791, 0.124994, 0.269105, -0.497662, 0.82457, -0.002831, -0.210809, -0.865829, -0.453763, -1.2e-05, 0.0, 0.0, 0.0, 1.0],
                [0.969634, -0.002988, -0.244541, 0.124994, 0.211536, -0.491545, 0.84477, -0.002831, -0.122727, -0.870848, -0.475987, -1.2e-05, 0.0, 0.0, 0.0, 1.0],
                [0.987688, 0.051281, -0.147791, 0.124994, 0.153888, -0.488262, 0.859022, -0.002831, -0.02811, -0.871189, -0.490143, -1.2e-05, 0.0, 0.0, 0.0, 1.0],
                [0.992999, 0.103393, -0.057132, 0.124994, 0.100853, -0.490211, 0.865749, -0.002831, 0.061506, -0.86545, -0.497206, -1.2e-05, 0.0, 0.0, 0.0, 1.0],
                [0.988538, 0.149281, 0.022506, 0.124993, 0.055178, -0.496033, 0.866548, -0.002831, 0.140523, -0.855375, -0.498585, -1.2e-05, 0.0, 0.0, 0.0, 1.0],
                [0.97828, 0.187217, 0.088982, 0.124994, 0.017932, -0.504097, 0.863461, -0.002831, 0.206511, -0.843111, -0.496505, -1.2e-05, 0.0, 0.0, 0.0, 1.0],
                [0.965688, 0.217211, 0.142354, 0.124994, -0.011132, -0.513018, 0.858306, -0.002831, 0.259464, -0.830441, -0.492997, -1.2e-05, 0.0, 0.0, 0.0, 1.0],
                [0.953153, 0.240169, 0.183896, 0.124994, -0.03297, -0.521838, 0.852407, -0.00283, 0.300686, -0.818538, -0.489473, -1.2e-05, 0.0, 0.0, 0.0, 1.0],
                [0.942047, 0.257267, 0.215318, 0.124994, -0.048757, -0.53001, 0.846589, -0.002831, 0.331921, -0.808024, -0.48675, -1.2e-05, 0.0, 0.0, 0.0, 1.0],
                [0.933006, 0.269623, 0.238332, 0.124994, -0.059641, -0.537277, 0.841294, -0.002831, 0.354883, -0.799147, -0.485203, -1.2e-05, 0.0, 0.0, 0.0, 1.0],
                [0.926205, 0.278178, 0.254484, 0.124994, -0.066631, -0.543587, 0.836705, -0.002831, 0.371087, -0.791917, -0.484937, -1.2e-05, 0.0, 0.0, 0.0, 1.0],
                [0.921547, 0.283675, 0.265101, 0.124994, -0.070589, -0.548993, 0.832841, -0.002831, 0.381795, -0.786215, -0.485898, -1.2e-05, 0.0, 0.0, 0.0, 1.0],
                [0.91879, 0.286702, 0.27134, 0.124994, -0.072255, -0.553621, 0.829628, -0.00283, 0.388076, -0.781861, -0.487946, -1.2e-05, 0.0, 0.0, 0.0, 1.0],
                [0.917616, 0.287723, 0.274221, 0.124994, -0.072278, -0.557625, 0.82694, -0.002831, 0.390842, -0.778634, -0.49089, -1.2e-05, 0.0, 0.0, 0.0, 1.0],
                [0.917661, 0.287132, 0.274689, 0.124994, -0.071249, -0.561177, 0.824623, -0.00283, 0.390925, -0.776296, -0.494512, -1.2e-05, 0.0, 0.0, 0.0, 1.0],
                [0.918551, 0.285279, 0.273642, 0.124994, -0.069727, -0.564452, 0.822516, -0.002831, 0.389104, -0.774603, -0.498586, -1.2e-05, 0.0, 0.0, 0.0, 1.0],
                [0.919906, 0.282499, 0.271971, 0.124994, -0.068253, -0.567624, 0.820453, -0.002831, 0.386154, -0.773303, -0.50288, -1.2e-05, 0.0, 0.0, 0.0, 1.0],
                [0.921345, 0.27913, 0.270572, 0.124994, -0.067355, -0.570865, 0.818277, -0.002831, 0.382866, -0.77214, -0.507163, -1.2e-05, 0.0, 0.0, 0.0, 1.0],
                [0.922498, 0.27552, 0.270344, 0.124994, -0.067546, -0.574342, 0.815824, -0.002831, 0.380046, -0.770857, -0.511218, -1.2e-05, 0.0, 0.0, 0.0, 1.0],
                [0.922998, 0.272013, 0.272181, 0.124994, -0.069312, -0.578232, 0.812923, -0.002831, 0.378509, -0.769192, -0.514853, -1.2e-05, 0.0, 0.0, 0.0, 1.0],
                [0.92248, 0.268954, 0.276936, 0.124993, -0.073086, -0.582723, 0.809378, -0.002831, 0.379062, -0.766875, -0.517894, -1.2e-05, 0.0, 0.0, 0.0, 1.0],
                [0.920572, 0.266651, 0.285386, 0.124994, -0.079214, -0.588031, 0.80495, -0.002831, 0.382456, -0.763621, -0.520202, -1.2e-05, 0.0, 0.0, 0.0, 1.0],
