{
    "animation": [
        {
            "name": "Root",
            "time": [0.0, 0.0167, 0.0333, 0.05, 0.0667, 0.0833, 0.1, 0.1167, 0.1333, 0.15, 0.1667, 0.1833, 0.2, 0.2167, 0.2333, 0.25, 0.2667, 0.2833, 0.3, 0.3167, 0.3333, 0.35, 0.3667, 0.3833, 0.4, 0.4167, 0.4333, 0.45, 0.4667, 0.4833, 0.5, 0.5167, 0.5333, 0.55, 0.5667, 0.5833, 0.6, 0.6167, 0.6333, 0.65, 0.6667, 0.6833, 0.7, 0.7167, 0.7333, 0.75, 0.7667, 0.7833, 0.8, 0.8167, 0.8333, 0.85, 0.8667, 0.8833, 0.9, 0.9167, 0.9333, 0.95, 0.9667, 0.9833, 1.0, 1.0167, 1.0333, 1.05, 1.0667, 1.0833, 1.1, 1.1167, 1.1333, 1.15, 1.1667, 1.1833, 1.2, 1.2167, 1.2333, 1.25, 1.2667, 1.2833, 1.3, 1.3167, 1.3333, 1.35, 1.3667, 1.3833, 1.4, 1.4167, 1.4333, 1.45, 1.4667, 1.4833, 1.5, 1.5167, 1.5333, 1.55, 1.5667, 1.5833, 1.6, 1.6167, 1.6333, 1.65, 1.6667, 1.6833, 1.7, 1.7167, 1.7333, 1.75, 1.7667, 1.7833, 1.8, 1.8167, 1.8333, 1.85, 1.8667, 1.8833],
            "transform": [
                [-0.357076, 0.0, 0.934076, -5e-06, 0.934076, 0.0, 0.357076, 0.000946, 0.0, 1.0, 0.0, 0.44586, 0.0, 0.0, 0.0, 1.0],
                [-0.334693, 0.0, 0.942327, -0.002967, 0.942327, 0.0, 0.334693, -0.007923, 0.0, 1.0, 0.0, 0.452097, 0.0, 0.0, 0.0, 1.0],
                [-0.271541, 0.0, 0.962427, -0.010927, 0.962427, 0.0, 0.271541, -0.030796, 0.0, 1.0, 0.0, 0.468182, 0.0, 0.0, 0.0, 1.0],
                [-0.173154, 0.0, 0.984895, -0.022495, 0.984895, 0.0, 0.173154, -0.062072, 0.0, 1.0, 0.0, 0.490176, 0.0, 0.0, 0.0, 1.0],
                [-0.045781, 0.0, 0.998952, -0.036279, 0.998952, 0.0, 0.045781, -0.096149, 0.0, 1.0, 0.0, 0.514139, 0.0, 0.0, 0.0, 1.0],
                [0.102645, 0.0, 0.994718, -0.050891, 0.994718, 0.0, -0.102645, -0.127425, 0.0, 1.0, 0.0, 0.536133, 0.0, 0.0, 0.0, 1.0],
                [0.262657, 0.0, 0.964889, -0.06494, 0.964889, 0.0, -0.262657, -0.150298, 0.0, 1.0, 0.0, 0.552218, 0.0, 0.0, 0.0, 1.0],
                [0.424358, 0.0, 0.905494, -0.077035, 0.905494, 0.0, -0.424358, -0.159167, 0.0, 1.0, 0.0, 0.558455, 0.0, 0.0, 0.0, 1.0],
                [0.579109, 0.0, 0.81525, -0.086116, 0.81525, 0.0, -0.579109, -0.156162, 0.0, 1.0, 0.0, 0.558455, 0.0, 0.0, 0.0, 1.0],
                [0.720107, 0.0, 0.693863, -0.092446, 0.693863, 0.0, -0.720107, -0.14824, 0.0, 1.0, 0.0, 0.558455, 0.0, 0.0, 0.0, 1.0],
                [0.839628, 0.0, 0.543162, -0.096617, 0.543162, 0.0, -0.839628, -0.137039, 0.0, 1.0, 0.0, 0.558455, 0.0, 0.0, 0.0, 1.0],
                [0.929667, 0.0, 0.368402, -0.099221, 0.368402, 0.0, -0.929667, -0.124198, 0.0, 1.0, 0.0, 0.558455, 0.0, 0.0, 0.0, 1.0],
                [0.983933, 0.0, 0.178536, -0.100851, 0.178536, 0.0, -0.983933, -0.111358, 0.0, 1.0, 0.0, 0.558455, 0.0, 0.0, 0.0, 1.0],
                [0.999891, 0.0, -0.014771, -0.102098, -0.014771, 0.0, -0.999891, -0.100157, 0.0, 1.0, 0.0, 0.558455, 0.0, 0.0, 0.0, 1.0],
                [0.979944, 0.0, -0.199273, -0.103556, -0.199273, 0.0, -0.979944, -0.092234, 0.0, 1.0, 0.0, 0.558455, 0.0, 0.0, 0.0, 1.0],
                [0.931156, 0.0, -0.36462, -0.105816, -0.36462, 0.0, -0.931156, -0.089229, 0.0, 1.0, 0.0, 0.558455, 0.0, 0.0, 0.0, 1.0],
                [0.861931, 0.0, -0.507025, -0.109286, -0.507025, 0.0, -0.861931, -0.093245, 0.0, 1.0, 0.0, 0.558455, 0.0, 0.0, 0.0, 1.0],
                [0.778748, 0.0, -0.627337, -0.113636, -0.627337, 0.0, -0.778748, -0.103599, 0.0, 1.0, 0.0, 0.558455, 0.0, 0.0, 0.0, 1.0],
                [0.689162, 0.0, -0.724607, -0.11835, -0.724607, 0.0, -0.689162, -0.117758, 0.0, 1.0, 0.0, 0.558455, 0.0, 0.0, 0.0, 1.0],
                [0.602058, 0.0, -0.798453, -0.122914, -0.798453, 0.0, -0.602058, -0.133185, 0.0, 1.0, 0.0, 0.558455, 0.0, 0.0, 0.0, 1.0],
                [0.527417, 0.0, -0.849607, -0.126811, -0.849607, 0.0, -0.527417, -0.147344, 0.0, 1.0, 0.0, 0.558455, 0.0, 0.0, 0.0, 1.0],
                [0.475612, 0.0, -0.879655, -0.129528, -0.879655, 0.0, -0.475612, -0.157699, 0.0, 1.0, 0.0, 0.558455, 0.0, 0.0, 0.0, 1.0],
                [0.456431, 0.0, -0.889759, -0.130548, -0.889759, 0.0, -0.456431, -0.161714, 0.0, 1.0, 0.0, 0.558455, 0.0, 0.0, 0.0, 1.0],
                [0.456431, 0.0, -0.889759, -0.130548, -0.889759, 0.0, -0.456431, -0.146121, 0.0, 1.0, 0.0, 0.558678, 0.0, 0.0, 0.0, 1.0],
                [0.456431, 0.0, -0.889759, -0.130548, -0.889759, 0.0, -0.456431, -0.105909, 0.0, 1.0, 0.0, 0.559316, 0.0, 0.0, 0.0, 1.0],
                [0.456431, 0.0, -0.889759, -0.130548, -0.889759, 0.0, -0.456431, -0.050924, 0.0, 1.0, 0.0, 0.560318, 0.0, 0.0, 0.0, 1.0],
                [0.456431, 0.0, -0.889759, -0.130548, -0.889759, 0.0, -0.456431, 0.008984, 0.0, 1.0, 0.0, 0.561635, 0.0, 0.0, 0.0, 1.0],
                [0.456431, 0.0, -0.889759, -0.130548, -0.889759, 0.0, -0.456431, 0.063968, 0.0, 1.0, 0.0, 0.563218, 0.0, 0.0, 0.0, 1.0],
                [0.456431, 0.0, -0.889759, -0.130548, -0.889759, 0.0, -0.456431, 0.104181, 0.0, 1.0, 0.0, 0.565018, 0.0, 0.0, 0.0, 1.0],
                [0.456431, 0.0, -0.889759, -0.130548, -0.889759, 0.0, -0.456431, 0.119773, 0.0, 1.0, 0.0, 0.566985, 0.0, 0.0, 0.0, 1.0],
                [0.422974, 0.0, -0.906142, -0.134792, -0.906142, 0.0, -0.422974, 0.112371, 0.0, 1.0, 0.0, 0.569052, 0.0, 0.0, 0.0, 1.0],
                [0.331436, 0.0, -0.943478, -0.145403, -0.943478, 0.0, -0.331436, 0.093865, 0.0, 1.0, 0.0, 0.571084, 0.0, 0.0, 0.0, 1.0],
                [0.195296, 0.0, -0.980744, -0.159198, -0.980744, 0.0, -0.195296, 0.069808, 0.0, 1.0, 0.0, 0.57293, 0.0, 0.0, 0.0, 1.0],
                [0.03244, 0.0, -0.999474, -0.172992, -0.999474, 0.0, -0.03244, 0.045751, 0.0, 1.0, 0.0, 0.574436, 0.0, 0.0, 0.0, 1.0],
                [-0.135135, 0.0, -0.990827, -0.183603, -0.990827, 0.0, 0.135135, 0.027245, 0.0, 1.0, 0.0, 0.575452, 0.0, 0.0, 0.0, 1.0],
                [-0.286421, 0.0, -0.958104, -0.187848, -0.958104, 0.0, 0.286421, 0.019843, 0.0, 1.0, 0.0, 0.575824, 0.0, 0.0, 0.0, 1.0],
                [-0.416212, 0.0, -0.909267, -0.181581, -0.909267, 0.0, 0.416212, 0.019986, 0.0, 1.0, 0.0, 0.575824, 0.0, 0.0, 0.0, 1.0],
                [-0.530674, 0.0, -0.847576, -0.164036, -0.847576, 0.0, 0.530674, 0.020478, 0.0, 1.0, 0.0, 0.575824, 0.0, 0.0, 0.0, 1.0],
                [-0.630393, 0.0, -0.776276, -0.13709, -0.776276, 0.0, 0.630393, 0.021408, 0.0, 1.0, 0.0, 0.575824, 0.0, 0.0, 0.0, 1.0],
                [-0.716392, 0.0, -0.697698, -0.102625, -0.697698, 0.0, 0.716392, 0.022869, 0.0, 1.0, 0.0, 0.575824, 0.0, 0.0, 0.0, 1.0],
                [-0.7898, 0.0, -0.613365, -0.062521, -0.613365, 0.0, 0.7898, 0.024951, 0.0, 1.0, 0.0, 0.575824, 0.0, 0.0, 0.0, 1.0],
                [-0.851619, 0.0, -0.524161, -0.018657, -0.524161, 0.0, 0.851619, 0.027745, 0.0, 1.0, 0.0, 0.575824, 0.0, 0.0, 0.0, 1.0],
                [-0.902585, 0.0, -0.430512, 0.027088, -0.430512, 0.0, 0.902585, 0.031342, 0.0, 1.0, 0.0, 0.575824, 0.0, 0.0, 0.0, 1.0],
                [-0.943083, 0.0, -0.332558, 0.072832, -0.332558, 0.0, 0.943083, 0.035834, 0.0, 1.0, 0.0, 0.575824, 0.0, 0.0, 0.0, 1.0],
                [-0.973114, 0.0, -0.230326, 0.116696, -0.230326, 0.0, 0.973114, 0.041311, 0.0, 1.0, 0.0, 0.575824, 0.0, 0.0, 0.0, 1.0],
                [-0.992296, 0.0, -0.123896, 0.156801, -0.123896, 0.0, 0.992296, 0.047865, 0.0, 1.0, 0.0, 0.575824, 0.0, 0.0, 0.0, 1.0],
                [-0.999909, 0.0, -0.013566, 0.191266, -0.013566, 0.0, 0.999909, 0.055587, 0.0, 1.0, 0.0, 0.575824, 0.0, 0.0, 0.0, 1.0],
                [-0.994989, 0.0, 0.09999, 0.218211, 0.09999, 0.0, 0.994989, 0.064567, 0.0, 1.0, 0.0, 0.575824, 0.0, 0.0, 0.0, 1.0],
                [-0.976484, 0.0, 0.215592, 0.235757, 0.215592, 0.0, 0.976484, 0.074897, 0.0, 1.0, 0.0, 0.575824, 0.0, 0.0, 0.0, 1.0],
                [-0.943465, 0.0, 0.331474, 0.242023, 0.331474, 0.0, 0.943465, 0.086669, 0.0, 1.0, 0.0, 0.575824, 0.0, 0.0, 0.0, 1.0],
                [-0.895129, 0.0, 0.445807, 0.239766, 0.445807, 0.0, 0.895129, 0.100068, 0.0, 1.0, 0.0, 0.575824, 0.0, 0.0, 0.0, 1.0],
                [-0.830826, 0.0, 0.556533, 0.233817, 0.556533, 0.0, 0.830826, 0.115667, 0.0, 1.0, 0.0, 0.575824, 0.0, 0.0, 0.0, 1.0],
                [-0.749997, 0.0, 0.661442, 0.225405, 0.661442, 0.0, 0.749997, 0.134135, 0.0, 1.0, 0.0, 0.575824, 0.0, 0.0, 0.0, 1.0],
                [-0.651651, 0.0, 0.758519, 0.215763, 0.758519, 0.0, 0.651651, 0.156138, 0.0, 1.0, 0.0, 0.575824, 0.0, 0.0, 0.0, 1.0],
                [-0.534064, 0.0, 0.845445, 0.206121, 0.845445, 0.0, 0.534064, 0.182344, 0.0, 1.0, 0.0, 0.575824, 0.0, 0.0, 0.0, 1.0],
                [-0.394616, 0.0, 0.918846, 0.19771, 0.918846, 0.0, 0.394616, 0.213423, 0.0, 1.0, 0.0, 0.575824, 0.0, 0.0, 0.0, 1.0],
                [-0.229916, 0.0, 0.973211, 0.19176, 0.973211, 0.0, 0.229916, 0.25004, 0.0, 1.0, 0.0, 0.575824, 0.0, 0.0, 0.0, 1.0],
                [-0.036519, 0.0, 0.999333, 0.189504, 0.999333, 0.0, 0.036519, 0.292865, 0.0, 1.0, 0.0, 0.575824, 0.0, 0.0, 0.0, 1.0],
                [0.184546, 0.007777, 0.982793, 0.198926, 0.982809, 0.004069, -0.184581, 0.342258, -0.005434, 0.999961, -0.006893, 0.578031, 0.0, 0.0, 0.0, 1.0],
                [0.415113, 0.03038, 0.909263, 0.223767, 0.909478, 0.011456, -0.415594, 0.397348, -0.023042, 0.999473, -0.022874, 0.583848, 0.0, 0.0, 0.0, 1.0],
                [0.625792, 0.064458, 0.777322, 0.258886, 0.778222, 0.015478, -0.627799, 0.456958, -0.052498, 0.9978, -0.040477, 0.592072, 0.0, 0.0, 0.0, 1.0],
                [0.789398, 0.103739, 0.605052, 0.299145, 0.607288, 0.012097, -0.794389, 0.519908, -0.089729, 0.994531, -0.05345, 0.601501, 0.0, 0.0, 0.0, 1.0],
                [0.894248, 0.141047, 0.424766, 0.339404, 0.428853, 0.001564, -0.903373, 0.585021, -0.128083, 0.990002, -0.05909, 0.610929, 0.0, 0.0, 0.0, 1.0],
                [0.947646, 0.17087, 0.269761, 0.374524, 0.275804, -0.012218, -0.961136, 0.65112, -0.160933, 0.985218, -0.058705, 0.619153, 0.0, 0.0, 0.0, 1.0],
                [0.9678, 0.190175, 0.164915, 0.399364, 0.172494, -0.0239, -0.984721, 0.717025, -0.183328, 0.981459, -0.055935, 0.624971, 0.0, 0.0, 0.0, 1.0],
                [0.972134, 0.197124, 0.126874, 0.408786, 0.135067, -0.028631, -0.990423, 0.781559, -0.191603, 0.979961, -0.054458, 0.627177, 0.0, 0.0, 0.0, 1.0],
                [0.972134, 0.197124, 0.126874, 0.403614, 0.135067, -0.028631, -0.990423, 0.84371, -0.191603, 0.979961, -0.054458, 0.627177, 0.0, 0.0, 0.0, 1.0],
                [0.972134, 0.197124, 0.126874, 0.388994, 0.135067, -0.028631, -0.990423, 0.903136, -0.191603, 0.979961, -0.054458, 0.627177, 0.0, 0.0, 0.0, 1.0],
                [0.972134, 0.197124, 0.126874, 0.366278, 0.135067, -0.028631, -0.990423, 0.959657, -0.191603, 0.979961, -0.054458, 0.627177, 0.0, 0.0, 0.0, 1.0],
                [0.972134, 0.197124, 0.126874, 0.336815, 0.135067, -0.028631, -0.990423, 1.013098, -0.191603, 0.979961, -0.054458, 0.627177, 0.0, 0.0, 0.0, 1.0],
                [0.972134, 0.197124, 0.126874, 0.301954, 0.135067, -0.028631, -0.990423, 1.063282, -0.191603, 0.979961, -0.054458, 0.627177, 0.0, 0.0, 0.0, 1.0],
                [0.972134, 0.197124, 0.126874, 0.263045, 0.135067, -0.028631, -0.990423, 1.110031, -0.191603, 0.979961, -0.054458, 0.627177, 0.0, 0.0, 0.0, 1.0],
                [0.972134, 0.197124, 0.126874, 0.221437, 0.135067, -0.028631, -0.990423, 1.153168, -0.191603, 0.979961, -0.054458, 0.627177, 0.0, 0.0, 0.0, 1.0],
                [0.972134, 0.197124, 0.126874, 0.178479, 0.135067, -0.028631, -0.990423, 1.192516, -0.191603, 0.979961, -0.054458, 0.627177, 0.0, 0.0, 0.0, 1.0],
                [0.972134, 0.197124, 0.126874, 0.135521, 0.135067, -0.028631, -0.990423, 1.227898, -0.191603, 0.979961, -0.054458, 0.627177, 0.0, 0.0, 0.0, 1.0],
                [0.972134, 0.197124, 0.126874, 0.093913, 0.135067, -0.028631, -0.990423, 1.259138, -0.191603, 0.979961, -0.054458, 0.627177, 0.0, 0.0, 0.0, 1.0],
                [0.972134, 0.197124, 0.126874, 0.055003, 0.135067, -0.028631, -0.990423, 1.286057, -0.191603, 0.979961, -0.054458, 0.627177, 0.0, 0.0, 0.0, 1.0],
                [0.972134, 0.197124, 0.126874, 0.020142, 0.135067, -0.028631, -0.990423, 1.308478, -0.191603, 0.979961, -0.054458, 0.627177, 0.0, 0.0, 0.0, 1.0],
                [0.972134, 0.197124, 0.126874, -0.009321, 0.135067, -0.028631, -0.990423, 1.326226, -0.191603, 0.979961, -0.054458, 0.627177, 0.0, 0.0, 0.0, 1.0],
                [0.972134, 0.197124, 0.126874, -0.032037, 0.135067, -0.028631, -0.990423, 1.339122, -0.191603, 0.979961, -0.054458, 0.627177, 0.0, 0.0, 0.0, 1.0],
                [0.972134, 0.197124, 0.126874, -0.046656, 0.135067, -0.028631, -0.990423, 1.346989, -0.191603, 0.979961, -0.054458, 0.627177, 0.0, 0.0, 0.0, 1.0],
                [0.972134, 0.197124, 0.126874, -0.051829, 0.135067, -0.028631, -0.990423, 1.349651, -0.191603, 0.979961, -0.054458, 0.627177, 0.0, 0.0, 0.0, 1.0],
                [0.971693, 0.197187, 0.130115, -0.050852, 0.138245, -0.02798, -0.990003, 1.348921, -0.191575, 0.979967, -0.054448, 0.627177, 0.0, 0.0, 0.0, 1.0],
                [0.970442, 0.197354, 0.138904, -0.0482, 0.146863, -0.026213, -0.988809, 1.346868, -0.191504, 0.979982, -0.054422, 0.627177, 0.0, 0.0, 0.0, 1.0],
                [0.968457, 0.19758, 0.151833, -0.044292, 0.159542, -0.023608, -0.986909, 1.343692, -0.191409, 0.980002, -0.054386, 0.627177, 0.0, 0.0, 0.0, 1.0],
                [0.965821, 0.197824, 0.167497, -0.039547, 0.174902, -0.020444, -0.984374, 1.339597, -0.191308, 0.980024, -0.054345, 0.627177, 0.0, 0.0, 0.0, 1.0],
                [0.962671, 0.198055, 0.184497, -0.034383, 0.191571, -0.017001, -0.981331, 1.334785, -0.191221, 0.980044, -0.054308, 0.627177, 0.0, 0.0, 0.0, 1.0],
                [0.959223, 0.198259, 0.201459, -0.029219, 0.208203, -0.013556, -0.977992, 1.329457, -0.191164, 0.980056, -0.054281, 0.627177, 0.0, 0.0, 0.0, 1.0],
                [0.955782, 0.19844, 0.21703, -0.024474, 0.223472, -0.010387, -0.974655, 1.323817, -0.191157, 0.980058, -0.054274, 0.627177, 0.0, 0.0, 0.0, 1.0],
                [0.952734, 0.198622, 0.229887, -0.020566, 0.236084, -0.007771, -0.971702, 1.318067, -0.191215, 0.980045, -0.054295, 0.627177, 0.0, 0.0, 0.0, 1.0],
                [0.950514, 0.198838, 0.23872, -0.017914, 0.244757, -0.005983, -0.969566, 1.31241, -0.191358, 0.980014, -0.054354, 0.627177, 0.0, 0.0, 0.0, 1.0],
                [0.949569, 0.199121, 0.242218, -0.016937, 0.248208, -0.005302, -0.968692, 1.307046, -0.191603, 0.979961, -0.054458, 0.627177, 0.0, 0.0, 0.0, 1.0],
                [0.951528, 0.199368, 0.234196, -0.017319, 0.240369, -0.006993, -0.970656, 1.302127, -0.19188, 0.9799, -0.054575, 0.626993, 0.0, 0.0, 0.0, 1.0],
                [0.957133, 0.19938, 0.210106, -0.018417, 0.216771, -0.011959, -0.976149, 1.297656, -0.192112, 0.979849, -0.054666, 0.626462, 0.0, 0.0, 0.0, 1.0],
                [0.96501, 0.19894, 0.17082, -0.020159, 0.178258, -0.019963, -0.983781, 1.29361, -0.192303, 0.979808, -0.054728, 0.62562, 0.0, 0.0, 0.0, 1.0],
                [0.973244, 0.197718, 0.117065, -0.022475, 0.125525, -0.030765, -0.991613, 1.289968, -0.192459, 0.979776, -0.05476, 0.624501, 0.0, 0.0, 0.0, 1.0],
                [0.979484, 0.195304, 0.04968, -0.025292, 0.05937, -0.044075, -0.997263, 1.286709, -0.19258, 0.979752, -0.054766, 0.62314, 0.0, 0.0, 0.0, 1.0],
                [0.98108, 0.191247, -0.030128, -0.028538, -0.019048, -0.059515, -0.998046, 1.283812, -0.192666, 0.979736, -0.054746, 0.621571, 0.0, 0.0, 0.0, 1.0],
                [0.975295, 0.185115, -0.120546, -0.032143, -0.107976, -0.076585, -0.991199, 1.281255, -0.192718, 0.979728, -0.054705, 0.619829, 0.0, 0.0, 0.0, 1.0],
                [0.959614, 0.176562, -0.219012, -0.036034, -0.204923, -0.094653, -0.974191, 1.279018, -0.192735, 0.979728, -0.054649, 0.617949, 0.0, 0.0, 0.0, 1.0],
                [0.932109, 0.165399, -0.322205, -0.040139, -0.306648, -0.112973, -0.945095, 1.277078, -0.192718, 0.979735, -0.054584, 0.615965, 0.0, 0.0, 0.0, 1.0],
                [0.891809, 0.151659, -0.426235, -0.044388, -0.409335, -0.130741, -0.902968, 1.275415, -0.192669, 0.979748, -0.054517, 0.613911, 0.0, 0.0, 0.0, 1.0],
                [0.838972, 0.135626, -0.527002, -0.048709, -0.508954, -0.147182, -0.848118, 1.274007, -0.192592, 0.979767, -0.054454, 0.611823, 0.0, 0.0, 0.0, 1.0],
                [0.775157, 0.117825, -0.620684, -0.05303, -0.601729, -0.161647, -0.782171, 1.272834, -0.192491, 0.979789, -0.054403, 0.609735, 0.0, 0.0, 0.0, 1.0],
                [0.70306, 0.098964, -0.704211, -0.057279, -0.684616, -0.173695, -0.707906, 1.271873, -0.192375, 0.979814, -0.054366, 0.607682, 0.0, 0.0, 0.0, 1.0],
                [0.626151, 0.079837, -0.775604, -0.061385, -0.755629, -0.183138, -0.628876, 1.271103, -0.19225, 0.97984, -0.054345, 0.605698, 0.0, 0.0, 0.0, 1.0],
                [0.548217, 0.061234, -0.834092, -0.065275, -0.81397, -0.190039, -0.548943, 1.270504, -0.192123, 0.979865, -0.05434, 0.603818, 0.0, 0.0, 0.0, 1.0],
                [0.472933, 0.043859, -0.880006, -0.06888, -0.859924, -0.194666, -0.471843, 1.270054, -0.192002, 0.979889, -0.054348, 0.602076, 0.0, 0.0, 0.0, 1.0],
                [0.403561, 0.028289, -0.914515, -0.072126, -0.894604, -0.197427, -0.400882, 1.269731, -0.191891, 0.979909, -0.054366, 0.600507, 0.0, 0.0, 0.0, 1.0],
                [0.342807, 0.01496, -0.939287, -0.074943, -0.919619, -0.198795, -0.338795, 1.269515, -0.191794, 0.979927, -0.05439, 0.599146, 0.0, 0.0, 0.0, 1.0],
                [0.292832, 0.004195, -0.956155, -0.077259, -0.936747, -0.199243, -0.287763, 1.269383, -0.191714, 0.979941, -0.054415, 0.598027, 0.0, 0.0, 0.0, 1.0],
                [0.255365, -0.003766, -0.966838, -0.079001, -0.947659, -0.1992, -0.249523, 1.269316, -0.191654, 0.979952, -0.054437, 0.597185, 0.0, 0.0, 0.0, 1.0],
                [0.231869, -0.008711, -0.972708, -0.080099, -0.953688, -0.199013, -0.225553, 1.269291, -0.191616, 0.979958, -0.054452, 0.596654, 0.0, 0.0, 0.0, 1.0],
                [0.223724, -0.010417, -0.974597, -0.080481, -0.955634, -0.198919, -0.217244, 1.269288, -0.191603, 0.979961, -0.054458, 0.596469, 0.0, 0.0, 0.0, 1.0]
            ]
        },
        {
            "name": "Thigh_R",
            "time": [0.0, 0.0167, 0.0333, 0.05, 0.0667, 0.0833, 0.1, 0.1167, 0.1333, 0.15, 0.1667, 0.1833, 0.2, 0.2167, 0.2333, 0.25, 0.2667, 0.2833, 0.3, 0.3167, 0.3333, 0.35, 0.3667, 0.3833, 0.4, 0.4167, 0.4333, 0.45, 0.4667, 0.4833, 0.5, 0.5167, 0.5333, 0.55, 0.5667, 0.5833, 0.6, 0.6167, 0.6333, 0.65, 0.6667, 0.6833, 0.7, 0.7167, 0.7333, 0.75, 0.7667, 0.7833, 0.8, 0.8167, 0.8333, 0.85, 0.8667, 0.8833, 0.9, 0.9167, 0.9333, 0.95, 0.9667, 0.9833, 1.0, 1.0167, 1.0333, 1.05, 1.0667, 1.0833, 1.1, 1.1167, 1.1333, 1.15, 1.1667, 1.1833, 1.2, 1.2167, 1.2333, 1.25, 1.2667, 1.2833, 1.3, 1.3167, 1.3333, 1.35, 1.3667, 1.3833, 1.4, 1.4167, 1.4333, 1.45, 1.4667, 1.4833, 1.5, 1.5167, 1.5333, 1.55, 1.5667, 1.5833, 1.6, 1.6167, 1.6333, 1.65, 1.6667, 1.6833, 1.7, 1.7167, 1.7333, 1.75, 1.7667, 1.7833, 1.8, 1.8167, 1.8333, 1.85, 1.8667, 1.8833],
            "transform": [
                [0.759225, -0.435621, 0.483541, 0.124994, -0.006419, -0.747936, -0.663738, -0.002831, 0.650796, 0.500822, -0.570649, -1.2e-05, 0.0, 0.0, 0.0, 1.0],
                [0.747588, -0.354109, 0.561888, 0.124994, 0.066262, -0.802021, -0.593607, -0.002831, 0.660848, 0.481005, -0.576119, -1.2e-05, 0.0, 0.0, 0.0, 1.0],
                [0.689153, -0.140594, 0.710846, 0.124994, 0.246466, -0.877025, -0.412407, -0.002831, 0.681412, 0.45941, -0.569754, -1.2e-05, 0.0, 0.0, 0.0, 1.0],
                [0.55217, 0.149415, 0.820234, 0.124994, 0.444054, -0.885362, -0.137652, -0.002831, 0.705637, 0.440235, -0.55522, -1.2e-05, 0.0, 0.0, 0.0, 1.0],
                [0.369654, 0.428276, 0.824582, 0.124994, 0.555726, -0.813123, 0.173198, -0.002831, 0.744664, 0.394217, -0.53858, -1.2e-05, 0.0, 0.0, 0.0, 1.0],
                [0.227705, 0.62983, 0.742606, 0.124994, 0.551313, -0.712016, 0.43484, -0.002831, 0.802624, 0.310392, -0.509364, -1.2e-05, 0.0, 0.0, 0.0, 1.0],
                [0.194605, 0.745563, 0.637388, 0.124994, 0.485467, -0.63785, 0.597886, -0.002831, 0.852321, 0.193079, -0.486076, -1.2e-05, 0.0, 0.0, 0.0, 1.0],
                [0.291867, 0.792016, 0.536211, 0.124994, 0.440941, -0.608911, 0.659391, -0.002831, 0.848754, 0.043983, -0.526955, -1.2e-05, 0.0, 0.0, 0.0, 1.0],
                [0.451202, 0.787976, 0.418938, 0.124994, 0.428544, -0.603082, 0.672787, -0.002831, 0.782795, -0.124029, -0.609795, -1.2e-05, 0.0, 0.0, 0.0, 1.0],
                [0.601534, 0.745892, 0.286006, 0.124994, 0.414963, -0.597686, 0.685986, -0.002831, 0.682614, -0.293961, -0.669047, -1.2e-05, 0.0, 0.0, 0.0, 1.0],
                [0.732632, 0.665556, 0.14242, 0.124994, 0.401815, -0.591835, 0.698766, -0.002831, 0.549358, -0.454711, -0.70103, -1.2e-05, 0.0, 0.0, 0.0, 1.0],
                [0.834112, 0.551571, -0.004852, 0.124994, 0.390976, -0.585, 0.710571, -0.002831, 0.389092, -0.594593, -0.703609, -1.2e-05, 0.0, 0.0, 0.0, 1.0],
                [0.898424, 0.413515, -0.147776, 0.124994, 0.384171, -0.577135, 0.720643, -0.002831, 0.21271, -0.704214, -0.677374, -1.2e-05, 0.0, 0.0, 0.0, 1.0],
                [0.923335, 0.264168, -0.278689, 0.124994, 0.382496, -0.568661, 0.728231, -0.002831, 0.033896, -0.778997, -0.62611, -1.2e-05, 0.0, 0.0, 0.0, 1.0],
                [0.912651, 0.11657, -0.391765, 0.124994, 0.386126, -0.560274, 0.732802, -0.002831, -0.134073, -0.820062, -0.556347, -1.2e-05, 0.0, 0.0, 0.0, 1.0],
                [0.874892, -0.018585, -0.483962, 0.124994, 0.394349, -0.552773, 0.734119, -0.002831, -0.281165, -0.833123, -0.476289, -1.2e-05, 0.0, 0.0, 0.0, 1.0],
                [0.819444, -0.137062, -0.556529, 0.124994, 0.405858, -0.546858, 0.732274, -0.002831, -0.40471, -0.825928, -0.392493, -1.2e-05, 0.0, 0.0, 0.0, 1.0],
                [0.753143, -0.238281, -0.613187, 0.124994, 0.41899, -0.544851, 0.72635, -0.002831, -0.507171, -0.803962, -0.310514, -1.2e-05, 0.0, 0.0, 0.0, 1.0],
                [0.682627, -0.319026, -0.657452, 0.124994, 0.432201, -0.5492, 0.715249, -0.002831, -0.589256, -0.772398, -0.237016, -1.2e-05, 0.0, 0.0, 0.0, 1.0],
                [0.614876, -0.376644, -0.692868, 0.124994, 0.444181, -0.560564, 0.698907, -0.002831, -0.651637, -0.737499, -0.177379, -1.2e-05, 0.0, 0.0, 0.0, 1.0],
                [0.557332, -0.410679, -0.721612, 0.124994, 0.453832, -0.577108, 0.678956, -0.002831, -0.695282, -0.705893, -0.135262, -1.2e-05, 0.0, 0.0, 0.0, 1.0],
                [0.517611, -0.424722, -0.742758, 0.124994, 0.460227, -0.593612, 0.660162, -0.002831, -0.721296, -0.683543, -0.111792, -1.2e-05, 0.0, 0.0, 0.0, 1.0],
                [0.502941, -0.427332, -0.75129, 0.124994, 0.462536, -0.601217, 0.651611, -0.002831, -0.730144, -0.675219, -0.10472, -1.2e-05, 0.0, 0.0, 0.0, 1.0],
                [0.501719, -0.437385, -0.746305, 0.124994, 0.465226, -0.590916, 0.659076, -0.002831, -0.729275, -0.677871, -0.092991, -1.2e-05, 0.0, 0.0, 0.0, 1.0],
                [0.498656, -0.448392, -0.741813, 0.124994, 0.471927, -0.577402, 0.666251, -0.002831, -0.727066, -0.68231, -0.076317, -1.2e-05, 0.0, 0.0, 0.0, 1.0],
                [0.494661, -0.441072, -0.748843, 0.124994, 0.480576, -0.579102, 0.658548, -0.002831, -0.724124, -0.685633, -0.074491, -1.2e-05, 0.0, 0.0, 0.0, 1.0],
                [0.490598, -0.412138, -0.76776, 0.124994, 0.489326, -0.598741, 0.634088, -0.002831, -0.721022, -0.686766, -0.092072, -1.2e-05, 0.0, 0.0, 0.0, 1.0],
                [0.487247, -0.369155, -0.7914, 0.124994, 0.496655, -0.628268, 0.598842, -0.002831, -0.718278, -0.684835, -0.12278, -1.2e-05, 0.0, 0.0, 0.0, 1.0],
                [0.485309, -0.327768, -0.810582, 0.124994, 0.50131, -0.655247, 0.5651, -0.002831, -0.716353, -0.6806, -0.153684, -1.2e-05, 0.0, 0.0, 0.0, 1.0],
                [0.485447, -0.307471, -0.818414, 0.124994, 0.502122, -0.668266, 0.5489, -0.002831, -0.715691, -0.677405, -0.17002, -1.2e-05, 0.0, 0.0, 0.0, 1.0],
                [0.511495, -0.325194, -0.795375, 0.124994, 0.484637, -0.655179, 0.57954, -0.002831, -0.709577, -0.681899, -0.17752, -1.2e-05, 0.0, 0.0, 0.0, 1.0],
                [0.59088, -0.341988, -0.730688, 0.124994, 0.444671, -0.61765, 0.648672, -0.002831, -0.673148, -0.708201, -0.212886, -1.2e-05, 0.0, 0.0, 0.0, 1.0],
                [0.722143, -0.28729, -0.629265, 0.124994, 0.402664, -0.565094, 0.72009, -0.002831, -0.562469, -0.773389, -0.292398, -1.2e-05, 0.0, 0.0, 0.0, 1.0],
                [0.841117, -0.155012, -0.518163, 0.124994, 0.383769, -0.504024, 0.773744, -0.002831, -0.381107, -0.849663, -0.364455, -1.2e-05, 0.0, 0.0, 0.0, 1.0],
                [0.890777, -0.047813, -0.451919, 0.124994, 0.3869, -0.441851, 0.809368, -0.002831, -0.238379, -0.895811, -0.375093, -1.2e-05, 0.0, 0.0, 0.0, 1.0],
                [0.907371, -0.041341, -0.418293, 0.124994, 0.371529, -0.38653, 0.844133, -0.002831, -0.19658, -0.921348, -0.335367, -1.2e-05, 0.0, 0.0, 0.0, 1.0],
                [0.920649, -0.085348, -0.380947, 0.124994, 0.330708, -0.34804, 0.877212, -0.002831, -0.207453, -0.933585, -0.292198, -1.2e-05, 0.0, 0.0, 0.0, 1.0],
                [0.927961, -0.12273, -0.35189, 0.124994, 0.296892, -0.327281, 0.897075, -0.002831, -0.225265, -0.936921, -0.267267, -1.2e-05, 0.0, 0.0, 0.0, 1.0],
                [0.929385, -0.152302, -0.336227, 0.124994, 0.275752, -0.319038, 0.906739, -0.002831, -0.245367, -0.935422, -0.254513, -1.2e-05, 0.0, 0.0, 0.0, 1.0],
                [0.926086, -0.17289, -0.335369, 0.124994, 0.269311, -0.319643, 0.908461, -0.002831, -0.264263, -0.931629, -0.249456, -1.2e-05, 0.0, 0.0, 0.0, 1.0],
                [0.919375, -0.183516, -0.347952, 0.124994, 0.276973, -0.326129, 0.90384, -0.002831, -0.279347, -0.927339, -0.249006, -1.2e-05, 0.0, 0.0, 0.0, 1.0],
                [0.910441, -0.183814, -0.370552, 0.124994, 0.296232, -0.335485, 0.894257, -0.002831, -0.288692, -0.923937, -0.250989, -1.2e-05, 0.0, 0.0, 0.0, 1.0],
                [0.900514, -0.174528, -0.398265, 0.124994, 0.323096, -0.344401, 0.881475, -0.002831, -0.291005, -0.922456, -0.253749, -1.2e-05, 0.0, 0.0, 0.0, 1.0],
                [0.891152, -0.157872, -0.425351, 0.124994, 0.352393, -0.349657, 0.868078, -0.002831, -0.285772, -0.923479, -0.255965, -1.2e-05, 0.0, 0.0, 0.0, 1.0],
                [0.884441, -0.137477, -0.445941, 0.124994, 0.378107, -0.348943, 0.857481, -0.002831, -0.273492, -0.927003, -0.256639, -1.2e-05, 0.0, 0.0, 0.0, 1.0],
                [0.882886, -0.11783, -0.454564, 0.124994, 0.393765, -0.341652, 0.85336, -0.002831, -0.255855, -0.932409, -0.255243, -1.2e-05, 0.0, 0.0, 0.0, 1.0],
                [0.888899, -0.103475, -0.446263, 0.124994, 0.392775, -0.329208, 0.858692, -0.002831, -0.235767, -0.938568, -0.251991, -1.2e-05, 0.0, 0.0, 0.0, 1.0],
                [0.903842, -0.098409, -0.416394, 0.124994, 0.368649, -0.314865, 0.874619, -0.002831, -0.217179, -0.944018, -0.248311, -1.2e-05, 0.0, 0.0, 0.0, 1.0],
                [0.926656, -0.10604, -0.360645, 0.124994, 0.315289, -0.303185, 0.899262, -0.002831, -0.2047, -0.947011, -0.247515, -1.2e-05, 0.0, 0.0, 0.0, 1.0],
                [0.952312, -0.129725, -0.276175, 0.124994, 0.227909, -0.299393, 0.926511, -0.002831, -0.202877, -0.945268, -0.255551, -1.2e-05, 0.0, 0.0, 0.0, 1.0],
                [0.969293, -0.158296, -0.188183, 0.124994, 0.133881, -0.302195, 0.943798, -0.002831, -0.206268, -0.940009, -0.271723, -1.2e-05, 0.0, 0.0, 0.0, 1.0],
                [0.976357, -0.176151, -0.125292, 0.124994, 0.068407, -0.298045, 0.952098, -0.002831, -0.205056, -0.938156, -0.278949, -1.2e-05, 0.0, 0.0, 0.0, 1.0],
                [0.979416, -0.180369, -0.090612, 0.124994, 0.035876, -0.286203, 0.957497, -0.002831, -0.198637, -0.941037, -0.273842, -1.2e-05, 0.0, 0.0, 0.0, 1.0],
                [0.981406, -0.171895, -0.085401, 0.124994, 0.035741, -0.273486, 0.961212, -0.002831, -0.188584, -0.94639, -0.262258, -1.2e-05, 0.0, 0.0, 0.0, 1.0],
                [0.981913, -0.155533, -0.107965, 0.124994, 0.063639, -0.265936, 0.961888, -0.002831, -0.178318, -0.951359, -0.251228, -1.2e-05, 0.0, 0.0, 0.0, 1.0],
                [0.978553, -0.138145, -0.152803, 0.124994, 0.111807, -0.26682, 0.957239, -0.002831, -0.173009, -0.953792, -0.245653, -1.2e-05, 0.0, 0.0, 0.0, 1.0],
                [0.969035, -0.127226, -0.211625, 0.124994, 0.170033, -0.277661, 0.945513, -0.002831, -0.179054, -0.952215, -0.247431, -1.2e-05, 0.0, 0.0, 0.0, 1.0],
                [0.952312, -0.129725, -0.276175, 0.124994, 0.227909, -0.299393, 0.926511, -0.002831, -0.202877, -0.945268, -0.255551, -1.2e-05, 0.0, 0.0, 0.0, 1.0],
                [0.927422, -0.151971, -0.34175, 0.124994, 0.279058, -0.327219, 0.902803, -0.002831, -0.249027, -0.932646, -0.261062, -1.2e-05, 0.0, 0.0, 0.0, 1.0],
                [0.89891, -0.17878, -0.399997, 0.124994, 0.320862, -0.353046, 0.878866, -0.002831, -0.298342, -0.918364, -0.259994, -1.2e-05, 0.0, 0.0, 0.0, 1.0],
                [0.879542, -0.188355, -0.436953, 0.124994, 0.346874, -0.37478, 0.859778, -0.002831, -0.325705, -0.907777, -0.2643, -1.2e-05, 0.0, 0.0, 0.0, 1.0],
                [0.880575, -0.172305, -0.441472, 0.124994, 0.350422, -0.390412, 0.851342, -0.002831, -0.319047, -0.904371, -0.283409, -1.2e-05, 0.0, 0.0, 0.0, 1.0],
                [0.898805, -0.141338, -0.414937, 0.124994, 0.331919, -0.398851, 0.854838, -0.002831, -0.286319, -0.906056, -0.311577, -1.2e-05, 0.0, 0.0, 0.0, 1.0],
                [0.920244, -0.117242, -0.37337, 0.124994, 0.302236, -0.393159, 0.868377, -0.002831, -0.248605, -0.911963, -0.326368, -1.2e-05, 0.0, 0.0, 0.0, 1.0],
                [0.937086, -0.114572, -0.329763, 0.124994, 0.27058, -0.358487, 0.893461, -0.002831, -0.220581, -0.926475, -0.304933, -1.2e-05, 0.0, 0.0, 0.0, 1.0],
                [0.952312, -0.129725, -0.276175, 0.124994, 0.227909, -0.299393, 0.92651, -0.002831, -0.202877, -0.945268, -0.255551, -1.2e-05, 0.0, 0.0, 0.0, 1.0],
                [0.964686, -0.138622, -0.223971, 0.124994, 0.183501, -0.256316, 0.949015, -0.002831, -0.188963, -0.956599, -0.221828, -1.2e-05, 0.0, 0.0, 0.0, 1.0],
                [0.970418, -0.133829, -0.200942, 0.124994, 0.164536, -0.24249, 0.9561, -0.002831, -0.17668, -0.960877, -0.213298, -1.2e-05, 0.0, 0.0, 0.0, 1.0],
                [0.971637, -0.120143, -0.203683, 0.124994, 0.168327, -0.253583, 0.952555, -0.002831, -0.166093, -0.959822, -0.226168, -1.2e-05, 0.0, 0.0, 0.0, 1.0],
                [0.968788, -0.097555, -0.227885, 0.124994, 0.191831, -0.287203, 0.938464, -0.002831, -0.157001, -0.952887, -0.259526, -1.2e-05, 0.0, 0.0, 0.0, 1.0],
                [0.961286, -0.063478, -0.26814, 0.124994, 0.231714, -0.340395, 0.911285, -0.002831, -0.14912, -0.938135, -0.31251, -1.2e-05, 0.0, 0.0, 0.0, 1.0],
                [0.948167, -0.014702, -0.317432, 0.124994, 0.28418, -0.407777, 0.867732, -0.002831, -0.142199, -0.912961, -0.382464, -1.2e-05, 0.0, 0.0, 0.0, 1.0],
                [0.928723, 0.050341, -0.367339, 0.124994, 0.34489, -0.48096, 0.806056, -0.002831, -0.136098, -0.875294, -0.464043, -1.2e-05, 0.0, 0.0, 0.0, 1.0],
                [0.903035, 0.129704, -0.409518, 0.124994, 0.409156, -0.550076, 0.728015, -0.002831, -0.13084, -0.824979, -0.549808, -1.2e-05, 0.0, 0.0, 0.0, 1.0],
                [0.87223, 0.217724, -0.437961, 0.124994, 0.47242, -0.606863, 0.639167, -0.002831, -0.12662, -0.764401, -0.632183, -1.2e-05, 0.0, 0.0, 0.0, 1.0],
                [0.838394, 0.306747, -0.450556, 0.124994, 0.530822, -0.647219, 0.547114, -0.002831, -0.123783, -0.697861, -0.705455, -1.2e-05, 0.0, 0.0, 0.0, 1.0],
                [0.804166, 0.389466, -0.449034, 0.124994, 0.581587, -0.671574, 0.459068, -0.002831, -0.122768, -0.630318, -0.766568, -1.2e-05, 0.0, 0.0, 0.0, 1.0],
                [0.772258, 0.46043, -0.437745, 0.124994, 0.623077, -0.683458, 0.380338, -0.002831, -0.124061, -0.566467, -0.814692, -1.2e-05, 0.0, 0.0, 0.0, 1.0],
                [0.745082, 0.516292, -0.422249, 0.124994, 0.654544, -0.687654, 0.314169, -0.002831, -0.128158, -0.510462, -0.850296, -1.2e-05, 0.0, 0.0, 0.0, 1.0],
                [0.724581, 0.555238, -0.408278, 0.124994, 0.675728, -0.688862, 0.26241, -0.002831, -0.135547, -0.466022, -0.874329, -1.2e-05, 0.0, 0.0, 0.0, 1.0],
                [0.71223, 0.576116, -0.401021, 0.124994, 0.686446, -0.691041, 0.226389, -0.002831, -0.146696, -0.43652, -0.887655, -1.2e-05, 0.0, 0.0, 0.0, 1.0],
                [0.709108, 0.577547, -0.404479, 0.124994, 0.686229, -0.69711, 0.207665, -0.002831, -0.16203, -0.424821, -0.890659, -1.2e-05, 0.0, 0.0, 0.0, 1.0],
                [0.712025, 0.568799, -0.411688, 0.124994, 0.679706, -0.705425, 0.200932, -0.002831, -0.176125, -0.422894, -0.888898, -1.2e-05, 0.0, 0.0, 0.0, 1.0],
                [0.71695, 0.560422, -0.41462, 0.124994, 0.672383, -0.71295, 0.199004, -0.002831, -0.184077, -0.421458, -0.887969, -1.2e-05, 0.0, 0.0, 0.0, 1.0],
                [0.723342, 0.55239, -0.414296, 0.124994, 0.664678, -0.719558, 0.201093, -0.002831, -0.187028, -0.420831, -0.887649, -1.2e-05, 0.0, 0.0, 0.0, 1.0],
                [0.730568, 0.544744, -0.411732, 0.124994, 0.656981, -0.72511, 0.20637, -0.002831, -0.186132, -0.421267, -0.887632, -1.2e-05, 0.0, 0.0, 0.0, 1.0],
                [0.737965, 0.537562, -0.407963, 0.124994, 0.649669, -0.729485, 0.213961, -0.002831, -0.182585, -0.422936, -0.887574, -1.2e-05, 0.0, 0.0, 0.0, 1.0],
                [0.744889, 0.530916, -0.404063, 0.124994, 0.643104, -0.7326, 0.222962, -0.002831, -0.177643, -0.425936, -0.887142, -1.2e-05, 0.0, 0.0, 0.0, 1.0],
                [0.750745, 0.524848, -0.401142, 0.124994, 0.63764, -0.734429, 0.232436, -0.002831, -0.172617, -0.430283, -0.886036, -1.2e-05, 0.0, 0.0, 0.0, 1.0],
                [0.75499, 0.519345, -0.400338, 0.124994, 0.63362, -0.735008, 0.241428, -0.002831, -0.168867, -0.435937, -0.883992, -1.2e-05, 0.0, 0.0, 0.0, 1.0],
                [0.757115, 0.514324, -0.402798, 0.124994, 0.631369, -0.734431, 0.248963, -0.002831, -0.16778, -0.442807, -0.880779, -1.2e-05, 0.0, 0.0, 0.0, 1.0],
                [0.756606, 0.509632, -0.40966, 0.124994, 0.631185, -0.732842, 0.254059, -0.002831, -0.17074, -0.450792, -0.876147, -1.2e-05, 0.0, 0.0, 0.0, 1.0],
                [0.752406, 0.503825, -0.424317, 0.124994, 0.634168, -0.72823, 0.259828, -0.002831, -0.178092, -0.464583, -0.867436, -1.2e-05, 0.0, 0.0, 0.0, 1.0],
                [0.744083, 0.495222, -0.448436, 0.124994, 0.640929, -0.718565, 0.269948, -0.002831, -0.188547, -0.488279, -0.852076, -1.2e-05, 0.0, 0.0, 0.0, 1.0],
                [0.732102, 0.482986, -0.480364, 0.124994, 0.650957, -0.703807, 0.284444, -0.002831, -0.200702, -0.520937, -0.829664, -1.1e-05, 0.0, 0.0, 0.0, 1.0],
                [0.717168, 0.466048, -0.518138, 0.124994, 0.663614, -0.683726, 0.303535, -0.002831, -0.212803, -0.561528, -0.799625, -1.2e-05, 0.0, 0.0, 0.0, 1.0],
                [0.700419, 0.44328, -0.559388, 0.124994, 0.678045, -0.657986, 0.327578, -0.002831, -0.222861, -0.608731, -0.761432, -1.2e-05, 0.0, 0.0, 0.0, 1.0],
                [0.683586, 0.41373, -0.60128, 0.124994, 0.693058, -0.626276, 0.356998, -0.002831, -0.228867, -0.660759, -0.714854, -1.2e-05, 0.0, 0.0, 0.0, 1.0],
                [0.66904, 0.376918, -0.64056, 0.124994, 0.707026, -0.588472, 0.392191, -0.002831, -0.229128, -0.715283, -0.660204, -1.2e-05, 0.0, 0.0, 0.0, 1.0],
                [0.65962, 0.333152, -0.673728, 0.124994, 0.717844, -0.544865, 0.433382, -0.002831, -0.222709, -0.769499, -0.598557, -1.2e-05, 0.0, 0.0, 0.0, 1.0],
                [0.65816, 0.283735, -0.697366, 0.124994, 0.723039, -0.496394, 0.480423, -0.002831, -0.209855, -0.820417, -0.531859, -1.2e-05, 0.0, 0.0, 0.0, 1.0],
                [0.666746, 0.230927, -0.708605, 0.124994, 0.72007, -0.44482, 0.532572, -0.002831, -0.192216, -0.865335, -0.462867, -1.2e-05, 0.0, 0.0, 0.0, 1.0],
                [0.685942, 0.177549, -0.705663, 0.124994, 0.70687, -0.392725, 0.588304, -0.002831, -0.172679, -0.902352, -0.394892, -1.2e-05, 0.0, 0.0, 0.0, 1.0],
                [0.71433, 0.126312, -0.688315, 0.124994, 0.682487, -0.343222, 0.645298, -0.002831, -0.154736, -0.93072, -0.33138, -1.2e-05, 0.0, 0.0, 0.0, 1.0],
                [0.748728, 0.079155, -0.658134, 0.124994, 0.647588, -0.299352, 0.700727, -0.002831, -0.141548, -0.950852, -0.275393, -1.2e-05, 0.0, 0.0, 0.0, 1.0],
                [0.78507, 0.036939, -0.618304, 0.124994, 0.604497, -0.26339, 0.751804, -0.002831, -0.135084, -0.96398, -0.22911, -1.2e-05, 0.0, 0.0, 0.0, 1.0],
                [0.819547, -0.000369, -0.573012, 0.124994, 0.556705, -0.236351, 0.796378, -0.002831, -0.135726, -0.971666, -0.193496, -1.2e-05, 0.0, 0.0, 0.0, 1.0],
                [0.849466, -0.033204, -0.526597, 0.124994, 0.508057, -0.217916, 0.833301, -0.002831, -0.142423, -0.9754, -0.168243, -1.2e-05, 0.0, 0.0, 0.0, 1.0],
                [0.873526, -0.061921, -0.482822, 0.124994, 0.462027, -0.206773, 0.862424, -0.002831, -0.153237, -0.976425, -0.152012, -1.2e-05, 0.0, 0.0, 0.0, 1.0],
                [0.891602, -0.086558, -0.444469, 0.124994, 0.421323, -0.201098, 0.884335, -0.002831, -0.165928, -0.975737, -0.142831, -1.2e-05, 0.0, 0.0, 0.0, 1.0],
                [0.904299, -0.106802, -0.413324, 0.124994, 0.387847, -0.19901, 0.899983, -0.002831, -0.178376, -0.974158, -0.138542, -1.2e-05, 0.0, 0.0, 0.0, 1.0],
                [0.912511, -0.122106, -0.390402, 0.124994, 0.362878, -0.19885, 0.910373, -0.002831, -0.188794, -0.972391, -0.137143, -1.2e-05, 0.0, 0.0, 0.0, 1.0],
                [0.917081, -0.131802, -0.376285, 0.124994, 0.347323, -0.199328, 0.916316, -0.002831, -0.195776, -0.971027, -0.137023, -1.2e-05, 0.0, 0.0, 0.0, 1.0],
                [0.918558, -0.135187, -0.37145, 0.124994, 0.34196, -0.199594, 0.918273, -0.002831, -0.198279, -0.970506, -0.137111, -1.2e-05, 0.0, 0.0, 0.0, 1.0]
            ]
        },
        {
            "name": "Leg_R",
            "time": [0.0, 0.0167, 0.0333, 0.05, 0.0667, 0.0833, 0.1, 0.1167, 0.1333, 0.15, 0.1667, 0.1833, 0.2, 0.2167, 0.2333, 0.25, 0.2667, 0.2833, 0.3, 0.3167, 0.3333, 0.35, 0.3667, 0.3833, 0.4, 0.4167, 0.4333, 0.45, 0.4667, 0.4833, 0.5, 0.5167, 0.5333, 0.55, 0.5667, 0.5833, 0.6, 0.6167, 0.6333, 0.65, 0.6667, 0.6833, 0.7, 0.7167, 0.7333, 0.75, 0.7667, 0.7833, 0.8, 0.8167, 0.8333, 0.85, 0.8667, 0.8833, 0.9, 0.9167, 0.9333, 0.95, 0.9667, 0.9833, 1.0, 1.0167, 1.0333, 1.05, 1.0667, 1.0833, 1.1, 1.1167, 1.1333, 1.15, 1.1667, 1.1833, 1.2, 1.2167, 1.2333, 1.25, 1.2667, 1.2833, 1.3, 1.3167, 1.3333, 1.35, 1.3667, 1.3833, 1.4, 1.4167, 1.4333, 1.45, 1.4667, 1.4833, 1.5, 1.5167, 1.5333, 1.55, 1.5667, 1.5833, 1.6, 1.6167, 1.6333, 1.65, 1.6667, 1.6833, 1.7, 1.7167, 1.7333, 1.75, 1.7667, 1.7833, 1.8, 1.8167, 1.8333, 1.85, 1.8667, 1.8833],
            "transform": [
                [1.0, -0.0, 1e-06, 0.0, -0.0, 0.926541, 0.3762, 0.374726, -1e-06, -0.376201, 0.926535, -0.0, 0.0, 0.0, 0.0, 1.0],
                [1.000001, -0.0, 1e-06, -0.0, -0.0, 0.869222, 0.494426, 0.374726, -1e-06, -0.494427, 0.869217, 0.0, 0.0, 0.0, 0.0, 1.0],
                [1.0, -1e-06, 1e-06, 0.0, -0.0, 0.735616, 0.6774, 0.374726, -1e-06, -0.677401, 0.735612, -0.0, 0.0, 0.0, 0.0, 1.0],
                [1.0, -1e-06, 1e-06, -0.0, -0.0, 0.586916, 0.809649, 0.374726, -1e-06, -0.80965, 0.586912, -0.0, 0.0, 0.0, 0.0, 1.0],
                [1.0, -1e-06, 1e-06, -0.0, -0.0, 0.470818, 0.882231, 0.374726, -1e-06, -0.882232, 0.470815, -0.0, 0.0, 0.0, 0.0, 1.0],
                [1.0, -1e-06, 1e-06, -0.0, -0.0, 0.407779, 0.91308, 0.374726, -1e-06, -0.913082, 0.407776, 0.0, 0.0, 0.0, 0.0, 1.0],
                [1.0, -1e-06, 1e-06, -0.0, -0.0, 0.388163, 0.92159, 0.374726, -1e-06, -0.921592, 0.388161, 0.0, 0.0, 0.0, 0.0, 1.0],
                [1.0, -1e-06, 1e-06, 0.0, -0.0, 0.381731, 0.924273, 0.374726, -1e-06, -0.924275, 0.381729, 0.0, 0.0, 0.0, 0.0, 1.0],
                [1.0, -1e-06, 1e-06, -0.0, -0.0, 0.368639, 0.929572, 0.374726, -1e-06, -0.929574, 0.368637, -0.0, 0.0, 0.0, 0.0, 1.0],
                [1.0, -1e-06, 1e-06, 0.0, -0.0, 0.353909, 0.935279, 0.374726, -1e-06, -0.935281, 0.353907, 0.0, 0.0, 0.0, 0.0, 1.0],
                [1.0, -1e-06, 1e-06, 0.0, -0.0, 0.341771, 0.939783, 0.374726, -1e-06, -0.939785, 0.341769, 0.0, 0.0, 0.0, 0.0, 1.0],
                [1.0, -1e-06, 0.0, 0.0, -0.0, 0.335914, 0.941892, 0.374726, -1e-06, -0.941894, 0.335912, -0.0, 0.0, 0.0, 0.0, 1.0],
