{
    "animation": [
        {
            "name": "Root",
            "time": [0.0, 0.0417, 0.0833, 0.125, 0.1667, 0.2083, 0.25, 0.2917, 0.3333, 0.375, 0.4167, 0.4583, 0.5],
            "transform": [
                [1.0, -0.0, -0.0, 0.100672, -0.0, -0.0, -1.0, -0.030508, 0.0, 1.0, -0.0, 0.487369, 0.0, 0.0, 0.0, 1.0],
                [1.0, -0.0, -0.0, 0.100672, -0.0, -0.0, -1.0, -0.030508, 0.0, 1.0, -0.0, 0.487369, 0.0, 0.0, 0.0, 1.0],
                [1.0, -0.0, -0.0, 0.100672, -0.0, -0.0, -1.0, -0.030508, 0.0, 1.0, -0.0, 0.487369, 0.0, 0.0, 0.0, 1.0],
                [1.0, -0.0, -0.0, 0.100672, -0.0, -0.0, -1.0, -0.030508, 0.0, 1.0, -0.0, 0.487369, 0.0, 0.0, 0.0, 1.0],
                [1.0, -0.0, -0.0, 0.100672, -0.0, -0.0, -1.0, -0.030508, 0.0, 1.0, -0.0, 0.487369, 0.0, 0.0, 0.0, 1.0],
                [1.0, -0.0, -0.0, 0.100672, -0.0, -0.0, -1.0, -0.030508, 0.0, 1.0, -0.0, 0.487369, 0.0, 0.0, 0.0, 1.0],
                [1.0, -0.0, -0.0, 0.100672, -0.0, -0.0, -1.0, -0.030508, 0.0, 1.0, -0.0, 0.487369, 0.0, 0.0, 0.0, 1.0],
                [1.0, -0.0, -0.0, 0.100672, -0.0, -0.0, -1.0, -0.030508, 0.0, 1.0, -0.0, 0.487369, 0.0, 0.0, 0.0, 1.0],
                [1.0, -0.0, -0.0, 0.100672, -0.0, -0.0, -1.0, -0.030508, 0.0, 1.0, -0.0, 0.487369, 0.0, 0.0, 0.0, 1.0],
                [1.0, -0.0, -0.0, 0.100672, -0.0, -0.0, -1.0, -0.030508, 0.0, 1.0, -0.0, 0.487369, 0.0, 0.0, 0.0, 1.0],
                [1.0, -0.0, -0.0, 0.100672, -0.0, -0.0, -1.0, -0.030508, 0.0, 1.0, -0.0, 0.487369, 0.0, 0.0, 0.0, 1.0],
                [1.0, -0.0, -0.0, 0.100672, -0.0, -0.0, -1.0, -0.030508, 0.0, 1.0, -0.0, 0.487369, 0.0, 0.0, 0.0, 1.0],
                [1.0, -0.0, -0.0, 0.100672, -0.0, -0.0, -1.0, -0.030508, 0.0, 1.0, -0.0, 0.487369, 0.0, 0.0, 0.0, 1.0]
            ]
        },
        {
            "name": "Thigh_R",
            "time": [0.0, 0.0417, 0.0833, 0.125, 0.1667, 0.2083, 0.25, 0.2917, 0.3333, 0.375, 0.4167, 0.4583, 0.5],
            "transform": [
                [0.997086, 0.040503, 0.064669, 0.057165, -0.041695, -0.420585, 0.906294, 0.132744, 0.063907, -0.90635, -0.41767, 0.072055, 0.0, 0.0, 0.0, 1.0],
                [0.998932, 0.026691, 0.037762, 0.114116, -0.022918, -0.423496, 0.905607, 0.116348, 0.040164, -0.905505, -0.422431, 0.096553, 0.0, 0.0, 0.0, 1.0],
                [0.997168, -0.009381, 0.074641, 0.11631, -0.063175, -0.643122, 0.763153, 0.160094, 0.040844, -0.765707, -0.641891, 0.062042, 0.0, 0.0, 0.0, 1.0],
                [0.992435, -0.013002, 0.122097, 0.107944, -0.090742, -0.747564, 0.657963, 0.163093, 0.08272, -0.664064, -0.743086, 0.080402, 0.0, 0.0, 0.0, 1.0],
                [0.988659, 0.034387, 0.146203, 0.133862, -0.059717, -0.803183, 0.592731, 0.169396, 0.137811, -0.594739, -0.792019, 0.065481, 0.0, 0.0, 0.0, 1.0],
                [0.990968, 0.035334, 0.12938, 0.119604, 0.014966, -0.987779, 0.155142, 0.11575, 0.133281, -0.151804, -0.979383, 0.038233, 0.0, 0.0, 0.0, 1.0],
                [0.988314, 0.056329, 0.141653, 0.107336, 0.087458, -0.970605, -0.224229, 0.101372, 0.124859, 0.233998, -0.964186, 0.063626, 0.0, 0.0, 0.0, 1.0],
                [0.993614, -0.01526, 0.111811, 0.091831, 0.060636, -0.763435, -0.643032, 0.061517, 0.095173, 0.645705, -0.757632, 0.094555, 0.0, 0.0, 0.0, 1.0],
                [0.992715, -0.050811, 0.109271, 0.113795, 0.041375, -0.707934, -0.705065, 0.063532, 0.113182, 0.70445, -0.700672, 0.065738, 0.0, 0.0, 0.0, 1.0],
                [0.991372, -0.035148, 0.126298, 0.111978, 0.049417, -0.792136, -0.60834, 0.073792, 0.121427, 0.609333, -0.783562, 0.062058, 0.0, 0.0, 0.0, 1.0],
                [0.988524, -0.001558, 0.151072, 0.113363, 0.049775, -0.940762, -0.335395, 0.067774, 0.142646, 0.339065, -0.929885, 0.04634, 0.0, 0.0, 0.0, 1.0],
                [0.983026, 0.034338, 0.180235, 0.122055, 0.003683, -0.985826, 0.167732, 0.113768, 0.18344, -0.164221, -0.969216, 0.042211, 0.0, 0.0, 0.0, 1.0],
                [0.991017, 0.051835, 0.123292, 0.08961, -0.033887, -0.794447, 0.606387, 0.123256, 0.129382, -0.605118, -0.785552, 0.057133, 0.0, 0.0, 0.0, 1.0]
            ]
        },
        {
            "name": "Leg_R",
            "time": [0.0, 0.0417, 0.0833, 0.125, 0.1667, 0.2083, 0.25, 0.2917, 0.3333, 0.375, 0.4167, 0.4583, 0.5],
            "transform": [
                [1.0, 0.0, -0.0, -0.0, 0.0, -0.50901, 0.86076, 0.37472, -0.0, -0.860761, -0.509009, 0.0, 0.0, 0.0, 0.0, 1.0],
                [1.0, -0.0, -0.0, -0.0, 0.0, 0.000824, 0.999998, 0.37472, -0.0, -1.0, 0.000824, 0.0, 0.0, 0.0, 0.0, 1.0],
                [1.0, -0.0, 0.0, -0.0, -0.0, 0.603037, 0.797712, 0.37472, -0.0, -0.797714, 0.603036, 0.0, 0.0, 0.0, 0.0, 1.0],
                [1.0, -0.0, 0.0, -0.0, -0.0, 0.818269, 0.574836, 0.37472, -0.0, -0.574837, 0.818268, -0.0, 0.0, 0.0, 0.0, 1.0],
                [1.0, -0.0, 0.0, -0.0, -0.0, 0.58846, 0.808526, 0.37472, -0.0, -0.808527, 0.588459, -0.0, 0.0, 0.0, 0.0, 1.0],
                [1.0, -0.0, 0.0, -0.0, -0.0, 0.619169, 0.785257, 0.37472, -0.0, -0.785259, 0.619168, 0.0, 0.0, 0.0, 0.0, 1.0],
                [1.0, -0.0, 0.0, -0.0, -0.0, 0.724193, 0.689597, 0.37472, -0.0, -0.689598, 0.724192, 0.0, 0.0, 0.0, 0.0, 1.0],
                [1.0, -0.0, 0.0, -0.0, -0.0, 0.982349, 0.187054, 0.37472, -0.0, -0.187054, 0.982349, -0.0, 0.0, 0.0, 0.0, 1.0],
                [1.0, -0.0, 0.0, -0.0, -0.0, 0.918955, 0.394363, 0.37472, -0.0, -0.394364, 0.918954, -0.0, 0.0, 0.0, 0.0, 1.0],
                [1.0, -0.0, 0.0, 0.0, -0.0, 0.629026, 0.777384, 0.37472, -0.0, -0.777386, 0.629025, -0.0, 0.0, 0.0, 0.0, 1.0],
                [1.0, -0.0, -0.0, 0.0, 0.0, 0.026701, 0.999642, 0.37472, -0.0, -0.999644, 0.026701, 0.0, 0.0, 0.0, 0.0, 1.0],
                [1.0, 0.0, -0.0, 0.0, 0.0, -0.476588, 0.879126, 0.37472, -0.0, -0.879127, -0.476587, 0.0, 0.0, 0.0, 0.0, 1.0],
                [1.0, -0.0, -0.0, 0.0, 0.0, -0.492868, 0.870103, 0.37472, -0.0, -0.870105, -0.492867, 0.0, 0.0, 0.0, 0.0, 1.0]
            ]
        },
        {
            "name": "Knee_R",
            "time": [0.0, 0.0417, 0.0833, 0.125, 0.1667, 0.2083, 0.25, 0.2917, 0.3333, 0.375, 0.4167, 0.4583, 0.5],
            "transform": [
                [1.0, 0.0, -0.0, -0.0, -0.0, 1e-06, -1.0, 0.37472, -0.0, 1.0, 1e-06, 0.0, 0.0, 0.0, 0.0, 1.0],
                [1.0, 0.0, -0.0, -0.0, -0.0, 1e-06, -1.0, 0.37472, -0.0, 1.0, 1e-06, 0.0, 0.0, 0.0, 0.0, 1.0],
                [1.0, 0.0, -0.0, -0.0, -0.0, 1e-06, -1.0, 0.37472, -0.0, 1.0, 1e-06, 0.0, 0.0, 0.0, 0.0, 1.0],
                [1.0, 0.0, -0.0, -0.0, -0.0, 1e-06, -1.0, 0.37472, -0.0, 1.0, 1e-06, -0.0, 0.0, 0.0, 0.0, 1.0],
                [1.0, 0.0, -0.0, -0.0, -0.0, 1e-06, -1.0, 0.37472, -0.0, 1.0, 1e-06, -0.0, 0.0, 0.0, 0.0, 1.0],
                [1.0, 0.0, -0.0, -0.0, -0.0, 1e-06, -1.0, 0.37472, -0.0, 1.0, 1e-06, 0.0, 0.0, 0.0, 0.0, 1.0],
                [1.0, 0.0, -0.0, -0.0, -0.0, 1e-06, -1.0, 0.37472, -0.0, 1.0, 1e-06, 0.0, 0.0, 0.0, 0.0, 1.0],
                [1.0, 0.0, -0.0, -0.0, -0.0, 1e-06, -1.0, 0.37472, -0.0, 1.0, 1e-06, -0.0, 0.0, 0.0, 0.0, 1.0],
                [1.0, 0.0, -0.0, -0.0, -0.0, 1e-06, -1.0, 0.37472, -0.0, 1.0, 1e-06, -0.0, 0.0, 0.0, 0.0, 1.0],
                [1.0, 0.0, -0.0, 0.0, -0.0, 1e-06, -1.0, 0.37472, -0.0, 1.0, 1e-06, -0.0, 0.0, 0.0, 0.0, 1.0],
                [1.0, 0.0, -0.0, 0.0, -0.0, 1e-06, -1.0, 0.37472, -0.0, 1.0, 1e-06, 0.0, 0.0, 0.0, 0.0, 1.0],
                [1.0, 0.0, -0.0, 0.0, -0.0, 1e-06, -1.0, 0.37472, -0.0, 1.0, 1e-06, 0.0, 0.0, 0.0, 0.0, 1.0],
                [1.0, 0.0, -0.0, 0.0, -0.0, 1e-06, -1.0, 0.37472, -0.0, 1.0, 1e-06, 0.0, 0.0, 0.0, 0.0, 1.0]
            ]
        },
        {
            "name": "Thigh_L",
            "time": [0.0, 0.0417, 0.0833, 0.125, 0.1667, 0.2083, 0.25, 0.2917, 0.3333, 0.375, 0.4167, 0.4583, 0.5],
            "transform": [
                [0.998965, 0.045231, -0.004171, -0.120141, 0.030986, -0.745726, -0.665534, 0.065282, -0.033214, 0.66472, -0.746355, 0.009734, 0.0, 0.0, 0.0, 1.0],
                [0.996862, 0.077137, -0.017616, -0.124358, 0.043112, -0.716225, -0.696538, 0.04015, -0.066345, 0.693597, -0.717303, 0.011648, 0.0, 0.0, 0.0, 1.0],
                [0.994411, 0.060749, -0.08632, -0.133224, -0.012046, -0.747127, -0.664573, 0.062853, -0.104864, 0.661902, -0.74222, -0.008838, 0.0, 0.0, 0.0, 1.0],
                [0.991576, 0.058138, -0.115726, -0.121048, 0.004285, -0.907817, -0.419349, 0.048944, -0.129437, 0.415323, -0.900418, -0.007265, 0.0, 0.0, 0.0, 1.0],
                [0.987285, 0.106368, -0.118106, -0.133874, 0.088588, -0.9852, -0.146752, 0.084774, -0.131967, 0.134425, -0.982097, -0.008451, 0.0, 0.0, 0.0, 1.0],
                [0.989747, 0.072929, -0.122796, -0.13914, 0.097187, -0.973945, 0.204915, 0.099913, -0.104652, -0.214749, -0.971046, -0.006619, 0.0, 0.0, 0.0, 1.0],
                [0.996737, 0.019872, -0.078203, -0.136688, 0.061425, -0.815348, 0.575705, 0.127331, -0.052323, -0.578633, -0.813908, -0.002977, 0.0, 0.0, 0.0, 1.0],
                [0.998778, 0.039863, -0.029146, -0.126467, 0.045543, -0.515403, 0.855737, 0.129485, 0.01909, -0.856022, -0.516589, 0.008043, 0.0, 0.0, 0.0, 1.0],
                [0.995668, 0.091096, -0.018478, -0.147819, 0.065356, -0.544745, 0.836051, 0.142363, 0.066094, -0.833642, -0.548339, 0.025538, 0.0, 0.0, 0.0, 1.0],
                [0.992949, 0.117774, -0.013262, -0.153481, 0.089247, -0.669389, 0.737533, 0.143456, 0.077984, -0.73352, -0.675181, 0.005468, 0.0, 0.0, 0.0, 1.0],
                [0.993372, 0.111353, -0.028424, -0.151961, 0.102924, -0.751979, 0.651103, 0.160626, 0.051128, -0.649717, -0.758455, 0.007457, 0.0, 0.0, 0.0, 1.0],
                [0.993516, 0.094841, -0.062658, -0.137633, 0.112616, -0.896163, 0.4292, 0.165282, -0.015445, -0.433475, -0.901033, -0.003899, 0.0, 0.0, 0.0, 1.0],
                [0.996543, 0.078915, -0.025884, -0.140901, 0.074494, -0.987132, -0.14151, 0.116283, -0.036718, 0.139093, -0.989598, 0.002917, 0.0, 0.0, 0.0, 1.0]
            ]
        },
        {
            "name": "Leg_L",
            "time": [0.0, 0.0417, 0.0833, 0.125, 0.1667, 0.2083, 0.25, 0.2917, 0.3333, 0.375, 0.4167, 0.4583, 0.5],
            "transform": [
                [0.999997, -0.0, -0.0, -0.0, 0.0, 0.975968, 0.21791, 0.37472, 0.0, -0.21791, 0.975972, -0.0, 0.0, 0.0, 0.0, 1.0],
                [0.999998, -0.0, -0.0, 0.0, 0.0, 0.941198, 0.337855, 0.37472, 0.0, -0.337853, 0.941201, -0.0, 0.0, 0.0, 0.0, 1.0],
                [0.999997, -0.0, -0.0, -0.0, 0.0, 0.771226, 0.636562, 0.37472, 0.0, -0.636561, 0.771228, -0.0, 0.0, 0.0, 0.0, 1.0],
                [0.999997, -0.0, -0.0, 0.0, 0.0, 0.228057, 0.973649, 0.37472, -0.0, -0.973649, 0.228057, -0.0, 0.0, 0.0, 0.0, 1.0],
                [0.999998, -0.0, -0.0, 0.0, 0.0, -0.261458, 0.965215, 0.37472, -0.0, -0.965216, -0.261457, 0.0, 0.0, 0.0, 0.0, 1.0],
                [0.999998, -0.0, -0.0, 0.0, -0.0, -0.531029, 0.847354, 0.37472, -0.0, -0.847354, -0.531029, 0.0, 0.0, 0.0, 0.0, 1.0],
                [0.999998, -0.0, -0.0, -0.0, -0.0, -0.577364, 0.816488, 0.37472, -0.0, -0.816488, -0.577365, 0.0, 0.0, 0.0, 0.0, 1.0],
                [0.999997, -0.0, -0.0, -0.0, -0.0, -0.403333, 0.915054, 0.37472, -0.0, -0.915054, -0.403333, 0.0, 0.0, 0.0, 0.0, 1.0],
                [0.999998, -0.0, -0.0, 0.0, 0.0, 0.254834, 0.966985, 0.37472, -0.0, -0.966986, 0.254834, 0.0, 0.0, 0.0, 0.0, 1.0],
                [0.999998, -0.0, -0.0, 0.0, 0.0, 0.725838, 0.687867, 0.37472, 0.0, -0.687865, 0.725839, -0.0, 0.0, 0.0, 0.0, 1.0],
                [0.999998, -0.0, -0.0, -0.0, 0.0, 0.680605, 0.732651, 0.37472, 0.0, -0.732651, 0.680605, -0.0, 0.0, 0.0, 0.0, 1.0],
                [0.999998, -0.0, -0.0, -0.0, 0.0, 0.541651, 0.840604, 0.37472, -0.0, -0.840605, 0.541651, 0.0, 0.0, 0.0, 0.0, 1.0],
                [0.999998, -0.0, -0.0, -0.0, 0.0, 0.820203, 0.572074, 0.37472, 0.0, -0.572073, 0.820204, 0.0, 0.0, 0.0, 0.0, 1.0]
            ]
        },
        {
            "name": "Knee_L",
            "time": [0.0, 0.0417, 0.0833, 0.125, 0.1667, 0.2083, 0.25, 0.2917, 0.3333, 0.375, 0.4167, 0.4583, 0.5],
            "transform": [
                [1.0, 0.0, -0.0, -0.0, -0.0, 1e-06, -1.0, 0.37472, -0.0, 1.0, 1e-06, -0.0, 0.0, 0.0, 0.0, 1.0],
                [1.0, 0.0, -0.0, 0.0, -0.0, 1e-06, -1.0, 0.37472, -0.0, 1.0, 1e-06, -0.0, 0.0, 0.0, 0.0, 1.0],
                [1.0, 0.0, -0.0, -0.0, -0.0, 1e-06, -1.0, 0.37472, -0.0, 1.0, 1e-06, -0.0, 0.0, 0.0, 0.0, 1.0],
                [1.0, 0.0, -0.0, 0.0, -0.0, 1e-06, -1.0, 0.37472, -0.0, 1.0, 1e-06, -0.0, 0.0, 0.0, 0.0, 1.0],
                [1.0, 0.0, -0.0, 0.0, -0.0, 1e-06, -1.0, 0.37472, -0.0, 1.0, 1e-06, 0.0, 0.0, 0.0, 0.0, 1.0],
                [1.0, 0.0, -0.0, 0.0, -0.0, 1e-06, -1.0, 0.37472, -0.0, 1.0, 1e-06, 0.0, 0.0, 0.0, 0.0, 1.0],
                [1.0, 0.0, -0.0, -0.0, -0.0, 1e-06, -1.0, 0.37472, -0.0, 1.0, 1e-06, 0.0, 0.0, 0.0, 0.0, 1.0],
                [1.0, 0.0, -0.0, -0.0, -0.0, 1e-06, -1.0, 0.37472, -0.0, 1.0, 1e-06, 0.0, 0.0, 0.0, 0.0, 1.0],
                [1.0, 0.0, -0.0, 0.0, -0.0, 1e-06, -1.0, 0.37472, -0.0, 1.0, 1e-06, 0.0, 0.0, 0.0, 0.0, 1.0],
                [1.0, 0.0, -0.0, 0.0, -0.0, 1e-06, -1.0, 0.37472, -0.0, 1.0, 1e-06, -0.0, 0.0, 0.0, 0.0, 1.0],
                [1.0, 0.0, -0.0, -0.0, -0.0, 1e-06, -1.0, 0.37472, -0.0, 1.0, 1e-06, -0.0, 0.0, 0.0, 0.0, 1.0],
                [1.0, 0.0, -0.0, -0.0, -0.0, 1e-06, -1.0, 0.37472, -0.0, 1.0, 1e-06, 0.0, 0.0, 0.0, 0.0, 1.0],
                [1.0, 0.0, -0.0, -0.0, -0.0, 1e-06, -1.0, 0.37472, -0.0, 1.0, 1e-06, 0.0, 0.0, 0.0, 0.0, 1.0]
            ]
        },
        {
            "name": "Torso",
            "time": [0.0, 0.0417, 0.0833, 0.125, 0.1667, 0.2083, 0.25, 0.2917, 0.3333, 0.375, 0.4167, 0.4583, 0.5],
            "transform": [
                [0.993341, 0.027905, 0.1118, 0.0, -0.084646, 0.835028, 0.543657, 0.05, -0.078186, -0.549498, 0.831828, -0.0, 0.0, 0.0, 0.0, 1.0],
                [0.994204, -0.017882, 0.106025, 0.0, -0.041024, 0.848394, 0.527771, 0.05, -0.099389, -0.529061, 0.842743, -0.0, 0.0, 0.0, 0.0, 1.0],
                [0.999275, -0.032451, 0.019981, 0.0, 0.018087, 0.865336, 0.500864, 0.05, -0.033543, -0.500138, 0.865295, -0.0, 0.0, 0.0, 0.0, 1.0],
                [0.998672, -0.022037, -0.046599, 0.0, 0.041692, 0.876936, 0.478795, 0.05, 0.030313, -0.480101, 0.876689, -0.0, 0.0, 0.0, 0.0, 1.0],
                [0.995755, 0.014136, -0.090977, 0.0, 0.030421, 0.882125, 0.47003, 0.05, 0.086898, -0.470801, 0.877949, -0.0, 0.0, 0.0, 0.0, 1.0],
                [0.990077, 0.070843, -0.121377, 0.0, -0.003795, 0.876817, 0.480808, 0.05, 0.140488, -0.475575, 0.868384, -0.0, 0.0, 0.0, 0.0, 1.0],
                [0.955011, 0.151075, -0.255212, 0.0, -0.008671, 0.874386, 0.485152, 0.05, 0.296449, -0.461111, 0.836358, -0.0, 0.0, 0.0, 0.0, 1.0],
                [0.883563, 0.223335, -0.411633, 0.0, 0.003275, 0.875994, 0.482309, 0.05, 0.468306, -0.427497, 0.773263, -0.0, 0.0, 0.0, 0.0, 1.0],
                [0.900565, 0.217288, -0.376525, 0.0, -0.004349, 0.870582, 0.492002, 0.05, 0.434704, -0.441441, 0.78496, -0.0, 0.0, 0.0, 0.0, 1.0],
                [0.936182, 0.194825, -0.292593, 0.0, -0.022236, 0.863515, 0.503832, 0.05, 0.350818, -0.46517, 0.812738, -0.0, 0.0, 0.0, 0.0, 1.0],
                [0.960836, 0.184604, -0.206684, 0.0, -0.053117, 0.854674, 0.516439, 0.05, 0.271985, -0.485233, 0.831007, -0.0, 0.0, 0.0, 0.0, 1.0],
                [0.978064, 0.162673, -0.130124, 0.0, -0.07277, 0.852106, 0.518285, 0.05, 0.195191, -0.497445, 0.845251, -0.0, 0.0, 0.0, 0.0, 1.0],
                [0.995235, 0.097134, -0.008748, 0.0, -0.077658, 0.84353, 0.531436, 0.05, 0.059, -0.528223, 0.847053, -0.0, 0.0, 0.0, 0.0, 1.0]
            ]
        },
        {
            "name": "Chest",
            "time": [0.0, 0.0417, 0.0833, 0.125, 0.1667, 0.2083, 0.25, 0.2917, 0.3333, 0.375, 0.4167, 0.4583, 0.5],
            "transform": [
                [0.646995, 0.008943, -0.762442, -0.0, 0.318107, 0.90559, 0.280559, 0.3, 0.692973, -0.424058, 0.583066, 0.0, 0.0, 0.0, 0.0, 1.0],
                [0.62827, 0.113016, -0.769744, 0.0, 0.301352, 0.876805, 0.374698, 0.3, 0.717266, -0.467374, 0.51681, -0.0, 0.0, 0.0, 0.0, 1.0],
                [0.689278, 0.111403, -0.715882, -0.0, 0.307587, 0.849639, 0.428371, 0.3, 0.655967, -0.515462, 0.551369, 0.0, 0.0, 0.0, 0.0, 1.0],
                [0.741856, 0.113053, -0.660961, 0.0, 0.303351, 0.822476, 0.481154, 0.3, 0.598024, -0.557449, 0.575863, 0.0, 0.0, 0.0, 0.0, 1.0],
                [0.793375, 0.100455, -0.60039, 0.0, 0.289975, 0.804832, 0.517841, 0.3, 0.535235, -0.584938, 0.609403, 0.0, 0.0, 0.0, 0.0, 1.0],
                [0.861377, 0.032097, -0.506954, -0.0, 0.270329, 0.815977, 0.510981, 0.3, 0.430066, -0.57719, 0.694186, 0.0, 0.0, 0.0, 0.0, 1.0],
                [0.93272, -0.185225, -0.3094, -0.0, 0.313434, 0.840686, 0.441593, 0.3, 0.178315, -0.508858, 0.842179, 0.0, 0.0, 0.0, 0.0, 1.0],
                [0.906161, -0.421685, -0.032524, 0.0, 0.402212, 0.835421, 0.374561, 0.3, -0.130776, -0.352493, 0.926631, 0.0, 0.0, 0.0, 0.0, 1.0],
                [0.893903, -0.442163, 0.073702, -0.0, 0.38451, 0.840842, 0.380965, 0.3, -0.230422, -0.312206, 0.921647, 0.0, 0.0, 0.0, 0.0, 1.0],
                [0.913812, -0.40258, 0.053677, 0.0, 0.351374, 0.849925, 0.392635, 0.3, -0.203689, -0.339932, 0.918126, 0.0, 0.0, 0.0, 0.0, 1.0],
                [0.933017, -0.350981, -0.079345, -0.0, 0.353266, 0.851469, 0.38756, 0.3, -0.068466, -0.389628, 0.918423, 0.0, 0.0, 0.0, 0.0, 1.0],
                [0.925584, -0.294044, -0.238403, 0.0, 0.365872, 0.856503, 0.364059, 0.3, 0.097144, -0.424191, 0.900346, 0.0, 0.0, 0.0, 0.0, 1.0],
                [0.837474, -0.142598, -0.527548, 0.0, 0.350174, 0.881157, 0.317711, 0.3, 0.419549, -0.450806, 0.787877, 0.0, 0.0, 0.0, 0.0, 1.0]
            ]
        },
        {
            "name": "Head",
            "time": [0.0, 0.0417, 0.0833, 0.125, 0.1667, 0.2083, 0.25, 0.2917, 0.3333, 0.375, 0.4167, 0.4583, 0.5],
            "transform": [
                [0.747244, 0.510689, 0.425232, -0.0, -0.015742, 0.6533, -0.756935, 0.4, -0.664363, 0.558919, 0.496216, 0.0, 0.0, 0.0, 0.0, 1.0],
                [0.742218, 0.491961, 0.455067, -0.0, 0.041998, 0.64356, -0.764242, 0.4, -0.668841, 0.586344, 0.457003, -0.0, 0.0, 0.0, 0.0, 1.0],
                [0.735197, 0.473888, 0.484679, -0.0, 0.09937, 0.631947, -0.768615, 0.4, -0.670529, 0.613244, 0.417517, -0.0, 0.0, 0.0, 0.0, 1.0],
                [0.726255, 0.456553, 0.513918, 0.0, 0.156082, 0.618554, -0.770085, 0.4, -0.66947, 0.639489, 0.37797, 0.0, 0.0, 0.0, 0.0, 1.0],
                [0.769373, 0.424149, 0.477663, -0.0, 0.154113, 0.602416, -0.783163, 0.4, -0.619929, 0.676157, 0.398118, -0.0, 0.0, 0.0, 0.0, 1.0],
                [0.809036, 0.389446, 0.440217, 0.0, 0.150806, 0.586358, -0.795891, 0.4, -0.568081, 0.71029, 0.415657, 0.0, 0.0, 0.0, 0.0, 1.0],
                [0.888245, 0.316714, 0.332734, -0.0, 0.026401, 0.687932, -0.725295, 0.4, -0.458609, 0.653022, 0.602693, -0.0, 0.0, 0.0, 0.0, 1.0],
                [0.943399, 0.259457, 0.206585, 0.0, -0.077778, 0.778597, -0.622685, 0.4, -0.322406, 0.571371, 0.754713, -0.0, 0.0, 0.0, 0.0, 1.0],
                [0.956343, 0.246253, 0.157368, -0.0, -0.08563, 0.75097, -0.654761, 0.4, -0.279415, 0.612699, 0.739276, 0.0, 0.0, 0.0, 0.0, 1.0],
                [0.967168, 0.230244, 0.107576, -0.0, -0.095529, 0.721632, -0.685654, 0.4, -0.235498, 0.652864, 0.719937, 0.0, 0.0, 0.0, 0.0, 1.0],
                [0.975701, 0.211413, 0.057531, -0.0, -0.107498, 0.69071, -0.715097, 0.4, -0.190918, 0.691534, 0.696657, 0.0, 0.0, 0.0, 0.0, 1.0],
                [0.941512, 0.311378, 0.128828, 0.0, -0.124276, 0.676205, -0.726155, 0.4, -0.313223, 0.667672, 0.675356, 0.0, 0.0, 0.0, 0.0, 1.0],
                [0.864163, 0.407422, 0.295345, 0.0, -0.058295, 0.66402, -0.745439, 0.4, -0.499823, 0.626961, 0.597575, -0.0, 0.0, 0.0, 0.0, 1.0]
            ]
        },
        {
            "name": "Shoulder_R",
            "time": [0.0, 0.0417, 0.0833, 0.125, 0.1667, 0.2083, 0.25, 0.2917, 0.3333, 0.375, 0.4167, 0.4583, 0.5],
            "transform": [
                [0.427046, 0.866226, -0.259419, -0.0, 0.732133, -0.499616, -0.462988, 0.4, -0.53065, 0.007788, -0.84755, 0.0, 0.0, 0.0, 0.0, 1.0],
                [0.414038, 0.871573, -0.262577, -0.0, 0.71698, -0.489994, -0.49582, 0.4, -0.560792, 0.017026, -0.827777, -0.0, 0.0, 0.0, 0.0, 1.0],
                [0.407977, 0.86884, -0.280508, -0.0, 0.696484, -0.494836, -0.519656, 0.4, -0.590291, 0.016639, -0.807013, -0.0, 0.0, 0.0, 0.0, 1.0],
                [0.397478, 0.876997, -0.269998, 0.0, 0.692522, -0.479748, -0.538749, 0.4, -0.602, 0.027162, -0.798028, 0.0, 0.0, 0.0, 0.0, 1.0],
                [0.388923, 0.887556, -0.246969, -0.0, 0.700098, -0.458993, -0.546976, 0.4, -0.598818, 0.039829, -0.79989, -0.0, 0.0, 0.0, 0.0, 1.0],
                [0.401903, 0.872908, -0.276611, 0.0, 0.691064, -0.48734, -0.533784, 0.4, -0.600735, 0.023374, -0.799103, 0.0, 0.0, 0.0, 0.0, 1.0],
                [0.41079, 0.856595, -0.312257, -0.0, 0.675283, -0.515974, -0.527029, 0.4, -0.612553, 0.005637, -0.790406, -0.0, 0.0, 0.0, 0.0, 1.0],
                [0.415889, 0.841412, -0.345066, 0.0, 0.65878, -0.540323, -0.523504, 0.4, -0.626916, -0.009603, -0.779024, -0.0, 0.0, 0.0, 0.0, 1.0],
                [0.4274, 0.82027, -0.380125, -0.0, 0.643951, -0.57134, -0.508819, 0.4, -0.634538, -0.027313, -0.772404, 0.0, 0.0, 0.0, 0.0, 1.0],
                [0.433751, 0.813538, -0.387331, -0.0, 0.643813, -0.580581, -0.498427, 0.4, -0.630356, -0.033176, -0.775592, 0.0, 0.0, 0.0, 0.0, 1.0],
                [0.43127, 0.829982, -0.353759, -0.0, 0.665809, -0.557387, -0.495999, 0.4, -0.608841, -0.021627, -0.792992, 0.0, 0.0, 0.0, 0.0, 1.0],
                [0.428426, 0.845192, -0.319548, 0.0, 0.688226, -0.534392, -0.49068, 0.4, -0.585473, -0.009701, -0.810629, 0.0, 0.0, 0.0, 0.0, 1.0],
                [0.428295, 0.856007, -0.28953, 0.0, 0.710542, -0.516984, -0.47734, 0.4, -0.558277, -0.001281, -0.829648, -0.0, 0.0, 0.0, 0.0, 1.0]
            ]
        },
        {
            "name": "Arm_R",
            "time": [0.0, 0.0417, 0.0833, 0.125, 0.1667, 0.2083, 0.25, 0.2917, 0.3333, 0.375, 0.4167, 0.4583, 0.5],
            "transform": [
                [0.621424, -0.771693, 0.152969, 0.0, 0.71958, 0.637909, 0.281079, 0.393861, -0.31561, -0.065026, 0.94204, -0.0, 0.0, 0.0, 0.0, 1.0],
                [0.619794, -0.753378, 0.229915, 0.0, 0.696958, 0.662483, 0.281407, 0.39386, -0.365622, -0.014267, 0.926172, -0.0, 0.0, 0.0, 0.0, 1.0],
                [0.541748, -0.79278, 0.287016, 0.0, 0.675386, 0.61428, 0.410982, 0.393861, -0.503918, -0.028995, 0.859389, 0.0, 0.0, 0.0, 0.0, 1.0],
                [0.486047, -0.783771, 0.39091, -0.0, 0.661234, 0.623979, 0.419235, 0.393861, -0.574557, 0.05508, 0.813172, 0.0, 0.0, 0.0, 0.0, 1.0],
                [0.46696, -0.717346, 0.518448, -0.0, 0.651429, 0.678503, 0.344412, 0.39386, -0.600978, 0.178085, 0.776159, -0.0, 0.0, 0.0, 0.0, 1.0],
                [0.47452, -0.703339, 0.530411, 0.0, 0.583707, 0.705704, 0.40509, 0.393861, -0.661591, 0.118164, 0.737834, 0.0, 0.0, 0.0, 0.0, 1.0],
                [0.417473, -0.829149, 0.376754, 0.0, 0.574938, 0.56411, 0.592376, 0.39386, -0.706223, -0.030895, 0.704967, 0.0, 0.0, 0.0, 0.0, 1.0],
                [0.305611, -0.93953, 0.17251, -0.0, 0.607985, 0.332576, 0.718675, 0.39386, -0.735214, -0.115517, 0.666016, 0.0, 0.0, 0.0, 0.0, 1.0],
                [0.247833, -0.968297, 0.085669, 0.0, 0.619072, 0.22636, 0.749299, 0.393861, -0.747598, -0.133551, 0.64888, 0.0, 0.0, 0.0, 0.0, 1.0],
                [0.252838, -0.965624, 0.099781, -0.0, 0.633873, 0.243377, 0.73164, 0.393861, -0.733382, -0.122551, 0.666768, 0.0, 0.0, 0.0, 0.0, 1.0],
                [0.333984, -0.920821, 0.214696, 0.0, 0.666092, 0.39246, 0.633073, 0.39386, -0.669589, -0.068886, 0.736855, 0.0, 0.0, 0.0, 0.0, 1.0],
                [0.432256, -0.866857, 0.25823, -0.0, 0.680735, 0.502184, 0.533673, 0.39386, -0.59441, -0.055264, 0.798962, 0.0, 0.0, 0.0, 0.0, 1.0],
                [0.532685, -0.821982, 0.213574, 0.0, 0.712439, 0.571466, 0.410003, 0.39386, -0.460704, -0.066686, 0.880977, 0.0, 0.0, 0.0, 0.0, 1.0]
            ]
        },
        {
            "name": "Hand_R",
            "time": [0.0, 0.0417, 0.0833, 0.125, 0.1667, 0.2083, 0.25, 0.2917, 0.3333, 0.375, 0.4167, 0.4583, 0.5],
            "transform": [
                [0.997793, -1e-06, -0.0, 0.0, 0.0, 0.92428, -0.387706, 0.3, 1e-06, 0.38876, 0.921776, 0.0, 0.0, 0.0, 0.0, 1.0],
                [0.997792, -1e-06, -0.0, -0.0, 0.0, 0.892352, -0.456744, 0.3, 0.0, 0.458481, 0.888971, -0.0, 0.0, 0.0, 0.0, 1.0],
                [0.997796, -1e-06, -0.0, -0.0, 0.0, 0.816943, -0.580759, 0.3, 1e-06, 0.584212, 0.812114, -0.0, 0.0, 0.0, 0.0, 1.0],
                [0.997806, -1e-06, -0.0, 0.0, 0.0, 0.830267, -0.561349, 0.3, 1e-06, 0.563981, 0.826393, -0.0, 0.0, 0.0, 0.0, 1.0],
                [0.997799, -1e-06, -0.0, 0.0, 0.0, 0.912197, -0.417225, 0.3, 1e-06, 0.419446, 0.907366, 0.0, 0.0, 0.0, 0.0, 1.0],
                [0.997793, -1e-06, -0.0, 0.0, 0.0, 0.921635, -0.393666, 0.3, 0.0, 0.394614, 0.91942, -0.0, 0.0, 0.0, 0.0, 1.0],
                [0.997795, -1e-06, -0.0, 0.0, 0.0, 0.853929, -0.525134, 0.3, 1e-06, 0.527743, 0.849707, 0.0, 0.0, 0.0, 0.0, 1.0],
                [0.997795, -1e-06, -0.0, -0.0, 0.0, 0.783294, -0.625078, 0.3, 1e-06, 0.629413, 0.777898, 0.0, 0.0, 0.0, 0.0, 1.0],
                [0.997797, -1e-06, -0.0, 0.0, 0.0, 0.766754, -0.645031, 0.3, 1e-06, 0.649752, 0.761183, 0.0, 0.0, 0.0, 0.0, 1.0],
                [0.997798, -1e-06, -0.0, 0.0, 0.0, 0.781546, -0.627221, 0.3, 0.0, 0.631567, 0.776167, -0.0, 0.0, 0.0, 0.0, 1.0],
                [0.997799, -1e-06, -0.0, -0.0, 0.0, 0.834588, -0.555244, 0.3, 1e-06, 0.558285, 0.830041, -0.0, 0.0, 0.0, 0.0, 1.0],
                [0.997797, -1e-06, -0.0, -0.0, 0.0, 0.869692, -0.49848, 0.3, 1e-06, 0.500608, 0.865995, 0.0, 0.0, 0.0, 0.0, 1.0],
                [0.997795, -1e-06, -0.0, 0.0, 0.0, 0.898728, -0.443969, 0.3, 0.0, 0.44552, 0.8956, 0.0, 0.0, 0.0, 0.0, 1.0]
            ]
        },
        {
            "name": "Tool_R",
            "time": [0.0, 0.0417, 0.0833, 0.125, 0.1667, 0.2083, 0.25, 0.2917, 0.3333, 0.375, 0.4167, 0.4583, 0.5],
            "transform": [
                [0.894627, -0.181594, -0.406365, 0.064863, -0.439868, -0.184264, -0.872212, 0.289735, 0.083504, 0.973678, -0.240574, -0.038638, 0.0, 0.0, 0.0, 1.0],
                [0.90277, -0.203083, -0.383922, 0.064863, -0.421683, -0.150888, -0.885044, 0.289734, 0.122656, 0.974789, -0.216733, -0.038638, 0.0, 0.0, 0.0, 1.0],
                [0.914756, -0.243224, -0.323886, 0.064863, -0.356551, -0.082305, -0.918038, 0.289735, 0.197005, 0.979227, -0.157433, -0.038638, 0.0, 0.0, 0.0, 1.0],
                [0.920266, -0.230432, -0.316219, 0.064863, -0.350058, -0.109864, -0.921951, 0.289734, 0.177737, 0.975546, -0.17832, -0.038638, 0.0, 0.0, 0.0, 1.0],
                [0.91594, -0.189102, -0.345652, 0.064863, -0.381079, -0.208712, -0.897193, 0.289735, 0.096803, 0.966453, -0.261087, -0.038638, 0.0, 0.0, 0.0, 1.0],
                [0.919565, -0.18106, -0.350787, 0.064863, -0.388245, -0.216038, -0.889061, 0.289734, 0.085421, 0.966022, -0.26427, -0.038638, 0.0, 0.0, 0.0, 1.0],
                [0.919947, -0.181989, -0.352197, 0.064863, -0.384059, -0.151575, -0.903428, 0.289734, 0.111628, 0.977107, -0.205509, -0.038638, 0.0, 0.0, 0.0, 1.0],
                [0.918647, -0.185402, -0.354187, 0.064863, -0.379444, -0.094374, -0.913113, 0.289735, 0.136639, 0.983215, -0.15426, -0.038638, 0.0, 0.0, 0.0, 1.0],
                [0.912622, -0.156653, -0.381296, 0.064863, -0.400181, -0.075936, -0.906436, 0.289735, 0.113613, 0.98967, -0.12976, -0.038638, 0.0, 0.0, 0.0, 1.0],
                [0.899141, -0.161056, -0.40831, 0.064863, -0.426692, -0.068034, -0.895444, 0.289735, 0.116821, 0.989897, -0.127833, -0.038638, 0.0, 0.0, 0.0, 1.0],
                [0.868352, -0.243867, -0.432169, 0.064863, -0.460815, -0.053435, -0.879479, 0.289734, 0.191832, 0.974355, -0.156222, -0.038638, 0.0, 0.0, 0.0, 1.0],
                [0.871127, -0.246505, -0.42469, 0.064863, -0.464377, -0.111072, -0.87192, 0.289735, 0.168084, 0.969518, -0.207633, -0.038638, 0.0, 0.0, 0.0, 1.0],
                [0.883667, -0.214358, -0.415257, 0.064863, -0.452911, -0.147999, -0.872426, 0.289735, 0.125671, 0.972711, -0.223995, -0.038638, 0.0, 0.0, 0.0, 1.0]
            ]
        },
        {
            "name": "Elbow_R",
            "time": [0.0, 0.0417, 0.0833, 0.125, 0.1667, 0.2083, 0.25, 0.2917, 0.3333, 0.375, 0.4167, 0.4583, 0.5],
            "transform": [
                [-1.0, 0.0, -0.0, 0.0, 0.0, -0.0, -1.0, 0.3, -0.0, -1.0, 0.0, 0.0, 0.0, 0.0, 0.0, 1.0],
                [-1.0, 0.0, -0.0, -0.0, 0.0, -0.0, -1.0, 0.3, -0.0, -1.0, 0.0, -0.0, 0.0, 0.0, 0.0, 1.0],
                [-1.0, 0.0, -0.0, -0.0, 0.0, -0.0, -1.0, 0.3, -0.0, -1.0, 0.0, -0.0, 0.0, 0.0, 0.0, 1.0],
                [-1.0, 0.0, 0.0, 0.0, 0.0, -0.0, -1.0, 0.3, -0.0, -1.0, 0.0, -0.0, 0.0, 0.0, 0.0, 1.0],
                [-1.0, 0.0, -0.0, 0.0, 0.0, -0.0, -1.0, 0.3, -0.0, -1.0, 0.0, 0.0, 0.0, 0.0, 0.0, 1.0],
                [-1.0, 0.0, -0.0, 0.0, 0.0, -0.0, -1.0, 0.3, -0.0, -1.0, 0.0, -0.0, 0.0, 0.0, 0.0, 1.0],
                [-1.0, 0.0, -0.0, 0.0, 0.0, -0.0, -1.0, 0.3, -0.0, -1.0, 0.0, 0.0, 0.0, 0.0, 0.0, 1.0],
                [-1.0, 0.0, -0.0, -0.0, 0.0, 0.0, -1.0, 0.3, -0.0, -1.0, 0.0, 0.0, 0.0, 0.0, 0.0, 1.0],
                [-1.0, 0.0, -0.0, 0.0, 0.0, -0.0, -1.0, 0.3, -0.0, -1.0, 0.0, 0.0, 0.0, 0.0, 0.0, 1.0],
                [-1.0, 0.0, -0.0, 0.0, 0.0, 0.0, -1.0, 0.3, -0.0, -1.0, 0.0, -0.0, 0.0, 0.0, 0.0, 1.0],
                [-1.0, 0.0, -0.0, -0.0, 0.0, -0.0, -1.0, 0.3, -0.0, -1.0, 0.0, -0.0, 0.0, 0.0, 0.0, 1.0],
                [-1.0, 0.0, -0.0, -0.0, 0.0, -0.0, -1.0, 0.3, -0.0, -1.0, 0.0, 0.0, 0.0, 0.0, 0.0, 1.0],
                [-1.0, 0.0, -0.0, 0.0, 0.0, -0.0, -1.0, 0.3, -0.0, -1.0, 0.0, 0.0, 0.0, 0.0, 0.0, 1.0]
            ]
        },
        {
            "name": "Shoulder_L",
            "time": [0.0, 0.0417, 0.0833, 0.125, 0.1667, 0.2083, 0.25, 0.2917, 0.3333, 0.375, 0.4167, 0.4583, 0.5],
            "transform": [
                [0.407787, -0.897854, -0.166047, -0.0, -0.851921, -0.308735, -0.422945, 0.4, 0.328461, 0.313936, -0.890833, 0.0, 0.0, 0.0, 0.0, 1.0],
                [0.443617, -0.889621, -0.108539, -0.0, -0.823079, -0.356533, -0.442038, 0.4, 0.354529, 0.285437, -0.890426, -0.0, 0.0, 0.0, 0.0, 1.0],
                [0.459595, -0.880192, -0.118455, -0.0, -0.801954, -0.354016, -0.481165, 0.4, 0.381563, 0.316139, -0.868613, -0.0, 0.0, 0.0, 0.0, 1.0],
                [0.455996, -0.868184, -0.195758, 0.0, -0.809804, -0.313556, -0.495859, 0.4, 0.369098, 0.38464, -0.846074, 0.0, 0.0, 0.0, 0.0, 1.0],
                [0.451252, -0.849967, -0.271893, -0.0, -0.817805, -0.271978, -0.507148, 0.4, 0.357093, 0.451212, -0.817871, -0.0, 0.0, 0.0, 0.0, 1.0],
                [0.445412, -0.825728, -0.346096, 0.0, -0.825876, -0.229701, -0.51492, 0.4, 0.345668, 0.515189, -0.784292, 0.0, 0.0, 0.0, 0.0, 1.0],
                [0.419602, -0.812419, -0.404862, -0.0, -0.846524, -0.189313, -0.497525, 0.4, 0.327536, 0.551494, -0.7672, -0.0, 0.0, 0.0, 0.0, 1.0],
                [0.392067, -0.795594, -0.461866, 0.0, -0.865882, -0.149646, -0.477309, 0.4, 0.310612, 0.587066, -0.747592, -0.0, 0.0, 0.0, 0.0, 1.0],
                [0.384953, -0.817034, -0.42927, -0.0, -0.867991, -0.162467, -0.469218, 0.4, 0.313609, 0.553236, -0.771752, 0.0, 0.0, 0.0, 0.0, 1.0],
                [0.377741, -0.837051, -0.395807, -0.0, -0.870182, -0.174924, -0.460602, 0.4, 0.316295, 0.518419, -0.794495, 0.0, 0.0, 0.0, 0.0, 1.0],
                [0.370451, -0.855593, -0.361569, -0.0, -0.872449, -0.186985, -0.451483, 0.4, 0.318662, 0.482709, -0.815763, 0.0, 0.0, 0.0, 0.0, 1.0],
                [0.363102, -0.872619, -0.326648, 0.0, -0.874787, -0.19862, -0.441889, 0.4, 0.320705, 0.446204, -0.835508, 0.0, 0.0, 0.0, 0.0, 1.0],
                [0.355714, -0.888093, -0.291143, 0.0, -0.877187, -0.2098, -0.431849, 0.4, 0.322423, 0.409007, -0.853687, -0.0, 0.0, 0.0, 0.0, 1.0]
            ]
        },
        {
            "name": "Arm_L",
            "time": [0.0, 0.0417, 0.0833, 0.125, 0.1667, 0.2083, 0.25, 0.2917, 0.3333, 0.375, 0.4167, 0.4583, 0.5],
            "transform": [
                [0.736592, -0.335347, -0.586526, -0.0, 0.045805, 0.893575, -0.449338, 0.39386, 0.674825, 0.305388, 0.670711, -0.0, 0.0, 0.0, 0.0, 1.0],
                [0.798533, -0.376551, -0.469308, -0.0, 0.231878, 0.914892, -0.335031, 0.39386, 0.555557, 0.159381, 0.814396, 0.0, 0.0, 0.0, 0.0, 1.0],
                [0.800476, -0.406926, -0.439944, -0.0, 0.314844, 0.912692, -0.266639, 0.39386, 0.510061, 0.075243, 0.855024, 0.0, 0.0, 0.0, 0.0, 1.0],
                [0.832187, -0.288199, -0.473125, 0.0, 0.201633, 0.95542, -0.223941, 0.39386, 0.516613, 0.091348, 0.849538, 0.0, 0.0, 0.0, 0.0, 1.0],
                [0.86916, 0.008906, -0.493452, -0.0, -0.119932, 0.975834, -0.192868, 0.39386, 0.479842, 0.227768, 0.845605, 0.0, 0.0, 0.0, 0.0, 1.0],
                [0.833139, 0.386008, -0.396092, -0.0, -0.476198, 0.866422, -0.16004, 0.39386, 0.281431, 0.323312, 0.901782, 0.0, 0.0, 0.0, 0.0, 1.0],
                [0.646826, 0.745694, -0.166811, 0.0, -0.760017, 0.61187, -0.222269, 0.39386, -0.063682, 0.271703, 0.958363, -0.0, 0.0, 0.0, 0.0, 1.0],
                [0.443042, 0.896121, 0.064098, -0.0, -0.850888, 0.442926, -0.283401, 0.39386, -0.282359, 0.071324, 0.954605, -0.0, 0.0, 0.0, 0.0, 1.0],
                [0.520099, 0.834805, 0.188228, -0.0, -0.840641, 0.539482, -0.059453, 0.39386, -0.151183, -0.127856, 0.978128, 0.0, 0.0, 0.0, 0.0, 1.0],
                [0.619236, 0.782618, 0.081568, 0.0, -0.785233, 0.616628, 0.069376, 0.39386, 0.003998, -0.107467, 0.992081, 0.0, 0.0, 0.0, 0.0, 1.0],
                [0.678646, 0.655309, -0.333732, 0.0, -0.715169, 0.693554, -0.097693, 0.39386, 0.167453, 0.306268, 0.935301, -0.0, 0.0, 0.0, 0.0, 1.0],
                [0.638829, 0.29831, -0.707934, -0.0, -0.631328, 0.731398, -0.26164, 0.39386, 0.43976, 0.616663, 0.652782, 0.0, 0.0, 0.0, 0.0, 1.0],
                [0.748052, -0.012066, -0.662147, 0.0, -0.311449, 0.878379, -0.366213, 0.39386, 0.58607, 0.482188, 0.650544, 0.0, 0.0, 0.0, 0.0, 1.0]
            ]
        },
        {
            "name": "Hand_L",
            "time": [0.0, 0.0417, 0.0833, 0.125, 0.1667, 0.2083, 0.25, 0.2917, 0.3333, 0.375, 0.4167, 0.4583, 0.5],
            "transform": [
                [1.000899, 6e-06, -4e-06, -0.0, -3e-06, -0.219598, -0.970737, 0.3, -7e-06, 0.980102, -0.2175, 0.0, 0.0, 0.0, 0.0, 1.0],
                [1.000899, 6e-06, -4e-06, 0.0, -3e-06, -0.179071, -0.97591, 0.3, -7e-06, 0.991503, -0.176255, -0.0, 0.0, 0.0, 0.0, 1.0],
                [1.000899, 7e-06, -3e-06, 0.0, -3e-06, -0.065767, -0.989496, 0.3, -7e-06, 1.005486, -0.064721, -0.0, 0.0, 0.0, 0.0, 1.0],
                [1.0009, 7e-06, -3e-06, -0.0, -3e-06, 0.038443, -0.990306, 0.3, -7e-06, 1.007489, 0.037788, -0.0, 0.0, 0.0, 0.0, 1.0],
                [1.000901, 8e-06, -2e-06, 0.0, -3e-06, 0.218161, -0.971042, 0.3, -7e-06, 0.980434, 0.216071, -0.0, 0.0, 0.0, 0.0, 1.0],
                [1.000902, 8e-06, 2e-06, -0.0, -3e-06, 0.678747, -0.733498, 0.3, -7e-06, 0.737756, 0.67483, 0.0, 0.0, 0.0, 0.0, 1.0],
                [1.000897, 7e-06, 4e-06, -0.0, -3e-06, 0.836397, -0.548729, 0.3, -7e-06, 0.550781, 0.833281, 0.0, 0.0, 0.0, 0.0, 1.0],
                [1.000892, 7e-06, 4e-06, -0.0, -3e-06, 0.798009, -0.602995, 0.3, -7e-06, 0.605731, 0.794405, 0.0, 0.0, 0.0, 0.0, 1.0],
                [1.000895, 8e-06, 1e-06, 0.0, -3e-06, 0.525728, -0.847672, 0.3, -7e-06, 0.855786, 0.520744, 0.0, 0.0, 0.0, 0.0, 1.0],
                [1.000899, 8e-06, -1e-06, 0.0, -3e-06, 0.252216, -0.962316, 0.3, -7e-06, 0.972936, 0.249463, -0.0, 0.0, 0.0, 0.0, 1.0],
                [1.0009, 8e-06, -2e-06, 0.0, -3e-06, 0.153879, -0.983167, 0.3, -7e-06, 0.992434, 0.152442, 0.0, 0.0, 0.0, 0.0, 1.0],
                [1.000894, 7e-06, -3e-06, 0.0, -3e-06, -0.030738, -0.994415, 0.3, -7e-06, 1.003856, -0.030449, 0.0, 0.0, 0.0, 0.0, 1.0],
                [1.000897, 7e-06, -4e-06, 0.0, -3e-06, -0.125748, -0.987014, 0.3, -7e-06, 0.996461, -0.124556, -0.0, 0.0, 0.0, 0.0, 1.0]
            ]
        },
        {
            "name": "Tool_L",
            "time": [0.0, 0.5],
            "transform": [
                [-0.135923, -0.710597, -0.691265, -0.0, 0.970639, 0.041284, -0.232278, 0.272858, 0.193061, -0.707051, 0.680365, -1e-06, 0.0, 0.0, 0.0, 1.0],
                [-0.749732, -0.452554, -0.484101, 0.0, -0.096721, -0.652517, 0.749725, 0.272858, -0.657379, 0.611411, 0.441292, -1e-06, 0.0, 0.0, 0.0, 1.0]
            ]
        },
        {
            "name": "Elbow_L",
            "time": [0.0, 0.0417, 0.0833, 0.125, 0.1667, 0.2083, 0.25, 0.2917, 0.3333, 0.375, 0.4167, 0.4583, 0.5],
            "transform": [
                [-1.0, 0.0, 0.0, -0.0, 0.0, 0.0, -1.0, 0.3, -0.0, -1.0, -0.0, 0.0, 0.0, 0.0, 0.0, 1.0],
                [-1.0, 0.0, -0.0, 0.0, 0.0, -0.0, -1.0, 0.3, -0.0, -1.0, 0.0, -0.0, 0.0, 0.0, 0.0, 1.0],
                [-1.0, 0.0, -0.0, 0.0, 0.0, -0.0, -1.0, 0.3, -0.0, -1.0, 0.0, -0.0, 0.0, 0.0, 0.0, 1.0],
                [-1.0, 0.0, -0.0, -0.0, 0.0, -0.0, -1.0, 0.3, -0.0, -1.0, 0.0, -0.0, 0.0, 0.0, 0.0, 1.0],
                [-1.0, 0.0, -0.0, 0.0, 0.0, -0.0, -1.0, 0.3, -0.0, -1.0, 0.0, -0.0, 0.0, 0.0, 0.0, 1.0],
                [-1.0, 0.0, -0.0, -0.0, 0.0, -0.0, -1.0, 0.3, -0.0, -1.0, -0.0, 0.0, 0.0, 0.0, 0.0, 1.0],
                [-1.0, 0.0, -0.0, -0.0, 0.0, -0.0, -1.0, 0.3, -0.0, -1.0, -0.0, 0.0, 0.0, 0.0, 0.0, 1.0],
                [-1.0, 0.0, -0.0, -0.0, 0.0, -0.0, -1.0, 0.3, -0.0, -1.0, -0.0, 0.0, 0.0, 0.0, 0.0, 1.0],
                [-1.0, 0.0, -0.0, 0.0, 0.0, -0.0, -1.0, 0.3, -0.0, -1.0, -0.0, 0.0, 0.0, 0.0, 0.0, 1.0],
                [-1.0, 0.0, -0.0, 0.0, 0.0, -0.0, -1.0, 0.3, -0.0, -1.0, -0.0, -0.0, 0.0, 0.0, 0.0, 1.0],
                [-1.0, 0.0, -0.0, 0.0, 0.0, -0.0, -1.0, 0.3, -0.0, -1.0, -0.0, 0.0, 0.0, 0.0, 0.0, 1.0],
                [-1.0, 0.0, -0.0, 0.0, 0.0, -0.0, -1.0, 0.3, -0.0, -1.0, -0.0, 0.0, 0.0, 0.0, 0.0, 1.0],
                [-1.0, 0.0, 0.0, 0.0, 0.0, -0.0, -1.0, 0.3, -0.0, -1.0, -0.0, -0.0, 0.0, 0.0, 0.0, 1.0]
            ]
        }
    ]
}