{
    "animation": [
        {
            "name": "Root",
            "time": [0.0, 0.0417, 0.0833, 0.125, 0.1667, 0.2083, 0.25, 0.2917, 0.3333, 0.375, 0.4167, 0.4583, 0.5, 0.5417, 0.5833, 0.625, 0.6667, 0.7083, 1.25],
            "transform": [
                [1.0, -0.0, -0.0, 0.023393, -0.0, -0.0, -1.0, -0.234309, 0.0, 1.0, -0.0, 0.67208, 0.0, 0.0, 0.0, 1.0],
                [1.0, -0.0, -0.0, 0.023393, -0.0, -0.0, -1.0, -0.230159, 0.0, 1.0, -0.0, 0.67208, 0.0, 0.0, 0.0, 1.0],
                [1.0, -0.0, -0.0, 0.023393, -0.0, -0.0, -1.0, -0.225284, 0.0, 1.0, -0.0, 0.67208, 0.0, 0.0, 0.0, 1.0],
                [1.0, -0.0, -0.0, 0.023394, -0.0, -0.0, -1.0, -0.219921, 0.0, 1.0, -0.0, 0.67208, 0.0, 0.0, 0.0, 1.0],
                [1.0, -0.0, -0.0, 0.023394, -0.0, -0.0, -1.0, -0.215252, 0.0, 1.0, -0.0, 0.67208, 0.0, 0.0, 0.0, 1.0],
                [1.0, -0.0, -0.0, 0.023394, -0.0, -0.0, -1.0, -0.210547, 0.0, 1.0, -0.0, 0.67208, 0.0, 0.0, 0.0, 1.0],
                [1.0, -0.0, -0.0, 0.023394, -0.0, -0.0, -1.0, -0.20505, 0.0, 1.0, -0.0, 0.67208, 0.0, 0.0, 0.0, 1.0],
                [1.0, -0.0, -0.0, 0.023394, -0.0, -0.0, -1.0, -0.199941, 0.0, 1.0, -0.0, 0.67208, 0.0, 0.0, 0.0, 1.0],
                [1.0, -0.0, -0.0, 0.023394, -0.0, -0.0, -1.0, -0.195458, 0.0, 1.0, -0.0, 0.67208, 0.0, 0.0, 0.0, 1.0],
                [1.0, -0.0, -0.0, 0.023394, -0.0, -0.0, -1.0, -0.192348, 0.0, 1.0, -0.0, 0.67208, 0.0, 0.0, 0.0, 1.0],
                [1.0, -0.0, -0.0, 0.023394, -0.0, -0.0, -1.0, -0.190026, 0.0, 1.0, -0.0, 0.67208, 0.0, 0.0, 0.0, 1.0],
                [1.0, -0.0, -0.0, 0.023394, -0.0, -0.0, -1.0, -0.188757, 0.0, 1.0, -0.0, 0.67208, 0.0, 0.0, 0.0, 1.0],
                [1.0, -0.0, -0.0, 0.023395, -0.0, -0.0, -1.0, -0.189558, 0.0, 1.0, -0.0, 0.67208, 0.0, 0.0, 0.0, 1.0],
                [1.0, -0.0, -0.0, 0.023395, -0.0, -0.0, -1.0, -0.19287, 0.0, 1.0, -0.0, 0.67208, 0.0, 0.0, 0.0, 1.0],
                [1.0, -0.0, -0.0, 0.023395, -0.0, -0.0, -1.0, -0.196789, 0.0, 1.0, -0.0, 0.67208, 0.0, 0.0, 0.0, 1.0],
                [1.0, -0.0, -0.0, 0.023395, -0.0, -0.0, -1.0, -0.201328, 0.0, 1.0, -0.0, 0.67208, 0.0, 0.0, 0.0, 1.0],
                [1.0, -0.0, -0.0, 0.023395, -0.0, -0.0, -1.0, -0.206872, 0.0, 1.0, -0.0, 0.67208, 0.0, 0.0, 0.0, 1.0],
                [1.0, -0.0, -0.0, 0.023395, -0.0, -0.0, -1.0, -0.211084, 0.0, 1.0, -0.0, 0.67208, 0.0, 0.0, 0.0, 1.0],
                [1.0, -0.0, -0.0, 0.023393, -0.0, -0.0, -1.0, -0.234309, 0.0, 1.0, -0.0, 0.67208, 0.0, 0.0, 0.0, 1.0]
            ]
        },
        {
            "name": "Thigh_R",
            "time": [0.0, 0.0417, 0.0833, 0.125, 0.1667, 0.2083, 0.25, 0.2917, 0.3333, 0.375, 0.4167, 0.4583, 0.5, 0.5417, 0.5833, 0.625, 0.6667, 0.7083, 1.25],
            "transform": [
                [0.696239, 0.192831, 0.691425, 0.103883, -0.041082, -0.950958, 0.306581, 0.059644, 0.716636, -0.241858, -0.654171, 0.060716, 0.0, 0.0, 0.0, 1.0],
                [0.687745, 0.233566, 0.687354, 0.103883, -0.034869, -0.935108, 0.352643, 0.059644, 0.725117, -0.266495, -0.63497, 0.060716, 0.0, 0.0, 0.0, 1.0],
                [0.682597, 0.27687, 0.676318, 0.103883, -0.027714, -0.914981, 0.402544, 0.059644, 0.730272, -0.293518, -0.616889, 0.060716, 0.0, 0.0, 0.0, 1.0],
                [0.678474, 0.317064, 0.66268, 0.103883, -0.020936, -0.893354, 0.448866, 0.059644, 0.734328, -0.318417, -0.599479, 0.060716, 0.0, 0.0, 0.0, 1.0],
                [0.675633, 0.344974, 0.651548, 0.103883, -0.015432, -0.876957, 0.480322, 0.059644, 0.737079, -0.334576, -0.587176, 0.060716, 0.0, 0.0, 0.0, 1.0],
                [0.67185, 0.363536, 0.645338, 0.103883, -0.011813, -0.865898, 0.500081, 0.059644, 0.740595, -0.343602, -0.577458, 0.060716, 0.0, 0.0, 0.0, 1.0],
                [0.669834, 0.36689, 0.645535, 0.103883, -0.012469, -0.863713, 0.50383, 0.059644, 0.742408, -0.345531, -0.573969, 0.060716, 0.0, 0.0, 0.0, 1.0],
                [0.666431, 0.359468, 0.653187, 0.103883, -0.008439, -0.872401, 0.488718, 0.059644, 0.745522, -0.331208, -0.57836, 0.060716, 0.0, 0.0, 0.0, 1.0],
                [0.663413, 0.339649, 0.666726, 0.103883, -0.008072, -0.887741, 0.460272, 0.059644, 0.748213, -0.310731, -0.586196, 0.060716, 0.0, 0.0, 0.0, 1.0],
                [0.662346, 0.31798, 0.678371, 0.103883, -0.010476, -0.901443, 0.432771, 0.059644, 0.749127, -0.29375, -0.593736, 0.060716, 0.0, 0.0, 0.0, 1.0],
                [0.660876, 0.299123, 0.688309, 0.103883, -0.013102, -0.912401, 0.409088, 0.059644, 0.750383, -0.279374, -0.599064, 0.060716, 0.0, 0.0, 0.0, 1.0],
                [0.661441, 0.285224, 0.693645, 0.103883, -0.0147, -0.919756, 0.392217, 0.059644, 0.749855, -0.269624, -0.60417, 0.060716, 0.0, 0.0, 0.0, 1.0],
                [0.661265, 0.276596, 0.697299, 0.103883, -0.016076, -0.924103, 0.381806, 0.059644, 0.749983, -0.263684, -0.606629, 0.060716, 0.0, 0.0, 0.0, 1.0],
                [0.661808, 0.269491, 0.699562, 0.103883, -0.017228, -0.927441, 0.373574, 0.059644, 0.749479, -0.259286, -0.609143, 0.060716, 0.0, 0.0, 0.0, 1.0],
                [0.66225, 0.264602, 0.701008, 0.103883, -0.017931, -0.929706, 0.367867, 0.059644, 0.749071, -0.256189, -0.610952, 0.060716, 0.0, 0.0, 0.0, 1.0],
                [0.662889, 0.259787, 0.702204, 0.103883, -0.018946, -0.931754, 0.362597, 0.059644, 0.748481, -0.253665, -0.612726, 0.060716, 0.0, 0.0, 0.0, 1.0],
                [0.663212, 0.255582, 0.703441, 0.103883, -0.018635, -0.933956, 0.356904, 0.059644, 0.748202, -0.249811, -0.614646, 0.060716, 0.0, 0.0, 0.0, 1.0],
                [0.662168, 0.252962, 0.705369, 0.103883, -0.017605, -0.935789, 0.352123, 0.059644, 0.749151, -0.245582, -0.615195, 0.060716, 0.0, 0.0, 0.0, 1.0],
                [0.696239, 0.192831, 0.691425, 0.103883, -0.041082, -0.950958, 0.306581, 0.059644, 0.716636, -0.241858, -0.654171, 0.060716, 0.0, 0.0, 0.0, 1.0]
            ]
        },
        {
            "name": "Leg_R",
            "time": [0.0, 0.0417, 0.0833, 0.125, 0.1667, 0.2083, 0.25, 0.2917, 0.3333, 0.375, 0.4167, 0.4583, 0.5, 0.5417, 0.5833, 0.625, 0.6667, 0.7083, 1.25],
            "transform": [
                [1.0, 0.0, 0.0, -0.0, -0.0, 0.866573, 0.49905, 0.37472, 0.0, -0.499051, 0.866572, -0.0, 0.0, 0.0, 0.0, 1.0],
                [1.0, 0.0, 0.0, 0.0, -0.0, 0.825998, 0.563673, 0.37472, 0.0, -0.563673, 0.825997, 0.0, 0.0, 0.0, 0.0, 1.0],
                [1.0, 0.0, -0.0, -0.0, -0.0, 0.776405, 0.630235, 0.37472, 0.0, -0.630236, 0.776403, 0.0, 0.0, 0.0, 0.0, 1.0],
                [1.0, 0.0, -0.0, -0.0, -0.0, 0.724595, 0.689174, 0.37472, 0.0, -0.689175, 0.724594, -0.0, 0.0, 0.0, 0.0, 1.0],
                [1.0, 0.0, 0.0, -0.0, -0.0, 0.686155, 0.727455, 0.37472, 0.0, -0.727456, 0.686154, 0.0, 0.0, 0.0, 0.0, 1.0],
                [1.0, 0.0, -0.0, 0.0, -0.0, 0.659936, 0.751321, 0.37472, 0.0, -0.751322, 0.659935, 0.0, 0.0, 0.0, 0.0, 1.0],
                [1.0, 0.0, 0.0, -0.0, -0.0, 0.653077, 0.757291, 0.37472, 0.0, -0.757292, 0.653076, -0.0, 0.0, 0.0, 0.0, 1.0],
                [1.0, 0.0, -0.0, 0.0, -0.0, 0.675895, 0.736997, 0.37472, 0.0, -0.736998, 0.675894, 0.0, 0.0, 0.0, 0.0, 1.0],
                [1.0, 0.0, 0.0, -0.0, -0.0, 0.714977, 0.699147, 0.37472, 0.0, -0.699148, 0.714976, 0.0, 0.0, 0.0, 0.0, 1.0],
                [1.0, 0.0, -0.0, -0.0, -0.0, 0.749708, 0.661769, 0.37472, 0.0, -0.66177, 0.749707, -0.0, 0.0, 0.0, 0.0, 1.0],
                [1.0, 0.0, 0.0, -0.0, -0.0, 0.778595, 0.627526, 0.37472, 0.0, -0.627527, 0.778594, 0.0, 0.0, 0.0, 0.0, 1.0],
                [1.0, 0.0, 0.0, 0.0, -0.0, 0.799978, 0.600028, 0.37472, 0.0, -0.600029, 0.799977, -0.0, 0.0, 0.0, 0.0, 1.0],
                [1.0, 0.0, 0.0, 0.0, -0.0, 0.813362, 0.581757, 0.37472, 0.0, -0.581758, 0.813361, 0.0, 0.0, 0.0, 0.0, 1.0],
                [1.0, 0.0, 0.0, 0.0, -0.0, 0.823682, 0.567051, 0.37472, 0.0, -0.567051, 0.823681, 0.0, 0.0, 0.0, 0.0, 1.0],
                [1.0, 0.0, 0.0, 0.0, -0.0, 0.830751, 0.556644, 0.37472, 0.0, -0.556644, 0.83075, 0.0, 0.0, 0.0, 0.0, 1.0],
                [1.0, 0.0, 0.0, -0.0, -0.0, 0.837001, 0.547201, 0.37472, 0.0, -0.547201, 0.837001, 0.0, 0.0, 0.0, 0.0, 1.0],
                [1.0, 0.0, -0.0, 0.0, -0.0, 0.844261, 0.535933, 0.37472, 0.0, -0.535934, 0.844259, 0.0, 0.0, 0.0, 0.0, 1.0],
                [1.0, 0.0, 0.0, -0.0, -0.0, 0.850621, 0.525779, 0.37472, 0.0, -0.52578, 0.85062, 0.0, 0.0, 0.0, 0.0, 1.0],
                [1.0, 0.0, 0.0, -0.0, -0.0, 0.866573, 0.49905, 0.37472, 0.0, -0.499051, 0.866572, -0.0, 0.0, 0.0, 0.0, 1.0]
            ]
        },
        {
            "name": "Knee_R",
            "time": [0.0, 1.25],
            "transform": [
                [1.0, 0.0, -0.0, -0.0, -0.0, 1e-06, -1.0, 0.37472, -0.0, 1.0, 1e-06, -0.0, 0.0, 0.0, 0.0, 1.0],
                [1.0, 0.0, -0.0, -0.0, -0.0, 1e-06, -1.0, 0.37472, -0.0, 1.0, 1e-06, -0.0, 0.0, 0.0, 0.0, 1.0]
            ]
        },
        {
            "name": "Thigh_L",
            "time": [0.0, 0.0417, 0.0833, 0.125, 0.1667, 0.2083, 0.25, 0.2917, 0.3333, 0.375, 0.4167, 0.4583, 0.5, 0.5417, 0.5833, 0.625, 0.6667, 0.7083, 1.25],
            "transform": [
                [0.996617, -0.0547, 0.061297, -0.14046, -0.071406, -0.207798, 0.975561, 0.07724, -0.040625, -0.976644, -0.211001, 0.011766, 0.0, 0.0, 0.0, 1.0],
                [0.996463, -0.05035, 0.067247, -0.14046, -0.074863, -0.169032, 0.982762, 0.07724, -0.038115, -0.984326, -0.172204, 0.011766, 0.0, 0.0, 0.0, 1.0],
                [0.996293, -0.047902, 0.07142, -0.140461, -0.077338, -0.135902, 0.987698, 0.07724, -0.037607, -0.989566, -0.139103, 0.011766, 0.0, 0.0, 0.0, 1.0],
                [0.996127, -0.046659, 0.074497, -0.140461, -0.079156, -0.107583, 0.991039, 0.07724, -0.038226, -0.993103, -0.11086, 0.011766, 0.0, 0.0, 0.0, 1.0],
                [0.995975, -0.046659, 0.076497, -0.14046, -0.080342, -0.087019, 0.992961, 0.07724, -0.039673, -0.995116, -0.090417, 0.011766, 0.0, 0.0, 0.0, 1.0],
                [0.995848, -0.046006, 0.078521, -0.140461, -0.081579, -0.068879, 0.994283, 0.07724, -0.040334, -0.996566, -0.072347, 0.011766, 0.0, 0.0, 0.0, 1.0],
                [0.995654, -0.047137, 0.080294, -0.14046, -0.082625, -0.04979, 0.995335, 0.07724, -0.042919, -0.997649, -0.053468, 0.011766, 0.0, 0.0, 0.0, 1.0],
                [0.995521, -0.047338, 0.081816, -0.14046, -0.083417, -0.032906, 0.99597, 0.07724, -0.044454, -0.998339, -0.036708, 0.011766, 0.0, 0.0, 0.0, 1.0],
                [0.99546, -0.045262, 0.08371, -0.14046, -0.084557, -0.017157, 0.99627, 0.07724, -0.043657, -0.99883, -0.020907, 0.011766, 0.0, 0.0, 0.0, 1.0],
                [0.995365, -0.044175, 0.085396, -0.14046, -0.085681, -0.004614, 0.996311, 0.07724, -0.043618, -0.999016, -0.008378, 0.011766, 0.0, 0.0, 0.0, 1.0],
                [0.995261, -0.042642, 0.087365, -0.14046, -0.087102, 0.007981, 0.996166, 0.07724, -0.043175, -0.999061, 0.004229, 0.011766, 0.0, 0.0, 0.0, 1.0],
                [0.994985, -0.044194, 0.089707, -0.14046, -0.088803, 0.021999, 0.995805, 0.07724, -0.045981, -0.998783, 0.017963, 0.011766, 0.0, 0.0, 0.0, 1.0],
                [0.994787, -0.043771, 0.09208, -0.140461, -0.090896, 0.028323, 0.995457, 0.07724, -0.04618, -0.998643, 0.024197, 0.011766, 0.0, 0.0, 0.0, 1.0],
                [0.994692, -0.041795, 0.094009, -0.14046, -0.092976, 0.026002, 0.995328, 0.07724, -0.044043, -0.99879, 0.021977, 0.011766, 0.0, 0.0, 0.0, 1.0],
                [0.994604, -0.039552, 0.095889, -0.14046, -0.095183, 0.019337, 0.995271, 0.07724, -0.041219, -0.999033, 0.015468, 0.011766, 0.0, 0.0, 0.0, 1.0],
                [0.99457, -0.037399, 0.097101, -0.14046, -0.096747, 0.011146, 0.995245, 0.07724, -0.038304, -0.999241, 0.007467, 0.011766, 0.0, 0.0, 0.0, 1.0],
                [0.994554, -0.034918, 0.098179, -0.14046, -0.098182, 0.001608, 0.995166, 0.07724, -0.034907, -0.999391, -0.00183, 0.011766, 0.0, 0.0, 0.0, 1.0],
                [0.99445, -0.032999, 0.099879, -0.14046, -0.100131, -0.006059, 0.994955, 0.07724, -0.032227, -0.99944, -0.00933, 0.011766, 0.0, 0.0, 0.0, 1.0],
                [0.996617, -0.0547, 0.061297, -0.14046, -0.071406, -0.207798, 0.975561, 0.07724, -0.040625, -0.976644, -0.211001, 0.011766, 0.0, 0.0, 0.0, 1.0]
            ]
        },
        {
            "name": "Leg_L",
            "time": [0.0, 0.0417, 0.0833, 0.125, 0.1667, 0.2083, 0.25, 0.2917, 0.3333, 0.375, 0.4167, 0.4583, 0.5, 0.5417, 0.5833, 0.625, 0.6667, 0.7083, 1.25],
            "transform": [
                [0.999998, -0.0, -0.0, -0.0, 0.0, -0.482904, 0.875674, 0.37472, -0.0, -0.875675, -0.482903, 0.0, 0.0, 0.0, 0.0, 1.0],
                [0.999998, -0.0, -0.0, -0.0, -0.0, -0.502012, 0.864861, 0.37472, -0.0, -0.864862, -0.502011, -0.0, 0.0, 0.0, 0.0, 1.0],
                [0.999998, -0.0, -0.0, -0.0, -0.0, -0.51103, 0.859564, 0.37472, -0.0, -0.859564, -0.51103, 0.0, 0.0, 0.0, 0.0, 1.0],
                [0.999998, -0.0, -0.0, 0.0, -0.0, -0.51027, 0.860015, 0.37472, -0.0, -0.860015, -0.51027, 0.0, 0.0, 0.0, 0.0, 1.0],
                [0.999998, -0.0, -0.0, 0.0, -0.0, -0.508679, 0.860957, 0.37472, -0.0, -0.860958, -0.508679, -0.0, 0.0, 0.0, 0.0, 1.0],
                [0.999998, -0.0, -0.0, 0.0, -0.0, -0.506365, 0.86232, 0.37472, -0.0, -0.86232, -0.506365, 0.0, 0.0, 0.0, 0.0, 1.0],
                [0.999998, -0.0, -0.0, -0.0, -0.0, -0.498257, 0.86703, 0.37472, -0.0, -0.867031, -0.498256, -0.0, 0.0, 0.0, 0.0, 1.0],
                [0.999998, -0.0, -0.0, 0.0, -0.0, -0.488343, 0.872652, 0.37472, -0.0, -0.872653, -0.488342, 0.0, 0.0, 0.0, 0.0, 1.0],
                [0.999998, -0.0, -0.0, -0.0, 0.0, -0.479035, 0.877796, 0.37472, -0.0, -0.877797, -0.479034, 0.0, 0.0, 0.0, 0.0, 1.0],
                [0.999998, -0.0, -0.0, 0.0, 0.0, -0.472897, 0.881118, 0.37472, -0.0, -0.881119, -0.472897, 0.0, 0.0, 0.0, 0.0, 1.0],
                [0.999998, -0.0, -0.0, 0.0, 0.0, -0.471043, 0.882111, 0.37472, -0.0, -0.882112, -0.471043, 0.0, 0.0, 0.0, 0.0, 1.0],
                [0.999998, -0.0, -0.0, 0.0, 0.0, -0.469913, 0.882713, 0.37472, -0.0, -0.882714, -0.469913, -0.0, 0.0, 0.0, 0.0, 1.0],
                [0.999998, -0.0, -0.0, -0.0, 0.0, -0.468783, 0.883314, 0.37472, -0.0, -0.883315, -0.468783, 0.0, 0.0, 0.0, 0.0, 1.0],
                [0.999998, -0.0, -0.0, 0.0, 0.0, -0.467089, 0.884211, 0.37472, -0.0, -0.884212, -0.467088, -0.0, 0.0, 0.0, 0.0, 1.0],
                [0.999998, -0.0, -0.0, -0.0, 0.0, -0.464737, 0.88545, 0.37472, -0.0, -0.88545, -0.464737, -0.0, 0.0, 0.0, 0.0, 1.0],
                [0.999998, -0.0, -0.0, 0.0, 0.0, -0.461972, 0.886895, 0.37472, -0.0, -0.886897, -0.461971, 0.0, 0.0, 0.0, 0.0, 1.0],
                [0.999998, -0.0, -0.0, -0.0, 0.0, -0.458632, 0.888627, 0.37472, -0.0, -0.888628, -0.458632, -0.0, 0.0, 0.0, 0.0, 1.0],
                [0.999998, -0.0, -0.0, -0.0, 0.0, -0.456027, 0.889967, 0.37472, -0.0, -0.889968, -0.456026, 0.0, 0.0, 0.0, 0.0, 1.0],
                [0.999998, -0.0, -0.0, -0.0, 0.0, -0.482904, 0.875674, 0.37472, -0.0, -0.875675, -0.482903, 0.0, 0.0, 0.0, 0.0, 1.0]
            ]
        },
        {
            "name": "Knee_L",
            "time": [0.0, 1.25],
            "transform": [
                [1.0, 0.0, -0.0, -0.0, -0.0, 1e-06, -1.0, 0.37472, -0.0, 1.0, 1e-06, 0.0, 0.0, 0.0, 0.0, 1.0],
                [1.0, 0.0, -0.0, -0.0, -0.0, 1e-06, -1.0, 0.37472, -0.0, 1.0, 1e-06, 0.0, 0.0, 0.0, 0.0, 1.0]
            ]
        },
        {
            "name": "Torso",
            "time": [0.0, 0.0417, 0.0833, 0.125, 0.1667, 0.2083, 0.25, 0.2917, 0.3333, 0.375, 0.4167, 0.4583, 0.5, 0.5417, 0.5833, 0.625, 0.6667, 0.7083, 1.25],
            "transform": [
                [0.880474, -0.116642, -0.459524, 0.0, 0.000796, 0.969623, -0.244597, 0.05, 0.474096, 0.214995, 0.853821, -0.0, 0.0, 0.0, 0.0, 1.0],
                [0.880408, -0.115016, -0.46006, -0.0, 0.001896, 0.970987, -0.239121, 0.05, 0.474216, 0.209651, 0.855083, -0.0, 0.0, 0.0, 0.0, 1.0],
                [0.880173, -0.114079, -0.460743, 0.0, 0.004511, 0.972654, -0.23221, 0.05, 0.474635, 0.202306, 0.856618, -0.0, 0.0, 0.0, 0.0, 1.0],
                [0.879825, -0.113572, -0.461532, 0.0, 0.008236, 0.974529, -0.224107, 0.05, 0.47523, 0.193373, 0.85835, -0.0, 0.0, 0.0, 0.0, 1.0],
                [0.879476, -0.113399, -0.46224, -0.0, 0.012008, 0.976178, -0.216635, 0.05, 0.475796, 0.184974, 0.859886, -0.0, 0.0, 0.0, 0.0, 1.0],
                [0.879099, -0.113293, -0.462981, 0.0, 0.016198, 0.97788, -0.208535, 0.05, 0.476366, 0.175824, 0.861488, -0.0, 0.0, 0.0, 0.0, 1.0],
                [0.878652, -0.113098, -0.463876, 0.0, 0.021443, 0.979906, -0.198297, 0.05, 0.476984, 0.164287, 0.863422, -0.0, 0.0, 0.0, 0.0, 1.0],
                [0.878244, -0.112672, -0.464753, -0.0, 0.026649, 0.981867, -0.187681, 0.05, 0.477474, 0.152445, 0.865321, -0.0, 0.0, 0.0, 0.0, 1.0],
                [0.877909, -0.111837, -0.465586, -0.0, 0.031491, 0.98372, -0.176918, 0.05, 0.477794, 0.140656, 0.867139, -0.0, 0.0, 0.0, 0.0, 1.0],
                [0.87771, -0.110688, -0.466236, 0.0, 0.035024, 0.985171, -0.167954, 0.05, 0.477914, 0.131085, 0.868571, -0.0, 0.0, 0.0, 0.0, 1.0],
                [0.877605, -0.109016, -0.466827, 0.0, 0.037851, 0.986516, -0.15922, 0.05, 0.477892, 0.122062, 0.869897, -0.0, 0.0, 0.0, 0.0, 1.0],
                [0.877616, -0.10611, -0.467475, 0.0, 0.040132, 0.988032, -0.148927, 0.05, 0.477684, 0.11194, 0.871371, -0.0, 0.0, 0.0, 0.0, 1.0],
                [0.877796, -0.101608, -0.468138, 0.0, 0.041172, 0.989631, -0.137597, 0.05, 0.477266, 0.101507, 0.872877, -0.0, 0.0, 0.0, 0.0, 1.0],
                [0.878088, -0.095802, -0.468813, 0.0, 0.041406, 0.991289, -0.125018, 0.05, 0.476707, 0.090365, 0.874406, -0.0, 0.0, 0.0, 0.0, 1.0],
                [0.878389, -0.09025, -0.469351, -0.0, 0.041125, 0.992639, -0.113908, 0.05, 0.476177, 0.080753, 0.875634, -0.0, 0.0, 0.0, 0.0, 1.0],
                [0.87871, -0.084357, -0.469846, 0.0, 0.040639, 0.993907, -0.102444, 0.05, 0.475626, 0.070925, 0.876784, -0.0, 0.0, 0.0, 0.0, 1.0],
                [0.879092, -0.077208, -0.47036, 0.0, 0.039998, 0.995261, -0.088614, 0.05, 0.474974, 0.059086, 0.878015, -0.0, 0.0, 0.0, 0.0, 1.0],
                [0.879388, -0.0715, -0.47071, -0.0, 0.039617, 0.996219, -0.077311, 0.05, 0.474459, 0.049338, 0.878895, -0.0, 0.0, 0.0, 0.0, 1.0],
                [0.880474, -0.116642, -0.459524, 0.0, 0.000796, 0.969623, -0.244597, 0.05, 0.474096, 0.214995, 0.853821, -0.0, 0.0, 0.0, 0.0, 1.0]
            ]
        },
        {
            "name": "Chest",
            "time": [0.0, 0.0417, 0.0833, 0.125, 0.1667, 0.2083, 0.25, 0.2917, 0.3333, 0.375, 0.4167, 0.4583, 0.5, 0.5417, 0.5833, 0.625, 0.6667, 0.7083, 1.25],
            "transform": [
                [0.972208, -0.082627, 0.219066, -0.0, -0.008274, 0.922947, 0.384835, 0.3, -0.233986, -0.375951, 0.89661, 0.0, 0.0, 0.0, 0.0, 1.0],
                [0.973311, -0.080991, 0.214735, -0.0, -0.005342, 0.92741, 0.374003, 0.3, -0.229439, -0.365167, 0.902225, -0.0, 0.0, 0.0, 0.0, 1.0],
                [0.974899, -0.07771, 0.208659, 0.0, -0.002391, 0.933411, 0.358798, 0.3, -0.222647, -0.350289, 0.909794, 0.0, 0.0, 0.0, 0.0, 1.0],
                [0.976897, -0.073024, 0.200862, 0.0, 0.000371, 0.940395, 0.340081, 0.3, -0.213725, -0.332148, 0.918694, -0.0, 0.0, 0.0, 0.0, 1.0],
                [0.978822, -0.068319, 0.192989, -0.0, 0.002505, 0.9466, 0.322397, 0.3, -0.20471, -0.315085, 0.926722, -0.0, 0.0, 0.0, 0.0, 1.0],
                [0.981161, -0.062613, 0.182779, 0.0, 0.004301, 0.952875, 0.303329, 0.3, -0.193159, -0.296827, 0.935191, 0.0, 0.0, 0.0, 0.0, 1.0],
                [0.983671, -0.056082, 0.171033, -0.0, 0.006159, 0.960149, 0.279414, 0.3, -0.179888, -0.273797, 0.944814, -0.0, 0.0, 0.0, 0.0, 1.0],
                [0.985932, -0.049854, 0.159556, -0.0, 0.007581, 0.966843, 0.25525, 0.3, -0.166992, -0.250449, 0.953618, -0.0, 0.0, 0.0, 0.0, 1.0],
                [0.988244, -0.043804, 0.146492, -0.0, 0.008753, 0.97272, 0.231812, 0.3, -0.152651, -0.227804, 0.961666, 0.0, 0.0, 0.0, 0.0, 1.0],
                [0.989871, -0.039561, 0.136369, -0.0, 0.009632, 0.976897, 0.213484, 0.3, -0.141665, -0.210007, 0.967381, -0.0, 0.0, 0.0, 0.0, 1.0],
                [0.991332, -0.03617, 0.126327, 0.0, 0.010654, 0.980328, 0.19708, 0.3, -0.13097, -0.194025, 0.972214, 0.0, 0.0, 0.0, 0.0, 1.0],
                [0.992355, -0.034202, 0.118607, -0.0, 0.012348, 0.983532, 0.180303, 0.3, -0.122821, -0.17746, 0.976433, -0.0, 0.0, 0.0, 0.0, 1.0],
                [0.993408, -0.033374, 0.109697, 0.0, 0.014775, 0.985985, 0.166169, 0.3, -0.113706, -0.163452, 0.979976, -0.0, 0.0, 0.0, 0.0, 1.0],
                [0.994311, -0.033513, 0.101137, -0.0, 0.017666, 0.987959, 0.153695, 0.3, -0.105071, -0.151033, 0.982928, 0.0, 0.0, 0.0, 0.0, 1.0],
                [0.995004, -0.034306, 0.093785, 0.0, 0.020517, 0.989331, 0.144223, 0.3, -0.097733, -0.141578, 0.98509, -0.0, 0.0, 0.0, 0.0, 1.0],
                [0.995638, -0.035265, 0.086408, -0.0, 0.02335, 0.990539, 0.13522, 0.3, -0.09036, -0.132612, 0.98704, -0.0, 0.0, 0.0, 0.0, 1.0],
                [0.996327, -0.036372, 0.077566, 0.0, 0.026527, 0.991879, 0.124373, 0.3, -0.08146, -0.121858, 0.989198, -0.0, 0.0, 0.0, 0.0, 1.0],
                [0.996933, -0.037072, 0.068963, 0.0, 0.028971, 0.992945, 0.114969, 0.3, -0.072739, -0.112618, 0.990972, 0.0, 0.0, 0.0, 0.0, 1.0],
                [0.972208, -0.082627, 0.219066, -0.0, -0.008274, 0.922947, 0.384835, 0.3, -0.233986, -0.375951, 0.89661, 0.0, 0.0, 0.0, 0.0, 1.0]
            ]
        },
        {
            "name": "Head",
            "time": [0.0, 0.0417, 0.0833, 0.125, 0.1667, 0.2083, 0.25, 0.2917, 0.3333, 0.375, 0.4167, 0.4583, 0.5, 0.5417, 0.5833, 0.625, 0.6667, 0.7083, 1.25],
            "transform": [
                [0.970817, 0.138319, 0.195907, 0.0, -0.108754, 0.982002, -0.154404, 0.4, -0.213737, 0.128592, 0.968393, 0.0, 0.0, 0.0, 0.0, 1.0],
                [0.969678, 0.140446, 0.199992, -0.0, -0.112425, 0.982991, -0.145213, 0.4, -0.216984, 0.118326, 0.96898, -0.0, 0.0, 0.0, 0.0, 1.0],
                [0.967792, 0.142684, 0.207404, -0.0, -0.116616, 0.984236, -0.132951, 0.4, -0.223103, 0.104482, 0.969182, -0.0, 0.0, 0.0, 0.0, 1.0],
                [0.965236, 0.14497, 0.217483, 0.0, -0.121414, 0.985551, -0.118091, 0.4, -0.231459, 0.08758, 0.968897, 0.0, 0.0, 0.0, 0.0, 1.0],
                [0.962681, 0.146778, 0.227374, -0.0, -0.125795, 0.986562, -0.104253, 0.4, -0.239619, 0.07176, 0.968214, -0.0, 0.0, 0.0, 0.0, 1.0],
                [0.959794, 0.148393, 0.238271, 0.0, -0.130481, 0.987415, -0.089352, 0.4, -0.248531, 0.054669, 0.967082, 0.0, 0.0, 0.0, 0.0, 1.0],
                [0.955994, 0.150187, 0.252023, 0.0, -0.136532, 0.988092, -0.070927, 0.4, -0.259674, 0.033397, 0.965121, 0.0, 0.0, 0.0, 0.0, 1.0],
                [0.951973, 0.151856, 0.265864, 0.0, -0.142927, 0.988326, -0.052736, 0.4, -0.270768, 0.012205, 0.96257, -0.0, 0.0, 0.0, 0.0, 1.0],
                [0.947902, 0.15347, 0.279154, 0.0, -0.149542, 0.988118, -0.035446, 0.4, -0.281276, -0.008146, 0.959595, 0.0, 0.0, 0.0, 0.0, 1.0],
                [0.944619, 0.154736, 0.289395, -0.0, -0.15492, 0.987671, -0.022418, 0.4, -0.289295, -0.023656, 0.95695, 0.0, 0.0, 0.0, 0.0, 1.0],
                [0.941536, 0.156296, 0.29846, -0.0, -0.160292, 0.987004, -0.011206, 0.4, -0.296331, -0.03729, 0.954359, -0.0, 0.0, 0.0, 0.0, 1.0],
                [0.938199, 0.15859, 0.307619, -0.0, -0.166455, 0.986047, -0.000682, 0.4, -0.303434, -0.050565, 0.951512, 0.0, 0.0, 0.0, 0.0, 1.0],
                [0.934847, 0.161915, 0.315979, 0.0, -0.172831, 0.984927, 0.006633, 0.4, -0.310142, -0.060812, 0.948745, -0.0, 0.0, 0.0, 0.0, 1.0],
                [0.931343, 0.166024, 0.324091, 0.0, -0.179426, 0.9837, 0.011691, 0.4, -0.316867, -0.069038, 0.945956, 0.0, 0.0, 0.0, 0.0, 1.0],
                [0.928273, 0.17024, 0.330644, 0.0, -0.185287, 0.982579, 0.014283, 0.4, -0.322452, -0.074522, 0.94365, 0.0, 0.0, 0.0, 0.0, 1.0],
                [0.925044, 0.174685, 0.337308, -0.0, -0.191209, 0.981415, 0.016123, 0.4, -0.328222, -0.07941, 0.941259, -0.0, 0.0, 0.0, 0.0, 1.0],
                [0.921067, 0.180009, 0.345296, -0.0, -0.198352, 0.97996, 0.018227, 0.4, -0.335095, -0.085279, 0.938319, 0.0, 0.0, 0.0, 0.0, 1.0],
                [0.917739, 0.184259, 0.351856, 0.0, -0.204296, 0.978696, 0.020339, 0.4, -0.340612, -0.090549, 0.935835, -0.0, 0.0, 0.0, 0.0, 1.0],
                [0.970817, 0.138319, 0.195907, 0.0, -0.108754, 0.982002, -0.154404, 0.4, -0.213737, 0.128592, 0.968393, 0.0, 0.0, 0.0, 0.0, 1.0]
            ]
        },
        {
            "name": "Shoulder_R",
            "time": [0.0, 0.0417, 0.0833, 0.125, 0.1667, 0.2083, 0.25, 0.2917, 0.3333, 0.375, 0.4167, 0.4583, 0.5, 0.5417, 0.5833, 0.625, 0.6667, 0.7083, 1.25],
            "transform": [
                [0.265374, 0.900544, -0.344404, 0.0, 0.694503, -0.42633, -0.579579, 0.4, -0.668795, -0.085387, -0.738513, 0.0, 0.0, 0.0, 0.0, 1.0],
                [0.265554, 0.899382, -0.347288, -0.0, 0.69409, -0.428367, -0.578569, 0.4, -0.669151, -0.08741, -0.737954, -0.0, 0.0, 0.0, 0.0, 1.0],
                [0.265269, 0.898102, -0.350801, -0.0, 0.693908, -0.430448, -0.577242, 0.4, -0.669453, -0.090302, -0.737332, -0.0, 0.0, 0.0, 0.0, 1.0],
                [0.265225, 0.897217, -0.353093, 0.0, 0.694126, -0.43186, -0.575925, 0.4, -0.669245, -0.092344, -0.737268, 0.0, 0.0, 0.0, 0.0, 1.0],
                [0.265876, 0.896993, -0.353172, -0.0, 0.694677, -0.432295, -0.574932, 0.4, -0.668414, -0.092483, -0.738003, -0.0, 0.0, 0.0, 0.0, 1.0],
                [0.267092, 0.897259, -0.351574, 0.0, 0.696266, -0.431915, -0.573294, 0.4, -0.666273, -0.091669, -0.740039, 0.0, 0.0, 0.0, 0.0, 1.0],
                [0.26938, 0.897637, -0.348854, 0.0, 0.696654, -0.431752, -0.572945, 0.4, -0.664944, -0.088694, -0.741594, 0.0, 0.0, 0.0, 0.0, 1.0],
                [0.271757, 0.898149, -0.345679, 0.0, 0.69784, -0.431268, -0.571865, 0.4, -0.662729, -0.085823, -0.74391, -0.0, 0.0, 0.0, 0.0, 1.0],
                [0.27392, 0.898598, -0.342793, 0.0, 0.698747, -0.430863, -0.571063, 0.4, -0.660882, -0.083102, -0.745861, 0.0, 0.0, 0.0, 0.0, 1.0],
                [0.275063, 0.898944, -0.340966, -0.0, 0.699756, -0.430399, -0.570177, 0.4, -0.659338, -0.08176, -0.747374, 0.0, 0.0, 0.0, 0.0, 1.0],
                [0.27525, 0.899164, -0.340233, -0.0, 0.700363, -0.429993, -0.569737, 0.4, -0.658614, -0.081469, -0.748044, -0.0, 0.0, 0.0, 0.0, 1.0],
                [0.273614, 0.899417, -0.340881, -0.0, 0.700864, -0.429165, -0.569746, 0.4, -0.658763, -0.083023, -0.747741, 0.0, 0.0, 0.0, 0.0, 1.0],
                [0.269984, 0.899609, -0.343261, 0.0, 0.701074, -0.42804, -0.570334, 0.4, -0.660037, -0.086673, -0.746203, -0.0, 0.0, 0.0, 0.0, 1.0],
                [0.265244, 0.899312, -0.347707, 0.0, 0.700899, -0.427495, -0.570957, 0.4, -0.66214, -0.092267, -0.743664, 0.0, 0.0, 0.0, 0.0, 1.0],
                [0.260607, 0.898914, -0.352212, 0.0, 0.700673, -0.427092, -0.571535, 0.4, -0.664217, -0.097842, -0.741095, 0.0, 0.0, 0.0, 0.0, 1.0],
                [0.255523, 0.898436, -0.35712, -0.0, 0.700461, -0.426651, -0.572124, 0.4, -0.666412, -0.103961, -0.738287, -0.0, 0.0, 0.0, 0.0, 1.0],
                [0.249346, 0.897805, -0.363026, -0.0, 0.700268, -0.426102, -0.572769, 0.4, -0.66895, -0.111401, -0.734899, 0.0, 0.0, 0.0, 0.0, 1.0],
                [0.244445, 0.897286, -0.367612, 0.0, 0.700179, -0.425619, -0.573237, 0.4, -0.670849, -0.117272, -0.73225, -0.0, 0.0, 0.0, 0.0, 1.0],
                [0.265374, 0.900544, -0.344404, 0.0, 0.694503, -0.42633, -0.579579, 0.4, -0.668795, -0.085387, -0.738513, 0.0, 0.0, 0.0, 0.0, 1.0]
            ]
        },
        {
            "name": "Arm_R",
            "time": [0.0, 0.0417, 0.0833, 0.125, 0.1667, 0.2083, 0.25, 0.2917, 0.3333, 0.375, 0.4167, 0.4583, 0.5, 0.5417, 0.5833, 0.625, 0.6667, 0.7083, 1.25],
            "transform": [
                [0.612464, -0.521218, 0.59391, -0.0, 0.174733, 0.82705, 0.535885, 0.39386, -0.77326, -0.225945, 0.591502, -0.0, 0.0, 0.0, 0.0, 1.0],
                [0.636325, -0.501345, 0.585936, -0.0, 0.172387, 0.837736, 0.520083, 0.393861, -0.754287, -0.231481, 0.613164, -0.0, 0.0, 0.0, 0.0, 1.0],
                [0.66179, -0.481688, 0.57421, -0.0, 0.168752, 0.846831, 0.506601, 0.393861, -0.732893, -0.239968, 0.635149, -0.0, 0.0, 0.0, 0.0, 1.0],
                [0.687835, -0.465576, 0.556826, 0.0, 0.170647, 0.853945, 0.494081, 0.39386, -0.708052, -0.246474, 0.660004, -0.0, 0.0, 0.0, 0.0, 1.0],
                [0.709472, -0.456618, 0.53699, -0.0, 0.180085, 0.858436, 0.483001, 0.39386, -0.683955, -0.247627, 0.684199, -0.0, 0.0, 0.0, 0.0, 1.0],
                [0.73317, -0.44836, 0.511847, -0.0, 0.193981, 0.863121, 0.469292, 0.39386, -0.654527, -0.24643, 0.71243, -0.0, 0.0, 0.0, 0.0, 1.0],
                [0.762699, -0.437555, 0.477319, 0.0, 0.21139, 0.869283, 0.450312, 0.39386, -0.614145, -0.244185, 0.747774, 0.0, 0.0, 0.0, 0.0, 1.0],
                [0.789455, -0.42846, 0.441153, 0.0, 0.228857, 0.874653, 0.431265, 0.39386, -0.572672, -0.241116, 0.780497, 0.0, 0.0, 0.0, 0.0, 1.0],
                [0.809627, -0.424685, 0.407394, 0.0, 0.24678, 0.877468, 0.415612, 0.39386, -0.535882, -0.237543, 0.806896, -0.0, 0.0, 0.0, 0.0, 1.0],
                [0.820129, -0.426532, 0.384111, -0.0, 0.261213, 0.87713, 0.407535, 0.39386, -0.512563, -0.235471, 0.822289, -0.0, 0.0, 0.0, 0.0, 1.0],
                [0.821876, -0.436737, 0.368853, 0.0, 0.276919, 0.872486, 0.40711, 0.39386, -0.501398, -0.234016, 0.829456, -0.0, 0.0, 0.0, 0.0, 1.0],
                [0.811109, -0.461071, 0.363197, 0.0, 0.297085, 0.860006, 0.419022, 0.393861, -0.50735, -0.233534, 0.826012, 0.0, 0.0, 0.0, 0.0, 1.0],
                [0.784466, -0.499869, 0.370382, -0.0, 0.318508, 0.837954, 0.446526, 0.39386, -0.535467, -0.23388, 0.808219, -0.0, 0.0, 0.0, 0.0, 1.0],
                [0.74347, -0.549199, 0.384816, 0.0, 0.33877, 0.806773, 0.486491, 0.39386, -0.579695, -0.232886, 0.777836, 0.0, 0.0, 0.0, 0.0, 1.0],
                [0.700271, -0.594608, 0.398162, -0.0, 0.352672, 0.774933, 0.526029, 0.39386, -0.623541, -0.229478, 0.744677, 0.0, 0.0, 0.0, 0.0, 1.0],
                [0.65073, -0.641197, 0.409802, -0.0, 0.362672, 0.738871, 0.568615, 0.393861, -0.66976, -0.222884, 0.70606, -0.0, 0.0, 0.0, 0.0, 1.0],
                [0.587347, -0.694616, 0.418545, -0.0, 0.369037, 0.692692, 0.619455, 0.393861, -0.72277, -0.210789, 0.656409, 0.0, 0.0, 0.0, 0.0, 1.0],
                [0.534994, -0.734732, 0.420426, 0.0, 0.370356, 0.653973, 0.658806, 0.393861, -0.761695, -0.198077, 0.615624, 0.0, 0.0, 0.0, 0.0, 1.0],
                [0.612464, -0.521218, 0.59391, -0.0, 0.174733, 0.82705, 0.535885, 0.39386, -0.77326, -0.225945, 0.591502, -0.0, 0.0, 0.0, 0.0, 1.0]
            ]
        },
        {
            "name": "Hand_R",
            "time": [0.0, 0.0417, 0.0833, 0.125, 0.1667, 0.2083, 0.25, 0.2917, 0.3333, 0.375, 0.4167, 0.4583, 0.5, 0.5417, 0.5833, 0.625, 0.6667, 0.7083, 1.25],
            "transform": [
                [0.997809, -7e-06, -8e-06, -0.0, -0.0, 0.784174, -0.62397, 0.3, 1e-05, 0.628256, 0.778825, 0.0, 0.0, 0.0, 0.0, 1.0],
                [0.997809, -6e-06, -8e-06, 0.0, -0.0, 0.799146, -0.604854, 0.3, 1e-05, 0.608764, 0.794013, -0.0, 0.0, 0.0, 0.0, 1.0],
                [0.99781, -6e-06, -9e-06, 0.0, -0.0, 0.814449, -0.584241, 0.3, 1.1e-05, 0.587773, 0.809556, 0.0, 0.0, 0.0, 0.0, 1.0],
                [0.997811, -6e-06, -9e-06, -0.0, -0.0, 0.825188, -0.569066, 0.3, 1e-05, 0.572335, 0.820475, -0.0, 0.0, 0.0, 0.0, 1.0],
                [0.997812, -6e-06, -9e-06, 0.0, -0.0, 0.827991, -0.565002, 0.3, 1e-05, 0.568204, 0.823325, -0.0, 0.0, 0.0, 0.0, 1.0],
                [0.997812, -6e-06, -9e-06, 0.0, -0.0, 0.827471, -0.56576, 0.3, 1e-05, 0.568976, 0.822793, -0.0, 0.0, 0.0, 0.0, 1.0],
                [0.997813, -6e-06, -9e-06, 0.0, -0.0, 0.826225, -0.567569, 0.3, 1.1e-05, 0.570817, 0.821523, 0.0, 0.0, 0.0, 0.0, 1.0],
                [0.997813, -6e-06, -9e-06, -0.0, -0.0, 0.822211, -0.573338, 0.3, 1e-05, 0.576687, 0.817436, 0.0, 0.0, 0.0, 0.0, 1.0],
                [0.997813, -6e-06, -8e-06, 0.0, -0.0, 0.814788, -0.583775, 0.3, 1e-05, 0.587308, 0.809887, -0.0, 0.0, 0.0, 0.0, 1.0],
                [0.997812, -6e-06, -8e-06, 0.0, -0.0, 0.805245, -0.596778, 0.3, 1e-05, 0.600548, 0.800189, 0.0, 0.0, 0.0, 0.0, 1.0],
                [0.997812, -6e-06, -8e-06, -0.0, -0.0, 0.791525, -0.61471, 0.3, 1e-05, 0.618826, 0.786261, 0.0, 0.0, 0.0, 0.0, 1.0],
                [0.997811, -7e-06, -8e-06, 0.0, -0.0, 0.768422, -0.643068, 0.3, 1.1e-05, 0.647771, 0.762842, 0.0, 0.0, 0.0, 0.0, 1.0],
                [0.997811, -7e-06, -8e-06, -0.0, -0.0, 0.735535, -0.679957, 0.3, 1e-05, 0.685506, 0.729582, 0.0, 0.0, 0.0, 0.0, 1.0],
                [0.997809, -8e-06, -7e-06, -0.0, -0.0, 0.693093, -0.72246, 0.3, 1e-05, 0.729103, 0.686778, 0.0, 0.0, 0.0, 0.0, 1.0],
                [0.997809, -8e-06, -7e-06, -0.0, -0.0, 0.651588, -0.759339, 0.3, 1.1e-05, 0.767043, 0.645044, -0.0, 0.0, 0.0, 0.0, 1.0],
                [0.997808, -8e-06, -6e-06, 0.0, -0.0, 0.605689, -0.79554, 0.3, 1.1e-05, 0.804391, 0.599024, 0.0, 0.0, 0.0, 0.0, 1.0],
                [0.997807, -9e-06, -6e-06, 0.0, -0.0, 0.547397, -0.835565, 0.3, 1.1e-05, 0.845814, 0.540764, 0.0, 0.0, 0.0, 0.0, 1.0],
                [0.997806, -9e-06, -5e-06, 0.0, -0.0, 0.498301, -0.864774, 0.3, 1.1e-05, 0.876135, 0.491839, 0.0, 0.0, 0.0, 0.0, 1.0],
                [0.997809, -7e-06, -8e-06, -0.0, -0.0, 0.784174, -0.62397, 0.3, 1e-05, 0.628256, 0.778825, 0.0, 0.0, 0.0, 0.0, 1.0]
            ]
        },
        {
            "name": "Tool_R",
            "time": [0.0, 0.0417, 0.0833, 0.125, 0.1667, 0.2083, 0.25, 0.2917, 0.3333, 0.375, 0.4167, 0.4583, 0.5, 0.5417, 0.5833, 0.625, 0.6667, 0.7083, 1.25],
            "transform": [
                [0.957209, 0.132057, -0.255215, 1e-06, -0.263174, 0.028577, -0.955808, 0.272858, -0.118792, 0.999624, 0.060957, 1e-06, 0.0, 0.0, 0.0, 1.0],
                [0.961028, 0.114774, -0.249158, 2e-06, -0.253414, 0.003901, -0.958762, 0.272858, -0.108949, 1.002174, 0.032218, 1e-06, 0.0, 0.0, 0.0, 1.0],
                [0.96471, 0.098983, -0.241676, 2e-06, -0.242527, -0.025236, -0.961186, 0.272858, -0.101133, 1.00355, -0.000344, 1e-06, 0.0, 0.0, 0.0, 1.0],
                [0.967054, 0.087412, -0.236791, 1e-06, -0.235006, -0.053212, -0.961915, 0.272858, -0.096585, 1.003519, -0.030355, 1e-06, 0.0, 0.0, 0.0, 1.0],
                [0.968352, 0.077465, -0.234933, 1e-06, -0.231918, -0.070397, -0.961596, 0.272858, -0.090938, 1.003264, -0.049286, 1e-06, 0.0, 0.0, 0.0, 1.0],
                [0.96865, 0.069569, -0.236104, 2e-06, -0.232221, -0.085403, -0.960371, 0.272858, -0.086888, 1.002658, -0.065352, 1e-06, 0.0, 0.0, 0.0, 1.0],
                [0.968166, 0.061586, -0.240137, 2e-06, -0.235296, -0.103966, -0.957903, 0.272858, -0.083874, 1.001398, -0.084592, 1e-06, 0.0, 0.0, 0.0, 1.0],
                [0.967197, 0.054691, -0.245494, 1e-06, -0.23985, -0.121677, -0.954819, 0.272858, -0.082005, 0.999768, -0.102666, 1e-06, 0.0, 0.0, 0.0, 1.0],
                [0.96616, 0.048204, -0.250733, 1e-06, -0.24457, -0.136977, -0.951681, 0.272858, -0.080134, 0.998088, -0.118369, 1e-06, 0.0, 0.0, 0.0, 1.0],
                [0.965566, 0.0424, -0.253947, 1e-06, -0.247701, -0.147055, -0.949463, 0.272858, -0.077517, 0.996893, -0.129114, 1e-06, 0.0, 0.0, 0.0, 1.0],
                [0.965529, 0.036442, -0.25496, 2e-06, -0.24904, -0.153125, -0.948211, 0.272858, -0.073516, 0.9962, -0.136271, 1e-06, 0.0, 0.0, 0.0, 1.0],
                [0.966518, 0.028126, -0.252273, 2e-06, -0.247397, -0.154716, -0.948387, 0.272858, -0.065633, 0.996222, -0.140008, 1e-06, 0.0, 0.0, 0.0, 1.0],
                [0.967973, 0.018332, -0.247613, 2e-06, -0.244437, -0.149279, -0.949963, 0.272858, -0.054319, 0.997298, -0.13749, 1e-06, 0.0, 0.0, 0.0, 1.0],
                [0.970153, 0.0081, -0.239641, 2e-06, -0.238378, -0.138277, -0.953041, 0.272858, -0.040813, 0.99905, -0.129822, 1e-06, 0.0, 0.0, 0.0, 1.0],
                [0.972116, -0.000788, -0.231849, 2e-06, -0.232127, -0.12628, -0.95612, 0.272858, -0.028495, 1.0007, -0.120704, 1e-06, 0.0, 0.0, 0.0, 1.0],
                [0.974067, -0.009966, -0.223483, 2e-06, -0.225116, -0.112805, -0.959346, 0.272858, -0.015634, 1.00229, -0.110073, 1e-06, 0.0, 0.0, 0.0, 1.0],
                [0.97619, -0.021163, -0.213456, 2e-06, -0.21636, -0.096455, -0.962992, 0.272858, -0.000211, 1.003854, -0.096924, 1e-06, 0.0, 0.0, 0.0, 1.0],
                [0.977672, -0.030481, -0.205612, 2e-06, -0.209271, -0.083886, -0.965629, 0.272858, 0.012171, 1.004764, -0.086764, 1e-06, 0.0, 0.0, 0.0, 1.0],
                [0.957209, 0.132057, -0.255215, 1e-06, -0.263174, 0.028577, -0.955808, 0.272858, -0.118792, 0.999624, 0.060957, 1e-06, 0.0, 0.0, 0.0, 1.0]
            ]
        },
        {
            "name": "Elbow_R",
            "time": [0.0, 1.25],
            "transform": [
                [-1.0, 0.0, 0.0, -0.0, 0.0, -0.0, -1.0, 0.3, -0.0, -1.0, 0.0, 0.0, 0.0, 0.0, 0.0, 1.0],
                [-1.0, 0.0, 0.0, -0.0, 0.0, -0.0, -1.0, 0.3, -0.0, -1.0, 0.0, 0.0, 0.0, 0.0, 0.0, 1.0]
            ]
        },
        {
            "name": "Shoulder_L",
            "time": [0.0, 0.0417, 0.0833, 0.125, 0.1667, 0.2083, 0.25, 0.2917, 0.3333, 0.375, 0.4167, 0.4583, 0.5, 0.5417, 0.5833, 0.625, 0.6667, 0.7083, 1.25],
            "transform": [
                [-0.013076, -0.956715, 0.290754, 0.0, -0.708532, -0.196299, -0.677822, 0.4, 0.705505, -0.214873, -0.675341, 0.0, 0.0, 0.0, 0.0, 1.0],
                [-0.022768, -0.953888, 0.299318, -0.0, -0.709319, -0.195556, -0.677213, 0.4, 0.704466, -0.227732, -0.672204, -0.0, 0.0, 0.0, 0.0, 1.0],
                [-0.033697, -0.950824, 0.307912, -0.0, -0.710815, -0.19376, -0.676159, 0.4, 0.702517, -0.241655, -0.669377, -0.0, 0.0, 0.0, 0.0, 1.0],
                [-0.045404, -0.947548, 0.316392, 0.0, -0.712771, -0.191162, -0.674839, 0.4, 0.699872, -0.256157, -0.66675, 0.0, 0.0, 0.0, 0.0, 1.0],
                [-0.055398, -0.944661, 0.323358, -0.0, -0.714618, -0.188646, -0.673592, 0.4, 0.697263, -0.268395, -0.664667, -0.0, 0.0, 0.0, 0.0, 1.0],
                [-0.065236, -0.94169, 0.330116, 0.0, -0.716596, -0.185993, -0.672226, 0.4, 0.694376, -0.280416, -0.662723, 0.0, 0.0, 0.0, 0.0, 1.0],
                [-0.076413, -0.937959, 0.338242, 0.0, -0.719119, -0.183122, -0.670317, 0.4, 0.690617, -0.29446, -0.660556, 0.0, 0.0, 0.0, 0.0, 1.0],
                [-0.086422, -0.934261, 0.345979, 0.0, -0.721681, -0.18068, -0.668223, 0.4, 0.686754, -0.307438, -0.658669, -0.0, 0.0, 0.0, 0.0, 1.0],
                [-0.094771, -0.930701, 0.353309, 0.0, -0.724179, -0.179044, -0.665957, 0.4, 0.683014, -0.318974, -0.657071, 0.0, 0.0, 0.0, 0.0, 1.0],
                [-0.100049, -0.927863, 0.35927, -0.0, -0.726228, -0.1787, -0.663813, 0.4, 0.680078, -0.327328, -0.656006, 0.0, 0.0, 0.0, 0.0, 1.0],
                [-0.103442, -0.925349, 0.36475, -0.0, -0.727967, -0.179429, -0.661709, 0.4, 0.677708, -0.333977, -0.655108, -0.0, 0.0, 0.0, 0.0, 1.0],
                [-0.104177, -0.922827, 0.370878, -0.0, -0.730359, -0.182107, -0.658333, 0.4, 0.675017, -0.339459, -0.655069, 0.0, 0.0, 0.0, 0.0, 1.0],
                [-0.098339, -0.921499, 0.375742, 0.0, -0.731898, -0.188833, -0.654718, 0.4, 0.674225, -0.339392, -0.655919, -0.0, 0.0, 0.0, 0.0, 1.0],
                [-0.086126, -0.921235, 0.379372, 0.0, -0.733363, -0.1991, -0.65002, 0.4, 0.674304, -0.334203, -0.658497, 0.0, 0.0, 0.0, 0.0, 1.0],
                [-0.072863, -0.921369, 0.381817, 0.0, -0.734408, -0.209429, -0.645579, 0.4, 0.67473, -0.32745, -0.661446, 0.0, 0.0, 0.0, 0.0, 1.0],
                [-0.057782, -0.921605, 0.383822, -0.0, -0.73527, -0.220757, -0.640805, 0.4, 0.675251, -0.319242, -0.664919, -0.0, 0.0, 0.0, 0.0, 1.0],
                [-0.039392, -0.921606, 0.386143, -0.0, -0.736052, -0.234567, -0.634974, 0.4, 0.675721, -0.309237, -0.669156, 0.0, 0.0, 0.0, 0.0, 1.0],
                [-0.025182, -0.9212, 0.388293, 0.0, -0.736504, -0.245521, -0.630291, 0.4, 0.675908, -0.301854, -0.672331, -0.0, 0.0, 0.0, 0.0, 1.0],
