{
    "animation": [
        {
            "name": "Root",
            "time": [0.0, 0.0167, 0.0333, 0.05, 0.0667, 0.0833, 0.1, 0.1167, 0.1333, 0.15, 0.1667, 0.1833, 0.2, 0.2167, 0.2333, 0.25, 0.2667, 0.2833, 0.3, 0.3167, 0.3333, 0.35, 0.3667, 0.3833, 0.4, 0.4167, 0.4333, 0.45, 0.4667, 0.4833, 0.5, 0.5167, 0.5333, 0.55, 0.5667, 0.5833, 0.6, 0.6167, 0.6333, 0.65, 0.6667, 0.6833, 0.7, 0.7167, 0.7333, 0.75, 0.7667, 0.7833, 0.8, 0.8167, 0.8333, 0.85, 0.8667, 0.8833, 0.9, 0.9167, 0.9333, 0.95, 0.9667, 0.9833, 1.0, 1.0167, 1.0333, 1.05, 1.0667, 1.0833, 1.1, 1.1167, 1.1333, 1.15, 1.1667, 1.1833, 1.2, 1.2167, 1.2333, 1.25, 1.2667, 1.2833, 1.3, 1.3167, 1.3333, 1.35, 1.3667, 1.3833, 1.4, 1.4167, 1.4333, 1.45, 1.4667, 1.4833, 1.5, 1.5167, 1.5333, 1.55, 1.5667, 1.5833, 1.6],
            "transform": [
                [0.962296, 0.0, -0.272004, 0.010134, -0.272004, 0.0, -0.962296, -0.003255, 0.0, 1.0, 0.0, 0.728735, 0.0, 0.0, 0.0, 1.0],
                [0.962296, 0.0, -0.272004, 0.010134, -0.272004, 0.0, -0.962296, -0.003255, 0.0, 1.0, 0.0, 0.728738, 0.0, 0.0, 0.0, 1.0],
                [0.962296, 0.0, -0.272004, 0.010134, -0.272004, 0.0, -0.962296, -0.003255, 0.0, 1.0, 0.0, 0.728746, 0.0, 0.0, 0.0, 1.0],
                [0.962296, 0.0, -0.272004, 0.010134, -0.272004, 0.0, -0.962296, -0.003255, 0.0, 1.0, 0.0, 0.728759, 0.0, 0.0, 0.0, 1.0],
                [0.962296, 0.0, -0.272004, 0.010134, -0.272004, 0.0, -0.962296, -0.003255, 0.0, 1.0, 0.0, 0.728779, 0.0, 0.0, 0.0, 1.0],
                [0.962296, 0.0, -0.272004, 0.010134, -0.272004, 0.0, -0.962296, -0.003255, 0.0, 1.0, 0.0, 0.728803, 0.0, 0.0, 0.0, 1.0],
                [0.962296, 0.0, -0.272004, 0.010134, -0.272004, 0.0, -0.962296, -0.003255, 0.0, 1.0, 0.0, 0.728833, 0.0, 0.0, 0.0, 1.0],
                [0.962296, 0.0, -0.272004, 0.010134, -0.272004, 0.0, -0.962296, -0.003255, 0.0, 1.0, 0.0, 0.728867, 0.0, 0.0, 0.0, 1.0],
                [0.962296, 0.0, -0.272004, 0.010134, -0.272004, 0.0, -0.962296, -0.003255, 0.0, 1.0, 0.0, 0.728907, 0.0, 0.0, 0.0, 1.0],
                [0.962296, 0.0, -0.272004, 0.010134, -0.272004, 0.0, -0.962296, -0.003255, 0.0, 1.0, 0.0, 0.728951, 0.0, 0.0, 0.0, 1.0],
                [0.962296, 0.0, -0.272004, 0.010134, -0.272004, 0.0, -0.962296, -0.003255, 0.0, 1.0, 0.0, 0.729, 0.0, 0.0, 0.0, 1.0],
                [0.962296, 0.0, -0.272004, 0.010134, -0.272004, 0.0, -0.962296, -0.003255, 0.0, 1.0, 0.0, 0.729054, 0.0, 0.0, 0.0, 1.0],
                [0.962296, 0.0, -0.272004, 0.010134, -0.272004, 0.0, -0.962296, -0.003255, 0.0, 1.0, 0.0, 0.729111, 0.0, 0.0, 0.0, 1.0],
                [0.962296, 0.0, -0.272004, 0.010134, -0.272004, 0.0, -0.962296, -0.003255, 0.0, 1.0, 0.0, 0.729172, 0.0, 0.0, 0.0, 1.0],
                [0.962296, 0.0, -0.272004, 0.010134, -0.272004, 0.0, -0.962296, -0.003255, 0.0, 1.0, 0.0, 0.729237, 0.0, 0.0, 0.0, 1.0],
                [0.962296, 0.0, -0.272004, 0.010134, -0.272004, 0.0, -0.962296, -0.003255, 0.0, 1.0, 0.0, 0.729306, 0.0, 0.0, 0.0, 1.0],
                [0.962296, 0.0, -0.272004, 0.010134, -0.272004, 0.0, -0.962296, -0.003255, 0.0, 1.0, 0.0, 0.729377, 0.0, 0.0, 0.0, 1.0],
                [0.962296, 0.0, -0.272004, 0.010134, -0.272004, 0.0, -0.962296, -0.003255, 0.0, 1.0, 0.0, 0.729451, 0.0, 0.0, 0.0, 1.0],
                [0.962296, 0.0, -0.272004, 0.010134, -0.272004, 0.0, -0.962296, -0.003255, 0.0, 1.0, 0.0, 0.729528, 0.0, 0.0, 0.0, 1.0],
                [0.962296, 0.0, -0.272004, 0.010134, -0.272004, 0.0, -0.962296, -0.003255, 0.0, 1.0, 0.0, 0.729606, 0.0, 0.0, 0.0, 1.0],
                [0.962296, 0.0, -0.272004, 0.010134, -0.272004, 0.0, -0.962296, -0.003255, 0.0, 1.0, 0.0, 0.729687, 0.0, 0.0, 0.0, 1.0],
                [0.962296, 0.0, -0.272004, 0.010134, -0.272004, 0.0, -0.962296, -0.003255, 0.0, 1.0, 0.0, 0.729769, 0.0, 0.0, 0.0, 1.0],
                [0.962296, 0.0, -0.272004, 0.010134, -0.272004, 0.0, -0.962296, -0.003255, 0.0, 1.0, 0.0, 0.729852, 0.0, 0.0, 0.0, 1.0],
                [0.962296, 0.0, -0.272004, 0.010134, -0.272004, 0.0, -0.962296, -0.003255, 0.0, 1.0, 0.0, 0.729935, 0.0, 0.0, 0.0, 1.0],
                [0.962296, 0.0, -0.272004, 0.010134, -0.272004, 0.0, -0.962296, -0.003255, 0.0, 1.0, 0.0, 0.730019, 0.0, 0.0, 0.0, 1.0],
                [0.962296, 0.0, -0.272004, 0.010134, -0.272004, 0.0, -0.962296, -0.003255, 0.0, 1.0, 0.0, 0.730103, 0.0, 0.0, 0.0, 1.0],
                [0.962296, 0.0, -0.272004, 0.010134, -0.272004, 0.0, -0.962296, -0.003255, 0.0, 1.0, 0.0, 0.730187, 0.0, 0.0, 0.0, 1.0],
                [0.962296, 0.0, -0.272004, 0.010134, -0.272004, 0.0, -0.962296, -0.003255, 0.0, 1.0, 0.0, 0.73027, 0.0, 0.0, 0.0, 1.0],
                [0.962296, 0.0, -0.272004, 0.010134, -0.272004, 0.0, -0.962296, -0.003255, 0.0, 1.0, 0.0, 0.730352, 0.0, 0.0, 0.0, 1.0],
                [0.962296, 0.0, -0.272004, 0.010134, -0.272004, 0.0, -0.962296, -0.003255, 0.0, 1.0, 0.0, 0.730432, 0.0, 0.0, 0.0, 1.0],
                [0.962296, 0.0, -0.272004, 0.010134, -0.272004, 0.0, -0.962296, -0.003255, 0.0, 1.0, 0.0, 0.73051, 0.0, 0.0, 0.0, 1.0],
                [0.962296, 0.0, -0.272004, 0.010134, -0.272004, 0.0, -0.962296, -0.003255, 0.0, 1.0, 0.0, 0.730587, 0.0, 0.0, 0.0, 1.0],
                [0.962296, 0.0, -0.272004, 0.010134, -0.272004, 0.0, -0.962296, -0.003255, 0.0, 1.0, 0.0, 0.730661, 0.0, 0.0, 0.0, 1.0],
                [0.962296, 0.0, -0.272004, 0.010134, -0.272004, 0.0, -0.962296, -0.003255, 0.0, 1.0, 0.0, 0.730732, 0.0, 0.0, 0.0, 1.0],
                [0.962296, 0.0, -0.272004, 0.010134, -0.272004, 0.0, -0.962296, -0.003255, 0.0, 1.0, 0.0, 0.730801, 0.0, 0.0, 0.0, 1.0],
                [0.962296, 0.0, -0.272004, 0.010134, -0.272004, 0.0, -0.962296, -0.003255, 0.0, 1.0, 0.0, 0.730865, 0.0, 0.0, 0.0, 1.0],
                [0.962296, 0.0, -0.272004, 0.010134, -0.272004, 0.0, -0.962296, -0.003255, 0.0, 1.0, 0.0, 0.730927, 0.0, 0.0, 0.0, 1.0],
                [0.962296, 0.0, -0.272004, 0.010134, -0.272004, 0.0, -0.962296, -0.003255, 0.0, 1.0, 0.0, 0.730984, 0.0, 0.0, 0.0, 1.0],
                [0.962296, 0.0, -0.272004, 0.010134, -0.272004, 0.0, -0.962296, -0.003255, 0.0, 1.0, 0.0, 0.731037, 0.0, 0.0, 0.0, 1.0],
                [0.962296, 0.0, -0.272004, 0.010134, -0.272004, 0.0, -0.962296, -0.003255, 0.0, 1.0, 0.0, 0.731086, 0.0, 0.0, 0.0, 1.0],
                [0.962296, 0.0, -0.272004, 0.010134, -0.272004, 0.0, -0.962296, -0.003255, 0.0, 1.0, 0.0, 0.73113, 0.0, 0.0, 0.0, 1.0],
                [0.962296, 0.0, -0.272004, 0.010134, -0.272004, 0.0, -0.962296, -0.003255, 0.0, 1.0, 0.0, 0.73117, 0.0, 0.0, 0.0, 1.0],
                [0.962296, 0.0, -0.272004, 0.010134, -0.272004, 0.0, -0.962296, -0.003255, 0.0, 1.0, 0.0, 0.731205, 0.0, 0.0, 0.0, 1.0],
                [0.962296, 0.0, -0.272004, 0.010134, -0.272004, 0.0, -0.962296, -0.003255, 0.0, 1.0, 0.0, 0.731234, 0.0, 0.0, 0.0, 1.0],
                [0.962296, 0.0, -0.272004, 0.010134, -0.272004, 0.0, -0.962296, -0.003255, 0.0, 1.0, 0.0, 0.731258, 0.0, 0.0, 0.0, 1.0],
                [0.962296, 0.0, -0.272004, 0.010134, -0.272004, 0.0, -0.962296, -0.003255, 0.0, 1.0, 0.0, 0.731277, 0.0, 0.0, 0.0, 1.0],
                [0.962296, 0.0, -0.272004, 0.010134, -0.272004, 0.0, -0.962296, -0.003255, 0.0, 1.0, 0.0, 0.731291, 0.0, 0.0, 0.0, 1.0],
                [0.962296, 0.0, -0.272004, 0.010134, -0.272004, 0.0, -0.962296, -0.003255, 0.0, 1.0, 0.0, 0.731299, 0.0, 0.0, 0.0, 1.0],
                [0.962296, 0.0, -0.272004, 0.010134, -0.272004, 0.0, -0.962296, -0.003255, 0.0, 1.0, 0.0, 0.731301, 0.0, 0.0, 0.0, 1.0],
                [0.962296, 0.0, -0.272004, 0.010134, -0.272004, 0.0, -0.962296, -0.003255, 0.0, 1.0, 0.0, 0.731299, 0.0, 0.0, 0.0, 1.0],
                [0.962296, 0.0, -0.272004, 0.010134, -0.272004, 0.0, -0.962296, -0.003255, 0.0, 1.0, 0.0, 0.73129, 0.0, 0.0, 0.0, 1.0],
                [0.962296, 0.0, -0.272004, 0.010134, -0.272004, 0.0, -0.962296, -0.003255, 0.0, 1.0, 0.0, 0.731276, 0.0, 0.0, 0.0, 1.0],
                [0.962296, 0.0, -0.272004, 0.010134, -0.272004, 0.0, -0.962296, -0.003255, 0.0, 1.0, 0.0, 0.731257, 0.0, 0.0, 0.0, 1.0],
                [0.962296, 0.0, -0.272004, 0.010134, -0.272004, 0.0, -0.962296, -0.003255, 0.0, 1.0, 0.0, 0.731232, 0.0, 0.0, 0.0, 1.0],
                [0.962296, 0.0, -0.272004, 0.010134, -0.272004, 0.0, -0.962296, -0.003255, 0.0, 1.0, 0.0, 0.731202, 0.0, 0.0, 0.0, 1.0],
                [0.962296, 0.0, -0.272004, 0.010134, -0.272004, 0.0, -0.962296, -0.003255, 0.0, 1.0, 0.0, 0.731167, 0.0, 0.0, 0.0, 1.0],
                [0.962296, 0.0, -0.272004, 0.010134, -0.272004, 0.0, -0.962296, -0.003255, 0.0, 1.0, 0.0, 0.731127, 0.0, 0.0, 0.0, 1.0],
                [0.962296, 0.0, -0.272004, 0.010134, -0.272004, 0.0, -0.962296, -0.003255, 0.0, 1.0, 0.0, 0.731083, 0.0, 0.0, 0.0, 1.0],
                [0.962296, 0.0, -0.272004, 0.010134, -0.272004, 0.0, -0.962296, -0.003255, 0.0, 1.0, 0.0, 0.731033, 0.0, 0.0, 0.0, 1.0],
                [0.962296, 0.0, -0.272004, 0.010134, -0.272004, 0.0, -0.962296, -0.003255, 0.0, 1.0, 0.0, 0.73098, 0.0, 0.0, 0.0, 1.0],
                [0.962296, 0.0, -0.272004, 0.010134, -0.272004, 0.0, -0.962296, -0.003255, 0.0, 1.0, 0.0, 0.730922, 0.0, 0.0, 0.0, 1.0],
                [0.962296, 0.0, -0.272004, 0.010134, -0.272004, 0.0, -0.962296, -0.003255, 0.0, 1.0, 0.0, 0.73086, 0.0, 0.0, 0.0, 1.0],
                [0.962296, 0.0, -0.272004, 0.010134, -0.272004, 0.0, -0.962296, -0.003255, 0.0, 1.0, 0.0, 0.730795, 0.0, 0.0, 0.0, 1.0],
                [0.962296, 0.0, -0.272004, 0.010134, -0.272004, 0.0, -0.962296, -0.003255, 0.0, 1.0, 0.0, 0.730726, 0.0, 0.0, 0.0, 1.0],
                [0.962296, 0.0, -0.272004, 0.010134, -0.272004, 0.0, -0.962296, -0.003255, 0.0, 1.0, 0.0, 0.730654, 0.0, 0.0, 0.0, 1.0],
                [0.962296, 0.0, -0.272004, 0.010134, -0.272004, 0.0, -0.962296, -0.003255, 0.0, 1.0, 0.0, 0.73058, 0.0, 0.0, 0.0, 1.0],
                [0.962296, 0.0, -0.272004, 0.010134, -0.272004, 0.0, -0.962296, -0.003255, 0.0, 1.0, 0.0, 0.730503, 0.0, 0.0, 0.0, 1.0],
                [0.962296, 0.0, -0.272004, 0.010134, -0.272004, 0.0, -0.962296, -0.003255, 0.0, 1.0, 0.0, 0.730424, 0.0, 0.0, 0.0, 1.0],
                [0.962296, 0.0, -0.272004, 0.010134, -0.272004, 0.0, -0.962296, -0.003255, 0.0, 1.0, 0.0, 0.730343, 0.0, 0.0, 0.0, 1.0],
                [0.962296, 0.0, -0.272004, 0.010134, -0.272004, 0.0, -0.962296, -0.003255, 0.0, 1.0, 0.0, 0.730261, 0.0, 0.0, 0.0, 1.0],
                [0.962296, 0.0, -0.272004, 0.010134, -0.272004, 0.0, -0.962296, -0.003255, 0.0, 1.0, 0.0, 0.730178, 0.0, 0.0, 0.0, 1.0],
                [0.962296, 0.0, -0.272004, 0.010134, -0.272004, 0.0, -0.962296, -0.003255, 0.0, 1.0, 0.0, 0.730094, 0.0, 0.0, 0.0, 1.0],
                [0.962296, 0.0, -0.272004, 0.010134, -0.272004, 0.0, -0.962296, -0.003255, 0.0, 1.0, 0.0, 0.730009, 0.0, 0.0, 0.0, 1.0],
                [0.962296, 0.0, -0.272004, 0.010134, -0.272004, 0.0, -0.962296, -0.003255, 0.0, 1.0, 0.0, 0.729925, 0.0, 0.0, 0.0, 1.0],
                [0.962296, 0.0, -0.272004, 0.010134, -0.272004, 0.0, -0.962296, -0.003255, 0.0, 1.0, 0.0, 0.729842, 0.0, 0.0, 0.0, 1.0],
                [0.962296, 0.0, -0.272004, 0.010134, -0.272004, 0.0, -0.962296, -0.003255, 0.0, 1.0, 0.0, 0.729759, 0.0, 0.0, 0.0, 1.0],
                [0.962296, 0.0, -0.272004, 0.010134, -0.272004, 0.0, -0.962296, -0.003255, 0.0, 1.0, 0.0, 0.729677, 0.0, 0.0, 0.0, 1.0],
                [0.962296, 0.0, -0.272004, 0.010134, -0.272004, 0.0, -0.962296, -0.003255, 0.0, 1.0, 0.0, 0.729596, 0.0, 0.0, 0.0, 1.0],
                [0.962296, 0.0, -0.272004, 0.010134, -0.272004, 0.0, -0.962296, -0.003255, 0.0, 1.0, 0.0, 0.729518, 0.0, 0.0, 0.0, 1.0],
                [0.962296, 0.0, -0.272004, 0.010134, -0.272004, 0.0, -0.962296, -0.003255, 0.0, 1.0, 0.0, 0.729441, 0.0, 0.0, 0.0, 1.0],
                [0.962296, 0.0, -0.272004, 0.010134, -0.272004, 0.0, -0.962296, -0.003255, 0.0, 1.0, 0.0, 0.729367, 0.0, 0.0, 0.0, 1.0],
                [0.962296, 0.0, -0.272004, 0.010134, -0.272004, 0.0, -0.962296, -0.003255, 0.0, 1.0, 0.0, 0.729296, 0.0, 0.0, 0.0, 1.0],
                [0.962296, 0.0, -0.272004, 0.010134, -0.272004, 0.0, -0.962296, -0.003255, 0.0, 1.0, 0.0, 0.729228, 0.0, 0.0, 0.0, 1.0],
                [0.962296, 0.0, -0.272004, 0.010134, -0.272004, 0.0, -0.962296, -0.003255, 0.0, 1.0, 0.0, 0.729163, 0.0, 0.0, 0.0, 1.0],
                [0.962296, 0.0, -0.272004, 0.010134, -0.272004, 0.0, -0.962296, -0.003255, 0.0, 1.0, 0.0, 0.729102, 0.0, 0.0, 0.0, 1.0],
                [0.962296, 0.0, -0.272004, 0.010134, -0.272004, 0.0, -0.962296, -0.003255, 0.0, 1.0, 0.0, 0.729045, 0.0, 0.0, 0.0, 1.0],
                [0.962296, 0.0, -0.272004, 0.010134, -0.272004, 0.0, -0.962296, -0.003255, 0.0, 1.0, 0.0, 0.728992, 0.0, 0.0, 0.0, 1.0],
                [0.962296, 0.0, -0.272004, 0.010134, -0.272004, 0.0, -0.962296, -0.003255, 0.0, 1.0, 0.0, 0.728944, 0.0, 0.0, 0.0, 1.0],
                [0.962296, 0.0, -0.272004, 0.010134, -0.272004, 0.0, -0.962296, -0.003255, 0.0, 1.0, 0.0, 0.7289, 0.0, 0.0, 0.0, 1.0],
                [0.962296, 0.0, -0.272004, 0.010134, -0.272004, 0.0, -0.962296, -0.003255, 0.0, 1.0, 0.0, 0.728861, 0.0, 0.0, 0.0, 1.0],
                [0.962296, 0.0, -0.272004, 0.010134, -0.272004, 0.0, -0.962296, -0.003255, 0.0, 1.0, 0.0, 0.728827, 0.0, 0.0, 0.0, 1.0],
                [0.962296, 0.0, -0.272004, 0.010134, -0.272004, 0.0, -0.962296, -0.003255, 0.0, 1.0, 0.0, 0.728799, 0.0, 0.0, 0.0, 1.0],
                [0.962296, 0.0, -0.272004, 0.010134, -0.272004, 0.0, -0.962296, -0.003255, 0.0, 1.0, 0.0, 0.728775, 0.0, 0.0, 0.0, 1.0],
                [0.962296, 0.0, -0.272004, 0.010134, -0.272004, 0.0, -0.962296, -0.003255, 0.0, 1.0, 0.0, 0.728757, 0.0, 0.0, 0.0, 1.0],
                [0.962296, 0.0, -0.272004, 0.010134, -0.272004, 0.0, -0.962296, -0.003255, 0.0, 1.0, 0.0, 0.728744, 0.0, 0.0, 0.0, 1.0],
                [0.962296, 0.0, -0.272004, 0.010134, -0.272004, 0.0, -0.962296, -0.003255, 0.0, 1.0, 0.0, 0.728737, 0.0, 0.0, 0.0, 1.0],
                [0.962296, 0.0, -0.272004, 0.010134, -0.272004, 0.0, -0.962296, -0.003255, 0.0, 1.0, 0.0, 0.728735, 0.0, 0.0, 0.0, 1.0]
            ]
        },
        {
            "name": "Thigh_R",
            "time": [0.0, 0.0167, 0.0333, 0.05, 0.0667, 0.0833, 0.1, 0.1167, 0.1333, 0.15, 0.1667, 0.1833, 0.2, 0.2167, 0.2333, 0.25, 0.2667, 0.2833, 0.3, 0.3167, 0.3333, 0.35, 0.3667, 0.3833, 0.4, 0.4167, 0.4333, 0.45, 0.4667, 0.4833, 0.5, 0.5167, 0.5333, 0.55, 0.5667, 0.5833, 0.6, 0.6167, 0.6333, 0.65, 0.6667, 0.6833, 0.7, 0.7167, 0.7333, 0.75, 0.7667, 0.7833, 0.8, 0.8167, 0.8333, 0.85, 0.8667, 0.8833, 0.9, 0.9167, 0.9333, 0.95, 0.9667, 0.9833, 1.0, 1.0167, 1.0333, 1.05, 1.0667, 1.0833, 1.1, 1.1167, 1.1333, 1.15, 1.1667, 1.1833, 1.2, 1.2167, 1.2333, 1.25, 1.2667, 1.2833, 1.3, 1.3167, 1.3333, 1.35, 1.3667, 1.3833, 1.4, 1.4167, 1.4333, 1.45, 1.4667, 1.4833, 1.5, 1.5167, 1.5333, 1.55, 1.5667, 1.5833, 1.6],
            "transform": [
                [0.977692, 0.149348, -0.14769, 0.124994, 0.140671, -0.987744, -0.06761, -0.002831, -0.155977, 0.045326, -0.986721, -1.2e-05, 0.0, 0.0, 0.0, 1.0],
                [0.977692, 0.149353, -0.147685, 0.124994, 0.14067, -0.987741, -0.067647, -0.002831, -0.155978, 0.045362, -0.986719, -1.2e-05, 0.0, 0.0, 0.0, 1.0],
                [0.977692, 0.149367, -0.14767, 0.124994, 0.140668, -0.987734, -0.067756, -0.002831, -0.155979, 0.045472, -0.986714, -1.2e-05, 0.0, 0.0, 0.0, 1.0],
                [0.977692, 0.149392, -0.147645, 0.124994, 0.140665, -0.987722, -0.067938, -0.002831, -0.155982, 0.045654, -0.986705, -1.2e-05, 0.0, 0.0, 0.0, 1.0],
                [0.977693, 0.149426, -0.14761, 0.124994, 0.140661, -0.987705, -0.068194, -0.002831, -0.155985, 0.04591, -0.986692, -1.2e-05, 0.0, 0.0, 0.0, 1.0],
                [0.977693, 0.14947, -0.147565, 0.124994, 0.140656, -0.987683, -0.068522, -0.002831, -0.155989, 0.046238, -0.986676, -1.2e-05, 0.0, 0.0, 0.0, 1.0],
                [0.977693, 0.149524, -0.14751, 0.124994, 0.140649, -0.987656, -0.068922, -0.002831, -0.155994, 0.046637, -0.986657, -1.2e-05, 0.0, 0.0, 0.0, 1.0],
                [0.977693, 0.149587, -0.147445, 0.124994, 0.140642, -0.987624, -0.069391, -0.002831, -0.156, 0.047106, -0.986633, -1.2e-05, 0.0, 0.0, 0.0, 1.0],
                [0.977693, 0.149659, -0.147371, 0.124994, 0.140633, -0.987587, -0.06993, -0.002831, -0.156007, 0.047645, -0.986607, -1.2e-05, 0.0, 0.0, 0.0, 1.0],
                [0.977693, 0.14974, -0.147287, 0.124994, 0.140624, -0.987546, -0.070534, -0.002831, -0.156015, 0.048248, -0.986576, -1.2e-05, 0.0, 0.0, 0.0, 1.0],
                [0.977693, 0.14983, -0.147195, 0.124994, 0.140613, -0.987499, -0.071205, -0.002831, -0.156023, 0.048919, -0.986542, -1.2e-05, 0.0, 0.0, 0.0, 1.0],
                [0.977694, 0.149928, -0.147093, 0.124994, 0.140601, -0.987448, -0.07194, -0.002831, -0.156032, 0.049653, -0.986503, -1.2e-05, 0.0, 0.0, 0.0, 1.0],
                [0.977694, 0.150036, -0.146982, 0.124994, 0.140589, -0.987391, -0.072741, -0.002831, -0.156042, 0.050454, -0.986461, -1.2e-05, 0.0, 0.0, 0.0, 1.0],
                [0.977694, 0.150152, -0.146862, 0.124994, 0.140576, -0.987329, -0.073603, -0.002831, -0.156053, 0.051315, -0.986415, -1.2e-05, 0.0, 0.0, 0.0, 1.0],
                [0.977694, 0.150291, -0.146718, 0.124994, 0.140562, -0.987254, -0.074628, -0.002831, -0.156064, 0.05234, -0.98636, -1.2e-05, 0.0, 0.0, 0.0, 1.0],
                [0.977695, 0.150424, -0.14658, 0.124994, 0.140547, -0.98718, -0.07562, -0.002831, -0.156076, 0.053332, -0.986305, -1.2e-05, 0.0, 0.0, 0.0, 1.0],
                [0.977695, 0.150565, -0.146434, 0.124994, 0.140531, -0.987102, -0.076668, -0.002831, -0.156088, 0.054379, -0.986246, -1.2e-05, 0.0, 0.0, 0.0, 1.0],
                [0.977695, 0.150713, -0.146279, 0.124994, 0.140515, -0.987018, -0.07777, -0.002831, -0.156101, 0.055481, -0.986182, -1.2e-05, 0.0, 0.0, 0.0, 1.0],
                [0.977695, 0.150869, -0.146117, 0.124994, 0.140499, -0.986928, -0.078925, -0.002831, -0.156114, 0.056635, -0.986114, -1.2e-05, 0.0, 0.0, 0.0, 1.0],
                [0.977696, 0.151031, -0.145948, 0.124994, 0.140482, -0.986834, -0.080127, -0.002831, -0.156128, 0.057836, -0.986042, -1.2e-05, 0.0, 0.0, 0.0, 1.0],
                [0.977696, 0.151199, -0.145772, 0.124994, 0.140464, -0.986734, -0.081375, -0.002831, -0.156142, 0.059084, -0.985966, -1.2e-05, 0.0, 0.0, 0.0, 1.0],
                [0.977696, 0.151373, -0.145589, 0.124994, 0.140447, -0.986629, -0.082667, -0.002831, -0.156156, 0.060376, -0.985886, -1.2e-05, 0.0, 0.0, 0.0, 1.0],
                [0.977696, 0.151552, -0.1454, 0.124994, 0.140429, -0.98652, -0.083996, -0.002831, -0.15617, 0.061704, -0.985801, -1.2e-05, 0.0, 0.0, 0.0, 1.0],
                [0.977697, 0.151735, -0.145207, 0.124994, 0.140411, -0.986406, -0.085354, -0.002831, -0.156185, 0.063061, -0.985713, -1.2e-05, 0.0, 0.0, 0.0, 1.0],
                [0.977697, 0.151922, -0.14501, 0.124994, 0.140392, -0.986288, -0.086738, -0.002831, -0.156199, 0.064445, -0.985621, -1.2e-05, 0.0, 0.0, 0.0, 1.0],
                [0.977697, 0.152112, -0.144808, 0.124994, 0.140374, -0.986165, -0.088149, -0.002831, -0.156214, 0.065855, -0.985526, -1.2e-05, 0.0, 0.0, 0.0, 1.0],
                [0.977698, 0.152321, -0.144587, 0.124994, 0.140356, -0.986029, -0.089686, -0.002831, -0.156228, 0.067392, -0.98542, -1.2e-05, 0.0, 0.0, 0.0, 1.0],
                [0.977698, 0.152519, -0.144376, 0.124994, 0.140338, -0.985897, -0.091153, -0.002831, -0.156242, 0.068859, -0.985316, -1.2e-05, 0.0, 0.0, 0.0, 1.0],
                [0.977698, 0.152719, -0.144162, 0.124994, 0.140321, -0.985762, -0.09263, -0.002831, -0.156256, 0.070335, -0.98521, -1.2e-05, 0.0, 0.0, 0.0, 1.0],
                [0.977698, 0.15292, -0.143948, 0.124994, 0.140303, -0.985624, -0.094113, -0.002831, -0.15627, 0.071818, -0.9851, -1.2e-05, 0.0, 0.0, 0.0, 1.0],
                [0.977699, 0.15312, -0.143732, 0.124994, 0.140286, -0.985483, -0.095597, -0.002831, -0.156284, 0.073301, -0.984989, -1.2e-05, 0.0, 0.0, 0.0, 1.0],
                [0.977699, 0.153319, -0.143518, 0.124994, 0.14027, -0.985342, -0.097067, -0.002831, -0.156297, 0.074771, -0.984876, -1.2e-05, 0.0, 0.0, 0.0, 1.0],
                [0.977699, 0.153516, -0.143306, 0.124994, 0.140254, -0.9852, -0.098519, -0.002831, -0.156309, 0.076222, -0.984763, -1.2e-05, 0.0, 0.0, 0.0, 1.0],
                [0.9777, 0.153709, -0.143097, 0.124994, 0.140238, -0.985059, -0.099946, -0.002831, -0.156322, 0.077649, -0.98465, -1.2e-05, 0.0, 0.0, 0.0, 1.0],
                [0.9777, 0.153899, -0.142892, 0.124994, 0.140224, -0.984918, -0.101345, -0.002831, -0.156333, 0.079048, -0.984536, -1.2e-05, 0.0, 0.0, 0.0, 1.0],
                [0.9777, 0.1541, -0.142673, 0.124994, 0.14021, -0.984767, -0.102821, -0.002831, -0.156345, 0.080523, -0.984415, -1.2e-05, 0.0, 0.0, 0.0, 1.0],
                [0.9777, 0.154281, -0.142476, 0.124994, 0.140197, -0.984629, -0.104154, -0.002831, -0.156355, 0.081856, -0.984303, -1.2e-05, 0.0, 0.0, 0.0, 1.0],
                [0.9777, 0.154454, -0.142287, 0.124994, 0.140184, -0.984495, -0.105429, -0.002831, -0.156365, 0.083131, -0.984195, -1.2e-05, 0.0, 0.0, 0.0, 1.0],
                [0.977701, 0.154618, -0.142108, 0.124994, 0.140173, -0.984366, -0.106637, -0.002831, -0.156374, 0.084339, -0.984091, -1.2e-05, 0.0, 0.0, 0.0, 1.0],
                [0.977701, 0.15477, -0.14194, 0.124994, 0.140162, -0.984245, -0.107761, -0.002831, -0.156383, 0.085463, -0.983993, -1.2e-05, 0.0, 0.0, 0.0, 1.0],
                [0.977701, 0.154912, -0.141785, 0.124994, 0.140153, -0.984132, -0.108803, -0.002831, -0.15639, 0.086505, -0.9839, -1.2e-05, 0.0, 0.0, 0.0, 1.0],
                [0.977701, 0.15504, -0.141643, 0.124994, 0.140144, -0.984028, -0.10975, -0.002831, -0.156397, 0.087452, -0.983816, -1.2e-05, 0.0, 0.0, 0.0, 1.0],
                [0.977701, 0.155155, -0.141517, 0.124994, 0.140137, -0.983935, -0.110592, -0.002831, -0.156403, 0.088294, -0.983739, -1.2e-05, 0.0, 0.0, 0.0, 1.0],
                [0.977701, 0.155254, -0.141408, 0.124994, 0.14013, -0.983853, -0.111322, -0.002831, -0.156408, 0.089024, -0.983673, -1.2e-05, 0.0, 0.0, 0.0, 1.0],
                [0.977701, 0.155336, -0.141317, 0.124994, 0.140125, -0.983785, -0.11193, -0.002831, -0.156412, 0.089632, -0.983617, -1.2e-05, 0.0, 0.0, 0.0, 1.0],
                [0.977701, 0.155417, -0.141227, 0.124994, 0.140121, -0.983719, -0.112519, -0.002831, -0.156415, 0.090221, -0.983562, -1.2e-05, 0.0, 0.0, 0.0, 1.0],
                [0.977701, 0.155465, -0.141175, 0.124994, 0.140118, -0.983679, -0.112868, -0.002831, -0.156418, 0.09057, -0.98353, -1.2e-05, 0.0, 0.0, 0.0, 1.0],
                [0.977701, 0.155493, -0.141143, 0.124994, 0.140116, -0.983655, -0.11308, -0.002831, -0.156419, 0.090781, -0.98351, -1.2e-05, 0.0, 0.0, 0.0, 1.0],
                [0.977701, 0.155503, -0.141132, 0.124994, 0.140116, -0.983647, -0.11315, -0.002831, -0.15642, 0.090852, -0.983504, -1.2e-05, 0.0, 0.0, 0.0, 1.0],
                [0.977701, 0.155493, -0.141144, 0.124994, 0.140116, -0.983656, -0.113074, -0.002831, -0.156419, 0.090775, -0.983511, -1.2e-05, 0.0, 0.0, 0.0, 1.0],
                [0.977701, 0.155463, -0.141177, 0.124994, 0.140118, -0.98368, -0.112854, -0.002831, -0.156418, 0.090556, -0.983531, -1.2e-05, 0.0, 0.0, 0.0, 1.0],
                [0.977701, 0.155414, -0.141231, 0.124994, 0.140121, -0.983721, -0.112493, -0.002831, -0.156415, 0.090195, -0.983565, -1.2e-05, 0.0, 0.0, 0.0, 1.0],
                [0.977701, 0.155332, -0.141322, 0.124994, 0.140125, -0.983789, -0.111896, -0.002831, -0.156412, 0.089597, -0.98362, -1.2e-05, 0.0, 0.0, 0.0, 1.0],
                [0.977701, 0.155248, -0.141414, 0.124994, 0.140131, -0.983858, -0.111279, -0.002831, -0.156408, 0.088981, -0.983677, -1.2e-05, 0.0, 0.0, 0.0, 1.0],
                [0.977701, 0.155148, -0.141525, 0.124994, 0.140137, -0.983941, -0.110541, -0.002831, -0.156402, 0.088243, -0.983744, -1.2e-05, 0.0, 0.0, 0.0, 1.0],
                [0.977701, 0.155032, -0.141653, 0.124994, 0.140145, -0.984035, -0.109688, -0.002831, -0.156396, 0.08739, -0.983821, -1.2e-05, 0.0, 0.0, 0.0, 1.0],
                [0.977701, 0.154902, -0.141796, 0.124994, 0.140153, -0.98414, -0.108732, -0.002831, -0.15639, 0.086434, -0.983907, -1.2e-05, 0.0, 0.0, 0.0, 1.0],
                [0.977701, 0.154759, -0.141952, 0.124994, 0.140163, -0.984254, -0.107682, -0.002831, -0.156382, 0.085384, -0.983999, -1.2e-05, 0.0, 0.0, 0.0, 1.0],
                [0.977701, 0.154605, -0.142121, 0.124994, 0.140174, -0.984376, -0.106546, -0.002831, -0.156373, 0.084248, -0.984099, -1.2e-05, 0.0, 0.0, 0.0, 1.0],
                [0.9777, 0.15444, -0.142302, 0.124994, 0.140185, -0.984505, -0.105329, -0.002831, -0.156364, 0.083031, -0.984204, -1.2e-05, 0.0, 0.0, 0.0, 1.0],
                [0.9777, 0.154266, -0.142492, 0.124994, 0.140198, -0.98464, -0.104044, -0.002831, -0.156354, 0.081746, -0.984313, -1.2e-05, 0.0, 0.0, 0.0, 1.0],
                [0.9777, 0.154084, -0.14269, 0.124994, 0.140211, -0.984779, -0.102705, -0.002831, -0.156344, 0.080408, -0.984425, -1.2e-05, 0.0, 0.0, 0.0, 1.0],
                [0.9777, 0.153882, -0.14291, 0.124994, 0.140225, -0.98493, -0.101223, -0.002831, -0.156332, 0.078926, -0.984546, -1.2e-05, 0.0, 0.0, 0.0, 1.0],
                [0.9777, 0.153692, -0.143116, 0.124994, 0.14024, -0.985072, -0.099816, -0.002831, -0.156321, 0.07752, -0.98466, -1.2e-05, 0.0, 0.0, 0.0, 1.0],
                [0.977699, 0.153497, -0.143326, 0.124994, 0.140255, -0.985214, -0.098383, -0.002831, -0.156308, 0.076086, -0.984774, -1.2e-05, 0.0, 0.0, 0.0, 1.0],
                [0.977699, 0.1533, -0.143539, 0.124994, 0.140271, -0.985356, -0.096926, -0.002831, -0.156295, 0.07463, -0.984887, -1.2e-05, 0.0, 0.0, 0.0, 1.0],
                [0.977699, 0.1531, -0.143754, 0.124994, 0.140288, -0.985498, -0.095449, -0.002831, -0.156282, 0.073153, -0.985, -1.2e-05, 0.0, 0.0, 0.0, 1.0],
                [0.977698, 0.152899, -0.14397, 0.124994, 0.140305, -0.985638, -0.093962, -0.002831, -0.156269, 0.071667, -0.985112, -1.2e-05, 0.0, 0.0, 0.0, 1.0],
                [0.977698, 0.152698, -0.144185, 0.124994, 0.140322, -0.985776, -0.092475, -0.002831, -0.156255, 0.07018, -0.985221, -1.2e-05, 0.0, 0.0, 0.0, 1.0],
                [0.977698, 0.152498, -0.144399, 0.124994, 0.14034, -0.985911, -0.090994, -0.002831, -0.156241, 0.068699, -0.985327, -1.2e-05, 0.0, 0.0, 0.0, 1.0],
                [0.977698, 0.152299, -0.14461, 0.124994, 0.140358, -0.986043, -0.089527, -0.002831, -0.156226, 0.067233, -0.985431, -1.2e-05, 0.0, 0.0, 0.0, 1.0],
                [0.977697, 0.152091, -0.144831, 0.124994, 0.140376, -0.986179, -0.087989, -0.002831, -0.156212, 0.065695, -0.985537, -1.2e-05, 0.0, 0.0, 0.0, 1.0],
                [0.977697, 0.1519, -0.145033, 0.124994, 0.140394, -0.986301, -0.086576, -0.002831, -0.156197, 0.064283, -0.985632, -1.2e-05, 0.0, 0.0, 0.0, 1.0],
                [0.977697, 0.151713, -0.14523, 0.124994, 0.140413, -0.986419, -0.085191, -0.002831, -0.156183, 0.062899, -0.985724, -1.2e-05, 0.0, 0.0, 0.0, 1.0],
                [0.977696, 0.15153, -0.145423, 0.124994, 0.140431, -0.986533, -0.083835, -0.002831, -0.156168, 0.061543, -0.985812, -1.2e-05, 0.0, 0.0, 0.0, 1.0],
                [0.977696, 0.151351, -0.145612, 0.124994, 0.140449, -0.986643, -0.082504, -0.002831, -0.156154, 0.060213, -0.985896, -1.2e-05, 0.0, 0.0, 0.0, 1.0],
                [0.977696, 0.151177, -0.145794, 0.124994, 0.140466, -0.986747, -0.081216, -0.002831, -0.15614, 0.058925, -0.985976, -1.2e-05, 0.0, 0.0, 0.0, 1.0],
                [0.977696, 0.151009, -0.14597, 0.124994, 0.140484, -0.986846, -0.079969, -0.002831, -0.156126, 0.057679, -0.986052, -1.2e-05, 0.0, 0.0, 0.0, 1.0],
                [0.977695, 0.150848, -0.146139, 0.124994, 0.140501, -0.986941, -0.078769, -0.002831, -0.156113, 0.056479, -0.986124, -1.2e-05, 0.0, 0.0, 0.0, 1.0],
                [0.977695, 0.150693, -0.1463, 0.124994, 0.140517, -0.987029, -0.077618, -0.002831, -0.156099, 0.055328, -0.986191, -1.2e-05, 0.0, 0.0, 0.0, 1.0],
                [0.977695, 0.150545, -0.146454, 0.124994, 0.140533, -0.987113, -0.076521, -0.002831, -0.156087, 0.054232, -0.986254, -1.2e-05, 0.0, 0.0, 0.0, 1.0],
                [0.977695, 0.150405, -0.1466, 0.124994, 0.140549, -0.987191, -0.075478, -0.002831, -0.156074, 0.05319, -0.986312, -1.2e-05, 0.0, 0.0, 0.0, 1.0],
                [0.977694, 0.150272, -0.146737, 0.124994, 0.140564, -0.987264, -0.074493, -0.002831, -0.156063, 0.052205, -0.986367, -1.2e-05, 0.0, 0.0, 0.0, 1.0],
                [0.977694, 0.150134, -0.14688, 0.124994, 0.140578, -0.987338, -0.073472, -0.002831, -0.156051, 0.051185, -0.986422, -1.2e-05, 0.0, 0.0, 0.0, 1.0],
                [0.977694, 0.150019, -0.146999, 0.124994, 0.140591, -0.987399, -0.072618, -0.002831, -0.156041, 0.050331, -0.986468, -1.2e-05, 0.0, 0.0, 0.0, 1.0],
                [0.977694, 0.149913, -0.147109, 0.124994, 0.140603, -0.987456, -0.071825, -0.002831, -0.156031, 0.049539, -0.98651, -1.2e-05, 0.0, 0.0, 0.0, 1.0],
                [0.977693, 0.149815, -0.147209, 0.124994, 0.140615, -0.987507, -0.071098, -0.002831, -0.156022, 0.048812, -0.986547, -1.2e-05, 0.0, 0.0, 0.0, 1.0],
                [0.977693, 0.149727, -0.147301, 0.124994, 0.140625, -0.987553, -0.070435, -0.002831, -0.156014, 0.048149, -0.986581, -1.2e-05, 0.0, 0.0, 0.0, 1.0],
                [0.977693, 0.149647, -0.147383, 0.124994, 0.140635, -0.987593, -0.06984, -0.002831, -0.156006, 0.047555, -0.986611, -1.2e-05, 0.0, 0.0, 0.0, 1.0],
                [0.977693, 0.149576, -0.147456, 0.124994, 0.140643, -0.98763, -0.069311, -0.002831, -0.155999, 0.047025, -0.986638, -1.2e-05, 0.0, 0.0, 0.0, 1.0],
                [0.977693, 0.149514, -0.147519, 0.124994, 0.14065, -0.987661, -0.068851, -0.002831, -0.155993, 0.046566, -0.98666, -1.2e-05, 0.0, 0.0, 0.0, 1.0],
                [0.977693, 0.149462, -0.147573, 0.124994, 0.140657, -0.987687, -0.068462, -0.002831, -0.155988, 0.046178, -0.986679, -1.2e-05, 0.0, 0.0, 0.0, 1.0],
                [0.977692, 0.14942, -0.147616, 0.124994, 0.140662, -0.987708, -0.068147, -0.002831, -0.155984, 0.045862, -0.986695, -1.2e-05, 0.0, 0.0, 0.0, 1.0],
                [0.977693, 0.149387, -0.14765, 0.124994, 0.140666, -0.987724, -0.067903, -0.002831, -0.155981, 0.045618, -0.986706, -1.2e-05, 0.0, 0.0, 0.0, 1.0],
                [0.977692, 0.149364, -0.147673, 0.124994, 0.140669, -0.987736, -0.067732, -0.002831, -0.155979, 0.045447, -0.986715, -1.2e-05, 0.0, 0.0, 0.0, 1.0],
                [0.977692, 0.149351, -0.147687, 0.124994, 0.14067, -0.987742, -0.067635, -0.002831, -0.155978, 0.045351, -0.986719, -1.2e-05, 0.0, 0.0, 0.0, 1.0],
                [0.977692, 0.149348, -0.14769, 0.124994, 0.140671, -0.987744, -0.06761, -0.002831, -0.155977, 0.045326, -0.986721, -1.2e-05, 0.0, 0.0, 0.0, 1.0]
            ]
        },
        {
            "name": "Leg_R",
            "time": [0.0, 0.0167, 0.0333, 0.05, 0.0667, 0.0833, 0.1, 0.1167, 0.1333, 0.15, 0.1667, 0.1833, 0.2, 0.2167, 0.2333, 0.25, 0.2667, 0.2833, 0.3, 0.3167, 0.3333, 0.35, 0.3667, 0.3833, 0.4, 0.4167, 0.4333, 0.45, 0.4667, 0.4833, 0.5, 0.5167, 0.5333, 0.55, 0.5667, 0.5833, 0.6, 0.6167, 0.6333, 0.65, 0.6667, 0.6833, 0.7, 0.7167, 0.7333, 0.75, 0.7667, 0.7833, 0.8, 0.8167, 0.8333, 0.85, 0.8667, 0.8833, 0.9, 0.9167, 0.9333, 0.95, 0.9667, 0.9833, 1.0, 1.0167, 1.0333, 1.05, 1.0667, 1.0833, 1.1, 1.1167, 1.1333, 1.15, 1.1667, 1.1833, 1.2, 1.2167, 1.2333, 1.25, 1.2667, 1.2833, 1.3, 1.3167, 1.3333, 1.35, 1.3667, 1.3833, 1.4, 1.4167, 1.4333, 1.45, 1.4667, 1.4833, 1.5, 1.5167, 1.5333, 1.55, 1.5667, 1.5833, 1.6],
            "transform": [
                [1.0, -0.0, 1e-06, -0.0, -0.0, 0.981941, 0.1892, 0.374726, -1e-06, -0.189201, 0.981935, -0.0, 0.0, 0.0, 0.0, 1.0],
                [1.0, -0.0, 1e-06, 0.0, -0.0, 0.981956, 0.189127, 0.374726, -1e-06, -0.189127, 0.98195, -0.0, 0.0, 0.0, 0.0, 1.0],
                [1.0, -0.0, 1e-06, 0.0, -0.0, 0.981998, 0.188906, 0.374726, -1e-06, -0.188906, 0.981992, -0.0, 0.0, 0.0, 0.0, 1.0],
                [1.0, -0.0, 1e-06, 0.0, -0.0, 0.982069, 0.188539, 0.374726, -1e-06, -0.188539, 0.982063, 0.0, 0.0, 0.0, 0.0, 1.0],
                [1.0, -0.0, 1e-06, 0.0, -0.0, 0.982167, 0.188022, 0.374726, -1e-06, -0.188023, 0.982161, 0.0, 0.0, 0.0, 0.0, 1.0],
                [1.0, -0.0, 1e-06, 0.0, -0.0, 0.982294, 0.187361, 0.374726, -1e-06, -0.187362, 0.982288, -0.0, 0.0, 0.0, 0.0, 1.0],
                [1.0, -0.0, 1e-06, 0.0, -0.0, 0.982447, 0.186556, 0.374726, -1e-06, -0.186557, 0.982441, 0.0, 0.0, 0.0, 0.0, 1.0],
                [1.0, -0.0, 1e-06, 0.0, -0.0, 0.982626, 0.185609, 0.374726, -1e-06, -0.18561, 0.982621, -0.0, 0.0, 0.0, 0.0, 1.0],
                [1.0, -0.0, 1e-06, -0.0, -0.0, 0.982831, 0.184522, 0.374726, -1e-06, -0.184523, 0.982825, -0.0, 0.0, 0.0, 0.0, 1.0],
                [1.0, -0.0, 1e-06, -0.0, -0.0, 0.983059, 0.183305, 0.374726, -1e-06, -0.183306, 0.983053, 0.0, 0.0, 0.0, 0.0, 1.0],
                [1.0, -0.0, 1e-06, 0.0, -0.0, 0.983311, 0.18195, 0.374726, -1e-06, -0.18195, 0.983305, -0.0, 0.0, 0.0, 0.0, 1.0],
                [1.0, -0.0, 1e-06, 0.0, -0.0, 0.983584, 0.180468, 0.374726, -1e-06, -0.180468, 0.983578, 0.0, 0.0, 0.0, 0.0, 1.0],
                [1.0, -0.0, 1e-06, 0.0, -0.0, 0.983879, 0.17885, 0.374726, -1e-06, -0.17885, 0.983873, -0.0, 0.0, 0.0, 0.0, 1.0],
                [1.0, -0.0, 1e-06, 0.0, -0.0, 0.984194, 0.177111, 0.374726, -1e-06, -0.177111, 0.984188, 0.0, 0.0, 0.0, 0.0, 1.0],
                [1.0, -0.0, 1e-06, 0.0, -0.0, 0.984564, 0.175042, 0.374726, -1e-06, -0.175043, 0.984558, -0.0, 0.0, 0.0, 0.0, 1.0],
                [1.0, -0.0, 1e-06, 0.0, -0.0, 0.984918, 0.173039, 0.374726, -1e-06, -0.173039, 0.984912, -0.0, 0.0, 0.0, 0.0, 1.0],
                [1.0, -0.0, 1e-06, 0.0, -0.0, 0.985287, 0.170923, 0.374726, -1e-06, -0.170923, 0.985281, -0.0, 0.0, 0.0, 0.0, 1.0],
                [1.0, -0.0, 1e-06, -0.0, -0.0, 0.985671, 0.168694, 0.374726, -1e-06, -0.168695, 0.985665, 0.0, 0.0, 0.0, 0.0, 1.0],
                [1.0, -0.0, 1e-06, 0.0, -0.0, 0.986068, 0.16636, 0.374726, -1e-06, -0.166361, 0.986062, 0.0, 0.0, 0.0, 0.0, 1.0],
                [1.0, -0.0, 1e-06, 0.0, -0.0, 0.986475, 0.163929, 0.374726, -1e-06, -0.163929, 0.986469, 0.0, 0.0, 0.0, 0.0, 1.0],
                [1.0, -0.0, 1e-06, 0.0, -0.0, 0.986891, 0.161403, 0.374726, -1e-06, -0.161404, 0.986885, -0.0, 0.0, 0.0, 0.0, 1.0],
                [1.0, -0.0, 1e-06, -0.0, -0.0, 0.987315, 0.158789, 0.374726, -1e-06, -0.158789, 0.987309, -0.0, 0.0, 0.0, 0.0, 1.0],
                [1.0, -0.0, 1e-06, 0.0, -0.0, 0.987744, 0.156098, 0.374726, -1e-06, -0.156098, 0.987738, 0.0, 0.0, 0.0, 0.0, 1.0],
                [1.0, -0.0, 1e-06, 0.0, -0.0, 0.988175, 0.153349, 0.374726, -1e-06, -0.15335, 0.988169, 0.0, 0.0, 0.0, 0.0, 1.0],
                [1.0, -0.0, 1e-06, 0.0, -0.0, 0.988606, 0.150545, 0.374726, -1e-06, -0.150545, 0.9886, 0.0, 0.0, 0.0, 0.0, 1.0],
                [1.0, -0.0, 1e-06, 0.0, -0.0, 0.989037, 0.147686, 0.374726, -1e-06, -0.147686, 0.989031, 0.0, 0.0, 0.0, 0.0, 1.0],
                [1.0, -0.0, 1e-06, 0.0, -0.0, 0.989497, 0.144571, 0.374726, -1e-06, -0.144571, 0.989491, 0.0, 0.0, 0.0, 0.0, 1.0],
                [1.0, -0.0, 1e-06, 0.0, -0.0, 0.989927, 0.141595, 0.374726, -1e-06, -0.141596, 0.989921, 0.0, 0.0, 0.0, 0.0, 1.0],
                [1.0, -0.0, 1e-06, -0.0, -0.0, 0.990352, 0.138599, 0.374726, -1e-06, -0.1386, 0.990345, -0.0, 0.0, 0.0, 0.0, 1.0],
                [1.0, -0.0, 1e-06, -0.0, -0.0, 0.990768, 0.13559, 0.374726, -1e-06, -0.13559, 0.990762, -0.0, 0.0, 0.0, 0.0, 1.0],
                [1.0, -0.0, 1e-06, -0.0, -0.0, 0.991175, 0.132579, 0.374726, -1e-06, -0.132579, 0.99117, 0.0, 0.0, 0.0, 0.0, 1.0],
                [1.0, -0.0, 1e-06, -0.0, -0.0, 0.99157, 0.129593, 0.374726, -1e-06, -0.129593, 0.991564, 0.0, 0.0, 0.0, 0.0, 1.0],
                [1.0, -0.0, 1e-06, -0.0, -0.0, 0.991951, 0.126644, 0.374726, -1e-06, -0.126644, 0.991945, 0.0, 0.0, 0.0, 0.0, 1.0],
                [1.0, -0.0, 1e-06, 0.0, -0.0, 0.992317, 0.123744, 0.374726, -1e-06, -0.123745, 0.992311, 0.0, 0.0, 0.0, 0.0, 1.0],
                [1.0, -0.0, 1e-06, -0.0, -0.0, 0.992668, 0.120899, 0.374726, -1e-06, -0.1209, 0.992662, 0.0, 0.0, 0.0, 0.0, 1.0],
                [1.0, -0.0, 1e-06, 0.0, -0.0, 0.993028, 0.117902, 0.374726, -1e-06, -0.117902, 0.993022, 0.0, 0.0, 0.0, 0.0, 1.0],
                [1.0, -0.0, 1e-06, -0.0, -0.0, 0.993346, 0.11519, 0.374726, -1e-06, -0.115191, 0.99334, 0.0, 0.0, 0.0, 0.0, 1.0],
                [1.0, -0.0, 1e-06, -0.0, -0.0, 0.993644, 0.112596, 0.374726, -1e-06, -0.112596, 0.993638, 0.0, 0.0, 0.0, 0.0, 1.0],
                [1.0, -0.0, 1e-06, 0.0, -0.0, 0.993919, 0.110139, 0.374726, -1e-06, -0.110139, 0.993913, 0.0, 0.0, 0.0, 0.0, 1.0],
                [1.0, -0.0, 1e-06, 0.0, -0.0, 0.99417, 0.10785, 0.374726, -1e-06, -0.107851, 0.994164, -0.0, 0.0, 0.0, 0.0, 1.0],
                [1.0, -0.0, 1e-06, -0.0, -0.0, 0.994398, 0.10573, 0.374726, -1e-06, -0.10573, 0.994392, 0.0, 0.0, 0.0, 0.0, 1.0],
                [1.0, -0.0, 1e-06, -0.0, -0.0, 0.994601, 0.103802, 0.374726, -1e-06, -0.103802, 0.994595, -0.0, 0.0, 0.0, 0.0, 1.0],
                [1.0, -0.0, 1e-06, 0.0, -0.0, 0.994779, 0.102087, 0.374726, -1e-06, -0.102087, 0.994772, -0.0, 0.0, 0.0, 0.0, 1.0],
                [1.0, -0.0, 1e-06, -0.0, -0.0, 0.99493, 0.1006, 0.374726, -1e-06, -0.1006, 0.994924, 0.0, 0.0, 0.0, 0.0, 1.0],
                [1.0, -0.0, 1e-06, -0.0, -0.0, 0.995054, 0.099362, 0.374726, -1e-06, -0.099362, 0.995048, 0.0, 0.0, 0.0, 0.0, 1.0],
                [1.0, -0.0, 1e-06, 0.0, -0.0, 0.995173, 0.098164, 0.374726, -1e-06, -0.098164, 0.995167, 0.0, 0.0, 0.0, 0.0, 1.0],
                [1.0, -0.0, 1e-06, -0.0, -0.0, 0.995243, 0.097452, 0.374726, -1e-06, -0.097453, 0.995237, 0.0, 0.0, 0.0, 0.0, 1.0],
                [1.0, -0.0, 1e-06, 0.0, -0.0, 0.995285, 0.097022, 0.374726, -1e-06, -0.097022, 0.995279, 0.0, 0.0, 0.0, 0.0, 1.0],
                [1.0, -0.0, 1e-06, -0.0, -0.0, 0.995299, 0.096879, 0.374726, -1e-06, -0.096879, 0.995293, 0.0, 0.0, 0.0, 0.0, 1.0],
                [1.0, -0.0, 1e-06, 0.0, -0.0, 0.995284, 0.097034, 0.374726, -1e-06, -0.097035, 0.995278, -0.0, 0.0, 0.0, 0.0, 1.0],
                [1.0, -0.0, 1e-06, 0.0, -0.0, 0.99524, 0.097481, 0.374726, -1e-06, -0.097481, 0.995234, 0.0, 0.0, 0.0, 0.0, 1.0],
                [1.0, -0.0, 1e-06, -0.0, -0.0, 0.995168, 0.098217, 0.374726, -1e-06, -0.098217, 0.995162, -0.0, 0.0, 0.0, 0.0, 1.0],
                [1.0, -0.0, 1e-06, 0.0, -0.0, 0.995047, 0.099432, 0.374726, -1e-06, -0.099432, 0.995041, 0.0, 0.0, 0.0, 0.0, 1.0],
                [1.0, -0.0, 1e-06, -0.0, -0.0, 0.994921, 0.100688, 0.374726, -1e-06, -0.100688, 0.994915, -0.0, 0.0, 0.0, 0.0, 1.0],
                [1.0, -0.0, 1e-06, 0.0, -0.0, 0.994767, 0.102191, 0.374726, -1e-06, -0.102191, 0.994762, -0.0, 0.0, 0.0, 0.0, 1.0],
                [1.0, -0.0, 1e-06, 0.0, -0.0, 0.994588, 0.103928, 0.374726, -1e-06, -0.103928, 0.994582, -0.0, 0.0, 0.0, 0.0, 1.0],
                [1.0, -0.0, 1e-06, -0.0, -0.0, 0.994383, 0.105874, 0.374726, -1e-06, -0.105874, 0.994376, 0.0, 0.0, 0.0, 0.0, 1.0],
                [1.0, -0.0, 1e-06, -0.0, -0.0, 0.994153, 0.108011, 0.374726, -1e-06, -0.108012, 0.994147, -0.0, 0.0, 0.0, 0.0, 1.0],
                [1.0, -0.0, 1e-06, 0.0, -0.0, 0.993899, 0.110324, 0.374726, -1e-06, -0.110324, 0.993893, 0.0, 0.0, 0.0, 0.0, 1.0],
                [1.0, -0.0, 1e-06, 0.0, -0.0, 0.99362, 0.1128, 0.374726, -1e-06, -0.112801, 0.993615, -0.0, 0.0, 0.0, 0.0, 1.0],
                [1.0, -0.0, 1e-06, 0.0, -0.0, 0.99332, 0.115414, 0.374726, -1e-06, -0.115414, 0.993314, 0.0, 0.0, 0.0, 0.0, 1.0],
                [1.0, -0.0, 1e-06, 0.0, -0.0, 0.993, 0.118136, 0.374726, -1e-06, -0.118136, 0.992994, -0.0, 0.0, 0.0, 0.0, 1.0],
                [1.0, -0.0, 1e-06, -0.0, -0.0, 0.992637, 0.121148, 0.374726, -1e-06, -0.121148, 0.992631, 0.0, 0.0, 0.0, 0.0, 1.0],
                [1.0, -0.0, 1e-06, 0.0, -0.0, 0.992284, 0.124007, 0.374726, -1e-06, -0.124007, 0.992278, 0.0, 0.0, 0.0, 0.0, 1.0],
                [1.0, -0.0, 1e-06, -0.0, -0.0, 0.991916, 0.12692, 0.374726, -1e-06, -0.12692, 0.99191, 0.0, 0.0, 0.0, 0.0, 1.0],
