{
    "animation": [
        {
            "name": "Root",
            "time": [0.0, 0.0417, 0.0833, 0.125, 0.1667, 0.2083, 0.25, 0.2917, 0.3333, 0.375, 0.4167, 0.4583, 0.5, 0.5417, 0.5833, 0.625, 0.6667, 0.7083, 0.75, 0.7917, 0.8333, 0.875, 0.9167, 0.9583, 1.0, 1.0417, 1.0833, 1.125, 1.1667, 1.2083, 1.25, 1.2917, 1.3333, 1.375, 1.4167, 1.4583, 1.5, 1.5417, 1.5833, 1.625, 1.6667, 1.7083, 1.75, 1.7917, 1.8333, 1.875, 1.9167, 1.9583, 2.0, 2.0417, 2.0833, 2.125, 2.1667, 2.2083, 2.25, 2.2917, 2.3333, 2.375, 2.4167, 2.4583, 2.5],
            "transform": [
                [1.0, -0.0, -0.0, 0.000517, -0.0, -0.0, -1.0, 0.000203, 0.0, 1.0, -0.0, 0.601542, 0.0, 0.0, 0.0, 1.0],
                [1.0, -0.0, -0.0, 0.001364, -0.0, -0.0, -1.0, 0.000458, 0.0, 1.0, -0.0, 0.601542, 0.0, 0.0, 0.0, 1.0],
                [1.0, -0.0, -0.0, 0.002547, -0.0, -0.0, -1.0, 0.000816, 0.0, 1.0, -0.0, 0.601542, 0.0, 0.0, 0.0, 1.0],
                [1.0, -0.0, -0.0, 0.00378, -0.0, -0.0, -1.0, 0.001191, 0.0, 1.0, -0.0, 0.601542, 0.0, 0.0, 0.0, 1.0],
                [1.0, -0.0, -0.0, 0.005048, -0.0, -0.0, -1.0, 0.001577, 0.0, 1.0, -0.0, 0.601542, 0.0, 0.0, 0.0, 1.0],
                [1.0, -0.0, -0.0, 0.006333, -0.0, -0.0, -1.0, 0.001969, 0.0, 1.0, -0.0, 0.601542, 0.0, 0.0, 0.0, 1.0],
                [1.0, -0.0, -0.0, 0.00762, -0.0, -0.0, -1.0, 0.002361, 0.0, 1.0, -0.0, 0.601542, 0.0, 0.0, 0.0, 1.0],
                [1.0, -0.0, -0.0, 0.008891, -0.0, -0.0, -1.0, 0.002749, 0.0, 1.0, -0.0, 0.601542, 0.0, 0.0, 0.0, 1.0],
                [1.0, -0.0, -0.0, 0.010131, -0.0, -0.0, -1.0, 0.003126, 0.0, 1.0, -0.0, 0.601542, 0.0, 0.0, 0.0, 1.0],
                [1.0, -0.0, -0.0, 0.011324, -0.0, -0.0, -1.0, 0.003487, 0.0, 1.0, -0.0, 0.601542, 0.0, 0.0, 0.0, 1.0],
                [1.0, -0.0, -0.0, 0.012452, -0.0, -0.0, -1.0, 0.003827, 0.0, 1.0, -0.0, 0.601542, 0.0, 0.0, 0.0, 1.0],
                [1.0, -0.0, -0.0, 0.0135, -0.0, -0.0, -1.0, 0.004141, 0.0, 1.0, -0.0, 0.601542, 0.0, 0.0, 0.0, 1.0],
                [1.0, -0.0, -0.0, 0.014451, -0.0, -0.0, -1.0, 0.004422, 0.0, 1.0, -0.0, 0.601542, 0.0, 0.0, 0.0, 1.0],
                [1.0, -0.0, -0.0, 0.015095, -0.0, -0.0, -1.0, 0.00461, 0.0, 1.0, -0.0, 0.601542, 0.0, 0.0, 0.0, 1.0],
                [1.0, -0.0, -0.0, 0.015661, -0.0, -0.0, -1.0, 0.004772, 0.0, 1.0, -0.0, 0.601542, 0.0, 0.0, 0.0, 1.0],
                [1.0, -0.0, -0.0, 0.016298, -0.0, -0.0, -1.0, 0.004946, 0.0, 1.0, -0.0, 0.601542, 0.0, 0.0, 0.0, 1.0],
                [1.0, -0.0, -0.0, 0.016782, -0.0, -0.0, -1.0, 0.005072, 0.0, 1.0, -0.0, 0.601542, 0.0, 0.0, 0.0, 1.0],
                [1.0, -0.0, -0.0, 0.017141, -0.0, -0.0, -1.0, 0.005156, 0.0, 1.0, -0.0, 0.601542, 0.0, 0.0, 0.0, 1.0],
                [1.0, -0.0, -0.0, 0.017461, -0.0, -0.0, -1.0, 0.005225, 0.0, 1.0, -0.0, 0.601542, 0.0, 0.0, 0.0, 1.0],
                [1.0, -0.0, -0.0, 0.01775, -0.0, -0.0, -1.0, 0.005277, 0.0, 1.0, -0.0, 0.601542, 0.0, 0.0, 0.0, 1.0],
                [1.0, -0.0, -0.0, 0.018008, -0.0, -0.0, -1.0, 0.005313, 0.0, 1.0, -0.0, 0.601542, 0.0, 0.0, 0.0, 1.0],
                [1.0, -0.0, -0.0, 0.018237, -0.0, -0.0, -1.0, 0.005302, 0.0, 1.0, -0.0, 0.601542, 0.0, 0.0, 0.0, 1.0],
                [1.0, -0.0, -0.0, 0.018434, -0.0, -0.0, -1.0, 0.005291, 0.0, 1.0, -0.0, 0.601542, 0.0, 0.0, 0.0, 1.0],
                [1.0, -0.0, -0.0, 0.018603, -0.0, -0.0, -1.0, 0.00528, 0.0, 1.0, -0.0, 0.601542, 0.0, 0.0, 0.0, 1.0],
                [1.0, -0.0, -0.0, 0.018743, -0.0, -0.0, -1.0, 0.005269, 0.0, 1.0, -0.0, 0.601542, 0.0, 0.0, 0.0, 1.0],
                [1.0, -0.0, -0.0, 0.018854, -0.0, -0.0, -1.0, 0.005258, 0.0, 1.0, -0.0, 0.601542, 0.0, 0.0, 0.0, 1.0],
                [1.0, -0.0, -0.0, 0.018914, -0.0, -0.0, -1.0, 0.00525, 0.0, 1.0, -0.0, 0.601542, 0.0, 0.0, 0.0, 1.0],
                [1.0, -0.0, -0.0, 0.018965, -0.0, -0.0, -1.0, 0.005242, 0.0, 1.0, -0.0, 0.601542, 0.0, 0.0, 0.0, 1.0],
                [1.0, -0.0, -0.0, 0.018965, -0.0, -0.0, -1.0, 0.005231, 0.0, 1.0, -0.0, 0.601542, 0.0, 0.0, 0.0, 1.0],
                [1.0, -0.0, -0.0, 0.018943, -0.0, -0.0, -1.0, 0.00522, 0.0, 1.0, -0.0, 0.601542, 0.0, 0.0, 0.0, 1.0],
                [1.0, -0.0, -0.0, 0.018921, -0.0, -0.0, -1.0, 0.005196, 0.0, 1.0, -0.0, 0.601542, 0.0, 0.0, 0.0, 1.0],
                [1.0, -0.0, -0.0, 0.018898, -0.0, -0.0, -1.0, 0.005134, 0.0, 1.0, -0.0, 0.601542, 0.0, 0.0, 0.0, 1.0],
                [1.0, -0.0, -0.0, 0.018876, -0.0, -0.0, -1.0, 0.005069, 0.0, 1.0, -0.0, 0.601542, 0.0, 0.0, 0.0, 1.0],
                [1.0, -0.0, -0.0, 0.018792, -0.0, -0.0, -1.0, 0.004994, 0.0, 1.0, -0.0, 0.601542, 0.0, 0.0, 0.0, 1.0],
                [1.0, -0.0, -0.0, 0.018669, -0.0, -0.0, -1.0, 0.004913, 0.0, 1.0, -0.0, 0.601542, 0.0, 0.0, 0.0, 1.0],
                [1.0, -0.0, -0.0, 0.018519, -0.0, -0.0, -1.0, 0.004827, 0.0, 1.0, -0.0, 0.601542, 0.0, 0.0, 0.0, 1.0],
                [1.0, -0.0, -0.0, 0.018343, -0.0, -0.0, -1.0, 0.004735, 0.0, 1.0, -0.0, 0.601542, 0.0, 0.0, 0.0, 1.0],
                [1.0, -0.0, -0.0, 0.018144, -0.0, -0.0, -1.0, 0.004638, 0.0, 1.0, -0.0, 0.601542, 0.0, 0.0, 0.0, 1.0],
                [1.0, -0.0, -0.0, 0.017917, -0.0, -0.0, -1.0, 0.004537, 0.0, 1.0, -0.0, 0.601542, 0.0, 0.0, 0.0, 1.0],
                [1.0, -0.0, -0.0, 0.017731, -0.0, -0.0, -1.0, 0.004459, 0.0, 1.0, -0.0, 0.601542, 0.0, 0.0, 0.0, 1.0],
                [1.0, -0.0, -0.0, 0.017529, -0.0, -0.0, -1.0, 0.004378, 0.0, 1.0, -0.0, 0.601542, 0.0, 0.0, 0.0, 1.0],
                [1.0, -0.0, -0.0, 0.01724, -0.0, -0.0, -1.0, 0.004267, 0.0, 1.0, -0.0, 0.601542, 0.0, 0.0, 0.0, 1.0],
                [1.0, -0.0, -0.0, 0.016927, -0.0, -0.0, -1.0, 0.004153, 0.0, 1.0, -0.0, 0.601542, 0.0, 0.0, 0.0, 1.0],
                [1.0, -0.0, -0.0, 0.016589, -0.0, -0.0, -1.0, 0.004037, 0.0, 1.0, -0.0, 0.601542, 0.0, 0.0, 0.0, 1.0],
                [1.0, -0.0, -0.0, 0.016228, -0.0, -0.0, -1.0, 0.003919, 0.0, 1.0, -0.0, 0.601542, 0.0, 0.0, 0.0, 1.0],
                [1.0, -0.0, -0.0, 0.015843, -0.0, -0.0, -1.0, 0.0038, 0.0, 1.0, -0.0, 0.601542, 0.0, 0.0, 0.0, 1.0],
                [1.0, -0.0, -0.0, 0.015379, -0.0, -0.0, -1.0, 0.003665, 0.0, 1.0, -0.0, 0.601542, 0.0, 0.0, 0.0, 1.0],
                [1.0, -0.0, -0.0, 0.014737, -0.0, -0.0, -1.0, 0.003496, 0.0, 1.0, -0.0, 0.601542, 0.0, 0.0, 0.0, 1.0],
                [1.0, -0.0, -0.0, 0.013927, -0.0, -0.0, -1.0, 0.003296, 0.0, 1.0, -0.0, 0.601542, 0.0, 0.0, 0.0, 1.0],
                [1.0, -0.0, -0.0, 0.012972, -0.0, -0.0, -1.0, 0.003064, 0.0, 1.0, -0.0, 0.601542, 0.0, 0.0, 0.0, 1.0],
                [1.0, -0.0, -0.0, 0.011892, -0.0, -0.0, -1.0, 0.002807, 0.0, 1.0, -0.0, 0.601542, 0.0, 0.0, 0.0, 1.0],
                [1.0, -0.0, -0.0, 0.010711, -0.0, -0.0, -1.0, 0.002529, 0.0, 1.0, -0.0, 0.601542, 0.0, 0.0, 0.0, 1.0],
                [1.0, -0.0, -0.0, 0.009774, -0.0, -0.0, -1.0, 0.002311, 0.0, 1.0, -0.0, 0.601542, 0.0, 0.0, 0.0, 1.0],
                [1.0, -0.0, -0.0, 0.008798, -0.0, -0.0, -1.0, 0.002085, 0.0, 1.0, -0.0, 0.601542, 0.0, 0.0, 0.0, 1.0],
                [1.0, -0.0, -0.0, 0.00746, -0.0, -0.0, -1.0, 0.001775, 0.0, 1.0, -0.0, 0.601542, 0.0, 0.0, 0.0, 1.0],
                [1.0, -0.0, -0.0, 0.006098, -0.0, -0.0, -1.0, 0.001462, 0.0, 1.0, -0.0, 0.601542, 0.0, 0.0, 0.0, 1.0],
                [1.0, -0.0, -0.0, 0.004734, -0.0, -0.0, -1.0, 0.001147, 0.0, 1.0, -0.0, 0.601542, 0.0, 0.0, 0.0, 1.0],
                [1.0, -0.0, -0.0, 0.00339, -0.0, -0.0, -1.0, 0.000837, 0.0, 1.0, -0.0, 0.601542, 0.0, 0.0, 0.0, 1.0],
                [1.0, -0.0, -0.0, 0.002089, -0.0, -0.0, -1.0, 0.000536, 0.0, 1.0, -0.0, 0.601542, 0.0, 0.0, 0.0, 1.0],
                [1.0, -0.0, -0.0, 0.000853, -0.0, -0.0, -1.0, 0.000247, 0.0, 1.0, -0.0, 0.601542, 0.0, 0.0, 0.0, 1.0],
                [1.0, -0.0, -0.0, -2.2e-05, -0.0, -0.0, -1.0, 4.1e-05, 0.0, 1.0, -0.0, 0.601542, 0.0, 0.0, 0.0, 1.0]
            ]
        },
        {
            "name": "Thigh_R",
            "time": [0.0, 0.0417, 0.0833, 0.125, 0.1667, 0.2083, 0.25, 0.2917, 0.3333, 0.375, 0.4167, 0.4583, 0.5, 0.5417, 0.5833, 0.625, 0.6667, 0.7083, 0.75, 0.7917, 0.8333, 0.875, 0.9167, 0.9583, 1.0, 1.0417, 1.0833, 1.125, 1.1667, 1.2083, 1.25, 1.2917, 1.3333, 1.375, 1.4167, 1.4583, 1.5, 1.5417, 1.5833, 1.625, 1.6667, 1.7083, 1.75, 1.7917, 1.8333, 1.875, 1.9167, 1.9583, 2.0, 2.0417, 2.0833, 2.125, 2.1667, 2.2083, 2.25, 2.2917, 2.3333, 2.375, 2.4167, 2.4583, 2.5],
            "transform": [
                [0.532535, 0.23888, 0.812, 0.056428, 0.270994, -0.956968, 0.103803, 0.058238, 0.801856, 0.164768, -0.574353, 0.092913, 0.0, 0.0, 0.0, 1.0],
                [0.53126, 0.237999, 0.813093, 0.056428, 0.27066, -0.957116, 0.103313, 0.058238, 0.802814, 0.165186, -0.572893, 0.092913, 0.0, 0.0, 0.0, 1.0],
                [0.531801, 0.237445, 0.812902, 0.056428, 0.270407, -0.957252, 0.102709, 0.058238, 0.802541, 0.165194, -0.573273, 0.092913, 0.0, 0.0, 0.0, 1.0],
                [0.529474, 0.236059, 0.814822, 0.056428, 0.269836, -0.957484, 0.102049, 0.058238, 0.804269, 0.165836, -0.570659, 0.092913, 0.0, 0.0, 0.0, 1.0],
                [0.530017, 0.235477, 0.814637, 0.056428, 0.269615, -0.957616, 0.101392, 0.058238, 0.803986, 0.165899, -0.57104, 0.092913, 0.0, 0.0, 0.0, 1.0],
                [0.530486, 0.234862, 0.814509, 0.056428, 0.269369, -0.957755, 0.10073, 0.058238, 0.80376, 0.165968, -0.571339, 0.092913, 0.0, 0.0, 0.0, 1.0],
                [0.529998, 0.233999, 0.815076, 0.056428, 0.269031, -0.957919, 0.100073, 0.058238, 0.804195, 0.166242, -0.570646, 0.092913, 0.0, 0.0, 0.0, 1.0],
                [0.529527, 0.233089, 0.815642, 0.056428, 0.268707, -0.958085, 0.099348, 0.058238, 0.804613, 0.166561, -0.569963, 0.092913, 0.0, 0.0, 0.0, 1.0],
                [0.529054, 0.23226, 0.816185, 0.056428, 0.268366, -0.958245, 0.098731, 0.058238, 0.805037, 0.166802, -0.569293, 0.092913, 0.0, 0.0, 0.0, 1.0],
                [0.528594, 0.231406, 0.816725, 0.056428, 0.268028, -0.958406, 0.098078, 0.058238, 0.805451, 0.167062, -0.56863, 0.092913, 0.0, 0.0, 0.0, 1.0],
                [0.528125, 0.230579, 0.817262, 0.056428, 0.267681, -0.958566, 0.097468, 0.058238, 0.805875, 0.167291, -0.567963, 0.092913, 0.0, 0.0, 0.0, 1.0],
                [0.52771, 0.229784, 0.817755, 0.056428, 0.267315, -0.958726, 0.096894, 0.058238, 0.806268, 0.167466, -0.567353, 0.092913, 0.0, 0.0, 0.0, 1.0],
                [0.526563, 0.228764, 0.81878, 0.056428, 0.266854, -0.958914, 0.096301, 0.058238, 0.80717, 0.167787, -0.565973, 0.092913, 0.0, 0.0, 0.0, 1.0],
                [0.527077, 0.228474, 0.818529, 0.056428, 0.26667, -0.958999, 0.095967, 0.058238, 0.806896, 0.167695, -0.566392, 0.092913, 0.0, 0.0, 0.0, 1.0],
                [0.52685, 0.228092, 0.818782, 0.056428, 0.266534, -0.959066, 0.095669, 0.058238, 0.807088, 0.16783, -0.566077, 0.092913, 0.0, 0.0, 0.0, 1.0],
                [0.526503, 0.227867, 0.819068, 0.056428, 0.266762, -0.959036, 0.09533, 0.058238, 0.80724, 0.168305, -0.56572, 0.092913, 0.0, 0.0, 0.0, 1.0],
                [0.526172, 0.227699, 0.819327, 0.056428, 0.266941, -0.95901, 0.095089, 0.058238, 0.807396, 0.168679, -0.565386, 0.092913, 0.0, 0.0, 0.0, 1.0],
                [0.525868, 0.227557, 0.819561, 0.056428, 0.267126, -0.958981, 0.094869, 0.058238, 0.807533, 0.169038, -0.565083, 0.092913, 0.0, 0.0, 0.0, 1.0],
                [0.525573, 0.227484, 0.819771, 0.056428, 0.2673, -0.958946, 0.094733, 0.058238, 0.807668, 0.169336, -0.564801, 0.092913, 0.0, 0.0, 0.0, 1.0],
                [0.525253, 0.227312, 0.820024, 0.056428, 0.267469, -0.958922, 0.094493, 0.058238, 0.80782, 0.169699, -0.564475, 0.092913, 0.0, 0.0, 0.0, 1.0],
                [0.524991, 0.227216, 0.820218, 0.056428, 0.267622, -0.958895, 0.094338, 0.058238, 0.80794, 0.169982, -0.564218, 0.092913, 0.0, 0.0, 0.0, 1.0],
                [0.524704, 0.227143, 0.820423, 0.056428, 0.267839, -0.958851, 0.094172, 0.058238, 0.808055, 0.170329, -0.563949, 0.092913, 0.0, 0.0, 0.0, 1.0],
                [0.52445, 0.227015, 0.82062, 0.056428, 0.267972, -0.958831, 0.093992, 0.058238, 0.808175, 0.17061, -0.563691, 0.092913, 0.0, 0.0, 0.0, 1.0],
                [0.524228, 0.226941, 0.820782, 0.056428, 0.268185, -0.958789, 0.093812, 0.058238, 0.808248, 0.170943, -0.563485, 0.092913, 0.0, 0.0, 0.0, 1.0],
                [0.522658, 0.22637, 0.82194, 0.056428, 0.268117, -0.958831, 0.09358, 0.058238, 0.809287, 0.171466, -0.561833, 0.092913, 0.0, 0.0, 0.0, 1.0],
                [0.52332, 0.226566, 0.821465, 0.056428, 0.268442, -0.958756, 0.09342, 0.058238, 0.808751, 0.171627, -0.562555, 0.092913, 0.0, 0.0, 0.0, 1.0],
                [0.523142, 0.226494, 0.821598, 0.056428, 0.268581, -0.95873, 0.093283, 0.058238, 0.80882, 0.171866, -0.562383, 0.092913, 0.0, 0.0, 0.0, 1.0],
                [0.523008, 0.226378, 0.821716, 0.056428, 0.26868, -0.958719, 0.093112, 0.058238, 0.808874, 0.172081, -0.562239, 0.092913, 0.0, 0.0, 0.0, 1.0],
                [0.522885, 0.226233, 0.821834, 0.056428, 0.26882, -0.958702, 0.092877, 0.058238, 0.808907, 0.172362, -0.562105, 0.092913, 0.0, 0.0, 0.0, 1.0],
                [0.522926, 0.226102, 0.821844, 0.056428, 0.269045, -0.95867, 0.092556, 0.058238, 0.808805, 0.172713, -0.562144, 0.092913, 0.0, 0.0, 0.0, 1.0],
                [0.522938, 0.226114, 0.821832, 0.056428, 0.269147, -0.958648, 0.092497, 0.058238, 0.808764, 0.172823, -0.56217, 0.092913, 0.0, 0.0, 0.0, 1.0],
                [0.522951, 0.2261, 0.821828, 0.056428, 0.269326, -0.958611, 0.092354, 0.058238, 0.808696, 0.173044, -0.5622, 0.092913, 0.0, 0.0, 0.0, 1.0],
                [0.522995, 0.225999, 0.821828, 0.056428, 0.269484, -0.95859, 0.092115, 0.058238, 0.808615, 0.173294, -0.56224, 0.092913, 0.0, 0.0, 0.0, 1.0],
                [0.523025, 0.225954, 0.821822, 0.056428, 0.269638, -0.958562, 0.091948, 0.058238, 0.808544, 0.173504, -0.562276, 0.092913, 0.0, 0.0, 0.0, 1.0],
                [0.522368, 0.225682, 0.822314, 0.056428, 0.269676, -0.958569, 0.091768, 0.058238, 0.808956, 0.173822, -0.561586, 0.092913, 0.0, 0.0, 0.0, 1.0],
                [0.523387, 0.225937, 0.821596, 0.056428, 0.269957, -0.958505, 0.091614, 0.058238, 0.808203, 0.173846, -0.562661, 0.092913, 0.0, 0.0, 0.0, 1.0],
                [0.523686, 0.226031, 0.821379, 0.056428, 0.270139, -0.958462, 0.091523, 0.058238, 0.807949, 0.173958, -0.562991, 0.092913, 0.0, 0.0, 0.0, 1.0],
                [0.524044, 0.226031, 0.821151, 0.056428, 0.270264, -0.958444, 0.091345, 0.058238, 0.807675, 0.174058, -0.563353, 0.092913, 0.0, 0.0, 0.0, 1.0],
                [0.524378, 0.226142, 0.820907, 0.056428, 0.27043, -0.958404, 0.091275, 0.058238, 0.807402, 0.174136, -0.56372, 0.092913, 0.0, 0.0, 0.0, 1.0],
                [0.524655, 0.22619, 0.820717, 0.056428, 0.27051, -0.958388, 0.091206, 0.058238, 0.807196, 0.174161, -0.564008, 0.092913, 0.0, 0.0, 0.0, 1.0],
                [0.524908, 0.226324, 0.820518, 0.056428, 0.270661, -0.958346, 0.091193, 0.058238, 0.806981, 0.174215, -0.564299, 0.092913, 0.0, 0.0, 0.0, 1.0],
                [0.525276, 0.226454, 0.820247, 0.056428, 0.270797, -0.958311, 0.091156, 0.058238, 0.806696, 0.174239, -0.564699, 0.092913, 0.0, 0.0, 0.0, 1.0],
                [0.525648, 0.226598, 0.819969, 0.056428, 0.270917, -0.958278, 0.091146, 0.058238, 0.806413, 0.174233, -0.565104, 0.092913, 0.0, 0.0, 0.0, 1.0],
                [0.526038, 0.226765, 0.819672, 0.056428, 0.271046, -0.958241, 0.091153, 0.058238, 0.806115, 0.174219, -0.565534, 0.092913, 0.0, 0.0, 0.0, 1.0],
                [0.526416, 0.227006, 0.819362, 0.056428, 0.271177, -0.958195, 0.091248, 0.058238, 0.805824, 0.174158, -0.565967, 0.092913, 0.0, 0.0, 0.0, 1.0],
                [0.526765, 0.227254, 0.81907, 0.056428, 0.271289, -0.958152, 0.09137, 0.058238, 0.805558, 0.174074, -0.566371, 0.092913, 0.0, 0.0, 0.0, 1.0],
                [0.527137, 0.227581, 0.818739, 0.056428, 0.271391, -0.958102, 0.091587, 0.058238, 0.80528, 0.17392, -0.566813, 0.092913, 0.0, 0.0, 0.0, 1.0],
                [0.527508, 0.228035, 0.818374, 0.056428, 0.271413, -0.958056, 0.09201, 0.058238, 0.80503, 0.173581, -0.567272, 0.092913, 0.0, 0.0, 0.0, 1.0],
                [0.527887, 0.228622, 0.817966, 0.056428, 0.271461, -0.957988, 0.092568, 0.058238, 0.804766, 0.173181, -0.56777, 0.092913, 0.0, 0.0, 0.0, 1.0],
                [0.52832, 0.229344, 0.817484, 0.056428, 0.271447, -0.95792, 0.093314, 0.058238, 0.804486, 0.172604, -0.568342, 0.092913, 0.0, 0.0, 0.0, 1.0],
                [0.527749, 0.229861, 0.817707, 0.056428, 0.271359, -0.957865, 0.094125, 0.058238, 0.80489, 0.172218, -0.567886, 0.092913, 0.0, 0.0, 0.0, 1.0],
                [0.529111, 0.231031, 0.816497, 0.056428, 0.271436, -0.957747, 0.095102, 0.058238, 0.80397, 0.171307, -0.569463, 0.092913, 0.0, 0.0, 0.0, 1.0],
                [0.529464, 0.231746, 0.816065, 0.056428, 0.271394, -0.957681, 0.095882, 0.058238, 0.803752, 0.170709, -0.56995, 0.092913, 0.0, 0.0, 0.0, 1.0],
                [0.529807, 0.232421, 0.815651, 0.056428, 0.271337, -0.957622, 0.09663, 0.058238, 0.803545, 0.170121, -0.570418, 0.092913, 0.0, 0.0, 0.0, 1.0],
                [0.530224, 0.23347, 0.81508, 0.056428, 0.271272, -0.957521, 0.097804, 0.058238, 0.803292, 0.16925, -0.571033, 0.092913, 0.0, 0.0, 0.0, 1.0],
                [0.530661, 0.234519, 0.814494, 0.056428, 0.271224, -0.957416, 0.098963, 0.058238, 0.803019, 0.168395, -0.571669, 0.092913, 0.0, 0.0, 0.0, 1.0],
                [0.530171, 0.235236, 0.814607, 0.056428, 0.271022, -0.957358, 0.10007, 0.058238, 0.803412, 0.167722, -0.571315, 0.092913, 0.0, 0.0, 0.0, 1.0],
                [0.531566, 0.236555, 0.813314, 0.056428, 0.271075, -0.95722, 0.101242, 0.058238, 0.802471, 0.166653, -0.572948, 0.092913, 0.0, 0.0, 0.0, 1.0],
                [0.531039, 0.237222, 0.813464, 0.056428, 0.270965, -0.957145, 0.102234, 0.058238, 0.802856, 0.166131, -0.572559, 0.092913, 0.0, 0.0, 0.0, 1.0],
                [0.530529, 0.237902, 0.813599, 0.056428, 0.270712, -0.957099, 0.103337, 0.058238, 0.803279, 0.165428, -0.57217, 0.092913, 0.0, 0.0, 0.0, 1.0],
                [0.53277, 0.23901, 0.811808, 0.056428, 0.270816, -0.956994, 0.104026, 0.058237, 0.80176, 0.164429, -0.574584, 0.092913, 0.0, 0.0, 0.0, 1.0]
            ]
        },
        {
            "name": "Leg_R",
            "time": [0.0, 0.0417, 0.0833, 0.125, 0.1667, 0.2083, 0.25, 0.2917, 0.3333, 0.375, 0.4167, 0.4583, 0.5, 0.5417, 0.5833, 0.625, 0.6667, 0.7083, 0.75, 0.7917, 0.8333, 0.875, 0.9167, 0.9583, 1.0, 1.0417, 1.0833, 1.125, 1.1667, 1.2083, 1.25, 1.2917, 1.3333, 1.375, 1.4167, 1.4583, 1.5, 1.5417, 1.5833, 1.625, 1.6667, 1.7083, 1.75, 1.7917, 1.8333, 1.875, 1.9167, 1.9583, 2.0, 2.0417, 2.0833, 2.125, 2.1667, 2.2083, 2.25, 2.2917, 2.3333, 2.375, 2.4167, 2.4583, 2.5],
            "transform": [
                [1.0, -0.0, 0.0, 0.0, 0.0, 0.932201, 0.361941, 0.37472, -0.0, -0.361941, 0.932201, -0.0, 0.0, 0.0, 0.0, 1.0],
                [1.0, -0.0, 0.0, 0.0, 0.0, 0.932289, 0.361716, 0.37472, -0.0, -0.361716, 0.932288, -0.0, 0.0, 0.0, 0.0, 1.0],
                [1.0, -0.0, 0.0, -0.0, 0.0, 0.932406, 0.361415, 0.37472, -0.0, -0.361415, 0.932405, -0.0, 0.0, 0.0, 0.0, 1.0],
                [1.0, -0.0, 0.0, -0.0, 0.0, 0.932527, 0.361102, 0.37472, -0.0, -0.361102, 0.932526, 0.0, 0.0, 0.0, 0.0, 1.0],
                [1.0, -0.0, -0.0, -0.0, 0.0, 0.932661, 0.360754, 0.37472, -0.0, -0.360755, 0.93266, 0.0, 0.0, 0.0, 0.0, 1.0],
                [1.0, -0.0, 0.0, -0.0, 0.0, 0.932795, 0.360407, 0.37472, -0.0, -0.360407, 0.932795, 0.0, 0.0, 0.0, 0.0, 1.0],
                [1.0, -0.0, 0.0, -0.0, 0.0, 0.93293, 0.360059, 0.37472, -0.0, -0.36006, 0.932929, 0.0, 0.0, 0.0, 0.0, 1.0],
                [1.0, -0.0, 0.0, 0.0, 0.0, 0.933066, 0.359705, 0.37472, -0.0, -0.359705, 0.933066, -0.0, 0.0, 0.0, 0.0, 1.0],
                [1.0, -0.0, 0.0, 0.0, 0.0, 0.933212, 0.359328, 0.37472, -0.0, -0.359328, 0.933211, -0.0, 0.0, 0.0, 0.0, 1.0],
                [1.0, -0.0, 0.0, 0.0, 0.0, 0.933347, 0.358976, 0.37472, -0.0, -0.358976, 0.933346, 0.0, 0.0, 0.0, 0.0, 1.0],
                [1.0, -0.0, 0.0, 0.0, 0.0, 0.933454, 0.358698, 0.37472, -0.0, -0.358698, 0.933453, 0.0, 0.0, 0.0, 0.0, 1.0],
                [1.0, -0.0, 0.0, 0.0, 0.0, 0.933561, 0.35842, 0.37472, -0.0, -0.35842, 0.93356, -0.0, 0.0, 0.0, 0.0, 1.0],
                [1.0, -0.0, 0.0, -0.0, 0.0, 0.933569, 0.3584, 0.37472, -0.0, -0.3584, 0.933568, 0.0, 0.0, 0.0, 0.0, 1.0],
                [0.999999, -0.0, 0.0, -0.0, 0.0, 0.93355, 0.35845, 0.37472, -0.0, -0.35845, 0.933549, 0.0, 0.0, 0.0, 0.0, 1.0],
                [1.0, -0.0, 0.0, 0.0, 0.0, 0.93353, 0.358499, 0.37472, -0.0, -0.3585, 0.933529, 0.0, 0.0, 0.0, 0.0, 1.0],
                [1.0, -0.0, 0.0, 0.0, 0.0, 0.933505, 0.358565, 0.37472, -0.0, -0.358566, 0.933504, 0.0, 0.0, 0.0, 0.0, 1.0],
                [1.0, -0.0, 0.0, -0.0, 0.0, 0.933479, 0.358632, 0.37472, -0.0, -0.358632, 0.933479, 0.0, 0.0, 0.0, 0.0, 1.0],
                [1.0, -0.0, 0.0, -0.0, 0.0, 0.933454, 0.358698, 0.37472, -0.0, -0.358698, 0.933453, -0.0, 0.0, 0.0, 0.0, 1.0],
                [1.0, -0.0, 0.0, -0.0, 0.0, 0.933429, 0.358764, 0.37472, -0.0, -0.358765, 0.933428, 0.0, 0.0, 0.0, 0.0, 1.0],
                [1.0, -0.0, 0.0, 0.0, 0.0, 0.933403, 0.35883, 0.37472, -0.0, -0.358831, 0.933402, 0.0, 0.0, 0.0, 0.0, 1.0],
                [1.0, -0.0, 0.0, -0.0, 0.0, 0.933377, 0.358897, 0.37472, -0.0, -0.358897, 0.933377, -0.0, 0.0, 0.0, 0.0, 1.0],
                [1.0, -0.0, 0.0, 0.0, 0.0, 0.933352, 0.358963, 0.37472, -0.0, -0.358963, 0.933351, -0.0, 0.0, 0.0, 0.0, 1.0],
                [1.0, -0.0, 0.0, -0.0, 0.0, 0.933327, 0.359029, 0.37472, -0.0, -0.359029, 0.933326, -0.0, 0.0, 0.0, 0.0, 1.0],
                [0.999999, -0.0, 0.0, 0.0, 0.0, 0.93324, 0.359254, 0.37472, -0.0, -0.359254, 0.933239, 0.0, 0.0, 0.0, 0.0, 1.0],
                [1.0, -0.0, 0.0, 0.0, 0.0, 0.933133, 0.359532, 0.37472, -0.0, -0.359533, 0.933132, -0.0, 0.0, 0.0, 0.0, 1.0],
                [1.0, -0.0, 0.0, 0.0, 0.0, 0.933019, 0.359828, 0.37472, -0.0, -0.359828, 0.933018, -0.0, 0.0, 0.0, 0.0, 1.0],
                [1.0, -0.0, 0.0, 0.0, 0.0, 0.932919, 0.360088, 0.37472, -0.0, -0.360089, 0.932918, 0.0, 0.0, 0.0, 0.0, 1.0],
                [1.0, -0.0, 0.0, 0.0, 0.0, 0.932818, 0.360349, 0.37472, -0.0, -0.360349, 0.932817, 0.0, 0.0, 0.0, 0.0, 1.0],
                [1.0, -0.0, 0.0, -0.0, 0.0, 0.932683, 0.360696, 0.37472, -0.0, -0.360697, 0.932683, -0.0, 0.0, 0.0, 0.0, 1.0],
                [0.999999, -0.0, 0.0, 0.0, 0.0, 0.932549, 0.361044, 0.37472, -0.0, -0.361044, 0.932548, -0.0, 0.0, 0.0, 0.0, 1.0],
                [0.999999, -0.0, 0.0, -0.0, 0.0, 0.932415, 0.361391, 0.37472, -0.0, -0.361392, 0.932414, -0.0, 0.0, 0.0, 0.0, 1.0],
                [0.999999, -0.0, 0.0, 0.0, -0.0, 0.93228, 0.361738, 0.37472, -0.0, -0.361739, 0.932279, -0.0, 0.0, 0.0, 0.0, 1.0],
                [1.0, -0.0, 0.0, -0.0, 0.0, 0.932149, 0.362074, 0.37472, -0.0, -0.362074, 0.932149, 0.0, 0.0, 0.0, 0.0, 1.0],
                [1.0, -0.0, 0.0, 0.0, 0.0, 0.932033, 0.362375, 0.37472, -0.0, -0.362376, 0.932031, -0.0, 0.0, 0.0, 0.0, 1.0],
                [1.0, -0.0, 0.0, -0.0, 0.0, 0.931915, 0.362676, 0.37472, -0.0, -0.362677, 0.931915, 0.0, 0.0, 0.0, 0.0, 1.0],
                [1.0, -0.0, 0.0, -0.0, 0.0, 0.931798, 0.362977, 0.37472, -0.0, -0.362977, 0.931798, 0.0, 0.0, 0.0, 0.0, 1.0],
                [0.999999, -0.0, 0.0, 0.0, 0.0, 0.931681, 0.363278, 0.37472, -0.0, -0.363278, 0.93168, -0.0, 0.0, 0.0, 0.0, 1.0],
                [1.0, -0.0, 0.0, 0.0, 0.0, 0.931571, 0.363562, 0.37472, -0.0, -0.363562, 0.93157, 0.0, 0.0, 0.0, 0.0, 1.0],
                [1.0, -0.0, 0.0, 0.0, 0.0, 0.93148, 0.363793, 0.37472, -0.0, -0.363793, 0.931479, -0.0, 0.0, 0.0, 0.0, 1.0],
                [1.0, -0.0, 0.0, 0.0, 0.0, 0.931412, 0.363967, 0.37472, -0.0, -0.363967, 0.931411, -0.0, 0.0, 0.0, 0.0, 1.0],
                [0.999999, -0.0, 0.0, -0.0, 0.0, 0.931345, 0.36414, 0.37472, -0.0, -0.364141, 0.931343, 0.0, 0.0, 0.0, 0.0, 1.0],
                [0.999999, -0.0, 0.0, 0.0, 0.0, 0.931278, 0.364311, 0.37472, -0.0, -0.364311, 0.931277, 0.0, 0.0, 0.0, 0.0, 1.0],
                [1.0, -0.0, -0.0, 0.0, 0.0, 0.931219, 0.364461, 0.37472, -0.0, -0.364462, 0.931218, -0.0, 0.0, 0.0, 0.0, 1.0],
                [1.0, -0.0, 0.0, -0.0, 0.0, 0.93116, 0.364612, 0.37472, -0.0, -0.364612, 0.931159, -0.0, 0.0, 0.0, 0.0, 1.0],
                [1.0, -0.0, 0.0, 0.0, 0.0, 0.931101, 0.364762, 0.37472, -0.0, -0.364763, 0.9311, -0.0, 0.0, 0.0, 0.0, 1.0],
                [0.999999, -0.0, 0.0, -0.0, 0.0, 0.931042, 0.364912, 0.37472, -0.0, -0.364913, 0.931041, -0.0, 0.0, 0.0, 0.0, 1.0],
                [1.0, -0.0, 0.0, -0.0, 0.0, 0.931064, 0.364856, 0.37472, -0.0, -0.364857, 0.931063, 0.0, 0.0, 0.0, 0.0, 1.0],
                [1.0, -0.0, 0.0, 0.0, 0.0, 0.931113, 0.364732, 0.37472, -0.0, -0.364732, 0.931112, 0.0, 0.0, 0.0, 0.0, 1.0],
                [1.0, -0.0, 0.0, -0.0, 0.0, 0.931162, 0.364607, 0.37472, -0.0, -0.364608, 0.931161, 0.0, 0.0, 0.0, 0.0, 1.0],
                [0.999999, -0.0, 0.0, -0.0, -0.0, 0.931211, 0.364483, 0.37472, -0.0, -0.364483, 0.93121, 0.0, 0.0, 0.0, 0.0, 1.0],
                [1.0, -0.0, 0.0, 0.0, 0.0, 0.931259, 0.364358, 0.37472, -0.0, -0.364359, 0.931258, 0.0, 0.0, 0.0, 0.0, 1.0],
                [0.999999, -0.0, 0.0, 0.0, 0.0, 0.931308, 0.364234, 0.37472, -0.0, -0.364234, 0.931307, 0.0, 0.0, 0.0, 0.0, 1.0],
                [1.0, -0.0, 0.0, 0.0, 0.0, 0.931345, 0.36414, 0.37472, -0.0, -0.364141, 0.931343, 0.0, 0.0, 0.0, 0.0, 1.0],
                [1.0, -0.0, 0.0, 0.0, 0.0, 0.931429, 0.363923, 0.37472, -0.0, -0.363924, 0.931428, 0.0, 0.0, 0.0, 0.0, 1.0],
                [0.999999, -0.0, 0.0, 0.0, 0.0, 0.931542, 0.363634, 0.37472, -0.0, -0.363634, 0.931541, 0.0, 0.0, 0.0, 0.0, 1.0],
                [1.0, -0.0, 0.0, 0.0, 0.0, 0.931656, 0.363345, 0.37472, -0.0, -0.363345, 0.931654, 0.0, 0.0, 0.0, 0.0, 1.0],
                [1.0, -0.0, 0.0, 0.0, 0.0, 0.931771, 0.363047, 0.37472, -0.0, -0.363047, 0.93177, -0.0, 0.0, 0.0, 0.0, 1.0],
                [1.0, -0.0, 0.0, 0.0, 0.0, 0.931888, 0.362746, 0.37472, -0.0, -0.362746, 0.931887, 0.0, 0.0, 0.0, 0.0, 1.0],
                [0.999999, -0.0, 0.0, 0.0, 0.0, 0.931977, 0.362518, 0.37472, -0.0, -0.362519, 0.931976, -0.0, 0.0, 0.0, 0.0, 1.0],
                [0.999999, -0.0, 0.0, 0.0, 0.0, 0.93198, 0.362511, 0.37472, -0.0, -0.362511, 0.931979, -0.0, 0.0, 0.0, 0.0, 1.0],
                [0.999999, -0.0, 0.0, 0.0, 0.0, 0.931982, 0.362505, 0.37472, -0.0, -0.362506, 0.931981, 0.0, 0.0, 0.0, 0.0, 1.0]
            ]
        },
        {
            "name": "Knee_R",
            "time": [0.0, 2.5],
            "transform": [
                [1.0, 0.0, -0.0, 0.0, -0.0, 1e-06, -1.0, 0.37472, -0.0, 1.0, 1e-06, -0.0, 0.0, 0.0, 0.0, 1.0],
                [1.0, 0.0, -0.0, 0.0, -0.0, 1e-06, -1.0, 0.37472, -0.0, 1.0, 1e-06, 0.0, 0.0, 0.0, 0.0, 1.0]
            ]
        },
        {
            "name": "Thigh_L",
            "time": [0.0, 0.0417, 0.0833, 0.125, 0.1667, 0.2083, 0.25, 0.2917, 0.3333, 0.375, 0.4167, 0.4583, 0.5, 0.5417, 0.5833, 0.625, 0.6667, 0.7083, 0.75, 0.7917, 0.8333, 0.875, 0.9167, 0.9583, 1.0, 1.0417, 1.0833, 1.125, 1.1667, 1.2083, 1.25, 1.2917, 1.3333, 1.375, 1.4167, 1.4583, 1.5, 1.5417, 1.5833, 1.625, 1.6667, 1.7083, 1.75, 1.7917, 1.8333, 1.875, 1.9167, 1.9583, 2.0, 2.0417, 2.0833, 2.125, 2.1667, 2.2083, 2.25, 2.2917, 2.3333, 2.375, 2.4167, 2.4583, 2.5],
            "transform": [
                [0.893866, -0.048208, 0.445731, -0.088994, -0.214018, -0.919493, 0.329746, 0.048183, 0.393949, -0.390144, -0.83222, -0.075728, 0.0, 0.0, 0.0, 1.0],
                [0.893409, -0.049461, 0.446508, -0.088994, -0.214779, -0.919998, 0.327837, 0.048183, 0.39457, -0.388795, -0.832557, -0.075728, 0.0, 0.0, 0.0, 1.0],
                [0.893942, -0.052244, 0.445123, -0.088995, -0.215667, -0.920776, 0.325058, 0.048183, 0.392874, -0.386583, -0.834387, -0.075728, 0.0, 0.0, 0.0, 1.0],
                [0.89298, -0.054004, 0.446841, -0.088995, -0.216935, -0.921495, 0.322163, 0.048183, 0.394362, -0.384622, -0.834592, -0.075729, 0.0, 0.0, 0.0, 1.0],
                [0.893499, -0.057033, 0.445425, -0.088995, -0.217922, -0.922347, 0.319044, 0.048183, 0.392639, -0.382134, -0.836544, -0.075728, 0.0, 0.0, 0.0, 1.0],
                [0.893992, -0.060131, 0.444026, -0.088995, -0.218964, -0.923203, 0.315838, 0.048183, 0.390933, -0.379584, -0.838502, -0.075728, 0.0, 0.0, 0.0, 1.0],
                [0.893975, -0.062846, 0.443684, -0.088994, -0.220114, -0.924023, 0.312624, 0.048183, 0.390326, -0.377141, -0.839886, -0.075728, 0.0, 0.0, 0.0, 1.0],
                [0.893954, -0.065561, 0.443333, -0.088995, -0.22127, -0.924827, 0.309415, 0.048183, 0.38972, -0.374701, -0.841259, -0.075728, 0.0, 0.0, 0.0, 1.0],
                [0.893934, -0.068177, 0.442978, -0.088994, -0.222388, -0.925585, 0.306333, 0.048183, 0.389127, -0.372356, -0.842573, -0.075728, 0.0, 0.0, 0.0, 1.0],
                [0.893907, -0.07072, 0.442634, -0.088995, -0.22349, -0.926302, 0.303349, 0.048183, 0.388558, -0.370092, -0.843833, -0.075729, 0.0, 0.0, 0.0, 1.0],
                [0.893888, -0.073049, 0.442294, -0.088995, -0.224506, -0.926938, 0.300643, 0.048183, 0.388016, -0.368041, -0.844978, -0.075728, 0.0, 0.0, 0.0, 1.0],
                [0.893866, -0.075209, 0.441977, -0.088995, -0.22547, -0.927502, 0.298172, 0.048183, 0.387508, -0.36618, -0.846019, -0.075728, 0.0, 0.0, 0.0, 1.0],
                [0.893468, -0.076807, 0.442506, -0.088995, -0.226413, -0.927939, 0.29609, 0.048183, 0.387876, -0.364737, -0.846474, -0.075728, 0.0, 0.0, 0.0, 1.0],
                [0.893886, -0.078322, 0.441395, -0.088994, -0.226868, -0.928261, 0.294729, 0.048183, 0.386645, -0.363594, -0.847528, -0.075728, 0.0, 0.0, 0.0, 1.0],
                [0.893942, -0.079332, 0.441101, -0.088995, -0.227313, -0.928482, 0.29369, 0.048183, 0.386254, -0.362812, -0.848042, -0.075728, 0.0, 0.0, 0.0, 1.0],
                [0.894024, -0.080288, 0.440761, -0.088995, -0.22773, -0.928674, 0.292757, 0.048183, 0.385817, -0.362108, -0.848541, -0.075728, 0.0, 0.0, 0.0, 1.0],
                [0.894109, -0.080859, 0.440486, -0.088995, -0.228014, -0.928734, 0.292346, 0.048183, 0.385454, -0.361827, -0.848826, -0.075728, 0.0, 0.0, 0.0, 1.0],
                [0.894092, -0.081031, 0.440487, -0.088994, -0.228205, -0.928679, 0.292372, 0.048183, 0.385378, -0.361931, -0.848816, -0.075728, 0.0, 0.0, 0.0, 1.0],
                [0.894137, -0.080957, 0.44041, -0.088995, -0.228257, -0.928553, 0.292731, 0.048183, 0.385244, -0.36227, -0.848732, -0.075728, 0.0, 0.0, 0.0, 1.0],
                [0.89422, -0.08074, 0.440282, -0.088994, -0.228241, -0.928372, 0.293317, 0.048183, 0.385062, -0.362782, -0.848596, -0.075728, 0.0, 0.0, 0.0, 1.0],
                [0.894349, -0.080339, 0.440094, -0.088995, -0.228125, -0.928133, 0.294162, 0.048183, 0.384831, -0.363481, -0.848402, -0.075728, 0.0, 0.0, 0.0, 1.0],
                [0.894516, -0.07977, 0.439857, -0.088995, -0.227881, -0.927876, 0.295159, 0.048183, 0.384587, -0.364261, -0.848178, -0.075728, 0.0, 0.0, 0.0, 1.0],
                [0.894713, -0.079107, 0.439576, -0.088995, -0.227629, -0.927544, 0.296397, 0.048183, 0.384277, -0.365252, -0.847892, -0.075729, 0.0, 0.0, 0.0, 1.0],
                [0.894953, -0.078255, 0.43924, -0.088995, -0.227231, -0.927192, 0.297799, 0.048183, 0.383954, -0.366326, -0.847575, -0.075728, 0.0, 0.0, 0.0, 1.0],
                [0.894473, -0.076933, 0.44045, -0.088995, -0.227092, -0.926738, 0.299314, 0.048183, 0.385153, -0.367752, -0.846412, -0.075728, 0.0, 0.0, 0.0, 1.0],
                [0.89515, -0.076196, 0.439201, -0.088995, -0.226505, -0.926356, 0.300939, 0.048183, 0.383925, -0.368868, -0.846485, -0.075728, 0.0, 0.0, 0.0, 1.0],
                [0.895182, -0.075376, 0.439277, -0.088995, -0.226236, -0.92603, 0.30214, 0.048183, 0.384008, -0.369852, -0.846018, -0.075729, 0.0, 0.0, 0.0, 1.0],
                [0.895222, -0.07449, 0.439346, -0.088995, -0.225963, -0.925655, 0.30349, 0.048183, 0.384074, -0.370969, -0.845499, -0.075728, 0.0, 0.0, 0.0, 1.0],
                [0.895214, -0.07359, 0.439514, -0.088995, -0.225961, -0.92504, 0.305362, 0.048183, 0.384095, -0.372679, -0.844737, -0.075728, 0.0, 0.0, 0.0, 1.0],
                [0.895154, -0.072785, 0.439771, -0.088994, -0.226068, -0.924416, 0.307168, 0.048183, 0.384172, -0.374382, -0.843948, -0.075728, 0.0, 0.0, 0.0, 1.0],
                [0.895092, -0.071864, 0.440048, -0.088995, -0.226173, -0.92371, 0.309206, 0.048183, 0.384255, -0.376297, -0.843059, -0.075728, 0.0, 0.0, 0.0, 1.0],
                [0.895055, -0.070737, 0.440306, -0.088995, -0.226148, -0.922965, 0.31144, 0.048183, 0.384356, -0.378332, -0.842101, -0.075728, 0.0, 0.0, 0.0, 1.0],
                [0.89496, -0.06973, 0.440659, -0.088995, -0.226235, -0.922231, 0.313544, 0.048183, 0.384525, -0.380304, -0.841135, -0.075728, 0.0, 0.0, 0.0, 1.0],
                [0.894846, -0.068756, 0.441044, -0.088995, -0.226345, -0.921509, 0.315583, 0.048183, 0.384726, -0.382228, -0.840171, -0.075728, 0.0, 0.0, 0.0, 1.0],
                [0.894338, -0.067537, 0.442261, -0.088995, -0.226593, -0.92075, 0.317612, 0.048183, 0.38576, -0.384267, -0.838765, -0.075728, 0.0, 0.0, 0.0, 1.0],
                [0.894628, -0.066876, 0.441774, -0.088995, -0.226605, -0.920053, 0.319618, 0.048183, 0.385079, -0.38605, -0.838259, -0.075728, 0.0, 0.0, 0.0, 1.0],
                [0.894569, -0.065397, 0.442115, -0.088995, -0.226047, -0.919583, 0.32136, 0.048183, 0.385544, -0.387419, -0.837413, -0.075728, 0.0, 0.0, 0.0, 1.0],
                [0.894501, -0.063817, 0.442484, -0.088995, -0.225357, -0.919177, 0.323003, 0.048183, 0.386107, -0.388645, -0.836586, -0.075728, 0.0, 0.0, 0.0, 1.0],
                [0.894438, -0.06222, 0.442838, -0.088995, -0.224621, -0.918796, 0.324596, 0.048183, 0.38668, -0.389803, -0.835782, -0.075728, 0.0, 0.0, 0.0, 1.0],
                [0.894383, -0.061082, 0.443107, -0.088995, -0.224126, -0.9185, 0.325774, 0.048183, 0.387093, -0.390681, -0.83518, -0.075728, 0.0, 0.0, 0.0, 1.0],
                [0.894326, -0.059962, 0.443376, -0.088995, -0.223594, -0.918255, 0.326827, 0.048183, 0.387533, -0.391428, -0.834626, -0.075728, 0.0, 0.0, 0.0, 1.0],
                [0.894234, -0.058629, 0.443738, -0.088995, -0.222997, -0.917943, 0.328109, 0.048183, 0.388089, -0.39236, -0.83393, -0.075728, 0.0, 0.0, 0.0, 1.0],
                [0.894151, -0.057296, 0.444079, -0.088995, -0.222401, -0.917621, 0.329412, 0.048183, 0.388621, -0.39331, -0.833235, -0.075728, 0.0, 0.0, 0.0, 1.0],
                [0.894068, -0.056088, 0.444401, -0.088994, -0.221847, -0.917348, 0.330545, 0.048183, 0.389129, -0.394121, -0.832614, -0.075728, 0.0, 0.0, 0.0, 1.0],
                [0.893994, -0.054946, 0.444693, -0.088995, -0.2213, -0.917107, 0.331579, 0.048183, 0.38961, -0.394842, -0.832047, -0.075728, 0.0, 0.0, 0.0, 1.0],
                [0.893925, -0.053914, 0.444957, -0.088995, -0.220798, -0.916897, 0.332492, 0.048183, 0.390053, -0.39547, -0.831541, -0.075728, 0.0, 0.0, 0.0, 1.0],
                [0.893867, -0.053039, 0.445179, -0.088995, -0.220344, -0.916748, 0.333205, 0.048183, 0.390443, -0.395935, -0.831137, -0.075728, 0.0, 0.0, 0.0, 1.0],
                [0.893819, -0.05236, 0.445357, -0.088995, -0.219981, -0.916643, 0.333732, 0.048183, 0.390758, -0.396268, -0.83083, -0.075728, 0.0, 0.0, 0.0, 1.0],
                [0.893812, -0.051766, 0.44544, -0.088995, -0.219591, -0.9166, 0.334108, 0.048183, 0.390994, -0.396446, -0.830634, -0.075728, 0.0, 0.0, 0.0, 1.0],
                [0.893777, -0.051381, 0.445554, -0.088995, -0.219317, -0.916614, 0.334248, 0.048183, 0.391225, -0.396463, -0.830517, -0.075728, 0.0, 0.0, 0.0, 1.0],
                [0.893251, -0.050629, 0.446693, -0.088995, -0.219129, -0.91664, 0.334301, 0.048183, 0.39253, -0.3965, -0.829884, -0.075728, 0.0, 0.0, 0.0, 1.0],
                [0.893771, -0.050786, 0.445633, -0.088995, -0.21874, -0.916757, 0.334236, 0.048183, 0.391561, -0.39621, -0.830479, -0.075728, 0.0, 0.0, 0.0, 1.0],
                [0.893779, -0.050651, 0.445634, -0.088994, -0.218562, -0.91683, 0.334152, 0.048183, 0.391644, -0.396059, -0.830512, -0.075728, 0.0, 0.0, 0.0, 1.0],
                [0.89375, -0.05067, 0.44569, -0.088995, -0.218481, -0.916948, 0.33388, 0.048183, 0.391755, -0.395782, -0.830592, -0.075728, 0.0, 0.0, 0.0, 1.0],
                [0.893742, -0.050558, 0.445718, -0.088995, -0.218273, -0.917079, 0.333655, 0.048183, 0.391889, -0.395492, -0.830667, -0.075728, 0.0, 0.0, 0.0, 1.0],
                [0.893712, -0.050535, 0.445781, -0.088995, -0.21811, -0.917251, 0.333291, 0.048183, 0.392049, -0.395097, -0.83078, -0.075728, 0.0, 0.0, 0.0, 1.0],
                [0.893179, -0.050247, 0.446881, -0.088995, -0.218242, -0.917302, 0.333062, 0.048183, 0.393188, -0.395014, -0.83028, -0.075728, 0.0, 0.0, 0.0, 1.0],
                [0.893629, -0.05082, 0.445916, -0.088995, -0.2182, -0.917436, 0.332723, 0.048183, 0.392189, -0.394631, -0.830935, -0.075728, 0.0, 0.0, 0.0, 1.0],
                [0.893109, -0.050494, 0.446993, -0.088995, -0.218301, -0.91748, 0.332535, 0.048183, 0.393315, -0.394571, -0.830431, -0.075728, 0.0, 0.0, 0.0, 1.0],
                [0.8926, -0.05012, 0.448049, -0.088995, -0.218393, -0.917488, 0.332451, 0.048183, 0.394416, -0.394599, -0.829895, -0.075728, 0.0, 0.0, 0.0, 1.0],
                [0.893588, -0.050934, 0.445984, -0.088995, -0.218172, -0.917578, 0.332347, 0.048183, 0.392296, -0.394285, -0.831049, -0.075728, 0.0, 0.0, 0.0, 1.0]
            ]
        },
        {
            "name": "Leg_L",
            "time": [0.0, 0.0417, 0.0833, 0.125, 0.1667, 0.2083, 0.25, 0.2917, 0.3333, 0.375, 0.4167, 0.4583, 0.5, 0.5417, 0.5833, 0.625, 0.6667, 0.7083, 0.75, 0.7917, 0.8333, 0.875, 0.9167, 0.9583, 1.0, 1.0417, 1.0833, 1.125, 1.1667, 1.2083, 1.25, 1.2917, 1.3333, 1.375, 1.4167, 1.4583, 1.5, 1.5417, 1.5833, 1.625, 1.6667, 1.7083, 1.75, 1.7917, 1.8333, 1.875, 1.9167, 1.9583, 2.0, 2.0417, 2.0833, 2.125, 2.1667, 2.2083, 2.25, 2.2917, 2.3333, 2.375, 2.4167, 2.4583, 2.5],
            "transform": [
                [0.999998, -0.0, -0.0, 0.0, 0.0, 0.863349, 0.504607, 0.37472, -0.0, -0.504606, 0.863352, -0.0, 0.0, 0.0, 0.0, 1.0],
                [0.999998, -0.0, -0.0, 0.0, 0.0, 0.864861, 0.502012, 0.37472, 0.0, -0.502011, 0.864863, -0.0, 0.0, 0.0, 0.0, 1.0],
                [0.999998, -0.0, -0.0, -0.0, 0.0, 0.867025, 0.498264, 0.37472, -0.0, -0.498262, 0.867028, 0.0, 0.0, 0.0, 0.0, 1.0],
                [0.999998, -0.0, -0.0, 0.0, 0.0, 0.86936, 0.494179, 0.37472, 0.0, -0.494177, 0.869363, 0.0, 0.0, 0.0, 0.0, 1.0],
                [0.999998, -0.0, -0.0, -0.0, 0.0, 0.871798, 0.489866, 0.37472, 0.0, -0.489864, 0.871801, 0.0, 0.0, 0.0, 0.0, 1.0],
                [0.999998, -0.0, -0.0, -0.0, 0.0, 0.874289, 0.485405, 0.37472, 0.0, -0.485404, 0.874292, -0.0, 0.0, 0.0, 0.0, 1.0],
                [0.999998, -0.0, -0.0, 0.0, 0.0, 0.876786, 0.48088, 0.37472, 0.0, -0.480878, 0.876789, -0.0, 0.0, 0.0, 0.0, 1.0],
                [0.999998, -0.0, -0.0, -0.0, 0.0, 0.879273, 0.476317, 0.37472, 0.0, -0.476316, 0.879276, 0.0, 0.0, 0.0, 0.0, 1.0],
                [0.999998, -0.0, -0.0, 0.0, 0.0, 0.881646, 0.471911, 0.37472, 0.0, -0.47191, 0.881648, 0.0, 0.0, 0.0, 0.0, 1.0],
                [0.999997, -0.0, -0.0, 0.0, 0.0, 0.883877, 0.467719, 0.37472, 0.0, -0.467718, 0.88388, 0.0, 0.0, 0.0, 0.0, 1.0],
                [0.999998, -0.0, -0.0, 0.0, 0.0, 0.885927, 0.463824, 0.37472, 0.0, -0.463823, 0.88593, 0.0, 0.0, 0.0, 0.0, 1.0],
                [0.999998, -0.0, -0.0, 0.0, 0.0, 0.887771, 0.460285, 0.37472, 0.0, -0.460284, 0.887774, 0.0, 0.0, 0.0, 0.0, 1.0],
                [0.999998, -0.0, -0.0, 0.0, 0.0, 0.889298, 0.457328, 0.37472, 0.0, -0.457326, 0.889301, 0.0, 0.0, 0.0, 0.0, 1.0],
                [0.999998, -0.0, -0.0, 0.0, 0.0, 0.890244, 0.455484, 0.37472, 0.0, -0.455482, 0.890247, -0.0, 0.0, 0.0, 0.0, 1.0],
                [0.999998, -0.0, -0.0, 0.0, 0.0, 0.890901, 0.454198, 0.37472, 0.0, -0.454197, 0.890903, 0.0, 0.0, 0.0, 0.0, 1.0],
                [0.999998, -0.0, -0.0, 0.0, 0.0, 0.891361, 0.453294, 0.37472, -0.0, -0.453293, 0.891363, 0.0, 0.0, 0.0, 0.0, 1.0],
