{
    "animation": [
        {
            "name": "Root",
            "time": [0.0, 0.0167, 0.0333, 0.05, 0.0667, 0.0833, 0.1, 0.1167, 0.1333, 0.15, 0.1667, 0.1833, 0.2, 0.2167, 0.2333, 0.25, 0.2667, 0.2833, 0.3, 0.3167, 0.3333, 0.35, 0.3667, 0.3833, 0.4, 0.4167, 0.4333, 0.45, 0.4667, 0.4833, 0.5, 0.5167, 0.5333, 0.55, 0.5667, 0.5833, 0.6, 0.6167, 0.6333, 0.65, 0.6667, 0.6833, 0.7, 0.7167, 0.7333, 0.75, 0.7667, 0.7833, 0.8, 0.8167, 0.8333, 0.85, 0.8667, 0.8833, 0.9, 0.9167, 0.9333, 0.95, 0.9667, 0.9833, 1.0, 1.0167, 1.0333, 1.05, 1.0667, 1.0833, 1.1, 1.1167, 1.1333, 1.15, 1.1667, 1.1833, 1.2, 1.2167, 1.2333, 1.25, 1.2667, 1.2833, 1.3, 1.3167, 1.3333],
            "transform": [
                [0.924672, 0.0, -0.380764, 0.006524, -0.380764, 0.0, -0.924672, -0.000346, 0.0, 1.0, 0.0, 0.641373, 0.0, 0.0, 0.0, 1.0],
                [0.924672, 0.0, -0.380764, 0.006524, -0.380764, 0.0, -0.924672, -0.000346, 0.0, 1.0, 0.0, 0.641368, 0.0, 0.0, 0.0, 1.0],
                [0.924672, 0.0, -0.380764, 0.006524, -0.380764, 0.0, -0.924672, -0.000346, 0.0, 1.0, 0.0, 0.641353, 0.0, 0.0, 0.0, 1.0],
                [0.924672, 0.0, -0.380764, 0.006524, -0.380764, 0.0, -0.924672, -0.000346, 0.0, 1.0, 0.0, 0.641328, 0.0, 0.0, 0.0, 1.0],
                [0.924672, 0.0, -0.380764, 0.006524, -0.380764, 0.0, -0.924672, -0.000346, 0.0, 1.0, 0.0, 0.641294, 0.0, 0.0, 0.0, 1.0],
                [0.924672, 0.0, -0.380764, 0.006524, -0.380764, 0.0, -0.924672, -0.000346, 0.0, 1.0, 0.0, 0.641251, 0.0, 0.0, 0.0, 1.0],
                [0.924672, 0.0, -0.380764, 0.006524, -0.380764, 0.0, -0.924672, -0.000346, 0.0, 1.0, 0.0, 0.641201, 0.0, 0.0, 0.0, 1.0],
                [0.924672, 0.0, -0.380764, 0.006524, -0.380764, 0.0, -0.924672, -0.000346, 0.0, 1.0, 0.0, 0.641143, 0.0, 0.0, 0.0, 1.0],
                [0.924672, 0.0, -0.380764, 0.006524, -0.380764, 0.0, -0.924672, -0.000346, 0.0, 1.0, 0.0, 0.641078, 0.0, 0.0, 0.0, 1.0],
                [0.924672, 0.0, -0.380764, 0.006524, -0.380764, 0.0, -0.924672, -0.000346, 0.0, 1.0, 0.0, 0.641007, 0.0, 0.0, 0.0, 1.0],
                [0.924672, 0.0, -0.380764, 0.006524, -0.380764, 0.0, -0.924672, -0.000346, 0.0, 1.0, 0.0, 0.64093, 0.0, 0.0, 0.0, 1.0],
                [0.924672, 0.0, -0.380764, 0.006524, -0.380764, 0.0, -0.924672, -0.000346, 0.0, 1.0, 0.0, 0.640847, 0.0, 0.0, 0.0, 1.0],
                [0.924672, 0.0, -0.380764, 0.006524, -0.380764, 0.0, -0.924672, -0.000346, 0.0, 1.0, 0.0, 0.64076, 0.0, 0.0, 0.0, 1.0],
                [0.924672, 0.0, -0.380764, 0.006524, -0.380764, 0.0, -0.924672, -0.000346, 0.0, 1.0, 0.0, 0.640669, 0.0, 0.0, 0.0, 1.0],
                [0.924672, 0.0, -0.380764, 0.006524, -0.380764, 0.0, -0.924672, -0.000346, 0.0, 1.0, 0.0, 0.640574, 0.0, 0.0, 0.0, 1.0],
                [0.924672, 0.0, -0.380764, 0.006524, -0.380764, 0.0, -0.924672, -0.000346, 0.0, 1.0, 0.0, 0.640475, 0.0, 0.0, 0.0, 1.0],
                [0.924672, 0.0, -0.380764, 0.006524, -0.380764, 0.0, -0.924672, -0.000346, 0.0, 1.0, 0.0, 0.640374, 0.0, 0.0, 0.0, 1.0],
                [0.924672, 0.0, -0.380764, 0.006524, -0.380764, 0.0, -0.924672, -0.000346, 0.0, 1.0, 0.0, 0.640271, 0.0, 0.0, 0.0, 1.0],
                [0.924672, 0.0, -0.380764, 0.006524, -0.380764, 0.0, -0.924672, -0.000346, 0.0, 1.0, 0.0, 0.640166, 0.0, 0.0, 0.0, 1.0],
                [0.924672, 0.0, -0.380764, 0.006524, -0.380764, 0.0, -0.924672, -0.000346, 0.0, 1.0, 0.0, 0.64006, 0.0, 0.0, 0.0, 1.0],
                [0.924672, 0.0, -0.380764, 0.006524, -0.380764, 0.0, -0.924672, -0.000346, 0.0, 1.0, 0.0, 0.639954, 0.0, 0.0, 0.0, 1.0],
                [0.924672, 0.0, -0.380764, 0.006524, -0.380764, 0.0, -0.924672, -0.000346, 0.0, 1.0, 0.0, 0.639848, 0.0, 0.0, 0.0, 1.0],
                [0.924672, 0.0, -0.380764, 0.006524, -0.380764, 0.0, -0.924672, -0.000346, 0.0, 1.0, 0.0, 0.639742, 0.0, 0.0, 0.0, 1.0],
                [0.924672, 0.0, -0.380764, 0.006524, -0.380764, 0.0, -0.924672, -0.000346, 0.0, 1.0, 0.0, 0.639637, 0.0, 0.0, 0.0, 1.0],
                [0.924672, 0.0, -0.380764, 0.006524, -0.380764, 0.0, -0.924672, -0.000346, 0.0, 1.0, 0.0, 0.639534, 0.0, 0.0, 0.0, 1.0],
                [0.924672, 0.0, -0.380764, 0.006524, -0.380764, 0.0, -0.924672, -0.000346, 0.0, 1.0, 0.0, 0.639433, 0.0, 0.0, 0.0, 1.0],
                [0.924672, 0.0, -0.380764, 0.006524, -0.380764, 0.0, -0.924672, -0.000346, 0.0, 1.0, 0.0, 0.639335, 0.0, 0.0, 0.0, 1.0],
                [0.924672, 0.0, -0.380764, 0.006524, -0.380764, 0.0, -0.924672, -0.000346, 0.0, 1.0, 0.0, 0.63924, 0.0, 0.0, 0.0, 1.0],
                [0.924672, 0.0, -0.380764, 0.006524, -0.380764, 0.0, -0.924672, -0.000346, 0.0, 1.0, 0.0, 0.639148, 0.0, 0.0, 0.0, 1.0],
                [0.924672, 0.0, -0.380764, 0.006524, -0.380764, 0.0, -0.924672, -0.000346, 0.0, 1.0, 0.0, 0.639061, 0.0, 0.0, 0.0, 1.0],
                [0.924672, 0.0, -0.380764, 0.006524, -0.380764, 0.0, -0.924672, -0.000346, 0.0, 1.0, 0.0, 0.638979, 0.0, 0.0, 0.0, 1.0],
                [0.924672, 0.0, -0.380764, 0.006524, -0.380764, 0.0, -0.924672, -0.000346, 0.0, 1.0, 0.0, 0.638902, 0.0, 0.0, 0.0, 1.0],
                [0.924672, 0.0, -0.380764, 0.006524, -0.380764, 0.0, -0.924672, -0.000346, 0.0, 1.0, 0.0, 0.63883, 0.0, 0.0, 0.0, 1.0],
                [0.924672, 0.0, -0.380764, 0.006524, -0.380764, 0.0, -0.924672, -0.000346, 0.0, 1.0, 0.0, 0.638766, 0.0, 0.0, 0.0, 1.0],
                [0.924672, 0.0, -0.380764, 0.006524, -0.380764, 0.0, -0.924672, -0.000346, 0.0, 1.0, 0.0, 0.638708, 0.0, 0.0, 0.0, 1.0],
                [0.924672, 0.0, -0.380764, 0.006524, -0.380764, 0.0, -0.924672, -0.000346, 0.0, 1.0, 0.0, 0.638657, 0.0, 0.0, 0.0, 1.0],
                [0.924672, 0.0, -0.380764, 0.006524, -0.380764, 0.0, -0.924672, -0.000346, 0.0, 1.0, 0.0, 0.638615, 0.0, 0.0, 0.0, 1.0],
                [0.924672, 0.0, -0.380764, 0.006524, -0.380764, 0.0, -0.924672, -0.000346, 0.0, 1.0, 0.0, 0.638581, 0.0, 0.0, 0.0, 1.0],
                [0.924672, 0.0, -0.380764, 0.006524, -0.380764, 0.0, -0.924672, -0.000346, 0.0, 1.0, 0.0, 0.638556, 0.0, 0.0, 0.0, 1.0],
                [0.924672, 0.0, -0.380764, 0.006524, -0.380764, 0.0, -0.924672, -0.000346, 0.0, 1.0, 0.0, 0.63854, 0.0, 0.0, 0.0, 1.0],
                [0.924672, 0.0, -0.380764, 0.006524, -0.380764, 0.0, -0.924672, -0.000346, 0.0, 1.0, 0.0, 0.638535, 0.0, 0.0, 0.0, 1.0],
                [0.924672, 0.0, -0.380764, 0.006524, -0.380764, 0.0, -0.924672, -0.000346, 0.0, 1.0, 0.0, 0.63854, 0.0, 0.0, 0.0, 1.0],
                [0.924672, 0.0, -0.380764, 0.006524, -0.380764, 0.0, -0.924672, -0.000346, 0.0, 1.0, 0.0, 0.638556, 0.0, 0.0, 0.0, 1.0],
                [0.924672, 0.0, -0.380764, 0.006524, -0.380764, 0.0, -0.924672, -0.000346, 0.0, 1.0, 0.0, 0.638581, 0.0, 0.0, 0.0, 1.0],
                [0.924672, 0.0, -0.380764, 0.006524, -0.380764, 0.0, -0.924672, -0.000346, 0.0, 1.0, 0.0, 0.638615, 0.0, 0.0, 0.0, 1.0],
                [0.924672, 0.0, -0.380764, 0.006524, -0.380764, 0.0, -0.924672, -0.000346, 0.0, 1.0, 0.0, 0.638657, 0.0, 0.0, 0.0, 1.0],
                [0.924672, 0.0, -0.380764, 0.006524, -0.380764, 0.0, -0.924672, -0.000346, 0.0, 1.0, 0.0, 0.638708, 0.0, 0.0, 0.0, 1.0],
                [0.924672, 0.0, -0.380764, 0.006524, -0.380764, 0.0, -0.924672, -0.000346, 0.0, 1.0, 0.0, 0.638766, 0.0, 0.0, 0.0, 1.0],
                [0.924672, 0.0, -0.380764, 0.006524, -0.380764, 0.0, -0.924672, -0.000346, 0.0, 1.0, 0.0, 0.63883, 0.0, 0.0, 0.0, 1.0],
                [0.924672, 0.0, -0.380764, 0.006524, -0.380764, 0.0, -0.924672, -0.000346, 0.0, 1.0, 0.0, 0.638902, 0.0, 0.0, 0.0, 1.0],
                [0.924672, 0.0, -0.380764, 0.006524, -0.380764, 0.0, -0.924672, -0.000346, 0.0, 1.0, 0.0, 0.638979, 0.0, 0.0, 0.0, 1.0],
                [0.924672, 0.0, -0.380764, 0.006524, -0.380764, 0.0, -0.924672, -0.000346, 0.0, 1.0, 0.0, 0.639061, 0.0, 0.0, 0.0, 1.0],
                [0.924672, 0.0, -0.380764, 0.006524, -0.380764, 0.0, -0.924672, -0.000346, 0.0, 1.0, 0.0, 0.639148, 0.0, 0.0, 0.0, 1.0],
                [0.924672, 0.0, -0.380764, 0.006524, -0.380764, 0.0, -0.924672, -0.000346, 0.0, 1.0, 0.0, 0.63924, 0.0, 0.0, 0.0, 1.0],
                [0.924672, 0.0, -0.380764, 0.006524, -0.380764, 0.0, -0.924672, -0.000346, 0.0, 1.0, 0.0, 0.639335, 0.0, 0.0, 0.0, 1.0],
                [0.924672, 0.0, -0.380764, 0.006524, -0.380764, 0.0, -0.924672, -0.000346, 0.0, 1.0, 0.0, 0.639433, 0.0, 0.0, 0.0, 1.0],
                [0.924672, 0.0, -0.380764, 0.006524, -0.380764, 0.0, -0.924672, -0.000346, 0.0, 1.0, 0.0, 0.639534, 0.0, 0.0, 0.0, 1.0],
                [0.924672, 0.0, -0.380764, 0.006524, -0.380764, 0.0, -0.924672, -0.000346, 0.0, 1.0, 0.0, 0.639637, 0.0, 0.0, 0.0, 1.0],
                [0.924672, 0.0, -0.380764, 0.006524, -0.380764, 0.0, -0.924672, -0.000346, 0.0, 1.0, 0.0, 0.639742, 0.0, 0.0, 0.0, 1.0],
                [0.924672, 0.0, -0.380764, 0.006524, -0.380764, 0.0, -0.924672, -0.000346, 0.0, 1.0, 0.0, 0.639848, 0.0, 0.0, 0.0, 1.0],
                [0.924672, 0.0, -0.380764, 0.006524, -0.380764, 0.0, -0.924672, -0.000346, 0.0, 1.0, 0.0, 0.639954, 0.0, 0.0, 0.0, 1.0],
                [0.924672, 0.0, -0.380764, 0.006524, -0.380764, 0.0, -0.924672, -0.000346, 0.0, 1.0, 0.0, 0.64006, 0.0, 0.0, 0.0, 1.0],
                [0.924672, 0.0, -0.380764, 0.006524, -0.380764, 0.0, -0.924672, -0.000346, 0.0, 1.0, 0.0, 0.640166, 0.0, 0.0, 0.0, 1.0],
                [0.924672, 0.0, -0.380764, 0.006524, -0.380764, 0.0, -0.924672, -0.000346, 0.0, 1.0, 0.0, 0.640271, 0.0, 0.0, 0.0, 1.0],
                [0.924672, 0.0, -0.380764, 0.006524, -0.380764, 0.0, -0.924672, -0.000346, 0.0, 1.0, 0.0, 0.640374, 0.0, 0.0, 0.0, 1.0],
                [0.924672, 0.0, -0.380764, 0.006524, -0.380764, 0.0, -0.924672, -0.000346, 0.0, 1.0, 0.0, 0.640475, 0.0, 0.0, 0.0, 1.0],
                [0.924672, 0.0, -0.380764, 0.006524, -0.380764, 0.0, -0.924672, -0.000346, 0.0, 1.0, 0.0, 0.640574, 0.0, 0.0, 0.0, 1.0],
                [0.924672, 0.0, -0.380764, 0.006524, -0.380764, 0.0, -0.924672, -0.000346, 0.0, 1.0, 0.0, 0.640669, 0.0, 0.0, 0.0, 1.0],
                [0.924672, 0.0, -0.380764, 0.006524, -0.380764, 0.0, -0.924672, -0.000346, 0.0, 1.0, 0.0, 0.64076, 0.0, 0.0, 0.0, 1.0],
                [0.924672, 0.0, -0.380764, 0.006524, -0.380764, 0.0, -0.924672, -0.000346, 0.0, 1.0, 0.0, 0.640847, 0.0, 0.0, 0.0, 1.0],
                [0.924672, 0.0, -0.380764, 0.006524, -0.380764, 0.0, -0.924672, -0.000346, 0.0, 1.0, 0.0, 0.64093, 0.0, 0.0, 0.0, 1.0],
                [0.924672, 0.0, -0.380764, 0.006524, -0.380764, 0.0, -0.924672, -0.000346, 0.0, 1.0, 0.0, 0.641007, 0.0, 0.0, 0.0, 1.0],
                [0.924672, 0.0, -0.380764, 0.006524, -0.380764, 0.0, -0.924672, -0.000346, 0.0, 1.0, 0.0, 0.641078, 0.0, 0.0, 0.0, 1.0],
                [0.924672, 0.0, -0.380764, 0.006524, -0.380764, 0.0, -0.924672, -0.000346, 0.0, 1.0, 0.0, 0.641143, 0.0, 0.0, 0.0, 1.0],
                [0.924672, 0.0, -0.380764, 0.006524, -0.380764, 0.0, -0.924672, -0.000346, 0.0, 1.0, 0.0, 0.641201, 0.0, 0.0, 0.0, 1.0],
                [0.924672, 0.0, -0.380764, 0.006524, -0.380764, 0.0, -0.924672, -0.000346, 0.0, 1.0, 0.0, 0.641251, 0.0, 0.0, 0.0, 1.0],
                [0.924672, 0.0, -0.380764, 0.006524, -0.380764, 0.0, -0.924672, -0.000346, 0.0, 1.0, 0.0, 0.641294, 0.0, 0.0, 0.0, 1.0],
                [0.924672, 0.0, -0.380764, 0.006524, -0.380764, 0.0, -0.924672, -0.000346, 0.0, 1.0, 0.0, 0.641328, 0.0, 0.0, 0.0, 1.0],
                [0.924672, 0.0, -0.380764, 0.006524, -0.380764, 0.0, -0.924672, -0.000346, 0.0, 1.0, 0.0, 0.641353, 0.0, 0.0, 0.0, 1.0],
                [0.924672, 0.0, -0.380764, 0.006524, -0.380764, 0.0, -0.924672, -0.000346, 0.0, 1.0, 0.0, 0.641368, 0.0, 0.0, 0.0, 1.0],
                [0.924672, 0.0, -0.380764, 0.006524, -0.380764, 0.0, -0.924672, -0.000346, 0.0, 1.0, 0.0, 0.641373, 0.0, 0.0, 0.0, 1.0]
            ]
        },
        {
            "name": "Thigh_R",
            "time": [0.0, 0.0167, 0.0333, 0.05, 0.0667, 0.0833, 0.1, 0.1167, 0.1333, 0.15, 0.1667, 0.1833, 0.2, 0.2167, 0.2333, 0.25, 0.2667, 0.2833, 0.3, 0.3167, 0.3333, 0.35, 0.3667, 0.3833, 0.4, 0.4167, 0.4333, 0.45, 0.4667, 0.4833, 0.5, 0.5167, 0.5333, 0.55, 0.5667, 0.5833, 0.6, 0.6167, 0.6333, 0.65, 0.6667, 0.6833, 0.7, 0.7167, 0.7333, 0.75, 0.7667, 0.7833, 0.8, 0.8167, 0.8333, 0.85, 0.8667, 0.8833, 0.9, 0.9167, 0.9333, 0.95, 0.9667, 0.9833, 1.0, 1.0167, 1.0333, 1.05, 1.0667, 1.0833, 1.1, 1.1167, 1.1333, 1.15, 1.1667, 1.1833, 1.2, 1.2167, 1.2333, 1.25, 1.2667, 1.2833, 1.3, 1.3167, 1.3333],
            "transform": [
                [0.932123, 0.336377, 0.134156, 0.124994, 0.286007, -0.911019, 0.29706, -0.002831, 0.222142, -0.238527, -0.945388, -1.2e-05, 0.0, 0.0, 0.0, 1.0],
                [0.932122, 0.336381, 0.134151, 0.124994, 0.286009, -0.911014, 0.297075, -0.002831, 0.222144, -0.238542, -0.945384, -1.2e-05, 0.0, 0.0, 0.0, 1.0],
                [0.932119, 0.336395, 0.134138, 0.124994, 0.286015, -0.910997, 0.297119, -0.002831, 0.222148, -0.238585, -0.945372, -1.2e-05, 0.0, 0.0, 0.0, 1.0],
                [0.932114, 0.336418, 0.134116, 0.124994, 0.286026, -0.910971, 0.297189, -0.002831, 0.222155, -0.238654, -0.945352, -1.2e-05, 0.0, 0.0, 0.0, 1.0],
                [0.932107, 0.336448, 0.134086, 0.124994, 0.286041, -0.910935, 0.297286, -0.002831, 0.222165, -0.238749, -0.945326, -1.2e-05, 0.0, 0.0, 0.0, 1.0],
                [0.932099, 0.336487, 0.134049, 0.124994, 0.286059, -0.910889, 0.297407, -0.002831, 0.222177, -0.238867, -0.945294, -1.2e-05, 0.0, 0.0, 0.0, 1.0],
                [0.932088, 0.336532, 0.134004, 0.124994, 0.286081, -0.910836, 0.297551, -0.002831, 0.222191, -0.239008, -0.945255, -1.2e-05, 0.0, 0.0, 0.0, 1.0],
                [0.932077, 0.336584, 0.133953, 0.124994, 0.286105, -0.910774, 0.297716, -0.002831, 0.222208, -0.239169, -0.94521, -1.2e-05, 0.0, 0.0, 0.0, 1.0],
                [0.932064, 0.336643, 0.133896, 0.124994, 0.286133, -0.910705, 0.2979, -0.002831, 0.222226, -0.23935, -0.94516, -1.2e-05, 0.0, 0.0, 0.0, 1.0],
                [0.93205, 0.336707, 0.133834, 0.124994, 0.286164, -0.910629, 0.298102, -0.002831, 0.222246, -0.239548, -0.945105, -1.2e-05, 0.0, 0.0, 0.0, 1.0],
                [0.932034, 0.336776, 0.133766, 0.124994, 0.286197, -0.910547, 0.298321, -0.002831, 0.222268, -0.239762, -0.945046, -1.2e-05, 0.0, 0.0, 0.0, 1.0],
                [0.932018, 0.33685, 0.133694, 0.124994, 0.286232, -0.91046, 0.298555, -0.002831, 0.222291, -0.239991, -0.944982, -1.2e-05, 0.0, 0.0, 0.0, 1.0],
                [0.932001, 0.336929, 0.133618, 0.124994, 0.28627, -0.910367, 0.298802, -0.002831, 0.222316, -0.240233, -0.944915, -1.2e-05, 0.0, 0.0, 0.0, 1.0],
                [0.931982, 0.337011, 0.133537, 0.124994, 0.286309, -0.910269, 0.299061, -0.002831, 0.222342, -0.240487, -0.944844, -1.2e-05, 0.0, 0.0, 0.0, 1.0],
                [0.931964, 0.337097, 0.133454, 0.124994, 0.28635, -0.910168, 0.29933, -0.002831, 0.222369, -0.24075, -0.944771, -1.2e-05, 0.0, 0.0, 0.0, 1.0],
                [0.931944, 0.337185, 0.133368, 0.124994, 0.286392, -0.910063, 0.299608, -0.002831, 0.222397, -0.241023, -0.944695, -1.2e-05, 0.0, 0.0, 0.0, 1.0],
                [0.931924, 0.337276, 0.13328, 0.124994, 0.286436, -0.909955, 0.299894, -0.002831, 0.222425, -0.241302, -0.944616, -1.2e-05, 0.0, 0.0, 0.0, 1.0],
                [0.931903, 0.337368, 0.133189, 0.124994, 0.28648, -0.909845, 0.300185, -0.002831, 0.222455, -0.241587, -0.944537, -1.2e-05, 0.0, 0.0, 0.0, 1.0],
                [0.931882, 0.337462, 0.133098, 0.124994, 0.286525, -0.909734, 0.30048, -0.002831, 0.222484, -0.241876, -0.944456, -1.2e-05, 0.0, 0.0, 0.0, 1.0],
                [0.931861, 0.337557, 0.133005, 0.124994, 0.286571, -0.909621, 0.300778, -0.002831, 0.222514, -0.242168, -0.944374, -1.2e-05, 0.0, 0.0, 0.0, 1.0],
                [0.93184, 0.337653, 0.132912, 0.124994, 0.286616, -0.909507, 0.301077, -0.002831, 0.222544, -0.242461, -0.944292, -1.2e-05, 0.0, 0.0, 0.0, 1.0],
                [0.931818, 0.337748, 0.13282, 0.124994, 0.286662, -0.909394, 0.301376, -0.002831, 0.222575, -0.242754, -0.944209, -1.2e-05, 0.0, 0.0, 0.0, 1.0],
                [0.931797, 0.337843, 0.132727, 0.124994, 0.286708, -0.909281, 0.301674, -0.002831, 0.222605, -0.243045, -0.944127, -1.2e-05, 0.0, 0.0, 0.0, 1.0],
                [0.931776, 0.337936, 0.132636, 0.124994, 0.286753, -0.909169, 0.301968, -0.002831, 0.222634, -0.243333, -0.944046, -1.2e-05, 0.0, 0.0, 0.0, 1.0],
                [0.931755, 0.338029, 0.132546, 0.124994, 0.286797, -0.909059, 0.302257, -0.002831, 0.222664, -0.243616, -0.943966, -1.2e-05, 0.0, 0.0, 0.0, 1.0],
                [0.931735, 0.338119, 0.132458, 0.124994, 0.286841, -0.908951, 0.30254, -0.002831, 0.222692, -0.243893, -0.943888, -1.2e-05, 0.0, 0.0, 0.0, 1.0],
                [0.931715, 0.338207, 0.132372, 0.124994, 0.286883, -0.908846, 0.302815, -0.002831, 0.22272, -0.244162, -0.943812, -1.2e-05, 0.0, 0.0, 0.0, 1.0],
                [0.931696, 0.338292, 0.13229, 0.124994, 0.286924, -0.908744, 0.303081, -0.002831, 0.222747, -0.244423, -0.943738, -1.2e-05, 0.0, 0.0, 0.0, 1.0],
                [0.931678, 0.338374, 0.13221, 0.124994, 0.286964, -0.908647, 0.303337, -0.002831, 0.222773, -0.244673, -0.943667, -1.2e-05, 0.0, 0.0, 0.0, 1.0],
                [0.93166, 0.338452, 0.132134, 0.124994, 0.287001, -0.908553, 0.30358, -0.002831, 0.222798, -0.244911, -0.943599, -1.2e-05, 0.0, 0.0, 0.0, 1.0],
                [0.931644, 0.338525, 0.132063, 0.124994, 0.287037, -0.908465, 0.30381, -0.002831, 0.222822, -0.245136, -0.943535, -1.2e-05, 0.0, 0.0, 0.0, 1.0],
                [0.931628, 0.338594, 0.131996, 0.124994, 0.28707, -0.908383, 0.304025, -0.002831, 0.222844, -0.245346, -0.943475, -1.2e-05, 0.0, 0.0, 0.0, 1.0],
                [0.931614, 0.338657, 0.131934, 0.124994, 0.287101, -0.908307, 0.304224, -0.002831, 0.222864, -0.245541, -0.94342, -1.2e-05, 0.0, 0.0, 0.0, 1.0],
                [0.931601, 0.338715, 0.131878, 0.124994, 0.287129, -0.908238, 0.304404, -0.002831, 0.222882, -0.245717, -0.94337, -1.2e-05, 0.0, 0.0, 0.0, 1.0],
                [0.931589, 0.338767, 0.131827, 0.124994, 0.287154, -0.908176, 0.304565, -0.002831, 0.222899, -0.245875, -0.943325, -1.2e-05, 0.0, 0.0, 0.0, 1.0],
                [0.931579, 0.338812, 0.131784, 0.124994, 0.287176, -0.908122, 0.304706, -0.002831, 0.222913, -0.246012, -0.943286, -1.2e-05, 0.0, 0.0, 0.0, 1.0],
                [0.931571, 0.33885, 0.131747, 0.124994, 0.287194, -0.908076, 0.304824, -0.002831, 0.222925, -0.246128, -0.943253, -1.2e-05, 0.0, 0.0, 0.0, 1.0],
                [0.931564, 0.33888, 0.131717, 0.124994, 0.287209, -0.90804, 0.304918, -0.002831, 0.222935, -0.246221, -0.943226, -1.2e-05, 0.0, 0.0, 0.0, 1.0],
                [0.931559, 0.338902, 0.131696, 0.124994, 0.28722, -0.908013, 0.304987, -0.002831, 0.222942, -0.246288, -0.943207, -1.2e-05, 0.0, 0.0, 0.0, 1.0],
                [0.931556, 0.338916, 0.131682, 0.124994, 0.287226, -0.907997, 0.30503, -0.002831, 0.222946, -0.24633, -0.943195, -1.2e-05, 0.0, 0.0, 0.0, 1.0],
                [0.931555, 0.33892, 0.131678, 0.124994, 0.287229, -0.907991, 0.305045, -0.002831, 0.222948, -0.246344, -0.943191, -1.2e-05, 0.0, 0.0, 0.0, 1.0],
                [0.931556, 0.338916, 0.131682, 0.124994, 0.287226, -0.907997, 0.30503, -0.002831, 0.222946, -0.24633, -0.943195, -1.2e-05, 0.0, 0.0, 0.0, 1.0],
                [0.931559, 0.338902, 0.131696, 0.124994, 0.28722, -0.908013, 0.304987, -0.002831, 0.222942, -0.246288, -0.943207, -1.2e-05, 0.0, 0.0, 0.0, 1.0],
                [0.931564, 0.33888, 0.131717, 0.124994, 0.287209, -0.90804, 0.304918, -0.002831, 0.222935, -0.246221, -0.943226, -1.2e-05, 0.0, 0.0, 0.0, 1.0],
                [0.931571, 0.33885, 0.131747, 0.124994, 0.287194, -0.908076, 0.304824, -0.002831, 0.222925, -0.246128, -0.943253, -1.2e-05, 0.0, 0.0, 0.0, 1.0],
                [0.931579, 0.338812, 0.131784, 0.124994, 0.287176, -0.908122, 0.304706, -0.002831, 0.222913, -0.246012, -0.943286, -1.2e-05, 0.0, 0.0, 0.0, 1.0],
                [0.931589, 0.338767, 0.131827, 0.124994, 0.287154, -0.908176, 0.304565, -0.002831, 0.222899, -0.245875, -0.943325, -1.2e-05, 0.0, 0.0, 0.0, 1.0],
                [0.931601, 0.338715, 0.131878, 0.124994, 0.287129, -0.908238, 0.304404, -0.002831, 0.222882, -0.245717, -0.94337, -1.2e-05, 0.0, 0.0, 0.0, 1.0],
                [0.931614, 0.338657, 0.131934, 0.124994, 0.287101, -0.908307, 0.304224, -0.002831, 0.222864, -0.245541, -0.94342, -1.2e-05, 0.0, 0.0, 0.0, 1.0],
                [0.931628, 0.338594, 0.131996, 0.124994, 0.28707, -0.908383, 0.304025, -0.002831, 0.222844, -0.245346, -0.943475, -1.2e-05, 0.0, 0.0, 0.0, 1.0],
                [0.931644, 0.338525, 0.132063, 0.124994, 0.287037, -0.908465, 0.30381, -0.002831, 0.222822, -0.245136, -0.943535, -1.2e-05, 0.0, 0.0, 0.0, 1.0],
                [0.93166, 0.338452, 0.132134, 0.124994, 0.287001, -0.908553, 0.30358, -0.002831, 0.222798, -0.244911, -0.943599, -1.2e-05, 0.0, 0.0, 0.0, 1.0],
                [0.931678, 0.338374, 0.13221, 0.124994, 0.286964, -0.908647, 0.303337, -0.002831, 0.222773, -0.244673, -0.943667, -1.2e-05, 0.0, 0.0, 0.0, 1.0],
                [0.931696, 0.338292, 0.13229, 0.124994, 0.286924, -0.908744, 0.303081, -0.002831, 0.222747, -0.244423, -0.943738, -1.2e-05, 0.0, 0.0, 0.0, 1.0],
                [0.931715, 0.338207, 0.132372, 0.124994, 0.286883, -0.908846, 0.302815, -0.002831, 0.22272, -0.244162, -0.943812, -1.2e-05, 0.0, 0.0, 0.0, 1.0],
                [0.931735, 0.338119, 0.132458, 0.124994, 0.286841, -0.908951, 0.30254, -0.002831, 0.222692, -0.243893, -0.943888, -1.2e-05, 0.0, 0.0, 0.0, 1.0],
                [0.931755, 0.338029, 0.132546, 0.124994, 0.286797, -0.909059, 0.302257, -0.002831, 0.222664, -0.243616, -0.943966, -1.2e-05, 0.0, 0.0, 0.0, 1.0],
                [0.931776, 0.337936, 0.132636, 0.124994, 0.286753, -0.909169, 0.301968, -0.002831, 0.222634, -0.243333, -0.944046, -1.2e-05, 0.0, 0.0, 0.0, 1.0],
                [0.931797, 0.337843, 0.132727, 0.124994, 0.286708, -0.909281, 0.301674, -0.002831, 0.222605, -0.243045, -0.944127, -1.2e-05, 0.0, 0.0, 0.0, 1.0],
                [0.931818, 0.337748, 0.13282, 0.124994, 0.286662, -0.909394, 0.301376, -0.002831, 0.222575, -0.242754, -0.944209, -1.2e-05, 0.0, 0.0, 0.0, 1.0],
                [0.93184, 0.337653, 0.132912, 0.124994, 0.286616, -0.909507, 0.301077, -0.002831, 0.222544, -0.242461, -0.944292, -1.2e-05, 0.0, 0.0, 0.0, 1.0],
                [0.931861, 0.337557, 0.133005, 0.124994, 0.286571, -0.909621, 0.300778, -0.002831, 0.222514, -0.242168, -0.944374, -1.2e-05, 0.0, 0.0, 0.0, 1.0],
                [0.931882, 0.337462, 0.133098, 0.124994, 0.286525, -0.909734, 0.30048, -0.002831, 0.222484, -0.241876, -0.944456, -1.2e-05, 0.0, 0.0, 0.0, 1.0],
                [0.931903, 0.337368, 0.133189, 0.124994, 0.28648, -0.909845, 0.300185, -0.002831, 0.222455, -0.241587, -0.944537, -1.2e-05, 0.0, 0.0, 0.0, 1.0],
                [0.931924, 0.337276, 0.13328, 0.124994, 0.286436, -0.909955, 0.299894, -0.002831, 0.222425, -0.241302, -0.944616, -1.2e-05, 0.0, 0.0, 0.0, 1.0],
                [0.931944, 0.337185, 0.133368, 0.124994, 0.286392, -0.910063, 0.299608, -0.002831, 0.222397, -0.241023, -0.944695, -1.2e-05, 0.0, 0.0, 0.0, 1.0],
                [0.931964, 0.337097, 0.133454, 0.124994, 0.28635, -0.910168, 0.29933, -0.002831, 0.222369, -0.24075, -0.944771, -1.2e-05, 0.0, 0.0, 0.0, 1.0],
                [0.931982, 0.337011, 0.133537, 0.124994, 0.286309, -0.910269, 0.299061, -0.002831, 0.222342, -0.240487, -0.944844, -1.2e-05, 0.0, 0.0, 0.0, 1.0],
                [0.932001, 0.336929, 0.133618, 0.124994, 0.28627, -0.910367, 0.298802, -0.002831, 0.222316, -0.240233, -0.944915, -1.2e-05, 0.0, 0.0, 0.0, 1.0],
                [0.932018, 0.33685, 0.133694, 0.124994, 0.286232, -0.91046, 0.298555, -0.002831, 0.222291, -0.239991, -0.944982, -1.2e-05, 0.0, 0.0, 0.0, 1.0],
                [0.932034, 0.336776, 0.133766, 0.124994, 0.286197, -0.910547, 0.298321, -0.002831, 0.222268, -0.239762, -0.945046, -1.2e-05, 0.0, 0.0, 0.0, 1.0],
                [0.93205, 0.336707, 0.133834, 0.124994, 0.286164, -0.910629, 0.298102, -0.002831, 0.222246, -0.239548, -0.945105, -1.2e-05, 0.0, 0.0, 0.0, 1.0],
                [0.932064, 0.336643, 0.133896, 0.124994, 0.286133, -0.910705, 0.2979, -0.002831, 0.222226, -0.23935, -0.94516, -1.2e-05, 0.0, 0.0, 0.0, 1.0],
                [0.932077, 0.336584, 0.133953, 0.124994, 0.286105, -0.910774, 0.297716, -0.002831, 0.222208, -0.239169, -0.94521, -1.2e-05, 0.0, 0.0, 0.0, 1.0],
                [0.932088, 0.336532, 0.134004, 0.124994, 0.286081, -0.910836, 0.297551, -0.002831, 0.222191, -0.239008, -0.945255, -1.2e-05, 0.0, 0.0, 0.0, 1.0],
                [0.932099, 0.336487, 0.134049, 0.124994, 0.286059, -0.91089, 0.297407, -0.002831, 0.222177, -0.238867, -0.945294, -1.2e-05, 0.0, 0.0, 0.0, 1.0],
                [0.932107, 0.336448, 0.134086, 0.124994, 0.286041, -0.910935, 0.297286, -0.002831, 0.222165, -0.238749, -0.945326, -1.2e-05, 0.0, 0.0, 0.0, 1.0],
                [0.932114, 0.336418, 0.134116, 0.124994, 0.286026, -0.910971, 0.297189, -0.002831, 0.222155, -0.238654, -0.945352, -1.2e-05, 0.0, 0.0, 0.0, 1.0],
                [0.932119, 0.336395, 0.134138, 0.124994, 0.286015, -0.910997, 0.297119, -0.002831, 0.222148, -0.238585, -0.945372, -1.2e-05, 0.0, 0.0, 0.0, 1.0],
                [0.932122, 0.336381, 0.134151, 0.124994, 0.286009, -0.911014, 0.297075, -0.002831, 0.222144, -0.238542, -0.945384, -1.2e-05, 0.0, 0.0, 0.0, 1.0],
                [0.932123, 0.336377, 0.134156, 0.124994, 0.286007, -0.911019, 0.29706, -0.002831, 0.222142, -0.238527, -0.945388, -1.2e-05, 0.0, 0.0, 0.0, 1.0]
            ]
        },
        {
            "name": "Leg_R",
            "time": [0.0, 0.0167, 0.0333, 0.05, 0.0667, 0.0833, 0.1, 0.1167, 0.1333, 0.15, 0.1667, 0.1833, 0.2, 0.2167, 0.2333, 0.25, 0.2667, 0.2833, 0.3, 0.3167, 0.3333, 0.35, 0.3667, 0.3833, 0.4, 0.4167, 0.4333, 0.45, 0.4667, 0.4833, 0.5, 0.5167, 0.5333, 0.55, 0.5667, 0.5833, 0.6, 0.6167, 0.6333, 0.65, 0.6667, 0.6833, 0.7, 0.7167, 0.7333, 0.75, 0.7667, 0.7833, 0.8, 0.8167, 0.8333, 0.85, 0.8667, 0.8833, 0.9, 0.9167, 0.9333, 0.95, 0.9667, 0.9833, 1.0, 1.0167, 1.0333, 1.05, 1.0667, 1.0833, 1.1, 1.1167, 1.1333, 1.15, 1.1667, 1.1833, 1.2, 1.2167, 1.2333, 1.25, 1.2667, 1.2833, 1.3, 1.3167, 1.3333],
            "transform": [
                [1.0, -1e-06, 1e-06, -0.0, -0.0, 0.684471, 0.72904, 0.374726, -1e-06, -0.72904, 0.684471, 0.0, 0.0, 0.0, 0.0, 1.0],
                [1.0, -1e-06, 1e-06, 0.0, -0.0, 0.684447, 0.729062, 0.374726, -1e-06, -0.729063, 0.684447, 0.0, 0.0, 0.0, 0.0, 1.0],
                [1.0, -1e-06, 1e-06, -0.0, -0.0, 0.684375, 0.72913, 0.374726, -1e-06, -0.729131, 0.684375, -0.0, 0.0, 0.0, 0.0, 1.0],
                [1.0, -1e-06, 1e-06, -0.0, -0.0, 0.684259, 0.729239, 0.374726, -1e-06, -0.729239, 0.684259, 0.0, 0.0, 0.0, 0.0, 1.0],
                [1.0, -1e-06, 1e-06, 0.0, -0.0, 0.6841, 0.729388, 0.374726, -1e-06, -0.729388, 0.684101, 0.0, 0.0, 0.0, 0.0, 1.0],
                [1.0, -1e-06, 1e-06, 0.0, -0.0, 0.683901, 0.729574, 0.374726, -1e-06, -0.729575, 0.683902, -0.0, 0.0, 0.0, 0.0, 1.0],
                [1.0, -0.0, 1e-06, -0.0, -0.0, 0.683666, 0.729795, 0.374726, -1e-06, -0.729795, 0.683666, 0.0, 0.0, 0.0, 0.0, 1.0],
                [1.0, -1e-06, 1e-06, 0.0, -0.0, 0.683395, 0.730048, 0.374726, -1e-06, -0.730049, 0.683396, -0.0, 0.0, 0.0, 0.0, 1.0],
                [1.0, -1e-06, 1e-06, 0.0, -0.0, 0.683093, 0.730331, 0.374726, -1e-06, -0.730332, 0.683093, -0.0, 0.0, 0.0, 0.0, 1.0],
                [1.0, -1e-06, 1e-06, -0.0, -0.0, 0.68276, 0.730642, 0.374726, -1e-06, -0.730643, 0.682761, -0.0, 0.0, 0.0, 0.0, 1.0],
                [1.0, -1e-06, 1e-06, 0.0, -0.0, 0.682401, 0.730978, 0.374726, -1e-06, -0.730979, 0.682401, 0.0, 0.0, 0.0, 0.0, 1.0],
                [1.0, -1e-06, 1e-06, -0.0, -0.0, 0.682016, 0.731337, 0.374726, -1e-06, -0.731337, 0.682016, 0.0, 0.0, 0.0, 0.0, 1.0],
                [1.0, -1e-06, 1e-06, 0.0, -0.0, 0.681609, 0.731717, 0.374726, -1e-06, -0.731717, 0.681609, 0.0, 0.0, 0.0, 0.0, 1.0],
                [1.0, -1e-06, 1e-06, 0.0, -0.0, 0.681182, 0.732114, 0.374726, -1e-06, -0.732114, 0.681183, 0.0, 0.0, 0.0, 0.0, 1.0],
                [1.0, -0.0, 1e-06, 0.0, -0.0, 0.680738, 0.732527, 0.374726, -1e-06, -0.732527, 0.680738, 0.0, 0.0, 0.0, 0.0, 1.0],
                [1.0, -1e-06, 1e-06, -0.0, -0.0, 0.680279, 0.732953, 0.374726, -1e-06, -0.732953, 0.68028, 0.0, 0.0, 0.0, 0.0, 1.0],
                [1.0, -1e-06, 1e-06, -0.0, -0.0, 0.679808, 0.73339, 0.374726, -1e-06, -0.73339, 0.679809, 0.0, 0.0, 0.0, 0.0, 1.0],
                [1.0, -1e-06, 1e-06, -0.0, -0.0, 0.679327, 0.733835, 0.374726, -1e-06, -0.733835, 0.679328, 0.0, 0.0, 0.0, 0.0, 1.0],
                [1.0, -1e-06, 1e-06, -0.0, -0.0, 0.678839, 0.734287, 0.374726, -1e-06, -0.734287, 0.678839, -0.0, 0.0, 0.0, 0.0, 1.0],
                [1.0, -1e-06, 1e-06, -0.0, -0.0, 0.678345, 0.734743, 0.374726, -1e-06, -0.734743, 0.678346, 0.0, 0.0, 0.0, 0.0, 1.0],
                [1.0, -1e-06, 1e-06, 0.0, -0.0, 0.67785, 0.7352, 0.374726, -1e-06, -0.735201, 0.67785, 0.0, 0.0, 0.0, 0.0, 1.0],
                [1.0, -1e-06, 1e-06, -0.0, -0.0, 0.677354, 0.735657, 0.374726, -1e-06, -0.735657, 0.677355, 0.0, 0.0, 0.0, 0.0, 1.0],
                [1.0, -1e-06, 1e-06, 0.0, -0.0, 0.676861, 0.736111, 0.374726, -1e-06, -0.736111, 0.676862, -0.0, 0.0, 0.0, 0.0, 1.0],
                [1.0, -1e-06, 1e-06, -0.0, -0.0, 0.676373, 0.736559, 0.374726, -1e-06, -0.736559, 0.676374, 0.0, 0.0, 0.0, 0.0, 1.0],
                [1.0, -1e-06, 1e-06, 0.0, -0.0, 0.675892, 0.737, 0.374726, -1e-06, -0.737, 0.675893, -0.0, 0.0, 0.0, 0.0, 1.0],
                [1.0, -1e-06, 1e-06, 0.0, -0.0, 0.675422, 0.737431, 0.374726, -1e-06, -0.737431, 0.675422, -0.0, 0.0, 0.0, 0.0, 1.0],
                [1.0, -1e-06, 1e-06, -0.0, -0.0, 0.674964, 0.73785, 0.374726, -1e-06, -0.737851, 0.674965, 0.0, 0.0, 0.0, 0.0, 1.0],
                [1.0, -1e-06, 1e-06, -0.0, -0.0, 0.674521, 0.738255, 0.374726, -1e-06, -0.738256, 0.674521, -0.0, 0.0, 0.0, 0.0, 1.0],
                [1.0, -1e-06, 1e-06, -0.0, -0.0, 0.674095, 0.738644, 0.374726, -1e-06, -0.738645, 0.674096, -0.0, 0.0, 0.0, 0.0, 1.0],
                [1.0, -1e-06, 1e-06, -0.0, -0.0, 0.673689, 0.739015, 0.374726, -1e-06, -0.739015, 0.67369, -0.0, 0.0, 0.0, 0.0, 1.0],
                [1.0, -1e-06, 1e-06, -0.0, -0.0, 0.673306, 0.739364, 0.374726, -1e-06, -0.739364, 0.673306, 0.0, 0.0, 0.0, 0.0, 1.0],
                [1.0, -1e-06, 1e-06, 0.0, -0.0, 0.672947, 0.73969, 0.374726, -1e-06, -0.73969, 0.672948, 0.0, 0.0, 0.0, 0.0, 1.0],
                [1.0, -1e-06, 1e-06, -0.0, -0.0, 0.672616, 0.739992, 0.374726, -1e-06, -0.739992, 0.672616, 0.0, 0.0, 0.0, 0.0, 1.0],
                [1.0, -1e-06, 1e-06, -0.0, -0.0, 0.672315, 0.740266, 0.374726, -1e-06, -0.740266, 0.672315, 0.0, 0.0, 0.0, 0.0, 1.0],
                [1.0, -1e-06, 1e-06, 0.0, -0.0, 0.672045, 0.74051, 0.374726, -1e-06, -0.74051, 0.672045, -0.0, 0.0, 0.0, 0.0, 1.0],
                [1.0, -1e-06, 1e-06, -0.0, -0.0, 0.67181, 0.740723, 0.374726, -1e-06, -0.740723, 0.67181, 0.0, 0.0, 0.0, 0.0, 1.0],
                [1.0, -1e-06, 1e-06, 0.0, -0.0, 0.671613, 0.740903, 0.374726, -1e-06, -0.740903, 0.671613, 0.0, 0.0, 0.0, 0.0, 1.0],
                [1.0, -1e-06, 1e-06, 0.0, -0.0, 0.671454, 0.741046, 0.374726, -1e-06, -0.741046, 0.671455, 0.0, 0.0, 0.0, 0.0, 1.0],
                [1.0, -1e-06, 1e-06, 0.0, -0.0, 0.671339, 0.741151, 0.374726, -1e-06, -0.741151, 0.671339, 0.0, 0.0, 0.0, 0.0, 1.0],
                [1.0, -1e-06, 1e-06, -0.0, -0.0, 0.671267, 0.741215, 0.374726, -1e-06, -0.741216, 0.671267, 0.0, 0.0, 0.0, 0.0, 1.0],
                [1.0, -1e-06, 1e-06, -0.0, -0.0, 0.671243, 0.741237, 0.374726, -1e-06, -0.741238, 0.671243, 0.0, 0.0, 0.0, 0.0, 1.0],
                [1.0, -1e-06, 1e-06, -0.0, -0.0, 0.671267, 0.741215, 0.374726, -1e-06, -0.741216, 0.671267, 0.0, 0.0, 0.0, 0.0, 1.0],
                [1.0, -1e-06, 1e-06, 0.0, -0.0, 0.671339, 0.741151, 0.374726, -1e-06, -0.741151, 0.671339, 0.0, 0.0, 0.0, 0.0, 1.0],
                [1.0, -1e-06, 1e-06, 0.0, -0.0, 0.671454, 0.741046, 0.374726, -1e-06, -0.741046, 0.671455, 0.0, 0.0, 0.0, 0.0, 1.0],
                [1.0, -1e-06, 1e-06, 0.0, -0.0, 0.671613, 0.740903, 0.374726, -1e-06, -0.740903, 0.671613, 0.0, 0.0, 0.0, 0.0, 1.0],
                [1.0, -1e-06, 1e-06, -0.0, -0.0, 0.67181, 0.740723, 0.374726, -1e-06, -0.740723, 0.67181, 0.0, 0.0, 0.0, 0.0, 1.0],
                [1.0, -1e-06, 1e-06, 0.0, -0.0, 0.672045, 0.74051, 0.374726, -1e-06, -0.74051, 0.672045, -0.0, 0.0, 0.0, 0.0, 1.0],
                [1.0, -1e-06, 1e-06, -0.0, -0.0, 0.672315, 0.740266, 0.374726, -1e-06, -0.740266, 0.672315, 0.0, 0.0, 0.0, 0.0, 1.0],
                [1.0, -1e-06, 1e-06, -0.0, -0.0, 0.672616, 0.739992, 0.374726, -1e-06, -0.739992, 0.672616, 0.0, 0.0, 0.0, 0.0, 1.0],
                [1.0, -1e-06, 1e-06, 0.0, -0.0, 0.672947, 0.73969, 0.374726, -1e-06, -0.73969, 0.672948, 0.0, 0.0, 0.0, 0.0, 1.0],
                [1.0, -1e-06, 1e-06, -0.0, -0.0, 0.673306, 0.739364, 0.374726, -1e-06, -0.739364, 0.673306, 0.0, 0.0, 0.0, 0.0, 1.0],
                [1.0, -1e-06, 1e-06, -0.0, -0.0, 0.673689, 0.739015, 0.374726, -1e-06, -0.739015, 0.67369, -0.0, 0.0, 0.0, 0.0, 1.0],
                [1.0, -1e-06, 1e-06, -0.0, -0.0, 0.674095, 0.738644, 0.374726, -1e-06, -0.738645, 0.674096, -0.0, 0.0, 0.0, 0.0, 1.0],
                [1.0, -1e-06, 1e-06, -0.0, -0.0, 0.674521, 0.738255, 0.374726, -1e-06, -0.738256, 0.674521, -0.0, 0.0, 0.0, 0.0, 1.0],
                [1.0, -1e-06, 1e-06, -0.0, -0.0, 0.674964, 0.73785, 0.374726, -1e-06, -0.737851, 0.674965, 0.0, 0.0, 0.0, 0.0, 1.0],
                [1.0, -1e-06, 1e-06, 0.0, -0.0, 0.675422, 0.737431, 0.374726, -1e-06, -0.737431, 0.675422, -0.0, 0.0, 0.0, 0.0, 1.0],
                [1.0, -1e-06, 1e-06, 0.0, -0.0, 0.675892, 0.737, 0.374726, -1e-06, -0.737, 0.675893, -0.0, 0.0, 0.0, 0.0, 1.0],
                [1.0, -1e-06, 1e-06, -0.0, -0.0, 0.676373, 0.736559, 0.374726, -1e-06, -0.736559, 0.676374, 0.0, 0.0, 0.0, 0.0, 1.0],
                [1.0, -1e-06, 1e-06, 0.0, -0.0, 0.676861, 0.736111, 0.374726, -1e-06, -0.736111, 0.676862, -0.0, 0.0, 0.0, 0.0, 1.0],
                [1.0, -1e-06, 1e-06, -0.0, -0.0, 0.677354, 0.735657, 0.374726, -1e-06, -0.735657, 0.677355, 0.0, 0.0, 0.0, 0.0, 1.0],
                [1.0, -1e-06, 1e-06, 0.0, -0.0, 0.67785, 0.7352, 0.374726, -1e-06, -0.735201, 0.67785, 0.0, 0.0, 0.0, 0.0, 1.0],
                [1.0, -1e-06, 1e-06, -0.0, -0.0, 0.678345, 0.734743, 0.374726, -1e-06, -0.734743, 0.678346, 0.0, 0.0, 0.0, 0.0, 1.0],
                [1.0, -1e-06, 1e-06, -0.0, -0.0, 0.678839, 0.734287, 0.374726, -1e-06, -0.734287, 0.678839, -0.0, 0.0, 0.0, 0.0, 1.0],
                [1.0, -1e-06, 1e-06, -0.0, -0.0, 0.679327, 0.733835, 0.374726, -1e-06, -0.733835, 0.679328, 0.0, 0.0, 0.0, 0.0, 1.0],
                [1.0, -1e-06, 1e-06, -0.0, -0.0, 0.679808, 0.73339, 0.374726, -1e-06, -0.73339, 0.679809, 0.0, 0.0, 0.0, 0.0, 1.0],
                [1.0, -1e-06, 1e-06, -0.0, -0.0, 0.680279, 0.732953, 0.374726, -1e-06, -0.732953, 0.68028, 0.0, 0.0, 0.0, 0.0, 1.0],
                [1.0, -0.0, 1e-06, 0.0, -0.0, 0.680738, 0.732527, 0.374726, -1e-06, -0.732527, 0.680738, 0.0, 0.0, 0.0, 0.0, 1.0],
                [1.0, -1e-06, 1e-06, 0.0, -0.0, 0.681182, 0.732114, 0.374726, -1e-06, -0.732114, 0.681183, 0.0, 0.0, 0.0, 0.0, 1.0],
                [1.0, -1e-06, 1e-06, 0.0, -0.0, 0.681609, 0.731717, 0.374726, -1e-06, -0.731717, 0.681609, 0.0, 0.0, 0.0, 0.0, 1.0],
                [1.0, -1e-06, 1e-06, -0.0, -0.0, 0.682016, 0.731337, 0.374726, -1e-06, -0.731337, 0.682016, 0.0, 0.0, 0.0, 0.0, 1.0],
                [1.0, -1e-06, 1e-06, 0.0, -0.0, 0.682401, 0.730978, 0.374726, -1e-06, -0.730979, 0.682401, 0.0, 0.0, 0.0, 0.0, 1.0],
                [1.0, -1e-06, 1e-06, -0.0, -0.0, 0.68276, 0.730642, 0.374726, -1e-06, -0.730643, 0.682761, -0.0, 0.0, 0.0, 0.0, 1.0],
                [1.0, -1e-06, 1e-06, 0.0, -0.0, 0.683093, 0.730331, 0.374726, -1e-06, -0.730332, 0.683093, -0.0, 0.0, 0.0, 0.0, 1.0],
                [1.0, -1e-06, 1e-06, 0.0, -0.0, 0.683395, 0.730048, 0.374726, -1e-06, -0.730049, 0.683396, -0.0, 0.0, 0.0, 0.0, 1.0],
                [1.0, -0.0, 1e-06, -0.0, -0.0, 0.683666, 0.729795, 0.374726, -1e-06, -0.729795, 0.683666, 0.0, 0.0, 0.0, 0.0, 1.0],
                [1.0, -1e-06, 1e-06, 0.0, -0.0, 0.683902, 0.729574, 0.374726, -1e-06, -0.729574, 0.683902, 0.0, 0.0, 0.0, 0.0, 1.0],
                [1.0, -1e-06, 1e-06, 0.0, -0.0, 0.6841, 0.729388, 0.374726, -1e-06, -0.729388, 0.684101, 0.0, 0.0, 0.0, 0.0, 1.0],
                [1.0, -1e-06, 1e-06, -0.0, -0.0, 0.684259, 0.729239, 0.374726, -1e-06, -0.729239, 0.684259, 0.0, 0.0, 0.0, 0.0, 1.0],
                [1.0, -1e-06, 1e-06, -0.0, -0.0, 0.684375, 0.72913, 0.374726, -1e-06, -0.729131, 0.684375, -0.0, 0.0, 0.0, 0.0, 1.0],
                [1.0, -1e-06, 1e-06, 0.0, -0.0, 0.684447, 0.729062, 0.374726, -1e-06, -0.729063, 0.684447, 0.0, 0.0, 0.0, 0.0, 1.0],
                [1.0, -1e-06, 1e-06, -0.0, -0.0, 0.684471, 0.72904, 0.374726, -1e-06, -0.72904, 0.684471, 0.0, 0.0, 0.0, 0.0, 1.0]
            ]
        },
        {
            "name": "Knee_R",
            "time": [0.0, 1.3333],
            "transform": [
                [1.0, 0.0, -0.0, 0.0, -0.0, 0.00567, -0.999984, 0.404346, -0.0, 0.999984, 0.00567, -0.000168, 0.0, 0.0, 0.0, 1.0],
                [1.0, 0.0, -0.0, 0.0, -0.0, 0.00567, -0.999984, 0.404346, -0.0, 0.999984, 0.00567, -0.000168, 0.0, 0.0, 0.0, 1.0]
            ]
        },
        {
            "name": "Thigh_L",
            "time": [0.0, 0.0167, 0.0333, 0.05, 0.0667, 0.0833, 0.1, 0.1167, 0.1333, 0.15, 0.1667, 0.1833, 0.2, 0.2167, 0.2333, 0.25, 0.2667, 0.2833, 0.3, 0.3167, 0.3333, 0.35, 0.3667, 0.3833, 0.4, 0.4167, 0.4333, 0.45, 0.4667, 0.4833, 0.5, 0.5167, 0.5333, 0.55, 0.5667, 0.5833, 0.6, 0.6167, 0.6333, 0.65, 0.6667, 0.6833, 0.7, 0.7167, 0.7333, 0.75, 0.7667, 0.7833, 0.8, 0.8167, 0.8333, 0.85, 0.8667, 0.8833, 0.9, 0.9167, 0.9333, 0.95, 0.9667, 0.9833, 1.0, 1.0167, 1.0333, 1.05, 1.0667, 1.0833, 1.1, 1.1167, 1.1333, 1.15, 1.1667, 1.1833, 1.2, 1.2167, 1.2333, 1.25, 1.2667, 1.2833, 1.3, 1.3167, 1.3333],
            "transform": [
                [0.951911, -0.303438, -0.042316, -0.125006, -0.254926, -0.861079, 0.439951, -0.002831, -0.169935, -0.408007, -0.897024, -1.2e-05, 0.0, 0.0, 0.0, 1.0],
                [0.95191, -0.303442, -0.042309, -0.125006, -0.254927, -0.861064, 0.439979, -0.002831, -0.169939, -0.408035, -0.897011, -1.2e-05, 0.0, 0.0, 0.0, 1.0],
                [0.951908, -0.303453, -0.042288, -0.125006, -0.25493, -0.86102, 0.440063, -0.002831, -0.16995, -0.408119, -0.896971, -1.2e-05, 0.0, 0.0, 0.0, 1.0],
                [0.951903, -0.303471, -0.042255, -0.125006, -0.254934, -0.86095, 0.440198, -0.002831, -0.169967, -0.408254, -0.896906, -1.2e-05, 0.0, 0.0, 0.0, 1.0],
                [0.951898, -0.303495, -0.04221, -0.125006, -0.25494, -0.860854, 0.440382, -0.002831, -0.16999, -0.408438, -0.896818, -1.2e-05, 0.0, 0.0, 0.0, 1.0],
                [0.951891, -0.303525, -0.042153, -0.125006, -0.254947, -0.860734, 0.440613, -0.002831, -0.17002, -0.408668, -0.896707, -1.2e-05, 0.0, 0.0, 0.0, 1.0],
                [0.951882, -0.303561, -0.042086, -0.125006, -0.254955, -0.860592, 0.440885, -0.002831, -0.170054, -0.408941, -0.896576, -1.2e-05, 0.0, 0.0, 0.0, 1.0],
                [0.951872, -0.303603, -0.042009, -0.125006, -0.254965, -0.860429, 0.441198, -0.002831, -0.170094, -0.409254, -0.896426, -1.2e-05, 0.0, 0.0, 0.0, 1.0],
                [0.951861, -0.303649, -0.041922, -0.125006, -0.254976, -0.860246, 0.441548, -0.002831, -0.170139, -0.409604, -0.896258, -1.2e-05, 0.0, 0.0, 0.0, 1.0],
                [0.951849, -0.303699, -0.041828, -0.125006, -0.254988, -0.860045, 0.441932, -0.002831, -0.170188, -0.409987, -0.896073, -1.2e-05, 0.0, 0.0, 0.0, 1.0],
                [0.951836, -0.303754, -0.041726, -0.125006, -0.255001, -0.859828, 0.442346, -0.002831, -0.170242, -0.410401, -0.895873, -1.2e-05, 0.0, 0.0, 0.0, 1.0],
