{
    "animation": [
        {
            "name": "Root",
            "time": [0.0, 4.7917],
            "transform": [
                [1.0, -0.0, -0.0, 0.013722, -0.0, -0.0, -1.0, -0.025544, 0.0, 1.0, -0.0, 0.713206, 0.0, 0.0, 0.0, 1.0],
                [1.0, -0.0, -0.0, 0.013722, -0.0, -0.0, -1.0, -0.025544, 0.0, 1.0, -0.0, 0.713206, 0.0, 0.0, 0.0, 1.0]
            ]
        },
        {
            "name": "Thigh_R",
            "time": [0.0, 0.0417, 0.0833, 0.125, 0.1667, 0.2083, 0.25, 0.2917, 0.3333, 0.375, 0.4167, 0.4583, 0.5, 0.5417, 0.5833, 0.625, 0.6667, 0.7083, 0.75, 0.7917, 0.8333, 0.875, 0.9167, 0.9583, 1.0, 1.0417, 1.0833, 1.125, 1.1667, 1.2083, 1.25, 1.2917, 1.3333, 1.375, 1.4167, 1.4583, 1.5, 1.5417, 1.5833, 1.625, 1.6667, 1.7083, 1.75, 1.7917, 1.8333, 1.875, 1.9167, 1.9583, 2.0, 2.0417, 2.0833, 2.125, 2.1667, 2.2083, 2.25, 2.2917, 2.3333, 2.375, 2.4167, 2.4583, 2.5, 2.5417, 2.5833, 2.625, 2.6667, 2.7083, 2.75, 2.7917, 2.8333, 2.875, 2.9167, 2.9583, 3.0, 3.0417, 3.0833, 3.125, 3.1667, 3.2083, 3.25, 3.2917, 3.3333, 3.375, 3.4167, 3.4583, 3.5, 3.5417, 3.5833, 3.625, 3.6667, 3.7083, 3.75, 3.7917, 3.8333, 3.875, 3.9167, 3.9583, 4.0, 4.0417, 4.0833, 4.125, 4.1667, 4.2083, 4.25, 4.2917, 4.3333, 4.375, 4.4167, 4.4583, 4.5, 4.5417, 4.5833, 4.625, 4.6667, 4.7083, 4.75, 4.7917],
            "transform": [
                [0.532535, 0.23888, 0.812, 0.096351, 0.270994, -0.956968, 0.103803, 0.058238, 0.801856, 0.164768, -0.574354, 0.033027, 0.0, 0.0, 0.0, 1.0],
                [0.530429, 0.237915, 0.81366, 0.096351, 0.270648, -0.957106, 0.103423, 0.058238, 0.803368, 0.165356, -0.572067, 0.033027, 0.0, 0.0, 0.0, 1.0],
                [0.532091, 0.238083, 0.812525, 0.096351, 0.270672, -0.957124, 0.103202, 0.058238, 0.802259, 0.165015, -0.573719, 0.033027, 0.0, 0.0, 0.0, 1.0],
                [0.531893, 0.237678, 0.812773, 0.096351, 0.270502, -0.957205, 0.102893, 0.058238, 0.802447, 0.165129, -0.573423, 0.033027, 0.0, 0.0, 0.0, 1.0],
                [0.531708, 0.237212, 0.813031, 0.096351, 0.270312, -0.957299, 0.102525, 0.058238, 0.802634, 0.165259, -0.573124, 0.033027, 0.0, 0.0, 0.0, 1.0],
                [0.529597, 0.236263, 0.814683, 0.096351, 0.269924, -0.957443, 0.102197, 0.058238, 0.804158, 0.165779, -0.570832, 0.033027, 0.0, 0.0, 0.0, 1.0],
                [0.529351, 0.235854, 0.814961, 0.096351, 0.269747, -0.957525, 0.101901, 0.058238, 0.80438, 0.165893, -0.570487, 0.033027, 0.0, 0.0, 0.0, 1.0],
                [0.529159, 0.235405, 0.815215, 0.096351, 0.269587, -0.957609, 0.101534, 0.058238, 0.80456, 0.166044, -0.570188, 0.033028, 0.0, 0.0, 0.0, 1.0],
                [0.530874, 0.23555, 0.814057, 0.096351, 0.269642, -0.957623, 0.101249, 0.058238, 0.80341, 0.165754, -0.571891, 0.033027, 0.0, 0.0, 0.0, 1.0],
                [0.530594, 0.235088, 0.814373, 0.096351, 0.269449, -0.957713, 0.100912, 0.058238, 0.80366, 0.165889, -0.571501, 0.033027, 0.0, 0.0, 0.0, 1.0],
                [0.530377, 0.234637, 0.814645, 0.096351, 0.269288, -0.957797, 0.100548, 0.058238, 0.803858, 0.166046, -0.571177, 0.033027, 0.0, 0.0, 0.0, 1.0],
                [0.530106, 0.234224, 0.814941, 0.096351, 0.269111, -0.957877, 0.100254, 0.058238, 0.804096, 0.166165, -0.570808, 0.033027, 0.0, 0.0, 0.0, 1.0],
                [0.529889, 0.233774, 0.815211, 0.096351, 0.26895, -0.957961, 0.099891, 0.058238, 0.804292, 0.16632, -0.570485, 0.033027, 0.0, 0.0, 0.0, 1.0],
                [0.529657, 0.233337, 0.815486, 0.096351, 0.268785, -0.958042, 0.099552, 0.058238, 0.8045, 0.166462, -0.570151, 0.033027, 0.0, 0.0, 0.0, 1.0],
                [0.529397, 0.232841, 0.815798, 0.096351, 0.268629, -0.958128, 0.099143, 0.058238, 0.804724, 0.166661, -0.569777, 0.033027, 0.0, 0.0, 0.0, 1.0],
                [0.529171, 0.232477, 0.816048, 0.096351, 0.268447, -0.958204, 0.0989, 0.058238, 0.804934, 0.166731, -0.569461, 0.033027, 0.0, 0.0, 0.0, 1.0],
                [0.528938, 0.232044, 0.816322, 0.096351, 0.268285, -0.958285, 0.098562, 0.058238, 0.80514, 0.166873, -0.569126, 0.033027, 0.0, 0.0, 0.0, 1.0],
                [0.528721, 0.231615, 0.816584, 0.096351, 0.268146, -0.95836, 0.09821, 0.058238, 0.805328, 0.167039, -0.568811, 0.033027, 0.0, 0.0, 0.0, 1.0],
                [0.528467, 0.231196, 0.816868, 0.096351, 0.26791, -0.958452, 0.097946, 0.058238, 0.805573, 0.167086, -0.56845, 0.033027, 0.0, 0.0, 0.0, 1.0],
                [0.528235, 0.230781, 0.817135, 0.096351, 0.267767, -0.958527, 0.097618, 0.058238, 0.805774, 0.167237, -0.568122, 0.033027, 0.0, 0.0, 0.0, 1.0],
                [0.528015, 0.230377, 0.817391, 0.096351, 0.267595, -0.958605, 0.097318, 0.058238, 0.805974, 0.167345, -0.567805, 0.033027, 0.0, 0.0, 0.0, 1.0],
                [0.527798, 0.229953, 0.817651, 0.096351, 0.267392, -0.958692, 0.097016, 0.058238, 0.806184, 0.167429, -0.567483, 0.033027, 0.0, 0.0, 0.0, 1.0],
                [0.527622, 0.229615, 0.817859, 0.096351, 0.267237, -0.95876, 0.096772, 0.058238, 0.80635, 0.167504, -0.567224, 0.033027, 0.0, 0.0, 0.0, 1.0],
                [0.527409, 0.229168, 0.818122, 0.096351, 0.267067, -0.958843, 0.096419, 0.058237, 0.806546, 0.167642, -0.566905, 0.033028, 0.0, 0.0, 0.0, 1.0],
                [0.525714, 0.228359, 0.819437, 0.096351, 0.266641, -0.958985, 0.096184, 0.058238, 0.807792, 0.167931, -0.565041, 0.033028, 0.0, 0.0, 0.0, 1.0],
                [0.527077, 0.228474, 0.81853, 0.096351, 0.266669, -0.958999, 0.095967, 0.058238, 0.806895, 0.167695, -0.566393, 0.033028, 0.0, 0.0, 0.0, 1.0],
                [0.526945, 0.228163, 0.818701, 0.096351, 0.266484, -0.959071, 0.095765, 0.058238, 0.807042, 0.167708, -0.566179, 0.033027, 0.0, 0.0, 0.0, 1.0],
                [0.526754, 0.228021, 0.818863, 0.096351, 0.266584, -0.959062, 0.095574, 0.058238, 0.807133, 0.167952, -0.565976, 0.033028, 0.0, 0.0, 0.0, 1.0],
                [0.526595, 0.227886, 0.819004, 0.096351, 0.266712, -0.959047, 0.095366, 0.058237, 0.807196, 0.168219, -0.565809, 0.033027, 0.0, 0.0, 0.0, 1.0],
                [0.52641, 0.227848, 0.819133, 0.096351, 0.266813, -0.959026, 0.095295, 0.058238, 0.807283, 0.168391, -0.565633, 0.033027, 0.0, 0.0, 0.0, 1.0],
                [0.526263, 0.227714, 0.819265, 0.096351, 0.266878, -0.959024, 0.095129, 0.058238, 0.807357, 0.168581, -0.565471, 0.033028, 0.0, 0.0, 0.0, 1.0],
                [0.52608, 0.227684, 0.81939, 0.096351, 0.267004, -0.958996, 0.09505, 0.058238, 0.807434, 0.168777, -0.565301, 0.033028, 0.0, 0.0, 0.0, 1.0],
                [0.525935, 0.227613, 0.819503, 0.096351, 0.267082, -0.958985, 0.094948, 0.058238, 0.807504, 0.168938, -0.565154, 0.033028, 0.0, 0.0, 0.0, 1.0],
                [0.525801, 0.227502, 0.819621, 0.096351, 0.26717, -0.958976, 0.09479, 0.058238, 0.807562, 0.169137, -0.565012, 0.033028, 0.0, 0.0, 0.0, 1.0],
                [0.525634, 0.227538, 0.819718, 0.096351, 0.267255, -0.95895, 0.094813, 0.058238, 0.807642, 0.169237, -0.564867, 0.033027, 0.0, 0.0, 0.0, 1.0],
                [0.525511, 0.227429, 0.819826, 0.096351, 0.267345, -0.958941, 0.094652, 0.058238, 0.807693, 0.169436, -0.564735, 0.033027, 0.0, 0.0, 0.0, 1.0],
                [0.525344, 0.227342, 0.819958, 0.096351, 0.267402, -0.958935, 0.094552, 0.058238, 0.807783, 0.169586, -0.564562, 0.033028, 0.0, 0.0, 0.0, 1.0],
                [0.525162, 0.227283, 0.820091, 0.096351, 0.267536, -0.95891, 0.094434, 0.058238, 0.807857, 0.169812, -0.564388, 0.033027, 0.0, 0.0, 0.0, 1.0],
                [0.52504, 0.22727, 0.820172, 0.096351, 0.267575, -0.9589, 0.094422, 0.058238, 0.807923, 0.169883, -0.564272, 0.033028, 0.0, 0.0, 0.0, 1.0],
                [0.524942, 0.227162, 0.820265, 0.096351, 0.267668, -0.95889, 0.094255, 0.058238, 0.807956, 0.170081, -0.564166, 0.033027, 0.0, 0.0, 0.0, 1.0],
                [0.524771, 0.227187, 0.820367, 0.096351, 0.267783, -0.958859, 0.094246, 0.058238, 0.808028, 0.170223, -0.564018, 0.033027, 0.0, 0.0, 0.0, 1.0],
                [0.524635, 0.227098, 0.820479, 0.096351, 0.267894, -0.958843, 0.094098, 0.058238, 0.808079, 0.170435, -0.56388, 0.033028, 0.0, 0.0, 0.0, 1.0],
                [0.524513, 0.22705, 0.82057, 0.096351, 0.267905, -0.958843, 0.094064, 0.058238, 0.808155, 0.170498, -0.563753, 0.033028, 0.0, 0.0, 0.0, 1.0],
                [0.524385, 0.22698, 0.820671, 0.096351, 0.268039, -0.95882, 0.09392, 0.058238, 0.808194, 0.170722, -0.56363, 0.033027, 0.0, 0.0, 0.0, 1.0],
                [0.524274, 0.226976, 0.820743, 0.096351, 0.268132, -0.958798, 0.093878, 0.058238, 0.808235, 0.17085, -0.563531, 0.033028, 0.0, 0.0, 0.0, 1.0],
                [0.524181, 0.226906, 0.820822, 0.096351, 0.268238, -0.95878, 0.093746, 0.058238, 0.80826, 0.171035, -0.563439, 0.033028, 0.0, 0.0, 0.0, 1.0],
                [0.521749, 0.226157, 0.822576, 0.096351, 0.267919, -0.958876, 0.093694, 0.058238, 0.809938, 0.171499, -0.560883, 0.033027, 0.0, 0.0, 0.0, 1.0],
                [0.523566, 0.226582, 0.821304, 0.096351, 0.268315, -0.958787, 0.093466, 0.058238, 0.808633, 0.171432, -0.562783, 0.033027, 0.0, 0.0, 0.0, 1.0],
                [0.523395, 0.226594, 0.82141, 0.096351, 0.268405, -0.958762, 0.093459, 0.058238, 0.808714, 0.171555, -0.562629, 0.033028, 0.0, 0.0, 0.0, 1.0],
                [0.523245, 0.226539, 0.82152, 0.096351, 0.268478, -0.95875, 0.093381, 0.058238, 0.808786, 0.171699, -0.562481, 0.033028, 0.0, 0.0, 0.0, 1.0],
                [0.523142, 0.226494, 0.821598, 0.096351, 0.268581, -0.95873, 0.093283, 0.058238, 0.808819, 0.171866, -0.562383, 0.033027, 0.0, 0.0, 0.0, 1.0],
                [0.523056, 0.226408, 0.821677, 0.096351, 0.268631, -0.958727, 0.093169, 0.058238, 0.808858, 0.171996, -0.562288, 0.033027, 0.0, 0.0, 0.0, 1.0],
                [0.522959, 0.226347, 0.821755, 0.096351, 0.268729, -0.95871, 0.093055, 0.058238, 0.808889, 0.172166, -0.562191, 0.033027, 0.0, 0.0, 0.0, 1.0],
                [0.522878, 0.22625, 0.821833, 0.096351, 0.268773, -0.95871, 0.092931, 0.058238, 0.808926, 0.172296, -0.562098, 0.033027, 0.0, 0.0, 0.0, 1.0],
                [0.522891, 0.226216, 0.821835, 0.096351, 0.268866, -0.958695, 0.092823, 0.058238, 0.808888, 0.172428, -0.562113, 0.033028, 0.0, 0.0, 0.0, 1.0],
                [0.522925, 0.226092, 0.821847, 0.096351, 0.269011, -0.958679, 0.092569, 0.058238, 0.808816, 0.172679, -0.562138, 0.033028, 0.0, 0.0, 0.0, 1.0],
                [0.522926, 0.226111, 0.821841, 0.096351, 0.269079, -0.958663, 0.092543, 0.058238, 0.808793, 0.172747, -0.56215, 0.033027, 0.0, 0.0, 0.0, 1.0],
                [0.522936, 0.226108, 0.821836, 0.096351, 0.269117, -0.958655, 0.092511, 0.058237, 0.808774, 0.172792, -0.562164, 0.033027, 0.0, 0.0, 0.0, 1.0],
                [0.52294, 0.226121, 0.82183, 0.096351, 0.269176, -0.958641, 0.092483, 0.058238, 0.808752, 0.172854, -0.562177, 0.033027, 0.0, 0.0, 0.0, 1.0],
                [0.522929, 0.226164, 0.821825, 0.096351, 0.269281, -0.958613, 0.092464, 0.058238, 0.808724, 0.17295, -0.562187, 0.033028, 0.0, 0.0, 0.0, 1.0],
                [0.522973, 0.226037, 0.821832, 0.096351, 0.269371, -0.958609, 0.092243, 0.058238, 0.808667, 0.173137, -0.562213, 0.033027, 0.0, 0.0, 0.0, 1.0],
                [0.522983, 0.226023, 0.821829, 0.096351, 0.269455, -0.958593, 0.092166, 0.058238, 0.808631, 0.173245, -0.56223, 0.033028, 0.0, 0.0, 0.0, 1.0],
                [0.523007, 0.225976, 0.821827, 0.096351, 0.269512, -0.958587, 0.092064, 0.058238, 0.808597, 0.173343, -0.56225, 0.033028, 0.0, 0.0, 0.0, 1.0],
                [0.523024, 0.225944, 0.821825, 0.096351, 0.269592, -0.958574, 0.091967, 0.058238, 0.808559, 0.173457, -0.562269, 0.033027, 0.0, 0.0, 0.0, 1.0],
                [0.523025, 0.225965, 0.821819, 0.096351, 0.269683, -0.958552, 0.091929, 0.058238, 0.808529, 0.17355, -0.562284, 0.033027, 0.0, 0.0, 0.0, 1.0],
                [0.521548, 0.22543, 0.822904, 0.096351, 0.269516, -0.958612, 0.09179, 0.058238, 0.809538, 0.173913, -0.560718, 0.033028, 0.0, 0.0, 0.0, 1.0],
                [0.523187, 0.225933, 0.821724, 0.096351, 0.269835, -0.958526, 0.091745, 0.058238, 0.808372, 0.17373, -0.562453, 0.033027, 0.0, 0.0, 0.0, 1.0],
                [0.523315, 0.225949, 0.821639, 0.096351, 0.269932, -0.958507, 0.091664, 0.058238, 0.808258, 0.173817, -0.562591, 0.033027, 0.0, 0.0, 0.0, 1.0],
                [0.523459, 0.225925, 0.821553, 0.096351, 0.269981, -0.958503, 0.091565, 0.058238, 0.808147, 0.173874, -0.562732, 0.033028, 0.0, 0.0, 0.0, 1.0],
                [0.523595, 0.226045, 0.821433, 0.096351, 0.270085, -0.95847, 0.0916, 0.058238, 0.808025, 0.173896, -0.562901, 0.033028, 0.0, 0.0, 0.0, 1.0],
                [0.523775, 0.226017, 0.821326, 0.096352, 0.270193, -0.958454, 0.091445, 0.058238, 0.807872, 0.17402, -0.563082, 0.033028, 0.0, 0.0, 0.0, 1.0],
                [0.523953, 0.226036, 0.821208, 0.096351, 0.270198, -0.958455, 0.091419, 0.058238, 0.807755, 0.17399, -0.563259, 0.033028, 0.0, 0.0, 0.0, 1.0],
                [0.524135, 0.226026, 0.821095, 0.096351, 0.270329, -0.958433, 0.091272, 0.058238, 0.807594, 0.174127, -0.563448, 0.033027, 0.0, 0.0, 0.0, 1.0],
                [0.524292, 0.226113, 0.820969, 0.096351, 0.270405, -0.95841, 0.09128, 0.058238, 0.807465, 0.174138, -0.563628, 0.033028, 0.0, 0.0, 0.0, 1.0],
                [0.524463, 0.22617, 0.820845, 0.096351, 0.270454, -0.958397, 0.091269, 0.058238, 0.807339, 0.174134, -0.563811, 0.033027, 0.0, 0.0, 0.0, 1.0],
                [0.524655, 0.22619, 0.820717, 0.096351, 0.27051, -0.958388, 0.091206, 0.058238, 0.807196, 0.174161, -0.564008, 0.033028, 0.0, 0.0, 0.0, 1.0],
                [0.524819, 0.226276, 0.820588, 0.096351, 0.270641, -0.958354, 0.091173, 0.058238, 0.807045, 0.174236, -0.564201, 0.033027, 0.0, 0.0, 0.0, 1.0],
                [0.524996, 0.226372, 0.820448, 0.096351, 0.27068, -0.958339, 0.091213, 0.058238, 0.806916, 0.174194, -0.564397, 0.033027, 0.0, 0.0, 0.0, 1.0],
                [0.525185, 0.226417, 0.820315, 0.096351, 0.270761, -0.958321, 0.091162, 0.058238, 0.806766, 0.174233, -0.5646, 0.033027, 0.0, 0.0, 0.0, 1.0],
                [0.525366, 0.22649, 0.820178, 0.096351, 0.270833, -0.958302, 0.09115, 0.058238, 0.806624, 0.174245, -0.564799, 0.033027, 0.0, 0.0, 0.0, 1.0],
                [0.525551, 0.226559, 0.820041, 0.096351, 0.270881, -0.958288, 0.091151, 0.058238, 0.806487, 0.174229, -0.564999, 0.033027, 0.0, 0.0, 0.0, 1.0],
                [0.525744, 0.226636, 0.819896, 0.096351, 0.270953, -0.958269, 0.091142, 0.058238, 0.806338, 0.174237, -0.56521, 0.033027, 0.0, 0.0, 0.0, 1.0],
                [0.525937, 0.226709, 0.819752, 0.096351, 0.271027, -0.958249, 0.091127, 0.058238, 0.806187, 0.174248, -0.565421, 0.033027, 0.0, 0.0, 0.0, 1.0],
                [0.526138, 0.226821, 0.819592, 0.096351, 0.271065, -0.958233, 0.09118, 0.058238, 0.806042, 0.17419, -0.565646, 0.033027, 0.0, 0.0, 0.0, 1.0],
                [0.526322, 0.226974, 0.819431, 0.096351, 0.271154, -0.958202, 0.091249, 0.058238, 0.805892, 0.174167, -0.565867, 0.033027, 0.0, 0.0, 0.0, 1.0],
                [0.52651, 0.227038, 0.819293, 0.096351, 0.271199, -0.958189, 0.091246, 0.058237, 0.805755, 0.17415, -0.566067, 0.033027, 0.0, 0.0, 0.0, 1.0],
                [0.526666, 0.227192, 0.81915, 0.096351, 0.271285, -0.958157, 0.091325, 0.058238, 0.805624, 0.174126, -0.566262, 0.033027, 0.0, 0.0, 0.0, 1.0],
                [0.526864, 0.227316, 0.818989, 0.096351, 0.271293, -0.958146, 0.091415, 0.058238, 0.805492, 0.174023, -0.566481, 0.033027, 0.0, 0.0, 0.0, 1.0],
                [0.527049, 0.227462, 0.818828, 0.096351, 0.271357, -0.958121, 0.091494, 0.058238, 0.805349, 0.173974, -0.566699, 0.033027, 0.0, 0.0, 0.0, 1.0],
                [0.527224, 0.227701, 0.81865, 0.096351, 0.271425, -0.958084, 0.091681, 0.058238, 0.805211, 0.173866, -0.566928, 0.033027, 0.0, 0.0, 0.0, 1.0],
                [0.527412, 0.227921, 0.818467, 0.096351, 0.271408, -0.958067, 0.091904, 0.058238, 0.805093, 0.173668, -0.567155, 0.033027, 0.0, 0.0, 0.0, 1.0],
                [0.527603, 0.22815, 0.818281, 0.096351, 0.271417, -0.958044, 0.092117, 0.058238, 0.804966, 0.173494, -0.56739, 0.033027, 0.0, 0.0, 0.0, 1.0],
                [0.52777, 0.228443, 0.818091, 0.096351, 0.27147, -0.958004, 0.09238, 0.058238, 0.804838, 0.173332, -0.56762, 0.033027, 0.0, 0.0, 0.0, 1.0],
                [0.528003, 0.228802, 0.817841, 0.096351, 0.271452, -0.957973, 0.092755, 0.058238, 0.804692, 0.17303, -0.567919, 0.033027, 0.0, 0.0, 0.0, 1.0],
                [0.528239, 0.229138, 0.817594, 0.096351, 0.271466, -0.957937, 0.093079, 0.058238, 0.804532, 0.172781, -0.568222, 0.033027, 0.0, 0.0, 0.0, 1.0],
                [0.5284, 0.229549, 0.817374, 0.096351, 0.271427, -0.957902, 0.093548, 0.058238, 0.804439, 0.172427, -0.568461, 0.033027, 0.0, 0.0, 0.0, 1.0],
                [0.526695, 0.229357, 0.818528, 0.096351, 0.271243, -0.957922, 0.09388, 0.058238, 0.805619, 0.172574, -0.566743, 0.033027, 0.0, 0.0, 0.0, 1.0],
                [0.528802, 0.230365, 0.816885, 0.096351, 0.271474, -0.957808, 0.09437, 0.058238, 0.80416, 0.17186, -0.569028, 0.033027, 0.0, 0.0, 0.0, 1.0],
                [0.529011, 0.230825, 0.81662, 0.096351, 0.271453, -0.957765, 0.094872, 0.058238, 0.804029, 0.171486, -0.569326, 0.033027, 0.0, 0.0, 0.0, 1.0],
                [0.52921, 0.231238, 0.816374, 0.096351, 0.271418, -0.957729, 0.095332, 0.058238, 0.80391, 0.171129, -0.569601, 0.033027, 0.0, 0.0, 0.0, 1.0],
                [0.529464, 0.231746, 0.816065, 0.096351, 0.271394, -0.957682, 0.095882, 0.058238, 0.803752, 0.170709, -0.56995, 0.033027, 0.0, 0.0, 0.0, 1.0],
                [0.529682, 0.232146, 0.81581, 0.096351, 0.271354, -0.957648, 0.096325, 0.058238, 0.803621, 0.170352, -0.570241, 0.033027, 0.0, 0.0, 0.0, 1.0],
                [0.529931, 0.232697, 0.815491, 0.096351, 0.271319, -0.957596, 0.096935, 0.058238, 0.803468, 0.16989, -0.570594, 0.033027, 0.0, 0.0, 0.0, 1.0],
                [0.530121, 0.233217, 0.815219, 0.096351, 0.271286, -0.957546, 0.097522, 0.058238, 0.803354, 0.169459, -0.570883, 0.033027, 0.0, 0.0, 0.0, 1.0],
                [0.530325, 0.233724, 0.814941, 0.096351, 0.271258, -0.957497, 0.098087, 0.058238, 0.803229, 0.169041, -0.571183, 0.033027, 0.0, 0.0, 0.0, 1.0],
                [0.53056, 0.234291, 0.814624, 0.096351, 0.271219, -0.957442, 0.098723, 0.058238, 0.803086, 0.168564, -0.571524, 0.033027, 0.0, 0.0, 0.0, 1.0],
                [0.530761, 0.234747, 0.814363, 0.096351, 0.271229, -0.95739, 0.099203, 0.058238, 0.80295, 0.168227, -0.571814, 0.033027, 0.0, 0.0, 0.0, 1.0],
                [0.53103, 0.235249, 0.814042, 0.096351, 0.271147, -0.957352, 0.099785, 0.058238, 0.8028, 0.167737, -0.572169, 0.033027, 0.0, 0.0, 0.0, 1.0],
                [0.52931, 0.235223, 0.81517, 0.096351, 0.270895, -0.957364, 0.100356, 0.058238, 0.804021, 0.167707, -0.570461, 0.033027, 0.0, 0.0, 0.0, 1.0],
                [0.531463, 0.2363, 0.813455, 0.096351, 0.271088, -0.957246, 0.100957, 0.058238, 0.802534, 0.166864, -0.572798, 0.033027, 0.0, 0.0, 0.0, 1.0],
                [0.531668, 0.23681, 0.813173, 0.096351, 0.271062, -0.957194, 0.101526, 0.058238, 0.802407, 0.166442, -0.573098, 0.033027, 0.0, 0.0, 0.0, 1.0],
                [0.531874, 0.237227, 0.812917, 0.096351, 0.271084, -0.957142, 0.101951, 0.058238, 0.802263, 0.166144, -0.573387, 0.033027, 0.0, 0.0, 0.0, 1.0],
                [0.530202, 0.237218, 0.814011, 0.096351, 0.270846, -0.957149, 0.102516, 0.058238, 0.803448, 0.166118, -0.571732, 0.033027, 0.0, 0.0, 0.0, 1.0],
                [0.530422, 0.237689, 0.81373, 0.096351, 0.270762, -0.957113, 0.103077, 0.058238, 0.803332, 0.165653, -0.57203, 0.033027, 0.0, 0.0, 0.0, 1.0],
                [0.530635, 0.238114, 0.813467, 0.096351, 0.270662, -0.957085, 0.103597, 0.058238, 0.803226, 0.165202, -0.57231, 0.033027, 0.0, 0.0, 0.0, 1.0],
                [0.53277, 0.23901, 0.811807, 0.096351, 0.270816, -0.956995, 0.104026, 0.058238, 0.801759, 0.164429, -0.574584, 0.033027, 0.0, 0.0, 0.0, 1.0]
            ]
        },
        {
            "name": "Leg_R",
            "time": [0.0, 0.0417, 0.0833, 0.125, 0.1667, 0.2083, 0.25, 0.2917, 0.3333, 0.375, 0.4167, 0.4583, 0.5, 0.5417, 0.5833, 0.625, 0.6667, 0.7083, 0.75, 0.7917, 0.8333, 0.875, 0.9167, 0.9583, 1.0, 1.0417, 1.0833, 1.125, 1.1667, 1.2083, 1.25, 1.2917, 1.3333, 1.375, 1.4167, 1.4583, 1.5, 1.5417, 1.5833, 1.625, 1.6667, 1.7083, 1.75, 1.7917, 1.8333, 1.875, 1.9167, 1.9583, 2.0, 2.0417, 2.0833, 2.125, 2.1667, 2.2083, 2.25, 2.2917, 2.3333, 2.375, 2.4167, 2.4583, 2.5, 2.5417, 2.5833, 2.625, 2.6667, 2.7083, 2.75, 2.7917, 2.8333, 2.875, 2.9167, 2.9583, 3.0, 3.0417, 3.0833, 3.125, 3.1667, 3.2083, 3.25, 3.2917, 3.3333, 3.375, 3.4167, 3.4583, 3.5, 3.5417, 3.5833, 3.625, 3.6667, 3.7083, 3.75, 3.7917, 3.8333, 3.875, 3.9167, 3.9583, 4.0, 4.0417, 4.0833, 4.125, 4.1667, 4.2083, 4.25, 4.2917, 4.3333, 4.375, 4.4167, 4.4583, 4.5, 4.5417, 4.5833, 4.625, 4.6667, 4.7083, 4.75, 4.7917],
            "transform": [
                [0.999999, -0.0, 0.0, 0.0, 0.0, 0.932202, 0.361941, 0.37472, -0.0, -0.361942, 0.932201, 0.0, 0.0, 0.0, 0.0, 1.0],
                [0.999999, -0.0, 0.0, 0.0, 0.0, 0.93226, 0.361791, 0.37472, -0.0, -0.361791, 0.932259, -0.0, 0.0, 0.0, 0.0, 1.0],
                [0.999999, -0.0, 0.0, -0.0, 0.0, 0.932319, 0.361641, 0.37472, -0.0, -0.361641, 0.932317, 0.0, 0.0, 0.0, 0.0, 1.0],
                [0.999999, -0.0, 0.0, -0.0, 0.0, 0.932377, 0.36149, 0.37472, -0.0, -0.361491, 0.932376, -0.0, 0.0, 0.0, 0.0, 1.0],
                [0.999999, -0.0, 0.0, -0.0, 0.0, 0.932435, 0.36134, 0.37472, -0.0, -0.36134, 0.932434, -0.0, 0.0, 0.0, 0.0, 1.0],
                [0.999998, -0.0, 0.0, 0.0, 0.0, 0.932493, 0.361189, 0.37472, -0.0, -0.361189, 0.932493, -0.0, 0.0, 0.0, 0.0, 1.0],
                [0.999999, -0.0, 0.0, 0.0, 0.0, 0.93256, 0.361015, 0.37472, -0.0, -0.361015, 0.93256, 0.0, 0.0, 0.0, 0.0, 1.0],
                [0.999999, -0.0, 0.0, 0.0, 0.0, 0.932628, 0.360842, 0.37472, -0.0, -0.360842, 0.932627, 0.0, 0.0, 0.0, 0.0, 1.0],
                [0.999999, -0.0, 0.0, 0.0, 0.0, 0.932695, 0.360668, 0.37472, -0.0, -0.360668, 0.932695, -0.0, 0.0, 0.0, 0.0, 1.0],
                [0.999999, -0.0, -0.0, 0.0, 0.0, 0.932762, 0.360494, 0.37472, -0.0, -0.360494, 0.932762, 0.0, 0.0, 0.0, 0.0, 1.0],
                [0.999999, -0.0, 0.0, -0.0, 0.0, 0.932829, 0.36032, 0.37472, -0.0, -0.36032, 0.932829, 0.0, 0.0, 0.0, 0.0, 1.0],
                [0.999998, -0.0, 0.0, -0.0, 0.0, 0.932896, 0.360146, 0.37472, -0.0, -0.360147, 0.932895, 0.0, 0.0, 0.0, 0.0, 1.0],
                [0.999998, -0.0, 0.0, -0.0, 0.0, 0.932963, 0.359973, 0.37472, -0.0, -0.359973, 0.932963, 0.0, 0.0, 0.0, 0.0, 1.0],
                [0.999999, -0.0, 0.0, -0.0, 0.0, 0.933031, 0.359799, 0.37472, -0.0, -0.3598, 0.93303, -0.0, 0.0, 0.0, 0.0, 1.0],
                [0.999999, -0.0, 0.0, 0.0, 0.0, 0.933103, 0.359611, 0.37472, -0.0, -0.359611, 0.933102, -0.0, 0.0, 0.0, 0.0, 1.0],
                [0.999999, -0.0, 0.0, -0.0, 0.0, 0.933176, 0.359422, 0.37472, -0.0, -0.359423, 0.933175, -0.0, 0.0, 0.0, 0.0, 1.0],
                [0.999999, -0.0, 0.0, 0.0, 0.0, 0.933248, 0.359234, 0.37472, -0.0, -0.359234, 0.933248, -0.0, 0.0, 0.0, 0.0, 1.0],
                [0.999999, -0.0, 0.0, 0.0, 0.0, 0.933321, 0.359046, 0.37472, -0.0, -0.359046, 0.933321, 0.0, 0.0, 0.0, 0.0, 1.0],
                [0.999999, -0.0, 0.0, -0.0, 0.0, 0.933374, 0.358907, 0.37472, -0.0, -0.358907, 0.933374, 0.0, 0.0, 0.0, 0.0, 1.0],
                [0.999998, -0.0, 0.0, -0.0, 0.0, 0.933428, 0.358768, 0.37472, -0.0, -0.358768, 0.933427, -0.0, 0.0, 0.0, 0.0, 1.0],
                [0.999999, -0.0, -0.0, -0.0, 0.0, 0.933481, 0.358629, 0.37472, -0.0, -0.358629, 0.933481, 0.0, 0.0, 0.0, 0.0, 1.0],
                [0.999999, -0.0, 0.0, -0.0, 0.0, 0.933535, 0.35849, 0.37472, -0.0, -0.35849, 0.933535, 0.0, 0.0, 0.0, 0.0, 1.0],
                [0.999998, -0.0, 0.0, 0.0, 0.0, 0.933588, 0.358351, 0.37472, -0.0, -0.358351, 0.933587, -0.0, 0.0, 0.0, 0.0, 1.0],
                [0.999999, -0.0, 0.0, -0.0, 0.0, 0.933575, 0.358384, 0.37472, -0.0, -0.358384, 0.933574, -0.0, 0.0, 0.0, 0.0, 1.0],
                [0.999999, -0.0, 0.0, 0.0, 0.0, 0.933562, 0.358417, 0.37472, -0.0, -0.358417, 0.933562, -0.0, 0.0, 0.0, 0.0, 1.0],
                [0.999998, -0.0, 0.0, 0.0, 0.0, 0.93355, 0.35845, 0.37472, -0.0, -0.35845, 0.933549, -0.0, 0.0, 0.0, 0.0, 1.0],
                [0.999999, -0.0, 0.0, 0.0, 0.0, 0.933537, 0.358483, 0.37472, -0.0, -0.358483, 0.933536, 0.0, 0.0, 0.0, 0.0, 1.0],
                [0.999999, -0.0, -0.0, -0.0, 0.0, 0.933524, 0.358516, 0.37472, -0.0, -0.358516, 0.933524, 0.0, 0.0, 0.0, 0.0, 1.0],
                [0.999999, -0.0, 0.0, -0.0, 0.0, 0.933512, 0.358549, 0.37472, -0.0, -0.358549, 0.933511, -0.0, 0.0, 0.0, 0.0, 1.0],
                [0.999999, -0.0, 0.0, -0.0, 0.0, 0.933499, 0.358582, 0.37472, -0.0, -0.358582, 0.933498, 0.0, 0.0, 0.0, 0.0, 1.0],
                [0.999999, -0.0, 0.0, -0.0, 0.0, 0.933486, 0.358615, 0.37472, -0.0, -0.358616, 0.933486, -0.0, 0.0, 0.0, 0.0, 1.0],
                [0.999999, -0.0, 0.0, -0.0, 0.0, 0.933473, 0.358649, 0.37472, -0.0, -0.358649, 0.933473, -0.0, 0.0, 0.0, 0.0, 1.0],
                [0.999999, -0.0, -0.0, 0.0, 0.0, 0.933461, 0.358682, 0.37472, -0.0, -0.358682, 0.93346, -0.0, 0.0, 0.0, 0.0, 1.0],
                [0.999999, -0.0, 0.0, -0.0, 0.0, 0.933448, 0.358715, 0.37472, -0.0, -0.358715, 0.933447, -0.0, 0.0, 0.0, 0.0, 1.0],
                [0.999999, -0.0, 0.0, 0.0, 0.0, 0.933435, 0.358748, 0.37472, -0.0, -0.358748, 0.933434, 0.0, 0.0, 0.0, 0.0, 1.0],
                [0.999999, -0.0, 0.0, -0.0, 0.0, 0.933423, 0.358781, 0.37472, -0.0, -0.358781, 0.933422, -0.0, 0.0, 0.0, 0.0, 1.0],
                [0.999999, -0.0, 0.0, 0.0, -0.0, 0.93341, 0.358814, 0.37472, -0.0, -0.358814, 0.933409, 0.0, 0.0, 0.0, 0.0, 1.0],
                [0.999999, -0.0, 0.0, -0.0, 0.0, 0.933397, 0.358847, 0.37472, -0.0, -0.358848, 0.933396, -0.0, 0.0, 0.0, 0.0, 1.0],
                [0.999999, -0.0, 0.0, 0.0, 0.0, 0.933384, 0.35888, 0.37472, -0.0, -0.358881, 0.933384, 0.0, 0.0, 0.0, 0.0, 1.0],
                [0.999999, -0.0, 0.0, 0.0, 0.0, 0.933372, 0.358913, 0.37472, -0.0, -0.358914, 0.933371, -0.0, 0.0, 0.0, 0.0, 1.0],
                [0.999999, -0.0, 0.0, -0.0, 0.0, 0.933359, 0.358946, 0.37472, -0.0, -0.358947, 0.933359, 0.0, 0.0, 0.0, 0.0, 1.0],
                [0.999998, -0.0, 0.0, -0.0, 0.0, 0.933346, 0.358979, 0.37472, -0.0, -0.358979, 0.933346, 0.0, 0.0, 0.0, 0.0, 1.0],
                [0.999999, -0.0, 0.0, -0.0, 0.0, 0.933334, 0.359013, 0.37472, -0.0, -0.359013, 0.933333, 0.0, 0.0, 0.0, 0.0, 1.0],
                [0.999999, -0.0, 0.0, 0.0, 0.0, 0.933321, 0.359046, 0.37472, -0.0, -0.359046, 0.933321, 0.0, 0.0, 0.0, 0.0, 1.0],
                [0.999999, -0.0, 0.0, -0.0, 0.0, 0.933267, 0.359185, 0.37472, -0.0, -0.359185, 0.933266, -0.0, 0.0, 0.0, 0.0, 1.0],
                [0.999998, -0.0, 0.0, 0.0, 0.0, 0.933213, 0.359324, 0.37472, -0.0, -0.359324, 0.933213, -0.0, 0.0, 0.0, 0.0, 1.0],
                [0.999999, -0.0, 0.0, -0.0, 0.0, 0.93316, 0.359463, 0.37472, -0.0, -0.359463, 0.933159, 0.0, 0.0, 0.0, 0.0, 1.0],
                [0.999998, -0.0, -0.0, -0.0, 0.0, 0.933107, 0.359602, 0.37472, 0.0, -0.359602, 0.933106, -0.0, 0.0, 0.0, 0.0, 1.0],
                [0.999999, -0.0, 0.0, 0.0, 0.0, 0.933053, 0.359741, 0.37472, -0.0, -0.359741, 0.933052, -0.0, 0.0, 0.0, 0.0, 1.0],
                [0.999998, -0.0, -0.0, 0.0, 0.0, 0.932986, 0.359915, 0.37472, -0.0, -0.359915, 0.932985, -0.0, 0.0, 0.0, 0.0, 1.0],
                [0.999999, -0.0, 0.0, 0.0, 0.0, 0.932919, 0.360089, 0.37472, -0.0, -0.360089, 0.932918, -0.0, 0.0, 0.0, 0.0, 1.0],
                [0.999999, -0.0, 0.0, 0.0, 0.0, 0.932852, 0.360263, 0.37472, -0.0, -0.360263, 0.932852, -0.0, 0.0, 0.0, 0.0, 1.0],
                [0.999999, -0.0, 0.0, -0.0, 0.0, 0.932785, 0.360436, 0.37472, -0.0, -0.360436, 0.932784, -0.0, 0.0, 0.0, 0.0, 1.0],
                [0.999999, -0.0, 0.0, 0.0, 0.0, 0.932718, 0.36061, 0.37472, -0.0, -0.36061, 0.932717, -0.0, 0.0, 0.0, 0.0, 1.0],
                [0.999999, -0.0, 0.0, 0.0, 0.0, 0.93265, 0.360784, 0.37472, -0.0, -0.360784, 0.93265, -0.0, 0.0, 0.0, 0.0, 1.0],
                [0.999998, -0.0, 0.0, 0.0, 0.0, 0.932583, 0.360957, 0.37472, -0.0, -0.360958, 0.932583, -0.0, 0.0, 0.0, 0.0, 1.0],
                [0.999998, -0.0, 0.0, -0.0, 0.0, 0.932516, 0.361131, 0.37472, -0.0, -0.361131, 0.932516, -0.0, 0.0, 0.0, 0.0, 1.0],
                [0.999998, -0.0, 0.0, -0.0, 0.0, 0.932449, 0.361305, 0.37472, -0.0, -0.361305, 0.932448, 0.0, 0.0, 0.0, 0.0, 1.0],
                [0.999998, -0.0, 0.0, 0.0, 0.0, 0.932382, 0.361478, 0.37472, -0.0, -0.361479, 0.93238, -0.0, 0.0, 0.0, 0.0, 1.0],
                [0.999999, -0.0, -0.0, 0.0, 0.0, 0.932314, 0.361652, 0.37472, 0.0, -0.361652, 0.932314, 0.0, 0.0, 0.0, 0.0, 1.0],
                [0.999999, -0.0, 0.0, 0.0, 0.0, 0.932246, 0.361826, 0.37472, -0.0, -0.361826, 0.932246, 0.0, 0.0, 0.0, 0.0, 1.0],
                [0.999999, -0.0, 0.0, -0.0, 0.0, 0.932179, 0.361999, 0.37472, -0.0, -0.361999, 0.932178, -0.0, 0.0, 0.0, 0.0, 1.0],
                [0.999999, -0.0, 0.0, 0.0, 0.0, 0.932122, 0.36215, 0.37472, -0.0, -0.36215, 0.932121, -0.0, 0.0, 0.0, 0.0, 1.0],
                [0.999999, -0.0, 0.0, 0.0, 0.0, 0.932062, 0.3623, 0.37472, -0.0, -0.362301, 0.932061, 0.0, 0.0, 0.0, 0.0, 1.0],
                [0.999999, -0.0, 0.0, 0.0, 0.0, 0.932004, 0.362451, 0.37472, -0.0, -0.362451, 0.932003, -0.0, 0.0, 0.0, 0.0, 1.0],
                [0.999999, -0.0, 0.0, -0.0, 0.0, 0.931945, 0.362601, 0.37472, -0.0, -0.362602, 0.931945, 0.0, 0.0, 0.0, 0.0, 1.0],
                [0.999999, -0.0, 0.0, -0.0, 0.0, 0.931886, 0.362752, 0.37472, -0.0, -0.362752, 0.931886, -0.0, 0.0, 0.0, 0.0, 1.0],
                [0.999999, -0.0, 0.0, 0.0, 0.0, 0.931828, 0.362902, 0.37472, -0.0, -0.362902, 0.931828, 0.0, 0.0, 0.0, 0.0, 1.0],
                [0.999998, -0.0, -0.0, -0.0, 0.0, 0.93177, 0.363052, 0.37472, -0.0, -0.363053, 0.931768, 0.0, 0.0, 0.0, 0.0, 1.0],
                [0.999999, -0.0, 0.0, -0.0, 0.0, 0.931711, 0.363203, 0.37472, -0.0, -0.363203, 0.93171, -0.0, 0.0, 0.0, 0.0, 1.0],
                [0.999999, -0.0, 0.0, -0.0, -0.0, 0.931652, 0.363353, 0.37472, -0.0, -0.363354, 0.931651, 0.0, 0.0, 0.0, 0.0, 1.0],
                [0.999999, -0.0, -0.0, 0.0, 0.0, 0.931593, 0.363504, 0.37472, -0.0, -0.363504, 0.931593, -0.0, 0.0, 0.0, 0.0, 1.0],
                [0.999999, -0.0, 0.0, 0.0, 0.0, 0.931548, 0.36362, 0.37472, -0.0, -0.36362, 0.931548, 0.0, 0.0, 0.0, 0.0, 1.0],
                [0.999999, -0.0, 0.0, -0.0, 0.0, 0.931503, 0.363735, 0.37472, -0.0, -0.363736, 0.931502, -0.0, 0.0, 0.0, 0.0, 1.0],
                [0.999999, -0.0, 0.0, -0.0, 0.0, 0.931458, 0.363851, 0.37472, -0.0, -0.363851, 0.931457, 0.0, 0.0, 0.0, 0.0, 1.0],
                [0.999999, -0.0, 0.0, 0.0, 0.0, 0.931412, 0.363967, 0.37472, -0.0, -0.363967, 0.931412, 0.0, 0.0, 0.0, 0.0, 1.0],
                [0.999999, -0.0, 0.0, -0.0, 0.0, 0.931368, 0.364082, 0.37472, -0.0, -0.364083, 0.931366, 0.0, 0.0, 0.0, 0.0, 1.0],
                [0.999999, -0.0, 0.0, 0.0, 0.0, 0.931323, 0.364198, 0.37472, -0.0, -0.364199, 0.931321, -0.0, 0.0, 0.0, 0.0, 1.0],
                [0.999999, -0.0, 0.0, 0.0, 0.0, 0.931292, 0.364274, 0.37472, -0.0, -0.364274, 0.931292, 0.0, 0.0, 0.0, 0.0, 1.0],
                [0.999999, -0.0, 0.0, 0.0, -0.0, 0.931264, 0.364349, 0.37472, -0.0, -0.364349, 0.931262, -0.0, 0.0, 0.0, 0.0, 1.0],
                [0.999999, -0.0, -0.0, 0.0, 0.0, 0.931234, 0.364424, 0.37472, -0.0, -0.364424, 0.931233, -0.0, 0.0, 0.0, 0.0, 1.0],
                [0.999999, -0.0, 0.0, -0.0, 0.0, 0.931205, 0.364499, 0.37472, -0.0, -0.3645, 0.931204, 0.0, 0.0, 0.0, 0.0, 1.0],
                [0.999999, -0.0, 0.0, 0.0, 0.0, 0.931175, 0.364574, 0.37472, -0.0, -0.364574, 0.931174, 0.0, 0.0, 0.0, 0.0, 1.0],
                [0.999999, -0.0, -0.0, 0.0, 0.0, 0.931146, 0.36465, 0.37472, -0.0, -0.36465, 0.931145, -0.0, 0.0, 0.0, 0.0, 1.0],
                [0.999999, -0.0, 0.0, 0.0, 0.0, 0.931117, 0.364725, 0.37472, -0.0, -0.364725, 0.931115, 0.0, 0.0, 0.0, 0.0, 1.0],
                [0.999999, -0.0, 0.0, 0.0, 0.0, 0.931086, 0.3648, 0.37472, -0.0, -0.3648, 0.931086, 0.0, 0.0, 0.0, 0.0, 1.0],
                [0.999999, -0.0, 0.0, 0.0, 0.0, 0.931058, 0.364875, 0.37472, -0.0, -0.364875, 0.931056, 0.0, 0.0, 0.0, 0.0, 1.0],
                [0.999999, -0.0, 0.0, 0.0, 0.0, 0.931028, 0.36495, 0.37472, -0.0, -0.364951, 0.931027, 0.0, 0.0, 0.0, 0.0, 1.0],
                [0.999999, -0.0, 0.0, 0.0, 0.0, 0.931053, 0.364888, 0.37472, -0.0, -0.364888, 0.931052, 0.0, 0.0, 0.0, 0.0, 1.0],
                [0.999999, -0.0, 0.0, 0.0, 0.0, 0.931077, 0.364826, 0.37472, -0.0, -0.364826, 0.931076, 0.0, 0.0, 0.0, 0.0, 1.0],
                [0.999999, -0.0, 0.0, -0.0, 0.0, 0.931101, 0.364763, 0.37472, -0.0, -0.364764, 0.9311, -0.0, 0.0, 0.0, 0.0, 1.0],
                [0.999999, -0.0, -0.0, -0.0, 0.0, 0.931126, 0.364701, 0.37472, -0.0, -0.364701, 0.931125, 0.0, 0.0, 0.0, 0.0, 1.0],
                [0.999999, -0.0, 0.0, 0.0, 0.0, 0.93115, 0.364639, 0.37472, -0.0, -0.364639, 0.931149, -0.0, 0.0, 0.0, 0.0, 1.0],
                [0.999999, -0.0, 0.0, -0.0, 0.0, 0.931175, 0.364576, 0.37472, -0.0, -0.364577, 0.931173, -0.0, 0.0, 0.0, 0.0, 1.0],
                [0.999999, -0.0, 0.0, -0.0, 0.0, 0.931199, 0.364514, 0.37472, -0.0, -0.364514, 0.931198, 0.0, 0.0, 0.0, 0.0, 1.0],
                [0.999999, -0.0, -0.0, -0.0, 0.0, 0.931223, 0.364452, 0.37472, -0.0, -0.364452, 0.931223, 0.0, 0.0, 0.0, 0.0, 1.0],
                [0.999999, -0.0, 0.0, -0.0, 0.0, 0.931247, 0.36439, 0.37472, -0.0, -0.36439, 0.931246, -0.0, 0.0, 0.0, 0.0, 1.0],
                [0.999999, -0.0, 0.0, 0.0, 0.0, 0.931272, 0.364327, 0.37472, -0.0, -0.364327, 0.931271, 0.0, 0.0, 0.0, 0.0, 1.0],
                [0.999999, -0.0, 0.0, -0.0, 0.0, 0.931296, 0.364265, 0.37472, -0.0, -0.364265, 0.931296, -0.0, 0.0, 0.0, 0.0, 1.0],
                [0.999999, 0.0, 0.0, -0.0, 0.0, 0.931321, 0.364203, 0.37472, -0.0, -0.364203, 0.931319, -0.0, 0.0, 0.0, 0.0, 1.0],
                [0.999999, -0.0, 0.0, -0.0, 0.0, 0.931345, 0.36414, 0.37472, -0.0, -0.364141, 0.931343, 0.0, 0.0, 0.0, 0.0, 1.0],
                [0.999999, -0.0, -0.0, -0.0, 0.0, 0.931401, 0.363996, 0.37472, -0.0, -0.363996, 0.9314, 0.0, 0.0, 0.0, 0.0, 1.0],
                [0.999999, -0.0, 0.0, -0.0, 0.0, 0.931458, 0.363851, 0.37472, -0.0, -0.363852, 0.931457, 0.0, 0.0, 0.0, 0.0, 1.0],
                [0.999999, -0.0, 0.0, 0.0, 0.0, 0.931514, 0.363707, 0.37472, -0.0, -0.363707, 0.931514, 0.0, 0.0, 0.0, 0.0, 1.0],
                [0.999999, -0.0, 0.0, 0.0, 0.0, 0.931571, 0.363562, 0.37472, -0.0, -0.363562, 0.93157, 0.0, 0.0, 0.0, 0.0, 1.0],
                [0.999999, -0.0, 0.0, 0.0, 0.0, 0.931628, 0.363418, 0.37472, -0.0, -0.363418, 0.931626, 0.0, 0.0, 0.0, 0.0, 1.0],
                [0.999999, -0.0, 0.0, -0.0, 0.0, 0.931684, 0.363272, 0.37472, -0.0, -0.363273, 0.931683, 0.0, 0.0, 0.0, 0.0, 1.0],
                [0.999999, -0.0, -0.0, 0.0, 0.0, 0.931742, 0.363123, 0.37472, -0.0, -0.363123, 0.931741, 0.0, 0.0, 0.0, 0.0, 1.0],
                [0.999999, -0.0, -0.0, -0.0, 0.0, 0.931801, 0.362971, 0.37472, -0.0, -0.362972, 0.9318, 0.0, 0.0, 0.0, 0.0, 1.0],
                [0.999999, -0.0, 0.0, 0.0, 0.0, 0.93186, 0.362822, 0.37472, -0.0, -0.362822, 0.931858, -0.0, 0.0, 0.0, 0.0, 1.0],
                [0.999999, -0.0, 0.0, -0.0, 0.0, 0.931918, 0.362671, 0.37472, -0.0, -0.362671, 0.931917, 0.0, 0.0, 0.0, 0.0, 1.0],
                [0.999999, -0.0, 0.0, 0.0, 0.0, 0.931977, 0.36252, 0.37472, -0.0, -0.362521, 0.931976, -0.0, 0.0, 0.0, 0.0, 1.0],
                [0.999998, -0.0, 0.0, 0.0, 0.0, 0.931979, 0.362517, 0.37472, -0.0, -0.362517, 0.931978, 0.0, 0.0, 0.0, 0.0, 1.0],
                [0.999999, -0.0, 0.0, 0.0, 0.0, 0.93198, 0.362513, 0.37472, -0.0, -0.362513, 0.931978, -0.0, 0.0, 0.0, 0.0, 1.0],
                [0.999999, -0.0, -0.0, -0.0, 0.0, 0.931981, 0.362509, 0.37472, -0.0, -0.36251, 0.93198, 0.0, 0.0, 0.0, 0.0, 1.0],
                [0.999999, -0.0, 0.0, 0.0, 0.0, 0.931983, 0.362505, 0.37472, -0.0, -0.362506, 0.931982, 0.0, 0.0, 0.0, 0.0, 1.0]
            ]
        },
        {
            "name": "Knee_R",
            "time": [0.0, 4.7917],
            "transform": [
                [1.0, 0.0, -0.0, 0.0, -0.0, 1e-06, -1.0, 0.37472, -0.0, 1.0, 1e-06, 0.0, 0.0, 0.0, 0.0, 1.0],
                [1.0, 0.0, -0.0, 0.0, -0.0, 1e-06, -1.0, 0.37472, -0.0, 1.0, 1e-06, 0.0, 0.0, 0.0, 0.0, 1.0]
            ]
        },
        {
            "name": "Thigh_L",
            "time": [0.0, 0.0417, 0.0833, 0.125, 0.1667, 0.2083, 0.25, 0.2917, 0.3333, 0.375, 0.4167, 0.4583, 0.5, 0.5417, 0.5833, 0.625, 0.6667, 0.7083, 0.75, 0.7917, 0.8333, 0.875, 0.9167, 0.9583, 1.0, 1.0417, 1.0833, 1.125, 1.1667, 1.2083, 1.25, 1.2917, 1.3333, 1.375, 1.4167, 1.4583, 1.5, 1.5417, 1.5833, 1.625, 1.6667, 1.7083, 1.75, 1.7917, 1.8333, 1.875, 1.9167, 1.9583, 2.0, 2.0417, 2.0833, 2.125, 2.1667, 2.2083, 2.25, 2.2917, 2.3333, 2.375, 2.4167, 2.4583, 2.5, 2.5417, 2.5833, 2.625, 2.6667, 2.7083, 2.75, 2.7917, 2.8333, 2.875, 2.9167, 2.9583, 3.0, 3.0417, 3.0833, 3.125, 3.1667, 3.2083, 3.25, 3.2917, 3.3333, 3.375, 3.4167, 3.4583, 3.5, 3.5417, 3.5833, 3.625, 3.6667, 3.7083, 3.75, 3.7917, 3.8333, 3.875, 3.9167, 3.9583, 4.0, 4.0417, 4.0833, 4.125, 4.1667, 4.2083, 4.25, 4.2917, 4.3333, 4.375, 4.4167, 4.4583, 4.5, 4.5417, 4.5833, 4.625, 4.6667, 4.7083, 4.75, 4.7917],
            "transform": [
                [0.893866, -0.048208, 0.445731, -0.128579, -0.214018, -0.919493, 0.329746, 0.048184, 0.393949, -0.390144, -0.832221, -0.046041, 0.0, 0.0, 0.0, 1.0],
                [0.892901, -0.048471, 0.447633, -0.128579, -0.214639, -0.919776, 0.32855, 0.048184, 0.395795, -0.389443, -0.831673, -0.046041, 0.0, 0.0, 0.0, 1.0],
                [0.893916, -0.050451, 0.445382, -0.128579, -0.21492, -0.920218, 0.327126, 0.048184, 0.393343, -0.388146, -0.833441, -0.046041, 0.0, 0.0, 0.0, 1.0],
                [0.893941, -0.051585, 0.445203, -0.12858, -0.215384, -0.920575, 0.325814, 0.048184, 0.393034, -0.387149, -0.83405, -0.046041, 0.0, 0.0, 0.0, 1.0],
                [0.893944, -0.052902, 0.445042, -0.128579, -0.215951, -0.920976, 0.324302, 0.048183, 0.392715, -0.386017, -0.834725, -0.046041, 0.0, 0.0, 0.0, 1.0],
                [0.892972, -0.053351, 0.446934, -0.12858, -0.216665, -0.921293, 0.322924, 0.048184, 0.394526, -0.385199, -0.834248, -0.046041, 0.0, 0.0, 0.0, 1.0],
                [0.892987, -0.054656, 0.446748, -0.12858, -0.217204, -0.921698, 0.321402, 0.048184, 0.394198, -0.384045, -0.834935, -0.046041, 0.0, 0.0, 0.0, 1.0],
                [0.892999, -0.055971, 0.44656, -0.128579, -0.217749, -0.922103, 0.319866, 0.048184, 0.39387, -0.38288, -0.835625, -0.046041, 0.0, 0.0, 0.0, 1.0],
                [0.893996, -0.058093, 0.444289, -0.128579, -0.218096, -0.92259, 0.318221, 0.048183, 0.391408, -0.381387, -0.837463, -0.046041, 0.0, 0.0, 0.0, 1.0],
                [0.893995, -0.059457, 0.44411, -0.128579, -0.21868, -0.922998, 0.316636, 0.048184, 0.391085, -0.38019, -0.838158, -0.046041, 0.0, 0.0, 0.0, 1.0],
                [0.893988, -0.060805, 0.443942, -0.128579, -0.219249, -0.923408, 0.31504, 0.048184, 0.390782, -0.378977, -0.838847, -0.046041, 0.0, 0.0, 0.0, 1.0],
                [0.89398, -0.062157, 0.443771, -0.128579, -0.219822, -0.923816, 0.313441, 0.048184, 0.390479, -0.377762, -0.839536, -0.046041, 0.0, 0.0, 0.0, 1.0],
                [0.89397, -0.063536, 0.443597, -0.128579, -0.220407, -0.92423, 0.311808, 0.048184, 0.390173, -0.37652, -0.840236, -0.046041, 0.0, 0.0, 0.0, 1.0],
                [0.893959, -0.064891, 0.443422, -0.12858, -0.220984, -0.924631, 0.310205, 0.048183, 0.38987, -0.375302, -0.840921, -0.046041, 0.0, 0.0, 0.0, 1.0],
                [0.893949, -0.06623, 0.443245, -0.128579, -0.221556, -0.925023, 0.308625, 0.048184, 0.38957, -0.3741, -0.841596, -0.046041, 0.0, 0.0, 0.0, 1.0],
                [0.89394, -0.067532, 0.443067, -0.12858, -0.222113, -0.9254, 0.307092, 0.048183, 0.389275, -0.372934, -0.842249, -0.046041, 0.0, 0.0, 0.0, 1.0],
                [0.89393, -0.068821, 0.442888, -0.128579, -0.222664, -0.92577, 0.305574, 0.048184, 0.388981, -0.371778, -0.842896, -0.046041, 0.0, 0.0, 0.0, 1.0],
