{
    "animation": [
        {
            "name": "Root",
            "time": [0.0, 0.0167, 0.0333, 0.05, 0.0667, 0.0833, 0.1, 0.1167, 0.1333, 0.15, 0.1667, 0.1833, 0.2, 0.2167, 0.2333, 0.25, 0.2667, 0.2833, 0.3, 0.3167, 0.3333, 0.35, 0.3667, 0.3833, 0.4, 0.4167, 0.4333, 0.45, 0.4667, 0.4833, 0.5, 0.5167, 0.5333, 0.55, 0.5667],
            "transform": [
                [0.962296, 0.0, -0.272004, 0.010134, -0.272004, 0.0, -0.962296, -0.003255, 0.0, 1.0, 0.0, 0.728735, 0.0, 0.0, 0.0, 1.0],
                [0.970002, -0.000283, -0.243098, 0.010134, -0.242973, -0.033185, -0.969465, -0.003255, -0.007793, 0.999449, -0.032258, 0.661704, 0.0, 0.0, 0.0, 1.0],
                [0.983921, 0.002608, -0.178587, 0.010134, -0.177305, -0.106198, -0.978409, -0.003255, -0.021517, 0.994342, -0.104028, 0.594674, 0.0, 0.0, 0.0, 1.0],
                [0.993474, 0.010317, -0.113588, 0.010134, -0.109946, -0.178293, -0.977816, -0.003255, -0.03034, 0.983923, -0.175996, 0.633703, 0.0, 0.0, 0.0, 1.0],
                [0.996339, 0.015375, -0.084099, 0.010134, -0.079005, -0.210323, -0.974434, -0.003255, -0.03267, 0.977511, -0.208339, 0.749111, 0.0, 0.0, 0.0, 1.0],
                [0.996344, 0.01537, -0.084038, 0.010134, -0.07934, -0.198332, -0.976918, -0.003255, -0.031683, 0.980014, -0.196387, 0.930755, 0.0, 0.0, 0.0, 1.0],
                [0.996343, 0.01537, -0.084045, 0.010134, -0.080246, -0.169379, -0.982279, -0.003255, -0.029333, 0.985431, -0.167527, 1.137978, 0.0, 0.0, 0.0, 1.0],
                [0.996341, 0.015373, -0.084079, 0.010134, -0.081297, -0.133242, -0.987743, -0.003255, -0.026387, 0.990964, -0.131505, 1.322494, 0.0, 0.0, 0.0, 1.0],
                [0.996339, 0.015375, -0.084099, 0.010134, -0.082157, -0.099937, -0.991596, -0.003255, -0.02365, 0.994875, -0.098308, 1.43602, 0.0, 0.0, 0.0, 1.0],
                [0.996339, 0.015371, -0.084102, 0.010134, -0.082688, -0.076728, -0.993617, -0.003255, -0.021726, 0.996934, -0.075176, 1.488206, 0.0, 0.0, 0.0, 1.0],
                [0.996338, 0.015361, -0.084109, 0.010134, -0.082995, -0.062622, -0.99458, -0.003255, -0.020545, 0.997919, -0.061118, 1.523188, 0.0, 0.0, 0.0, 1.0],
                [0.996337, 0.015348, -0.084118, 0.010134, -0.083152, -0.05537, -0.994997, -0.003255, -0.019929, 0.998348, -0.053891, 1.544406, 0.0, 0.0, 0.0, 1.0],
                [0.996337, 0.015334, -0.084129, 0.010134, -0.083216, -0.052693, -0.995137, -0.003255, -0.019692, 0.998493, -0.051224, 1.555302, 0.0, 0.0, 0.0, 1.0],
                [0.996336, 0.015321, -0.084138, 0.010134, -0.083234, -0.052306, -0.995156, -0.003255, -0.019648, 0.998514, -0.050839, 1.559317, 0.0, 0.0, 0.0, 1.0],
                [0.996336, 0.015313, -0.084144, 0.010134, -0.083248, -0.05192, -0.995175, -0.003255, -0.019608, 0.998534, -0.050455, 1.55989, 0.0, 0.0, 0.0, 1.0],
                [0.996336, 0.015312, -0.084144, 0.010134, -0.083301, -0.04925, -0.995307, -0.003255, -0.019384, 0.998669, -0.047794, 1.505416, 0.0, 0.0, 0.0, 1.0],
                [0.996336, 0.01532, -0.084139, 0.010134, -0.083433, -0.042006, -0.995628, -0.003255, -0.018788, 0.999, -0.040574, 1.371176, 0.0, 0.0, 0.0, 1.0],
                [0.996337, 0.015341, -0.084124, 0.010134, -0.083675, -0.027892, -0.996103, -0.003255, -0.017627, 0.999493, -0.026506, 1.200944, 0.0, 0.0, 0.0, 1.0],
                [0.996339, 0.015375, -0.084099, 0.010134, -0.084038, -0.004607, -0.996452, -0.003255, -0.015708, 0.999871, -0.003298, 1.038495, 0.0, 0.0, 0.0, 1.0],
                [0.996339, 0.015448, -0.084078, 0.010134, -0.084503, 0.029231, -0.995994, -0.003255, -0.012928, 0.999453, 0.030429, 0.91736, 0.0, 0.0, 0.0, 1.0],
                [0.996338, 0.015527, -0.084074, 0.010134, -0.084945, 0.06836, -0.994038, -0.003255, -0.009687, 0.99754, 0.069429, 0.83011, 0.0, 0.0, 0.0, 1.0],
                [0.996338, 0.01553, -0.08408, 0.010134, -0.085251, 0.105094, -0.990801, -0.003255, -0.006551, 0.994341, 0.106033, 0.759071, 0.0, 0.0, 0.0, 1.0],
                [0.996339, 0.015375, -0.084099, 0.010134, -0.085395, 0.131822, -0.987588, -0.003255, -0.004098, 0.991154, 0.132652, 0.686572, 0.0, 0.0, 0.0, 1.0],
                [0.99634, 0.015041, -0.084146, 0.010134, -0.085436, 0.143857, -0.985904, -0.003255, -0.002724, 0.989484, 0.144616, 0.601128, 0.0, 0.0, 0.0, 1.0],
                [0.99634, 0.014745, -0.084198, 0.010134, -0.085454, 0.147706, -0.985333, -0.003255, -0.002092, 0.988921, 0.148426, 0.516007, 0.0, 0.0, 0.0, 1.0],
                [0.996339, 0.014765, -0.084201, 0.010134, -0.085469, 0.152606, -0.984584, -0.003255, -0.001687, 0.988177, 0.15331, 0.450667, 0.0, 0.0, 0.0, 1.0],
                [0.996339, 0.015375, -0.084099, 0.010134, -0.085487, 0.167754, -0.982115, -0.003255, -0.000992, 0.985709, 0.168454, 0.424563, 0.0, 0.0, 0.0, 1.0],
                [0.996315, 0.018723, -0.083697, 0.010134, -0.085749, 0.198562, -0.97633, -0.003255, -0.001661, 0.979909, 0.199436, 0.462425, 0.0, 0.0, 0.0, 1.0],
                [0.996235, 0.024797, -0.083075, 0.010134, -0.086585, 0.235854, -0.967923, -0.003255, -0.004409, 0.971472, 0.237113, 0.548162, 0.0, 0.0, 0.0, 1.0],
                [0.996094, 0.030668, -0.082799, 0.010134, -0.087992, 0.26709, -0.959646, -0.003255, -0.007316, 0.963184, 0.268745, 0.640004, 0.0, 0.0, 0.0, 1.0],
                [0.995925, 0.033449, -0.083754, 0.010134, -0.089785, 0.280133, -0.955753, -0.003255, -0.008507, 0.959378, 0.281995, 0.696179, 0.0, 0.0, 0.0, 1.0],
                [0.992847, 0.031979, -0.115031, 0.010134, -0.119341, 0.237048, -0.96414, -0.003255, -0.003565, 0.970972, 0.239169, 0.715, 0.0, 0.0, 0.0, 1.0],
                [0.983235, 0.023611, -0.180805, 0.010134, -0.182324, 0.140697, -0.97312, -0.003255, 0.002463, 0.989771, 0.142643, 0.724665, 0.0, 0.0, 0.0, 1.0],
                [0.969678, 0.008774, -0.244228, 0.010134, -0.244376, 0.043739, -0.968694, -0.003255, 0.002183, 0.999004, 0.044556, 0.728226, 0.0, 0.0, 0.0, 1.0],
                [0.962296, -0.0, -0.272004, 0.010134, -0.272004, -0.0, -0.962296, -0.003255, -0.0, 1.0, -0.0, 0.728735, 0.0, 0.0, 0.0, 1.0]
            ]
        },
        {
            "name": "Thigh_R",
            "time": [0.0, 0.0167, 0.0333, 0.05, 0.0667, 0.0833, 0.1, 0.1167, 0.1333, 0.15, 0.1667, 0.1833, 0.2, 0.2167, 0.2333, 0.25, 0.2667, 0.2833, 0.3, 0.3167, 0.3333, 0.35, 0.3667, 0.3833, 0.4, 0.4167, 0.4333, 0.45, 0.4667, 0.4833, 0.5, 0.5167, 0.5333, 0.55, 0.5667],
            "transform": [
                [0.977692, 0.149348, -0.14769, 0.124994, 0.140671, -0.987744, -0.06761, -0.002831, -0.155977, 0.045326, -0.986721, -1.2e-05, 0.0, 0.0, 0.0, 1.0],
                [0.98266, 0.12377, -0.138055, 0.124994, 0.155138, -0.956612, 0.246622, -0.002831, -0.101541, -0.263763, -0.959228, -1.2e-05, 0.0, 0.0, 0.0, 1.0],
                [0.984081, 0.168775, -0.055676, 0.124994, 0.177104, -0.905187, 0.386352, -0.002831, 0.014809, -0.390061, -0.92067, -1.2e-05, 0.0, 0.0, 0.0, 1.0],
                [0.975939, 0.207994, 0.065426, 0.124994, 0.179706, -0.937219, 0.29887, -0.002831, 0.123482, -0.279921, -0.952049, -1.2e-05, 0.0, 0.0, 0.0, 1.0],
                [0.966488, 0.119114, 0.227403, 0.124994, 0.173546, -0.955911, -0.23688, -0.002831, 0.189162, 0.268406, -0.94455, -1.2e-05, 0.0, 0.0, 0.0, 1.0],
                [0.963711, 0.11418, 0.241294, 0.124994, 0.169195, -0.960418, -0.221284, -0.002831, 0.206477, 0.254079, -0.944887, -1.2e-05, 0.0, 0.0, 0.0, 1.0],
                [0.964649, 0.216607, 0.150112, 0.124994, 0.175059, -0.952447, 0.249391, -0.002831, 0.196994, -0.214296, -0.956698, -1.2e-05, 0.0, 0.0, 0.0, 1.0],
                [0.968731, 0.247282, 0.020269, 0.124994, 0.191942, -0.798682, 0.570319, -0.002831, 0.157219, -0.548594, -0.821173, -1.2e-05, 0.0, 0.0, 0.0, 1.0],
                [0.968924, 0.241997, -0.051212, 0.124994, 0.210126, -0.696019, 0.686588, -0.002831, 0.130508, -0.676012, -0.725241, -1.2e-05, 0.0, 0.0, 0.0, 1.0],
                [0.964403, 0.259636, -0.050149, 0.124994, 0.216431, -0.666041, 0.713825, -0.002831, 0.151934, -0.699268, -0.698527, -1.2e-05, 0.0, 0.0, 0.0, 1.0],
                [0.959007, 0.279724, -0.045375, 0.124994, 0.223355, -0.647571, 0.728535, -0.002831, 0.174406, -0.708804, -0.683504, -1.2e-05, 0.0, 0.0, 0.0, 1.0],
                [0.952808, 0.301244, -0.037528, 0.124994, 0.23075, -0.638361, 0.734335, -0.002831, 0.197258, -0.708338, -0.677749, -1.2e-05, 0.0, 0.0, 0.0, 1.0],
                [0.946092, 0.322714, -0.027661, 0.124994, 0.23838, -0.635939, 0.734, -0.002831, 0.219281, -0.701023, -0.678587, -1.2e-05, 0.0, 0.0, 0.0, 1.0],
                [0.939447, 0.342257, -0.017261, 0.124994, 0.245816, -0.637922, 0.729814, -0.002831, 0.238773, -0.689863, -0.683428, -1.2e-05, 0.0, 0.0, 0.0, 1.0],
                [0.933832, 0.357615, -0.008272, 0.124994, 0.252353, -0.64222, 0.723789, -0.002831, 0.253525, -0.677984, -0.689972, -1.2e-05, 0.0, 0.0, 0.0, 1.0],
                [0.931808, 0.362, 0.026238, 0.124994, 0.242177, -0.673963, 0.697942, -0.002831, 0.270339, -0.643993, -0.715674, -1.2e-05, 0.0, 0.0, 0.0, 1.0],
                [0.939035, 0.333652, 0.082993, 0.124994, 0.211043, -0.749913, 0.626968, -0.002831, 0.271427, -0.57123, -0.774611, -1.2e-05, 0.0, 0.0, 0.0, 1.0],
                [0.957233, 0.264953, 0.116208, 0.124994, 0.173747, -0.847614, 0.501359, -0.002831, 0.231336, -0.459725, -0.857401, -1.2e-05, 0.0, 0.0, 0.0, 1.0],
                [0.969354, 0.200851, 0.141459, 0.124994, 0.144835, -0.932341, 0.331302, -0.002831, 0.19843, -0.30066, -0.932861, -1.2e-05, 0.0, 0.0, 0.0, 1.0],
                [0.974713, 0.14583, 0.169316, 0.124994, 0.125467, -0.984145, 0.12535, -0.002831, 0.184911, -0.100937, -0.977558, -1.2e-05, 0.0, 0.0, 0.0, 1.0],
                [0.97947, 0.102787, 0.173417, 0.124994, 0.112459, -0.992549, -0.046875, -0.002831, 0.167307, 0.065414, -0.983733, -1.2e-05, 0.0, 0.0, 0.0, 1.0],
                [0.979686, 0.102968, 0.172083, 0.124994, 0.107793, -0.993992, -0.018905, -0.002831, 0.169102, 0.03707, -0.984901, -1.2e-05, 0.0, 0.0, 0.0, 1.0],
                [0.972975, 0.173105, 0.152815, 0.124994, 0.113267, -0.934512, 0.337424, -0.002831, 0.201218, -0.310996, -0.928866, -1.2e-05, 0.0, 0.0, 0.0, 1.0],
                [0.958751, 0.244273, 0.145353, 0.124994, 0.132027, -0.835543, 0.533324, -0.002831, 0.251725, -0.492133, -0.83333, -1.2e-05, 0.0, 0.0, 0.0, 1.0],
                [0.941514, 0.313692, 0.123076, 0.124994, 0.162382, -0.742391, 0.649989, -0.002831, 0.295267, -0.591988, -0.749911, -1.2e-05, 0.0, 0.0, 0.0, 1.0],
                [0.922616, 0.372876, 0.098707, 0.124994, 0.195878, -0.673375, 0.712879, -0.002831, 0.332283, -0.638378, -0.694306, -1.2e-05, 0.0, 0.0, 0.0, 1.0],
                [0.912245, 0.400491, 0.086113, 0.124994, 0.211687, -0.640846, 0.737906, -0.002831, 0.35071, -0.65492, -0.669388, -1.2e-05, 0.0, 0.0, 0.0, 1.0],
                [0.933906, 0.348421, 0.08014, 0.124994, 0.187946, -0.669137, 0.718979, -0.002831, 0.304132, -0.656395, -0.690397, -1.2e-05, 0.0, 0.0, 0.0, 1.0],
                [0.966745, 0.248959, 0.058502, 0.124994, 0.153929, -0.749125, 0.644295, -0.002831, 0.204229, -0.613863, -0.762536, -1.2e-05, 0.0, 0.0, 0.0, 1.0],
                [0.98438, 0.174039, 0.026555, 0.124994, 0.136601, -0.850203, 0.50842, -0.002831, 0.111062, -0.496851, -0.860699, -1.2e-05, 0.0, 0.0, 0.0, 1.0],
                [0.988964, 0.147395, 0.014984, 0.124994, 0.132804, -0.926779, 0.351341, -0.002831, 0.065673, -0.345473, -0.936128, -1.2e-05, 0.0, 0.0, 0.0, 1.0],
                [0.990203, 0.139517, -0.005665, 0.124994, 0.137356, -0.965962, 0.219197, -0.002831, 0.025109, -0.217828, -0.975665, -1.2e-05, 0.0, 0.0, 0.0, 1.0],
                [0.988418, 0.139295, -0.06022, 0.124994, 0.143034, -0.987708, 0.063, -0.002831, -0.050704, -0.070884, -0.996195, -1.2e-05, 0.0, 0.0, 0.0, 1.0],
                [0.982011, 0.146393, -0.119263, 0.124994, 0.142709, -0.988998, -0.038913, -0.002831, -0.123647, 0.021193, -0.9921, -1.2e-05, 0.0, 0.0, 0.0, 1.0],
                [0.977692, 0.149348, -0.14769, 0.124994, 0.140671, -0.987743, -0.06761, -0.002831, -0.155977, 0.045326, -0.986721, -1.2e-05, 0.0, 0.0, 0.0, 1.0]
            ]
        },
        {
            "name": "Leg_R",
            "time": [0.0, 0.0167, 0.0333, 0.05, 0.0667, 0.0833, 0.1, 0.1167, 0.1333, 0.15, 0.1667, 0.1833, 0.2, 0.2167, 0.2333, 0.25, 0.2667, 0.2833, 0.3, 0.3167, 0.3333, 0.35, 0.3667, 0.3833, 0.4, 0.4167, 0.4333, 0.45, 0.4667, 0.4833, 0.5, 0.5167, 0.5333, 0.55, 0.5667],
            "transform": [
                [1.0, -0.0, 1e-06, -0.0, -0.0, 0.981941, 0.1892, 0.374726, -1e-06, -0.189201, 0.981935, -0.0, 0.0, 0.0, 0.0, 1.0],
                [1.0, -1e-06, 1e-06, -0.0, -0.0, 0.631516, 0.775364, 0.374726, -1e-06, -0.775365, 0.631512, 0.0, 0.0, 0.0, 0.0, 1.0],
                [1.0, -1e-06, 0.0, 0.0, -0.0, 0.298775, 0.954323, 0.374726, -1e-06, -0.954325, 0.298773, 0.0, 0.0, 0.0, 0.0, 1.0],
                [1.0, -1e-06, 1e-06, 0.0, -0.0, 0.443968, 0.896042, 0.374726, -1e-06, -0.896044, 0.443966, -0.0, 0.0, 0.0, 0.0, 1.0],
                [1.0, 0.0, 1e-06, -0.0, 0.0, 0.999992, 0.00468, 0.374726, -1e-06, -0.00468, 0.999986, 0.0, 0.0, 0.0, 0.0, 1.0],
                [1.0, -0.0, 1e-06, 0.0, -0.0, 0.999991, 0.004733, 0.374726, -1e-06, -0.004733, 0.999986, -0.0, 0.0, 0.0, 0.0, 1.0],
                [1.0, -1e-06, 1e-06, 0.0, -0.0, 0.594576, 0.804039, 0.374726, -1e-06, -0.804041, 0.594573, -0.0, 0.0, 0.0, 0.0, 1.0],
                [1.0, -1e-06, 0.0, -0.0, -0.0, -0.074663, 0.997208, 0.374726, -1e-06, -0.99721, -0.074663, 0.0, 0.0, 0.0, 0.0, 1.0],
                [1.0, -1e-06, -0.0, -0.0, -0.0, -0.37119, 0.928557, 0.374726, -1e-06, -0.928558, -0.371188, -0.0, 0.0, 0.0, 0.0, 1.0],
                [1.0, -1e-06, -0.0, -0.0, -0.0, -0.415613, 0.909542, 0.374726, -1e-06, -0.909543, -0.41561, -0.0, 0.0, 0.0, 0.0, 1.0],
                [1.0, -1e-06, -0.0, 0.0, -0.0, -0.443799, 0.896126, 0.374726, -1e-06, -0.896127, -0.443797, -0.0, 0.0, 0.0, 0.0, 1.0],
                [1.0, -1e-06, -0.0, 0.0, -0.0, -0.45973, 0.888059, 0.374726, -1e-06, -0.88806, -0.459727, -0.0, 0.0, 0.0, 0.0, 1.0],
                [1.000001, -1e-06, -0.0, 0.0, -0.0, -0.466749, 0.88439, 0.374726, -1e-06, -0.884392, -0.466746, -0.0, 0.0, 0.0, 0.0, 1.0],
                [1.0, -1e-06, -0.0, -0.0, -0.0, -0.467841, 0.883812, 0.374726, -1e-06, -0.883814, -0.467838, -0.0, 0.0, 0.0, 0.0, 1.0],
                [1.0, -1e-06, -0.0, 0.0, -0.0, -0.465825, 0.884877, 0.374726, -1e-06, -0.884878, -0.465823, -0.0, 0.0, 0.0, 0.0, 1.0],
                [1.0, -1e-06, -0.0, 0.0, -0.0, -0.378315, 0.925677, 0.374726, -1e-06, -0.925678, -0.378313, -0.0, 0.0, 0.0, 0.0, 1.0],
                [1.0, -1e-06, 0.0, 0.0, -0.0, -0.139391, 0.990236, 0.374726, -1e-06, -0.990238, -0.139391, 0.0, 0.0, 0.0, 0.0, 1.0],
                [1.0, -1e-06, 0.0, 0.0, -0.0, 0.217028, 0.976165, 0.374726, -1e-06, -0.976166, 0.217027, -0.0, 0.0, 0.0, 0.0, 1.0],
                [1.0, -1e-06, 1e-06, -0.0, -0.0, 0.608922, 0.79323, 0.374726, -1e-06, -0.793232, 0.608919, 0.0, 0.0, 0.0, 0.0, 1.0],
                [1.0, -0.0, 1e-06, 0.0, -0.0, 0.913313, 0.407264, 0.374726, -1e-06, -0.407265, 0.913308, 0.0, 0.0, 0.0, 0.0, 1.0],
                [1.0, -0.0, 1e-06, -0.0, -0.0, 0.999992, 0.004696, 0.374726, -1e-06, -0.004696, 0.999986, -0.0, 0.0, 0.0, 0.0, 1.0],
                [1.0, -0.0, 1e-06, 0.0, 0.0, 0.999992, 0.004683, 0.374726, -1e-06, -0.004683, 0.999986, 0.0, 0.0, 0.0, 0.0, 1.0],
                [1.0, -0.0, 1e-06, 0.0, -0.0, 0.760598, 0.649225, 0.374726, -1e-06, -0.649226, 0.760594, 0.0, 0.0, 0.0, 0.0, 1.0],
                [1.0, -1e-06, 1e-06, -0.0, -0.0, 0.398929, 0.916981, 0.374726, -1e-06, -0.916983, 0.398927, 0.0, 0.0, 0.0, 0.0, 1.0],
                [1.0, -1e-06, 0.0, 0.0, -0.0, 0.071763, 0.997421, 0.374726, -1e-06, -0.997423, 0.071763, 0.0, 0.0, 0.0, 0.0, 1.0],
                [1.0, -1e-06, 0.0, -0.0, -0.0, -0.149883, 0.988703, 0.374726, -1e-06, -0.988705, -0.149882, 0.0, 0.0, 0.0, 0.0, 1.0],
                [1.0, -1e-06, 0.0, 0.0, -0.0, -0.227891, 0.973686, 0.374726, -1e-06, -0.973687, -0.22789, 0.0, 0.0, 0.0, 0.0, 1.0],
                [1.0, -1e-06, 0.0, -0.0, -0.0, -0.101888, 0.994795, 0.374726, -1e-06, -0.994796, -0.101888, -0.0, 0.0, 0.0, 0.0, 1.0],
                [1.0, -1e-06, 0.0, -0.0, -0.0, 0.211656, 0.977344, 0.374726, -1e-06, -0.977345, 0.211654, -0.0, 0.0, 0.0, 0.0, 1.0],
                [1.0, -1e-06, 1e-06, 0.0, -0.0, 0.599615, 0.800289, 0.374726, -1e-06, -0.80029, 0.599612, 0.0, 0.0, 0.0, 0.0, 1.0],
                [1.0, -0.0, 1e-06, 0.0, -0.0, 0.860085, 0.510155, 0.374726, -1e-06, -0.510156, 0.86008, -0.0, 0.0, 0.0, 0.0, 1.0],
                [1.0, -0.0, 1e-06, 0.0, -0.0, 0.944511, 0.328487, 0.374726, -1e-06, -0.328488, 0.944506, -0.0, 0.0, 0.0, 0.0, 1.0],
                [1.0, -0.0, 1e-06, 0.0, -0.0, 0.981277, 0.192616, 0.374726, -1e-06, -0.192616, 0.981271, -0.0, 0.0, 0.0, 0.0, 1.0],
                [1.0, -0.0, 1e-06, 0.0, -0.0, 0.986064, 0.16638, 0.374726, -1e-06, -0.166381, 0.986058, -0.0, 0.0, 0.0, 0.0, 1.0],
                [1.0, -0.0, 1e-06, -0.0, -0.0, 0.981941, 0.1892, 0.374726, -1e-06, -0.1892, 0.981935, 0.0, 0.0, 0.0, 0.0, 1.0]
            ]
        },
        {
            "name": "Knee_R",
            "time": [0.0, 0.5667],
            "transform": [
                [1.0, 0.0, -0.0, -0.0, -0.0, 0.00567, -0.999984, 0.374726, -0.0, 0.999984, 0.00567, -0.0, 0.0, 0.0, 0.0, 1.0],
                [1.0, 0.0, -0.0, -0.0, -0.0, 0.00567, -0.999984, 0.374726, -0.0, 0.999984, 0.00567, -0.0, 0.0, 0.0, 0.0, 1.0]
            ]
        },
        {
            "name": "Thigh_L",
            "time": [0.0, 0.0167, 0.0333, 0.05, 0.0667, 0.0833, 0.1, 0.1167, 0.1333, 0.15, 0.1667, 0.1833, 0.2, 0.2167, 0.2333, 0.25, 0.2667, 0.2833, 0.3, 0.3167, 0.3333, 0.35, 0.3667, 0.3833, 0.4, 0.4167, 0.4333, 0.45, 0.4667, 0.4833, 0.5, 0.5167, 0.5333, 0.55, 0.5667],
            "transform": [
                [0.929494, -0.16406, -0.330341, -0.125006, -0.090487, -0.969687, 0.226976, -0.002831, -0.357565, -0.181081, -0.916164, -1.2e-05, 0.0, 0.0, 0.0, 1.0],
                [0.932309, -0.25862, -0.252815, -0.125006, -0.093283, -0.847338, 0.522796, -0.002831, -0.349425, -0.463824, -0.814106, -1.2e-05, 0.0, 0.0, 0.0, 1.0],
                [0.943778, -0.264494, -0.198309, -0.125006, -0.091612, -0.785644, 0.611858, -0.002831, -0.317633, -0.55929, -0.765704, -1.2e-05, 0.0, 0.0, 0.0, 1.0],
                [0.958523, -0.192966, -0.209755, -0.125006, -0.078642, -0.886439, 0.456115, -0.002831, -0.27395, -0.420701, -0.864848, -1.2e-05, 0.0, 0.0, 0.0, 1.0],
                [0.962795, -0.03786, -0.267565, -0.125006, -0.067986, -0.992225, -0.10424, -0.002831, -0.261539, 0.118553, -0.957884, -1.2e-05, 0.0, 0.0, 0.0, 1.0],
                [0.960982, -0.035969, -0.274261, -0.125006, -0.064566, -0.993288, -0.095965, -0.002831, -0.268969, 0.109928, -0.956855, -1.2e-05, 0.0, 0.0, 0.0, 1.0],
                [0.963662, -0.161431, -0.212825, -0.125006, -0.065671, -0.915452, 0.397031, -0.002831, -0.258925, -0.368627, -0.892789, -1.2e-05, 0.0, 0.0, 0.0, 1.0],
                [0.972243, -0.215934, -0.090087, -0.125006, -0.076219, -0.656331, 0.750612, -0.002831, -0.22121, -0.722911, -0.654572, -1.2e-05, 0.0, 0.0, 0.0, 1.0],
                [0.979253, -0.202634, -0.001434, -0.125006, -0.093572, -0.458452, 0.883779, -0.002831, -0.179741, -0.865309, -0.467901, -1.2e-05, 0.0, 0.0, 0.0, 1.0],
                [0.976468, -0.21527, 0.012973, -0.125006, -0.096645, -0.383021, 0.91867, -0.002831, -0.192794, -0.898306, -0.394813, -1.2e-05, 0.0, 0.0, 0.0, 1.0],
                [0.96991, -0.243117, 0.01295, -0.125006, -0.094791, -0.328099, 0.939875, -0.002831, -0.224251, -0.912822, -0.341272, -1.2e-05, 0.0, 0.0, 0.0, 1.0],
                [0.958417, -0.285368, 0.000547, -0.125006, -0.087111, -0.290737, 0.952829, -0.002831, -0.271748, -0.913256, -0.303506, -1.2e-05, 0.0, 0.0, 0.0, 1.0],
                [0.94091, -0.33799, -0.021226, -0.125006, -0.074348, -0.26731, 0.960738, -0.002831, -0.330394, -0.90239, -0.276644, -1.2e-05, 0.0, 0.0, 0.0, 1.0],
                [0.917996, -0.393703, -0.047771, -0.125006, -0.058535, -0.25364, 0.965526, -0.002831, -0.392247, -0.883552, -0.255885, -1.2e-05, 0.0, 0.0, 0.0, 1.0],
                [0.893975, -0.442218, -0.072466, -0.125006, -0.042624, -0.244894, 0.968612, -0.002831, -0.446084, -0.862826, -0.237779, -1.2e-05, 0.0, 0.0, 0.0, 1.0],
                [0.876828, -0.462265, -0.13222, -0.125006, -0.027172, -0.322201, 0.946281, -0.002831, -0.480034, -0.826133, -0.295076, -1.2e-05, 0.0, 0.0, 0.0, 1.0],
                [0.878128, -0.421654, -0.226051, -0.125006, -0.018145, -0.5015, 0.864967, -0.002831, -0.478081, -0.75545, -0.448032, -1.2e-05, 0.0, 0.0, 0.0, 1.0],
                [0.891014, -0.330833, -0.310877, -0.125006, -0.011619, -0.701179, 0.71289, -0.002831, -0.453828, -0.631583, -0.628604, -1.2e-05, 0.0, 0.0, 0.0, 1.0],
                [0.906632, -0.209109, -0.366458, -0.125006, -0.004204, -0.872978, 0.48774, -0.002831, -0.421901, -0.44066, -0.79235, -1.2e-05, 0.0, 0.0, 0.0, 1.0],
                [0.926671, -0.06119, -0.370859, -0.125006, 0.001692, -0.98597, 0.166909, -0.002831, -0.375869, -0.155297, -0.913567, -1.2e-05, 0.0, 0.0, 0.0, 1.0],
                [0.946417, -0.06301, -0.316741, -0.125006, 0.003227, -0.978887, 0.204375, -0.002831, -0.322931, -0.194446, -0.926232, -1.2e-05, 0.0, 0.0, 0.0, 1.0],
                [0.959019, -0.068194, -0.27501, -0.125006, 0.001749, -0.96916, 0.246422, -0.002831, -0.283333, -0.236804, -0.929325, -1.2e-05, 0.0, 0.0, 0.0, 1.0],
                [0.963805, -0.154739, -0.217107, -0.125006, 1.8e-05, -0.814294, 0.580451, -0.002831, -0.266608, -0.559445, -0.784819, -1.2e-05, 0.0, 0.0, 0.0, 1.0],
                [0.96196, -0.209616, -0.175194, -0.125006, -0.000549, -0.642777, 0.766052, -0.002831, -0.273188, -0.736816, -0.618442, -1.2e-05, 0.0, 0.0, 0.0, 1.0],
                [0.956614, -0.256158, -0.138826, -0.125006, -0.000866, -0.478976, 0.877827, -0.002831, -0.291357, -0.839621, -0.458417, -1.2e-05, 0.0, 0.0, 0.0, 1.0],
                [0.950798, -0.290892, -0.106604, -0.125006, -0.001013, -0.347012, 0.93786, -0.002831, -0.309809, -0.891607, -0.330233, -1.2e-05, 0.0, 0.0, 0.0, 1.0],
                [0.949113, -0.303014, -0.085829, -0.125006, -0.001793, -0.277724, 0.960659, -0.002831, -0.31493, -0.91162, -0.264134, -1.2e-05, 0.0, 0.0, 0.0, 1.0],
                [0.957249, -0.27504, -0.089592, -0.125006, -0.004452, -0.323695, 0.946151, -0.002831, -0.28923, -0.905303, -0.311082, -1.2e-05, 0.0, 0.0, 0.0, 1.0],
                [0.971576, -0.214498, -0.100158, -0.125006, -0.011854, -0.46664, 0.884368, -0.002831, -0.236432, -0.858043, -0.455919, -1.2e-05, 0.0, 0.0, 0.0, 1.0],
                [0.983581, -0.151768, -0.097641, -0.125006, -0.024436, -0.648077, 0.761181, -0.002831, -0.178802, -0.746298, -0.641146, -1.2e-05, 0.0, 0.0, 0.0, 1.0],
                [0.988841, -0.115846, -0.093665, -0.125006, -0.036362, -0.797401, 0.602352, -0.002831, -0.144468, -0.592225, -0.792716, -1.2e-05, 0.0, 0.0, 0.0, 1.0],
                [0.983782, -0.118909, -0.134282, -0.125006, -0.042637, -0.882237, 0.468871, -0.002831, -0.174221, -0.455542, -0.873, -1.2e-05, 0.0, 0.0, 0.0, 1.0],
                [0.966081, -0.132059, -0.221919, -0.125006, -0.054571, -0.944346, 0.324394, -0.002831, -0.252408, -0.30128, -0.919522, -1.2e-05, 0.0, 0.0, 0.0, 1.0],
                [0.942134, -0.153813, -0.297868, -0.125006, -0.076976, -0.964045, 0.254343, -0.002831, -0.326279, -0.216697, -0.9201, -1.2e-05, 0.0, 0.0, 0.0, 1.0],
                [0.929494, -0.16406, -0.330341, -0.125006, -0.090487, -0.969687, 0.226976, -0.002831, -0.357565, -0.181081, -0.916164, -1.2e-05, 0.0, 0.0, 0.0, 1.0]
            ]
        },
        {
            "name": "Leg_L",
            "time": [0.0, 0.0167, 0.0333, 0.05, 0.0667, 0.0833, 0.1, 0.1167, 0.1333, 0.15, 0.1667, 0.1833, 0.2, 0.2167, 0.2333, 0.25, 0.2667, 0.2833, 0.3, 0.3167, 0.3333, 0.35, 0.3667, 0.3833, 0.4, 0.4167, 0.4333, 0.45, 0.4667, 0.4833, 0.5, 0.5167, 0.5333, 0.55, 0.5667],
            "transform": [
                [1.0, -0.0, 1e-06, 0.0, -0.0, 0.985462, 0.169897, 0.374726, -1e-06, -0.169897, 0.985462, -0.0, 0.0, 0.0, 0.0, 1.0],
                [1.0, -1e-06, 1e-06, 0.0, -0.0, 0.648609, 0.761122, 0.374726, -1e-06, -0.761121, 0.64861, 0.0, 0.0, 0.0, 0.0, 1.0],
                [1.0, -1e-06, 1e-06, 0.0, -0.0, 0.338105, 0.941109, 0.374726, -1e-06, -0.941108, 0.338105, 0.0, 0.0, 0.0, 0.0, 1.0],
                [1.0, -1e-06, 1e-06, -0.0, -0.0, 0.498691, 0.86678, 0.374726, -1e-06, -0.866779, 0.498691, -0.0, 0.0, 0.0, 0.0, 1.0],
                [1.0, 0.0, 1e-06, -0.0, -0.0, 0.999989, 0.004694, 0.374726, -1e-06, -0.004694, 0.999989, -0.0, 0.0, 0.0, 0.0, 1.0],
                [1.0, 0.0, 1e-06, -0.0, -0.0, 0.999989, 0.004741, 0.374726, -1e-06, -0.004741, 0.999989, -0.0, 0.0, 0.0, 0.0, 1.0],
                [1.0, -1e-06, 1e-06, -0.0, -0.0, 0.604748, 0.796417, 0.374726, -1e-06, -0.796416, 0.604748, -0.0, 0.0, 0.0, 0.0, 1.0],
                [1.0, -1e-06, 0.0, -0.0, -0.0, -0.088975, 0.996034, 0.374726, -1e-06, -0.996034, -0.088975, -0.0, 0.0, 0.0, 0.0, 1.0],
                [1.0, -1e-06, -0.0, -0.0, -0.0, -0.413841, 0.910349, 0.374726, -1e-06, -0.910349, -0.413841, -0.0, 0.0, 0.0, 0.0, 1.0],
                [1.0, -1e-06, -0.0, -0.0, -0.0, -0.488124, 0.872774, 0.374726, -1e-06, -0.872774, -0.488124, -0.0, 0.0, 0.0, 0.0, 1.0],
                [1.0, -1e-06, -0.0, -0.0, -0.0, -0.534477, 0.845184, 0.374726, -1e-06, -0.845183, -0.534477, -0.0, 0.0, 0.0, 0.0, 1.0],
                [1.000001, -1e-06, -0.0, -0.0, -0.0, -0.560904, 0.827881, 0.374726, -1e-06, -0.82788, -0.560905, -0.0, 0.0, 0.0, 0.0, 1.0],
                [1.0, -1e-06, -0.0, 0.0, -0.0, -0.573489, 0.819214, 0.374726, -1e-06, -0.819213, -0.573489, 0.0, 0.0, 0.0, 0.0, 1.0],
                [1.0, -1e-06, -0.0, -0.0, -0.0, -0.577214, 0.816593, 0.374726, -1e-06, -0.816593, -0.577214, -0.0, 0.0, 0.0, 0.0, 1.0],
                [1.0, -1e-06, -0.0, -0.0, -0.0, -0.576558, 0.817056, 0.374726, -1e-06, -0.817056, -0.576558, -0.0, 0.0, 0.0, 0.0, 1.0],
                [1.0, -1e-06, -0.0, -0.0, -0.0, -0.474029, 0.88051, 0.374726, -1e-06, -0.88051, -0.474028, 0.0, 0.0, 0.0, 0.0, 1.0],
                [1.0, -1e-06, 0.0, -0.0, -0.0, -0.181082, 0.983468, 0.374726, -1e-06, -0.983468, -0.181082, -0.0, 0.0, 0.0, 0.0, 1.0],
                [1.0, -1e-06, 0.0, -0.0, -0.0, 0.266649, 0.963794, 0.374726, -1e-06, -0.963793, 0.266649, 0.0, 0.0, 0.0, 0.0, 1.0],
                [1.0, -0.0, 1e-06, 0.0, -0.0, 0.742119, 0.670268, 0.374726, -1e-06, -0.670268, 0.742119, 0.0, 0.0, 0.0, 0.0, 1.0],
                [1.000001, -0.0, 1e-06, 0.0, -0.0, 0.999989, 0.004695, 0.374726, -1e-06, -0.004695, 0.999989, 0.0, 0.0, 0.0, 0.0, 1.0],
                [1.0, -0.0, 1e-06, 0.0, -0.0, 0.999989, 0.00472, 0.374726, -1e-06, -0.00472, 0.999989, 0.0, 0.0, 0.0, 0.0, 1.0],
                [1.0, 0.0, 1e-06, 0.0, 0.0, 0.999989, 0.004692, 0.374726, -1e-06, -0.004692, 0.999989, 0.0, 0.0, 0.0, 0.0, 1.0],
                [1.0, -0.0, 1e-06, -0.0, -0.0, 0.787407, 0.616434, 0.374726, -1e-06, -0.616434, 0.787407, -0.0, 0.0, 0.0, 0.0, 1.0],
                [1.000001, -1e-06, 1e-06, -0.0, -0.0, 0.450903, 0.892573, 0.374726, -1e-06, -0.892573, 0.450902, -0.0, 0.0, 0.0, 0.0, 1.0],
                [1.0, -1e-06, 0.0, -0.0, -0.0, 0.135788, 0.990738, 0.374726, -1e-06, -0.990738, 0.135788, -0.0, 0.0, 0.0, 0.0, 1.0],
                [1.0, -1e-06, 0.0, 0.0, -0.0, -0.084052, 0.996461, 0.374726, -1e-06, -0.996461, -0.084052, 0.0, 0.0, 0.0, 0.0, 1.0],
                [1.0, -1e-06, 0.0, -0.0, -0.0, -0.164666, 0.986349, 0.374726, -1e-06, -0.986349, -0.164666, -0.0, 0.0, 0.0, 0.0, 1.0],
                [1.0, -1e-06, 0.0, 0.0, -0.0, -0.035869, 0.999357, 0.374726, -1e-06, -0.999356, -0.035869, 0.0, 0.0, 0.0, 0.0, 1.0],
                [1.0, -1e-06, 0.0, -0.0, -0.0, 0.285335, 0.958428, 0.374726, -1e-06, -0.958427, 0.285335, -0.0, 0.0, 0.0, 0.0, 1.0],
                [1.0, -1e-06, 1e-06, 0.0, -0.0, 0.675665, 0.737209, 0.374726, -1e-06, -0.737209, 0.675665, 0.0, 0.0, 0.0, 0.0, 1.0],
                [1.0, -0.0, 1e-06, 0.0, -0.0, 0.925441, 0.378892, 0.374726, -1e-06, -0.378892, 0.925442, 0.0, 0.0, 0.0, 0.0, 1.0],
                [1.0, -0.0, 1e-06, 0.0, -0.0, 0.985097, 0.171998, 0.374726, -1e-06, -0.171998, 0.985097, -0.0, 0.0, 0.0, 0.0, 1.0],
                [1.0, -0.0, 1e-06, 0.0, 0.0, 0.997474, 0.071031, 0.374726, -1e-06, -0.071031, 0.997473, -0.0, 0.0, 0.0, 0.0, 1.0],
                [1.0, -0.0, 1e-06, 0.0, -0.0, 0.991042, 0.133551, 0.374726, -1e-06, -0.133551, 0.991042, 0.0, 0.0, 0.0, 0.0, 1.0],
                [1.0, -0.0, 1e-06, 0.0, -0.0, 0.985462, 0.169897, 0.374726, -1e-06, -0.169897, 0.985462, -0.0, 0.0, 0.0, 0.0, 1.0]
            ]
        },
        {
            "name": "Knee_L",
            "time": [0.0, 0.5667],
            "transform": [
                [1.0, 0.0, -0.0, 0.0, -0.0, 0.00567, -0.999984, 0.374726, -0.0, 0.999984, 0.00567, -0.0, 0.0, 0.0, 0.0, 1.0],
                [1.0, 0.0, -0.0, -0.0, -0.0, 0.00567, -0.999984, 0.374726, -0.0, 0.999984, 0.00567, -0.0, 0.0, 0.0, 0.0, 1.0]
            ]
        },
        {
            "name": "Torso",
            "time": [0.0, 0.0167, 0.0333, 0.05, 0.0667, 0.0833, 0.1, 0.1167, 0.1333, 0.15, 0.1667, 0.1833, 0.2, 0.2167, 0.2333, 0.25, 0.2667, 0.2833, 0.3, 0.3167, 0.3333, 0.35, 0.3667, 0.3833, 0.4, 0.4167, 0.4333, 0.45, 0.4667, 0.4833, 0.5, 0.5167, 0.5333, 0.55, 0.5667],
            "transform": [
                [0.999965, 0.008309, -0.000122, -0.0, -0.008309, 0.999533, -0.029397, 0.05, -0.000122, 0.029397, 0.999568, 0.0, 0.0, 0.0, 0.0, 1.0],
                [0.99993, -0.011818, -0.000247, -0.0, 0.011818, 0.999056, 0.041811, 0.05, -0.000247, -0.041811, 0.999125, -0.0, 0.0, 0.0, 0.0, 1.0],
                [0.99949, -0.031882, -0.001802, 0.0, 0.031881, 0.993107, 0.112791, 0.05, -0.001806, -0.112791, 0.993617, -0.0, 0.0, 0.0, 0.0, 1.0],
                [0.999498, -0.031618, -0.001752, 0.0, 0.031617, 0.99333, 0.110887, 0.05, -0.001766, -0.110887, 0.993831, -0.0, 0.0, 0.0, 0.0, 1.0],
                [0.999521, -0.030887, -0.001618, 0.0, 0.030886, 0.993944, 0.10546, 0.05, -0.001649, -0.10546, 0.994422, -0.0, 0.0, 0.0, 0.0, 1.0],
                [0.999555, -0.029783, -0.001416, -0.0, 0.02978, 0.994845, 0.096933, 0.05, -0.001478, -0.096932, 0.99529, -0.0, 0.0, 0.0, 0.0, 1.0],
                [0.999596, -0.028397, -0.001166, 0.0, 0.028392, 0.995914, 0.085726, 0.05, -0.001273, -0.085725, 0.996318, 0.0, 0.0, 0.0, 0.0, 1.0],
                [0.99964, -0.026821, -0.000885, -0.0, 0.026815, 0.997025, 0.072265, 0.05, -0.001055, -0.072262, 0.997385, 0.0, 0.0, 0.0, 0.0, 1.0],
                [0.999684, -0.025148, -0.00059, -0.0, 0.025141, 0.998059, 0.056974, 0.05, -0.000844, -0.056971, 0.998376, 0.0, 0.0, 0.0, 0.0, 1.0],
                [0.999724, -0.023471, -0.000292, -0.0, 0.023464, 0.998913, 0.040287, 0.05, -0.000654, -0.040282, 0.999188, 0.0, 0.0, 0.0, 0.0, 1.0],
                [0.999761, -0.021884, 0.0, 0.0, 0.021879, 0.999504, 0.022636, 0.05, -0.000496, -0.022631, 0.999744, -0.0, 0.0, 0.0, 0.0, 1.0],
                [0.99979, -0.020482, 0.000284, -0.0, 0.02048, 0.99978, 0.004463, 0.05, -0.000376, -0.004456, 0.99999, 0.0, 0.0, 0.0, 0.0, 1.0],
                [0.999813, -0.019358, 0.000562, 0.0, 0.019364, 0.999717, -0.013795, 0.05, -0.000295, 0.013803, 0.999905, 0.0, 0.0, 0.0, 0.0, 1.0],
                [0.999827, -0.018608, 0.00084, -0.0, 0.018625, 0.999324, -0.031697, 0.05, -0.000249, 0.031707, 0.999497, -0.0, 0.0, 0.0, 0.0, 1.0],
                [0.999831, -0.018326, 0.001128, 0.0, 0.018359, 0.99864, -0.048805, 0.05, -0.000232, 0.048817, 0.998808, 0.0, 0.0, 0.0, 0.0, 1.0],
                [0.999807, -0.019595, 0.001648, -0.0, 0.01966, 0.997698, -0.064904, 0.05, -0.000372, 0.064924, 0.99789, 0.0, 0.0, 0.0, 0.0, 1.0],
                [0.999746, -0.0224, 0.002454, -0.0, 0.022525, 0.996488, -0.080653, 0.05, -0.000639, 0.080688, 0.996739, -0.0, 0.0, 0.0, 0.0, 1.0],
                [0.999677, -0.025196, 0.003276, 0.0, 0.025395, 0.994967, -0.09693, 0.05, -0.000818, 0.096982, 0.995286, -0.0, 0.0, 0.0, 0.0, 1.0],
                [0.999643, -0.026448, 0.003796, 0.0, 0.026709, 0.993052, -0.11461, 0.05, -0.000739, 0.114671, 0.993403, -0.0, 0.0, 0.0, 0.0, 1.0],
                [0.999643, -0.026405, 0.004058, 0.0, 0.026711, 0.99058, -0.134303, 0.05, -0.000474, 0.134363, 0.990932, -0.0, 0.0, 0.0, 0.0, 1.0],
                [0.999645, -0.026296, 0.004335, 0.0, 0.02665, 0.987461, -0.155596, 0.05, -0.00019, 0.155656, 0.987811, -0.0, 0.0, 0.0, 0.0, 1.0],
                [0.99965, -0.02606, 0.004609, 0.0, 0.026464, 0.983705, -0.177831, 0.05, 0.0001, 0.177891, 0.98405, -0.0, 0.0, 0.0, 0.0, 1.0],
                [0.999659, -0.025638, 0.004858, 0.0, 0.026092, 0.979377, -0.200351, 0.05, 0.000378, 0.200409, 0.979712, 0.0, 0.0, 0.0, 0.0, 1.0],
                [0.999675, -0.024973, 0.00506, -0.0, 0.025473, 0.974599, -0.222505, 0.05, 0.000626, 0.222562, 0.974918, -0.0, 0.0, 0.0, 0.0, 1.0],
                [0.999698, -0.024008, 0.005188, 0.0, 0.024549, 0.969551, -0.243655, 0.05, 0.00082, 0.243709, 0.969848, 0.0, 0.0, 0.0, 0.0, 1.0],
                [0.999729, -0.022688, 0.005217, 0.0, 0.023261, 0.964467, -0.263178, 0.05, 0.00094, 0.263228, 0.964733, 0.0, 0.0, 0.0, 0.0, 1.0],
                [0.999767, -0.020957, 0.005122, 0.0, 0.021552, 0.959622, -0.280466, 0.05, 0.000963, 0.280511, 0.95985, -0.0, 0.0, 0.0, 0.0, 1.0],
                [0.999812, -0.01876, 0.00488, -0.0, 0.019365, 0.955324, -0.294927, 0.05, 0.00087, 0.294966, 0.955508, 0.0, 0.0, 0.0, 0.0, 1.0],
                [0.999861, -0.016042, 0.004475, -0.0, 0.016642, 0.951893, -0.305979, 0.05, 0.000649, 0.306012, 0.952028, -0.0, 0.0, 0.0, 0.0, 1.0],
                [0.999911, -0.012746, 0.003895, -0.0, 0.013325, 0.949644, -0.313046, 0.05, 0.000291, 0.31307, 0.94973, -0.0, 0.0, 0.0, 0.0, 1.0],
                [0.999956, -0.00881, 0.003141, 0.0, 0.009351, 0.948866, -0.315542, 0.05, -0.000201, 0.315557, 0.948906, -0.0, 0.0, 0.0, 0.0, 1.0],
                [0.999991, -0.003795, 0.001888, 0.0, 0.004165, 0.962263, -0.272089, 0.05, -0.000784, 0.272095, 0.96227, -0.0, 0.0, 0.0, 0.0, 1.0],
                [0.999998, 0.0018, 0.000621, -0.0, -0.001664, 0.984686, -0.174328, 0.05, -0.000925, 0.174326, 0.984688, -0.0, 0.0, 0.0, 0.0, 1.0],
                [0.99998, 0.006405, -2e-06, 0.0, -0.006387, 0.997178, -0.074807, 0.05, -0.000477, 0.074806, 0.997198, 0.0, 0.0, 0.0, 0.0, 1.0],
                [0.999965, 0.008309, -0.000122, 0.0, -0.008309, 0.999533, -0.029397, 0.05, -0.000122, 0.029397, 0.999568, 0.0, 0.0, 0.0, 0.0, 1.0]
            ]
        },
        {
            "name": "Chest",
            "time": [0.0, 0.0167, 0.0333, 0.05, 0.0667, 0.0833, 0.1, 0.1167, 0.1333, 0.15, 0.1667, 0.1833, 0.2, 0.2167, 0.2333, 0.25, 0.2667, 0.2833, 0.3, 0.3167, 0.3333, 0.35, 0.3667, 0.3833, 0.4, 0.4167, 0.4333, 0.45, 0.4667, 0.4833, 0.5, 0.5167, 0.5333, 0.55, 0.5667],
            "transform": [
                [0.999229, -0.039161, -0.002727, 0.0, 0.039161, 0.989582, 0.138543, 0.3, -0.002727, -0.138543, 0.990353, 0.0, 0.0, 0.0, 0.0, 1.0],
                [0.998243, -0.058724, -0.007904, 0.0, 0.059081, 0.976271, 0.208337, 0.3, -0.004518, -0.208438, 0.978025, 0.0, 0.0, 0.0, 0.0, 1.0],
                [0.996851, -0.077561, -0.016474, 0.0, 0.079086, 0.957645, 0.276879, 0.3, -0.005699, -0.27731, 0.960764, -0.0, 0.0, 0.0, 0.0, 1.0],
                [0.997797, -0.064997, -0.013267, 0.0, 0.066139, 0.990161, 0.123314, 0.3, 0.005122, -0.12392, 0.992279, -0.0, 0.0, 0.0, 0.0, 1.0],
                [0.998595, -0.052041, -0.010029, 0.0, 0.051682, 0.998109, -0.033266, 0.3, 0.011741, 0.0327, 0.999396, -0.0, 0.0, 0.0, 0.0, 1.0],
                [0.998516, -0.053562, -0.009867, 0.0, 0.053408, 0.998457, -0.015218, 0.3, 0.010667, 0.014668, 0.999835, 0.0, 0.0, 0.0, 0.0, 1.0],
                [0.998293, -0.05761, -0.009567, -0.0, 0.057895, 0.997783, 0.032824, 0.3, 0.007655, -0.033322, 0.999415, 0.0, 0.0, 0.0, 0.0, 1.0],
                [0.997943, -0.063406, -0.009474, -0.0, 0.064041, 0.992768, 0.101535, 0.3, 0.002968, -0.101933, 0.994787, 0.0, 0.0, 0.0, 0.0, 1.0],
                [0.997489, -0.070137, -0.009863, -0.0, 0.070762, 0.98089, 0.181238, 0.3, -0.003037, -0.181481, 0.98339, -0.0, 0.0, 0.0, 0.0, 1.0],
                [0.996966, -0.077078, -0.010842, 0.0, 0.077212, 0.96171, 0.262967, 0.3, -0.009842, -0.263006, 0.964744, 0.0, 0.0, 0.0, 0.0, 1.0],
                [0.996412, -0.083732, -0.012354, 0.0, 0.082926, 0.936583, 0.340494, 0.3, -0.01694, -0.340296, 0.940166, 0.0, 0.0, 0.0, 0.0, 1.0],
                [0.995875, -0.089617, -0.014184, -0.0, 0.087579, 0.90858, 0.408426, 0.3, -0.023715, -0.407984, 0.912681, 0.0, 0.0, 0.0, 0.0, 1.0],
                [0.995416, -0.094295, -0.01599, -0.0, 0.090992, 0.8822, 0.461999, 0.3, -0.029458, -0.461336, 0.886736, -0.0, 0.0, 0.0, 0.0, 1.0],
                [0.995096, -0.097378, -0.017361, -0.0, 0.093094, 0.862701, 0.497073, 0.3, -0.033426, -0.496251, 0.867535, -0.0, 0.0, 0.0, 0.0, 1.0],
                [0.994977, -0.098492, -0.017894, -0.0, 0.093824, 0.855217, 0.509706, 0.3, -0.034899, -0.508825, 0.860162, -0.0, 0.0, 0.0, 0.0, 1.0],
                [0.995236, -0.095967, -0.01719, 0.0, 0.092317, 0.870927, 0.482663, 0.3, -0.031348, -0.481951, 0.875637, 0.0, 0.0, 0.0, 0.0, 1.0],
                [0.995785, -0.090331, -0.015921, 0.0, 0.088608, 0.902508, 0.421459, 0.3, -0.023701, -0.421093, 0.906708, 0.0, 0.0, 0.0, 0.0, 1.0],
                [0.9963, -0.084618, -0.015044, 0.0, 0.084379, 0.929801, 0.358259, 0.3, -0.016327, -0.358202, 0.933501, 0.0, 0.0, 0.0, 0.0, 1.0],
                [0.996522, -0.082006, -0.014776, -0.0, 0.082294, 0.940739, 0.328994, 0.3, -0.013079, -0.329066, 0.944216, 0.0, 0.0, 0.0, 0.0, 1.0],
                [0.996363, -0.083881, -0.01496, 0.0, 0.083801, 0.932983, 0.350029, 0.3, -0.015403, -0.35001, 0.936619, 0.0, 0.0, 0.0, 0.0, 1.0],
                [0.995922, -0.088849, -0.015655, 0.0, 0.087556, 0.910035, 0.405179, 0.3, -0.021753, -0.404897, 0.914103, -0.0, 0.0, 0.0, 0.0, 1.0],
                [0.995244, -0.09589, -0.01717, -0.0, 0.09227, 0.871387, 0.481841, 0.3, -0.031242, -0.481134, 0.87609, 0.0, 0.0, 0.0, 0.0, 1.0],
                [0.994386, -0.103957, -0.019717, -0.0, 0.096741, 0.817756, 0.567377, 0.3, -0.042859, -0.566099, 0.823222, 0.0, 0.0, 0.0, 0.0, 1.0],
                [0.993438, -0.111993, -0.0232, -0.0, 0.10011, 0.7534, 0.649898, 0.3, -0.055305, -0.647956, 0.759668, -0.0, 0.0, 0.0, 0.0, 1.0],
                [0.992544, -0.118854, -0.027028, -0.0, 0.102007, 0.688591, 0.717939, 0.3, -0.066719, -0.715343, 0.695581, 0.0, 0.0, 0.0, 0.0, 1.0],
                [0.991878, -0.123561, -0.030182, -0.0, 0.102703, 0.638037, 0.763126, 0.3, -0.075036, -0.760027, 0.645545, 0.0, 0.0, 0.0, 0.0, 1.0],
                [0.991618, -0.125311, -0.031478, -0.0, 0.10282, 0.617812, 0.779574, 0.3, -0.078242, -0.776276, 0.625518, 0.0, 0.0, 0.0, 0.0, 1.0],
                [0.992071, -0.122011, -0.030153, -0.0, 0.103723, 0.659337, 0.744659, 0.3, -0.070976, -0.741882, 0.666764, 0.0, 0.0, 0.0, 0.0, 1.0],
                [0.993207, -0.113267, -0.026667, -0.0, 0.103319, 0.752972, 0.64989, 0.3, -0.053532, -0.648231, 0.75956, 0.0, 0.0, 0.0, 0.0, 1.0],
                [0.994677, -0.100713, -0.021794, -0.0, 0.097524, 0.851799, 0.514711, 0.3, -0.033274, -0.514097, 0.857086, -0.0, 0.0, 0.0, 0.0, 1.0],
                [0.996173, -0.086068, -0.015229, 0.0, 0.085497, 0.923313, 0.37441, 0.3, -0.018164, -0.374279, 0.927138, 0.0, 0.0, 0.0, 0.0, 1.0],
                [0.9975, -0.070117, -0.008823, -0.0, 0.069948, 0.961794, 0.264687, 0.3, -0.010073, -0.264642, 0.964294, 0.0, 0.0, 0.0, 0.0, 1.0],
                [0.99848, -0.054884, -0.005113, -0.0, 0.054848, 0.980012, 0.191228, 0.3, -0.005485, -0.191218, 0.981532, 0.0, 0.0, 0.0, 0.0, 1.0],
                [0.999045, -0.043573, -0.003283, -0.0, 0.04357, 0.987601, 0.150815, 0.3, -0.003329, -0.150814, 0.988557, 0.0, 0.0, 0.0, 0.0, 1.0],
                [0.999229, -0.039161, -0.002727, 0.0, 0.039161, 0.989582, 0.138543, 0.3, -0.002727, -0.138543, 0.990353, 0.0, 0.0, 0.0, 0.0, 1.0]
            ]
