{
    "animation": [
        {
            "name": "Root",
            "time": [0.0, 0.0417, 0.0833, 0.125, 0.1667, 0.2083, 0.25, 0.4167],
            "transform": [
                [1.0, -0.0, -0.0, 0.023393, -0.0, -0.0, -1.0, -0.232234, 0.0, 1.0, -0.0, 0.67208, 0.0, 0.0, 0.0, 1.0],
                [1.0, -0.0, -0.0, 0.023394, -0.0, -0.0, -1.0, -0.220152, 0.0, 1.0, -0.0, 0.67208, 0.0, 0.0, 0.0, 1.0],
                [1.0, -0.0, -0.0, 0.023394, -0.0, -0.0, -1.0, -0.20518, 0.0, 1.0, -0.0, 0.67208, 0.0, 0.0, 0.0, 1.0],
                [1.0, -0.0, -0.0, 0.023394, -0.0, -0.0, -1.0, -0.192611, 0.0, 1.0, -0.0, 0.67208, 0.0, 0.0, 0.0, 1.0],
                [1.0, -0.0, -0.0, 0.023395, -0.0, -0.0, -1.0, -0.190395, 0.0, 1.0, -0.0, 0.67208, 0.0, 0.0, 0.0, 1.0],
                [1.0, -0.0, -0.0, 0.023395, -0.0, -0.0, -1.0, -0.201663, 0.0, 1.0, -0.0, 0.67208, 0.0, 0.0, 0.0, 1.0],
                [1.0, -0.0, -0.0, 0.023395, -0.0, -0.0, -1.0, -0.211084, 0.0, 1.0, -0.0, 0.67208, 0.0, 0.0, 0.0, 1.0],
                [1.0, -0.0, -0.0, 0.023393, -0.0, -0.0, -1.0, -0.234309, 0.0, 1.0, -0.0, 0.67208, 0.0, 0.0, 0.0, 1.0]
            ]
        },
        {
            "name": "Thigh_R",
            "time": [0.0, 0.0417, 0.0833, 0.125, 0.1667, 0.2083, 0.25, 0.4167],
            "transform": [
                [0.692037, 0.213234, 0.68965, 0.103883, -0.037903, -0.943324, 0.329702, 0.059644, 0.720868, -0.254305, -0.644732, 0.060716, 0.0, 0.0, 0.0, 1.0],
                [0.678982, 0.31316, 0.664015, 0.103883, -0.021289, -0.895682, 0.444187, 0.059644, 0.733849, -0.315731, -0.601483, 0.060716, 0.0, 0.0, 0.0, 1.0],
                [0.669371, 0.363314, 0.648033, 0.103883, -0.010916, -0.867364, 0.497556, 0.059644, 0.742851, -0.340123, -0.576621, 0.060716, 0.0, 0.0, 0.0, 1.0],
                [0.662231, 0.319019, 0.677996, 0.103883, -0.010565, -0.900773, 0.434163, 0.059644, 0.749227, -0.294679, -0.593148, 0.060716, 0.0, 0.0, 0.0, 1.0],
                [0.661508, 0.277114, 0.696862, 0.103883, -0.016, -0.923798, 0.382546, 0.059644, 0.74977, -0.264206, -0.606665, 0.060716, 0.0, 0.0, 0.0, 1.0],
                [0.662784, 0.259993, 0.702227, 0.103883, -0.018503, -0.931816, 0.36246, 0.059644, 0.748584, -0.253225, -0.612781, 0.060716, 0.0, 0.0, 0.0, 1.0],
                [0.662168, 0.252962, 0.705369, 0.103883, -0.017605, -0.935789, 0.352123, 0.059644, 0.749151, -0.245582, -0.615195, 0.060716, 0.0, 0.0, 0.0, 1.0],
                [0.696239, 0.192831, 0.691425, 0.103883, -0.041082, -0.950958, 0.306581, 0.059644, 0.716636, -0.241858, -0.654171, 0.060716, 0.0, 0.0, 0.0, 1.0]
            ]
        },
        {
            "name": "Leg_R",
            "time": [0.0, 0.0417, 0.0833, 0.125, 0.1667, 0.2083, 0.25, 0.4167],
            "transform": [
                [1.0, 0.0, 0.0, -0.0, -0.0, 0.846902, 0.531748, 0.37472, 0.0, -0.531749, 0.846901, -0.0, 0.0, 0.0, 0.0, 1.0],
                [1.0, 0.0, -0.0, -0.0, -0.0, 0.730138, 0.683299, 0.37472, 0.0, -0.6833, 0.730137, -0.0, 0.0, 0.0, 0.0, 1.0],
                [1.0, 0.0, -0.0, 0.0, -0.0, 0.663024, 0.748598, 0.37472, 0.0, -0.748599, 0.663023, -0.0, 0.0, 0.0, 0.0, 1.0],
                [1.0, 0.0, 0.0, -0.0, -0.0, 0.748334, 0.663322, 0.37472, 0.0, -0.663323, 0.748332, -0.0, 0.0, 0.0, 0.0, 1.0],
                [1.0, 0.0, 0.0, 0.0, -0.0, 0.812453, 0.583026, 0.37472, 0.0, -0.583027, 0.812452, 0.0, 0.0, 0.0, 0.0, 1.0],
                [1.0, 0.0, 0.0, -0.0, -0.0, 0.83738, 0.54662, 0.37472, 0.0, -0.546621, 0.837379, -0.0, 0.0, 0.0, 0.0, 1.0],
                [1.0, 0.0, 0.0, -0.0, -0.0, 0.850621, 0.525779, 0.37472, 0.0, -0.52578, 0.85062, 0.0, 0.0, 0.0, 0.0, 1.0],
                [1.0, 0.0, 0.0, -0.0, -0.0, 0.866573, 0.49905, 0.37472, 0.0, -0.499051, 0.866572, -0.0, 0.0, 0.0, 0.0, 1.0]
            ]
        },
        {
            "name": "Knee_R",
            "time": [0.0, 0.4167],
            "transform": [
                [1.0, 0.0, -0.0, -0.0, -0.0, 1e-06, -1.0, 0.37472, -0.0, 1.0, 1e-06, -0.0, 0.0, 0.0, 0.0, 1.0],
                [1.0, 0.0, -0.0, -0.0, -0.0, 1e-06, -1.0, 0.37472, -0.0, 1.0, 1e-06, -0.0, 0.0, 0.0, 0.0, 1.0]
            ]
        },
        {
            "name": "Thigh_L",
            "time": [0.0, 0.0417, 0.0833, 0.125, 0.1667, 0.2083, 0.25, 0.4167],
            "transform": [
                [0.996544, -0.052554, 0.064294, -0.14046, -0.073122, -0.18845, 0.979356, 0.07724, -0.039353, -0.980678, -0.191642, 0.011766, 0.0, 0.0, 0.0, 1.0],
                [0.996133, -0.047094, 0.074144, -0.14046, -0.078954, -0.11019, 0.990768, 0.07724, -0.03849, -0.992797, -0.113483, 0.011766, 0.0, 0.0, 0.0, 1.0],
                [0.995675, -0.046837, 0.080206, -0.14046, -0.082553, -0.050531, 0.995304, 0.07724, -0.042564, -0.997626, -0.054179, 0.011766, 0.0, 0.0, 0.0, 1.0],
                [0.995363, -0.044034, 0.085496, -0.14046, -0.085779, -0.004596, 0.996302, 0.07724, -0.043478, -0.999022, -0.008353, 0.011766, 0.0, 0.0, 0.0, 1.0],
                [0.994823, -0.043255, 0.091933, -0.14046, -0.090892, 0.025442, 0.995535, 0.07724, -0.0454, -0.998742, 0.021379, 0.011766, 0.0, 0.0, 0.0, 1.0],
                [0.994579, -0.037286, 0.097049, -0.14046, -0.096714, 0.010698, 0.995254, 0.07724, -0.038148, -0.99925, 0.007034, 0.011766, 0.0, 0.0, 0.0, 1.0],
                [0.99445, -0.032999, 0.099879, -0.14046, -0.100131, -0.006059, 0.994955, 0.07724, -0.032227, -0.99944, -0.00933, 0.011766, 0.0, 0.0, 0.0, 1.0],
                [0.996617, -0.0547, 0.061297, -0.14046, -0.071406, -0.207798, 0.975561, 0.07724, -0.040625, -0.976644, -0.211001, 0.011766, 0.0, 0.0, 0.0, 1.0]
            ]
        },
        {
            "name": "Leg_L",
            "time": [0.0, 0.0417, 0.0833, 0.125, 0.1667, 0.2083, 0.25, 0.4167],
            "transform": [
                [0.999998, -0.0, -0.0, 0.0, -0.0, -0.492487, 0.87032, 0.37472, -0.0, -0.870321, -0.492487, 0.0, 0.0, 0.0, 0.0, 1.0],
                [0.999998, -0.0, -0.0, 0.0, -0.0, -0.509993, 0.860179, 0.37472, -0.0, -0.860179, -0.509993, 0.0, 0.0, 0.0, 0.0, 1.0],
                [0.999998, -0.0, -0.0, 0.0, -0.0, -0.497673, 0.867365, 0.37472, -0.0, -0.867366, -0.497673, -0.0, 0.0, 0.0, 0.0, 1.0],
                [0.999998, -0.0, -0.0, 0.0, 0.0, -0.474329, 0.880348, 0.37472, -0.0, -0.880349, -0.474328, 0.0, 0.0, 0.0, 0.0, 1.0],
                [0.999998, -0.0, -0.0, 0.0, 0.0, -0.468596, 0.883413, 0.37472, -0.0, -0.883414, -0.468595, -0.0, 0.0, 0.0, 0.0, 1.0],
                [0.999998, -0.0, -0.0, 0.0, 0.0, -0.461782, 0.886994, 0.37472, -0.0, -0.886995, -0.461782, -0.0, 0.0, 0.0, 0.0, 1.0],
                [0.999998, -0.0, -0.0, -0.0, 0.0, -0.456027, 0.889967, 0.37472, -0.0, -0.889968, -0.456026, 0.0, 0.0, 0.0, 0.0, 1.0],
                [0.999998, -0.0, -0.0, -0.0, 0.0, -0.482904, 0.875674, 0.37472, -0.0, -0.875675, -0.482903, 0.0, 0.0, 0.0, 0.0, 1.0]
            ]
        },
        {
            "name": "Knee_L",
            "time": [0.0, 0.4167],
            "transform": [
                [1.0, 0.0, -0.0, 0.0, -0.0, 1e-06, -1.0, 0.37472, -0.0, 1.0, 1e-06, 0.0, 0.0, 0.0, 0.0, 1.0],
                [1.0, 0.0, -0.0, -0.0, -0.0, 1e-06, -1.0, 0.37472, -0.0, 1.0, 1e-06, 0.0, 0.0, 0.0, 0.0, 1.0]
            ]
        },
        {
            "name": "Torso",
            "time": [0.0, 0.0417, 0.0833, 0.125, 0.1667, 0.2083, 0.25, 0.4167],
            "transform": [
                [0.880441, -0.115829, -0.459793, 0.0, 0.001346, 0.970309, -0.24186, 0.05, 0.474157, 0.212324, 0.854456, -0.0, 0.0, 0.0, 0.0, 1.0],
                [0.879824, -0.113686, -0.461506, 0.0, 0.00825, 0.974479, -0.224322, 0.05, 0.475231, 0.193556, 0.858307, -0.0, 0.0, 0.0, 0.0, 1.0],
                [0.878664, -0.113025, -0.463871, 0.0, 0.021428, 0.97993, -0.198179, 0.05, 0.476962, 0.164193, 0.863452, -0.0, 0.0, 0.0, 0.0, 1.0],
                [0.87774, -0.110516, -0.466221, 0.0, 0.034788, 0.985166, -0.168035, 0.05, 0.477877, 0.131272, 0.868564, -0.0, 0.0, 0.0, 0.0, 1.0],
                [0.877832, -0.101176, -0.468163, 0.0, 0.040905, 0.989699, -0.137187, 0.05, 0.477221, 0.101277, 0.872928, -0.0, 0.0, 0.0, 0.0, 1.0],
                [0.878732, -0.083941, -0.46988, 0.0, 0.04059, 0.99399, -0.101661, 0.05, 0.47559, 0.07026, 0.876857, -0.0, 0.0, 0.0, 0.0, 1.0],
                [0.879388, -0.0715, -0.47071, -0.0, 0.039617, 0.996219, -0.077311, 0.05, 0.474459, 0.049338, 0.878895, -0.0, 0.0, 0.0, 0.0, 1.0],
                [0.880474, -0.116642, -0.459524, 0.0, 0.000796, 0.969623, -0.244597, 0.05, 0.474096, 0.214995, 0.853821, -0.0, 0.0, 0.0, 0.0, 1.0]
            ]
        },
        {
            "name": "Chest",
            "time": [0.0, 0.0417, 0.0833, 0.125, 0.1667, 0.2083, 0.25, 0.4167],
            "transform": [
                [0.972762, -0.081803, 0.216904, -0.0, -0.006801, 0.925195, 0.379428, 0.3, -0.231718, -0.370567, 0.899436, 0.0, 0.0, 0.0, 0.0, 1.0],
                [0.976899, -0.072968, 0.200873, -0.0, 0.000221, 0.940252, 0.340475, 0.3, -0.213716, -0.332564, 0.918545, 0.0, 0.0, 0.0, 0.0, 1.0],
                [0.983644, -0.056088, 0.171186, -0.0, 0.006125, 0.960155, 0.279396, 0.3, -0.180037, -0.273777, 0.944792, -0.0, 0.0, 0.0, 0.0, 1.0],
                [0.989854, -0.039786, 0.136424, -0.0, 0.009745, 0.97675, 0.214151, 0.3, -0.141773, -0.210648, 0.967226, 0.0, 0.0, 0.0, 0.0, 1.0],
                [0.993384, -0.033657, 0.109818, -0.0, 0.01497, 0.985886, 0.16674, 0.3, -0.113881, -0.163993, 0.979865, -0.0, 0.0, 0.0, 0.0, 1.0],
                [0.99568, -0.035288, 0.085918, -0.0, 0.023492, 0.990617, 0.134618, 0.3, -0.089863, -0.132018, 0.987165, -0.0, 0.0, 0.0, 0.0, 1.0],
                [0.996933, -0.037072, 0.068963, 0.0, 0.028971, 0.992945, 0.114969, 0.3, -0.072739, -0.112618, 0.990972, 0.0, 0.0, 0.0, 0.0, 1.0],
                [0.972208, -0.082627, 0.219066, -0.0, -0.008274, 0.922947, 0.384835, 0.3, -0.233986, -0.375951, 0.89661, 0.0, 0.0, 0.0, 0.0, 1.0]
            ]
        },
        {
            "name": "Head",
            "time": [0.0, 0.0417, 0.0833, 0.125, 0.1667, 0.2083, 0.25, 0.4167],
            "transform": [
                [0.97025, 0.139388, 0.197947, -0.0, -0.110586, 0.98251, -0.149809, 0.4, -0.215366, 0.123461, 0.9687, 0.0, 0.0, 0.0, 0.0, 1.0],
                [0.965267, 0.144867, 0.217416, -0.0, -0.121235, 0.985533, -0.118426, 0.4, -0.231426, 0.087954, 0.968871, -0.0, 0.0, 0.0, 0.0, 1.0],
                [0.955976, 0.150247, 0.252056, 0.0, -0.136577, 0.988081, -0.070985, 0.4, -0.259716, 0.033435, 0.965108, 0.0, 0.0, 0.0, 0.0, 1.0],
                [0.944714, 0.154884, 0.289005, -0.0, -0.154887, 0.987662, -0.023006, 0.4, -0.289002, -0.023029, 0.957054, 0.0, 0.0, 0.0, 0.0, 1.0],
                [0.934825, 0.162205, 0.315896, -0.0, -0.172891, 0.984922, 0.0059, 0.4, -0.310175, -0.060131, 0.948778, -0.0, 0.0, 0.0, 0.0, 1.0],
                [0.924823, 0.174994, 0.337753, -0.0, -0.191614, 0.981334, 0.016228, 0.4, -0.328608, -0.079726, 0.941097, -0.0, 0.0, 0.0, 0.0, 1.0],
                [0.917739, 0.184259, 0.351856, 0.0, -0.204296, 0.978696, 0.020339, 0.4, -0.340612, -0.090549, 0.935835, -0.0, 0.0, 0.0, 0.0, 1.0],
                [0.970817, 0.138319, 0.195907, 0.0, -0.108754, 0.982002, -0.154404, 0.4, -0.213737, 0.128592, 0.968393, 0.0, 0.0, 0.0, 0.0, 1.0]
            ]
        },
        {
            "name": "Shoulder_R",
            "time": [0.0, 0.0417, 0.0833, 0.125, 0.1667, 0.2083, 0.25, 0.4167],
            "transform": [
                [0.265464, 0.899964, -0.345846, -0.0, 0.694296, -0.427349, -0.579075, 0.4, -0.668973, -0.086399, -0.738235, 0.0, 0.0, 0.0, 0.0, 1.0],
                [0.265456, 0.897438, -0.352356, -0.0, 0.694237, -0.431535, -0.576034, 0.4, -0.669038, -0.091709, -0.737535, -0.0, 0.0, 0.0, 0.0, 1.0],
                [0.269413, 0.897685, -0.348704, 0.0, 0.696921, -0.431644, -0.572702, 0.4, -0.664651, -0.088728, -0.741853, 0.0, 0.0, 0.0, 0.0, 1.0],
                [0.274745, 0.898903, -0.341331, -0.0, 0.699623, -0.430418, -0.570326, 0.4, -0.659612, -0.082111, -0.747094, 0.0, 0.0, 0.0, 0.0, 1.0],
                [0.26962, 0.899455, -0.343952, -0.0, 0.700947, -0.428233, -0.570344, 0.4, -0.66032, -0.087318, -0.745877, -0.0, 0.0, 0.0, 0.0, 1.0],
                [0.255171, 0.898403, -0.357456, -0.0, 0.700469, -0.426614, -0.572142, 0.4, -0.666539, -0.104396, -0.738111, -0.0, 0.0, 0.0, 0.0, 1.0],
                [0.244445, 0.897286, -0.367612, 0.0, 0.700179, -0.425619, -0.573237, 0.4, -0.670849, -0.117272, -0.73225, -0.0, 0.0, 0.0, 0.0, 1.0],
                [0.265374, 0.900544, -0.344404, 0.0, 0.694503, -0.42633, -0.579579, 0.4, -0.668795, -0.085387, -0.738513, 0.0, 0.0, 0.0, 0.0, 1.0]
            ]
        },
        {
            "name": "Arm_R",
            "time": [0.0, 0.0417, 0.0833, 0.125, 0.1667, 0.2083, 0.25, 0.4167],
            "transform": [
                [0.624464, -0.511322, 0.59003, 0.0, 0.173633, 0.832426, 0.527996, 0.39386, -0.763853, -0.228795, 0.602381, 0.0, 0.0, 0.0, 0.0, 1.0],
                [0.686621, -0.468013, 0.556295, 0.0, 0.173314, 0.853079, 0.494636, 0.393861, -0.708583, -0.244851, 0.660036, 0.0, 0.0, 0.0, 0.0, 1.0],
                [0.762417, -0.438081, 0.477289, 0.0, 0.211755, 0.869037, 0.450608, 0.39386, -0.61437, -0.244115, 0.747614, 0.0, 0.0, 0.0, 0.0, 1.0],
                [0.817375, -0.429318, 0.38684, -0.0, 0.261679, 0.875726, 0.410201, 0.393861, -0.516707, -0.235636, 0.819681, -0.0, 0.0, 0.0, 0.0, 1.0],
                [0.780437, -0.50376, 0.373583, 0.0, 0.318875, 0.835536, 0.450706, 0.39386, -0.541108, -0.234188, 0.804417, -0.0, 0.0, 0.0, 0.0, 1.0],
                [0.647192, -0.64435, 0.410465, -0.0, 0.363035, 0.73624, 0.571733, 0.39386, -0.672984, -0.222498, 0.70315, -0.0, 0.0, 0.0, 0.0, 1.0],
                [0.534994, -0.734732, 0.420426, 0.0, 0.370356, 0.653973, 0.658806, 0.393861, -0.761695, -0.198077, 0.615624, 0.0, 0.0, 0.0, 0.0, 1.0],
                [0.612464, -0.521218, 0.59391, -0.0, 0.174733, 0.82705, 0.535885, 0.39386, -0.77326, -0.225945, 0.591502, -0.0, 0.0, 0.0, 0.0, 1.0]
            ]
        },
        {
            "name": "Hand_R",
            "time": [0.0, 0.0417, 0.0833, 0.125, 0.1667, 0.2083, 0.25, 0.4167],
            "transform": [
                [0.997809, -6e-06, -8e-06, -0.0, -0.0, 0.79172, -0.614459, 0.3, 1e-05, 0.618555, 0.786477, 0.0, 0.0, 0.0, 0.0, 1.0],
                [0.997811, -6e-06, -9e-06, -0.0, -0.0, 0.822586, -0.5728, 0.3, 1e-05, 0.576133, 0.817827, 0.0, 0.0, 0.0, 0.0, 1.0],
                [0.997813, -6e-06, -9e-06, 0.0, -0.0, 0.825309, -0.568893, 0.3, 1e-05, 0.572165, 0.82059, 0.0, 0.0, 0.0, 0.0, 1.0],
                [0.997812, -6e-06, -8e-06, 0.0, -0.0, 0.803957, -0.598499, 0.3, 1e-05, 0.602303, 0.79888, 0.0, 0.0, 0.0, 0.0, 1.0],
                [0.99781, -7e-06, -8e-06, -0.0, -0.0, 0.733107, -0.682535, 0.3, 1.1e-05, 0.688147, 0.727128, 0.0, 0.0, 0.0, 0.0, 1.0],
                [0.997808, -8e-06, -6e-06, 0.0, -0.0, 0.602423, -0.797952, 0.3, 1.1e-05, 0.806872, 0.595763, 0.0, 0.0, 0.0, 0.0, 1.0],
                [0.997806, -9e-06, -5e-06, 0.0, -0.0, 0.498301, -0.864774, 0.3, 1.1e-05, 0.876135, 0.491839, 0.0, 0.0, 0.0, 0.0, 1.0],
                [0.997809, -7e-06, -8e-06, -0.0, -0.0, 0.784174, -0.62397, 0.3, 1e-05, 0.628256, 0.778825, 0.0, 0.0, 0.0, 0.0, 1.0]
            ]
        },
        {
            "name": "Tool_R",
            "time": [0.0, 0.0417, 0.0833, 0.125, 0.1667, 0.2083, 0.25, 0.4167],
            "transform": [
                [0.959148, 0.123401, -0.252251, 2e-06, -0.258267, 0.016265, -0.957382, 0.272858, -0.113911, 1.001014, 0.046587, 1e-06, 0.0, 0.0, 0.0, 1.0],
                [0.96673, 0.087928, -0.23789, 2e-06, -0.236447, -0.049604, -0.961759, 0.272858, -0.096267, 1.003658, -0.026671, 1e-06, 0.0, 0.0, 0.0, 1.0],
                [0.968017, 0.061979, -0.240626, 2e-06, -0.235775, -0.103704, -0.957817, 0.272858, -0.084232, 1.001399, -0.084208, 1e-06, 0.0, 0.0, 0.0, 1.0],
                [0.96576, 0.042356, -0.253231, 2e-06, -0.247095, -0.145727, -0.949811, 0.272858, -0.077049, 0.997093, -0.127918, 1e-06, 0.0, 0.0, 0.0, 1.0],
                [0.968267, 0.018206, -0.246495, 2e-06, -0.243442, -0.147412, -0.950489, 0.272858, -0.053584, 0.997582, -0.135803, 1e-06, 0.0, 0.0, 0.0, 1.0],
                [0.974198, -0.010591, -0.222895, 2e-06, -0.224612, -0.111827, -0.959571, 0.272858, -0.01475, 1.002393, -0.109286, 1e-06, 0.0, 0.0, 0.0, 1.0],
                [0.977672, -0.030481, -0.205612, 2e-06, -0.209271, -0.083886, -0.965629, 0.272858, 0.012171, 1.004764, -0.086764, 1e-06, 0.0, 0.0, 0.0, 1.0],
                [0.957209, 0.132057, -0.255215, 1e-06, -0.263174, 0.028577, -0.955808, 0.272858, -0.118792, 0.999624, 0.060957, 1e-06, 0.0, 0.0, 0.0, 1.0]
            ]
        },
        {
            "name": "Elbow_R",
            "time": [0.0, 0.4167],
            "transform": [
                [-1.0, 0.0, -0.0, -0.0, 0.0, -0.0, -1.0, 0.3, -0.0, -1.0, 0.0, 0.0, 0.0, 0.0, 0.0, 1.0],
                [-1.0, 0.0, 0.0, -0.0, 0.0, -0.0, -1.0, 0.3, -0.0, -1.0, 0.0, 0.0, 0.0, 0.0, 0.0, 1.0]
            ]
        },
        {
            "name": "Shoulder_L",
            "time": [0.0, 0.0417, 0.0833, 0.125, 0.1667, 0.2083, 0.25, 0.4167],
            "transform": [
                [-0.017929, -0.955321, 0.295046, -0.0, -0.708927, -0.195929, -0.677516, 0.4, 0.705001, -0.221315, -0.673785, 0.0, 0.0, 0.0, 0.0, 1.0],
                [-0.044857, -0.947736, 0.315907, -0.0, -0.712747, -0.191197, -0.674854, 0.4, 0.699932, -0.255436, -0.666964, -0.0, 0.0, 0.0, 0.0, 1.0],
                [-0.076053, -0.938028, 0.33813, 0.0, -0.719146, -0.183277, -0.670246, 0.4, 0.69063, -0.294141, -0.660686, 0.0, 0.0, 0.0, 0.0, 1.0],
                [-0.099431, -0.927988, 0.359117, -0.0, -0.726127, -0.179066, -0.663827, 0.4, 0.680278, -0.326772, -0.656077, 0.0, 0.0, 0.0, 0.0, 1.0],
                [-0.096218, -0.921884, 0.375346, -0.0, -0.731903, -0.190016, -0.65437, 0.4, 0.674525, -0.337681, -0.656492, -0.0, 0.0, 0.0, 0.0, 1.0],
                [-0.056692, -0.921614, 0.383963, -0.0, -0.735319, -0.221578, -0.640465, 0.4, 0.675289, -0.318647, -0.665165, -0.0, 0.0, 0.0, 0.0, 1.0],
                [-0.025182, -0.9212, 0.388293, 0.0, -0.736504, -0.245521, -0.630291, 0.4, 0.675908, -0.301854, -0.672331, -0.0, 0.0, 0.0, 0.0, 1.0],
                [-0.013076, -0.956715, 0.290754, 0.0, -0.708532, -0.196299, -0.677822, 0.4, 0.705505, -0.214873, -0.675341, 0.0, 0.0, 0.0, 0.0, 1.0]
            ]
        },
        {
            "name": "Arm_L",
            "time": [0.0, 0.0417, 0.0833, 0.125, 0.1667, 0.2083, 0.25, 0.4167],
            "transform": [
                [0.794353, 0.222378, -0.564295, -0.0, -0.097103, 0.967343, 0.241888, 0.39386, 0.599683, -0.13793, 0.786644, 0.0, 0.0, 0.0, 0.0, 1.0],
                [0.800317, 0.23098, -0.552352, 0.0, -0.063674, 0.952618, 0.303136, 0.393861, 0.596226, -0.208311, 0.773798, 0.0, 0.0, 0.0, 0.0, 1.0],
                [0.815348, 0.235353, -0.528102, -0.0, -0.027823, 0.930835, 0.36856, 0.39386, 0.578346, -0.287018, 0.762245, -0.0, 0.0, 0.0, 0.0, 1.0],
                [0.831555, 0.229586, -0.504953, -0.0, 0.002625, 0.911271, 0.415131, 0.39386, 0.555486, -0.347992, 0.753945, 0.0, 0.0, 0.0, 0.0, 1.0],
                [0.836763, 0.208592, -0.505418, -0.0, 0.023239, 0.912527, 0.411741, 0.39386, 0.547123, -0.357779, 0.75549, 0.0, 0.0, 0.0, 0.0, 1.0],
                [0.829312, 0.166659, -0.532363, -0.0, 0.0301, 0.941992, 0.339094, 0.39386, 0.558023, -0.298493, 0.772885, 0.0, 0.0, 0.0, 0.0, 1.0],
                [0.823826, 0.134737, -0.549526, -0.0, 0.030862, 0.96141, 0.279805, 0.39386, 0.566048, -0.248514, 0.784524, -0.0, 0.0, 0.0, 0.0, 1.0],
                [0.794406, 0.220661, -0.564889, -0.0, -0.103719, 0.969507, 0.230284, 0.39386, 0.598504, -0.124875, 0.789694, 0.0, 0.0, 0.0, 0.0, 1.0]
            ]
        },
        {
            "name": "Hand_L",
            "time": [0.0, 0.0417, 0.0833, 0.125, 0.1667, 0.2083, 0.25, 0.4167],
            "transform": [
                [1.000891, -0.0, 0.0, 0.0, 0.0, 0.169179, -0.98071, 0.3, 0.0, 0.989938, 0.167601, 0.0, 0.0, 0.0, 0.0, 1.0],
                [1.000891, -0.0, 0.0, 0.0, 0.0, 0.114852, -0.988337, 0.3, 0.0, 0.997767, 0.113766, -0.0, 0.0, 0.0, 0.0, 1.0],
                [1.000891, -0.0, 0.0, -0.0, 0.0, 0.065103, -0.992733, 0.3, 0.0, 1.002281, 0.064483, -0.0, 0.0, 0.0, 0.0, 1.0],
                [1.000891, -0.0, 0.0, 0.0, 0.0, 0.031348, -0.994326, 0.3, 0.0, 1.003918, 0.031048, -0.0, 0.0, 0.0, 0.0, 1.0],
                [1.000891, -0.0, 0.0, -0.0, 0.0, 0.036362, -0.994161, 0.3, 0.0, 1.003747, 0.036014, 0.0, 0.0, 0.0, 0.0, 1.0],
                [1.000891, -0.0, 0.0, -0.0, 0.0, 0.104063, -0.989501, 0.3, 0.0, 0.998958, 0.103078, -0.0, 0.0, 0.0, 0.0, 1.0],
                [1.000891, -0.0, 0.0, -0.0, 0.0, 0.158297, -0.982476, 0.3, 0.0, 0.991753, 0.156816, -0.0, 0.0, 0.0, 0.0, 1.0],
                [1.000891, -0.0, 0.0, 0.0, 0.0, 0.180955, -0.97866, 0.3, 0.0, 0.987836, 0.179274, 0.0, 0.0, 0.0, 0.0, 1.0]
            ]
        },
        {
            "name": "Tool_L",
            "time": [0.0, 0.0417, 0.0833, 0.125, 0.1667, 0.2083, 0.25, 0.4167],
            "transform": [
                [-0.23072, -0.001347, -0.969036, 0.0, 0.487012, 0.867711, -0.115465, 0.272858, 0.845482, -0.499589, -0.197697, -0.0, 0.0, 0.0, 0.0, 1.0],
                [-0.213332, 0.03227, -0.972412, 0.0, 0.545819, 0.83535, -0.090694, 0.272858, 0.813161, -0.551592, -0.194009, -0.0, 0.0, 0.0, 0.0, 1.0],
                [-0.181186, 0.075864, -0.976427, 0.0, 0.610035, 0.793498, -0.050847, 0.272858, 0.773945, -0.606969, -0.188291, -0.0, 0.0, 0.0, 0.0, 1.0],
                [-0.137487, 0.111326, -0.980081, 0.0, 0.665684, 0.74922, -0.008267, 0.272858, 0.735713, -0.656327, -0.175469, -0.0, 0.0, 0.0, 0.0, 1.0],
                [-0.086872, 0.11634, -0.985168, 0.0, 0.697663, 0.719224, 0.022963, 0.272858, 0.713196, -0.688577, -0.142297, -0.0, 0.0, 0.0, 0.0, 1.0],
                [-0.019302, 0.077875, -0.992403, 0.0, 0.699785, 0.716336, 0.041962, 0.272858, 0.71616, -0.697036, -0.06767, -0.0, 0.0, 0.0, 0.0, 1.0],
                [0.026894, 0.043791, -0.99426, 0.0, 0.696516, 0.71903, 0.04982, 0.272858, 0.719133, -0.697233, -0.011056, -0.0, 0.0, 0.0, 0.0, 1.0],
                [-0.232828, -0.006804, -0.96852, 0.0, 0.475479, 0.873586, -0.1187, 0.272858, 0.851513, -0.489082, -0.198309, -0.0, 0.0, 0.0, 0.0, 1.0]
            ]
        },
        {
            "name": "Elbow_L",
            "time": [0.0, 0.4167],
            "transform": [
                [-1.0, 0.0, -0.0, 0.0, 0.0, -0.0, -1.0, 0.3, -0.0, -1.0, -0.0, 0.0, 0.0, 0.0, 0.0, 1.0],
                [-1.0, 0.0, -0.0, 0.0, 0.0, -0.0, -1.0, 0.3, -0.0, -1.0, -0.0, 0.0, 0.0, 0.0, 0.0, 1.0]
            ]
        }
    ]
}