{
    "animation": [
        {
            "name": "Root",
            "time": [0.0, 0.0417, 0.0833, 0.125, 0.1667, 0.2083, 0.25, 0.2917, 0.3333, 0.375],
            "transform": [
                [1.0, -0.0, -0.0, -0.031072, -0.0, -0.0, -1.0, -0.034825, 0.0, 1.0, -0.0, 0.528888, 0.0, 0.0, 0.0, 1.0],
                [1.0, -0.0, -0.0, -0.02584, -0.0, -0.0, -1.0, 0.009904, 0.0, 1.0, -0.0, 0.604156, 0.0, 0.0, 0.0, 1.0],
                [1.0, -0.0, -0.0, -0.027146, -0.0, -0.0, -1.0, -0.133326, 0.0, 1.0, -0.0, 1.031547, 0.0, 0.0, 0.0, 1.0],
                [1.0, -0.0, -0.0, -0.011692, -0.0, -0.0, -1.0, 0.357978, 0.0, 1.0, -0.0, 0.560469, 0.0, 0.0, 0.0, 1.0],
                [1.0, -0.0, -0.0, 0.009639, -0.0, -0.0, -1.0, 0.240388, 0.0, 1.0, -0.0, 0.448491, 0.0, 0.0, 0.0, 1.0],
                [1.0, -0.0, -0.0, 0.017807, -0.0, -0.0, -1.0, -0.067316, 0.0, 1.0, -0.0, 0.409542, 0.0, 0.0, 0.0, 1.0],
                [1.0, -0.0, -0.0, 0.019753, -0.0, -0.0, -1.0, -0.146591, 0.0, 1.0, -0.0, 0.463097, 0.0, 0.0, 0.0, 1.0],
                [1.0, -0.0, -0.0, 0.021713, -0.0, -0.0, -1.0, -0.077709, 0.0, 1.0, -0.0, 0.560469, 0.0, 0.0, 0.0, 1.0],
                [1.0, -0.0, -0.0, 0.021713, -0.0, -0.0, -1.0, -0.066474, 0.0, 1.0, -0.0, 0.561967, 0.0, 0.0, 0.0, 1.0],
                [1.0, -0.0, -0.0, 0.021713, -0.0, -0.0, -1.0, -0.055239, 0.0, 1.0, -0.0, 0.563465, 0.0, 0.0, 0.0, 1.0]
            ]
        },
        {
            "name": "Thigh_R",
            "time": [0.0, 0.0417, 0.0833, 0.125, 0.1667, 0.2083, 0.25, 0.2917, 0.3333, 0.375],
            "transform": [
                [0.987316, 0.139655, 0.075542, 0.1147, 0.047202, -0.712429, 0.700156, 0.122255, 0.151599, -0.687709, -0.709983, 0.056804, 0.0, 0.0, 0.0, 1.0],
                [0.728294, 0.319392, 0.606282, 0.1147, 0.135068, -0.934291, 0.329938, 0.122255, 0.671823, -0.158402, -0.723577, 0.056804, 0.0, 0.0, 0.0, 1.0],
                [0.877682, 0.166205, 0.449502, 0.1147, 0.412108, -0.74051, -0.53086, 0.122255, 0.244629, 0.65117, -0.718426, 0.056804, 0.0, 0.0, 0.0, 1.0],
                [0.978777, 0.007146, 0.204811, 0.1147, 0.20137, 0.152086, -0.967636, 0.122255, -0.038063, 0.988342, 0.147419, 0.056804, 0.0, 0.0, 0.0, 1.0],
                [0.997841, 0.065693, 0.000483, 0.1147, -0.057362, 0.874848, -0.48099, 0.122255, -0.03202, 0.479923, 0.876726, 0.056804, 0.0, 0.0, 0.0, 1.0],
                [0.9685, 0.229575, -0.096465, 0.1147, -0.17878, 0.910691, 0.372398, 0.122255, 0.173343, -0.343421, 0.923047, 0.056804, 0.0, 0.0, 0.0, 1.0],
                [0.983777, 0.161871, 0.077356, 0.1147, -0.119819, 0.271896, 0.954838, 0.122255, 0.133528, -0.948616, 0.286879, 0.056804, 0.0, 0.0, 0.0, 1.0],
                [0.962379, 0.204673, 0.178711, 0.1147, 0.022205, -0.71476, 0.699018, 0.122255, 0.270806, -0.668752, -0.692413, 0.056804, 0.0, 0.0, 0.0, 1.0],
                [0.8436, 0.121959, 0.522941, 0.1147, -0.015061, -0.96811, 0.250076, 0.122255, 0.536763, -0.218839, -0.814859, 0.056804, 0.0, 0.0, 0.0, 1.0],
                [0.741798, 0.124356, 0.658993, 0.1147, -0.050194, -0.969606, 0.239471, 0.122255, 0.668743, -0.210716, -0.713009, 0.056804, 0.0, 0.0, 0.0, 1.0]
            ]
        },
        {
            "name": "Leg_R",
            "time": [0.0, 0.0417, 0.0833, 0.125, 0.1667, 0.2083, 0.25, 0.2917, 0.3333, 0.375],
            "transform": [
                [0.999999, -0.0, 0.0, -0.0, -0.0, 0.008335, 0.999965, 0.37472, 0.0, -0.999966, 0.008335, -0.0, 0.0, 0.0, 0.0, 1.0],
                [0.999999, 0.0, -0.0, -0.0, -0.0, 0.400184, 0.916435, 0.37472, 0.0, -0.916435, 0.400183, 0.0, 0.0, 0.0, 0.0, 1.0],
                [0.999999, 0.0, -0.0, -0.0, 0.0, -0.35687, 0.934154, 0.37472, 0.0, -0.934154, -0.35687, 0.0, 0.0, 0.0, 0.0, 1.0],
                [0.999999, 0.0, 0.0, 0.0, 0.0, -0.748577, 0.663049, 0.37472, 0.0, -0.663049, -0.748577, -0.0, 0.0, 0.0, 0.0, 1.0],
                [0.999999, 0.0, 0.0, -0.0, 0.0, -0.78384, 0.620964, 0.37472, 0.0, -0.620963, -0.78384, -0.0, 0.0, 0.0, 0.0, 1.0],
                [0.999999, 0.0, 0.0, -0.0, 0.0, -0.713423, 0.700734, 0.37472, 0.0, -0.700734, -0.713423, -0.0, 0.0, 0.0, 0.0, 1.0],
                [0.999999, 0.0, -0.0, -0.0, 0.0, -0.541419, 0.840753, 0.37472, 0.0, -0.840753, -0.541419, 0.0, 0.0, 0.0, 0.0, 1.0],
                [0.999999, 0.0, -0.0, -0.0, 0.0, 0.125802, 0.992055, 0.37472, 0.0, -0.992056, 0.125802, -0.0, 0.0, 0.0, 0.0, 1.0],
                [0.999999, 0.0, 0.0, -0.0, -0.0, 0.910408, 0.413712, 0.37472, -0.0, -0.413712, 0.910409, 0.0, 0.0, 0.0, 0.0, 1.0],
                [0.999999, 0.0, 0.0, 0.0, -0.0, 0.920428, 0.390911, 0.37472, -0.0, -0.390911, 0.920429, -0.0, 0.0, 0.0, 0.0, 1.0]
            ]
        },
        {
            "name": "Knee_R",
            "time": [0.0, 0.375],
            "transform": [
                [1.0, 0.0, -0.0, -0.0, -0.0, 1e-06, -1.0, 0.37472, -0.0, 1.0, 1e-06, -0.0, 0.0, 0.0, 0.0, 1.0],
                [1.0, 0.0, -0.0, 0.0, -0.0, 1e-06, -1.0, 0.37472, -0.0, 1.0, 1e-06, -0.0, 0.0, 0.0, 0.0, 1.0]
            ]
        },
        {
            "name": "Thigh_L",
            "time": [0.0, 0.0417, 0.0833, 0.125, 0.1667, 0.2083, 0.25, 0.375],
            "transform": [
                [0.990191, -0.105617, 0.09145, -0.134137, -0.137667, -0.626206, 0.767409, 0.051466, -0.023785, -0.772474, -0.634603, -0.012027, 0.0, 0.0, 0.0, 1.0],
                [0.972077, -0.120408, 0.201408, -0.134137, -0.21392, -0.807487, 0.549733, 0.051466, 0.096442, -0.57747, -0.810696, -0.012027, 0.0, 0.0, 0.0, 1.0],
                [0.967013, -0.128897, 0.219698, -0.134137, -0.013442, -0.887137, -0.461314, 0.051466, 0.254363, 0.443146, -0.859606, -0.012027, 0.0, 0.0, 0.0, 1.0],
                [0.993119, -0.106878, -0.047828, -0.134137, -0.019742, 0.249774, -0.968103, 0.051466, 0.115414, 0.96239, 0.245946, -0.012027, 0.0, 0.0, 0.0, 1.0],
                [0.984547, -0.085527, -0.152799, -0.134137, 0.060601, 0.985107, -0.16092, 0.051466, 0.164286, 0.149174, 0.975067, -0.012027, 0.0, 0.0, 0.0, 1.0],
                [0.996898, 0.005155, -0.078507, -0.134137, 0.063261, 0.540727, 0.838817, 0.051466, 0.046775, -0.841185, 0.538723, -0.012027, 0.0, 0.0, 0.0, 1.0],
                [0.989297, -0.108343, -0.09772, -0.134137, 0.078222, -0.171517, 0.982071, 0.051466, -0.123161, -0.979208, -0.161206, -0.012027, 0.0, 0.0, 0.0, 1.0],
                [0.996769, -0.074707, 0.029451, -0.134137, -0.056217, -0.387293, 0.920241, 0.051467, -0.057341, -0.918928, -0.390241, -0.012027, 0.0, 0.0, 0.0, 1.0]
            ]
        },
        {
            "name": "Leg_L",
            "time": [0.0, 0.0417, 0.0833, 0.125, 0.1667, 0.2083, 0.25, 0.375],
            "transform": [
                [0.999998, -0.0, -0.0, -0.0, 0.0, 0.142142, 0.989847, 0.37472, -0.0, -0.989848, 0.142142, -0.0, 0.0, 0.0, 0.0, 1.0],
                [0.999998, -0.0, -0.0, 0.0, -0.0, -0.45099, 0.89253, 0.37472, -0.0, -0.89253, -0.45099, 0.0, 0.0, 0.0, 0.0, 1.0],
                [0.999998, -0.0, -0.0, -0.0, -0.0, -0.742148, 0.670237, 0.37472, -0.0, -0.670236, -0.742149, -0.0, 0.0, 0.0, 0.0, 1.0],
                [0.999998, -0.0, -0.0, 0.0, -0.0, -0.668421, 0.743784, 0.37472, -0.0, -0.743783, -0.668422, -0.0, 0.0, 0.0, 0.0, 1.0],
                [0.999998, -0.0, -0.0, 0.0, -0.0, -0.425918, 0.904762, 0.37472, -0.0, -0.904762, -0.425918, 0.0, 0.0, 0.0, 0.0, 1.0],
                [0.999998, -0.0, -0.0, 0.0, 0.0, -0.140707, 0.990052, 0.37472, -0.0, -0.990053, -0.140707, 0.0, 0.0, 0.0, 0.0, 1.0],
                [0.999998, -0.0, -0.0, 0.0, 0.0, 0.074835, 0.997196, 0.37472, -0.0, -0.997197, 0.074835, -0.0, 0.0, 0.0, 0.0, 1.0],
                [0.999998, -0.0, -0.0, 0.0, 0.0, -0.318372, 0.947967, 0.37472, -0.0, -0.947967, -0.318372, -0.0, 0.0, 0.0, 0.0, 1.0]
            ]
        },
        {
            "name": "Knee_L",
            "time": [0.0, 0.375],
            "transform": [
                [1.0, 0.0, -0.0, -0.0, -0.0, 1e-06, -1.0, 0.37472, -0.0, 1.0, 1e-06, -0.0, 0.0, 0.0, 0.0, 1.0],
                [1.0, 0.0, -0.0, 0.0, -0.0, 1e-06, -1.0, 0.37472, -0.0, 1.0, 1e-06, -0.0, 0.0, 0.0, 0.0, 1.0]
            ]
        },
        {
            "name": "Torso",
            "time": [0.0, 0.0417, 0.0833, 0.125, 0.1667, 0.2083, 0.25, 0.2917, 0.3333, 0.375],
            "transform": [
                [0.999254, -0.005895, -0.038233, 0.0, 0.016569, 0.958294, 0.285299, 0.05, 0.034956, -0.285718, 0.957676, 0.0, 0.0, 0.0, 0.0, 1.0],
                [0.967012, 0.042784, -0.251121, 0.0, 0.117157, 0.800655, 0.587557, 0.05, 0.2262, -0.597593, 0.769231, -0.0, 0.0, 0.0, 0.0, 1.0],
                [0.985182, 0.171519, -0.000887, 0.0, 0.090855, -0.517453, 0.850874, 0.05, 0.145482, -0.838344, -0.525369, 0.0, 0.0, 0.0, 0.0, 1.0],
                [0.990428, 0.025272, 0.135713, -0.0, 0.07441, -0.925788, -0.370645, 0.05, 0.116275, 0.377194, -0.918807, 0.0, 0.0, 0.0, 0.0, 1.0],
                [0.984252, -0.127118, 0.122847, 0.0, 0.101789, -0.160635, -0.981752, 0.05, 0.144533, 0.978792, -0.145166, 0.0, 0.0, 0.0, 0.0, 1.0],
                [0.994681, -0.06893, -0.076558, 0.0, -0.017205, 0.621565, -0.783173, 0.05, 0.10157, 0.780322, 0.617073, -0.0, 0.0, 0.0, 0.0, 1.0],
                [0.984829, -0.064507, -0.161106, 0.0, 0.032393, 0.980362, -0.19452, 0.05, 0.17049, 0.186349, 0.967578, -0.0, 0.0, 0.0, 0.0, 1.0],
                [0.950009, -0.052643, -0.307759, 0.0, 0.055507, 0.998457, 0.000554, 0.05, 0.307255, -0.01761, 0.951465, -0.0, 0.0, 0.0, 0.0, 1.0],
                [0.860544, -0.184411, -0.474826, 0.0, 0.092435, 0.973222, -0.210455, 0.05, 0.500923, 0.137214, 0.854547, -0.0, 0.0, 0.0, 0.0, 1.0],
                [0.878032, -0.132117, -0.460009, 0.0, 0.014192, 0.967908, -0.250901, 0.05, 0.478396, 0.213769, 0.851728, 0.0, 0.0, 0.0, 0.0, 1.0]
            ]
        },
        {
            "name": "Chest",
            "time": [0.0, 0.0417, 0.0833, 0.125, 0.1667, 0.2083, 0.25, 0.2917, 0.3333, 0.375],
            "transform": [
                [0.999829, -0.016268, -0.008993, 0.0, 0.017854, 0.975094, 0.221066, 0.3, 0.005172, -0.221189, 0.975217, 0.0, 0.0, 0.0, 0.0, 1.0],
                [0.99828, 0.016133, -0.056396, 0.0, 0.01561, 0.853699, 0.52053, 0.3, 0.056544, -0.520513, 0.851979, 0.0, 0.0, 0.0, 0.0, 1.0],
                [0.999361, 0.032942, -0.014002, -0.0, -0.007912, 0.584801, 0.811138, 0.3, 0.034909, -0.810505, 0.584689, -0.0, 0.0, 0.0, 0.0, 1.0],
                [0.997138, 0.075011, -0.009614, -0.0, -0.026912, 0.470774, 0.881843, 0.3, 0.070674, -0.879056, 0.471446, -0.0, 0.0, 0.0, 0.0, 1.0],
                [0.993705, 0.076087, -0.08225, -0.0, 0.034857, 0.487725, 0.872301, 0.3, 0.106486, -0.869672, 0.482003, 0.0, 0.0, 0.0, 0.0, 1.0],
                [0.99693, -0.021956, -0.075187, 0.0, 0.070008, 0.680281, 0.729599, 0.3, 0.035129, -0.732619, 0.67973, 0.0, 0.0, 0.0, 0.0, 1.0],
                [0.997368, 0.065524, -0.031109, 0.0, -0.054405, 0.959441, 0.276603, 0.3, 0.047971, -0.274182, 0.96048, -0.0, 0.0, 0.0, 0.0, 1.0],
                [0.990916, 0.032982, -0.13039, 0.0, -0.031549, 0.999416, 0.01304, 0.3, 0.130744, -0.008808, 0.991377, -0.0, 0.0, 0.0, 0.0, 1.0],
                [0.995196, 0.044952, 0.087002, 0.0, -0.061832, 0.977369, 0.202297, 0.3, -0.07594, -0.206704, 0.975451, -0.0, 0.0, 0.0, 0.0, 1.0],
                [0.976351, -0.063826, 0.206562, 0.0, -0.018954, 0.92648, 0.375862, 0.3, -0.215366, -0.370888, 0.90336, 0.0, 0.0, 0.0, 0.0, 1.0]
            ]
        },
        {
            "name": "Head",
            "time": [0.0, 0.0417, 0.0833, 0.125, 0.1667, 0.2083, 0.25, 0.2917, 0.3333, 0.375],
            "transform": [
                [0.986522, 0.154296, -0.054434, -0.0, -0.163532, 0.919178, -0.358279, 0.4, -0.005247, 0.362349, 0.932032, 0.0, 0.0, 0.0, 0.0, 1.0],
                [0.975674, -0.174784, 0.132319, -0.0, 0.097543, 0.886672, 0.45199, 0.4, -0.196324, -0.428086, 0.882159, 0.0, 0.0, 0.0, 0.0, 1.0],
                [0.989611, 0.142726, -0.017232, 0.0, -0.074261, 0.610136, 0.788811, 0.4, 0.123097, -0.779331, 0.614401, 0.0, 0.0, 0.0, 0.0, 1.0],
                [0.977882, 0.201034, 0.057705, -0.0, -0.19982, 0.816498, 0.541666, 0.4, 0.061777, -0.541214, 0.838614, 0.0, 0.0, 0.0, 0.0, 1.0],
                [0.972058, 0.141931, 0.186968, -0.0, -0.178556, 0.964119, 0.19644, 0.4, -0.152378, -0.224334, 0.962527, 0.0, 0.0, 0.0, 0.0, 1.0],
                [0.975907, 0.133418, 0.172634, -0.0, -0.080301, 0.955342, -0.284378, 0.4, -0.202865, 0.263663, 0.943044, 0.0, 0.0, 0.0, 0.0, 1.0],
                [0.967098, 0.112053, 0.228393, 0.0, -0.042441, 0.956252, -0.289445, 0.4, -0.250834, 0.270228, 0.92955, 0.0, 0.0, 0.0, 0.0, 1.0],
                [0.895329, 0.134576, 0.424588, 0.0, -0.148109, 0.988969, -0.001143, 0.4, -0.420057, -0.061862, 0.905388, 0.0, 0.0, 0.0, 0.0, 1.0],
                [0.924893, 0.109471, 0.364126, 0.0, -0.125394, 0.991898, 0.020301, 0.4, -0.358953, -0.064436, 0.93113, 0.0, 0.0, 0.0, 0.0, 1.0],
                [0.966739, 0.132864, 0.218544, -0.0, -0.103547, 0.984639, -0.14057, 0.4, -0.233863, 0.113265, 0.965651, 0.0, 0.0, 0.0, 0.0, 1.0]
            ]
        },
        {
            "name": "Shoulder_R",
            "time": [0.0, 0.0417, 0.0833, 0.125, 0.1667, 0.2083, 0.25, 0.2917, 0.3333, 0.375],
            "transform": [
                [0.549892, 0.835014, 0.020042, -0.0, 0.818594, -0.533989, -0.211643, 0.4, -0.16603, 0.132791, -0.977105, 0.0, 0.0, 0.0, 0.0, 1.0],
                [0.547449, 0.835462, -0.0483, -0.0, 0.764489, -0.522749, -0.377239, 0.4, -0.34043, 0.1696, -0.924819, 0.0, 0.0, 0.0, 0.0, 1.0],
                [0.535278, 0.842718, -0.057727, 0.0, 0.729203, -0.495502, -0.471967, 0.4, -0.426356, 0.210545, -0.879686, 0.0, 0.0, 0.0, 0.0, 1.0],
                [0.509466, 0.858573, -0.057646, -0.0, 0.731657, -0.467463, -0.496151, 0.4, -0.452949, 0.2106, -0.866282, 0.0, 0.0, 0.0, 0.0, 1.0],
                [0.465004, 0.879853, -0.098259, -0.0, 0.730581, -0.444041, -0.518737, 0.4, -0.500064, 0.169433, -0.849231, 0.0, 0.0, 0.0, 0.0, 1.0],
                [0.441085, 0.882181, -0.164999, -0.0, 0.804114, -0.470112, -0.363894, 0.4, -0.398605, 0.027831, -0.916672, 0.0, 0.0, 0.0, 0.0, 1.0],
                [0.431965, 0.898704, -0.07592, 0.0, 0.855104, -0.434855, -0.282362, 0.4, -0.286787, 0.057052, -0.956263, 0.0, 0.0, 0.0, 0.0, 1.0],
                [0.476594, 0.854514, -0.206614, 0.0, 0.812327, -0.51791, -0.268186, 0.4, -0.33619, -0.040024, -0.940912, 0.0, 0.0, 0.0, 0.0, 1.0],
                [0.436001, 0.838484, -0.326906, 0.0, 0.772554, -0.535038, -0.341934, 0.4, -0.461633, -0.103472, -0.880989, 0.0, 0.0, 0.0, 0.0, 1.0],
                [0.43783, 0.861672, -0.25661, -0.0, 0.775377, -0.506368, -0.377364, 0.4, -0.455123, -0.033749, -0.889762, 0.0, 0.0, 0.0, 0.0, 1.0]
            ]
        },
        {
            "name": "Arm_R",
            "time": [0.0, 0.0417, 0.0833, 0.125, 0.1667, 0.2083, 0.25, 0.2917, 0.3333, 0.375],
            "transform": [
                [0.467464, -0.775589, 0.427578, -0.0, 0.464696, 0.629702, 0.622056, 0.39386, -0.754411, -0.092708, 0.648113, 0.0, 0.0, 0.0, 0.0, 1.0],
                [0.543333, -0.269076, 0.79213, 0.0, 0.452158, 0.895293, -0.006857, 0.393861, -0.709885, 0.364307, 0.601915, -0.0, 0.0, 0.0, 0.0, 1.0],
                [0.378646, 0.050644, 0.919721, -0.0, 0.319803, 0.93326, -0.180379, 0.39386, -0.870623, 0.364837, 0.333742, 0.0, 0.0, 0.0, 0.0, 1.0],
                [0.39871, 0.010711, 0.91264, 0.0, 0.291412, 0.950008, -0.13652, 0.39386, -0.871633, 0.322515, 0.371826, -0.0, 0.0, 0.0, 0.0, 1.0],
                [0.655426, -0.086522, 0.747507, -0.0, -0.067117, 0.986235, 0.170277, 0.39386, -0.754684, -0.162853, 0.634049, -0.0, 0.0, 0.0, 0.0, 1.0],
                [0.69001, -0.480449, 0.541548, 0.0, -0.022278, 0.738995, 0.672571, 0.39386, -0.725951, -0.479341, 0.494096, -0.0, 0.0, 0.0, 0.0, 1.0],
                [0.821282, -0.38838, 0.419839, 0.0, 0.063616, 0.796506, 0.60169, 0.39386, -0.570139, -0.470586, 0.671912, 0.0, 0.0, 0.0, 0.0, 1.0],
                [0.90602, -0.29207, 0.310395, 0.0, -0.051846, 0.653147, 0.753452, 0.39386, -0.424319, -0.703442, 0.570705, 0.0, 0.0, 0.0, 0.0, 1.0],
                [0.63547, -0.568, 0.523756, 0.0, -0.031206, 0.663952, 0.745244, 0.39386, -0.773834, -0.493215, 0.400054, -0.0, 0.0, 0.0, 0.0, 1.0],
                [0.562917, -0.559663, 0.607709, -0.0, 0.115537, 0.786677, 0.606757, 0.393861, -0.8206, -0.273159, 0.502306, -0.0, 0.0, 0.0, 0.0, 1.0]
            ]
        },
        {
            "name": "Hand_R",
            "time": [0.0, 0.0417, 0.0833, 0.125, 0.1667, 0.2083, 0.25, 0.2917, 0.3333, 0.375],
            "transform": [
                [0.997802, -1e-06, -1e-06, 0.0, 0.0, 0.483292, -0.87289, 0.3, 2e-06, 0.884453, 0.476974, -0.0, 0.0, 0.0, 0.0, 1.0],
                [0.997802, -8e-06, -7e-06, -0.0, -0.0, 0.673552, -0.740187, 0.3, 1.1e-05, 0.74723, 0.667204, -0.0, 0.0, 0.0, 0.0, 1.0],
                [0.997793, -9e-06, -6e-06, -0.0, -0.0, 0.554969, -0.830577, 0.3, 1.1e-05, 0.840578, 0.548366, 0.0, 0.0, 0.0, 0.0, 1.0],
                [0.997797, -9e-06, -6e-06, 0.0, -0.0, 0.539383, -0.840469, 0.3, 1.1e-05, 0.850828, 0.532816, 0.0, 0.0, 0.0, 0.0, 1.0],
                [0.997819, -1e-05, -4e-06, -0.0, -0.0, 0.329489, -0.939151, 0.3, 1.1e-05, 0.953548, 0.324515, -0.0, 0.0, 0.0, 0.0, 1.0],
                [0.997824, -1e-05, -3e-06, 0.0, -0.0, 0.306121, -0.946677, 0.3, 1.1e-05, 0.961439, 0.301421, 0.0, 0.0, 0.0, 0.0, 1.0],
                [0.997826, -8e-06, -7e-06, -0.0, -0.0, 0.629746, -0.776963, 0.3, 1.1e-05, 0.785102, 0.623217, 0.0, 0.0, 0.0, 0.0, 1.0],
                [0.997828, -7e-06, -8e-06, -0.0, -0.0, 0.725682, -0.690093, 0.3, 1e-05, 0.695814, 0.719716, -0.0, 0.0, 0.0, 0.0, 1.0],
                [0.997816, -5e-06, -9e-06, -0.0, -0.0, 0.875013, -0.488884, 0.3, 1e-05, 0.49093, 0.871366, 0.0, 0.0, 0.0, 0.0, 1.0],
                [0.997813, -6e-06, -8e-06, -0.0, -0.0, 0.790729, -0.615482, 0.3, 1e-05, 0.619534, 0.785557, -0.0, 0.0, 0.0, 0.0, 1.0]
            ]
        },
        {
            "name": "Tool_R",
            "time": [0.0, 0.0417, 0.0833, 0.125, 0.1667, 0.2083, 0.25, 0.2917, 0.3333, 0.375],
            "transform": [
                [0.929281, -0.222052, -0.292814, 0.0, -0.361072, -0.395963, -0.839824, 0.272858, 0.070401, 0.899109, -0.441653, -0.0, 0.0, 0.0, 0.0, 1.0],
                [0.953951, 0.126074, -0.269725, 0.0, -0.264032, -0.077831, -0.953022, 0.272858, -0.140984, 0.997663, -0.040225, 0.0, 0.0, 0.0, 0.0, 1.0],
                [0.961816, 0.136117, -0.236052, 0.0, -0.211593, -0.186741, -0.951443, 0.272858, -0.173449, 0.981458, -0.148126, 0.0, 0.0, 0.0, 0.0, 1.0],
                [0.961033, 0.183443, -0.207778, 0.0, -0.116994, -0.421697, -0.8938, 0.272858, -0.251533, 0.895963, -0.377697, 0.0, 0.0, 0.0, 0.0, 1.0],
                [0.8433, 0.269021, -0.463638, 0.0, -0.312647, -0.466679, -0.823248, 0.272858, -0.437856, 0.850349, -0.304773, 0.0, 0.0, 0.0, 0.0, 1.0],
                [0.964064, 0.035606, -0.261032, 0.0, -0.227233, -0.404883, -0.880501, 0.272858, -0.136905, 0.921671, -0.376274, 0.0, 0.0, 0.0, 0.0, 1.0],
                [0.977518, 0.197231, -0.08145, 0.0, -0.033635, -0.241657, -0.961957, 0.272858, -0.20936, 0.958572, -0.225494, 0.0, 0.0, 0.0, 0.0, 1.0],
                [0.930775, 0.35708, -0.096183, 0.0, -0.050787, -0.139002, -0.980281, 0.272858, -0.363581, 0.932443, -0.109181, 0.0, 0.0, 0.0, 0.0, 1.0],
                [0.933387, 0.293173, -0.209967, -0.0, -0.186012, -0.115342, -0.967221, 0.272858, -0.30773, 0.957824, -0.052155, 0.0, 0.0, 0.0, 0.0, 1.0],
                [0.949418, 0.188872, -0.249492, -0.0, -0.260404, 0.023494, -0.956767, 0.272858, -0.174666, 0.990457, 0.070178, 0.0, 0.0, 0.0, 0.0, 1.0]
            ]
        },
        {
            "name": "Elbow_R",
            "time": [0.0, 0.375],
            "transform": [
                [-1.0, 0.0, 0.0, 0.0, -0.0, -0.0, -1.0, 0.3, -0.0, -1.0, 0.0, -0.0, 0.0, 0.0, 0.0, 1.0],
                [-1.0, 0.0, -0.0, -0.0, 0.0, -0.0, -1.0, 0.3, -0.0, -1.0, 0.0, -0.0, 0.0, 0.0, 0.0, 1.0]
            ]
        },
        {
            "name": "Shoulder_L",
            "time": [0.0, 0.0417, 0.0833, 0.125, 0.1667, 0.2083, 0.25, 0.2917, 0.3333, 0.375],
            "transform": [
                [0.069818, -0.985416, 0.155215, -0.0, -0.984833, -0.092849, -0.146463, 0.4, 0.158734, -0.142636, -0.976976, 0.0, 0.0, 0.0, 0.0, 1.0],
                [0.380611, -0.845064, -0.375513, -0.0, -0.880184, -0.206597, -0.427272, 0.4, 0.283478, 0.493151, -0.822477, 0.0, 0.0, 0.0, 0.0, 1.0],
                [0.304882, -0.913975, -0.267777, 0.0, -0.792712, -0.087716, -0.603238, 0.4, 0.527828, 0.396191, -0.751293, 0.0, 0.0, 0.0, 0.0, 1.0],
                [-0.132357, -0.984607, 0.1142, -0.0, -0.754042, 0.025247, -0.656333, 0.4, 0.643313, -0.172984, -0.745806, 0.0, 0.0, 0.0, 0.0, 1.0],
                [-0.13238, -0.934479, 0.330512, -0.0, -0.779951, -0.107552, -0.616518, 0.4, 0.611639, -0.339401, -0.714638, 0.0, 0.0, 0.0, 0.0, 1.0],
                [-0.052465, -0.994403, -0.091761, -0.0, -0.906928, 0.085906, -0.412392, 0.4, 0.417946, 0.061585, -0.906396, 0.0, 0.0, 0.0, 0.0, 1.0],
                [-0.005717, -0.944423, -0.328705, 0.0, -0.969185, 0.086153, -0.23068, 0.4, 0.246166, 0.317261, -0.915849, 0.0, 0.0, 0.0, 0.0, 1.0],
                [0.007963, -0.940026, -0.341029, 0.0, -0.959723, 0.088565, -0.266544, 0.4, 0.280748, 0.32942, -0.901494, 0.0, 0.0, 0.0, 0.0, 1.0],
                [0.109139, -0.844578, -0.524209, 0.0, -0.904694, 0.134066, -0.404378, 0.4, 0.411786, 0.518388, -0.749482, 0.0, 0.0, 0.0, 0.0, 1.0],
                [0.145787, -0.881842, -0.448459, -0.0, -0.889078, 0.082008, -0.450315, 0.4, 0.433862, 0.464371, -0.772101, 0.0, 0.0, 0.0, 0.0, 1.0]
            ]
        },
        {
            "name": "Arm_L",
            "time": [0.0, 0.0417, 0.0833, 0.125, 0.1667, 0.2083, 0.25, 0.2917, 0.3333, 0.375],
            "transform": [
                [0.464228, 0.838924, -0.288694, 0.0, -0.847155, 0.516093, 0.130504, 0.39386, 0.258472, 0.184774, 0.946239, 0.0, 0.0, 0.0, 0.0, 1.0],
                [0.588999, 0.646726, -0.485383, 0.0, -0.808008, 0.46058, -0.367851, 0.39386, -0.014341, 0.61145, 0.790472, -0.0, 0.0, 0.0, 0.0, 1.0],
                [0.493553, 0.686439, -0.534779, 0.0, -0.861088, 0.472433, -0.190066, 0.39386, 0.122178, 0.556663, 0.820759, 0.0, 0.0, 0.0, 0.0, 1.0],
                [0.359938, 0.737869, -0.571766, 0.0, -0.858246, 0.50321, 0.105892, 0.39386, 0.365847, 0.454535, 0.810944, -0.0, 0.0, 0.0, 0.0, 1.0],
                [0.529154, 0.447392, -0.720058, -0.0, -0.310375, 0.8952, 0.324392, 0.39386, 0.789716, 0.052055, 0.609973, 0.0, 0.0, 0.0, 0.0, 1.0],
                [0.732665, 0.222942, -0.641845, -0.0, -0.225069, 0.97315, 0.079342, 0.39386, 0.642308, 0.086694, 0.759938, 0.0, 0.0, 0.0, 0.0, 1.0],
                [0.893, 0.128969, -0.430379, 0.0, -0.027129, 0.973953, 0.233341, 0.39386, 0.449279, -0.197531, 0.869524, -0.0, 0.0, 0.0, 0.0, 1.0],
                [0.962893, 0.109484, -0.246347, 0.0, 0.04383, 0.840836, 0.541109, 0.39386, 0.266393, -0.534078, 0.801406, 0.0, 0.0, 0.0, 0.0, 1.0],
                [0.861426, 0.221268, -0.456427, 0.0, -0.188655, 0.977296, 0.115241, 0.39386, 0.471578, -0.01322, 0.879852, -0.0, 0.0, 0.0, 0.0, 1.0],
                [0.804012, 0.215232, -0.553304, -0.0, -0.14098, 0.976818, 0.17278, 0.39386, 0.577678, -0.061171, 0.812255, 0.0, 0.0, 0.0, 0.0, 1.0]
            ]
        },
        {
            "name": "Hand_L",
            "time": [0.0, 0.0417, 0.0833, 0.125, 0.1667, 0.2083, 0.25, 0.2917, 0.3333, 0.375],
            "transform": [
                [1.000887, 1e-06, 2e-06, -0.0, 1e-06, 0.714516, -0.699119, 0.3, -2e-06, 0.702798, 0.710776, -0.0, 0.0, 0.0, 0.0, 1.0],
                [1.000887, -0.0, -0.0, -0.0, 0.0, 0.684518, -0.728187, 0.3, 0.0, 0.732285, 0.680686, 0.0, 0.0, 0.0, 0.0, 1.0],
                [1.000886, -0.0, 1e-06, 0.0, 1e-06, -0.176582, -0.979505, 0.3, 0.0, 0.98854, -0.174968, -0.0, 0.0, 0.0, 0.0, 1.0],
                [1.000887, -0.0, 1e-06, -0.0, 1e-06, -0.336753, -0.937608, 0.3, 0.0, 0.945761, -0.33385, -0.0, 0.0, 0.0, 0.0, 1.0],
                [1.000887, -0.0, 1e-06, 0.0, 1e-06, -0.253178, -0.962924, 0.3, 1e-06, 0.971681, -0.250896, -0.0, 0.0, 0.0, 0.0, 1.0],
                [1.000888, -0.0, 1e-06, 0.0, 1e-06, -0.087814, -0.991022, 0.3, 0.0, 1.000517, -0.08698, -0.0, 0.0, 0.0, 0.0, 1.0],
                [1.000889, -0.0, 0.0, 0.0, 0.0, 0.105159, -0.989373, 0.3, 0.0, 0.998834, 0.104163, -0.0, 0.0, 0.0, 0.0, 1.0],
                [1.000889, -0.0, 0.0, -0.0, 0.0, 0.174263, -0.97983, 0.3, 0.0, 0.989037, 0.172641, -0.0, 0.0, 0.0, 0.0, 1.0],
                [1.000889, -0.0, 0.0, 0.0, 0.0, 0.485093, -0.871683, 0.3, 0.0, 0.878363, 0.481403, 0.0, 0.0, 0.0, 0.0, 1.0],
                [1.000889, -0.0, 0.0, 0.0, 0.0, 0.273538, -0.957469, 0.3, 0.0, 0.966111, 0.271091, -0.0, 0.0, 0.0, 0.0, 1.0]
            ]
        },
        {
            "name": "Tool_L",
            "time": [0.0, 0.0417, 0.0833, 0.125, 0.1667, 0.2083, 0.25, 0.2917, 0.3333, 0.375],
            "transform": [
                [-0.039204, -0.914715, -0.404034, 0.0, 0.643859, 0.288271, -0.707635, 0.272858, 0.766493, -0.288595, 0.573076, 0.0, 0.0, 0.0, 0.0, 1.0],
                [-0.051082, -0.92322, -0.382072, 0.0, 0.414297, 0.331062, -0.844606, 0.272858, 0.912086, -0.201844, 0.361814, 0.0, 0.0, 0.0, 0.0, 1.0],
                [-0.24157, -0.900405, -0.365299, 0.0, 0.666887, 0.121966, -0.733496, 0.272858, 0.706948, -0.422236, 0.566436, 0.0, 0.0, 0.0, 0.0, 1.0],
                [-0.578993, -0.79825, -0.176703, 0.0, 0.598904, -0.267078, -0.753101, 0.272858, 0.554657, -0.544259, 0.627983, 0.0, 0.0, 0.0, 0.0, 1.0],
                [-0.734428, -0.429346, -0.524696, -0.0, 0.664747, -0.301724, -0.681078, 0.272858, 0.133917, -0.855941, 0.502677, 0.0, 0.0, 0.0, 0.0, 1.0],
                [-0.500697, -0.178286, -0.843109, 0.0, 0.862319, -0.032263, -0.501668, 0.272858, 0.062092, -0.98859, 0.168218, 0.0, 0.0, 0.0, 0.0, 1.0],
                [-0.066893, 0.16821, -0.979337, -0.0, 0.830537, 0.558511, 0.038198, 0.272858, 0.553673, -0.816517, -0.175416, 0.0, 0.0, 0.0, 0.0, 1.0],
                [-0.03618, 0.159167, -0.982313, 0.0, 0.582063, 0.808461, 0.108222, 0.272858, 0.815078, -0.569598, -0.120744, 0.0, 0.0, 0.0, 0.0, 1.0],
                [-0.111213, 0.046643, -0.988411, -0.0, 0.325942, 0.946294, 0.008151, 0.272858, 0.94248, -0.32137, -0.119312, 0.0, 0.0, 0.0, 0.0, 1.0],
                [-0.223888, -0.015195, -0.970504, 0.0, 0.41023, 0.907114, -0.107247, 0.272858, 0.887408, -0.422669, -0.195046, 0.0, 0.0, 0.0, 0.0, 1.0]
            ]
        },
        {
            "name": "Elbow_L",
            "time": [0.0, 0.375],
            "transform": [
                [-1.0, 0.0, -0.0, -0.0, 0.0, -0.0, -1.0, 0.3, -0.0, -1.0, -0.0, -0.0, 0.0, 0.0, 0.0, 1.0],
                [-1.0, 0.0, -0.0, 0.0, 0.0, -0.0, -1.0, 0.3, -0.0, -1.0, -0.0, -0.0, 0.0, 0.0, 0.0, 1.0]
            ]
        }
    ]
}