{
    "animation": [
        {
            "name": "Root",
            "time": [0.0, 0.0167, 0.0333, 0.05, 0.0667, 0.0833, 0.1, 0.1167, 0.1333, 0.15, 0.1667, 0.1833, 0.2, 0.2167, 0.2333, 0.25, 0.2667, 0.2833, 0.3, 0.3167, 0.3333, 0.35, 0.3667, 0.3833, 0.4],
            "transform": [
                [0.962296, 0.0, -0.272003, 0.006669, -0.22511, 0.561316, -0.796398, -0.018708, 0.15268, 0.827601, 0.540152, 0.578729, 0.0, 0.0, 0.0, 1.0],
                [0.962296, 0.0, -0.272004, 0.006669, -0.223814, 0.568278, -0.791812, -0.018708, 0.154574, 0.822836, 0.546852, 0.583124, 0.0, 0.0, 0.0, 1.0],
                [0.962296, -0.0, -0.272003, 0.006669, -0.220503, 0.585511, -0.780099, -0.018708, 0.159261, 0.810664, 0.563435, 0.594111, 0.0, 0.0, 0.0, 1.0],
                [0.962296, 0.0, -0.272003, 0.006669, -0.216051, 0.60753, -0.764349, -0.018708, 0.16525, 0.794296, 0.584624, 0.608394, 0.0, 0.0, 0.0, 1.0],
                [0.962296, 0.0, -0.272004, 0.006669, -0.211437, 0.629092, -0.748023, -0.018708, 0.171115, 0.777331, 0.605373, 0.622678, 0.0, 0.0, 0.0, 1.0],
                [0.962296, -0.0, -0.272003, 0.006669, -0.20778, 0.645351, -0.735085, -0.018708, 0.175538, 0.763886, 0.621019, 0.633665, 0.0, 0.0, 0.0, 1.0],
                [0.962296, 0.0, -0.272004, 0.006669, -0.206291, 0.651773, -0.729819, -0.018708, 0.177285, 0.758414, 0.627199, 0.63806, 0.0, 0.0, 0.0, 1.0],
                [0.962296, -0.0, -0.272003, 0.006669, -0.206959, 0.648907, -0.73218, -0.018708, 0.176505, 0.760868, 0.62444, 0.638053, 0.0, 0.0, 0.0, 1.0],
                [0.962296, 0.0, -0.272004, 0.006669, -0.208693, 0.641358, -0.738314, -0.018708, 0.174452, 0.767242, 0.617176, 0.638007, 0.0, 0.0, 0.0, 1.0],
                [0.962296, 0.0, -0.272004, 0.006669, -0.211085, 0.630687, -0.746778, -0.018708, 0.171549, 0.776038, 0.606907, 0.63788, 0.0, 0.0, 0.0, 1.0],
                [0.962296, 0.0, -0.272004, 0.006669, -0.213738, 0.618491, -0.756165, -0.018708, 0.168232, 0.785792, 0.595171, 0.637635, 0.0, 0.0, 0.0, 1.0],
                [0.962296, -0.0, -0.272003, 0.006669, -0.216278, 0.60644, -0.76515, -0.018708, 0.164954, 0.795129, 0.583575, 0.63723, 0.0, 0.0, 0.0, 1.0],
                [0.962296, -0.0, -0.272004, 0.006669, -0.218357, 0.596285, -0.772505, -0.018708, 0.162192, 0.802773, 0.573803, 0.636627, 0.0, 0.0, 0.0, 1.0],
                [0.962296, 0.0, -0.272003, 0.006669, -0.219945, 0.588345, -0.778122, -0.018708, 0.160032, 0.80861, 0.566162, 0.635784, 0.0, 0.0, 0.0, 1.0],
                [0.962296, 0.0, -0.272004, 0.006669, -0.221252, 0.581681, -0.782748, -0.018708, 0.158219, 0.813417, 0.55975, 0.634663, 0.0, 0.0, 0.0, 1.0],
                [0.962296, -0.0, -0.272003, 0.006669, -0.222311, 0.576197, -0.786495, -0.018708, 0.156727, 0.817311, 0.554472, 0.633223, 0.0, 0.0, 0.0, 1.0],
                [0.962296, 0.0, -0.272004, 0.006669, -0.223152, 0.571786, -0.78947, -0.018708, 0.155528, 0.820403, 0.550228, 0.631425, 0.0, 0.0, 0.0, 1.0],
                [0.962296, 0.0, -0.272004, 0.006669, -0.223803, 0.56834, -0.791771, -0.018708, 0.154591, 0.822794, 0.546912, 0.629229, 0.0, 0.0, 0.0, 1.0],
                [0.962296, 0.0, -0.272004, 0.006669, -0.224289, 0.565744, -0.793491, -0.018708, 0.153884, 0.824581, 0.544414, 0.626596, 0.0, 0.0, 0.0, 1.0],
                [0.962296, 0.0, -0.272004, 0.006669, -0.224636, 0.563881, -0.794719, -0.018708, 0.153378, 0.825856, 0.54262, 0.62106, 0.0, 0.0, 0.0, 1.0],
                [0.962296, -0.0, -0.272004, 0.006669, -0.224868, 0.56263, -0.795539, -0.018708, 0.153037, 0.826709, 0.541416, 0.611638, 0.0, 0.0, 0.0, 1.0],
                [0.962296, 0.0, -0.272004, 0.006669, -0.225008, 0.561871, -0.796036, -0.018708, 0.152831, 0.827225, 0.540686, 0.600513, 0.0, 0.0, 0.0, 1.0],
                [0.962296, 0.0, -0.272003, 0.006669, -0.22508, 0.56148, -0.796291, -0.018708, 0.152725, 0.82749, 0.54031, 0.589865, 0.0, 0.0, 0.0, 1.0],
                [0.962296, -0.0, -0.272004, 0.006669, -0.225107, 0.561337, -0.796384, -0.018708, 0.152686, 0.827588, 0.540172, 0.581876, 0.0, 0.0, 0.0, 1.0],
                [0.962296, 0.0, -0.272003, 0.006669, -0.22511, 0.561316, -0.796398, -0.018708, 0.15268, 0.827601, 0.540152, 0.578729, 0.0, 0.0, 0.0, 1.0]
            ]
        },
        {
            "name": "Thigh_R",
            "time": [0.0, 0.0167, 0.0333, 0.05, 0.0667, 0.0833, 0.1, 0.1167, 0.1333, 0.15, 0.1667, 0.1833, 0.2, 0.2167, 0.2333, 0.25, 0.2667, 0.2833, 0.3, 0.3167, 0.3333, 0.35, 0.3667, 0.3833, 0.4],
            "transform": [
                [0.980861, -0.186431, -0.056164, 0.124994, 0.061923, 0.025206, 0.997763, -0.002831, -0.184599, -0.982143, 0.036268, -1.2e-05, 0.0, 0.0, 0.0, 1.0],
                [0.98105, -0.182168, -0.065984, 0.124994, 0.063123, -0.021467, 0.997775, -0.002831, -0.18318, -0.983032, -0.009561, -1.2e-05, 0.0, 0.0, 0.0, 1.0],
                [0.981566, -0.168261, -0.090638, 0.124994, 0.065655, -0.148519, 0.986728, -0.002831, -0.17949, -0.974488, -0.134734, -1.2e-05, 0.0, 0.0, 0.0, 1.0],
                [0.982327, -0.141897, -0.122057, 0.124994, 0.068124, -0.336332, 0.939276, -0.002831, -0.174332, -0.93099, -0.320722, -1.2e-05, 0.0, 0.0, 0.0, 1.0],
                [0.983254, -0.100697, -0.151893, 0.124994, 0.069998, -0.560864, 0.824943, -0.002831, -0.168261, -0.821759, -0.544424, -1.2e-05, 0.0, 0.0, 0.0, 1.0],
                [0.984263, -0.038732, -0.172409, 0.124994, 0.071619, -0.804514, 0.589598, -0.002831, -0.161542, -0.592666, -0.789082, -1.2e-05, 0.0, 0.0, 0.0, 1.0],
                [0.985267, 0.022537, -0.169528, 0.124994, 0.073953, -0.949952, 0.303511, -0.002831, -0.154203, -0.311576, -0.937625, -1.2e-05, 0.0, 0.0, 0.0, 1.0],
                [0.986007, 0.053586, -0.157852, 0.124994, 0.080872, -0.981792, 0.171874, -0.002831, -0.145768, -0.182235, -0.972391, -1.2e-05, 0.0, 0.0, 0.0, 1.0],
                [0.986027, 0.061005, -0.155012, 0.124994, 0.096572, -0.967544, 0.23351, -0.002831, -0.135736, -0.245217, -0.959919, -1.2e-05, 0.0, 0.0, 0.0, 1.0],
                [0.984501, 0.093185, -0.148575, 0.124994, 0.124439, -0.968122, 0.217371, -0.002831, -0.123583, -0.23249, -0.964715, -1.2e-05, 0.0, 0.0, 0.0, 1.0],
                [0.979666, 0.161653, -0.118834, 0.124994, 0.168684, -0.984314, 0.051644, -0.002831, -0.108621, -0.070639, -0.99157, -1.2e-05, 0.0, 0.0, 0.0, 1.0],
                [0.969775, 0.236193, -0.061225, 0.124994, 0.225906, -0.96396, -0.140514, -0.002831, -0.092206, 0.122435, -0.988184, -1.2e-05, 0.0, 0.0, 0.0, 1.0],
                [0.961596, 0.273557, -0.022316, 0.124994, 0.261258, -0.937208, -0.231043, -0.002831, -0.084118, 0.21634, -0.972687, -1.2e-05, 0.0, 0.0, 0.0, 1.0],
                [0.964133, 0.258811, -0.058843, 0.124994, 0.249115, -0.958896, -0.135853, -0.002831, -0.091584, 0.116322, -0.98898, -1.2e-05, 0.0, 0.0, 0.0, 1.0],
                [0.97121, 0.19583, -0.135652, 0.124994, 0.212558, -0.969465, 0.122284, -0.002831, -0.107563, -0.147597, -0.983181, -1.2e-05, 0.0, 0.0, 0.0, 1.0],
                [0.978066, 0.079222, -0.192641, 0.124994, 0.16491, -0.859493, 0.483811, -0.002831, -0.127245, -0.504966, -0.853708, -1.2e-05, 0.0, 0.0, 0.0, 1.0],
                [0.981963, -0.059528, -0.17946, 0.124994, 0.11964, -0.539336, 0.833548, -0.002831, -0.146409, -0.839982, -0.522487, -1.2e-05, 0.0, 0.0, 0.0, 1.0],
                [0.982983, -0.148108, -0.108665, 0.124994, 0.086032, -0.151479, 0.98471, -0.002831, -0.162304, -0.9773, -0.13616, -1.2e-05, 0.0, 0.0, 0.0, 1.0],
                [0.982501, -0.17617, -0.060462, 0.124994, 0.067198, 0.032517, 0.99721, -0.002831, -0.173712, -0.983821, 0.043787, -1.2e-05, 0.0, 0.0, 0.0, 1.0],
                [0.98175, -0.184254, -0.047092, 0.124994, 0.059844, 0.064269, 0.996137, -0.002831, -0.180516, -0.980773, 0.074123, -1.2e-05, 0.0, 0.0, 0.0, 1.0],
                [0.98121, -0.18724, -0.046559, 0.124994, 0.057957, 0.055865, 0.996755, -0.002831, -0.184032, -0.980723, 0.065667, -1.2e-05, 0.0, 0.0, 0.0, 1.0],
                [0.980917, -0.187899, -0.049956, 0.124994, 0.058521, 0.040314, 0.997472, -0.002831, -0.18541, -0.981359, 0.050541, -1.2e-05, 0.0, 0.0, 0.0, 1.0],
                [0.980819, -0.187469, -0.053367, 0.124994, 0.059953, 0.029635, 0.997761, -0.002831, -0.185468, -0.981822, 0.040306, -1.2e-05, 0.0, 0.0, 0.0, 1.0],
                [0.980834, -0.186778, -0.055487, 0.124994, 0.061319, 0.025588, 0.99779, -0.002831, -0.184945, -0.982067, 0.036551, -1.2e-05, 0.0, 0.0, 0.0, 1.0],
                [0.980861, -0.186431, -0.056164, 0.124994, 0.061923, 0.025206, 0.997763, -0.002831, -0.184599, -0.982143, 0.036268, -1.2e-05, 0.0, 0.0, 0.0, 1.0]
            ]
        },
        {
            "name": "Leg_R",
            "time": [0.0, 0.0167, 0.0333, 0.05, 0.0667, 0.0833, 0.1, 0.1167, 0.1333, 0.15, 0.1667, 0.1833, 0.2, 0.2167, 0.2333, 0.25, 0.2667, 0.2833, 0.3, 0.3167, 0.3333, 0.35, 0.3667, 0.3833, 0.4],
            "transform": [
                [1.0, -1e-06, 0.0, 0.0, -0.0, 0.147256, 0.989098, 0.374726, -1e-06, -0.989099, 0.147255, 0.0, 0.0, 0.0, 0.0, 1.0],
                [1.0, -1e-06, 0.0, -0.0, -0.0, 0.174447, 0.984666, 0.374726, -1e-06, -0.984667, 0.174445, -0.0, 0.0, 0.0, 0.0, 1.0],
                [1.0, -1e-06, 0.0, -0.0, -0.0, 0.258885, 0.965907, 0.374726, -1e-06, -0.965909, 0.258883, -0.0, 0.0, 0.0, 0.0, 1.0],
                [1.0, -1e-06, 1e-06, -0.0, -0.0, 0.4136, 0.910459, 0.374726, -1e-06, -0.91046, 0.413597, 0.0, 0.0, 0.0, 0.0, 1.0],
                [1.0, -1e-06, 1e-06, -0.0, -0.0, 0.640245, 0.768171, 0.374726, -1e-06, -0.768173, 0.640241, 0.0, 0.0, 0.0, 0.0, 1.0],
                [1.0, -0.0, 1e-06, -0.0, -0.0, 0.911182, 0.412009, 0.374726, -1e-06, -0.41201, 0.911177, -0.0, 0.0, 0.0, 0.0, 1.0],
                [1.0, -0.0, 1e-06, 0.0, -0.0, 0.999991, 0.004724, 0.374726, -1e-06, -0.004723, 0.999986, 0.0, 0.0, 0.0, 0.0, 1.0],
                [1.0, -0.0, 1e-06, -0.0, -0.0, 0.999992, 0.004722, 0.374726, -1e-06, -0.004721, 0.999986, 0.0, 0.0, 0.0, 0.0, 1.0],
                [1.0, -0.0, 1e-06, -0.0, -0.0, 0.874316, 0.485362, 0.374726, -1e-06, -0.485363, 0.87431, -0.0, 0.0, 0.0, 0.0, 1.0],
                [1.0, -1e-06, 1e-06, 0.0, -0.0, 0.575851, 0.817555, 0.374726, -1e-06, -0.817557, 0.575848, -0.0, 0.0, 0.0, 0.0, 1.0],
                [1.0, -1e-06, 1e-06, 0.0, -0.0, 0.414836, 0.909896, 0.374726, -1e-06, -0.909897, 0.414834, -0.0, 0.0, 0.0, 0.0, 1.0],
                [1.0, -1e-06, 1e-06, -0.0, -0.0, 0.392677, 0.919676, 0.374726, -1e-06, -0.919678, 0.392674, -0.0, 0.0, 0.0, 0.0, 1.0],
                [1.0, -1e-06, 1e-06, -0.0, -0.0, 0.407326, 0.913282, 0.374726, -1e-06, -0.913284, 0.407324, 0.0, 0.0, 0.0, 0.0, 1.0],
                [1.0, -1e-06, 0.0, 0.0, -0.0, 0.258057, 0.966129, 0.374726, -1e-06, -0.96613, 0.258056, 0.0, 0.0, 0.0, 0.0, 1.0],
                [1.0, -1e-06, 0.0, -0.0, -0.0, -0.072175, 0.997391, 0.374726, -1e-06, -0.997393, -0.072175, -0.0, 0.0, 0.0, 0.0, 1.0],
                [1.0, -1e-06, -0.0, 0.0, -0.0, -0.395674, 0.918391, 0.374726, -1e-06, -0.918392, -0.395672, -0.0, 0.0, 0.0, 0.0, 1.0],
                [1.0, -1e-06, -0.0, 0.0, -0.0, -0.570718, 0.821146, 0.374726, -1e-06, -0.821148, -0.570714, 0.0, 0.0, 0.0, 0.0, 1.0],
                [1.0, -1e-06, -0.0, 0.0, -0.0, -0.54975, 0.835329, 0.374726, -1e-06, -0.83533, -0.549747, 0.0, 0.0, 0.0, 0.0, 1.0],
                [1.0, -1e-06, -0.0, -0.0, -0.0, -0.386317, 0.922366, 0.374726, -1e-06, -0.922367, -0.386315, 0.0, 0.0, 0.0, 0.0, 1.0],
                [1.0, -1e-06, 0.0, -0.0, -0.0, -0.194823, 0.980838, 0.374726, -1e-06, -0.980839, -0.194822, -0.0, 0.0, 0.0, 0.0, 1.0],
                [1.0, -1e-06, 0.0, 0.0, -0.0, -0.038338, 0.999264, 0.374726, -1e-06, -0.999265, -0.038338, -0.0, 0.0, 0.0, 0.0, 1.0],
                [1.0, -1e-06, 0.0, -0.0, -0.0, 0.067046, 0.997749, 0.374726, -1e-06, -0.997751, 0.067045, -0.0, 0.0, 0.0, 0.0, 1.0],
                [1.0, -1e-06, 0.0, 0.0, -0.0, 0.123714, 0.992317, 0.374726, -1e-06, -0.992319, 0.123714, -0.0, 0.0, 0.0, 0.0, 1.0],
                [1.0, -1e-06, 0.0, 0.0, -0.0, 0.144549, 0.989497, 0.374726, -1e-06, -0.989499, 0.144548, -0.0, 0.0, 0.0, 0.0, 1.0],
                [1.0, -1e-06, 0.0, 0.0, -0.0, 0.147256, 0.989098, 0.374726, -1e-06, -0.989099, 0.147255, -0.0, 0.0, 0.0, 0.0, 1.0]
            ]
        },
        {
            "name": "Knee_R",
            "time": [0.0, 0.4],
            "transform": [
                [1.0, 0.0, -0.0, 0.0, -0.0, 0.00567, -0.999984, 0.46801, -0.0, 0.999984, 0.00567, -0.000529, 0.0, 0.0, 0.0, 1.0],
                [1.0, 0.0, -0.0, 0.0, -0.0, 0.00567, -0.999984, 0.468009, -0.0, 0.999984, 0.00567, -0.000529, 0.0, 0.0, 0.0, 1.0]
            ]
        },
        {
            "name": "Thigh_L",
            "time": [0.0, 0.0167, 0.0333, 0.05, 0.0667, 0.0833, 0.1, 0.1167, 0.1333, 0.15, 0.1667, 0.1833, 0.2, 0.2167, 0.2333, 0.25, 0.2667, 0.2833, 0.3, 0.3167, 0.3333, 0.35, 0.3667, 0.3833, 0.4],
            "transform": [
                [0.866063, -0.06325, -0.495917, -0.125006, -0.328813, -0.819282, -0.469744, -0.002831, -0.376585, 0.569892, -0.730347, -1.2e-05, 0.0, 0.0, 0.0, 1.0],
                [0.871374, -0.101153, -0.480078, -0.125006, -0.312787, -0.868405, -0.384756, -0.002831, -0.377982, 0.485428, -0.788345, -1.2e-05, 0.0, 0.0, 0.0, 1.0],
                [0.882814, -0.18677, -0.430993, -0.125006, -0.275773, -0.948856, -0.15369, -0.002831, -0.380246, 0.254536, -0.88917, -1.2e-05, 0.0, 0.0, 0.0, 1.0],
                [0.894649, -0.286362, -0.342927, -0.125006, -0.233342, -0.95406, 0.187934, -0.002831, -0.380991, -0.088116, -0.92037, -1.2e-05, 0.0, 0.0, 0.0, 1.0],
                [0.904495, -0.370916, -0.210498, -0.125006, -0.194332, -0.797795, 0.570752, -0.002831, -0.379635, -0.475336, -0.793682, -1.2e-05, 0.0, 0.0, 0.0, 1.0],
                [0.912211, -0.405587, -0.058056, -0.125006, -0.160797, -0.484719, 0.859762, -0.002831, -0.376849, -0.774949, -0.507383, -1.2e-05, 0.0, 0.0, 0.0, 1.0],
                [0.918329, -0.392621, 0.050205, -0.125006, -0.130391, -0.180317, 0.974927, -0.002831, -0.373724, -0.90185, -0.216785, -1.2e-05, 0.0, 0.0, 0.0, 1.0],
                [0.923228, -0.372479, 0.094384, -0.125006, -0.103478, -0.00445, 0.994622, -0.002831, -0.370056, -0.928029, -0.042652, -1.2e-05, 0.0, 0.0, 0.0, 1.0],
                [0.927043, -0.361274, 0.100353, -0.125006, -0.08291, 0.063507, 0.994531, -0.002831, -0.365671, -0.930294, 0.028921, -1.2e-05, 0.0, 0.0, 0.0, 1.0],
                [0.929922, -0.357238, 0.087331, -0.125006, -0.067786, 0.066897, 0.995454, -0.002831, -0.361456, -0.931614, 0.037994, -1.2e-05, 0.0, 0.0, 0.0, 1.0],
                [0.931977, -0.356503, 0.06576, -0.125006, -0.057039, 0.034935, 0.99776, -0.002831, -0.358002, -0.93364, 0.012224, -1.2e-05, 0.0, 0.0, 0.0, 1.0],
                [0.933265, -0.35687, 0.040737, -0.125006, -0.049561, -0.015614, 0.998649, -0.002831, -0.355752, -0.934023, -0.032259, -1.2e-05, 0.0, 0.0, 0.0, 1.0],
                [0.933777, -0.35757, 0.014284, -0.125006, -0.044338, -0.075995, 0.996121, -0.002831, -0.355097, -0.930789, -0.086816, -1.2e-05, 0.0, 0.0, 0.0, 1.0],
                [0.933516, -0.358153, -0.01651, -0.125006, -0.043925, -0.159948, 0.986148, -0.002831, -0.355833, -0.91986, -0.165046, -1.2e-05, 0.0, 0.0, 0.0, 1.0],
                [0.932626, -0.356288, -0.057155, -0.125006, -0.049125, -0.282282, 0.958072, -0.002831, -0.357484, -0.890716, -0.280766, -1.2e-05, 0.0, 0.0, 0.0, 1.0],
                [0.931189, -0.3466, -0.112932, -0.125006, -0.056763, -0.443885, 0.894283, -0.002831, -0.360088, -0.826337, -0.433016, -1.2e-05, 0.0, 0.0, 0.0, 1.0],
                [0.929285, -0.32011, -0.184279, -0.125006, -0.064909, -0.632674, 0.771693, -0.002831, -0.363615, -0.705161, -0.608713, -1.2e-05, 0.0, 0.0, 0.0, 1.0],
                [0.927009, -0.265584, -0.264799, -0.125006, -0.072578, -0.819753, 0.568099, -0.002831, -0.367947, -0.507415, -0.779194, -1.2e-05, 0.0, 0.0, 0.0, 1.0],
                [0.924478, -0.143175, -0.353327, -0.125006, -0.079175, -0.978697, 0.189425, -0.002831, -0.372921, -0.147145, -0.916121, -1.2e-05, 0.0, 0.0, 0.0, 1.0],
                [0.921327, -0.091265, -0.377924, -0.125006, -0.09052, -0.995697, 0.019777, -0.002831, -0.378103, 0.015988, -0.925625, -1.2e-05, 0.0, 0.0, 0.0, 1.0],
                [0.916801, -0.161529, -0.365217, -0.125006, -0.113916, -0.982328, 0.148504, -0.002831, -0.382751, -0.094545, -0.919001, -1.2e-05, 0.0, 0.0, 0.0, 1.0],
                [0.909707, -0.161216, -0.382677, -0.125006, -0.153543, -0.986839, 0.050734, -0.002831, -0.385819, 0.012604, -0.922488, -1.2e-05, 0.0, 0.0, 0.0, 1.0],
                [0.897495, -0.124788, -0.423001, -0.125006, -0.214021, -0.961862, -0.170339, -0.002831, -0.385612, 0.243409, -0.889975, -1.2e-05, 0.0, 0.0, 0.0, 1.0],
                [0.878682, -0.082158, -0.470283, -0.125006, -0.287863, -0.877038, -0.384627, -0.002831, -0.380856, 0.473342, -0.794289, -1.2e-05, 0.0, 0.0, 0.0, 1.0],
                [0.866063, -0.06325, -0.495917, -0.125006, -0.328813, -0.819282, -0.469744, -0.002831, -0.376585, 0.569892, -0.730347, -1.2e-05, 0.0, 0.0, 0.0, 1.0]
            ]
        },
        {
            "name": "Leg_L",
            "time": [0.0, 0.0167, 0.0333, 0.05, 0.0667, 0.0833, 0.1, 0.1167, 0.1333, 0.15, 0.1667, 0.1833, 0.2, 0.2167, 0.2333, 0.25, 0.2667, 0.2833, 0.3, 0.3167, 0.3333, 0.35, 0.3667, 0.3833, 0.4],
            "transform": [
                [1.0, -1e-06, 1e-06, 0.0, -0.0, 0.499245, 0.866462, 0.374726, -1e-06, -0.866461, 0.499245, -0.0, 0.0, 0.0, 0.0, 1.0],
                [1.0, -1e-06, 1e-06, -0.0, -0.0, 0.383223, 0.923656, 0.374726, -1e-06, -0.923655, 0.383223, -0.0, 0.0, 0.0, 0.0, 1.0],
                [1.0, -1e-06, 0.0, -0.0, -0.0, 0.109909, 0.993942, 0.374726, -1e-06, -0.993941, 0.109909, -0.0, 0.0, 0.0, 0.0, 1.0],
                [1.0, -1e-06, 0.0, 0.0, -0.0, -0.192173, 0.981361, 0.374726, -1e-06, -0.981361, -0.192173, 0.0, 0.0, 0.0, 0.0, 1.0],
                [1.0, -1e-06, -0.0, 0.0, -0.0, -0.413457, 0.910524, 0.374726, -1e-06, -0.910524, -0.413457, 0.0, 0.0, 0.0, 0.0, 1.0],
                [1.0, -1e-06, -0.0, -0.0, -0.0, -0.497523, 0.867451, 0.374726, -1e-06, -0.86745, -0.497523, -0.0, 0.0, 0.0, 0.0, 1.0],
                [1.0, -1e-06, -0.0, 0.0, -0.0, -0.45498, 0.890502, 0.374726, -1e-06, -0.890501, -0.45498, -0.0, 0.0, 0.0, 0.0, 1.0],
                [1.0, -1e-06, -0.0, 0.0, -0.0, -0.334855, 0.94227, 0.374726, -1e-06, -0.94227, -0.334855, -0.0, 0.0, 0.0, 0.0, 1.0],
                [1.0, -1e-06, 0.0, -0.0, -0.0, -0.176286, 0.984339, 0.374726, -1e-06, -0.984339, -0.176286, 0.0, 0.0, 0.0, 0.0, 1.0],
                [1.0, -1e-06, 0.0, 0.0, -0.0, -0.012441, 0.999923, 0.374726, -1e-06, -0.999923, -0.012441, 0.0, 0.0, 0.0, 0.0, 1.0],
                [1.0, -1e-06, 0.0, -0.0, -0.0, 0.136142, 0.99069, 0.374726, -1e-06, -0.990689, 0.136142, 0.0, 0.0, 0.0, 0.0, 1.0],
                [1.0, -1e-06, 0.0, 0.0, -0.0, 0.25935, 0.965784, 0.374726, -1e-06, -0.965783, 0.259351, 0.0, 0.0, 0.0, 0.0, 1.0],
                [1.0, -1e-06, 1e-06, 0.0, -0.0, 0.355656, 0.934617, 0.374726, -1e-06, -0.934617, 0.355655, -0.0, 0.0, 0.0, 0.0, 1.0],
                [1.0, -1e-06, 1e-06, -0.0, -0.0, 0.413479, 0.910514, 0.374726, -1e-06, -0.910513, 0.413479, -0.0, 0.0, 0.0, 0.0, 1.0],
                [1.0, -1e-06, 1e-06, -0.0, -0.0, 0.44274, 0.896651, 0.374726, -1e-06, -0.89665, 0.442739, 0.0, 0.0, 0.0, 0.0, 1.0],
                [1.0, -1e-06, 1e-06, 0.0, -0.0, 0.489408, 0.872055, 0.374726, -1e-06, -0.872055, 0.489408, -0.0, 0.0, 0.0, 0.0, 1.0],
                [1.0, -1e-06, 1e-06, -0.0, -0.0, 0.592328, 0.805697, 0.374726, -1e-06, -0.805697, 0.592328, 0.0, 0.0, 0.0, 0.0, 1.0],
                [1.0, -0.0, 1e-06, 0.0, -0.0, 0.765592, 0.643326, 0.374726, -1e-06, -0.643326, 0.765593, -0.0, 0.0, 0.0, 0.0, 1.0],
                [1.0, -0.0, 1e-06, 0.0, -0.0, 0.989971, 0.141268, 0.374726, -1e-06, -0.141268, 0.989971, -0.0, 0.0, 0.0, 0.0, 1.0],
                [1.0, -0.0, 1e-06, -0.0, -0.0, 0.996252, 0.086497, 0.374726, -1e-06, -0.086497, 0.996252, -0.0, 0.0, 0.0, 0.0, 1.0],
                [1.0, -0.0, 1e-06, -0.0, -0.0, 0.733599, 0.679582, 0.374726, -1e-06, -0.679582, 0.733599, -0.0, 0.0, 0.0, 0.0, 1.0],
                [1.0, -1e-06, 1e-06, 0.0, -0.0, 0.481099, 0.876667, 0.374726, -1e-06, -0.876666, 0.481099, -0.0, 0.0, 0.0, 0.0, 1.0],
                [1.0, -1e-06, 1e-06, 0.0, -0.0, 0.39401, 0.919106, 0.374726, -1e-06, -0.919106, 0.39401, 0.0, 0.0, 0.0, 0.0, 1.0],
                [1.0, -1e-06, 1e-06, -0.0, -0.0, 0.448562, 0.893752, 0.374726, -1e-06, -0.893752, 0.448562, 0.0, 0.0, 0.0, 0.0, 1.0],
                [1.0, -1e-06, 1e-06, -0.0, -0.0, 0.499244, 0.866462, 0.374726, -1e-06, -0.866461, 0.499245, -0.0, 0.0, 0.0, 0.0, 1.0]
            ]
        },
        {
            "name": "Knee_L",
            "time": [0.0, 0.4],
            "transform": [
                [1.0, 0.0, -0.0, 0.0, -0.0, 0.00567, -0.999984, 0.428626, -0.0, 0.999984, 0.00567, -0.000306, 0.0, 0.0, 0.0, 1.0],
                [1.0, 0.0, -0.0, -0.0, -0.0, 0.00567, -0.999984, 0.428626, -0.0, 0.999984, 0.00567, -0.000306, 0.0, 0.0, 0.0, 1.0]
            ]
        },
        {
            "name": "Torso",
            "time": [0.0, 0.0167, 0.0333, 0.05, 0.0667, 0.0833, 0.1, 0.1167, 0.1333, 0.15, 0.1667, 0.1833, 0.2, 0.2167, 0.2333, 0.25, 0.2667, 0.2833, 0.3, 0.3167, 0.3333, 0.35, 0.3667, 0.3833, 0.4],
            "transform": [
                [0.998386, -0.008092, -0.056216, 0.0, 0.009526, 0.999635, 0.025293, 0.05, 0.055991, -0.025787, 0.998098, 0.0, 0.0, 0.0, 0.0, 1.0],
                [0.998309, -0.008078, -0.057563, 0.0, 0.009544, 0.999636, 0.025239, 0.05, 0.057338, -0.025745, 0.998023, -0.0, 0.0, 0.0, 0.0, 1.0],
                [0.998088, -0.00805, -0.061286, -0.0, 0.009603, 0.999639, 0.025089, 0.05, 0.061062, -0.02563, 0.997805, 0.0, 0.0, 0.0, 0.0, 1.0],
                [0.997727, -0.008027, -0.06691, -0.0, 0.00971, 0.999644, 0.024863, 0.05, 0.066687, -0.025456, 0.997449, -0.0, 0.0, 0.0, 0.0, 1.0],
                [0.997229, -0.008029, -0.073957, -0.0, 0.009872, 0.999649, 0.024577, 0.05, 0.073734, -0.025239, 0.996959, -0.0, 0.0, 0.0, 0.0, 1.0],
                [0.996604, -0.008077, -0.081951, -0.0, 0.010095, 0.999655, 0.02425, 0.05, 0.081726, -0.024995, 0.996341, 0.0, 0.0, 0.0, 0.0, 1.0],
                [0.995871, -0.008188, -0.090414, 0.0, 0.010389, 0.999661, 0.023898, 0.05, 0.090188, -0.024739, 0.995617, 0.0, 0.0, 0.0, 0.0, 1.0],
                [0.995065, -0.008382, -0.098872, 0.0, 0.01076, 0.999665, 0.023541, 0.05, 0.098642, -0.024489, 0.994822, 0.0, 0.0, 0.0, 0.0, 1.0],
                [0.994237, -0.008677, -0.106852, 0.0, 0.011218, 0.999668, 0.023195, 0.05, 0.106615, -0.02426, 0.994004, 0.0, 0.0, 0.0, 0.0, 1.0],
                [0.993453, -0.009092, -0.11388, 0.0, 0.011772, 0.999669, 0.022879, 0.05, 0.113635, -0.024069, 0.993231, 0.0, 0.0, 0.0, 0.0, 1.0],
                [0.992789, -0.009643, -0.119489, 0.0, 0.012431, 0.999667, 0.022611, 0.05, 0.119231, -0.023933, 0.992578, -0.0, 0.0, 0.0, 0.0, 1.0],
                [0.992327, -0.010349, -0.123207, -0.0, 0.013208, 0.999662, 0.022412, 0.05, 0.122934, -0.023867, 0.992128, 0.0, 0.0, 0.0, 0.0, 1.0],
                [0.992148, -0.011226, -0.124567, -0.0, 0.014111, 0.999652, 0.022301, 0.05, 0.124274, -0.023884, 0.991961, -0.0, 0.0, 0.0, 0.0, 1.0],
                [0.992169, -0.012894, -0.124237, 0.0, 0.016263, 0.999526, 0.026145, 0.05, 0.123841, -0.027961, 0.991908, 0.0, 0.0, 0.0, 0.0, 1.0],
                [0.99228, -0.015581, -0.123039, 0.0, 0.020134, 0.999155, 0.03585, 0.05, 0.122377, -0.03805, 0.991754, 0.0, 0.0, 0.0, 0.0, 1.0],
                [0.992509, -0.018734, -0.120729, 0.0, 0.024746, 0.998517, 0.048499, 0.05, 0.119641, -0.051123, 0.9915, 0.0, 0.0, 0.0, 0.0, 1.0],
                [0.992888, -0.021801, -0.117036, -0.0, 0.029118, 0.997702, 0.061181, 0.05, 0.115433, -0.064154, 0.991241, 0.0, 0.0, 0.0, 0.0, 1.0],
                [0.993451, -0.024221, -0.111659, 0.0, 0.032286, 0.996955, 0.07099, 0.05, 0.109599, -0.07413, 0.991208, 0.0, 0.0, 0.0, 0.0, 1.0],
                [0.994224, -0.025398, -0.104271, -0.0, 0.033327, 0.996625, 0.075016, 0.05, 0.102014, -0.078057, 0.991716, -0.0, 0.0, 0.0, 0.0, 1.0],
                [0.995199, -0.024428, -0.094778, 0.0, 0.031278, 0.996952, 0.071481, 0.05, 0.092743, -0.074103, 0.992929, -0.0, 0.0, 0.0, 0.0, 1.0],
                [0.996221, -0.021404, -0.084171, 0.0, 0.026705, 0.997696, 0.062362, 0.05, 0.082643, -0.064374, 0.994498, -0.0, 0.0, 0.0, 0.0, 1.0],
                [0.997128, -0.01723, -0.073755, 0.0, 0.02098, 0.99851, 0.050386, 0.05, 0.072777, -0.051789, 0.996003, -0.0, 0.0, 0.0, 0.0, 1.0],
                [0.997814, -0.012896, -0.064808, 0.0, 0.015403, 0.999146, 0.038334, 0.05, 0.064258, -0.039249, 0.997161, 0.0, 0.0, 0.0, 0.0, 1.0],
                [0.998239, -0.009478, -0.058563, -0.0, 0.011193, 0.999516, 0.029024, 0.05, 0.058259, -0.029629, 0.997862, 0.0, 0.0, 0.0, 0.0, 1.0],
                [0.998386, -0.008092, -0.056216, -0.0, 0.009526, 0.999635, 0.025293, 0.05, 0.055991, -0.025787, 0.998098, 0.0, 0.0, 0.0, 0.0, 1.0]
            ]
        },
        {
            "name": "Chest",
            "time": [0.0, 0.0167, 0.0333, 0.05, 0.0667, 0.0833, 0.1, 0.1167, 0.1333, 0.15, 0.1667, 0.1833, 0.2, 0.2167, 0.2333, 0.25, 0.2667, 0.2833, 0.3, 0.3167, 0.3333, 0.35, 0.3667, 0.3833, 0.4],
            "transform": [
                [0.998126, -0.060832, -0.00663, 0.0, 0.060832, 0.97467, 0.215213, 0.3, -0.00663, -0.215213, 0.976544, 0.0, 0.0, 0.0, 0.0, 1.0],
                [0.998088, -0.061521, -0.005959, 0.0, 0.061362, 0.974687, 0.214988, 0.3, -0.007418, -0.214942, 0.976599, -0.0, 0.0, 0.0, 0.0, 1.0],
                [0.997978, -0.063422, -0.004105, -0.0, 0.062826, 0.974731, 0.214366, 0.3, -0.009594, -0.21419, 0.976745, -0.0, 0.0, 0.0, 0.0, 1.0],
                [0.9978, -0.066292, -0.001301, -0.0, 0.065041, 0.97479, 0.213432, 0.3, -0.01288, -0.213046, 0.976957, -0.0, 0.0, 0.0, 0.0, 1.0],
                [0.997553, -0.069884, 0.002217, -0.0, 0.067822, 0.974855, 0.212269, 0.3, -0.016996, -0.211599, 0.977209, 0.0, 0.0, 0.0, 0.0, 1.0],
                [0.997242, -0.073953, 0.006216, 0.0, 0.070982, 0.974914, 0.210961, 0.3, -0.021661, -0.209938, 0.977475, -0.0, 0.0, 0.0, 0.0, 1.0],
                [0.996878, -0.078255, 0.010458, 0.0, 0.074336, 0.97496, 0.209588, 0.3, -0.026597, -0.208156, 0.977734, -0.0, 0.0, 0.0, 0.0, 1.0],
                [0.996478, -0.082549, 0.014705, -0.0, 0.077696, 0.974989, 0.208229, 0.3, -0.031526, -0.206353, 0.977969, -0.0, 0.0, 0.0, 0.0, 1.0],
                [0.996068, -0.086593, 0.018719, 0.0, 0.080873, 0.975001, 0.206959, 0.3, -0.036173, -0.204632, 0.97817, 0.0, 0.0, 0.0, 0.0, 1.0],
                [0.995679, -0.09015, 0.022261, 0.0, 0.083676, 0.974999, 0.205851, 0.3, -0.040262, -0.203099, 0.97833, 0.0, 0.0, 0.0, 0.0, 1.0],
                [0.995352, -0.092983, 0.025089, -0.0, 0.085915, 0.974989, 0.204973, 0.3, -0.04352, -0.201865, 0.978446, -0.0, 0.0, 0.0, 0.0, 1.0],
                [0.995126, -0.094856, 0.026962, 0.0, 0.087398, 0.974979, 0.204396, 0.3, -0.045675, -0.201043, 0.978517, 0.0, 0.0, 0.0, 0.0, 1.0],
                [0.995042, -0.095533, 0.027639, -0.0, 0.087935, 0.974974, 0.204188, 0.3, -0.046454, -0.200745, 0.978542, 0.0, 0.0, 0.0, 0.0, 1.0],
                [0.995126, -0.094856, 0.026962, -0.0, 0.087398, 0.974979, 0.204396, 0.3, -0.045675, -0.201043, 0.978517, -0.0, 0.0, 0.0, 0.0, 1.0],
                [0.995352, -0.092983, 0.025089, 0.0, 0.085915, 0.97499, 0.204973, 0.3, -0.04352, -0.201865, 0.978446, -0.0, 0.0, 0.0, 0.0, 1.0],
                [0.995679, -0.09015, 0.022261, 0.0, 0.083676, 0.974999, 0.205851, 0.3, -0.040262, -0.203099, 0.97833, 0.0, 0.0, 0.0, 0.0, 1.0],
                [0.996068, -0.086593, 0.018719, 0.0, 0.080873, 0.975001, 0.206959, 0.3, -0.036173, -0.204632, 0.97817, 0.0, 0.0, 0.0, 0.0, 1.0],
                [0.996479, -0.082549, 0.014705, 0.0, 0.077696, 0.974989, 0.208229, 0.3, -0.031526, -0.206354, 0.977969, -0.0, 0.0, 0.0, 0.0, 1.0],
                [0.996879, -0.078256, 0.010457, -0.0, 0.074336, 0.97496, 0.209588, 0.3, -0.026597, -0.208156, 0.977734, 0.0, 0.0, 0.0, 0.0, 1.0],
                [0.997242, -0.073953, 0.006216, -0.0, 0.070982, 0.974914, 0.210961, 0.3, -0.021661, -0.209938, 0.977475, 0.0, 0.0, 0.0, 0.0, 1.0],
                [0.997553, -0.069884, 0.002217, 0.0, 0.067822, 0.974855, 0.212269, 0.3, -0.016996, -0.211599, 0.977209, -0.0, 0.0, 0.0, 0.0, 1.0],
                [0.9978, -0.066292, -0.001301, -0.0, 0.065041, 0.97479, 0.213432, 0.3, -0.01288, -0.213047, 0.976957, 0.0, 0.0, 0.0, 0.0, 1.0],
                [0.997978, -0.063422, -0.004105, 0.0, 0.062826, 0.974731, 0.214366, 0.3, -0.009594, -0.21419, 0.976745, 0.0, 0.0, 0.0, 0.0, 1.0],
                [0.998088, -0.061521, -0.005959, 0.0, 0.061362, 0.974687, 0.214988, 0.3, -0.007418, -0.214942, 0.976599, -0.0, 0.0, 0.0, 0.0, 1.0],
                [0.998126, -0.060832, -0.00663, 0.0, 0.060832, 0.97467, 0.215213, 0.3, -0.00663, -0.215213, 0.976544, 0.0, 0.0, 0.0, 0.0, 1.0]
            ]
        },
        {
            "name": "Head",
            "time": [0.0, 0.0167, 0.0333, 0.05, 0.0667, 0.0833, 0.1, 0.1167, 0.1333, 0.15, 0.1667, 0.1833, 0.2, 0.2167, 0.2333, 0.25, 0.2667, 0.2833, 0.3, 0.3167, 0.3333, 0.35, 0.3667, 0.3833, 0.4],
            "transform": [
                [0.949413, 0.082345, 0.303043, 0.0, 0.04783, 0.915832, -0.398704, 0.4, -0.310367, 0.393029, 0.865564, 0.0, 0.0, 0.0, 0.0, 1.0],
                [0.949236, 0.087041, 0.302283, 0.0, 0.046594, 0.911451, -0.408763, 0.4, -0.311095, 0.402097, 0.861126, 0.0, 0.0, 0.0, 0.0, 1.0],
                [0.948706, 0.098933, 0.300283, 0.0, 0.043429, 0.899997, -0.433728, 0.4, -0.313164, 0.424521, 0.849536, -0.0, 0.0, 0.0, 0.0, 1.0],
                [0.947816, 0.114721, 0.297463, 0.0, 0.039169, 0.884047, -0.465753, 0.4, -0.316403, 0.453099, 0.833421, -0.0, 0.0, 0.0, 0.0, 1.0],
                [0.946592, 0.131147, 0.294558, 0.0, 0.034625, 0.866916, -0.49725, 0.4, -0.32057, 0.480892, 0.816075, -0.0, 0.0, 0.0, 0.0, 1.0],
                [0.945116, 0.145056, 0.292772, 0.0, 0.030526, 0.852928, -0.521135, 0.4, -0.325307, 0.50147, 0.801688, 0.0, 0.0, 0.0, 0.0, 1.0],
                [0.943521, 0.153388, 0.293668, 0.0, 0.02749, 0.847074, -0.530764, 0.4, -0.330172, 0.508859, 0.795015, -0.0, 0.0, 0.0, 0.0, 1.0],
                [0.9418, 0.156245, 0.29766, -0.0, 0.024413, 0.851304, -0.524105, 0.4, -0.335288, 0.500868, 0.797943, -0.0, 0.0, 0.0, 0.0, 1.0],
                [0.939959, 0.156344, 0.303372, -0.0, 0.020235, 0.861808, -0.506831, 0.4, -0.340688, 0.48254, 0.8069, 0.0, 0.0, 0.0, 0.0, 1.0],
                [0.938181, 0.154565, 0.309719, -0.0, 0.01561, 0.874964, -0.483936, 0.4, -0.345792, 0.458854, 0.818462, -0.0, 0.0, 0.0, 0.0, 1.0],
                [0.936646, 0.151903, 0.315626, -0.0, 0.011289, 0.887515, -0.460641, 0.4, -0.350096, 0.43502, 0.829572, -0.0, 0.0, 0.0, 0.0, 1.0],
                [0.935519, 0.149479, 0.320094, 0.0, 0.008111, 0.896746, -0.442472, 0.4, -0.353184, 0.416537, 0.83771, 0.0, 0.0, 0.0, 0.0, 1.0],
                [0.934954, 0.148493, 0.322198, -0.0, 0.006957, 0.90034, -0.435131, 0.4, -0.354702, 0.409069, 0.840743, 0.0, 0.0, 0.0, 0.0, 1.0],
                [0.934784, 0.148934, 0.322486, 0.0, 0.008326, 0.898423, -0.439052, 0.4, -0.355119, 0.413104, 0.838592, -0.0, 0.0, 0.0, 0.0, 1.0],
                [0.934744, 0.149553, 0.322317, -0.0, 0.011795, 0.89355, -0.448809, 0.4, -0.355127, 0.423323, 0.833476, 0.0, 0.0, 0.0, 0.0, 1.0],
                [0.93483, 0.14969, 0.322003, 0.0, 0.016857, 0.887076, -0.461315, 0.4, -0.354696, 0.436679, 0.826742, -0.0, 0.0, 0.0, 0.0, 1.0],
                [0.935031, 0.148693, 0.32188, 0.0, 0.022996, 0.880474, -0.473536, 0.4, -0.353819, 0.450172, 0.819852, 0.0, 0.0, 0.0, 0.0, 1.0],
                [0.935326, 0.145916, 0.322296, -0.0, 0.029705, 0.875378, -0.482525, 0.4, -0.352539, 0.460892, 0.814429, 0.0, 0.0, 0.0, 0.0, 1.0],
                [0.93568, 0.140718, 0.323577, 0.0, 0.03649, 0.873532, -0.485398, 0.4, -0.350959, 0.465984, 0.812211, -0.0, 0.0, 0.0, 0.0, 1.0],
                [0.937011, 0.131731, 0.323508, 0.0, 0.04182, 0.877192, -0.478316, 0.4, -0.346787, 0.461716, 0.816429, -0.0, 0.0, 0.0, 0.0, 1.0],
                [0.939722, 0.119508, 0.320376, 0.0, 0.04498, 0.885591, -0.462282, 0.4, -0.338969, 0.448827, 0.826834, 0.0, 0.0, 0.0, 0.0, 1.0],
                [0.943017, 0.106304, 0.315307, -0.0, 0.04668, 0.895958, -0.441678, 0.4, -0.329454, 0.431229, 0.839942, -0.0, 0.0, 0.0, 0.0, 1.0],
                [0.946162, 0.094325, 0.309645, 0.0, 0.047489, 0.905799, -0.421038, 0.4, -0.320191, 0.413075, 0.852553, -0.0, 0.0, 0.0, 0.0, 1.0],
                [0.948498, 0.085671, 0.30498, 0.0, 0.047787, 0.913025, -0.405095, 0.4, -0.313159, 0.398806, 0.861908, -0.0, 0.0, 0.0, 0.0, 1.0],
                [0.949413, 0.082345, 0.303043, 0.0, 0.04783, 0.915832, -0.398704, 0.4, -0.310367, 0.393029, 0.865564, 0.0, 0.0, 0.0, 0.0, 1.0]
            ]
        },
        {
            "name": "Shoulder_R",
            "time": [0.0, 0.0167, 0.0333, 0.05, 0.0667, 0.0833, 0.1, 0.1167, 0.1333, 0.15, 0.1667, 0.1833, 0.2, 0.2167, 0.2333, 0.25, 0.2667, 0.2833, 0.3, 0.3167, 0.3333, 0.35, 0.3667, 0.3833, 0.4],
            "transform": [
                [-0.106552, 0.917138, 0.384063, 0.0, 0.026726, -0.38348, 0.923162, 0.4, 0.993948, 0.10863, 0.016349, 0.0, 0.0, 0.0, 0.0, 1.0],
                [-0.106552, 0.917138, 0.384063, 0.0, 0.026726, -0.38348, 0.923162, 0.4, 0.993948, 0.10863, 0.016349, 0.0, 0.0, 0.0, 0.0, 1.0],
                [-0.106552, 0.917138, 0.384063, 0.0, 0.026726, -0.38348, 0.923162, 0.4, 0.993948, 0.10863, 0.016349, -0.0, 0.0, 0.0, 0.0, 1.0],
                [-0.106552, 0.917138, 0.384063, 0.0, 0.026726, -0.38348, 0.923162, 0.4, 0.993948, 0.10863, 0.016349, -0.0, 0.0, 0.0, 0.0, 1.0],
                [-0.106552, 0.917138, 0.384063, 0.0, 0.026726, -0.38348, 0.923162, 0.4, 0.993948, 0.10863, 0.016349, -0.0, 0.0, 0.0, 0.0, 1.0],
                [-0.106552, 0.917138, 0.384063, 0.0, 0.026726, -0.38348, 0.923162, 0.4, 0.993948, 0.10863, 0.016349, 0.0, 0.0, 0.0, 0.0, 1.0],
                [-0.106552, 0.917138, 0.384062, 0.0, 0.026726, -0.38348, 0.923162, 0.4, 0.993948, 0.10863, 0.016349, -0.0, 0.0, 0.0, 0.0, 1.0],
                [-0.106552, 0.917138, 0.384063, -0.0, 0.026726, -0.38348, 0.923162, 0.4, 0.993948, 0.10863, 0.016349, -0.0, 0.0, 0.0, 0.0, 1.0],
                [-0.106552, 0.917138, 0.384063, -0.0, 0.026726, -0.38348, 0.923162, 0.4, 0.993948, 0.10863, 0.016349, 0.0, 0.0, 0.0, 0.0, 1.0],
                [-0.106552, 0.917138, 0.384063, -0.0, 0.026726, -0.38348, 0.923162, 0.4, 0.993948, 0.10863, 0.016349, -0.0, 0.0, 0.0, 0.0, 1.0],
                [-0.106552, 0.917138, 0.384063, -0.0, 0.026726, -0.38348, 0.923162, 0.4, 0.993948, 0.10863, 0.016349, -0.0, 0.0, 0.0, 0.0, 1.0],
                [-0.106552, 0.917138, 0.384063, 0.0, 0.026726, -0.38348, 0.923162, 0.4, 0.993948, 0.10863, 0.016349, 0.0, 0.0, 0.0, 0.0, 1.0],
                [-0.106552, 0.917138, 0.384063, -0.0, 0.026726, -0.38348, 0.923162, 0.4, 0.993948, 0.10863, 0.016349, 0.0, 0.0, 0.0, 0.0, 1.0],
                [-0.106552, 0.917138, 0.384063, 0.0, 0.026726, -0.38348, 0.923162, 0.4, 0.993948, 0.10863, 0.016349, -0.0, 0.0, 0.0, 0.0, 1.0],
                [-0.106552, 0.917138, 0.384063, -0.0, 0.026726, -0.38348, 0.923162, 0.4, 0.993948, 0.10863, 0.016349, 0.0, 0.0, 0.0, 0.0, 1.0],
                [-0.106552, 0.917138, 0.384063, 0.0, 0.026726, -0.38348, 0.923162, 0.4, 0.993948, 0.10863, 0.016349, -0.0, 0.0, 0.0, 0.0, 1.0],
                [-0.106552, 0.917138, 0.384063, 0.0, 0.026726, -0.38348, 0.923162, 0.4, 0.993948, 0.10863, 0.016349, 0.0, 0.0, 0.0, 0.0, 1.0],
                [-0.106552, 0.917138, 0.384063, -0.0, 0.026726, -0.38348, 0.923162, 0.4, 0.993948, 0.10863, 0.016349, 0.0, 0.0, 0.0, 0.0, 1.0],
                [-0.106552, 0.917138, 0.384063, 0.0, 0.026726, -0.38348, 0.923162, 0.4, 0.993948, 0.10863, 0.016349, -0.0, 0.0, 0.0, 0.0, 1.0],
                [-0.106552, 0.917138, 0.384063, 0.0, 0.026726, -0.38348, 0.923162, 0.4, 0.993948, 0.10863, 0.016349, -0.0, 0.0, 0.0, 0.0, 1.0],
                [-0.106552, 0.917138, 0.384063, 0.0, 0.026726, -0.38348, 0.923162, 0.4, 0.993948, 0.10863, 0.016349, 0.0, 0.0, 0.0, 0.0, 1.0],
                [-0.106552, 0.917138, 0.384063, -0.0, 0.026726, -0.38348, 0.923162, 0.4, 0.993948, 0.10863, 0.016349, -0.0, 0.0, 0.0, 0.0, 1.0],
                [-0.106552, 0.917138, 0.384063, 0.0, 0.026726, -0.38348, 0.923162, 0.4, 0.993948, 0.10863, 0.016349, -0.0, 0.0, 0.0, 0.0, 1.0],
                [-0.106552, 0.917138, 0.384063, 0.0, 0.026726, -0.38348, 0.923162, 0.4, 0.993948, 0.10863, 0.016349, -0.0, 0.0, 0.0, 0.0, 1.0],
                [-0.106552, 0.917138, 0.384063, 0.0, 0.026726, -0.38348, 0.923162, 0.4, 0.993948, 0.10863, 0.016349, 0.0, 0.0, 0.0, 0.0, 1.0]
            ]
        },
        {
            "name": "Arm_R",
            "time": [0.0, 0.0167, 0.0333, 0.05, 0.0667, 0.0833, 0.1, 0.1167, 0.1333, 0.15, 0.1667, 0.1833, 0.2, 0.2167, 0.2333, 0.25, 0.2667, 0.2833, 0.3, 0.3167, 0.3333, 0.35, 0.3667, 0.3833, 0.4],
            "transform": [
                [0.140049, -0.015682, -0.990021, -0.0, 0.657269, 0.749279, 0.081109, 0.39386, 0.740529, -0.662069, 0.115243, 0.0, 0.0, 0.0, 0.0, 1.0],
                [0.143696, -0.020462, -0.989411, -0.0, 0.661694, 0.74542, 0.080684, 0.393861, 0.735875, -0.666281, 0.120653, -0.0, 0.0, 0.0, 0.0, 1.0],
                [0.152702, -0.032566, -0.987736, 0.0, 0.672433, 0.735856, 0.079695, 0.39386, 0.724235, -0.676355, 0.134265, -0.0, 0.0, 0.0, 0.0, 1.0],
                [0.164227, -0.048593, -0.985225, 0.0, 0.68576, 0.723569, 0.078622, 0.39386, 0.709057, -0.688541, 0.152152, -0.0, 0.0, 0.0, 0.0, 1.0],
                [0.175815, -0.064962, -0.982278, 0.0, 0.698374, 0.711476, 0.077947, 0.393861, 0.693803, -0.699701, 0.170456, 0.0, 0.0, 0.0, 0.0, 1.0],
                [0.185471, -0.077956, -0.979553, -0.0, 0.707432, 0.70246, 0.078043, 0.393861, 0.682012, -0.707442, 0.185434, -0.0, 0.0, 0.0, 0.0, 1.0],
                [0.191438, -0.083872, -0.977915, -0.0, 0.710304, 0.699441, 0.079062, 0.393861, 0.677362, -0.709753, 0.193474, -0.0, 0.0, 0.0, 0.0, 1.0],
                [0.193665, -0.085162, -0.977365, -0.0, 0.708836, 0.700893, 0.079384, 0.39386, 0.678267, -0.708165, 0.196104, 0.0, 0.0, 0.0, 0.0, 1.0],
                [0.193637, -0.086613, -0.977243, -0.0, 0.706848, 0.70308, 0.077745, 0.39386, 0.680346, -0.705817, 0.197364, -0.0, 0.0, 0.0, 0.0, 1.0],
                [0.191847, -0.088145, -0.977459, 0.0, 0.704576, 0.705692, 0.074651, 0.393861, 0.683204, -0.703015, 0.197489, 0.0, 0.0, 0.0, 0.0, 1.0],
                [0.188809, -0.089616, -0.977917, 0.0, 0.702256, 0.708408, 0.070668, 0.39386, 0.686431, -0.700091, 0.196687, 0.0, 0.0, 0.0, 0.0, 1.0],
                [0.185046, -0.090798, -0.978527, -0.0, 0.700138, 0.71091, 0.066435, 0.39386, 0.689612, -0.697397, 0.195122, 0.0, 0.0, 0.0, 0.0, 1.0],
                [0.181091, -0.091377, -0.979213, 0.0, 0.698481, 0.712881, 0.06265, 0.393861, 0.692337, -0.695307, 0.192921, 0.0, 0.0, 0.0, 0.0, 1.0],
                [0.177654, -0.09203, -0.979781, -0.0, 0.697799, 0.713821, 0.059477, 0.393861, 0.693914, -0.694256, 0.191031, -0.0, 0.0, 0.0, 0.0, 1.0],
                [0.174842, -0.093212, -0.980174, 0.0, 0.698099, 0.713757, 0.056649, 0.39386, 0.694326, -0.694163, 0.189866, 0.0, 0.0, 0.0, 0.0, 1.0],
                [0.172278, -0.094291, -0.980526, 0.0, 0.698899, 0.713164, 0.054216, 0.39386, 0.694162, -0.694628, 0.188762, 0.0, 0.0, 0.0, 0.0, 1.0],
                [0.169585, -0.094656, -0.98096, -0.0, 0.699721, 0.712506, 0.052213, 0.393861, 0.693997, -0.695252, 0.187063, -0.0, 0.0, 0.0, 0.0, 1.0],
                [0.166407, -0.093666, -0.981599, -0.0, 0.700089, 0.712252, 0.05072, 0.39386, 0.694395, -0.695646, 0.184098, 0.0, 0.0, 0.0, 0.0, 1.0],
                [0.162419, -0.090634, -0.982551, -0.0, 0.699524, 0.712867, 0.049877, 0.39386, 0.695907, -0.695419, 0.179184, 0.0, 0.0, 0.0, 0.0, 1.0],
