{
    "animation": [
        {
            "name": "Root",
            "time": [0.0, 0.0167, 0.0333, 0.05, 0.0667, 0.0833, 0.1, 0.1167, 0.1333, 0.15, 0.1667, 0.1833, 0.2, 0.2167, 0.2333, 0.25, 0.2667, 0.2833, 0.3, 0.3167, 0.3333, 0.35, 0.3667, 0.3833, 0.4, 0.4167, 0.4333, 0.45, 0.4667],
            "transform": [
                [0.888047, 0.0, -0.459753, -5e-06, -0.43459, 0.326289, -0.839444, 0.000946, 0.150012, 0.94527, 0.28976, 0.718565, 0.0, 0.0, 0.0, 1.0],
                [0.890121, -5.3e-05, -0.455724, -5e-06, -0.430783, 0.326183, -0.841445, 0.000946, 0.148694, 0.945307, 0.29032, 0.713574, 0.0, 0.0, 0.0, 1.0],
                [0.895843, -0.000186, -0.44437, -5e-06, -0.420072, 0.325789, -0.846995, 0.000946, 0.144929, 0.945442, 0.291778, 0.700705, 0.0, 0.0, 0.0, 1.0],
                [0.904373, -0.000351, -0.426742, -5e-06, -0.403474, 0.32499, -0.85533, 0.000946, 0.138987, 0.945717, 0.293771, 0.683108, 0.0, 0.0, 0.0, 1.0],
                [0.914813, -0.00049, -0.403878, -5e-06, -0.381992, 0.32367, -0.865633, 0.000946, 0.131147, 0.94617, 0.29591, 0.663935, 0.0, 0.0, 0.0, 1.0],
                [0.926271, -0.000532, -0.376857, -5e-06, -0.356664, 0.321715, -0.877092, 0.000946, 0.121707, 0.946836, 0.297805, 0.646337, 0.0, 0.0, 0.0, 1.0],
                [0.937926, -0.000398, -0.346834, -5e-06, -0.328593, 0.319016, -0.888963, 0.000946, 0.111, 0.947749, 0.299083, 0.633468, 0.0, 0.0, 0.0, 1.0],
                [0.949074, -0.0, -0.315053, -5e-06, -0.298965, 0.315473, -0.900609, 0.000946, 0.099391, 0.948935, 0.299407, 0.628478, 0.0, 0.0, 0.0, 1.0],
                [0.959135, 9.7e-05, -0.28295, -5e-06, -0.269322, 0.306925, -0.912832, 0.000946, 0.086756, 0.951734, 0.294409, 0.635983, 0.0, 0.0, 0.0, 1.0],
                [0.967734, -0.000256, -0.251974, -5e-06, -0.240978, 0.291248, -0.925799, 0.000946, 0.073624, 0.956648, 0.281789, 0.655339, 0.0, 0.0, 0.0, 1.0],
                [0.974706, -0.000562, -0.223492, -5e-06, -0.214953, 0.271422, -0.93815, 0.000946, 0.061188, 0.96246, 0.264436, 0.681806, 0.0, 0.0, 0.0, 1.0],
                [0.980018, -0.0006, -0.198909, -5e-06, -0.192419, 0.250507, -0.9488, 0.000946, 0.050397, 0.968114, 0.245386, 0.710643, 0.0, 0.0, 0.0, 1.0],
                [0.983733, -0.000393, -0.179637, -5e-06, -0.174662, 0.231634, -0.956995, 0.000946, 0.041986, 0.972803, 0.227798, 0.73711, 0.0, 0.0, 0.0, 1.0],
                [0.985945, -0.000122, -0.167072, -5e-06, -0.163029, 0.217977, -0.962241, 0.000946, 0.036535, 0.975954, 0.214893, 0.756466, 0.0, 0.0, 0.0, 1.0],
                [0.986695, -0.0, -0.162584, -5e-06, -0.158863, 0.212719, -0.964113, 0.000946, 0.034585, 0.977113, 0.209888, 0.763972, 0.0, 0.0, 0.0, 1.0],
                [0.985947, -0.000287, -0.167058, -5e-06, -0.162871, 0.220818, -0.96162, 0.000946, 0.037165, 0.975315, 0.217668, 0.76045, 0.0, 0.0, 0.0, 1.0],
                [0.98374, -0.000925, -0.179594, -5e-06, -0.17405, 0.241686, -0.954617, 0.000946, 0.044289, 0.970354, 0.237595, 0.751369, 0.0, 0.0, 0.0, 1.0],
                [0.980029, -0.001479, -0.198847, -5e-06, -0.191062, 0.270151, -0.94367, 0.000946, 0.055114, 0.962817, 0.264473, 0.738952, 0.0, 0.0, 0.0, 1.0],
                [0.97472, -0.001573, -0.223426, -5e-06, -0.212599, 0.301064, -0.929603, 0.000946, 0.068728, 0.953603, 0.293118, 0.725422, 0.0, 0.0, 0.0, 1.0],
                [0.96775, -0.001098, -0.251911, -5e-06, -0.237502, 0.329398, -0.913832, 0.000946, 0.083982, 0.94419, 0.318514, 0.713005, 0.0, 0.0, 0.0, 1.0],
                [0.95915, -0.000332, -0.282899, -5e-06, -0.264861, 0.35032, -0.898401, 0.000946, 0.099403, 0.93663, 0.335921, 0.703923, 0.0, 0.0, 0.0, 1.0],
                [0.949074, -0.0, -0.315053, -5e-06, -0.294032, 0.359159, -0.885749, 0.000946, 0.113154, 0.933276, 0.340868, 0.700402, 0.0, 0.0, 0.0, 1.0],
                [0.937902, -3.9e-05, -0.3469, -5e-06, -0.323859, 0.358269, -0.875647, 0.000946, 0.124318, 0.933618, 0.336008, 0.701408, 0.0, 0.0, 0.0, 1.0],
                [0.926232, 0.000118, -0.376953, -5e-06, -0.35259, 0.353948, -0.866257, 0.000946, 0.133319, 0.935265, 0.32788, 0.704003, 0.0, 0.0, 0.0, 1.0],
                [0.91477, 0.000255, -0.403975, -5e-06, -0.378883, 0.347483, -0.857731, 0.000946, 0.140155, 0.937686, 0.317964, 0.707551, 0.0, 0.0, 0.0, 1.0],
                [0.904337, 0.000274, -0.426818, -5e-06, -0.401448, 0.340176, -0.850365, 0.000946, 0.14496, 0.940362, 0.307744, 0.711416, 0.0, 0.0, 0.0, 1.0],
                [0.895821, 0.000182, -0.444414, -5e-06, -0.419052, 0.333334, -0.844561, 0.000946, 0.147984, 0.942809, 0.298684, 0.714964, 0.0, 0.0, 0.0, 1.0],
                [0.890114, 5.8e-05, -0.455737, -5e-06, -0.430499, 0.328268, -0.840779, 0.000946, 0.149555, 0.944584, 0.292221, 0.717559, 0.0, 0.0, 0.0, 1.0],
                [0.888047, 0.0, -0.459753, -5e-06, -0.43459, 0.326289, -0.839444, 0.000946, 0.150012, 0.94527, 0.28976, 0.718565, 0.0, 0.0, 0.0, 1.0]
            ]
        },
        {
            "name": "Thigh_R",
            "time": [0.0, 0.0167, 0.0333, 0.05, 0.0667, 0.0833, 0.1, 0.1167, 0.1333, 0.15, 0.1667, 0.1833, 0.2, 0.2167, 0.2333, 0.25, 0.2667, 0.2833, 0.3, 0.3167, 0.3333, 0.35, 0.3667, 0.3833, 0.4, 0.4167, 0.4333, 0.45, 0.4667],
            "transform": [
                [0.960859, 0.14059, -0.238714, 0.124994, 0.067641, -0.954642, -0.28997, -0.002831, -0.268654, 0.262474, -0.926786, -1.2e-05, 0.0, 0.0, 0.0, 1.0],
                [0.96096, 0.13746, -0.240126, 0.124994, 0.067618, -0.958219, -0.27793, -0.002831, -0.268297, 0.250843, -0.930105, -1.2e-05, 0.0, 0.0, 0.0, 1.0],
                [0.961391, 0.127833, -0.243694, 0.124994, 0.067189, -0.967796, -0.242605, -0.002831, -0.266859, 0.216865, -0.939019, -1.2e-05, 0.0, 0.0, 0.0, 1.0],
                [0.962299, 0.111927, -0.247898, 0.124994, 0.066026, -0.980273, -0.186298, -0.002831, -0.26386, 0.162906, -0.950705, -1.2e-05, 0.0, 0.0, 0.0, 1.0],
                [0.963785, 0.090301, -0.250928, 0.124994, 0.064057, -0.991769, -0.110867, -0.002831, -0.258874, 0.090779, -0.961636, -1.2e-05, 0.0, 0.0, 0.0, 1.0],
                [0.965914, 0.063605, -0.250926, 0.124994, 0.061399, -0.997975, -0.016618, -0.002831, -0.251475, 0.000645, -0.967864, -1.2e-05, 0.0, 0.0, 0.0, 1.0],
                [0.968733, 0.032574, -0.245958, 0.124994, 0.058203, -0.993517, 0.09766, -0.002831, -0.241182, -0.108922, -0.964348, -1.2e-05, 0.0, 0.0, 0.0, 1.0],
                [0.97229, -0.001867, -0.233772, 0.124994, 0.054376, -0.970736, 0.233911, -0.002831, -0.227368, -0.240141, -0.943735, -1.2e-05, 0.0, 0.0, 0.0, 1.0],
                [0.976454, -0.038117, -0.212331, 0.124994, 0.048556, -0.920176, 0.388482, -0.002831, -0.21019, -0.389644, -0.896659, -1.2e-05, 0.0, 0.0, 0.0, 1.0],
                [0.980707, -0.071461, -0.181952, 0.124994, 0.041293, -0.834052, 0.550138, -0.002831, -0.191071, -0.547038, -0.81501, -1.2e-05, 0.0, 0.0, 0.0, 1.0],
                [0.984626, -0.09643, -0.145647, 0.124994, 0.034294, -0.710867, 0.70249, -0.002831, -0.171277, -0.696685, -0.696631, -1.2e-05, 0.0, 0.0, 0.0, 1.0],
                [0.987913, -0.110203, -0.10901, 0.124994, 0.02844, -0.562453, 0.82634, -0.002831, -0.152378, -0.819453, -0.55252, -1.2e-05, 0.0, 0.0, 0.0, 1.0],
                [0.99039, -0.114377, -0.077755, 0.124994, 0.024053, -0.411188, 0.911232, -0.002831, -0.136196, -0.904346, -0.404486, -1.2e-05, 0.0, 0.0, 0.0, 1.0],
                [0.991954, -0.114084, -0.054891, 0.124994, 0.021369, -0.276469, 0.960785, -0.002831, -0.124786, -0.954228, -0.271806, -1.2e-05, 0.0, 0.0, 0.0, 1.0],
                [0.992484, -0.115395, -0.040747, 0.124994, 0.021299, -0.165002, 0.986063, -0.002831, -0.12051, -0.97952, -0.161304, -1.2e-05, 0.0, 0.0, 0.0, 1.0],
                [0.993296, -0.113107, -0.023876, 0.124994, 0.013826, -0.088825, 0.995952, -0.002831, -0.11477, -0.989605, -0.086665, -1.2e-05, 0.0, 0.0, 0.0, 1.0],
                [0.99474, -0.100947, 0.017395, 0.124994, -0.025186, -0.076431, 0.996757, -0.002831, -0.09929, -0.991952, -0.078571, -1.2e-05, 0.0, 0.0, 0.0, 1.0],
                [0.992186, -0.100202, 0.074331, 0.124994, -0.086977, -0.128393, 0.987901, -0.002831, -0.089446, -0.986648, -0.136105, -1.2e-05, 0.0, 0.0, 0.0, 1.0],
                [0.987743, -0.128832, 0.088129, 0.124994, -0.113427, -0.204544, 0.972263, -0.002831, -0.107232, -0.970342, -0.21665, -1.2e-05, 0.0, 0.0, 0.0, 1.0],
                [0.985337, -0.165238, 0.042503, 0.124994, -0.095735, -0.329253, 0.939376, -0.002831, -0.141226, -0.929671, -0.340244, -1.2e-05, 0.0, 0.0, 0.0, 1.0],
                [0.981656, -0.187193, -0.036199, 0.124994, -0.074136, -0.549677, 0.832081, -0.002831, -0.175658, -0.814134, -0.553472, -1.2e-05, 0.0, 0.0, 0.0, 1.0],
                [0.975886, -0.208263, -0.065378, 0.124994, -0.057761, -0.535216, 0.842738, -0.002831, -0.210503, -0.81864, -0.534339, -1.2e-05, 0.0, 0.0, 0.0, 1.0],
                [0.9705, -0.233804, -0.058869, 0.124994, -0.055995, -0.456065, 0.888183, -0.002831, -0.234509, -0.858685, -0.455703, -1.2e-05, 0.0, 0.0, 0.0, 1.0],
                [0.967777, -0.246112, -0.053261, 0.124994, -0.063862, -0.444485, 0.893507, -0.00283, -0.243576, -0.861315, -0.445879, -1.2e-05, 0.0, 0.0, 0.0, 1.0],
                [0.967198, -0.245688, -0.064535, 0.124994, -0.062739, -0.477226, 0.876538, -0.002831, -0.246153, -0.843738, -0.476986, -1.2e-05, 0.0, 0.0, 0.0, 1.0],
                [0.967444, -0.217435, -0.129519, 0.124994, -0.03806, -0.630926, 0.774909, -0.002831, -0.250209, -0.744751, -0.618661, -1.2e-05, 0.0, 0.0, 0.0, 1.0],
                [0.966466, -0.127396, -0.222966, 0.124994, 0.00277, -0.863043, 0.505123, -0.002831, -0.25678, -0.488802, -0.833749, -1.2e-05, 0.0, 0.0, 0.0, 1.0],
                [0.963289, 0.040003, -0.265469, 0.124994, 0.046019, -0.998805, 0.016479, -0.002831, -0.264493, -0.028091, -0.963978, -1.2e-05, 0.0, 0.0, 0.0, 1.0],
                [0.960859, 0.14059, -0.238714, 0.124994, 0.067641, -0.954642, -0.289971, -0.002831, -0.268654, 0.262474, -0.926786, -1.2e-05, 0.0, 0.0, 0.0, 1.0]
            ]
        },
        {
            "name": "Leg_R",
            "time": [0.0, 0.0167, 0.0333, 0.05, 0.0667, 0.0833, 0.1, 0.1167, 0.1333, 0.15, 0.1667, 0.1833, 0.2, 0.2167, 0.2333, 0.25, 0.2667, 0.2833, 0.3, 0.3167, 0.3333, 0.35, 0.3667, 0.3833, 0.4, 0.4167, 0.4333, 0.45, 0.4667],
            "transform": [
                [1.0, -0.0, 1e-06, 0.0, -0.0, 0.723182, 0.690657, 0.374726, -1e-06, -0.690657, 0.723182, 0.0, 0.0, 0.0, 0.0, 1.0],
                [1.0, -1e-06, 1e-06, 0.0, -0.0, 0.705523, 0.708687, 0.374726, -1e-06, -0.708687, 0.705523, 0.0, 0.0, 0.0, 0.0, 1.0],
                [1.0, -1e-06, 1e-06, -0.0, -0.0, 0.653684, 0.756767, 0.374726, -1e-06, -0.756767, 0.653684, 0.0, 0.0, 0.0, 0.0, 1.0],
                [1.0, -1e-06, 1e-06, -0.0, -0.0, 0.57024, 0.821478, 0.374726, -1e-06, -0.821478, 0.57024, 0.0, 0.0, 0.0, 0.0, 1.0],
                [1.0, -1e-06, 1e-06, 0.0, -0.0, 0.458917, 0.888479, 0.374726, -1e-06, -0.888479, 0.458918, 0.0, 0.0, 0.0, 0.0, 1.0],
                [1.0, -1e-06, 0.0, 0.0, -0.0, 0.324815, 0.945778, 0.374726, -1e-06, -0.945778, 0.324815, 0.0, 0.0, 0.0, 0.0, 1.0],
                [1.0, -1e-06, 0.0, -0.0, -0.0, 0.174898, 0.984586, 0.374726, -1e-06, -0.984586, 0.174898, 0.0, 0.0, 0.0, 0.0, 1.0],
                [1.0, -1e-06, 0.0, -0.0, -0.0, 0.018793, 0.999823, 0.374726, -1e-06, -0.999823, 0.018793, 0.0, 0.0, 0.0, 0.0, 1.0],
                [1.0, -1e-06, 0.0, -0.0, -0.0, -0.121145, 0.992635, 0.374726, -1e-06, -0.992635, -0.121145, 0.0, 0.0, 0.0, 0.0, 1.0],
                [1.0, -1e-06, 0.0, 0.0, -0.0, -0.224051, 0.974577, 0.374726, -1e-06, -0.974577, -0.224052, 0.0, 0.0, 0.0, 0.0, 1.0],
                [1.0, -1e-06, 0.0, -0.0, -0.0, -0.28022, 0.959936, 0.374726, -1e-06, -0.959936, -0.28022, 0.0, 0.0, 0.0, 0.0, 1.0],
                [1.0, -1e-06, 0.0, 0.0, -0.0, -0.282707, 0.959207, 0.374726, -1e-06, -0.959207, -0.282707, 0.0, 0.0, 0.0, 0.0, 1.0],
                [1.0, -1e-06, 0.0, 0.0, -0.0, -0.229088, 0.973406, 0.374726, -1e-06, -0.973406, -0.229088, 0.0, 0.0, 0.0, 0.0, 1.0],
                [1.0, -1e-06, 0.0, -0.0, -0.0, -0.121753, 0.99256, 0.374726, -1e-06, -0.99256, -0.121753, 0.0, 0.0, 0.0, 0.0, 1.0],
                [1.0, -1e-06, 0.0, -0.0, -0.0, 0.033282, 0.999446, 0.374726, -1e-06, -0.999446, 0.033282, 0.0, 0.0, 0.0, 0.0, 1.0],
                [1.0, -1e-06, 0.0, -0.0, -0.0, 0.24436, 0.969684, 0.374726, -1e-06, -0.969685, 0.244361, 0.0, 0.0, 0.0, 0.0, 1.0],
                [1.000001, -1e-06, 1e-06, -0.0, -0.0, 0.503277, 0.864125, 0.374726, -1e-06, -0.864125, 0.503278, -0.0, 0.0, 0.0, 0.0, 1.0],
                [1.0, -1e-06, 1e-06, 0.0, -0.0, 0.746854, 0.664988, 0.374726, -1e-06, -0.664988, 0.746854, 0.0, 0.0, 0.0, 0.0, 1.0],
                [1.0, -0.0, 1e-06, 0.0, -0.0, 0.890949, 0.454103, 0.374726, -1e-06, -0.454103, 0.890949, 0.0, 0.0, 0.0, 0.0, 1.0],
                [1.0, -0.0, 1e-06, -0.0, -0.0, 0.95772, 0.287702, 0.374726, -1e-06, -0.287702, 0.95772, 0.0, 0.0, 0.0, 0.0, 1.0],
                [1.0, -0.0, 1e-06, -0.0, -0.0, 0.999989, 0.004684, 0.374726, -1e-06, -0.004684, 0.999989, -0.0, 0.0, 0.0, 0.0, 1.0],
                [1.0, -0.0, 1e-06, -0.0, -0.0, 0.973971, 0.226672, 0.374726, -1e-06, -0.226672, 0.973971, 0.0, 0.0, 0.0, 0.0, 1.0],
                [1.0, -0.0, 1e-06, 0.0, -0.0, 0.858688, 0.512497, 0.374726, -1e-06, -0.512497, 0.858689, 0.0, 0.0, 0.0, 0.0, 1.0],
                [1.0, -0.0, 1e-06, 0.0, -0.0, 0.753344, 0.657626, 0.374726, -1e-06, -0.657626, 0.753344, -0.0, 0.0, 0.0, 0.0, 1.0],
                [1.0, -1e-06, 1e-06, 0.0, -0.0, 0.607106, 0.794621, 0.374726, -1e-06, -0.79462, 0.607106, 0.0, 0.0, 0.0, 0.0, 1.0],
                [1.0, -1e-06, 1e-06, 0.0, -0.0, 0.483384, 0.875408, 0.374726, -1e-06, -0.875409, 0.483385, -0.0, 0.0, 0.0, 0.0, 1.0],
                [1.0, -1e-06, 0.0, -0.0, -0.0, 0.373632, 0.927577, 0.374726, -1e-06, -0.927577, 0.373632, 0.0, 0.0, 0.0, 0.0, 1.0],
                [1.0, -1e-06, 1e-06, 0.0, -0.0, 0.518689, 0.854963, 0.374726, -1e-06, -0.854963, 0.518689, -0.0, 0.0, 0.0, 0.0, 1.0],
                [1.0, -0.0, 1e-06, 0.0, -0.0, 0.723182, 0.690657, 0.374726, -1e-06, -0.690657, 0.723182, 0.0, 0.0, 0.0, 0.0, 1.0]
            ]
        },
        {
            "name": "Knee_R",
            "time": [0.0, 0.4667],
            "transform": [
                [1.0, 0.0, -0.0, 0.0, -0.0, 0.00567, -0.999984, 0.398619, -0.0, 0.999984, 0.00567, -0.000135, 0.0, 0.0, 0.0, 1.0],
                [1.0, 0.0, -0.0, -0.0, -0.0, 0.00567, -0.999984, 0.398619, -0.0, 0.999984, 0.00567, -0.000135, 0.0, 0.0, 0.0, 1.0]
            ]
        },
        {
            "name": "Thigh_L",
            "time": [0.0, 0.0167, 0.0333, 0.05, 0.0667, 0.0833, 0.1, 0.1167, 0.1333, 0.15, 0.1667, 0.1833, 0.2, 0.2167, 0.2333, 0.25, 0.2667, 0.2833, 0.3, 0.3167, 0.3333, 0.35, 0.3667, 0.3833, 0.4, 0.4167, 0.4333, 0.45, 0.4667],
            "transform": [
                [0.869581, -0.491959, -0.042482, -0.125006, -0.008893, -0.101623, 0.994783, -0.002831, -0.49371, -0.864667, -0.092744, -1.2e-05, 0.0, 0.0, 0.0, 1.0],
                [0.872595, -0.488273, 0.012981, -0.125006, -0.028852, -0.024996, 0.999271, -0.002831, -0.487592, -0.872334, -0.035899, -1.2e-05, 0.0, 0.0, 0.0, 1.0],
                [0.879033, -0.461384, 0.120107, -0.125006, -0.08665, 0.093117, 0.991878, -0.002831, -0.46882, -0.882301, 0.041874, -1.2e-05, 0.0, 0.0, 0.0, 1.0],
                [0.882204, -0.416198, 0.220216, -0.125006, -0.179606, 0.134885, 0.974447, -0.002831, -0.435267, -0.899214, 0.044244, -1.2e-05, 0.0, 0.0, 0.0, 1.0],
                [0.881972, -0.368747, 0.293518, -0.125006, -0.25763, 0.144294, 0.955409, -0.002831, -0.394657, -0.918262, 0.032262, -1.2e-05, 0.0, 0.0, 0.0, 1.0],
                [0.906901, -0.368369, 0.204539, -0.125006, -0.180901, 0.098012, 0.978605, -0.002831, -0.380535, -0.924499, 0.022249, -1.2e-05, 0.0, 0.0, 0.0, 1.0],
                [0.92805, -0.372081, 0.016719, -0.125006, -0.051569, -0.083908, 0.995138, -0.002831, -0.368869, -0.9244, -0.097059, -1.2e-05, 0.0, 0.0, 0.0, 1.0],
                [0.939771, -0.328541, -0.094291, -0.125006, -0.001987, -0.281111, 0.959673, -0.002831, -0.341798, -0.901686, -0.264832, -1.2e-05, 0.0, 0.0, 0.0, 1.0],
                [0.951337, -0.286221, -0.114173, -0.125006, -0.003458, -0.380402, 0.924815, -0.002831, -0.308133, -0.879416, -0.36288, -1.2e-05, 0.0, 0.0, 0.0, 1.0],
                [0.961337, -0.250357, -0.114683, -0.125006, -0.008167, -0.442203, 0.896877, -0.002831, -0.275253, -0.861265, -0.427151, -1.2e-05, 0.0, 0.0, 0.0, 1.0],
                [0.969536, -0.210199, -0.125762, -0.125006, -0.014503, -0.561784, 0.827157, -0.002831, -0.244519, -0.800135, -0.547719, -1.2e-05, 0.0, 0.0, 0.0, 1.0],
                [0.975848, -0.146289, -0.162235, -0.125006, -0.021206, -0.802591, 0.596153, -0.002831, -0.217419, -0.578315, -0.786308, -1.2e-05, 0.0, 0.0, 0.0, 1.0],
                [0.980393, -0.084656, -0.177937, -0.125006, -0.032807, -0.960532, 0.276227, -0.002831, -0.194299, -0.264973, -0.944477, -1.2e-05, 0.0, 0.0, 0.0, 1.0],
                [0.983064, -0.019621, -0.182208, -0.125006, -0.051262, -0.984004, -0.170611, -0.002831, -0.175945, 0.177062, -0.968345, -1.2e-05, 0.0, 0.0, 0.0, 1.0],
                [0.983735, 0.016795, -0.178836, -0.125006, -0.066892, -0.889751, -0.451517, -0.002831, -0.166703, 0.456137, -0.874156, -1.2e-05, 0.0, 0.0, 0.0, 1.0],
                [0.98262, 0.00309, -0.185601, -0.125006, -0.074641, -0.908891, -0.4103, -0.002831, -0.169959, 0.417023, -0.892864, -1.2e-05, 0.0, 0.0, 0.0, 1.0],
                [0.979631, -0.022465, -0.199549, -0.125006, -0.083141, -0.949925, -0.301215, -0.002831, -0.18279, 0.311669, -0.932443, -1.2e-05, 0.0, 0.0, 0.0, 1.0],
                [0.974711, -0.059238, -0.215475, -0.125006, -0.09196, -0.985126, -0.145157, -0.002831, -0.203671, 0.161301, -0.96566, -1.2e-05, 0.0, 0.0, 0.0, 1.0],
                [0.967775, -0.107438, -0.227748, -0.125006, -0.100475, -0.994054, 0.041985, -0.002831, -0.230905, -0.017749, -0.972814, -1.2e-05, 0.0, 0.0, 0.0, 1.0],
                [0.958846, -0.166535, -0.229956, -0.125006, -0.10802, -0.962981, 0.24698, -0.002831, -0.262574, -0.211976, -0.94134, -1.2e-05, 0.0, 0.0, 0.0, 1.0],
                [0.948188, -0.233585, -0.215354, -0.125006, -0.113988, -0.882818, 0.455674, -0.002831, -0.296558, -0.407517, -0.863704, -1.2e-05, 0.0, 0.0, 0.0, 1.0],
                [0.936362, -0.301638, -0.179556, -0.125006, -0.117918, -0.752059, 0.648463, -0.002831, -0.330637, -0.586023, -0.739768, -1.2e-05, 0.0, 0.0, 0.0, 1.0],
                [0.924226, -0.359434, -0.128895, -0.125006, -0.114631, -0.583157, 0.804232, -0.002831, -0.364234, -0.728516, -0.580171, -1.2e-05, 0.0, 0.0, 0.0, 1.0],
                [0.912185, -0.402135, -0.07878, -0.125006, -0.100794, -0.406528, 0.908062, -0.002831, -0.39719, -0.82038, -0.411361, -1.2e-05, 0.0, 0.0, 0.0, 1.0],
                [0.900335, -0.43304, -0.043291, -0.125006, -0.079642, -0.261739, 0.961847, -0.002831, -0.427849, -0.862537, -0.270141, -1.2e-05, 0.0, 0.0, 0.0, 1.0],
                [0.88905, -0.456936, -0.028267, -0.125006, -0.055282, -0.168443, 0.98416, -0.002831, -0.45446, -0.873405, -0.175015, -1.2e-05, 0.0, 0.0, 0.0, 1.0],
                [0.879221, -0.475491, -0.029659, -0.125006, -0.032333, -0.121665, 0.992044, -0.002831, -0.475316, -0.871267, -0.122344, -1.2e-05, 0.0, 0.0, 0.0, 1.0],
                [0.872218, -0.487649, -0.037866, -0.125006, -0.01543, -0.104812, 0.994372, -0.002831, -0.488873, -0.866726, -0.098943, -1.2e-05, 0.0, 0.0, 0.0, 1.0],
                [0.869581, -0.491959, -0.042482, -0.125006, -0.008893, -0.101623, 0.994783, -0.002831, -0.49371, -0.864667, -0.092745, -1.2e-05, 0.0, 0.0, 0.0, 1.0]
            ]
        },
        {
            "name": "Leg_L",
            "time": [0.0, 0.0167, 0.0333, 0.05, 0.0667, 0.0833, 0.1, 0.1167, 0.1333, 0.15, 0.1667, 0.1833, 0.2, 0.2167, 0.2333, 0.25, 0.2667, 0.2833, 0.3, 0.3167, 0.3333, 0.35, 0.3667, 0.3833, 0.4, 0.4167, 0.4333, 0.45, 0.4667],
            "transform": [
                [1.0, -1e-06, 0.0, -0.0, -0.0, -0.102322, 0.994751, 0.374726, -1e-06, -0.994751, -0.102322, -0.0, 0.0, 0.0, 0.0, 1.0],
                [1.0, -1e-06, 0.0, 0.0, -0.0, -0.059509, 0.998228, 0.374726, -1e-06, -0.998228, -0.059509, 0.0, 0.0, 0.0, 0.0, 1.0],
                [1.0, -1e-06, 0.0, 0.0, -0.0, 0.09687, 0.995297, 0.374726, -1e-06, -0.995297, 0.09687, -0.0, 0.0, 0.0, 0.0, 1.0],
                [1.0, -1e-06, 0.0, -0.0, -0.0, 0.334829, 0.942279, 0.374726, -1e-06, -0.942279, 0.334829, 0.0, 0.0, 0.0, 0.0, 1.0],
                [1.0, -1e-06, 1e-06, -0.0, -0.0, 0.448337, 0.893865, 0.374726, -1e-06, -0.893865, 0.448337, 0.0, 0.0, 0.0, 0.0, 1.0],
                [1.0, -1e-06, 1e-06, 0.0, -0.0, 0.508739, 0.860921, 0.374726, -1e-06, -0.860921, 0.508739, -0.0, 0.0, 0.0, 0.0, 1.0],
                [1.0, -0.0, 1e-06, -0.0, -0.0, 0.696721, 0.717342, 0.374726, -1e-06, -0.717342, 0.696722, -0.0, 0.0, 0.0, 0.0, 1.0],
                [1.0, -0.0, 1e-06, -0.0, -0.0, 0.859035, 0.511916, 0.374726, -1e-06, -0.511916, 0.859036, 0.0, 0.0, 0.0, 0.0, 1.0],
                [1.0, -0.0, 1e-06, 0.0, -0.0, 0.880867, 0.473364, 0.374726, -1e-06, -0.473364, 0.880866, 0.0, 0.0, 0.0, 0.0, 1.0],
                [1.0, -0.0, 1e-06, 0.0, -0.0, 0.799284, 0.600954, 0.374726, -1e-06, -0.600954, 0.799284, -0.0, 0.0, 0.0, 0.0, 1.0],
                [1.0, -1e-06, 1e-06, -0.0, -0.0, 0.682032, 0.731322, 0.374726, -1e-06, -0.731322, 0.682032, 0.0, 0.0, 0.0, 0.0, 1.0],
                [1.0, -0.0, 1e-06, -0.0, -0.0, 0.694595, 0.719401, 0.374726, -1e-06, -0.719401, 0.694595, 0.0, 0.0, 0.0, 0.0, 1.0],
                [1.0, -1e-06, 1e-06, -0.0, -0.0, 0.592901, 0.805276, 0.374726, -1e-06, -0.805276, 0.5929, 0.0, 0.0, 0.0, 0.0, 1.0],
                [1.0, -1e-06, 1e-06, -0.0, -0.0, 0.581125, 0.813814, 0.374726, -1e-06, -0.813814, 0.581126, 0.0, 0.0, 0.0, 0.0, 1.0],
                [1.0, -0.0, 1e-06, 0.0, -0.0, 0.714054, 0.700091, 0.374726, -1e-06, -0.700091, 0.714054, -0.0, 0.0, 0.0, 0.0, 1.0],
                [1.0, -1e-06, 1e-06, 0.0, -0.0, 0.667098, 0.74497, 0.374726, -1e-06, -0.74497, 0.667098, -0.0, 0.0, 0.0, 0.0, 1.0],
                [1.0, -1e-06, 1e-06, -0.0, -0.0, 0.539508, 0.84198, 0.374726, -1e-06, -0.84198, 0.539508, 0.0, 0.0, 0.0, 0.0, 1.0],
                [1.0, -1e-06, 1e-06, 0.0, -0.0, 0.357453, 0.933931, 0.374726, -1e-06, -0.933931, 0.357453, -0.0, 0.0, 0.0, 0.0, 1.0],
                [1.0, -1e-06, 0.0, 0.0, -0.0, 0.149422, 0.988773, 0.374726, -1e-06, -0.988774, 0.149422, -0.0, 0.0, 0.0, 0.0, 1.0],
                [1.0, -1e-06, 0.0, 0.0, -0.0, -0.056307, 0.998414, 0.374726, -1e-06, -0.998413, -0.056307, 0.0, 0.0, 0.0, 0.0, 1.0],
                [1.0, -1e-06, 0.0, 0.0, -0.0, -0.23344, 0.972371, 0.374726, -1e-06, -0.972371, -0.23344, -0.0, 0.0, 0.0, 0.0, 1.0],
                [1.0, -1e-06, -0.0, -0.0, -0.0, -0.35863, 0.933479, 0.374726, -1e-06, -0.93348, -0.35863, -0.0, 0.0, 0.0, 0.0, 1.0],
                [1.0, -1e-06, -0.0, 0.0, -0.0, -0.421631, 0.906767, 0.374726, -1e-06, -0.906767, -0.421631, 0.0, 0.0, 0.0, 0.0, 1.0],
                [1.0, -1e-06, -0.0, 0.0, -0.0, -0.425952, 0.904745, 0.374726, -1e-06, -0.904745, -0.425953, -0.0, 0.0, 0.0, 0.0, 1.0],
                [1.0, -1e-06, 0.0, 0.0, -0.0, -0.378887, 0.925443, 0.374726, -1e-06, -0.925442, -0.378887, -0.0, 0.0, 0.0, 0.0, 1.0],
                [1.0, -1e-06, -0.0, 0.0, -0.0, -0.297299, 0.954784, 0.374726, -1e-06, -0.954785, -0.297299, -0.0, 0.0, 0.0, 0.0, 1.0],
                [1.0, -1e-06, 0.0, 0.0, -0.0, -0.205528, 0.978651, 0.374726, -1e-06, -0.978651, -0.205528, -0.0, 0.0, 0.0, 0.0, 1.0],
                [1.0, -1e-06, 0.0, -0.0, -0.0, -0.131685, 0.991291, 0.374726, -1e-06, -0.991291, -0.131685, 0.0, 0.0, 0.0, 0.0, 1.0],
                [1.0, -1e-06, 0.0, 0.0, -0.0, -0.102322, 0.994751, 0.374726, -1e-06, -0.994752, -0.102322, -0.0, 0.0, 0.0, 0.0, 1.0]
            ]
        },
        {
            "name": "Knee_L",
            "time": [0.0, 0.4667],
            "transform": [
                [1.0, 0.0, -0.0, 0.0, -0.0, 0.00567, -0.999984, 0.484724, -0.0, 0.999984, 0.00567, -0.000624, 0.0, 0.0, 0.0, 1.0],
                [1.0, 0.0, -0.0, 0.0, -0.0, 0.00567, -0.999984, 0.484724, -0.0, 0.999984, 0.00567, -0.000624, 0.0, 0.0, 0.0, 1.0]
            ]
        },
        {
            "name": "Torso",
            "time": [0.0, 0.0167, 0.0333, 0.05, 0.0667, 0.0833, 0.1, 0.1167, 0.1333, 0.15, 0.1667, 0.1833, 0.2, 0.2167, 0.2333, 0.25, 0.2667, 0.2833, 0.3, 0.3167, 0.3333, 0.35, 0.3667, 0.3833, 0.4, 0.4167, 0.4333, 0.45, 0.4667],
            "transform": [
                [0.991749, -0.121288, -0.041504, 0.0, 0.128121, 0.948599, 0.289387, 0.05, 0.004271, -0.292317, 0.956312, 0.0, 0.0, 0.0, 0.0, 1.0],
                [0.991775, -0.120954, -0.041873, 0.0, 0.127949, 0.945818, 0.298425, 0.05, 0.003508, -0.301328, 0.953514, 0.0, 0.0, 0.0, 0.0, 1.0],
                [0.991885, -0.119764, -0.042683, -0.0, 0.127133, 0.938302, 0.3216, 0.05, 0.001534, -0.324416, 0.945913, -0.0, 0.0, 0.0, 0.0, 1.0],
                [0.992128, -0.117441, -0.043467, -0.0, 0.125222, 0.927224, 0.352953, 0.05, -0.001147, -0.355617, 0.934631, 0.0, 0.0, 0.0, 0.0, 1.0],
                [0.992547, -0.113746, -0.043737, 0.0, 0.121799, 0.914127, 0.3867, 0.05, -0.004005, -0.389145, 0.921168, 0.0, 0.0, 0.0, 0.0, 1.0],
                [0.993124, -0.10879, -0.043236, -0.0, 0.11688, 0.900562, 0.418721, 0.05, -0.006616, -0.420895, 0.907085, 0.0, 0.0, 0.0, 0.0, 1.0],
                [0.993902, -0.102187, -0.041442, 0.0, 0.109943, 0.889382, 0.443749, 0.05, -0.008487, -0.445599, 0.895192, 0.0, 0.0, 0.0, 0.0, 1.0],
                [0.994954, -0.093034, -0.037557, 0.0, 0.099924, 0.88529, 0.454177, 0.05, -0.009005, -0.455638, 0.89012, 0.0, 0.0, 0.0, 0.0, 1.0],
                [0.996289, -0.080056, -0.031617, 0.0, 0.085684, 0.887543, 0.452688, 0.05, -0.008179, -0.453717, 0.891108, -0.0, 0.0, 0.0, 0.0, 1.0],
                [0.99766, -0.063779, -0.02462, -0.0, 0.068045, 0.891438, 0.448005, 0.05, -0.006626, -0.448632, 0.893692, 0.0, 0.0, 0.0, 0.0, 1.0],
                [0.998786, -0.046083, -0.017381, 0.0, 0.049021, 0.896028, 0.441283, 0.05, -0.004761, -0.4416, 0.8972, -0.0, 0.0, 0.0, 0.0, 1.0],
                [0.999526, -0.02889, -0.010655, -0.0, 0.030652, 0.900514, 0.433745, 0.05, -0.002936, -0.433865, 0.900973, -0.0, 0.0, 0.0, 0.0, 1.0],
                [0.999886, -0.014159, -0.005119, 0.0, 0.014989, 0.904277, 0.426684, 0.05, -0.001412, -0.426712, 0.904386, -0.0, 0.0, 0.0, 0.0, 1.0],
                [0.999992, -0.003868, -0.001377, -0.0, 0.004088, 0.906843, 0.421449, 0.05, -0.000382, -0.421451, 0.906851, 0.0, 0.0, 0.0, 0.0, 1.0],
                [1.0, -0.0, 0.0, -0.0, -0.0, 0.907799, 0.419405, 0.05, -0.0, -0.419405, 0.907799, -0.0, 0.0, 0.0, 0.0, 1.0],
                [0.999982, -0.005755, -0.001891, 0.0, 0.006013, 0.905545, 0.424208, 0.05, -0.000729, -0.424212, 0.905563, 0.0, 0.0, 0.0, 0.0, 1.0],
                [0.999762, -0.020652, -0.007009, -0.0, 0.02164, 0.899448, 0.436492, 0.05, -0.002711, -0.436539, 0.899681, -0.0, 0.0, 0.0, 0.0, 1.0],
                [0.999048, -0.041115, -0.01455, 0.0, 0.043244, 0.890449, 0.453024, 0.05, -0.00567, -0.453222, 0.89138, 0.0, 0.0, 0.0, 0.0, 1.0],
                [0.997698, -0.063583, -0.02357, -0.0, 0.067185, 0.879758, 0.470652, 0.05, -0.009189, -0.471152, 0.882004, -0.0, 0.0, 0.0, 0.0, 1.0],
                [0.995874, -0.084582, -0.032861, -0.0, 0.089864, 0.869093, 0.486418, 0.05, -0.012583, -0.487364, 0.873108, -0.0, 0.0, 0.0, 0.0, 1.0],
                [0.994065, -0.100778, -0.040965, -0.0, 0.107762, 0.86068, 0.497612, 0.05, -0.01489, -0.499073, 0.866432, 0.0, 0.0, 0.0, 0.0, 1.0],
                [0.992968, -0.108958, -0.046293, -0.0, 0.117431, 0.857035, 0.501698, 0.05, -0.01499, -0.503606, 0.863803, 0.0, 0.0, 0.0, 0.0, 1.0],
                [0.992523, -0.111969, -0.048597, -0.0, 0.121371, 0.863056, 0.49031, 0.05, -0.012958, -0.492542, 0.870192, -0.0, 0.0, 0.0, 0.0, 1.0],
                [0.992187, -0.114741, -0.048983, 0.0, 0.124369, 0.878615, 0.461051, 0.05, -0.009865, -0.463541, 0.886021, -0.0, 0.0, 0.0, 0.0, 1.0],
                [0.991957, -0.117143, -0.047951, 0.0, 0.126427, 0.898514, 0.420345, 0.05, -0.006156, -0.423026, 0.906097, -0.0, 0.0, 0.0, 0.0, 1.0],
                [0.991821, -0.119033, -0.046066, 0.0, 0.127614, 0.918162, 0.37509, 0.05, -0.002352, -0.377901, 0.925843, -0.0, 0.0, 0.0, 0.0, 1.0],
                [0.99176, -0.120335, -0.043943, 0.0, 0.128103, 0.934242, 0.332839, 0.05, 0.001001, -0.335725, 0.941959, -0.0, 0.0, 0.0, 0.0, 1.0],
                [0.991747, -0.121062, -0.042215, 0.0, 0.128167, 0.944788, 0.301578, 0.05, 0.003374, -0.304499, 0.952507, -0.0, 0.0, 0.0, 0.0, 1.0],
                [0.991749, -0.121288, -0.041504, 0.0, 0.128121, 0.948599, 0.289387, 0.05, 0.004271, -0.292317, 0.956312, 0.0, 0.0, 0.0, 0.0, 1.0]
            ]
        },
        {
            "name": "Chest",
            "time": [0.0, 0.0167, 0.0333, 0.05, 0.0667, 0.0833, 0.1, 0.1167, 0.1333, 0.15, 0.1667, 0.1833, 0.2, 0.2167, 0.2333, 0.25, 0.2667, 0.2833, 0.3, 0.3167, 0.3333, 0.35, 0.3667, 0.3833, 0.4, 0.4167, 0.4333, 0.45, 0.4667],
            "transform": [
                [0.964785, -0.20059, 0.170156, -0.0, 0.151567, 0.952638, 0.263643, 0.3, -0.214982, -0.228569, 0.949494, -0.0, 0.0, 0.0, 0.0, 1.0],
                [0.965932, -0.196884, 0.167964, -0.0, 0.149303, 0.954071, 0.259726, 0.3, -0.211385, -0.2258, 0.950963, -0.0, 0.0, 0.0, 0.0, 1.0],
                [0.969004, -0.186838, 0.161624, 0.0, 0.143041, 0.957737, 0.249558, 0.3, -0.20142, -0.218704, 0.954777, -0.0, 0.0, 0.0, 0.0, 1.0],
                [0.973373, -0.172069, 0.151454, 0.0, 0.133525, 0.962649, 0.235535, 0.3, -0.186325, -0.209041, 0.959992, 0.0, 0.0, 0.0, 0.0, 1.0],
                [0.978383, -0.15419, 0.13781, 0.0, 0.121533, 0.967879, 0.22009, 0.3, -0.167319, -0.198584, 0.965696, 0.0, 0.0, 0.0, 0.0, 1.0],
                [0.983441, -0.134772, 0.121163, -0.0, 0.107953, 0.972649, 0.205671, 0.3, -0.145568, -0.189186, 0.971092, -0.0, 0.0, 0.0, 0.0, 1.0],
                [0.988065, -0.115314, 0.102131, -0.0, 0.093821, 0.976362, 0.194717, 0.3, -0.122171, -0.182811, 0.975528, 0.0, 0.0, 0.0, 0.0, 1.0],
                [0.991924, -0.097213, 0.081463, 0.0, 0.080331, 0.978565, 0.189623, 0.3, -0.098151, -0.181547, 0.978472, 0.0, 0.0, 0.0, 0.0, 1.0],
                [0.994868, -0.081466, 0.060014, 0.0, 0.068572, 0.978963, 0.192168, 0.3, -0.074407, -0.187067, 0.979525, -0.0, 0.0, 0.0, 0.0, 1.0],
                [0.996921, -0.068057, 0.038939, 0.0, 0.058905, 0.977828, 0.200953, 0.3, -0.051752, -0.198041, 0.978827, -0.0, 0.0, 0.0, 0.0, 1.0],
                [0.998193, -0.056862, 0.01942, 0.0, 0.05142, 0.975584, 0.213523, 0.3, -0.031087, -0.212138, 0.976745, -0.0, 0.0, 0.0, 0.0, 1.0],
                [0.99885, -0.047882, 0.002542, 0.0, 0.04605, 0.972707, 0.227423, 0.3, -0.013362, -0.227045, 0.973793, -0.0, 0.0, 0.0, 0.0, 1.0],
                [0.999092, -0.04123, -0.010691, 0.0, 0.042591, 0.969778, 0.240243, 0.3, 0.000463, -0.24048, 0.970654, -0.0, 0.0, 0.0, 0.0, 1.0],
                [0.999125, -0.037093, -0.019326, 0.0, 0.040747, 0.967483, 0.249632, 0.3, 0.009438, -0.250201, 0.968148, 0.0, 0.0, 0.0, 0.0, 1.0],
                [0.999112, -0.035678, -0.022421, -0.0, 0.040199, 0.966555, 0.253288, 0.3, 0.012634, -0.253964, 0.967131, 0.0, 0.0, 0.0, 0.0, 1.0],
                [0.999092, -0.037837, -0.019608, -0.0, 0.041565, 0.966725, 0.252419, 0.3, 0.009405, -0.253005, 0.967419, 0.0, 0.0, 0.0, 0.0, 1.0],
                [0.998966, -0.043925, -0.011712, 0.0, 0.045458, 0.967135, 0.250168, 0.3, 0.000339, -0.250442, 0.968132, -0.0, 0.0, 0.0, 0.0, 1.0],
                [0.998575, -0.053361, 0.000451, -0.0, 0.051594, 0.967597, 0.247173, 0.3, -0.013625, -0.246797, 0.968971, -0.0, 0.0, 0.0, 0.0, 1.0],
                [0.997719, -0.065562, 0.016055, -0.0, 0.059676, 0.967916, 0.244085, 0.3, -0.031542, -0.24257, 0.969621, -0.0, 0.0, 0.0, 0.0, 1.0],
                [0.996209, -0.079961, 0.034252, 0.0, 0.069383, 0.967902, 0.241562, 0.3, -0.052468, -0.23827, 0.969781, -0.0, 0.0, 0.0, 0.0, 1.0],
                [0.993905, -0.096013, 0.054165, -0.0, 0.080358, 0.96738, 0.240247, 0.3, -0.075465, -0.23443, 0.969199, 0.0, 0.0, 0.0, 0.0, 1.0],
                [0.990746, -0.113205, 0.074882, -0.0, 0.092203, 0.966195, 0.240762, 0.3, -0.099606, -0.23163, 0.967691, 0.0, 0.0, 0.0, 0.0, 1.0],
                [0.986775, -0.130974, 0.095498, 0.0, 0.10446, 0.964337, 0.243194, 0.3, -0.123944, -0.230002, 0.965265, 0.0, 0.0, 0.0, 0.0, 1.0],
                [0.982189, -0.148484, 0.115137, -0.0, 0.116493, 0.962018, 0.246883, 0.3, -0.147422, -0.229073, 0.962181, 0.0, 0.0, 0.0, 0.0, 1.0],
                [0.977321, -0.164834, 0.132945, 0.0, 0.127641, 0.959463, 0.251272, 0.3, -0.168974, -0.228604, 0.958743, -0.0, 0.0, 0.0, 0.0, 1.0],
                [0.972615, -0.17912, 0.14811, -0.0, 0.137286, 0.956942, 0.255763, 0.3, -0.187545, -0.228426, 0.955326, 0.0, 0.0, 0.0, 0.0, 1.0],
                [0.968595, -0.190443, 0.159861, 0.0, 0.144854, 0.954753, 0.259738, 0.3, -0.202093, -0.228424, 0.952355, 0.0, 0.0, 0.0, 0.0, 1.0],
                [0.965812, -0.197901, 0.167456, 0.0, 0.149795, 0.953215, 0.262569, 0.3, -0.211585, -0.228508, 0.950272, 0.0, 0.0, 0.0, 0.0, 1.0],
                [0.964785, -0.20059, 0.170156, -0.0, 0.151567, 0.952638, 0.263643, 0.3, -0.214982, -0.228569, 0.949494, -0.0, 0.0, 0.0, 0.0, 1.0]
            ]
        },
        {
            "name": "Head",
            "time": [0.0, 0.0167, 0.0333, 0.05, 0.0667, 0.0833, 0.1, 0.1167, 0.1333, 0.15, 0.1667, 0.1833, 0.2, 0.2167, 0.2333, 0.25, 0.2667, 0.2833, 0.3, 0.3167, 0.3333, 0.35, 0.3667, 0.3833, 0.4, 0.4167, 0.4333, 0.45, 0.4667],
            "transform": [
                [0.957959, 0.271631, 0.092367, 0.0, -0.101197, 0.62115, -0.77713, 0.4, -0.268467, 0.735112, 0.622524, -0.0, 0.0, 0.0, 0.0, 1.0],
                [0.958555, 0.26967, 0.091931, 0.0, -0.098411, 0.616194, -0.781422, 0.4, -0.267373, 0.739988, 0.617194, -0.0, 0.0, 0.0, 0.0, 1.0],
                [0.960224, 0.26397, 0.091048, 0.0, -0.090737, 0.603346, -0.792301, 0.4, -0.264077, 0.752525, 0.603299, -0.0, 0.0, 0.0, 0.0, 1.0],
                [0.962757, 0.254808, 0.090403, 0.0, -0.079231, 0.58558, -0.806733, 0.4, -0.2585, 0.769525, 0.58396, 0.0, 0.0, 0.0, 0.0, 1.0],
                [0.965907, 0.24249, 0.090672, -0.0, -0.064947, 0.566005, -0.821839, 0.4, -0.250609, 0.787932, 0.562458, -0.0, 0.0, 0.0, 0.0, 1.0],
                [0.969415, 0.227354, 0.092437, 0.0, -0.048892, 0.547985, -0.835058, 0.4, -0.240508, 0.804998, 0.542341, 0.0, 0.0, 0.0, 0.0, 1.0],
                [0.97302, 0.209745, 0.096124, -0.0, -0.031959, 0.535131, -0.844164, 0.4, -0.228498, 0.818316, 0.527397, -0.0, 0.0, 0.0, 0.0, 1.0],
                [0.976485, 0.189954, 0.101952, 0.0, -0.014889, 0.531201, -0.847115, 0.4, -0.21507, 0.825677, 0.521538, 0.0, 0.0, 0.0, 0.0, 1.0],
                [0.97962, 0.168348, 0.10956, -0.0, 0.001917, 0.537592, -0.843203, 0.4, -0.20085, 0.826229, 0.526313, -0.0, 0.0, 0.0, 0.0, 1.0],
                [0.98224, 0.146024, 0.117818, -0.0, 0.018149, 0.55105, -0.834275, 0.4, -0.186748, 0.821597, 0.538613, 0.0, 0.0, 0.0, 0.0, 1.0],
                [0.984236, 0.124353, 0.125762, 0.0, 0.033232, 0.568383, -0.822092, 0.4, -0.173711, 0.813312, 0.555291, -0.0, 0.0, 0.0, 0.0, 1.0],
                [0.985607, 0.104798, 0.132649, 0.0, 0.046458, 0.586543, -0.808585, 0.4, -0.162542, 0.803109, 0.573232, 0.0, 0.0, 0.0, 0.0, 1.0],
                [0.98644, 0.088893, 0.137962, -0.0, 0.057006, 0.6027, -0.795929, 0.4, -0.153902, 0.793001, 0.58946, 0.0, 0.0, 0.0, 0.0, 1.0],
                [0.986864, 0.078205, 0.141362, -0.0, 0.063987, 0.614244, -0.786518, 0.4, -0.148341, 0.785232, 0.601171, 0.0, 0.0, 0.0, 0.0, 1.0],
                [0.986992, 0.0743, 0.142569, -0.0, 0.066507, 0.618662, -0.782838, 0.4, -0.146367, 0.782136, 0.605673, 0.0, 0.0, 0.0, 0.0, 1.0],
                [0.986888, 0.079239, 0.140617, -0.0, 0.063732, 0.609103, -0.790526, 0.4, -0.148291, 0.789123, 0.596066, 0.0, 0.0, 0.0, 0.0, 1.0],
                [0.986502, 0.092522, 0.135106, -0.0, 0.056149, 0.583929, -0.809861, 0.4, -0.153822, 0.806515, 0.570852, -0.0, 0.0, 0.0, 0.0, 1.0],
                [0.985657, 0.111774, 0.126439, 0.0, 0.044943, 0.548307, -0.835068, 0.4, -0.162667, 0.828773, 0.535419, -0.0, 0.0, 0.0, 0.0, 1.0],
                [0.984173, 0.134636, 0.115226, 0.0, 0.031296, 0.507948, -0.860819, 0.4, -0.174426, 0.850801, 0.495695, 0.0, 0.0, 0.0, 0.0, 1.0],
                [0.981951, 0.158914, 0.102565, 0.0, 0.016241, 0.469429, -0.882821, 0.4, -0.188439, 0.868552, 0.458375, 0.0, 0.0, 0.0, 0.0, 1.0],
                [0.979026, 0.182724, 0.090117, -0.0, 0.000527, 0.440044, -0.897976, 0.4, -0.203737, 0.879189, 0.430718, -0.0, 0.0, 0.0, 0.0, 1.0],
                [0.975588, 0.204513, 0.08002, 0.0, -0.015446, 0.427371, -0.903944, 0.4, -0.219067, 0.880641, 0.420097, -0.0, 0.0, 0.0, 0.0, 1.0],
                [0.971919, 0.223246, 0.074398, 0.0, -0.03171, 0.437531, -0.898644, 0.4, -0.23317, 0.87105, 0.432324, 0.0, 0.0, 0.0, 0.0, 1.0],
                [0.968264, 0.238924, 0.073349, -0.0, -0.048146, 0.466295, -0.883318, 0.4, -0.245249, 0.851754, 0.463, 0.0, 0.0, 0.0, 0.0, 1.0],
                [0.964876, 0.251506, 0.07589, -0.0, -0.064094, 0.505517, -0.860433, 0.4, -0.254768, 0.825346, 0.503881, 0.0, 0.0, 0.0, 0.0, 1.0],
                [0.96199, 0.260898, 0.080673, -0.0, -0.078564, 0.547326, -0.833224, 0.4, -0.261541, 0.795215, 0.547019, -0.0, 0.0, 0.0, 0.0, 1.0],
                [0.959797, 0.26716, 0.086115, -0.0, -0.090376, 0.584579, -0.806287, 0.4, -0.265749, 0.766089, 0.585222, 0.0, 0.0, 0.0, 0.0, 1.0],
                [0.958427, 0.270587, 0.090551, 0.0, -0.098308, 0.611059, -0.785456, 0.4, -0.267867, 0.743901, 0.612257, 0.0, 0.0, 0.0, 0.0, 1.0],
                [0.957959, 0.271631, 0.092367, 0.0, -0.101197, 0.62115, -0.777131, 0.4, -0.268467, 0.735112, 0.622524, 0.0, 0.0, 0.0, 0.0, 1.0]
            ]
        },
        {
            "name": "Shoulder_R",
            "time": [0.0, 0.0167, 0.0333, 0.05, 0.0667, 0.0833, 0.1, 0.1167, 0.1333, 0.15, 0.1667, 0.1833, 0.2, 0.2167, 0.2333, 0.25, 0.2667, 0.2833, 0.3, 0.3167, 0.3333, 0.35, 0.3667, 0.3833, 0.4, 0.4167, 0.4333, 0.45, 0.4667],
            "transform": [
                [0.0, 0.952114, 0.305743, 0.0, 0.0, -0.305743, 0.952114, 0.4, 1.0, 0.0, -0.0, -0.0, 0.0, 0.0, 0.0, 1.0],
                [0.0, 0.952114, 0.305743, 0.0, 0.0, -0.305743, 0.952114, 0.4, 1.0, -0.0, -0.0, -0.0, 0.0, 0.0, 0.0, 1.0],
                [0.0, 0.952114, 0.305743, 0.0, 0.0, -0.305743, 0.952114, 0.4, 1.0, -0.0, -0.0, -0.0, 0.0, 0.0, 0.0, 1.0],
                [0.0, 0.952114, 0.305743, 0.0, 0.0, -0.305743, 0.952114, 0.4, 1.0, 0.0, 0.0, 0.0, 0.0, 0.0, 0.0, 1.0],
                [0.0, 0.952114, 0.305743, -0.0, -0.0, -0.305743, 0.952114, 0.4, 1.0, -0.0, 0.0, -0.0, 0.0, 0.0, 0.0, 1.0],
                [0.0, 0.952114, 0.305743, 0.0, 0.0, -0.305743, 0.952114, 0.4, 1.0, 0.0, -0.0, 0.0, 0.0, 0.0, 0.0, 1.0],
                [0.0, 0.952114, 0.305743, -0.0, 0.0, -0.305743, 0.952114, 0.4, 1.0, -0.0, -0.0, -0.0, 0.0, 0.0, 0.0, 1.0],
                [0.0, 0.952114, 0.305743, 0.0, 0.0, -0.305743, 0.952114, 0.4, 1.0, -0.0, 0.0, 0.0, 0.0, 0.0, 0.0, 1.0],
                [0.0, 0.952114, 0.305743, -0.0, 0.0, -0.305743, 0.952114, 0.4, 1.0, 0.0, -0.0, -0.0, 0.0, 0.0, 0.0, 1.0],
                [0.0, 0.952114, 0.305743, -0.0, 0.0, -0.305743, 0.952114, 0.4, 1.0, 0.0, -0.0, 0.0, 0.0, 0.0, 0.0, 1.0],
                [0.0, 0.952114, 0.305743, 0.0, 0.0, -0.305743, 0.952114, 0.4, 1.0, 0.0, -0.0, -0.0, 0.0, 0.0, 0.0, 1.0],
                [0.0, 0.952114, 0.305743, 0.0, -0.0, -0.305743, 0.952114, 0.4, 1.0, 0.0, -0.0, 0.0, 0.0, 0.0, 0.0, 1.0],
                [0.0, 0.952114, 0.305743, -0.0, 0.0, -0.305743, 0.952114, 0.4, 1.0, -0.0, -0.0, 0.0, 0.0, 0.0, 0.0, 1.0],
                [0.0, 0.952114, 0.305743, -0.0, 0.0, -0.305743, 0.952114, 0.4, 1.0, 0.0, -0.0, 0.0, 0.0, 0.0, 0.0, 1.0],
