{
    "animation": [
        {
            "name": "Root",
            "time": [0.0, 0.0417, 0.0833, 0.125, 0.1667, 0.2083, 0.25, 0.2917, 0.3333, 0.375, 0.4167, 0.4583, 0.5, 0.5417, 0.5833, 0.625],
            "transform": [
                [1.0, -0.0, -0.0, 0.004191, -0.0, -0.0, -1.0, -0.009602, 0.0, 1.0, -0.0, 0.59131, 0.0, 0.0, 0.0, 1.0],
                [1.0, -0.0, -0.0, 0.013179, -0.0, -0.0, -1.0, -0.031935, 0.0, 1.0, -0.0, 0.59131, 0.0, 0.0, 0.0, 1.0],
                [1.0, -0.0, -0.0, 0.01931, -0.0, -0.0, -1.0, -0.034107, 0.0, 1.0, -0.0, 0.59131, 0.0, 0.0, 0.0, 1.0],
                [1.0, -0.0, -0.0, 0.014053, -0.0, -0.0, -1.0, 0.02445, 0.0, 1.0, -0.0, 0.59131, 0.0, 0.0, 0.0, 1.0],
                [1.0, -0.0, -0.0, 0.005877, -0.0, -0.0, -1.0, 0.093767, 0.0, 1.0, -0.0, 0.59131, 0.0, 0.0, 0.0, 1.0],
                [1.0, -0.0, -0.0, 0.00486, -0.0, -0.0, -1.0, 0.115906, 0.0, 1.0, -0.0, 0.59131, 0.0, 0.0, 0.0, 1.0],
                [1.0, -0.0, -0.0, 0.003197, -0.0, -0.0, -1.0, 0.112316, 0.0, 1.0, -0.0, 0.59131, 0.0, 0.0, 0.0, 1.0],
                [1.0, -0.0, -0.0, -0.010427, -0.0, -0.0, -1.0, 0.063371, 0.0, 1.0, -0.0, 0.59131, 0.0, 0.0, 0.0, 1.0],
                [1.0, -0.0, -0.0, -0.028362, -0.0, -0.0, -1.0, -0.007231, 0.0, 1.0, -0.0, 0.59131, 0.0, 0.0, 0.0, 1.0],
                [1.0, -0.0, -0.0, -0.035172, -0.0, -0.0, -1.0, -0.038169, 0.0, 1.0, -0.0, 0.59131, 0.0, 0.0, 0.0, 1.0],
                [1.0, -0.0, -0.0, -0.031106, -0.0, -0.0, -1.0, -0.023313, 0.0, 1.0, -0.0, 0.59131, 0.0, 0.0, 0.0, 1.0],
                [1.0, -0.0, -0.0, -0.016252, -0.0, -0.0, -1.0, 0.040819, 0.0, 1.0, -0.0, 0.59131, 0.0, 0.0, 0.0, 1.0],
                [1.0, -0.0, -0.0, -0.004382, -0.0, -0.0, -1.0, 0.089293, 0.0, 1.0, -0.0, 0.59131, 0.0, 0.0, 0.0, 1.0],
                [1.0, -0.0, -0.0, 0.000285, -0.0, -0.0, -1.0, 0.105271, 0.0, 1.0, -0.0, 0.59131, 0.0, 0.0, 0.0, 1.0],
                [1.0, -0.0, -0.0, 0.002149, -0.0, -0.0, -1.0, 0.095203, 0.0, 1.0, -0.0, 0.59131, 0.0, 0.0, 0.0, 1.0],
                [1.0, -0.0, -0.0, 0.000843, -0.0, -0.0, -1.0, 0.028763, 0.0, 1.0, -0.0, 0.59131, 0.0, 0.0, 0.0, 1.0]
            ]
        },
        {
            "name": "Thigh_R",
            "time": [0.0, 0.0417, 0.0833, 0.125, 0.1667, 0.2083, 0.25, 0.2917, 0.3333, 0.375, 0.4167, 0.4583, 0.5, 0.5417, 0.5833, 0.625],
            "transform": [
                [0.986219, 0.011185, 0.165076, 0.1239, 0.051409, -0.969045, -0.241471, 0.059644, 0.157266, 0.24663, -0.956264, 0.029396, 0.0, 0.0, 0.0, 1.0],
                [0.987049, -0.006049, 0.16032, 0.1239, 0.003926, -0.998079, -0.061831, 0.059644, 0.160386, 0.06166, -0.985126, 0.029396, 0.0, 0.0, 0.0, 1.0],
                [0.987703, -0.00063, 0.156355, 0.1239, -0.05056, -0.947554, 0.315572, 0.059644, 0.147956, -0.319595, -0.935931, 0.029396, 0.0, 0.0, 0.0, 1.0],
                [0.998197, 0.036218, 0.047897, 0.1239, -0.017957, -0.581088, 0.813642, 0.059644, 0.057301, -0.813035, -0.579389, 0.029396, 0.0, 0.0, 0.0, 1.0],
                [0.998984, 0.032586, 0.031197, 0.1239, -0.016721, -0.374807, 0.926952, 0.059644, 0.041899, -0.92653, -0.37388, 0.029396, 0.0, 0.0, 0.0, 1.0],
                [0.997324, 0.008555, 0.072633, 0.1239, -0.057695, -0.518289, 0.853257, 0.059644, 0.044945, -0.855163, -0.516408, 0.029396, 0.0, 0.0, 0.0, 1.0],
                [0.995704, -0.010929, 0.091965, 0.1239, -0.073476, -0.6977, 0.712611, 0.059644, 0.056375, -0.716306, -0.695505, 0.029396, 0.0, 0.0, 0.0, 1.0],
                [0.99356, -0.01799, 0.111886, 0.1239, -0.074643, -0.846777, 0.526685, 0.059644, 0.085267, -0.531644, -0.842665, 0.029396, 0.0, 0.0, 0.0, 1.0],
                [0.988522, 0.019266, 0.149854, 0.1239, -0.061294, -0.855415, 0.514303, 0.059644, 0.138096, -0.517584, -0.844415, 0.029396, 0.0, 0.0, 0.0, 1.0],
                [0.990392, 0.035321, 0.133715, 0.1239, -0.01198, -0.941293, 0.337379, 0.059644, 0.137782, -0.335738, -0.931824, 0.029396, 0.0, 0.0, 0.0, 1.0],
                [0.99007, 0.027286, 0.137915, 0.1239, 0.045856, -0.990012, -0.133316, 0.059644, 0.1329, 0.138317, -0.98143, 0.029396, 0.0, 0.0, 0.0, 1.0],
                [0.990979, -0.014232, 0.133276, 0.1239, 0.075763, -0.760776, -0.644577, 0.059644, 0.110567, 0.648859, -0.752833, 0.029396, 0.0, 0.0, 0.0, 1.0],
                [0.99471, -0.046015, 0.091858, 0.1239, 0.033114, -0.702786, -0.71063, 0.059644, 0.097257, 0.709911, -0.697544, 0.029396, 0.0, 0.0, 0.0, 1.0],
                [0.994097, -0.084345, 0.068277, 0.1239, -0.005339, -0.666438, -0.745541, 0.059644, 0.108385, 0.740774, -0.662953, 0.029396, 0.0, 0.0, 0.0, 1.0],
                [0.992226, -0.079528, 0.095739, 0.1239, 0.012796, -0.699966, -0.714062, 0.059644, 0.123802, 0.709735, -0.693505, 0.029396, 0.0, 0.0, 0.0, 1.0],
                [0.987657, -0.017007, 0.155718, 0.1239, 0.060896, -0.874211, -0.481712, 0.059644, 0.144323, 0.485248, -0.862384, 0.029396, 0.0, 0.0, 0.0, 1.0]
            ]
        },
        {
            "name": "Leg_R",
            "time": [0.0, 0.0417, 0.0833, 0.125, 0.1667, 0.2083, 0.25, 0.2917, 0.3333, 0.375, 0.4167, 0.4583, 0.5, 0.5417, 0.5833, 0.625],
            "transform": [
                [1.0, 0.0, 0.0, -0.0, -0.0, -0.062134, 0.998068, 0.37472, 0.0, -0.998068, -0.062134, -0.0, 0.0, 0.0, 0.0, 1.0],
                [1.0, 0.0, 0.0, 0.0, -0.0, -0.31417, 0.949367, 0.37472, 0.0, -0.949367, -0.31417, 0.0, 0.0, 0.0, 0.0, 1.0],
                [1.0, 0.0, 0.0, -0.0, -0.0, -0.612046, 0.790822, 0.37472, 0.0, -0.790822, -0.612046, -0.0, 0.0, 0.0, 0.0, 1.0],
                [1.0, 0.0, 0.0, -0.0, -0.0, -0.701795, 0.712379, 0.37472, 0.0, -0.712379, -0.701795, 0.0, 0.0, 0.0, 0.0, 1.0],
                [1.0, 0.0, 0.0, 0.0, -0.0, -0.431982, 0.901882, 0.37472, 0.0, -0.901882, -0.431982, 0.0, 0.0, 0.0, 0.0, 1.0],
                [1.0, 0.0, 0.0, -0.0, -0.0, 0.064948, 0.997889, 0.37472, 0.0, -0.997888, 0.064948, -0.0, 0.0, 0.0, 0.0, 1.0],
                [1.0, 0.0, 0.0, 0.0, -0.0, 0.583729, 0.811948, 0.37472, -0.0, -0.811949, 0.583728, 0.0, 0.0, 0.0, 0.0, 1.0],
                [1.0, 0.0, 0.0, -0.0, -0.0, 0.903371, 0.42886, 0.37472, -0.0, -0.42886, 0.90337, 0.0, 0.0, 0.0, 0.0, 1.0],
                [1.0, 0.0, 0.0, 0.0, -0.0, 0.764169, 0.645016, 0.37472, -0.0, -0.645016, 0.764169, 0.0, 0.0, 0.0, 0.0, 1.0],
                [1.0, 0.0, 0.0, -0.0, -0.0, 0.630679, 0.776043, 0.37472, -0.0, -0.776044, 0.630679, 0.0, 0.0, 0.0, 0.0, 1.0],
                [1.0, 0.0, 0.0, -0.0, -0.0, 0.796505, 0.604632, 0.37472, -0.0, -0.604632, 0.796504, 0.0, 0.0, 0.0, 0.0, 1.0],
                [1.0, 0.0, 0.0, 0.0, -0.0, 0.996434, 0.084374, 0.37472, -0.0, -0.084373, 0.996434, 0.0, 0.0, 0.0, 0.0, 1.0],
                [1.0, 0.0, 0.0, -0.0, -0.0, 0.972972, 0.230923, 0.37472, -0.0, -0.230923, 0.972972, -0.0, 0.0, 0.0, 0.0, 1.0],
                [1.0, 0.0, 0.0, -0.0, -0.0, 0.960744, 0.277436, 0.37472, -0.0, -0.277436, 0.960744, -0.0, 0.0, 0.0, 0.0, 1.0],
                [1.0, 0.0, 0.0, -0.0, -0.0, 0.853622, 0.520894, 0.37472, -0.0, -0.520894, 0.853621, 0.0, 0.0, 0.0, 0.0, 1.0],
                [1.0, 0.0, 0.0, 0.0, -0.0, 0.347246, 0.937774, 0.37472, 0.0, -0.937774, 0.347246, 0.0, 0.0, 0.0, 0.0, 1.0]
            ]
        },
        {
            "name": "Knee_R",
            "time": [0.0, 0.625],
            "transform": [
                [1.0, 0.0, -0.0, -0.0, -0.0, 1e-06, -1.0, 0.37472, -0.0, 1.0, 1e-06, -0.0, 0.0, 0.0, 0.0, 1.0],
                [1.0, 0.0, -0.0, 0.0, -0.0, 1e-06, -1.0, 0.37472, -0.0, 1.0, 1e-06, 0.0, 0.0, 0.0, 0.0, 1.0]
            ]
        },
        {
            "name": "Thigh_L",
            "time": [0.0, 0.0417, 0.0833, 0.125, 0.1667, 0.2083, 0.25, 0.2917, 0.3333, 0.375, 0.4167, 0.4583, 0.5, 0.5417, 0.5833, 0.625],
            "transform": [
                [0.993398, 0.1147, 0.000215, -0.121489, 0.095101, -0.824705, 0.557512, 0.048607, 0.064123, -0.553815, -0.830167, 0.004531, 0.0, 0.0, 0.0, 1.0],
                [0.993888, 0.093365, -0.058858, -0.121489, 0.109947, -0.884156, 0.454075, 0.048607, -0.009645, -0.457774, -0.889016, 0.004531, 0.0, 0.0, 0.0, 1.0],
                [0.993305, 0.068691, -0.092854, -0.121489, 0.079194, -0.99025, 0.114625, 0.048607, -0.084075, -0.121211, -0.989059, 0.004531, 0.0, 0.0, 0.0, 1.0],
                [0.997419, 0.067573, -0.0242, -0.121489, 0.04683, -0.868179, -0.49404, 0.048607, -0.054393, 0.491634, -0.869102, 0.004531, 0.0, 0.0, 0.0, 1.0],
                [0.997004, 0.077139, -0.005235, -0.121489, 0.05196, -0.718633, -0.693447, 0.048607, -0.057254, 0.691101, -0.720488, 0.004531, 0.0, 0.0, 0.0, 1.0],
                [0.99513, 0.095335, -0.024958, -0.121489, 0.032824, -0.559445, -0.828217, 0.048607, -0.092921, 0.823369, -0.55985, 0.004531, 0.0, 0.0, 0.0, 1.0],
                [0.993563, 0.093519, -0.063902, -0.121489, 0.007607, -0.617997, -0.786144, 0.048607, -0.11301, 0.780601, -0.614729, 0.004531, 0.0, 0.0, 0.0, 1.0],
                [0.990543, 0.080729, -0.110922, -0.121489, 0.013222, -0.86095, -0.50852, 0.048607, -0.13655, 0.502247, -0.853875, 0.004531, 0.0, 0.0, 0.0, 1.0],
                [0.987363, 0.103868, -0.119674, -0.121489, 0.091952, -0.990618, -0.101126, 0.048607, -0.129055, 0.088845, -0.987649, 0.004531, 0.0, 0.0, 0.0, 1.0],
                [0.990605, 0.062887, -0.12142, -0.121489, 0.076553, -0.990827, 0.111386, 0.048607, -0.113301, -0.119635, -0.986331, 0.004531, 0.0, 0.0, 0.0, 1.0],
                [0.992625, 0.022939, -0.119011, -0.121489, 0.079862, -0.862411, 0.499872, 0.048607, -0.09117, -0.505693, -0.857882, 0.004531, 0.0, 0.0, 0.0, 1.0],
                [0.999551, 0.002658, -0.029768, -0.121489, 0.023389, -0.689664, 0.723753, 0.048607, -0.018606, -0.724129, -0.689415, 0.004531, 0.0, 0.0, 0.0, 1.0],
                [0.996634, 0.077742, -0.025911, -0.121489, 0.063247, -0.528698, 0.84645, 0.048607, 0.052105, -0.845245, -0.531835, 0.004531, 0.0, 0.0, 0.0, 1.0],
                [0.992628, 0.118625, -0.024738, -0.121489, 0.088746, -0.572656, 0.814978, 0.048607, 0.08251, -0.811171, -0.578962, 0.004531, 0.0, 0.0, 0.0, 1.0],
                [0.993389, 0.114166, -0.011771, -0.121489, 0.09201, -0.73088, 0.676277, 0.048607, 0.068604, -0.672894, -0.736552, 0.004531, 0.0, 0.0, 0.0, 1.0],
                [0.99318, 0.113812, 0.025195, -0.121489, 0.082213, -0.837149, 0.540764, 0.048607, 0.082637, -0.535008, -0.840795, 0.004531, 0.0, 0.0, 0.0, 1.0]
            ]
        },
        {
            "name": "Leg_L",
            "time": [0.0, 0.0417, 0.0833, 0.125, 0.1667, 0.2083, 0.25, 0.2917, 0.3333, 0.375, 0.4167, 0.4583, 0.5, 0.5417, 0.5833, 0.625],
            "transform": [
                [0.999997, -0.0, -0.0, -0.0, 0.0, 0.73672, 0.676199, 0.37472, -0.0, -0.676198, 0.736722, -0.0, 0.0, 0.0, 0.0, 1.0],
                [0.999998, -0.0, -0.0, -0.0, 0.0, 0.600784, 0.799413, 0.37472, -0.0, -0.799412, 0.600784, 0.0, 0.0, 0.0, 0.0, 1.0],
                [0.999998, -0.0, -0.0, -0.0, 0.0, 0.668282, 0.743909, 0.37472, -0.0, -0.743908, 0.668282, 0.0, 0.0, 0.0, 0.0, 1.0],
                [0.999998, -0.0, -0.0, 0.0, 0.0, 0.965211, 0.26147, 0.37472, 0.0, -0.261469, 0.965214, 0.0, 0.0, 0.0, 0.0, 1.0],
                [0.999998, -0.0, -0.0, 0.0, 0.0, 0.984987, 0.172623, 0.37472, 0.0, -0.172622, 0.984991, 0.0, 0.0, 0.0, 0.0, 1.0],
                [0.999998, -0.0, -0.0, 0.0, 0.0, 0.999537, 0.030399, 0.37472, 0.0, -0.030399, 0.999541, 0.0, 0.0, 0.0, 0.0, 1.0],
                [0.999998, -0.0, -0.0, -0.0, 0.0, 0.94635, 0.323141, 0.37472, 0.0, -0.323139, 0.946354, 0.0, 0.0, 0.0, 0.0, 1.0],
                [0.999998, -0.0, -0.0, -0.0, 0.0, 0.452443, 0.891794, 0.37472, -0.0, -0.891795, 0.452442, -0.0, 0.0, 0.0, 0.0, 1.0],
                [0.999998, -0.0, -0.0, 0.0, -0.0, -0.230446, 0.973085, 0.37472, -0.0, -0.973086, -0.230446, 0.0, 0.0, 0.0, 0.0, 1.0],
                [0.999998, -0.0, -0.0, -0.0, -0.0, -0.439877, 0.898059, 0.37472, -0.0, -0.898059, -0.439877, -0.0, 0.0, 0.0, 0.0, 1.0],
                [0.999998, -0.0, -0.0, -0.0, -0.0, -0.585824, 0.81044, 0.37472, -0.0, -0.810439, -0.585824, 0.0, 0.0, 0.0, 0.0, 1.0],
                [0.999998, -0.0, -0.0, 0.0, -0.0, -0.506817, 0.862054, 0.37472, -0.0, -0.862054, -0.506817, -0.0, 0.0, 0.0, 0.0, 1.0],
                [0.999998, -0.0, -0.0, -0.0, -0.0, -0.279679, 0.960094, 0.37472, -0.0, -0.960095, -0.279679, -0.0, 0.0, 0.0, 0.0, 1.0],
                [0.999998, -0.0, -0.0, 0.0, 0.0, 0.208657, 0.977989, 0.37472, -0.0, -0.97799, 0.208657, -0.0, 0.0, 0.0, 0.0, 1.0],
                [0.999998, -0.0, -0.0, -0.0, 0.0, 0.700489, 0.713665, 0.37472, -0.0, -0.713663, 0.70049, -0.0, 0.0, 0.0, 0.0, 1.0],
                [0.999997, -0.0, -0.0, 0.0, 0.0, 0.892657, 0.450735, 0.37472, 0.0, -0.450733, 0.892661, 0.0, 0.0, 0.0, 0.0, 1.0]
            ]
        },
        {
            "name": "Knee_L",
            "time": [0.0, 0.625],
            "transform": [
                [1.0, 0.0, -0.0, -0.0, -0.0, 1e-06, -1.0, 0.37472, -0.0, 1.0, 1e-06, -0.0, 0.0, 0.0, 0.0, 1.0],
                [1.0, 0.0, -0.0, 0.0, -0.0, 1e-06, -1.0, 0.37472, -0.0, 1.0, 0.0, 0.0, 0.0, 0.0, 0.0, 1.0]
            ]
        },
        {
            "name": "Torso",
            "time": [0.0, 0.0417, 0.0833, 0.125, 0.1667, 0.2083, 0.25, 0.2917, 0.3333, 0.375, 0.4167, 0.4583, 0.5, 0.5417, 0.5833, 0.625],
            "transform": [
                [0.962339, 0.186581, -0.197723, 0.0, -0.058989, 0.853285, 0.518096, 0.05, 0.265382, -0.486919, 0.832155, 0.0, 0.0, 0.0, 0.0, 1.0],
                [0.977483, 0.161288, -0.13607, 0.0, -0.069151, 0.85405, 0.515573, 0.05, 0.199367, -0.494554, 0.845972, 0.0, 0.0, 0.0, 0.0, 1.0],
                [0.991174, 0.121671, -0.052667, 0.0, -0.077299, 0.853073, 0.516032, 0.05, 0.107716, -0.507405, 0.854949, 0.0, 0.0, 0.0, 0.0, 1.0],
                [0.996789, 0.061196, 0.051676, 0.0, -0.079272, 0.846067, 0.527148, 0.05, -0.011462, -0.52955, 0.848201, 0.0, 0.0, 0.0, 0.0, 1.0],
                [0.991998, -0.003858, 0.126209, 0.0, -0.06478, 0.842418, 0.534915, 0.05, -0.108385, -0.538809, 0.835427, 0.0, 0.0, 0.0, 0.0, 1.0],
                [0.997009, -0.024966, 0.073158, 0.0, -0.016585, 0.855286, 0.51789, 0.05, -0.075501, -0.517553, 0.852313, 0.0, 0.0, 0.0, 0.0, 1.0],
                [0.999389, -0.034362, 0.006617, 0.0, 0.02655, 0.867742, 0.496304, 0.05, -0.022796, -0.495824, 0.868124, 0.0, 0.0, 0.0, 0.0, 1.0],
                [0.998576, -0.019663, -0.049616, 0.0, 0.041028, 0.877388, 0.478023, 0.05, 0.034133, -0.479377, 0.876945, -0.0, 0.0, 0.0, 0.0, 1.0],
                [0.995624, 0.013978, -0.092412, 0.0, 0.031171, 0.882481, 0.469312, 0.05, 0.088112, -0.470138, 0.878183, 0.0, 0.0, 0.0, 0.0, 1.0],
                [0.992325, 0.055993, -0.110271, 0.0, 0.003505, 0.878543, 0.477649, 0.05, 0.123623, -0.474368, 0.871603, 0.0, 0.0, 0.0, 0.0, 1.0],
                [0.974795, 0.118574, -0.188992, 0.0, -0.012212, 0.87417, 0.485465, 0.05, 0.222775, -0.47092, 0.853584, -0.0, 0.0, 0.0, 0.0, 1.0],
                [0.914759, 0.195689, -0.353446, 0.0, -0.000789, 0.875723, 0.482813, 0.05, 0.404003, -0.441377, 0.801229, -0.0, 0.0, 0.0, 0.0, 1.0],
                [0.876136, 0.230747, -0.423254, 0.0, 0.003232, 0.875167, 0.483809, 0.05, 0.482056, -0.425249, 0.766019, -0.0, 0.0, 0.0, 0.0, 1.0],
                [0.902883, 0.215197, -0.37215, -0.0, -0.004637, 0.87051, 0.492128, 0.05, 0.429866, -0.442608, 0.786965, 0.0, 0.0, 0.0, 0.0, 1.0],
                [0.930392, 0.197968, -0.308517, 0.0, -0.017789, 0.865021, 0.501419, 0.05, 0.366139, -0.461027, 0.80833, 0.0, 0.0, 0.0, 0.0, 1.0],
                [0.947843, 0.198326, -0.249528, 0.0, -0.04378, 0.856431, 0.514401, 0.05, 0.315723, -0.476646, 0.820444, 0.0, 0.0, 0.0, 0.0, 1.0]
            ]
        },
        {
            "name": "Chest",
            "time": [0.0, 0.0417, 0.0833, 0.125, 0.1667, 0.2083, 0.25, 0.2917, 0.3333, 0.375, 0.4167, 0.4583, 0.5, 0.5417, 0.5833, 0.625],
            "transform": [
                [0.98136, -0.191427, -0.017069, -0.0, 0.187815, 0.936403, 0.296433, 0.3, -0.040762, -0.294112, 0.9549, 0.0, 0.0, 0.0, 0.0, 1.0],
                [0.974227, -0.165949, -0.152796, -0.0, 0.206941, 0.927084, 0.312553, 0.3, 0.089787, -0.336116, 0.93753, -0.0, 0.0, 0.0, 0.0, 1.0],
                [0.943904, -0.101079, -0.314377, 0.0, 0.203483, 0.927822, 0.312631, 0.3, 0.260086, -0.359063, 0.896341, -0.0, 0.0, 0.0, 0.0, 1.0],
                [0.882996, 0.021303, -0.468901, -0.0, 0.127583, 0.950466, 0.283435, 0.3, 0.451715, -0.310095, 0.836537, -0.0, 0.0, 0.0, 0.0, 1.0],
                [0.786371, 0.138406, -0.602052, 0.0, 0.033488, 0.963594, 0.265261, 0.3, 0.61685, -0.228754, 0.753105, 0.0, 0.0, 0.0, 0.0, 1.0],
                [0.761014, 0.157216, -0.629399, 0.0, 0.030468, 0.960458, 0.276749, 0.3, 0.648023, -0.229786, 0.72613, 0.0, 0.0, 0.0, 0.0, 1.0],
                [0.75266, 0.165965, -0.63715, 0.0, 0.032247, 0.957255, 0.287438, 0.3, 0.657623, -0.236889, 0.715134, 0.0, 0.0, 0.0, 0.0, 1.0],
                [0.766197, 0.160963, -0.622121, 0.0, 0.042726, 0.953217, 0.299248, 0.3, 0.641188, -0.255863, 0.723473, -0.0, 0.0, 0.0, 0.0, 1.0],
                [0.797233, 0.156565, -0.583017, -0.0, 0.045771, 0.947324, 0.316985, 0.3, 0.601938, -0.279396, 0.74807, 0.0, 0.0, 0.0, 0.0, 1.0],
                [0.841542, 0.149281, -0.519158, -0.0, 0.042762, 0.939632, 0.3395, 0.3, 0.538501, -0.307903, 0.784354, -0.0, 0.0, 0.0, 0.0, 1.0],
                [0.923416, 0.049703, -0.380572, 0.0, 0.078022, 0.946564, 0.312931, 0.3, 0.375792, -0.318658, 0.870193, -0.0, 0.0, 0.0, 0.0, 1.0],
                [0.979412, -0.160907, -0.121928, 0.0, 0.185848, 0.954501, 0.23321, 0.3, 0.078856, -0.251068, 0.964751, -0.0, 0.0, 0.0, 0.0, 1.0],
                [0.962357, -0.263714, 0.065793, 0.0, 0.245147, 0.946711, 0.208898, 0.3, -0.117377, -0.184905, 0.975721, -0.0, 0.0, 0.0, 0.0, 1.0],
                [0.965888, -0.237978, 0.102134, -0.0, 0.209663, 0.950096, 0.230994, 0.3, -0.152009, -0.2017, 0.967579, -0.0, 0.0, 0.0, 0.0, 1.0],
                [0.973663, -0.205702, 0.098345, 0.0, 0.175021, 0.950745, 0.25583, 0.3, -0.146127, -0.231879, 0.961706, 0.0, 0.0, 0.0, 0.0, 1.0],
                [0.976901, -0.20308, 0.066545, 0.0, 0.177032, 0.943444, 0.280304, 0.3, -0.119706, -0.262048, 0.957601, 0.0, 0.0, 0.0, 0.0, 1.0]
            ]
        },
        {
            "name": "Head",
            "time": [0.0, 0.0417, 0.0833, 0.125, 0.1667, 0.2083, 0.25, 0.2917, 0.3333, 0.375, 0.4167, 0.4583, 0.5, 0.5417, 0.5833, 0.625],
            "transform": [
                [0.985398, 0.10805, 0.131574, -0.0, 0.020924, 0.69009, -0.723422, 0.4, -0.168963, 0.71561, 0.677757, -0.0, 0.0, 0.0, 0.0, 1.0],
                [0.966907, 0.179594, 0.181197, 0.0, 0.011786, 0.678034, -0.734936, 0.4, -0.254848, 0.712749, 0.653484, -0.0, 0.0, 0.0, 0.0, 1.0],
                [0.937734, 0.248376, 0.242821, -0.0, 0.008229, 0.68298, -0.730392, 0.4, -0.347253, 0.686908, 0.638413, -0.0, 0.0, 0.0, 0.0, 1.0],
                [0.915958, 0.266468, 0.300023, -0.0, 0.01112, 0.730534, -0.682785, 0.4, -0.401117, 0.628737, 0.666179, -0.0, 0.0, 0.0, 0.0, 1.0],
                [0.888403, 0.266099, 0.374072, -0.0, 0.030466, 0.778884, -0.626427, 0.4, -0.45805, 0.567914, 0.68386, -0.0, 0.0, 0.0, 0.0, 1.0],
                [0.856593, 0.296576, 0.422244, -0.0, 0.044234, 0.773093, -0.632748, 0.4, -0.514091, 0.560683, 0.649111, 0.0, 0.0, 0.0, 0.0, 1.0],
                [0.817112, 0.328648, 0.473622, -0.0, 0.063165, 0.765587, -0.640223, 0.4, -0.573006, 0.553048, 0.604815, -0.0, 0.0, 0.0, 0.0, 1.0],
                [0.784034, 0.370283, 0.498177, -0.0, 0.059809, 0.75378, -0.654399, 0.4, -0.617829, 0.542864, 0.568846, 0.0, 0.0, 0.0, 0.0, 1.0],
                [0.792619, 0.368226, 0.485968, -0.0, 0.068689, 0.738033, -0.671259, 0.4, -0.605836, 0.565431, 0.559688, -0.0, 0.0, 0.0, 0.0, 1.0],
                [0.840572, 0.313194, 0.441981, 0.0, 0.094517, 0.7186, -0.68897, 0.4, -0.533389, 0.620902, 0.574436, 0.0, 0.0, 0.0, 0.0, 1.0],
                [0.890382, 0.259401, 0.374071, 0.0, 0.076697, 0.724514, -0.68498, 0.4, -0.448704, 0.638582, 0.625202, 0.0, 0.0, 0.0, 0.0, 1.0],
                [0.928999, 0.242339, 0.279697, 0.0, -0.007266, 0.76757, -0.640923, 0.4, -0.370008, 0.593383, 0.714837, 0.0, 0.0, 0.0, 0.0, 1.0],
                [0.952911, 0.225317, 0.202953, 0.0, -0.059773, 0.795697, -0.602737, 0.4, -0.297296, 0.562222, 0.771702, -0.0, 0.0, 0.0, 0.0, 1.0],
                [0.972818, 0.178898, 0.14703, -0.0, -0.056938, 0.800244, -0.596965, 0.4, -0.224455, 0.572365, 0.788682, 0.0, 0.0, 0.0, 0.0, 1.0],
                [0.984741, 0.119633, 0.126367, 0.0, -0.012847, 0.774189, -0.632824, 0.4, -0.173539, 0.621543, 0.763918, 0.0, 0.0, 0.0, 0.0, 1.0],
                [0.990659, 0.080988, 0.109695, -0.0, 0.018457, 0.71744, -0.696377, 0.4, -0.135097, 0.691894, 0.709248, 0.0, 0.0, 0.0, 0.0, 1.0]
            ]
        },
        {
            "name": "Shoulder_R",
            "time": [0.0, 0.0417, 0.0833, 0.125, 0.1667, 0.2083, 0.25, 0.2917, 0.3333, 0.375, 0.4167, 0.4583, 0.5, 0.5417, 0.5833, 0.625],
            "transform": [
                [0.309785, 0.934123, -0.177364, -0.0, 0.659998, -0.345547, -0.667079, 0.4, -0.684396, 0.089593, -0.72358, -0.0, 0.0, 0.0, 0.0, 1.0],
                [0.339849, 0.924354, -0.173443, 0.0, 0.658771, -0.365595, -0.657538, 0.4, -0.671182, 0.109207, -0.7332, -0.0, 0.0, 0.0, 0.0, 1.0],
                [0.362536, 0.916867, -0.167129, -0.0, 0.659119, -0.379033, -0.649531, 0.4, -0.658856, 0.125323, -0.741753, -0.0, 0.0, 0.0, 0.0, 1.0],
                [0.352048, 0.922024, -0.161069, -0.0, 0.664262, -0.367365, -0.650995, 0.4, -0.659379, 0.122191, -0.741811, -0.0, 0.0, 0.0, 0.0, 1.0],
                [0.330985, 0.931376, -0.151649, -0.0, 0.670678, -0.345245, -0.656499, 0.4, -0.663779, 0.115586, -0.73894, -0.0, 0.0, 0.0, 0.0, 1.0],
                [0.317702, 0.936455, -0.148756, -0.0, 0.668547, -0.33249, -0.665199, 0.4, -0.672364, 0.111887, -0.731712, 0.0, 0.0, 0.0, 0.0, 1.0],
                [0.311938, 0.938955, -0.14515, -0.0, 0.666309, -0.325109, -0.671067, 0.4, -0.677266, 0.112618, -0.727064, -0.0, 0.0, 0.0, 0.0, 1.0],
                [0.301627, 0.942185, -0.146013, -0.0, 0.662637, -0.31728, -0.678411, 0.4, -0.68549, 0.107876, -0.720042, 0.0, 0.0, 0.0, 0.0, 1.0],
                [0.301851, 0.941698, -0.148663, -0.0, 0.656645, -0.318422, -0.683681, 0.4, -0.691134, 0.108753, -0.714493, -0.0, 0.0, 0.0, 0.0, 1.0],
                [0.310585, 0.938096, -0.153372, 0.0, 0.64923, -0.327213, -0.686606, 0.4, -0.694262, 0.113678, -0.710683, 0.0, 0.0, 0.0, 0.0, 1.0],
                [0.311364, 0.939148, -0.145134, 0.0, 0.651584, -0.322167, -0.686762, 0.4, -0.691703, 0.119268, -0.71226, 0.0, 0.0, 0.0, 0.0, 1.0],
                [0.300362, 0.946534, -0.117761, 0.0, 0.669138, -0.297093, -0.681165, 0.4, -0.679706, 0.1258, -0.722612, 0.0, 0.0, 0.0, 0.0, 1.0],
                [0.292604, 0.949228, -0.115583, 0.0, 0.678587, -0.291293, -0.674286, 0.4, -0.673695, 0.118868, -0.729383, -0.0, 0.0, 0.0, 0.0, 1.0],
                [0.293237, 0.945173, -0.143776, -0.0, 0.673847, -0.31102, -0.670216, 0.4, -0.678162, 0.099651, -0.728121, 0.0, 0.0, 0.0, 0.0, 1.0],
                [0.294487, 0.940728, -0.168286, 0.0, 0.667613, -0.328517, -0.668105, 0.4, -0.683764, 0.0844, -0.724801, 0.0, 0.0, 0.0, 0.0, 1.0],
                [0.295105, 0.938847, -0.177455, -0.0, 0.662186, -0.334859, -0.670353, 0.4, -0.688756, 0.080318, -0.720526, 0.0, 0.0, 0.0, 0.0, 1.0]
            ]
        },
        {
            "name": "Arm_R",
            "time": [0.0, 0.0417, 0.0833, 0.125, 0.1667, 0.2083, 0.25, 0.2917, 0.3333, 0.375, 0.4167, 0.4583, 0.5, 0.5417, 0.5833, 0.625],
            "transform": [
                [0.364285, -0.735764, 0.571539, -0.0, 0.471234, 0.679093, 0.563349, 0.393861, -0.805487, 0.064538, 0.588057, 0.0, 0.0, 0.0, 0.0, 1.0],
                [0.401121, -0.718693, 0.56856, 0.0, 0.466624, 0.698492, 0.543461, 0.39386, -0.79053, 0.047626, 0.609279, -0.0, 0.0, 0.0, 0.0, 1.0],
                [0.455645, -0.70371, 0.546023, -0.0, 0.466007, 0.714981, 0.522494, 0.393861, -0.760789, 0.016488, 0.647063, -0.0, 0.0, 0.0, 0.0, 1.0],
                [0.51952, -0.707385, 0.481256, 0.0, 0.476509, 0.71037, 0.519326, 0.39386, -0.711768, -0.040747, 0.698943, -0.0, 0.0, 0.0, 0.0, 1.0],
                [0.598955, -0.693619, 0.40366, -0.0, 0.487748, 0.717676, 0.498749, 0.39386, -0.637912, -0.102524, 0.760352, -0.0, 0.0, 0.0, 0.0, 1.0],
                [0.621869, -0.693013, 0.369022, 0.0, 0.511851, 0.717633, 0.474393, 0.39386, -0.595707, -0.106834, 0.792843, 0.0, 0.0, 0.0, 0.0, 1.0],
                [0.657395, -0.66524, 0.358391, -0.0, 0.514602, 0.744706, 0.428178, 0.39386, -0.553712, -0.097701, 0.823435, -0.0, 0.0, 0.0, 0.0, 1.0],
                [0.668907, -0.626774, 0.402804, -0.0, 0.508263, 0.782476, 0.364711, 0.39386, -0.545722, -0.039489, 0.833405, 0.0, 0.0, 0.0, 0.0, 1.0],
                [0.668094, -0.586897, 0.459251, 0.0, 0.482642, 0.813771, 0.330053, 0.39386, -0.569462, 0.001156, 0.818527, 0.0, 0.0, 0.0, 0.0, 1.0],
                [0.658688, -0.571132, 0.491092, 0.0, 0.415758, 0.823148, 0.39129, 0.39386, -0.629965, -0.05392, 0.771722, 0.0, 0.0, 0.0, 0.0, 1.0],
                [0.649742, -0.590542, 0.480151, -0.0, 0.402597, 0.805958, 0.43734, 0.39386, -0.647558, -0.091457, 0.753672, 0.0, 0.0, 0.0, 0.0, 1.0],
                [0.637296, -0.646573, 0.422123, 0.0, 0.486699, 0.764308, 0.42639, 0.393861, -0.600464, -0.066732, 0.79362, 0.0, 0.0, 0.0, 0.0, 1.0],
                [0.575458, -0.69957, 0.426622, 0.0, 0.529346, 0.718338, 0.453968, 0.39386, -0.626273, -0.035645, 0.775715, -0.0, 0.0, 0.0, 0.0, 1.0],
                [0.476199, -0.72863, 0.49412, 0.0, 0.497308, 0.689746, 0.527366, 0.393861, -0.727663, -0.005437, 0.683782, 0.0, 0.0, 0.0, 0.0, 1.0],
                [0.392298, -0.740142, 0.547174, -0.0, 0.461743, 0.67683, 0.573683, 0.39386, -0.79779, 0.027783, 0.601098, -0.0, 0.0, 0.0, 0.0, 1.0],
                [0.35289, -0.743448, 0.568807, 0.0, 0.467214, 0.670835, 0.576233, 0.393861, -0.812868, 0.062824, 0.578138, 0.0, 0.0, 0.0, 0.0, 1.0]
            ]
        },
        {
            "name": "Hand_R",
            "time": [0.0, 0.0417, 0.0833, 0.125, 0.1667, 0.2083, 0.25, 0.2917, 0.3333, 0.375, 0.4167, 0.4583, 0.5, 0.5417, 0.5833, 0.625],
            "transform": [
                [0.997801, -0.0, 0.0, 0.0, 0.0, 0.715357, -0.700848, 0.3, 0.0, 0.708864, 0.707266, -0.0, 0.0, 0.0, 0.0, 1.0],
                [0.9978, -0.0, 0.0, 0.0, 0.0, 0.708783, -0.707345, 0.3, 0.0, 0.71556, 0.700646, 0.0, 0.0, 0.0, 0.0, 1.0],
                [0.9978, -0.0, 0.0, -0.0, 0.0, 0.700048, -0.715789, 0.3, 0.0, 0.724266, 0.691854, 0.0, 0.0, 0.0, 0.0, 1.0],
                [0.9978, -0.0, 0.0, 0.0, 0.0, 0.693462, -0.722017, 0.3, 0.0, 0.73069, 0.685231, 0.0, 0.0, 0.0, 0.0, 1.0],
                [0.9978, -0.0, 0.0, -0.0, 0.0, 0.668889, -0.744261, 0.3, 0.0, 0.753648, 0.660558, 0.0, 0.0, 0.0, 0.0, 1.0],
                [0.9978, -0.0, 0.0, -0.0, 0.0, 0.611207, -0.790951, 0.3, 0.0, 0.801923, 0.602845, -0.0, 0.0, 0.0, 0.0, 1.0],
                [0.9978, -0.0, 0.0, -0.0, 0.0, 0.557968, -0.828121, 0.3, 0.0, 0.840415, 0.549806, -0.0, 0.0, 0.0, 0.0, 1.0],
                [0.9978, -0.0, 0.0, -0.0, 0.0, 0.552375, -0.831732, 0.3, 0.0, 0.844157, 0.544244, 0.0, 0.0, 0.0, 0.0, 1.0],
                [0.9978, -0.0, 0.0, 0.0, 0.0, 0.535242, -0.842468, 0.3, 0.0, 0.855279, 0.527224, -0.0, 0.0, 0.0, 0.0, 1.0],
                [0.9978, -0.0, 0.0, -0.0, 0.0, 0.484899, -0.87133, 0.3, 0.0, 0.885181, 0.477313, -0.0, 0.0, 0.0, 0.0, 1.0],
                [0.9978, -0.0, 0.0, 0.0, 0.0, 0.498639, -0.863835, 0.3, 0.0, 0.877416, 0.490921, -0.0, 0.0, 0.0, 0.0, 1.0],
                [0.9978, -0.0, 0.0, -0.0, 0.0, 0.586524, -0.808836, 0.3, 0.0, 0.82043, 0.578235, 0.0, 0.0, 0.0, 0.0, 1.0],
                [0.9978, -0.0, 0.0, -0.0, 0.0, 0.664294, -0.748254, 0.3, 0.0, 0.757773, 0.655949, 0.0, 0.0, 0.0, 0.0, 1.0],
                [0.997801, -0.0, 0.0, -0.0, 0.0, 0.706245, -0.70982, 0.3, 0.0, 0.718111, 0.698091, -0.0, 0.0, 0.0, 0.0, 1.0],
                [0.997801, -0.0, 0.0, -0.0, 0.0, 0.731768, -0.684067, 0.3, 0.0, 0.691582, 0.723817, -0.0, 0.0, 0.0, 0.0, 1.0],
                [0.997801, -0.0, 0.0, 0.0, 0.0, 0.723373, -0.692753, 0.3, 0.0, 0.700526, 0.715347, 0.0, 0.0, 0.0, 0.0, 1.0]
            ]
        },
        {
            "name": "Tool_R",
            "time": [0.0, 0.0417, 0.0833, 0.125, 0.1667, 0.2083, 0.25, 0.2917, 0.3333, 0.375, 0.4167, 0.4583, 0.5, 0.5417, 0.5833, 0.625],
            "transform": [
                [0.982205, -0.169419, 0.098365, 1e-06, 0.061488, -0.218621, -0.965599, 0.272858, 0.185493, 0.968416, -0.200549, 0.0, 0.0, 0.0, 0.0, 1.0],
                [0.984903, -0.155618, 0.097445, 1e-06, 0.060529, -0.234966, -0.961869, 0.272858, 0.173077, 0.96658, -0.217884, 0.0, 0.0, 0.0, 0.0, 1.0],
                [0.985415, -0.152812, 0.097642, 1e-06, 0.060659, -0.238963, -0.960854, 0.272858, 0.170687, 0.965997, -0.221992, 0.0, 0.0, 0.0, 0.0, 1.0],
                [0.979334, -0.18292, 0.100979, 1e-06, 0.063725, -0.20699, -0.967833, 0.272858, 0.198275, 0.968867, -0.187493, 0.0, 0.0, 0.0, 0.0, 1.0],
                [0.968706, -0.227532, 0.106761, 1e-06, 0.06839, -0.177201, -0.973208, 0.272858, 0.240382, 0.966191, -0.153175, 1e-06, 0.0, 0.0, 0.0, 1.0],
                [0.960283, -0.257765, 0.112565, 1e-06, 0.071169, -0.171224, -0.974022, 0.272858, 0.270209, 0.960017, -0.143339, 0.0, 0.0, 0.0, 0.0, 1.0],
                [0.953232, -0.280273, 0.118355, 1e-06, 0.073009, -0.173487, -0.973579, 0.272858, 0.293177, 0.953351, -0.142214, 0.0, 0.0, 0.0, 0.0, 1.0],
                [0.946252, -0.300759, 0.12412, 1e-06, 0.074763, -0.176751, -0.972968, 0.272858, 0.314274, 0.946488, -0.142097, 0.0, 0.0, 0.0, 0.0, 1.0],
                [0.941896, -0.312069, 0.129698, 1e-06, 0.078462, -0.17787, -0.972474, 0.272858, 0.326251, 0.942613, -0.14041, 1e-06, 0.0, 0.0, 0.0, 1.0],
                [0.940092, -0.314873, 0.136309, 1e-06, 0.08549, -0.176471, -0.972056, 0.272858, 0.329873, 0.941962, -0.136393, 0.0, 0.0, 0.0, 0.0, 1.0],
                [0.942506, -0.307151, 0.137172, 1e-06, 0.089044, -0.172223, -0.972389, 0.272858, 0.322069, 0.945347, -0.132435, 0.0, 0.0, 0.0, 0.0, 1.0],
                [0.949593, -0.287435, 0.13035, 1e-06, 0.086031, -0.168455, -0.973255, 0.272858, 0.301508, 0.95221, -0.132683, 0.0, 0.0, 0.0, 0.0, 1.0],
                [0.957867, -0.26212, 0.122839, 1e-06, 0.082245, -0.16738, -0.973759, 0.272858, 0.275683, 0.959542, -0.136153, 1e-06, 0.0, 0.0, 0.0, 1.0],
                [0.964958, -0.237878, 0.117024, 1e-06, 0.078895, -0.170883, -0.973546, 0.272858, 0.251563, 0.964912, -0.143403, 1e-06, 0.0, 0.0, 0.0, 1.0],
                [0.971069, -0.215201, 0.111459, 1e-06, 0.074531, -0.179822, -0.97248, 0.272858, 0.229417, 0.968168, -0.155674, 0.0, 0.0, 0.0, 0.0, 1.0],
                [0.978512, -0.185963, 0.102085, 1e-06, 0.065454, -0.201055, -0.969079, 0.272858, 0.201022, 0.969526, -0.181177, 0.0, 0.0, 0.0, 0.0, 1.0]
            ]
        },
        {
            "name": "Elbow_R",
            "time": [0.0, 0.625],
            "transform": [
                [-1.0, 0.0, -0.0, 0.0, 0.0, -0.0, -1.0, 0.3, -0.0, -1.0, 0.0, -0.0, 0.0, 0.0, 0.0, 1.0],
                [-1.0, 0.0, -0.0, 0.0, 0.0, 0.0, -1.0, 0.3, -0.0, -1.0, 0.0, 0.0, 0.0, 0.0, 0.0, 1.0]
            ]
        },
        {
            "name": "Shoulder_L",
            "time": [0.0, 0.0417, 0.0833, 0.125, 0.1667, 0.2083, 0.25, 0.2917, 0.3333, 0.375, 0.4167, 0.4583, 0.5, 0.5417, 0.5833, 0.625],
            "transform": [
                [0.132813, -0.989867, -0.050266, -0.0, -0.968446, -0.118831, -0.218938, 0.4, 0.210733, 0.077758, -0.974473, -0.0, 0.0, 0.0, 0.0, 1.0],
                [0.189019, -0.979684, 0.067034, 0.0, -0.955136, -0.199277, -0.218964, 0.4, 0.22786, -0.022638, -0.973458, -0.0, 0.0, 0.0, 0.0, 1.0],
                [0.200817, -0.955873, 0.21444, -0.0, -0.945528, -0.246364, -0.21266, 0.4, 0.256089, -0.160054, -0.953336, -0.0, 0.0, 0.0, 0.0, 1.0],
                [0.076936, -0.921979, 0.379538, -0.0, -0.965986, -0.163144, -0.200492, 0.4, 0.246752, -0.351205, -0.903223, -0.0, 0.0, 0.0, 0.0, 1.0],
                [-0.038841, -0.867113, 0.496614, -0.0, -0.979273, -0.065754, -0.191417, 0.4, 0.198622, -0.493759, -0.846635, -0.0, 0.0, 0.0, 0.0, 1.0],
                [-0.020628, -0.874285, 0.484993, -0.0, -0.977886, -0.083259, -0.191695, 0.4, 0.207963, -0.478225, -0.853283, 0.0, 0.0, 0.0, 0.0, 1.0],
                [0.030035, -0.897714, 0.439572, -0.0, -0.973119, -0.126662, -0.192189, 0.4, 0.228193, -0.421987, -0.877438, -0.0, 0.0, 0.0, 0.0, 1.0],
                [0.109575, -0.924653, 0.364721, -0.0, -0.962939, -0.189688, -0.191594, 0.4, 0.246325, -0.330212, -0.911223, 0.0, 0.0, 0.0, 0.0, 1.0],
                [0.187807, -0.952916, 0.238086, -0.0, -0.951506, -0.236621, -0.196441, 0.4, 0.243512, -0.189649, -0.951201, -0.0, 0.0, 0.0, 0.0, 1.0],
                [0.166586, -0.982934, 0.07805, 0.0, -0.961474, -0.179482, -0.208075, 0.4, 0.218519, -0.040381, -0.975024, 0.0, 0.0, 0.0, 0.0, 1.0],
                [0.043171, -0.990039, -0.134036, 0.0, -0.97702, -0.013831, -0.212557, 0.4, 0.208573, 0.140134, -0.967942, 0.0, 0.0, 0.0, 0.0, 1.0],
                [-0.049527, -0.944613, -0.324445, 0.0, -0.969768, 0.123157, -0.21053, 0.4, 0.238812, 0.304211, -0.92221, 0.0, 0.0, 0.0, 0.0, 1.0],
                [-0.074974, -0.916934, -0.391949, 0.0, -0.961986, 0.169972, -0.213622, 0.4, 0.26248, 0.361037, -0.894874, -0.0, 0.0, 0.0, 0.0, 1.0],
                [-0.035436, -0.951852, -0.304521, -0.0, -0.970787, 0.105102, -0.215559, 0.4, 0.237171, 0.287989, -0.927825, 0.0, 0.0, 0.0, 0.0, 1.0],
                [0.020132, -0.978659, -0.20452, 0.0, -0.976054, 0.025046, -0.215944, 0.4, 0.216444, 0.203972, -0.954777, 0.0, 0.0, 0.0, 0.0, 1.0],
                [0.084211, -0.987584, -0.132634, -0.0, -0.974455, -0.053835, -0.217897, 0.4, 0.208038, 0.147596, -0.966947, 0.0, 0.0, 0.0, 0.0, 1.0]
            ]
        },
        {
            "name": "Arm_L",
            "time": [0.0, 0.0417, 0.0833, 0.125, 0.1667, 0.2083, 0.25, 0.2917, 0.3333, 0.375, 0.4167, 0.4583, 0.5, 0.5417, 0.5833, 0.625],
            "transform": [
                [0.463029, 0.874891, -0.152824, 0.0, -0.876257, 0.477896, 0.068968, 0.39386, 0.133375, 0.102417, 0.983663, -0.0, 0.0, 0.0, 0.0, 1.0],
                [0.503041, 0.769257, -0.396294, -0.0, -0.805749, 0.583992, 0.105533, 0.39386, 0.312617, 0.267367, 0.909691, -0.0, 0.0, 0.0, 0.0, 1.0],
                [0.514117, 0.601456, -0.611454, 0.0, -0.707258, 0.702302, 0.092829, 0.39386, 0.485261, 0.386368, 0.78311, -0.0, 0.0, 0.0, 0.0, 1.0],
                [0.485857, 0.524026, -0.698876, 0.0, -0.673586, 0.736192, 0.081056, 0.39386, 0.556985, 0.433201, 0.707653, 0.0, 0.0, 0.0, 0.0, 1.0],
                [0.483725, 0.489392, -0.724768, 0.0, -0.629523, 0.772294, 0.098709, 0.39386, 0.608045, 0.410241, 0.678779, 0.0, 0.0, 0.0, 0.0, 1.0],
                [0.569957, 0.41154, -0.710184, 0.0, -0.5468, 0.837849, 0.044457, 0.39386, 0.613333, 0.364527, 0.699593, -0.0, 0.0, 0.0, 0.0, 1.0],
                [0.629963, 0.361101, -0.686517, -0.0, -0.474288, 0.881832, 0.026559, 0.39386, 0.614997, 0.310183, 0.723706, 0.0, 0.0, 0.0, 0.0, 1.0],
                [0.721603, 0.3414, -0.601416, -0.0, -0.411272, 0.913162, 0.02264, 0.39386, 0.55694, 0.231988, 0.795947, -0.0, 0.0, 0.0, 0.0, 1.0],
                [0.783766, 0.472856, -0.402986, -0.0, -0.498877, 0.867441, 0.043128, 0.39386, 0.369978, 0.167949, 0.911844, 0.0, 0.0, 0.0, 0.0, 1.0],
                [0.68857, 0.686847, -0.23643, -0.0, -0.707458, 0.708182, -0.01169, 0.39386, 0.159412, 0.176064, 0.969365, -0.0, 0.0, 0.0, 0.0, 1.0],
                [0.460361, 0.888771, -0.039235, 0.0, -0.881957, 0.452837, -0.133802, 0.39386, -0.101153, 0.096615, 0.988058, 0.0, 0.0, 0.0, 0.0, 1.0],
                [0.374728, 0.911911, 0.177288, 0.0, -0.847549, 0.414782, -0.331488, 0.39386, -0.375825, -0.026155, 0.924334, 0.0, 0.0, 0.0, 0.0, 1.0],
                [0.366651, 0.875159, 0.320159, 0.0, -0.812669, 0.469516, -0.34577, 0.39386, -0.452925, -0.133979, 0.87958, 0.0, 0.0, 0.0, 0.0, 1.0],
                [0.400303, 0.830741, 0.389775, -0.0, -0.847827, 0.497858, -0.185058, 0.39386, -0.347791, -0.257482, 0.89975, 0.0, 0.0, 0.0, 0.0, 1.0],
                [0.442742, 0.82535, 0.353768, -0.0, -0.872809, 0.487471, -0.039944, 0.39386, -0.205423, -0.292335, 0.932185, 0.0, 0.0, 0.0, 0.0, 1.0],
                [0.454517, 0.888337, 0.087333, -0.0, -0.89056, 0.455199, 0.024337, 0.39386, -0.018134, -0.08922, 0.993721, -0.0, 0.0, 0.0, 0.0, 1.0]
            ]
        },
        {
            "name": "Hand_L",
            "time": [0.0, 0.0417, 0.0833, 0.125, 0.1667, 0.2083, 0.25, 0.2917, 0.3333, 0.375, 0.4167, 0.4583, 0.5, 0.5417, 0.5833, 0.625],
            "transform": [
                [1.000891, 2e-06, 4e-06, -0.0, 3e-06, 0.194492, -0.976125, 0.3, -3e-06, 0.985241, 0.192693, 0.0, 0.0, 0.0, 0.0, 1.0],
                [1.000891, 3e-06, 4e-06, 0.0, 3e-06, 0.078648, -0.991784, 0.3, -3e-06, 1.001294, 0.077901, 0.0, 0.0, 0.0, 0.0, 1.0],
                [1.000889, 3e-06, 3e-06, 0.0, 3e-06, -0.091544, -0.990712, 0.3, -3e-06, 1.000185, -0.090677, 0.0, 0.0, 0.0, 0.0, 1.0],
                [1.000887, 4e-06, 2e-06, -0.0, 4e-06, -0.341955, -0.935797, 0.3, -3e-06, 0.943867, -0.339031, 0.0, 0.0, 0.0, 0.0, 1.0],
                [1.000887, 4e-06, 2e-06, -0.0, 4e-06, -0.513317, -0.855698, 0.3, -3e-06, 0.862046, -0.509537, -0.0, 0.0, 0.0, 0.0, 1.0],
                [1.000889, 4e-06, 2e-06, 0.0, 4e-06, -0.481219, -0.873799, 0.3, -3e-06, 0.88052, -0.477546, -0.0, 0.0, 0.0, 0.0, 1.0],
                [1.00089, 4e-06, 2e-06, -0.0, 4e-06, -0.381789, -0.920608, 0.3, -3e-06, 0.928358, -0.378602, -0.0, 0.0, 0.0, 0.0, 1.0],
                [1.000892, 4e-06, 3e-06, 0.0, 3e-06, -0.153337, -0.983305, 0.3, -3e-06, 0.992469, -0.151921, 0.0, 0.0, 0.0, 0.0, 1.0],
                [1.000895, 2e-06, 4e-06, 0.0, 3e-06, 0.307506, -0.947396, 0.3, -3e-06, 0.955734, 0.304823, -0.0, 0.0, 0.0, 0.0, 1.0],
                [1.000892, 0.0, 4e-06, 0.0, 3e-06, 0.614372, -0.787508, 0.3, -3e-06, 0.792581, 0.61044, 0.0, 0.0, 0.0, 0.0, 1.0],
                [1.000887, -0.0, 4e-06, -0.0, 3e-06, 0.731138, -0.6819, 0.3, -3e-06, 0.68539, 0.727414, 0.0, 0.0, 0.0, 0.0, 1.0],
                [1.000885, -1e-06, 4e-06, -0.0, 3e-06, 0.763666, -0.645596, 0.3, -3e-06, 0.648634, 0.760088, 0.0, 0.0, 0.0, 0.0, 1.0],
                [1.000885, -0.0, 4e-06, -0.0, 3e-06, 0.709347, -0.704315, 0.3, -3e-06, 0.708111, 0.705544, 0.0, 0.0, 0.0, 0.0, 1.0],
                [1.000886, 1e-06, 4e-06, 0.0, 3e-06, 0.531082, -0.84499, 0.3, -3e-06, 0.851123, 0.527255, -0.0, 0.0, 0.0, 0.0, 1.0],
                [1.000888, 2e-06, 4e-06, 0.0, 3e-06, 0.357577, -0.93006, 0.3, -3e-06, 0.938033, 0.354537, -0.0, 0.0, 0.0, 0.0, 1.0],
                [1.00089, 2e-06, 4e-06, 0.0, 3e-06, 0.273117, -0.957595, 0.3, -3e-06, 0.966245, 0.270672, -0.0, 0.0, 0.0, 0.0, 1.0]
            ]
        },
        {
            "name": "Tool_L",
            "time": [0.0, 0.0417, 0.0833, 0.125, 0.1667, 0.2083, 0.25, 0.2917, 0.3333, 0.375, 0.4167, 0.4583, 0.5, 0.5417, 0.5833, 0.625],
            "transform": [
                [0.026951, -0.979111, -0.207572, -0.0, 0.820259, 0.140873, -0.554206, 0.272858, 0.572237, -0.155635, 0.803249, -1e-06, 0.0, 0.0, 0.0, 1.0],
                [-0.047068, -0.975238, -0.222533, -0.0, 0.965372, 0.012219, -0.257602, 0.272858, 0.253363, -0.227473, 0.939114, -1e-06, 0.0, 0.0, 0.0, 1.0],
                [-0.181894, -0.946643, -0.270671, -0.0, 0.960766, -0.228992, 0.15164, 0.272858, -0.205006, -0.232975, 0.94966, -1e-06, 0.0, 0.0, 0.0, 1.0],
                [-0.41805, -0.828499, -0.374152, 0.0, 0.61153, -0.561624, 0.557603, 0.272858, -0.673779, 0.0043, 0.737362, -1e-06, 0.0, 0.0, 0.0, 1.0],
                [-0.557008, -0.641958, -0.52745, -0.0, 0.137259, -0.699317, 0.699499, 0.272858, -0.822444, 0.31768, 0.47341, -1e-06, 0.0, 0.0, 0.0, 1.0],
                [-0.535614, -0.574216, -0.618684, -0.0, 0.090595, -0.76974, 0.630201, 0.272858, -0.843059, 0.281756, 0.460249, -1e-06, 0.0, 0.0, 0.0, 1.0],
