{
    "animation": [
        {
            "name": "Root",
            "time": [0.0, 0.0417, 0.0833, 0.125, 0.1667, 0.2083, 0.25, 0.2917, 0.3333, 0.375, 0.4167, 0.4583, 0.5, 0.5417, 0.5833, 0.625, 0.6667, 0.7083, 0.75, 0.7917, 0.8333, 0.875, 0.9167, 0.9583, 1.0, 1.0417],
            "transform": [
                [1.0, -0.0, -0.0, -2.2e-05, -0.0, -0.0, -1.0, 0.029433, 0.0, 1.0, -0.0, 0.544833, 0.0, 0.0, 0.0, 1.0],
                [1.0, -0.0, -0.0, -2.2e-05, -0.0, -0.0, -1.0, 0.029433, 0.0, 1.0, -0.0, 0.544833, 0.0, 0.0, 0.0, 1.0],
                [1.0, -0.0, -0.0, -2.2e-05, -0.0, -0.0, -1.0, 0.029433, 0.0, 1.0, -0.0, 0.544833, 0.0, 0.0, 0.0, 1.0],
                [1.0, -0.0, -0.0, -2.2e-05, -0.0, -0.0, -1.0, 0.029433, 0.0, 1.0, -0.0, 0.544833, 0.0, 0.0, 0.0, 1.0],
                [1.0, -0.0, -0.0, -2.2e-05, -0.0, -0.0, -1.0, 0.029433, 0.0, 1.0, -0.0, 0.544833, 0.0, 0.0, 0.0, 1.0],
                [1.0, -0.0, -0.0, -2.2e-05, -0.0, -0.0, -1.0, 0.029433, 0.0, 1.0, -0.0, 0.544833, 0.0, 0.0, 0.0, 1.0],
                [1.0, -0.0, -0.0, -2.2e-05, -0.0, -0.0, -1.0, 0.029433, 0.0, 1.0, -0.0, 0.544833, 0.0, 0.0, 0.0, 1.0],
                [1.0, -0.0, -0.0, -2.2e-05, -0.0, -0.0, -1.0, 0.029433, 0.0, 1.0, -0.0, 0.544833, 0.0, 0.0, 0.0, 1.0],
                [1.0, -0.0, -0.0, -2.2e-05, -0.0, -0.0, -1.0, 0.029433, 0.0, 1.0, -0.0, 0.544833, 0.0, 0.0, 0.0, 1.0],
                [1.0, -0.0, -0.0, -2.2e-05, -0.0, -0.0, -1.0, 0.029433, 0.0, 1.0, -0.0, 0.544833, 0.0, 0.0, 0.0, 1.0],
                [1.0, -0.0, -0.0, -2.2e-05, -0.0, -0.0, -1.0, 0.029433, 0.0, 1.0, -0.0, 0.544833, 0.0, 0.0, 0.0, 1.0],
                [1.0, -0.0, -0.0, -2.2e-05, -0.0, -0.0, -1.0, 0.029433, 0.0, 1.0, -0.0, 0.544833, 0.0, 0.0, 0.0, 1.0],
                [1.0, -0.0, -0.0, -2.2e-05, -0.0, -0.0, -1.0, 0.029433, 0.0, 1.0, -0.0, 0.544833, 0.0, 0.0, 0.0, 1.0],
                [1.0, -0.0, -0.0, -2.2e-05, -0.0, -0.0, -1.0, 0.029433, 0.0, 1.0, -0.0, 0.544833, 0.0, 0.0, 0.0, 1.0],
                [1.0, -0.0, -0.0, -2.2e-05, -0.0, -0.0, -1.0, 0.029433, 0.0, 1.0, -0.0, 0.544833, 0.0, 0.0, 0.0, 1.0],
                [1.0, -0.0, -0.0, -2.2e-05, -0.0, -0.0, -1.0, 0.029433, 0.0, 1.0, -0.0, 0.544833, 0.0, 0.0, 0.0, 1.0],
                [1.0, -0.0, -0.0, -2.2e-05, -0.0, -0.0, -1.0, 0.029433, 0.0, 1.0, -0.0, 0.544833, 0.0, 0.0, 0.0, 1.0],
                [1.0, -0.0, -0.0, -2.2e-05, -0.0, -0.0, -1.0, 0.029433, 0.0, 1.0, -0.0, 0.544833, 0.0, 0.0, 0.0, 1.0],
                [1.0, -0.0, -0.0, -2.2e-05, -0.0, -0.0, -1.0, 0.029433, 0.0, 1.0, -0.0, 0.544833, 0.0, 0.0, 0.0, 1.0],
                [1.0, -0.0, -0.0, -2.2e-05, -0.0, -0.0, -1.0, 0.029433, 0.0, 1.0, -0.0, 0.544833, 0.0, 0.0, 0.0, 1.0],
                [1.0, -0.0, -0.0, -2.2e-05, -0.0, -0.0, -1.0, 0.029433, 0.0, 1.0, -0.0, 0.544833, 0.0, 0.0, 0.0, 1.0],
                [1.0, -0.0, -0.0, -2.2e-05, -0.0, -0.0, -1.0, 0.029433, 0.0, 1.0, -0.0, 0.544833, 0.0, 0.0, 0.0, 1.0],
                [1.0, -0.0, -0.0, -2.2e-05, -0.0, -0.0, -1.0, 0.029433, 0.0, 1.0, -0.0, 0.544833, 0.0, 0.0, 0.0, 1.0],
                [1.0, -0.0, -0.0, -2.2e-05, -0.0, -0.0, -1.0, 0.029433, 0.0, 1.0, -0.0, 0.544833, 0.0, 0.0, 0.0, 1.0],
                [1.0, -0.0, -0.0, -2.2e-05, -0.0, -0.0, -1.0, 0.029433, 0.0, 1.0, -0.0, 0.544833, 0.0, 0.0, 0.0, 1.0],
                [1.0, -0.0, -0.0, -2.2e-05, -0.0, -0.0, -1.0, 0.029433, 0.0, 1.0, -0.0, 0.544833, 0.0, 0.0, 0.0, 1.0]
            ]
        },
        {
            "name": "Thigh_R",
            "time": [0.0, 0.0417, 0.0833, 0.125, 0.1667, 0.2083, 0.25, 0.2917, 0.3333, 0.375, 0.4167, 0.4583, 0.5, 0.5417, 0.5833, 0.625, 0.6667, 0.7083, 0.75, 0.7917, 0.8333, 0.875, 0.9167, 0.9583, 1.0, 1.0417],
            "transform": [
                [0.991878, -0.02386, 0.124951, 0.1239, -0.068623, -0.927433, 0.367641, 0.059644, 0.107112, -0.373229, -0.921535, 0.029396, 0.0, 0.0, 0.0, 1.0],
                [0.987666, -0.020996, 0.155173, 0.1239, -0.063189, -0.96014, 0.272283, 0.059644, 0.143271, -0.278729, -0.949623, 0.029396, 0.0, 0.0, 0.0, 1.0],
                [0.98027, -0.026554, 0.195881, 0.1239, -0.053377, -0.989683, 0.13296, 0.059644, 0.19033, -0.140792, -0.971573, 0.029396, 0.0, 0.0, 0.0, 1.0],
                [0.973176, -0.031128, 0.227952, 0.1239, -0.034089, -0.999378, 0.009064, 0.059644, 0.227528, -0.016591, -0.97363, 0.029396, 0.0, 0.0, 0.0, 1.0],
                [0.969304, -0.03488, 0.243386, 0.1239, -0.01808, -0.997318, -0.070919, 0.059644, 0.245207, 0.064342, -0.967333, 0.029396, 0.0, 0.0, 0.0, 1.0],
                [0.963156, -0.034776, 0.266691, 0.1239, 0.003067, -0.990121, -0.140186, 0.059644, 0.268931, 0.135839, -0.953533, 0.029396, 0.0, 0.0, 0.0, 1.0],
                [0.953532, -0.015182, 0.300915, 0.1239, 0.049314, -0.977398, -0.205574, 0.059644, 0.297235, 0.210861, -0.93123, 0.029396, 0.0, 0.0, 0.0, 1.0],
                [0.939031, 0.027242, 0.342754, 0.1239, 0.116895, -0.962773, -0.243731, 0.059644, 0.323355, 0.268937, -0.907257, 0.029396, 0.0, 0.0, 0.0, 1.0],
                [0.90155, 0.132885, 0.411767, 0.1239, 0.214523, -0.963745, -0.15867, 0.059644, 0.375754, 0.231382, -0.897369, 0.029396, 0.0, 0.0, 0.0, 1.0],
                [0.863196, 0.253492, 0.43662, 0.1239, 0.274839, -0.961377, 0.014802, 0.059644, 0.423509, 0.107224, -0.899525, 0.029396, 0.0, 0.0, 0.0, 1.0],
                [0.852912, 0.311307, 0.419084, 0.1239, 0.276463, -0.950289, 0.143249, 0.059644, 0.442845, -0.006318, -0.896576, 0.029396, 0.0, 0.0, 0.0, 1.0],
                [0.867318, 0.327381, 0.374946, 0.1239, 0.243229, -0.93596, 0.254594, 0.059644, 0.434284, -0.129616, -0.891402, 0.029396, 0.0, 0.0, 0.0, 1.0],
                [0.904279, 0.299158, 0.304609, 0.1239, 0.159424, -0.898453, 0.409103, 0.059644, 0.396064, -0.321381, -0.860144, 0.029396, 0.0, 0.0, 0.0, 1.0],
                [0.927199, 0.256095, 0.27335, 0.1239, 0.075495, -0.842555, 0.533293, 0.059644, 0.366887, -0.473831, -0.800549, 0.029396, 0.0, 0.0, 0.0, 1.0],
                [0.933878, 0.228856, 0.274774, 0.1239, 0.028957, -0.814262, 0.579776, 0.059644, 0.356423, -0.533482, -0.767046, 0.029396, 0.0, 0.0, 0.0, 1.0],
                [0.938539, 0.204525, 0.27806, 0.1239, 0.002099, -0.808921, 0.587914, 0.059644, 0.345172, -0.551195, -0.759632, 0.029396, 0.0, 0.0, 0.0, 1.0],
                [0.94779, 0.145948, 0.283544, 0.1239, -0.041651, -0.824858, 0.563805, 0.059644, 0.31617, -0.546177, -0.775711, 0.029396, 0.0, 0.0, 0.0, 1.0],
                [0.95662, 0.075605, 0.281364, 0.1239, -0.078289, -0.863514, 0.498212, 0.059644, 0.28063, -0.498626, -0.820134, 0.029396, 0.0, 0.0, 0.0, 1.0],
                [0.978022, 0.046175, 0.203334, 0.1239, -0.067662, -0.852118, 0.518958, 0.059644, 0.197228, -0.521309, -0.830264, 0.029396, 0.0, 0.0, 0.0, 1.0],
                [0.988183, 0.041655, 0.147522, 0.1239, -0.055494, -0.799882, 0.597586, 0.059644, 0.142893, -0.59871, -0.788117, 0.029396, 0.0, 0.0, 0.0, 1.0],
                [0.991295, 0.043547, 0.124267, 0.1239, -0.047786, -0.760419, 0.647673, 0.059644, 0.122699, -0.647972, -0.751716, 0.029396, 0.0, 0.0, 0.0, 1.0],
                [0.991284, 0.036952, 0.126465, 0.1239, -0.054448, -0.759173, 0.648607, 0.059644, 0.119976, -0.649839, -0.750543, 0.029396, 0.0, 0.0, 0.0, 1.0],
                [0.991483, 0.018139, 0.128978, 0.1239, -0.066934, -0.778528, 0.62403, 0.059644, 0.111733, -0.627347, -0.770683, 0.029396, 0.0, 0.0, 0.0, 1.0],
                [0.994075, -0.009988, 0.108253, 0.1239, -0.067915, -0.834599, 0.546654, 0.059644, 0.084888, -0.550766, -0.830332, 0.029396, 0.0, 0.0, 0.0, 1.0],
                [0.994085, -0.020365, 0.106692, 0.1239, -0.067242, -0.886792, 0.457251, 0.059644, 0.085302, -0.46172, -0.882915, 0.029396, 0.0, 0.0, 0.0, 1.0],
                [0.993742, -0.025343, 0.1088, 0.1239, -0.067859, -0.910596, 0.40769, 0.059644, 0.088741, -0.41252, -0.906616, 0.029396, 0.0, 0.0, 0.0, 1.0]
            ]
        },
        {
            "name": "Leg_R",
            "time": [0.0, 0.0417, 0.0833, 0.125, 0.1667, 0.2083, 0.25, 0.2917, 0.3333, 0.375, 0.4167, 0.4583, 0.5, 0.5417, 0.5833, 0.625, 0.6667, 0.7083, 0.75, 0.7917, 0.8333, 0.875, 0.9167, 0.9583, 1.0, 1.0417],
            "transform": [
                [1.0, 0.0, 0.0, -0.0, -0.0, 0.774442, 0.632644, 0.37472, -0.0, -0.632644, 0.774442, -0.0, 0.0, 0.0, 0.0, 1.0],
                [0.999999, 0.0, 0.0, 0.0, -0.0, 0.816155, 0.577832, 0.37472, -0.0, -0.577832, 0.816156, 0.0, 0.0, 0.0, 0.0, 1.0],
                [0.999999, 0.0, 0.0, 0.0, -0.0, 0.861977, 0.506947, 0.37472, -0.0, -0.506947, 0.861977, 0.0, 0.0, 0.0, 0.0, 1.0],
                [0.999999, 0.0, 0.0, 0.0, -0.0, 0.893727, 0.448612, 0.37472, -0.0, -0.448612, 0.893727, 0.0, 0.0, 0.0, 0.0, 1.0],
                [0.999999, 0.0, 0.0, 0.0, -0.0, 0.914571, 0.404425, 0.37472, -0.0, -0.404425, 0.914571, 0.0, 0.0, 0.0, 0.0, 1.0],
                [0.999999, 0.0, 0.0, 0.0, -0.0, 0.930128, 0.367236, 0.37472, -0.0, -0.367236, 0.930127, 0.0, 0.0, 0.0, 0.0, 1.0],
                [0.999999, 0.0, 0.0, -0.0, -0.0, 0.925499, 0.37875, 0.37472, -0.0, -0.37875, 0.925499, -0.0, 0.0, 0.0, 0.0, 1.0],
                [0.999999, 0.0, 0.0, -0.0, -0.0, 0.898444, 0.439089, 0.37472, -0.0, -0.439089, 0.898443, -0.0, 0.0, 0.0, 0.0, 1.0],
                [0.999999, 0.0, 0.0, 0.0, -0.0, 0.771135, 0.636672, 0.37472, -0.0, -0.636673, 0.771134, 0.0, 0.0, 0.0, 0.0, 1.0],
                [0.999999, 0.0, 0.0, 0.0, -0.0, 0.575064, 0.818108, 0.37472, 0.0, -0.818109, 0.575064, 0.0, 0.0, 0.0, 0.0, 1.0],
                [0.999999, 0.0, 0.0, -0.0, -0.0, 0.432398, 0.901683, 0.37472, 0.0, -0.901683, 0.432398, 0.0, 0.0, 0.0, 0.0, 1.0],
                [0.999999, 0.0, 0.0, -0.0, -0.0, 0.313927, 0.949447, 0.37472, 0.0, -0.949448, 0.313926, 0.0, 0.0, 0.0, 0.0, 1.0],
                [0.999999, 0.0, 0.0, 0.0, -0.0, 0.238031, 0.971257, 0.37472, 0.0, -0.971258, 0.238031, 0.0, 0.0, 0.0, 0.0, 1.0],
                [0.999999, 0.0, 0.0, 0.0, -0.0, 0.313907, 0.949454, 0.37472, 0.0, -0.949454, 0.313907, 0.0, 0.0, 0.0, 0.0, 1.0],
                [0.999999, 0.0, 0.0, 0.0, -0.0, 0.436874, 0.899523, 0.37472, 0.0, -0.899523, 0.436874, 0.0, 0.0, 0.0, 0.0, 1.0],
                [0.999999, 0.0, 0.0, 0.0, -0.0, 0.544091, 0.839027, 0.37472, -0.0, -0.839026, 0.544091, -0.0, 0.0, 0.0, 0.0, 1.0],
                [0.999999, 0.0, 0.0, -0.0, -0.0, 0.784565, 0.620046, 0.37472, -0.0, -0.620046, 0.784566, 0.0, 0.0, 0.0, 0.0, 1.0],
                [1.0, 0.0, 0.0, -0.0, -0.0, 0.97578, 0.218754, 0.37472, -0.0, -0.218754, 0.97578, -0.0, 0.0, 0.0, 0.0, 1.0],
                [1.0, 0.0, 0.0, 0.0, -0.0, 0.988413, 0.151785, 0.37472, -0.0, -0.151785, 0.988414, -0.0, 0.0, 0.0, 0.0, 1.0],
                [1.0, 0.0, 0.0, -0.0, -0.0, 0.929051, 0.369951, 0.37472, -0.0, -0.369951, 0.929052, 0.0, 0.0, 0.0, 0.0, 1.0],
                [1.0, 0.0, 0.0, 0.0, -0.0, 0.84055, 0.541734, 0.37472, -0.0, -0.541733, 0.84055, 0.0, 0.0, 0.0, 0.0, 1.0],
                [1.0, 0.0, 0.0, 0.0, -0.0, 0.776321, 0.630337, 0.37472, -0.0, -0.630337, 0.776322, -0.0, 0.0, 0.0, 0.0, 1.0],
                [0.999999, 0.0, 0.0, -0.0, -0.0, 0.719641, 0.694346, 0.37472, -0.0, -0.694345, 0.719642, 0.0, 0.0, 0.0, 0.0, 1.0],
                [1.0, 0.0, 0.0, -0.0, -0.0, 0.701225, 0.71294, 0.37472, -0.0, -0.71294, 0.701225, 0.0, 0.0, 0.0, 0.0, 1.0],
                [0.999999, 0.0, 0.0, -0.0, -0.0, 0.732894, 0.680342, 0.37472, -0.0, -0.680342, 0.732895, -0.0, 0.0, 0.0, 0.0, 1.0],
                [0.999999, 0.0, 0.0, 0.0, -0.0, 0.753907, 0.656981, 0.37472, -0.0, -0.656981, 0.753907, 0.0, 0.0, 0.0, 0.0, 1.0]
            ]
        },
        {
            "name": "Knee_R",
            "time": [0.0, 1.0417],
            "transform": [
                [1.0, 0.0, -0.0, -0.0, -0.0, 1e-06, -1.0, 0.37472, -0.0, 1.0, 1e-06, -0.0, 0.0, 0.0, 0.0, 1.0],
                [1.0, 0.0, -0.0, 0.0, -0.0, 1e-06, -1.0, 0.37472, -0.0, 1.0, 1e-06, 0.0, 0.0, 0.0, 0.0, 1.0]
            ]
        },
        {
            "name": "Thigh_L",
            "time": [0.0, 0.0417, 0.0833, 0.125, 0.1667, 0.2083, 0.25, 0.2917, 0.3333, 0.375, 0.4167, 0.4583, 0.5, 0.5417, 0.5833, 0.625, 0.6667, 0.7083, 0.75, 0.7917, 0.8333, 0.875, 0.9167, 0.9583, 1.0, 1.0417],
            "transform": [
                [0.993913, -0.107464, -0.024157, -0.121489, -0.082268, -0.870125, 0.48592, 0.048607, -0.073238, -0.480977, -0.873669, 0.004531, 0.0, 0.0, 0.0, 1.0],
                [0.99648, -0.083448, -0.007689, -0.121489, -0.064196, -0.819129, 0.570008, 0.048607, -0.053864, -0.567511, -0.821602, 0.004531, 0.0, 0.0, 0.0, 1.0],
                [0.998579, -0.049296, 0.020101, -0.121489, -0.050661, -0.763911, 0.643331, 0.048607, -0.016358, -0.643439, -0.765323, 0.004531, 0.0, 0.0, 0.0, 1.0],
                [0.996191, -0.022243, 0.084283, -0.121489, -0.070948, -0.768645, 0.63573, 0.048607, 0.050643, -0.639292, -0.767295, 0.004531, 0.0, 0.0, 0.0, 1.0],
                [0.98717, -0.014512, 0.158994, -0.121489, -0.10671, -0.800713, 0.589469, 0.048607, 0.118754, -0.598877, -0.791988, 0.004531, 0.0, 0.0, 0.0, 1.0],
                [0.96822, -0.020705, 0.24923, -0.121489, -0.154875, -0.832116, 0.532541, 0.048607, 0.196361, -0.55422, -0.808878, 0.004531, 0.0, 0.0, 0.0, 1.0],
                [0.95383, -0.017071, 0.299854, -0.121489, -0.179044, -0.833904, 0.522064, 0.048607, 0.241136, -0.55165, -0.798458, 0.004531, 0.0, 0.0, 0.0, 1.0],
                [0.980833, 0.020194, 0.193788, -0.121489, -0.108425, -0.769806, 0.629003, 0.048607, 0.161881, -0.637962, -0.752861, 0.004531, 0.0, 0.0, 0.0, 1.0],
                [0.997132, 0.025197, 0.071331, -0.121489, -0.029034, -0.743226, 0.668412, 0.048607, 0.069857, -0.66857, -0.740362, 0.004531, 0.0, 0.0, 0.0, 1.0],
                [0.994483, 0.06343, 0.083521, -0.121489, -0.003794, -0.774091, 0.633064, 0.048607, 0.104808, -0.629892, -0.76958, 0.004531, 0.0, 0.0, 0.0, 1.0],
                [0.991889, 0.082897, 0.096332, -0.121489, 0.009256, -0.803098, 0.595778, 0.048607, 0.126752, -0.590057, -0.79735, 0.004531, 0.0, 0.0, 0.0, 1.0],
                [0.9903, 0.092279, 0.103852, -0.121489, 0.022732, -0.845087, 0.534148, 0.048607, 0.137054, -0.526609, -0.838987, 0.004531, 0.0, 0.0, 0.0, 1.0],
                [0.99243, 0.085778, 0.087858, -0.121489, 0.042605, -0.911636, 0.408788, 0.048607, 0.11516, -0.401953, -0.90839, 0.004531, 0.0, 0.0, 0.0, 1.0],
                [0.990767, 0.094447, 0.097243, -0.121489, 0.063616, -0.957393, 0.281702, 0.048607, 0.119705, -0.272916, -0.954561, 0.004531, 0.0, 0.0, 0.0, 1.0],
                [0.990863, 0.09812, 0.092512, -0.121489, 0.077139, -0.975087, 0.207987, 0.048607, 0.110615, -0.198951, -0.973746, 0.004531, 0.0, 0.0, 0.0, 1.0],
                [0.991246, 0.099588, 0.086648, -0.121489, 0.084529, -0.983029, 0.162827, 0.048607, 0.101392, -0.154078, -0.982842, 0.004531, 0.0, 0.0, 0.0, 1.0],
                [0.992586, 0.099997, 0.069055, -0.121489, 0.095567, -0.993318, 0.06473, 0.048607, 0.075066, -0.057651, -0.99551, 0.004531, 0.0, 0.0, 0.0, 1.0],
                [0.99491, 0.094917, 0.033752, -0.121489, 0.09691, -0.993278, -0.063339, 0.048607, 0.027512, 0.066289, -0.99742, 0.004531, 0.0, 0.0, 0.0, 1.0],
                [0.996233, 0.086377, -0.007314, -0.121489, 0.084238, -0.984555, -0.153493, 0.048607, -0.020459, 0.1523, -0.988122, 0.004531, 0.0, 0.0, 0.0, 1.0],
                [0.996498, 0.07278, -0.041094, -0.121489, 0.063831, -0.980101, -0.187966, 0.048607, -0.053957, 0.184686, -0.981315, 0.004531, 0.0, 0.0, 0.0, 1.0],
                [0.995933, 0.048295, -0.076028, -0.121489, 0.033729, -0.982652, -0.182379, 0.048607, -0.083516, 0.179075, -0.980284, 0.004531, 0.0, 0.0, 0.0, 1.0],
                [0.996807, 0.014192, -0.078552, -0.121489, 0.001983, -0.988168, -0.153376, 0.048607, -0.079798, 0.152732, -0.98504, 0.004531, 0.0, 0.0, 0.0, 1.0],
                [0.996873, -0.039766, -0.068253, -0.121489, -0.042143, -0.998543, -0.033757, 0.048607, -0.066811, 0.036528, -0.997096, 0.004531, 0.0, 0.0, 0.0, 1.0],
                [0.992789, -0.102636, -0.061887, -0.121489, -0.090218, -0.979916, 0.177845, 0.048607, -0.078897, -0.17098, -0.98211, 0.004531, 0.0, 0.0, 0.0, 1.0],
                [0.992533, -0.112656, -0.046702, -0.121489, -0.088693, -0.929664, 0.357578, 0.048607, -0.0837, -0.350768, -0.932714, 0.004531, 0.0, 0.0, 0.0, 1.0],
                [0.992847, -0.114505, -0.033743, -0.121489, -0.087878, -0.892407, 0.442596, 0.048607, -0.080792, -0.436467, -0.896085, 0.004531, 0.0, 0.0, 0.0, 1.0]
            ]
        },
        {
            "name": "Leg_L",
            "time": [0.0, 0.0417, 0.0833, 0.125, 0.1667, 0.2083, 0.25, 0.2917, 0.3333, 0.375, 0.4167, 0.4583, 0.5, 0.5417, 0.5833, 0.625, 0.6667, 0.7083, 0.75, 0.7917, 0.8333, 0.875, 0.9167, 0.9583, 1.0, 1.0417],
            "transform": [
                [0.999997, 0.0, -1e-06, -0.0, 1e-06, 0.083446, 0.996512, 0.37472, 0.0, -0.996514, 0.083446, -0.0, 0.0, 0.0, 0.0, 1.0],
                [0.999997, 0.0, -0.0, 0.0, 0.0, 0.134713, 0.990885, 0.37472, 0.0, -0.990886, 0.134713, 0.0, 0.0, 0.0, 0.0, 1.0],
                [0.999997, 0.0, -1e-06, 0.0, 0.0, 0.348628, 0.937262, 0.37472, 0.0, -0.937262, 0.348628, -0.0, 0.0, 0.0, 0.0, 1.0],
                [0.999998, 0.0, -1e-06, 0.0, 0.0, 0.661697, 0.749773, 0.37472, 0.0, -0.749772, 0.661698, 0.0, 0.0, 0.0, 0.0, 1.0],
                [0.999998, -0.0, -1e-06, 0.0, 0.0, 0.844424, 0.535676, 0.37472, 1e-06, -0.535674, 0.844426, 0.0, 0.0, 0.0, 0.0, 1.0],
                [0.999998, -0.0, -1e-06, -0.0, 0.0, 0.944558, 0.328342, 0.37472, 1e-06, -0.328341, 0.944562, -0.0, 0.0, 0.0, 0.0, 1.0],
                [0.999997, -0.0, -1e-06, -0.0, 0.0, 0.958041, 0.286628, 0.37472, 1e-06, -0.286627, 0.958045, 0.0, 0.0, 0.0, 0.0, 1.0],
                [0.999998, -0.0, -1e-06, 0.0, 0.0, 0.850698, 0.525654, 0.37472, 1e-06, -0.525653, 0.8507, 0.0, 0.0, 0.0, 0.0, 1.0],
                [0.999997, 0.0, -1e-06, 0.0, 0.0, 0.693159, 0.720786, 0.37472, 0.0, -0.720785, 0.693159, -0.0, 0.0, 0.0, 0.0, 1.0],
                [0.999997, 0.0, -1e-06, 0.0, 0.0, 0.625739, 0.780034, 0.37472, 0.0, -0.780034, 0.625739, 0.0, 0.0, 0.0, 0.0, 1.0],
                [0.999998, 0.0, -1e-06, 0.0, 0.0, 0.613551, 0.789656, 0.37472, 0.0, -0.789656, 0.613551, -0.0, 0.0, 0.0, 0.0, 1.0],
                [0.999997, 0.0, -1e-06, 0.0, 0.0, 0.637338, 0.770585, 0.37472, 0.0, -0.770585, 0.637339, -0.0, 0.0, 0.0, 0.0, 1.0],
                [0.999998, 0.0, -1e-06, 0.0, 0.0, 0.710549, 0.703649, 0.37472, 0.0, -0.703648, 0.71055, -0.0, 0.0, 0.0, 0.0, 1.0],
                [0.999997, 0.0, -1e-06, 0.0, 0.0, 0.776957, 0.629555, 0.37472, 0.0, -0.629554, 0.776958, -0.0, 0.0, 0.0, 0.0, 1.0],
                [0.999997, 0.0, -1e-06, 0.0, 0.0, 0.807261, 0.590196, 0.37472, 1e-06, -0.590194, 0.807263, 0.0, 0.0, 0.0, 0.0, 1.0],
                [0.999998, 0.0, -1e-06, 0.0, 0.0, 0.824167, 0.566347, 0.37472, 1e-06, -0.566346, 0.824169, 0.0, 0.0, 0.0, 0.0, 1.0],
                [0.999997, -0.0, -1e-06, 0.0, 0.0, 0.859683, 0.510829, 0.37472, 1e-06, -0.510828, 0.859685, -0.0, 0.0, 0.0, 0.0, 1.0],
                [0.999998, -0.0, -1e-06, -0.0, 0.0, 0.895558, 0.444944, 0.37472, 1e-06, -0.444943, 0.895561, -0.0, 0.0, 0.0, 0.0, 1.0],
                [0.999998, -0.0, -1e-06, 0.0, 0.0, 0.90673, 0.421712, 0.37472, 1e-06, -0.421711, 0.906733, 0.0, 0.0, 0.0, 0.0, 1.0],
                [0.999997, -0.0, -1e-06, 0.0, 0.0, 0.875526, 0.483171, 0.37472, 1e-06, -0.48317, 0.875529, -0.0, 0.0, 0.0, 0.0, 1.0],
                [0.999997, 0.0, -1e-06, -0.0, 0.0, 0.820934, 0.571024, 0.37472, 1e-06, -0.571023, 0.820936, -0.0, 0.0, 0.0, 0.0, 1.0],
                [0.999997, 0.0, -1e-06, -0.0, 0.0, 0.711345, 0.702844, 0.37472, 0.0, -0.702843, 0.711346, 0.0, 0.0, 0.0, 0.0, 1.0],
                [0.999997, 0.0, -1e-06, 0.0, 0.0, 0.508323, 0.861167, 0.37472, 0.0, -0.861168, 0.508323, 0.0, 0.0, 0.0, 0.0, 1.0],
                [0.999997, 0.0, -1e-06, 0.0, 0.0, 0.292767, 0.956184, 0.37472, 0.0, -0.956185, 0.292767, -0.0, 0.0, 0.0, 0.0, 1.0],
                [0.999997, 0.0, -0.0, -0.0, 0.0, 0.155932, 0.987768, 0.37472, 0.0, -0.98777, 0.155931, -0.0, 0.0, 0.0, 0.0, 1.0],
                [0.999998, 0.0, -0.0, 0.0, 0.0, 0.087904, 0.996129, 0.37472, 0.0, -0.996131, 0.087903, 0.0, 0.0, 0.0, 0.0, 1.0]
            ]
        },
        {
            "name": "Knee_L",
            "time": [0.0, 1.0417],
            "transform": [
                [1.0, 0.0, -0.0, -0.0, -0.0, 1e-06, -1.0, 0.37472, -0.0, 1.0, 1e-06, -0.0, 0.0, 0.0, 0.0, 1.0],
                [1.0, 0.0, -0.0, 0.0, -0.0, 1e-06, -1.0, 0.37472, -0.0, 1.0, 1e-06, 0.0, 0.0, 0.0, 0.0, 1.0]
            ]
        },
        {
            "name": "Torso",
            "time": [0.0, 0.0417, 0.0833, 0.125, 0.1667, 0.2083, 0.25, 0.2917, 0.3333, 0.375, 0.4167, 0.4583, 0.5, 0.5417, 0.5833, 0.625, 0.6667, 0.7083, 0.75, 0.7917, 0.8333, 0.875, 0.9167, 0.9583, 1.0, 1.0417],
            "transform": [
                [0.997197, -0.0539, -0.051916, 0.0, 0.053326, 0.998499, -0.01238, 0.05, 0.052505, 0.009577, 0.998575, 0.0, 0.0, 0.0, 0.0, 1.0],
                [0.994429, -0.045914, -0.094904, 0.0, 0.044632, 0.998881, -0.015586, 0.05, 0.095514, 0.011264, 0.995365, 0.0, 0.0, 0.0, 0.0, 1.0],
                [0.986505, -0.034285, -0.160114, 0.0, 0.032997, 0.999397, -0.010698, 0.05, 0.160384, 0.005271, 0.987041, 0.0, 0.0, 0.0, 0.0, 1.0],
                [0.977329, -0.032798, -0.209178, 0.0, 0.033658, 0.999432, 0.000552, 0.05, 0.209041, -0.00758, 0.977877, 0.0, 0.0, 0.0, 0.0, 1.0],
                [0.972587, -0.036972, -0.229586, 0.0, 0.03989, 0.99917, 0.008079, 0.05, 0.229098, -0.017016, 0.973255, 0.0, 0.0, 0.0, 0.0, 1.0],
                [0.967213, -0.04234, -0.250419, 0.0, 0.046703, 0.998842, 0.011502, 0.05, 0.249642, -0.02282, 0.96807, 0.0, 0.0, 0.0, 0.0, 1.0],
                [0.957896, -0.051098, -0.282538, 0.0, 0.056244, 0.998365, 0.010128, 0.05, 0.281559, -0.025592, 0.959203, 0.0, 0.0, 0.0, 0.0, 1.0],
                [0.951536, -0.05149, -0.303202, 0.0, 0.052908, 0.998592, -0.00354, 0.05, 0.302958, -0.012674, 0.95292, 0.0, 0.0, 0.0, 0.0, 1.0],
                [0.946727, -0.037192, -0.319888, 0.0, 0.02802, 0.999054, -0.033231, 0.05, 0.320822, 0.022497, 0.946873, 0.0, 0.0, 0.0, 0.0, 1.0],
                [0.934856, -0.02058, -0.354435, 0.0, 0.004628, 0.998939, -0.045796, 0.05, 0.355002, 0.041173, 0.933959, 0.0, 0.0, 0.0, 0.0, 1.0],
                [0.927801, -0.016727, -0.372704, 0.0, -0.001871, 0.998772, -0.049483, 0.05, 0.373075, 0.046607, 0.92663, 0.0, 0.0, 0.0, 0.0, 1.0],
                [0.927857, -0.022083, -0.372286, 0.0, 0.003168, 0.998675, -0.051341, 0.05, 0.372927, 0.046457, 0.926697, 0.0, 0.0, 0.0, 0.0, 1.0],
                [0.938415, -0.031947, -0.344034, 0.0, 0.015962, 0.998661, -0.049197, 0.05, 0.345146, 0.040675, 0.937668, 0.0, 0.0, 0.0, 0.0, 1.0],
                [0.95152, -0.034883, -0.305607, 0.0, 0.027457, 0.999214, -0.028567, 0.05, 0.306364, 0.018791, 0.951729, 0.0, 0.0, 0.0, 0.0, 1.0],
                [0.95948, -0.031926, -0.279968, 0.0, 0.029819, 0.999485, -0.011784, 0.05, 0.280201, 0.002958, 0.959937, 0.0, 0.0, 0.0, 0.0, 1.0],
                [0.963427, -0.028891, -0.266414, 0.0, 0.029711, 0.999557, -0.000951, 0.05, 0.266324, -0.006999, 0.963859, 0.0, 0.0, 0.0, 0.0, 1.0],
                [0.970405, -0.018213, -0.240804, 0.0, 0.024315, 0.999453, 0.022393, 0.05, 0.240265, -0.027585, 0.970315, 0.0, 0.0, 0.0, 0.0, 1.0],
                [0.979898, 0.002654, -0.19949, 0.0, 0.008118, 0.998552, 0.053164, 0.05, 0.199342, -0.053715, 0.978457, 0.0, 0.0, 0.0, 0.0, 1.0],
                [0.987534, 0.017265, -0.156465, 0.0, -0.006359, 0.99753, 0.069938, 0.05, 0.157287, -0.068071, 0.985204, 0.0, 0.0, 0.0, 0.0, 1.0],
                [0.992902, 0.018006, -0.117573, 0.0, -0.009027, 0.997031, 0.076452, 0.05, 0.118601, -0.074848, 0.990117, 0.0, 0.0, 0.0, 0.0, 1.0],
                [0.997066, 0.008819, -0.076064, 0.0, -0.00331, 0.99738, 0.072248, 0.05, 0.076502, -0.071784, 0.994482, 0.0, 0.0, 0.0, 0.0, 1.0],
                [0.998165, -0.018338, -0.057733, 0.0, 0.021456, 0.998317, 0.053861, 0.05, 0.056648, -0.055001, 0.996878, 0.0, 0.0, 0.0, 0.0, 1.0],
                [0.997752, -0.050104, -0.04453, 0.0, 0.051397, 0.998274, 0.028365, 0.05, 0.043032, -0.03059, 0.998605, 0.0, 0.0, 0.0, 0.0, 1.0],
                [0.997498, -0.0679, -0.019778, 0.0, 0.068066, 0.997649, 0.007815, 0.05, 0.0192, -0.009142, 0.999774, 0.0, 0.0, 0.0, 0.0, 1.0],
                [0.997804, -0.061575, -0.024482, 0.0, 0.061469, 0.998095, -0.005089, 0.05, 0.024748, 0.003573, 0.999688, 0.0, 0.0, 0.0, 0.0, 1.0],
                [0.997916, -0.056325, -0.031536, 0.0, 0.056046, 0.99838, -0.009678, 0.05, 0.03203, 0.007891, 0.999456, 0.0, 0.0, 0.0, 0.0, 1.0]
            ]
        },
        {
            "name": "Chest",
            "time": [0.0, 0.0417, 0.0833, 0.125, 0.1667, 0.2083, 0.25, 0.2917, 0.3333, 0.375, 0.4167, 0.4583, 0.5, 0.5417, 0.5833, 0.625, 0.6667, 0.7083, 0.75, 0.7917, 0.8333, 0.875, 0.9167, 0.9583, 1.0, 1.0417],
            "transform": [
                [0.948453, 0.001426, -0.316922, -0.0, 0.011803, 0.999136, 0.039819, 0.3, 0.316706, -0.041507, 0.947615, -0.0, 0.0, 0.0, 0.0, 1.0],
                [0.956073, -0.022536, -0.292267, 0.0, 0.033732, 0.998874, 0.033324, 0.3, 0.291188, -0.041718, 0.955755, 0.0, 0.0, 0.0, 0.0, 1.0],
                [0.964623, -0.055529, -0.257726, 0.0, 0.063862, 0.997667, 0.02407, 0.3, 0.255789, -0.039677, 0.965917, 0.0, 0.0, 0.0, 0.0, 1.0],
                [0.969745, -0.072877, -0.232999, 0.0, 0.079311, 0.99668, 0.018353, 0.3, 0.230889, -0.036277, 0.972303, 0.0, 0.0, 0.0, 0.0, 1.0],
                [0.970982, -0.077753, -0.226172, -0.0, 0.082594, 0.99651, 0.012008, 0.3, 0.224449, -0.03034, 0.974013, 0.0, 0.0, 0.0, 0.0, 1.0],
                [0.971758, -0.080132, -0.221969, 0.0, 0.083436, 0.996496, 0.005533, 0.3, 0.220749, -0.023897, 0.975037, -0.0, 0.0, 0.0, 0.0, 1.0],
                [0.972724, -0.079029, -0.2181, -0.0, 0.080617, 0.996743, -0.001621, 0.3, 0.217518, -0.016006, 0.975924, 0.0, 0.0, 0.0, 0.0, 1.0],
                [0.972586, -0.079382, -0.218587, -0.0, 0.080765, 0.996729, -0.002619, 0.3, 0.218081, -0.015107, 0.975813, 0.0, 0.0, 0.0, 0.0, 1.0],
                [0.970771, -0.087068, -0.223669, -0.0, 0.090194, 0.995916, 0.003776, 0.3, 0.222428, -0.023839, 0.974657, 0.0, 0.0, 0.0, 0.0, 1.0],
                [0.970455, -0.090709, -0.223592, 0.0, 0.094521, 0.995501, 0.00638, 0.3, 0.222009, -0.027325, 0.974661, -0.0, 0.0, 0.0, 0.0, 1.0],
                [0.969222, -0.086899, -0.230353, 0.0, 0.091763, 0.995725, 0.010466, 0.3, 0.22846, -0.031282, 0.97305, -0.0, 0.0, 0.0, 0.0, 1.0],
                [0.965802, -0.07465, -0.24831, -0.0, 0.081134, 0.996574, 0.015967, 0.3, 0.246269, -0.035567, 0.968548, -0.0, 0.0, 0.0, 0.0, 1.0],
                [0.956093, -0.051556, -0.288501, -0.0, 0.060423, 0.997931, 0.021907, 0.3, 0.286776, -0.038377, 0.957228, 0.0, 0.0, 0.0, 0.0, 1.0],
                [0.945219, -0.027203, -0.325307, 0.0, 0.035285, 0.999196, 0.018968, 0.3, 0.324531, -0.029408, 0.945418, -0.0, 0.0, 0.0, 0.0, 1.0],
                [0.938696, -0.013945, -0.34447, 0.0, 0.021221, 0.999623, 0.017361, 0.3, 0.344099, -0.023607, 0.938636, 0.0, 0.0, 0.0, 0.0, 1.0],
                [0.935599, -0.006817, -0.353004, 0.0, 0.013578, 0.999768, 0.01668, 0.3, 0.35281, -0.020399, 0.935473, -0.0, 0.0, 0.0, 0.0, 1.0],
                [0.929993, 0.004047, -0.367561, 0.0, 0.000707, 0.999917, 0.012798, 0.3, 0.367584, -0.012162, 0.92991, -0.0, 0.0, 0.0, 0.0, 1.0],
                [0.922058, 0.010133, -0.386923, -0.0, -0.011383, 0.999934, -0.000939, 0.3, 0.38689, 0.00527, 0.92211, -0.0, 0.0, 0.0, 0.0, 1.0],
                [0.915671, 0.011761, -0.401761, -0.0, -0.016244, 0.999837, -0.007754, 0.3, 0.401606, 0.013626, 0.915711, -0.0, 0.0, 0.0, 0.0, 1.0],
                [0.9096, 0.021876, -0.414914, -0.0, -0.026017, 0.999651, -0.004329, 0.3, 0.414676, 0.014733, 0.909849, 0.0, 0.0, 0.0, 0.0, 1.0],
                [0.905255, 0.032989, -0.423591, -0.0, -0.036293, 0.99934, 0.000269, 0.3, 0.423322, 0.01513, 0.905853, 0.0, 0.0, 0.0, 0.0, 1.0],
                [0.908766, 0.049725, -0.414338, -0.0, -0.048893, 0.998723, 0.01262, 0.3, 0.414438, 0.00879, 0.910035, 0.0, 0.0, 0.0, 0.0, 1.0],
                [0.914923, 0.05983, -0.399175, -0.0, -0.051068, 0.998163, 0.032561, 0.3, 0.400391, -0.009405, 0.916296, -0.0, 0.0, 0.0, 0.0, 1.0],
                [0.925994, 0.05077, -0.374114, 0.0, -0.036594, 0.998319, 0.044905, 0.3, 0.375766, -0.027891, 0.926294, -0.0, 0.0, 0.0, 0.0, 1.0],
                [0.937984, 0.026206, -0.345692, -0.0, -0.011368, 0.998926, 0.044882, 0.3, 0.346499, -0.038168, 0.937273, 0.0, 0.0, 0.0, 0.0, 1.0],
                [0.943966, 0.010871, -0.329869, -0.0, 0.003137, 0.999115, 0.041904, 0.3, 0.330034, -0.040591, 0.943096, -0.0, 0.0, 0.0, 0.0, 1.0]
            ]
        },
        {
            "name": "Head",
            "time": [0.0, 0.0417, 0.0833, 0.125, 0.1667, 0.2083, 0.25, 0.2917, 0.3333, 0.375, 0.4167, 0.4583, 0.5, 0.5417, 0.5833, 0.625, 0.6667, 0.7083, 0.75, 0.7917, 0.8333, 0.875, 0.9167, 0.9583, 1.0, 1.0417],
            "transform": [
                [0.93385, -0.032332, 0.356197, 0.0, -0.028187, 0.986154, 0.163413, 0.4, -0.356548, -0.162643, 0.920012, -0.0, 0.0, 0.0, 0.0, 1.0],
                [0.928463, -0.028405, 0.370334, -0.0, -0.040193, 0.983531, 0.176207, 0.4, -0.36924, -0.178486, 0.912035, -0.0, 0.0, 0.0, 0.0, 1.0],
                [0.918539, -0.011818, 0.395152, 0.0, -0.057417, 0.984965, 0.162926, 0.4, -0.391136, -0.172342, 0.904054, 0.0, 0.0, 0.0, 0.0, 1.0],
                [0.908331, 0.008861, 0.418158, -0.0, -0.070743, 0.988624, 0.13272, 0.4, -0.412225, -0.150135, 0.898628, -0.0, 0.0, 0.0, 0.0, 1.0],
                [0.90296, 0.020288, 0.429245, -0.0, -0.080122, 0.989315, 0.121788, 0.4, -0.422187, -0.144361, 0.894941, 0.0, 0.0, 0.0, 0.0, 1.0],
                [0.897141, 0.031118, 0.440646, 0.0, -0.090995, 0.98914, 0.11541, 0.4, -0.432269, -0.143635, 0.890233, -0.0, 0.0, 0.0, 0.0, 1.0],
                [0.888526, 0.046277, 0.456485, -0.0, -0.105681, 0.98879, 0.105462, 0.4, -0.446487, -0.141947, 0.88346, 0.0, 0.0, 0.0, 0.0, 1.0],
                [0.884754, 0.053755, 0.462947, -0.0, -0.113342, 0.98832, 0.101853, 0.4, -0.452065, -0.142586, 0.880516, 0.0, 0.0, 0.0, 0.0, 1.0],
                [0.884618, 0.040696, 0.464537, 0.0, -0.110772, 0.986007, 0.124564, 0.4, -0.452967, -0.161649, 0.876751, 0.0, 0.0, 0.0, 0.0, 1.0],
                [0.876569, 0.016742, 0.480983, 0.0, -0.095636, 0.985522, 0.139988, 0.4, -0.471676, -0.168708, 0.865483, -0.0, 0.0, 0.0, 0.0, 1.0],
                [0.869516, 0.001685, 0.493901, 0.0, -0.086136, 0.985185, 0.148282, 0.4, -0.486334, -0.171476, 0.856783, 0.0, 0.0, 0.0, 0.0, 1.0],
                [0.867694, -0.005509, 0.497068, -0.0, -0.084366, 0.983799, 0.158175, 0.4, -0.489886, -0.179182, 0.853175, -0.0, 0.0, 0.0, 0.0, 1.0],
                [0.877863, -0.007478, 0.478852, 0.0, -0.086352, 0.981017, 0.173627, 0.4, -0.47106, -0.19377, 0.860556, 0.0, 0.0, 0.0, 0.0, 1.0],
                [0.8927, 0.00563, 0.450616, -0.0, -0.088223, 0.982756, 0.162498, 0.4, -0.44193, -0.184816, 0.877806, 0.0, 0.0, 0.0, 0.0, 1.0],
                [0.898691, 0.013876, 0.438362, 0.0, -0.085653, 0.985805, 0.144393, 0.4, -0.430135, -0.167311, 0.887126, -0.0, 0.0, 0.0, 0.0, 1.0],
                [0.89917, 0.01525, 0.437333, 0.0, -0.082043, 0.987544, 0.134247, 0.4, -0.429838, -0.15659, 0.889225, -0.0, 0.0, 0.0, 0.0, 1.0],
                [0.898257, 0.007236, 0.43941, 0.0, -0.066292, 0.990653, 0.119205, 0.4, -0.43444, -0.136205, 0.890344, 0.0, 0.0, 0.0, 0.0, 1.0],
                [0.900088, -0.008263, 0.435629, 0.0, -0.045209, 0.992651, 0.112239, 0.4, -0.433354, -0.120719, 0.893103, 0.0, 0.0, 0.0, 0.0, 1.0],
                [0.906192, -0.011095, 0.42272, 0.0, -0.032411, 0.994892, 0.095592, 0.4, -0.421621, -0.100325, 0.901206, 0.0, 0.0, 0.0, 0.0, 1.0],
                [0.912069, -0.013155, 0.409824, -0.0, -0.018931, 0.997067, 0.074137, 0.4, -0.409597, -0.075376, 0.909149, -0.0, 0.0, 0.0, 0.0, 1.0],
                [0.920293, -0.014003, 0.390978, 0.0, -0.013607, 0.997608, 0.067757, 0.4, -0.390991, -0.067676, 0.917904, -0.0, 0.0, 0.0, 0.0, 1.0],
                [0.92464, -0.014394, 0.380568, 0.0, -0.01692, 0.996745, 0.078809, 0.4, -0.380463, -0.079309, 0.921391, 0.0, 0.0, 0.0, 0.0, 1.0],
                [0.92848, -0.013629, 0.37113, 0.0, -0.025482, 0.994632, 0.100276, 0.4, -0.370504, -0.102561, 0.923153, -0.0, 0.0, 0.0, 0.0, 1.0],
                [0.936892, -0.016235, 0.34924, 0.0, -0.030757, 0.99122, 0.128587, 0.4, -0.34826, -0.131214, 0.92817, 0.0, 0.0, 0.0, 0.0, 1.0],
                [0.936933, -0.026975, 0.348466, 0.0, -0.025963, 0.988889, 0.14636, 0.4, -0.348542, -0.146177, 0.925826, 0.0, 0.0, 0.0, 0.0, 1.0],
                [0.936314, -0.032375, 0.349665, 0.0, -0.023027, 0.987936, 0.153132, 0.4, -0.350404, -0.151432, 0.924277, 0.0, 0.0, 0.0, 0.0, 1.0]
            ]
        },
        {
            "name": "Shoulder_R",
            "time": [0.0, 0.0417, 0.0833, 0.125, 0.1667, 0.2083, 0.25, 0.2917, 0.3333, 0.375, 0.4167, 0.4583, 0.5, 0.5417, 0.5833, 0.625, 0.6667, 0.7083, 0.75, 0.7917, 0.8333, 0.875, 0.9167, 0.9583, 1.0, 1.0417],
            "transform": [
                [0.301302, 0.84788, -0.436268, 0.0, 0.70526, -0.506085, -0.496465, 0.4, -0.641708, -0.158099, -0.750474, -0.0, 0.0, 0.0, 0.0, 1.0],
                [0.275565, 0.843374, -0.4613, -0.0, 0.707255, -0.502881, -0.496883, 0.4, -0.651013, -0.189336, -0.735071, -0.0, 0.0, 0.0, 0.0, 1.0],
                [0.239427, 0.833997, -0.497129, 0.0, 0.709266, -0.499897, -0.497027, 0.4, -0.663008, -0.233599, -0.711228, 0.0, 0.0, 0.0, 0.0, 1.0],
                [0.219644, 0.824583, -0.521378, -0.0, 0.710142, -0.501573, -0.49408, 0.4, -0.668895, -0.261735, -0.695751, -0.0, 0.0, 0.0, 0.0, 1.0],
                [0.217272, 0.820685, -0.528472, -0.0, 0.712331, -0.503466, -0.488975, 0.4, -0.667339, -0.270211, -0.694001, 0.0, 0.0, 0.0, 0.0, 1.0],
                [0.216672, 0.817948, -0.532944, 0.0, 0.714863, -0.504711, -0.483971, 0.4, -0.664822, -0.276123, -0.69409, -0.0, 0.0, 0.0, 0.0, 1.0],
                [0.218157, 0.814273, -0.537942, -0.0, 0.717492, -0.507464, -0.477153, 0.4, -0.661495, -0.28188, -0.694954, 0.0, 0.0, 0.0, 0.0, 1.0],
                [0.220672, 0.813082, -0.538717, -0.0, 0.716907, -0.509715, -0.475632, 0.4, -0.661296, -0.281256, -0.695396, 0.0, 0.0, 0.0, 0.0, 1.0],
                [0.222418, 0.817019, -0.532001, 0.0, 0.714215, -0.507975, -0.481507, 0.4, -0.663619, -0.272872, -0.696523, 0.0, 0.0, 0.0, 0.0, 1.0],
                [0.222821, 0.820445, -0.526532, 0.0, 0.716183, -0.504199, -0.482551, 0.4, -0.661359, -0.269575, -0.699948, -0.0, 0.0, 0.0, 0.0, 1.0],
                [0.228806, 0.824022, -0.518314, 0.0, 0.715215, -0.503493, -0.484718, 0.4, -0.660362, -0.259804, -0.704569, 0.0, 0.0, 0.0, 0.0, 1.0],
                [0.243033, 0.829785, -0.502401, -0.0, 0.713768, -0.5037, -0.486633, 0.4, -0.656836, -0.240334, -0.714704, -0.0, 0.0, 0.0, 0.0, 1.0],
                [0.271591, 0.842214, -0.465753, 0.0, 0.713473, -0.500984, -0.489859, 0.4, -0.645878, -0.199264, -0.736974, 0.0, 0.0, 0.0, 0.0, 1.0],
                [0.299559, 0.852399, -0.428594, -0.0, 0.716923, -0.497512, -0.488358, 0.4, -0.629483, -0.160979, -0.760153, 0.0, 0.0, 0.0, 0.0, 1.0],
                [0.314478, 0.857499, -0.407199, 0.0, 0.718851, -0.49528, -0.487791, 0.4, -0.619936, -0.139319, -0.772183, -0.0, 0.0, 0.0, 0.0, 1.0],
                [0.321776, 0.860206, -0.395623, 0.0, 0.719824, -0.493698, -0.487961, 0.4, -0.615043, -0.127767, -0.778072, -0.0, 0.0, 0.0, 0.0, 1.0],
                [0.333827, 0.86548, -0.373516, 0.0, 0.722909, -0.489357, -0.487772, 0.4, -0.604918, -0.107188, -0.789039, 0.0, 0.0, 0.0, 0.0, 1.0],
                [0.346565, 0.873107, -0.34291, 0.0, 0.731151, -0.480451, -0.484329, 0.4, -0.587601, -0.082869, -0.804896, 0.0, 0.0, 0.0, 0.0, 1.0],
                [0.355623, 0.879713, -0.315668, 0.0, 0.736448, -0.471716, -0.484888, 0.4, -0.575448, -0.060037, -0.815632, 0.0, 0.0, 0.0, 0.0, 1.0],
                [0.367042, 0.880894, -0.298855, -0.0, 0.735738, -0.471512, -0.486163, 0.4, -0.569151, -0.041438, -0.821189, -0.0, 0.0, 0.0, 0.0, 1.0],
                [0.37553, 0.878703, -0.294732, 0.0, 0.734327, -0.476119, -0.483801, 0.4, -0.565425, -0.034748, -0.824069, -0.0, 0.0, 0.0, 0.0, 1.0],
                [0.380236, 0.871028, -0.31103, 0.0, 0.724915, -0.489519, -0.484623, 0.4, -0.574354, -0.0412, -0.81757, 0.0, 0.0, 0.0, 0.0, 1.0],
                [0.376045, 0.86208, -0.339732, 0.0, 0.712953, -0.503384, -0.488153, 0.4, -0.591821, -0.058646, -0.803933, -0.0, 0.0, 0.0, 0.0, 1.0],
                [0.356306, 0.853856, -0.379454, 0.0, 0.704542, -0.512265, -0.491116, 0.4, -0.613702, -0.092355, -0.784116, 0.0, 0.0, 0.0, 0.0, 1.0],
                [0.328476, 0.850684, -0.41043, 0.0, 0.703615, -0.510283, -0.494499, 0.4, -0.630075, -0.126355, -0.766184, 0.0, 0.0, 0.0, 0.0, 1.0],
                [0.312529, 0.849657, -0.424758, 0.0, 0.704884, -0.507186, -0.495875, 0.4, -0.636733, -0.144432, -0.757435, 0.0, 0.0, 0.0, 0.0, 1.0]
            ]
        },
        {
            "name": "Arm_R",
            "time": [0.0, 0.0417, 0.0833, 0.125, 0.1667, 0.2083, 0.25, 0.2917, 0.3333, 0.375, 0.4167, 0.4583, 0.5, 0.5417, 0.5833, 0.625, 0.6667, 0.7083, 0.75, 0.7917, 0.8333, 0.875, 0.9167, 0.9583, 1.0, 1.0417],
            "transform": [
                [0.673466, -0.682649, 0.290304, -0.0, 0.690157, 0.721633, 0.089444, 0.393861, -0.271525, 0.141051, 0.947391, -0.0, 0.0, 0.0, 0.0, 1.0],
                [0.671958, -0.678832, 0.302301, 0.0, 0.692192, 0.721329, 0.075201, 0.393861, -0.270075, 0.159775, 0.944874, 0.0, 0.0, 0.0, 0.0, 1.0],
                [0.678564, -0.672755, 0.301105, -0.0, 0.68598, 0.727441, 0.07344, 0.39386, -0.269409, 0.157761, 0.945394, -0.0, 0.0, 0.0, 0.0, 1.0],
                [0.685912, -0.665815, 0.29985, -0.0, 0.676661, 0.735525, 0.079291, 0.393861, -0.274324, 0.149499, 0.94532, 0.0, 0.0, 0.0, 0.0, 1.0],
                [0.690998, -0.658833, 0.303477, -0.0, 0.672169, 0.740483, 0.07119, 0.393861, -0.272599, 0.155826, 0.944807, 0.0, 0.0, 0.0, 0.0, 1.0],
                [0.694151, -0.65204, 0.310717, -0.0, 0.669379, 0.743994, 0.06028, 0.393861, -0.27145, 0.16725, 0.943212, -0.0, 0.0, 0.0, 0.0, 1.0],
                [0.703913, -0.645506, 0.302358, 0.0, 0.658398, 0.753003, 0.06895, 0.393861, -0.273163, 0.151539, 0.945332, 0.0, 0.0, 0.0, 0.0, 1.0],
                [0.718792, -0.642416, 0.272869, -0.0, 0.643947, 0.762849, 0.09295, 0.39386, -0.268835, 0.109626, 0.952223, 0.0, 0.0, 0.0, 0.0, 1.0],
                [0.728718, -0.642037, 0.246507, 0.0, 0.640849, 0.765561, 0.09214, 0.393861, -0.248766, 0.091434, 0.959464, 0.0, 0.0, 0.0, 0.0, 1.0],
                [0.726031, -0.636669, 0.267151, 0.0, 0.645474, 0.764752, 0.061961, 0.39386, -0.244631, 0.128301, 0.956356, -0.0, 0.0, 0.0, 0.0, 1.0],
                [0.722721, -0.631932, 0.286369, -0.0, 0.648381, 0.763608, 0.043006, 0.39386, -0.246735, 0.155623, 0.951825, 0.0, 0.0, 0.0, 0.0, 1.0],
                [0.717283, -0.632938, 0.297456, 0.0, 0.653601, 0.759561, 0.034749, 0.39386, -0.248823, 0.17062, 0.948757, -0.0, 0.0, 0.0, 0.0, 1.0],
                [0.703465, -0.650262, 0.293231, 0.0, 0.665868, 0.74759, 0.05462, 0.39386, -0.255651, 0.157874, 0.949136, -0.0, 0.0, 0.0, 0.0, 1.0],
                [0.691544, -0.666055, 0.286259, 0.0, 0.675763, 0.736759, 0.075496, 0.39386, -0.262128, 0.142175, 0.949833, 0.0, 0.0, 0.0, 0.0, 1.0],
                [0.686629, -0.669749, 0.289436, 0.0, 0.680861, 0.732281, 0.073115, 0.393861, -0.261856, 0.14784, 0.949056, 0.0, 0.0, 0.0, 0.0, 1.0],
                [0.681897, -0.672279, 0.294653, -0.0, 0.684946, 0.728635, 0.071278, 0.393861, -0.263558, 0.154237, 0.94759, -0.0, 0.0, 0.0, 0.0, 1.0],
                [0.673409, -0.674832, 0.307873, -0.0, 0.691262, 0.723035, 0.06709, 0.39386, -0.268841, 0.168758, 0.943685, -0.0, 0.0, 0.0, 0.0, 1.0],
                [0.666062, -0.674654, 0.323617, 0.0, 0.695665, 0.719235, 0.062186, 0.393861, -0.275699, 0.184933, 0.93874, -0.0, 0.0, 0.0, 0.0, 1.0],
