{
    "animation": [
        {
            "name": "Root",
            "time": [0.0, 0.0167, 0.0333, 0.05, 0.0667, 0.0833, 0.1, 0.1167, 0.1333, 0.15, 0.1667, 0.1833, 0.2, 0.2167, 0.2333, 0.25, 0.2667, 0.2833, 0.3, 0.3167, 0.3333, 0.35, 0.3667, 0.3833, 0.4, 0.4167, 0.4333, 0.45, 0.4667, 0.4833, 0.5, 0.5167, 0.5333, 0.55, 0.5667, 0.5833, 0.6, 0.6167, 0.6333, 0.65, 0.6667, 0.6833, 0.7, 0.7167, 0.7333, 0.75, 0.7667, 0.7833, 0.8, 0.8167, 0.8333, 0.85, 0.8667, 0.8833, 0.9, 0.9167, 0.9333, 0.95, 0.9667, 0.9833, 1.0, 1.0167, 1.0333, 1.05, 1.0667, 1.0833, 1.1, 1.1167, 1.1333, 1.15, 1.1667, 1.1833, 1.2, 1.2167, 1.2333, 1.25, 1.2667, 1.2833, 1.3, 1.3167, 1.3333, 1.35, 1.3667, 1.3833, 1.4, 1.4167, 1.4333, 1.45, 1.4667, 1.4833, 1.5, 1.5167, 1.5333, 1.55, 1.5667, 1.5833, 1.6],
            "transform": [
                [0.990537, -0.004667, -0.137166, 0.010134, -0.136425, 0.075614, -0.98776, -0.003255, 0.014981, 0.997126, 0.074262, 0.7257, 0.0, 0.0, 0.0, 1.0],
                [0.989737, -0.004253, -0.142839, 0.010134, -0.142197, 0.069864, -0.98737, -0.003255, 0.014179, 0.997547, 0.068542, 0.726351, 0.0, 0.0, 0.0, 1.0],
                [0.988903, -0.003873, -0.148511, 0.010134, -0.147961, 0.064108, -0.986913, -0.003255, 0.013343, 0.997935, 0.062823, 0.727002, 0.0, 0.0, 0.0, 1.0],
                [0.988036, -0.003525, -0.154182, 0.010134, -0.153717, 0.058346, -0.986391, -0.003255, 0.012473, 0.99829, 0.057106, 0.727653, 0.0, 0.0, 0.0, 1.0],
                [0.987136, -0.003211, -0.159851, 0.010134, -0.159464, 0.052579, -0.985803, -0.003255, 0.01157, 0.998612, 0.05139, 0.728304, 0.0, 0.0, 0.0, 1.0],
                [0.986203, -0.002929, -0.165517, 0.010134, -0.165201, 0.046807, -0.985149, -0.003255, 0.010633, 0.9989, 0.045677, 0.728955, 0.0, 0.0, 0.0, 1.0],
                [0.985236, -0.002681, -0.17118, 0.010134, -0.170928, 0.041032, -0.984429, -0.003255, 0.009663, 0.999154, 0.039967, 0.729606, 0.0, 0.0, 0.0, 1.0],
                [0.984237, -0.002466, -0.176839, 0.010134, -0.176644, 0.035253, -0.983643, -0.003255, 0.00866, 0.999375, 0.034261, 0.730257, 0.0, 0.0, 0.0, 1.0],
                [0.983204, -0.002284, -0.182493, 0.010134, -0.182348, 0.029471, -0.982792, -0.003255, 0.007623, 0.999563, 0.02856, 0.730908, 0.0, 0.0, 0.0, 1.0],
                [0.982139, -0.002136, -0.188143, 0.010134, -0.188041, 0.023688, -0.981875, -0.003255, 0.006554, 0.999717, 0.022863, 0.731559, 0.0, 0.0, 0.0, 1.0],
                [0.981041, -0.002021, -0.193788, 0.010134, -0.193721, 0.017903, -0.980893, -0.003255, 0.005451, 0.999838, 0.017172, 0.73221, 0.0, 0.0, 0.0, 1.0],
                [0.979911, -0.001939, -0.199426, 0.010134, -0.199389, 0.012116, -0.979846, -0.003255, 0.004316, 0.999925, 0.011486, 0.732861, 0.0, 0.0, 0.0, 1.0],
                [0.978748, -0.00189, -0.205058, 0.010134, -0.205042, 0.00633, -0.978733, -0.003255, 0.003148, 0.999978, 0.005808, 0.733512, 0.0, 0.0, 0.0, 1.0],
                [0.977553, -0.001848, -0.210682, 0.010134, -0.210654, 0.009973, -0.97751, -0.003255, 0.003907, 0.999949, 0.00936, 0.732861, 0.0, 0.0, 0.0, 1.0],
                [0.976325, -0.001784, -0.2163, 0.010134, -0.216257, 0.013616, -0.976242, -0.003255, 0.004687, 0.999906, 0.012907, 0.73221, 0.0, 0.0, 0.0, 1.0],
                [0.975066, -0.0017, -0.22191, 0.010134, -0.221849, 0.017258, -0.974928, -0.003255, 0.005487, 0.99985, 0.01645, 0.731559, 0.0, 0.0, 0.0, 1.0],
                [0.973774, -0.001595, -0.227513, 0.010134, -0.227431, 0.020899, -0.97357, -0.003255, 0.006307, 0.99978, 0.019988, 0.730908, 0.0, 0.0, 0.0, 1.0],
                [0.97245, -0.001468, -0.233107, 0.010134, -0.233002, 0.024539, -0.972167, -0.003255, 0.007148, 0.999698, 0.023521, 0.730257, 0.0, 0.0, 0.0, 1.0],
                [0.971094, -0.001321, -0.238693, 0.010134, -0.238562, 0.028177, -0.970718, -0.003255, 0.008008, 0.999602, 0.027048, 0.729606, 0.0, 0.0, 0.0, 1.0],
                [0.969707, -0.001153, -0.244269, 0.010134, -0.24411, 0.031814, -0.969225, -0.003255, 0.008889, 0.999493, 0.030569, 0.728955, 0.0, 0.0, 0.0, 1.0],
                [0.968288, -0.000964, -0.249836, 0.010134, -0.249646, 0.035449, -0.967688, -0.003255, 0.00979, 0.999371, 0.034085, 0.728304, 0.0, 0.0, 0.0, 1.0],
                [0.966837, -0.000754, -0.255394, 0.010134, -0.25517, 0.039082, -0.966106, -0.003255, 0.01071, 0.999236, 0.037594, 0.727653, 0.0, 0.0, 0.0, 1.0],
                [0.965355, -0.000524, -0.260941, 0.010134, -0.260681, 0.042713, -0.96448, -0.003255, 0.011651, 0.999087, 0.041097, 0.727002, 0.0, 0.0, 0.0, 1.0],
                [0.963841, -0.000272, -0.266478, 0.010134, -0.266179, 0.046341, -0.962809, -0.003255, 0.012611, 0.998926, 0.044593, 0.726351, 0.0, 0.0, 0.0, 1.0],
                [0.962296, -0.0, -0.272003, 0.010134, -0.271664, 0.049966, -0.961094, -0.003255, 0.013591, 0.998751, 0.048082, 0.7257, 0.0, 0.0, 0.0, 1.0],
                [0.963807, -0.000249, -0.266601, 0.010134, -0.266297, 0.046864, -0.962751, -0.003255, 0.012734, 0.998901, 0.045102, 0.726351, 0.0, 0.0, 0.0, 1.0],
                [0.965288, -0.000481, -0.261188, 0.010134, -0.260917, 0.04376, -0.964369, -0.003255, 0.011893, 0.999042, 0.042116, 0.727002, 0.0, 0.0, 0.0, 1.0],
                [0.966739, -0.000695, -0.255765, 0.010134, -0.255526, 0.040654, -0.965947, -0.003255, 0.011069, 0.999173, 0.039124, 0.727653, 0.0, 0.0, 0.0, 1.0],
                [0.968159, -0.000892, -0.250333, 0.010134, -0.250124, 0.037546, -0.967486, -0.003255, 0.010262, 0.999295, 0.036127, 0.728304, 0.0, 0.0, 0.0, 1.0],
                [0.96955, -0.001072, -0.244891, 0.010134, -0.24471, 0.034436, -0.968985, -0.003255, 0.009471, 0.999406, 0.033125, 0.728955, 0.0, 0.0, 0.0, 1.0],
                [0.97091, -0.001234, -0.23944, 0.010134, -0.239285, 0.031324, -0.970444, -0.003255, 0.008697, 0.999509, 0.030118, 0.729606, 0.0, 0.0, 0.0, 1.0],
                [0.97224, -0.001378, -0.233981, 0.010134, -0.23385, 0.028211, -0.971863, -0.003255, 0.00794, 0.999601, 0.027105, 0.730257, 0.0, 0.0, 0.0, 1.0],
                [0.97354, -0.001505, -0.228514, 0.010134, -0.228405, 0.025096, -0.973243, -0.003255, 0.0072, 0.999684, 0.024088, 0.730908, 0.0, 0.0, 0.0, 1.0],
                [0.974808, -0.001615, -0.223038, 0.010134, -0.22295, 0.021981, -0.974582, -0.003255, 0.006476, 0.999757, 0.021067, 0.731559, 0.0, 0.0, 0.0, 1.0],
                [0.976046, -0.001707, -0.217556, 0.010134, -0.217486, 0.018864, -0.975881, -0.003255, 0.00577, 0.999821, 0.018041, 0.73221, 0.0, 0.0, 0.0, 1.0],
                [0.977254, -0.001781, -0.212065, 0.010134, -0.212012, 0.015747, -0.97714, -0.003255, 0.00508, 0.999874, 0.015011, 0.732861, 0.0, 0.0, 0.0, 1.0],
                [0.97843, -0.001838, -0.206568, 0.010134, -0.20653, 0.012629, -0.978359, -0.003255, 0.004407, 0.999919, 0.011977, 0.733512, 0.0, 0.0, 0.0, 1.0],
                [0.979628, -0.001904, -0.200813, 0.010134, -0.200748, 0.017891, -0.97948, -0.003255, 0.005458, 0.999838, 0.017144, 0.732861, 0.0, 0.0, 0.0, 1.0],
                [0.980791, -0.002001, -0.19505, 0.010134, -0.194953, 0.023152, -0.980539, -0.003255, 0.006478, 0.99973, 0.022317, 0.73221, 0.0, 0.0, 0.0, 1.0],
                [0.981921, -0.002129, -0.189281, 0.010134, -0.189146, 0.028411, -0.981538, -0.003255, 0.007467, 0.999594, 0.027495, 0.731559, 0.0, 0.0, 0.0, 1.0],
                [0.983016, -0.002287, -0.183506, 0.010134, -0.183327, 0.033669, -0.982475, -0.003255, 0.008426, 0.99943, 0.032678, 0.730908, 0.0, 0.0, 0.0, 1.0],
                [0.984077, -0.002477, -0.177726, 0.010134, -0.177497, 0.038925, -0.983351, -0.003255, 0.009354, 0.999239, 0.037866, 0.730257, 0.0, 0.0, 0.0, 1.0],
                [0.985103, -0.002697, -0.171942, 0.010134, -0.171657, 0.044178, -0.984166, -0.003255, 0.010251, 0.99902, 0.043057, 0.729606, 0.0, 0.0, 0.0, 1.0],
                [0.986096, -0.002949, -0.166153, 0.010134, -0.165807, 0.049429, -0.984919, -0.003255, 0.011117, 0.998773, 0.048252, 0.728955, 0.0, 0.0, 0.0, 1.0],
                [0.987053, -0.003231, -0.16036, 0.010134, -0.159947, 0.054675, -0.98561, -0.003255, 0.011952, 0.998499, 0.05345, 0.728304, 0.0, 0.0, 0.0, 1.0],
                [0.987976, -0.003544, -0.154565, 0.010134, -0.154078, 0.059917, -0.98624, -0.003255, 0.012756, 0.998197, 0.058651, 0.727653, 0.0, 0.0, 0.0, 1.0],
                [0.988865, -0.003887, -0.148767, 0.010134, -0.148202, 0.065155, -0.986808, -0.003255, 0.013529, 0.997868, 0.063853, 0.727002, 0.0, 0.0, 0.0, 1.0],
                [0.989718, -0.004262, -0.142967, 0.010134, -0.142317, 0.070387, -0.987315, -0.003255, 0.014271, 0.997511, 0.069057, 0.726351, 0.0, 0.0, 0.0, 1.0],
                [0.990537, -0.004667, -0.137166, 0.010134, -0.136425, 0.075614, -0.98776, -0.003255, 0.014981, 0.997126, 0.074262, 0.7257, 0.0, 0.0, 0.0, 1.0],
                [0.989736, -0.004301, -0.142842, 0.010134, -0.142175, 0.07137, -0.987265, -0.003255, 0.014441, 0.997441, 0.070026, 0.726351, 0.0, 0.0, 0.0, 1.0],
                [0.988902, -0.003959, -0.148516, 0.010134, -0.14792, 0.067121, -0.986719, -0.003255, 0.013875, 0.997737, 0.065791, 0.727002, 0.0, 0.0, 0.0, 1.0],
                [0.988035, -0.003642, -0.154188, 0.010134, -0.153658, 0.062869, -0.986122, -0.003255, 0.013285, 0.998015, 0.061557, 0.727653, 0.0, 0.0, 0.0, 1.0],
                [0.987134, -0.00335, -0.159857, 0.010134, -0.15939, 0.058612, -0.985474, -0.003255, 0.012671, 0.998275, 0.057325, 0.728304, 0.0, 0.0, 0.0, 1.0],
                [0.986201, -0.003081, -0.165523, 0.010134, -0.165114, 0.054353, -0.984776, -0.003255, 0.012031, 0.998517, 0.053094, 0.728955, 0.0, 0.0, 0.0, 1.0],
                [0.985235, -0.002838, -0.171186, 0.010134, -0.170831, 0.05009, -0.984026, -0.003255, 0.011367, 0.998741, 0.048866, 0.729606, 0.0, 0.0, 0.0, 1.0],
                [0.984235, -0.002618, -0.176844, 0.010134, -0.176541, 0.045825, -0.983226, -0.003255, 0.010678, 0.998946, 0.04464, 0.730257, 0.0, 0.0, 0.0, 1.0],
                [0.983203, -0.002424, -0.182497, 0.010134, -0.182241, 0.041557, -0.982375, -0.003255, 0.009965, 0.999133, 0.040417, 0.730908, 0.0, 0.0, 0.0, 1.0],
                [0.982138, -0.002253, -0.188146, 0.010134, -0.187933, 0.037287, -0.981474, -0.003255, 0.009227, 0.999302, 0.036198, 0.731559, 0.0, 0.0, 0.0, 1.0],
                [0.981041, -0.002108, -0.193789, 0.010134, -0.193616, 0.033016, -0.980522, -0.003255, 0.008465, 0.999453, 0.031982, 0.73221, 0.0, 0.0, 0.0, 1.0],
                [0.979911, -0.001987, -0.199427, 0.010134, -0.199289, 0.028743, -0.979519, -0.003255, 0.007678, 0.999585, 0.02777, 0.732861, 0.0, 0.0, 0.0, 1.0],
                [0.978748, -0.00189, -0.205058, 0.010134, -0.204951, 0.024469, -0.978466, -0.003255, 0.006867, 0.999699, 0.023562, 0.733512, 0.0, 0.0, 0.0, 1.0],
                [0.977553, -0.0018, -0.210682, 0.010134, -0.210561, 0.0266, -0.977219, -0.003255, 0.007363, 0.999644, 0.025624, 0.732861, 0.0, 0.0, 0.0, 1.0],
                [0.976326, -0.001697, -0.216299, 0.010134, -0.216162, 0.02873, -0.975935, -0.003255, 0.007871, 0.999586, 0.027683, 0.73221, 0.0, 0.0, 0.0, 1.0],
                [0.975066, -0.001583, -0.221908, 0.010134, -0.221755, 0.030859, -0.974614, -0.003255, 0.00839, 0.999523, 0.029739, 0.731559, 0.0, 0.0, 0.0, 1.0],
                [0.973775, -0.001455, -0.22751, 0.010134, -0.22734, 0.032987, -0.973257, -0.003255, 0.008922, 0.999455, 0.031791, 0.730908, 0.0, 0.0, 0.0, 1.0],
                [0.972451, -0.001316, -0.233104, 0.010134, -0.232915, 0.035115, -0.971863, -0.003255, 0.009465, 0.999382, 0.033841, 0.730257, 0.0, 0.0, 0.0, 1.0],
                [0.971096, -0.001165, -0.238689, 0.010134, -0.238481, 0.037241, -0.970433, -0.003255, 0.010019, 0.999306, 0.035886, 0.729606, 0.0, 0.0, 0.0, 1.0],
                [0.969708, -0.001001, -0.244265, 0.010134, -0.244037, 0.039365, -0.968967, -0.003255, 0.010586, 0.999224, 0.037929, 0.728955, 0.0, 0.0, 0.0, 1.0],
                [0.968289, -0.000825, -0.249832, 0.010134, -0.249584, 0.041489, -0.967464, -0.003255, 0.011164, 0.999139, 0.039967, 0.728304, 0.0, 0.0, 0.0, 1.0],
                [0.966838, -0.000637, -0.25539, 0.010134, -0.25512, 0.043611, -0.965925, -0.003255, 0.011753, 0.999048, 0.042002, 0.727653, 0.0, 0.0, 0.0, 1.0],
                [0.965356, -0.000437, -0.260938, 0.010134, -0.260646, 0.045731, -0.964351, -0.003255, 0.012354, 0.998954, 0.044033, 0.727002, 0.0, 0.0, 0.0, 1.0],
                [0.963841, -0.000224, -0.266476, 0.010134, -0.26616, 0.047849, -0.96274, -0.003255, 0.012967, 0.998855, 0.046059, 0.726351, 0.0, 0.0, 0.0, 1.0],
                [0.962296, -0.0, -0.272003, 0.010134, -0.271664, 0.049966, -0.961094, -0.003255, 0.013591, 0.998751, 0.048082, 0.7257, 0.0, 0.0, 0.0, 1.0],
                [0.963807, -0.000225, -0.2666, 0.010134, -0.266287, 0.047646, -0.962716, -0.003255, 0.012919, 0.998864, 0.045861, 0.726351, 0.0, 0.0, 0.0, 1.0],
                [0.965288, -0.000437, -0.261186, 0.010134, -0.260899, 0.045324, -0.964302, -0.003255, 0.012259, 0.998972, 0.043636, 0.727002, 0.0, 0.0, 0.0, 1.0],
                [0.966739, -0.000636, -0.255763, 0.010134, -0.2555, 0.043, -0.965852, -0.003255, 0.011612, 0.999075, 0.041407, 0.727653, 0.0, 0.0, 0.0, 1.0],
                [0.96816, -0.000822, -0.25033, 0.010134, -0.250091, 0.040674, -0.967368, -0.003255, 0.010977, 0.999172, 0.039174, 0.728304, 0.0, 0.0, 0.0, 1.0],
                [0.969551, -0.000995, -0.244889, 0.010134, -0.244672, 0.038347, -0.968847, -0.003255, 0.010354, 0.999264, 0.036936, 0.728955, 0.0, 0.0, 0.0, 1.0],
                [0.970911, -0.001154, -0.239438, 0.010134, -0.239243, 0.036019, -0.970291, -0.003255, 0.009744, 0.99935, 0.034695, 0.729606, 0.0, 0.0, 0.0, 1.0],
                [0.972241, -0.001301, -0.233979, 0.010134, -0.233804, 0.033689, -0.9717, -0.003255, 0.009147, 0.999431, 0.03245, 0.730257, 0.0, 0.0, 0.0, 1.0],
                [0.97354, -0.001435, -0.228512, 0.010134, -0.228356, 0.031358, -0.973072, -0.003255, 0.008562, 0.999507, 0.030201, 0.730908, 0.0, 0.0, 0.0, 1.0],
                [0.974809, -0.001555, -0.223037, 0.010134, -0.2229, 0.029026, -0.974409, -0.003255, 0.007989, 0.999577, 0.027948, 0.731559, 0.0, 0.0, 0.0, 1.0],
                [0.976047, -0.001663, -0.217555, 0.010134, -0.217434, 0.026693, -0.97571, -0.003255, 0.007429, 0.999642, 0.025692, 0.73221, 0.0, 0.0, 0.0, 1.0],
                [0.977254, -0.001757, -0.212065, 0.010134, -0.211961, 0.02436, -0.976975, -0.003255, 0.006882, 0.999702, 0.023433, 0.732861, 0.0, 0.0, 0.0, 1.0],
                [0.97843, -0.001838, -0.206568, 0.010134, -0.206479, 0.022025, -0.978203, -0.003255, 0.006348, 0.999756, 0.021171, 0.733512, 0.0, 0.0, 0.0, 1.0],
                [0.979628, -0.001929, -0.200813, 0.010134, -0.200693, 0.026503, -0.979296, -0.003255, 0.007212, 0.999647, 0.025576, 0.732861, 0.0, 0.0, 0.0, 1.0],
                [0.980791, -0.002047, -0.195051, 0.010134, -0.194895, 0.03098, -0.980335, -0.003255, 0.008049, 0.999518, 0.029986, 0.73221, 0.0, 0.0, 0.0, 1.0],
                [0.98192, -0.002191, -0.189282, 0.010134, -0.189088, 0.035456, -0.98132, -0.003255, 0.008861, 0.999369, 0.0344, 0.731559, 0.0, 0.0, 0.0, 1.0],
                [0.983015, -0.002361, -0.183508, 0.010134, -0.18327, 0.03993, -0.982251, -0.003255, 0.009646, 0.9992, 0.038819, 0.730908, 0.0, 0.0, 0.0, 1.0],
                [0.984076, -0.002557, -0.177729, 0.010134, -0.177443, 0.044401, -0.983129, -0.003255, 0.010406, 0.999011, 0.043241, 0.730257, 0.0, 0.0, 0.0, 1.0],
                [0.985103, -0.00278, -0.171945, 0.010134, -0.171606, 0.048871, -0.983953, -0.003255, 0.011139, 0.998801, 0.047666, 0.729606, 0.0, 0.0, 0.0, 1.0],
                [0.986095, -0.003029, -0.166156, 0.010134, -0.165761, 0.053337, -0.984722, -0.003255, 0.011845, 0.998572, 0.052093, 0.728955, 0.0, 0.0, 0.0, 1.0],
                [0.987052, -0.003304, -0.160364, 0.010134, -0.159908, 0.0578, -0.985438, -0.003255, 0.012525, 0.998323, 0.056524, 0.728304, 0.0, 0.0, 0.0, 1.0],
                [0.987976, -0.003606, -0.154568, 0.010134, -0.154048, 0.06226, -0.9861, -0.003255, 0.013179, 0.998053, 0.060956, 0.727653, 0.0, 0.0, 0.0, 1.0],
                [0.988864, -0.003933, -0.14877, 0.010134, -0.14818, 0.066716, -0.986708, -0.003255, 0.013806, 0.997764, 0.06539, 0.727002, 0.0, 0.0, 0.0, 1.0],
                [0.989718, -0.004287, -0.142969, 0.010134, -0.142306, 0.071168, -0.987261, -0.003255, 0.014407, 0.997455, 0.069826, 0.726351, 0.0, 0.0, 0.0, 1.0],
                [0.990537, -0.004667, -0.137166, 0.010134, -0.136425, 0.075614, -0.98776, -0.003255, 0.014981, 0.997126, 0.074262, 0.7257, 0.0, 0.0, 0.0, 1.0]
            ]
        },
        {
            "name": "Thigh_R",
            "time": [0.0, 0.0167, 0.0333, 0.05, 0.0667, 0.0833, 0.1, 0.1167, 0.1333, 0.15, 0.1667, 0.1833, 0.2, 0.2167, 0.2333, 0.25, 0.2667, 0.2833, 0.3, 0.3167, 0.3333, 0.35, 0.3667, 0.3833, 0.4, 0.4167, 0.4333, 0.45, 0.4667, 0.4833, 0.5, 0.5167, 0.5333, 0.55, 0.5667, 0.5833, 0.6, 0.6167, 0.6333, 0.65, 0.6667, 0.6833, 0.7, 0.7167, 0.7333, 0.75, 0.7667, 0.7833, 0.8, 0.8167, 0.8333, 0.85, 0.8667, 0.8833, 0.9, 0.9167, 0.9333, 0.95, 0.9667, 0.9833, 1.0, 1.0167, 1.0333, 1.05, 1.0667, 1.0833, 1.1, 1.1167, 1.1333, 1.15, 1.1667, 1.1833, 1.2, 1.2167, 1.2333, 1.25, 1.2667, 1.2833, 1.3, 1.3167, 1.3333, 1.35, 1.3667, 1.3833, 1.4, 1.4167, 1.4333, 1.45, 1.4667, 1.4833, 1.5, 1.5167, 1.5333, 1.55, 1.5667, 1.5833, 1.6],
            "transform": [
                [0.991919, 0.080072, -0.098409, 0.124994, 0.057081, -0.974393, -0.217481, -0.002831, -0.113304, 0.210105, -0.971092, -1.2e-05, 0.0, 0.0, 0.0, 1.0],
                [0.990953, 0.08111, -0.106927, 0.124994, 0.058831, -0.978612, -0.197115, -0.002831, -0.120628, 0.18904, -0.974532, -1.2e-05, 0.0, 0.0, 0.0, 1.0],
                [0.989916, 0.069535, -0.123412, 0.124994, 0.060617, -0.995367, -0.074608, -0.002831, -0.128028, 0.066374, -0.989547, -1.2e-05, 0.0, 0.0, 0.0, 1.0],
                [0.988806, 0.058993, -0.137049, 0.124994, 0.062444, -0.997826, 0.021011, -0.002831, -0.135511, -0.029334, -0.990342, -1.2e-05, 0.0, 0.0, 0.0, 1.0],
                [0.987618, 0.050278, -0.1486, 0.124994, 0.064316, -0.993749, 0.091227, -0.002831, -0.143084, -0.099655, -0.984681, -1.2e-05, 0.0, 0.0, 0.0, 1.0],
                [0.986349, 0.041987, -0.159223, 0.124994, 0.066241, -0.986427, 0.150229, -0.002831, -0.150755, -0.158725, -0.975746, -1.2e-05, 0.0, 0.0, 0.0, 1.0],
                [0.984993, 0.033774, -0.169253, 0.124994, 0.068226, -0.976984, 0.202097, -0.002831, -0.158532, -0.210611, -0.96463, -1.2e-05, 0.0, 0.0, 0.0, 1.0],
                [0.983546, 0.025511, -0.178847, 0.124994, 0.070278, -0.966029, 0.24869, -0.002831, -0.166427, -0.257167, -0.951928, -1.2e-05, 0.0, 0.0, 0.0, 1.0],
                [0.982, 0.017152, -0.188101, 0.124994, 0.072408, -0.953969, 0.291027, -0.002831, -0.174451, -0.299408, -0.938042, -1.2e-05, 0.0, 0.0, 0.0, 1.0],
                [0.980348, 0.008688, -0.197085, 0.124994, 0.074626, -0.941122, 0.329723, -0.002831, -0.182617, -0.33795, -0.923277, -1.2e-05, 0.0, 0.0, 0.0, 1.0],
                [0.978581, 0.000131, -0.205862, 0.124994, 0.076945, -0.927752, 0.365176, -0.002831, -0.190941, -0.373193, -0.907892, -1.2e-05, 0.0, 0.0, 0.0, 1.0],
                [0.976689, -0.008494, -0.214489, 0.124994, 0.079378, -0.914095, 0.397651, -0.002831, -0.199441, -0.405407, -0.892115, -1.2e-05, 0.0, 0.0, 0.0, 1.0],
                [0.97466, -0.01715, -0.223028, 0.124994, 0.081942, -0.900373, 0.427331, -0.002831, -0.208137, -0.434778, -0.876154, -1.2e-05, 0.0, 0.0, 0.0, 1.0],
                [0.974145, -0.01942, -0.225084, 0.124994, 0.080528, -0.901009, 0.426257, -0.002831, -0.211081, -0.433361, -0.876152, -1.2e-05, 0.0, 0.0, 0.0, 1.0],
                [0.973624, -0.021524, -0.22714, 0.124994, 0.079092, -0.901966, 0.424499, -0.002831, -0.21401, -0.431267, -0.876475, -1.2e-05, 0.0, 0.0, 0.0, 1.0],
                [0.973097, -0.023442, -0.229201, 0.124994, 0.077633, -0.903272, 0.421984, -0.002831, -0.216923, -0.428424, -0.877153, -1.2e-05, 0.0, 0.0, 0.0, 1.0],
                [0.972563, -0.025147, -0.231275, 0.124994, 0.07615, -0.904959, 0.418625, -0.002831, -0.219822, -0.42475, -0.878218, -1.2e-05, 0.0, 0.0, 0.0, 1.0],
                [0.972024, -0.026604, -0.23337, 0.124994, 0.074642, -0.907071, 0.414303, -0.002831, -0.222705, -0.420131, -0.879711, -1.2e-05, 0.0, 0.0, 0.0, 1.0],
                [0.971478, -0.027771, -0.235494, 0.124994, 0.073109, -0.909657, 0.408871, -0.002831, -0.225574, -0.414426, -0.881685, -1.2e-05, 0.0, 0.0, 0.0, 1.0],
                [0.970928, -0.02859, -0.237659, 0.124994, 0.071552, -0.912783, 0.402125, -0.002831, -0.228428, -0.407438, -0.884203, -1.2e-05, 0.0, 0.0, 0.0, 1.0],
                [0.970371, -0.028982, -0.239875, 0.124994, 0.069968, -0.916535, 0.393783, -0.002831, -0.231267, -0.398898, -0.887353, -1.2e-05, 0.0, 0.0, 0.0, 1.0],
                [0.969808, -0.028832, -0.242157, 0.124994, 0.068358, -0.921035, 0.383429, -0.002831, -0.234091, -0.388405, -0.891259, -1.2e-05, 0.0, 0.0, 0.0, 1.0],
                [0.96924, -0.027962, -0.244523, 0.124994, 0.066722, -0.926465, 0.370415, -0.002831, -0.2369, -0.375336, -0.896103, -1.2e-05, 0.0, 0.0, 0.0, 1.0],
                [0.968665, -0.026067, -0.246995, 0.124994, 0.065057, -0.933123, 0.35362, -0.002831, -0.239695, -0.358608, -0.902191, -1.2e-05, 0.0, 0.0, 0.0, 1.0],
                [0.968086, -0.022493, -0.249606, 0.124994, 0.063366, -0.941634, 0.330616, -0.002831, -0.242475, -0.335881, -0.910159, -1.2e-05, 0.0, 0.0, 0.0, 1.0],
                [0.96954, 0.01609, -0.244403, 0.124994, 0.062225, -0.98128, 0.182246, -0.002831, -0.236896, -0.191903, -0.952394, -1.2e-05, 0.0, 0.0, 0.0, 1.0],
                [0.97095, 0.022346, -0.238234, 0.124994, 0.061152, -0.985738, 0.15677, -0.002831, -0.231334, -0.166784, -0.958472, -1.2e-05, 0.0, 0.0, 0.0, 1.0],
                [0.972319, 0.027273, -0.23206, 0.124994, 0.060141, -0.988912, 0.135765, -0.002831, -0.225784, -0.145963, -0.96318, -1.2e-05, 0.0, 0.0, 0.0, 1.0],
                [0.973647, 0.031916, -0.225817, 0.124994, 0.059189, -0.991592, 0.115056, -0.002831, -0.220246, -0.12539, -0.967352, -1.2e-05, 0.0, 0.0, 0.0, 1.0],
                [0.974934, 0.036279, -0.219513, 0.124994, 0.058293, -0.9938, 0.094655, -0.002831, -0.214718, -0.105078, -0.971007, -1.2e-05, 0.0, 0.0, 0.0, 1.0],
                [0.976184, 0.040365, -0.213154, 0.124994, 0.057449, -0.995557, 0.074573, -0.002831, -0.209197, -0.085042, -0.974169, -1.2e-05, 0.0, 0.0, 0.0, 1.0],
                [0.977396, 0.044179, -0.206749, 0.124994, 0.056656, -0.996886, 0.054819, -0.002831, -0.203683, -0.065294, -0.976858, -1.2e-05, 0.0, 0.0, 0.0, 1.0],
                [0.978571, 0.047725, -0.200303, 0.124994, 0.05591, -0.997806, 0.035402, -0.002831, -0.198174, -0.045842, -0.979095, -1.2e-05, 0.0, 0.0, 0.0, 1.0],
                [0.979709, 0.05101, -0.193824, 0.124994, 0.05521, -0.99834, 0.016326, -0.002831, -0.192669, -0.026696, -0.980901, -1.2e-05, 0.0, 0.0, 0.0, 1.0],
                [0.980811, 0.054038, -0.187318, 0.124994, 0.054554, -0.998506, -0.002404, -0.002831, -0.187168, -0.007862, -0.982297, -1.2e-05, 0.0, 0.0, 0.0, 1.0],
                [0.981879, 0.056816, -0.180791, 0.124994, 0.053941, -0.998326, -0.020784, -0.002831, -0.181669, 0.010655, -0.983303, -1.2e-05, 0.0, 0.0, 0.0, 1.0],
                [0.982911, 0.059349, -0.174248, 0.124994, 0.053368, -0.997818, -0.038813, -0.002831, -0.176172, 0.02885, -0.983937, -1.2e-05, 0.0, 0.0, 0.0, 1.0],
                [0.983778, 0.061898, -0.168369, 0.124994, 0.053864, -0.997198, -0.051873, -0.002831, -0.171108, 0.041963, -0.984358, -1.2e-05, 0.0, 0.0, 0.0, 1.0],
                [0.984627, 0.064325, -0.162395, 0.124994, 0.054325, -0.996385, -0.065295, -0.002831, -0.166008, 0.055469, -0.984563, -1.2e-05, 0.0, 0.0, 0.0, 1.0],
                [0.985455, 0.066624, -0.15633, 0.124994, 0.05475, -0.995362, -0.079073, -0.002831, -0.160873, 0.069364, -0.984535, -1.2e-05, 0.0, 0.0, 0.0, 1.0],
                [0.986263, 0.068784, -0.150178, 0.124994, 0.055141, -0.994118, -0.093201, -0.002831, -0.155705, 0.08364, -0.984257, -1.2e-05, 0.0, 0.0, 0.0, 1.0],
                [0.98705, 0.070798, -0.143942, 0.124994, 0.055497, -0.992634, -0.107671, -0.002831, -0.150505, 0.098288, -0.983711, -1.2e-05, 0.0, 0.0, 0.0, 1.0],
                [0.987815, 0.072657, -0.137628, 0.124994, 0.05582, -0.990899, -0.122473, -0.002831, -0.145274, 0.113298, -0.982884, -1.2e-05, 0.0, 0.0, 0.0, 1.0],
                [0.988558, 0.074352, -0.131239, 0.124994, 0.05611, -0.988896, -0.137596, -0.002831, -0.140013, 0.128657, -0.981756, -1.2e-05, 0.0, 0.0, 0.0, 1.0],
                [0.989278, 0.075874, -0.124783, 0.124994, 0.056368, -0.986612, -0.153026, -0.002831, -0.134723, 0.144351, -0.980313, -1.2e-05, 0.0, 0.0, 0.0, 1.0],
                [0.989975, 0.077215, -0.118265, 0.124994, 0.056593, -0.984032, -0.168748, -0.002831, -0.129407, 0.160362, -0.978539, -1.2e-05, 0.0, 0.0, 0.0, 1.0],
                [0.990648, 0.078367, -0.111692, 0.124994, 0.056786, -0.981143, -0.184743, -0.002831, -0.124064, 0.176673, -0.976419, -1.2e-05, 0.0, 0.0, 0.0, 1.0],
                [0.991296, 0.079322, -0.105071, 0.124994, 0.056949, -0.977934, -0.200995, -0.002831, -0.118696, 0.193261, -0.973941, -1.2e-05, 0.0, 0.0, 0.0, 1.0],
                [0.991919, 0.080072, -0.098409, 0.124994, 0.057081, -0.974393, -0.217481, -0.002831, -0.113304, 0.210105, -0.971092, -1.2e-05, 0.0, 0.0, 0.0, 1.0],
                [0.991168, 0.079462, -0.106164, 0.124994, 0.057533, -0.978988, -0.195624, -0.002831, -0.119478, 0.187787, -0.974916, -1.2e-05, 0.0, 0.0, 0.0, 1.0],
                [0.990378, 0.066296, -0.121472, 0.124994, 0.057977, -0.995803, -0.070788, -0.002831, -0.125656, 0.063064, -0.990068, -1.2e-05, 0.0, 0.0, 0.0, 1.0],
                [0.989549, 0.054395, -0.133543, 0.124994, 0.058413, -0.997943, 0.026354, -0.002831, -0.131835, -0.033879, -0.990693, -1.2e-05, 0.0, 0.0, 0.0, 1.0],
                [0.98868, 0.044392, -0.14332, 0.124994, 0.058841, -0.993423, 0.098206, -0.00283, -0.138018, -0.105527, -0.984792, -1.2e-05, 0.0, 0.0, 0.0, 1.0],
                [0.987772, 0.034906, -0.151949, 0.124994, 0.059263, -0.985521, 0.158849, -0.002831, -0.144205, -0.165912, -0.97554, -1.2e-05, 0.0, 0.0, 0.0, 1.0],
                [0.986823, 0.025596, -0.159766, 0.124994, 0.059678, -0.975368, 0.212349, -0.002831, -0.150396, -0.219085, -0.964045, -1.2e-05, 0.0, 0.0, 0.0, 1.0],
                [0.985834, 0.016337, -0.166927, 0.124994, 0.060088, -0.963584, 0.260559, -0.002831, -0.156592, -0.266898, -0.950918, -1.2e-05, 0.0, 0.0, 0.0, 1.0],
                [0.984804, 0.007086, -0.173526, 0.124994, 0.060493, -0.950589, 0.304496, -0.002831, -0.162794, -0.310365, -0.936574, -1.2e-05, 0.0, 0.0, 0.0, 1.0],
                [0.983732, -0.002163, -0.179627, 0.124994, 0.060895, -0.936706, 0.344776, -0.00283, -0.169004, -0.350105, -0.921338, -1.2e-05, 0.0, 0.0, 0.0, 1.0],
                [0.982619, -0.011398, -0.185284, 0.124994, 0.061296, -0.922209, 0.3818, -0.002831, -0.175222, -0.386521, -0.905483, -1.2e-05, 0.0, 0.0, 0.0, 1.0],
                [0.981463, -0.020591, -0.190544, 0.124994, 0.061696, -0.907341, 0.41584, -0.002831, -0.181451, -0.419886, -0.889253, -1.2e-05, 0.0, 0.0, 0.0, 1.0],
                [0.980262, -0.02971, -0.195453, 0.124994, 0.062097, -0.892334, 0.447081, -0.002831, -0.187692, -0.450393, -0.872879, -1.2e-05, 0.0, 0.0, 0.0, 1.0],
                [0.978538, -0.034191, -0.203208, 0.124994, 0.061047, -0.893767, 0.444353, -0.002831, -0.196814, -0.447221, -0.872501, -1.2e-05, 0.0, 0.0, 0.0, 1.0],
                [0.976709, -0.038394, -0.211103, 0.124994, 0.060107, -0.895508, 0.440966, -0.002831, -0.205975, -0.443383, -0.872345, -1.2e-05, 0.0, 0.0, 0.0, 1.0],
                [0.974775, -0.042282, -0.219147, 0.124994, 0.059278, -0.897578, 0.436848, -0.002831, -0.215172, -0.438818, -0.872433, -1.2e-05, 0.0, 0.0, 0.0, 1.0],
                [0.972734, -0.045812, -0.22735, 0.124994, 0.05856, -0.900011, 0.431912, -0.002831, -0.224405, -0.433449, -0.872791, -1.2e-05, 0.0, 0.0, 0.0, 1.0],
                [0.970587, -0.048934, -0.235724, 0.124994, 0.057955, -0.902841, 0.426048, -0.002831, -0.23367, -0.427178, -0.873451, -1.2e-05, 0.0, 0.0, 0.0, 1.0],
                [0.968331, -0.051582, -0.244282, 0.124994, 0.057462, -0.906112, 0.419112, -0.002831, -0.242965, -0.419876, -0.874455, -1.2e-05, 0.0, 0.0, 0.0, 1.0],
                [0.965966, -0.053673, -0.253037, 0.124994, 0.057082, -0.909884, 0.410914, -0.002831, -0.252289, -0.411372, -0.875855, -1.2e-05, 0.0, 0.0, 0.0, 1.0],
                [0.963492, -0.055096, -0.262007, 0.124994, 0.056816, -0.914232, 0.401185, -0.002831, -0.261639, -0.401424, -0.877727, -1.2e-05, 0.0, 0.0, 0.0, 1.0],
                [0.960906, -0.055697, -0.271213, 0.124994, 0.056664, -0.919262, 0.389544, -0.002831, -0.271013, -0.389682, -0.880171, -1.2e-05, 0.0, 0.0, 0.0, 1.0],
                [0.958209, -0.055243, -0.280683, 0.124994, 0.056626, -0.925131, 0.375396, -0.002831, -0.280407, -0.375601, -0.883343, -1.2e-05, 0.0, 0.0, 0.0, 1.0],
                [0.955399, -0.053358, -0.290455, 0.124994, 0.056703, -0.932095, 0.357745, -0.002831, -0.28982, -0.358258, -0.887499, -1.2e-05, 0.0, 0.0, 0.0, 1.0],
                [0.952476, -0.049296, -0.300595, 0.124994, 0.056895, -0.94066, 0.334543, -0.002831, -0.29925, -0.335746, -0.893154, -1.2e-05, 0.0, 0.0, 0.0, 1.0],
                [0.954069, -0.008144, -0.299477, 0.124994, 0.058576, -0.975264, 0.213132, -0.002831, -0.293805, -0.220884, -0.929995, -1.2e-05, 0.0, 0.0, 0.0, 1.0],
                [0.955643, 0.012146, -0.294276, 0.124994, 0.06022, -0.986097, 0.154863, -0.002831, -0.288304, -0.165715, -0.943091, -1.2e-05, 0.0, 0.0, 0.0, 1.0],
                [0.957198, 0.020572, -0.288701, 0.124994, 0.061835, -0.988974, 0.134548, -0.002831, -0.28275, -0.14664, -0.947918, -1.2e-05, 0.0, 0.0, 0.0, 1.0],
                [0.958731, 0.028652, -0.282866, 0.124994, 0.063426, -0.991389, 0.114554, -0.002831, -0.277148, -0.127767, -0.952295, -1.2e-05, 0.0, 0.0, 0.0, 1.0],
                [0.96024, 0.036388, -0.276791, 0.124994, 0.064996, -0.993361, 0.094893, -0.002831, -0.271501, -0.10911, -0.956234, -1.2e-05, 0.0, 0.0, 0.0, 1.0],
                [0.961725, 0.043783, -0.270496, 0.124994, 0.06655, -0.994915, 0.075573, -0.002831, -0.265812, -0.090682, -0.959751, -1.2e-05, 0.0, 0.0, 0.0, 1.0],
                [0.963182, 0.05084, -0.263998, 0.124994, 0.068091, -0.99607, 0.056602, -0.002831, -0.260084, -0.072494, -0.962861, -1.2e-05, 0.0, 0.0, 0.0, 1.0],
                [0.964611, 0.057565, -0.257316, 0.124994, 0.069622, -0.996848, 0.037986, -0.002831, -0.254318, -0.054557, -0.965581, -1.2e-05, 0.0, 0.0, 0.0, 1.0],
                [0.96601, 0.063962, -0.250464, 0.124994, 0.071147, -0.997269, 0.019728, -0.002831, -0.248518, -0.036878, -0.967925, -1.2e-05, 0.0, 0.0, 0.0, 1.0],
                [0.967379, 0.070036, -0.243458, 0.124994, 0.072667, -0.997352, 0.001832, -0.002831, -0.242686, -0.019464, -0.96991, -1.2e-05, 0.0, 0.0, 0.0, 1.0],
                [0.968716, 0.075794, -0.236313, 0.124994, 0.074186, -0.997119, -0.015701, -0.002831, -0.236823, -0.002322, -0.971551, -1.2e-05, 0.0, 0.0, 0.0, 1.0],
                [0.97002, 0.081241, -0.229042, 0.124994, 0.075705, -0.996586, -0.03287, -0.002831, -0.230931, 0.014545, -0.972861, -1.2e-05, 0.0, 0.0, 0.0, 1.0],
                [0.972536, 0.082245, -0.217738, 0.124994, 0.073887, -0.996191, -0.046265, -0.002831, -0.220714, 0.028906, -0.97491, -1.2e-05, 0.0, 0.0, 0.0, 1.0],
                [0.974914, 0.083074, -0.206496, 0.124994, 0.072116, -0.995585, -0.060054, -0.002831, -0.210573, 0.043655, -0.976603, -1.2e-05, 0.0, 0.0, 0.0, 1.0],
                [0.977159, 0.083722, -0.195319, 0.124994, 0.070392, -0.994752, -0.074231, -0.002831, -0.200509, 0.058786, -0.977927, -1.2e-05, 0.0, 0.0, 0.0, 1.0],
                [0.979275, 0.084179, -0.184211, 0.124994, 0.068715, -0.993676, -0.088788, -0.002831, -0.190521, 0.07429, -0.978869, -1.2e-05, 0.0, 0.0, 0.0, 1.0],
                [0.981264, 0.084437, -0.173177, 0.124994, 0.067086, -0.99234, -0.103718, -0.002831, -0.180608, 0.090156, -0.979415, -1.2e-05, 0.0, 0.0, 0.0, 1.0],
                [0.98313, 0.084489, -0.16222, 0.124994, 0.065506, -0.990728, -0.119008, -0.002831, -0.170771, 0.106374, -0.979552, -1.2e-05, 0.0, 0.0, 0.0, 1.0],
                [0.984877, 0.084328, -0.151346, 0.124994, 0.063975, -0.988825, -0.134647, -0.002831, -0.161009, 0.122928, -0.979268, -1.2e-05, 0.0, 0.0, 0.0, 1.0],
                [0.986507, 0.083945, -0.140559, 0.124994, 0.062494, -0.986612, -0.15062, -0.002831, -0.151322, 0.139803, -0.978548, -1.2e-05, 0.0, 0.0, 0.0, 1.0],
                [0.988023, 0.083334, -0.129866, 0.124994, 0.061063, -0.984078, -0.166909, -0.002831, -0.141708, 0.156979, -0.977383, -1.2e-05, 0.0, 0.0, 0.0, 1.0],
                [0.989429, 0.082489, -0.119272, 0.124994, 0.059684, -0.981205, -0.183496, -0.002831, -0.132167, 0.174437, -0.975758, -1.2e-05, 0.0, 0.0, 0.0, 1.0],
                [0.990726, 0.081403, -0.108785, 0.124994, 0.058356, -0.977981, -0.200361, -0.002831, -0.122699, 0.192154, -0.973664, -1.2e-05, 0.0, 0.0, 0.0, 1.0],
                [0.991919, 0.080072, -0.098409, 0.124994, 0.057081, -0.974393, -0.217481, -0.002831, -0.113304, 0.210105, -0.971092, -1.2e-05, 0.0, 0.0, 0.0, 1.0]
            ]
        },
        {
            "name": "Leg_R",
            "time": [0.0, 0.0167, 0.0333, 0.05, 0.0667, 0.0833, 0.1, 0.1167, 0.1333, 0.15, 0.1667, 0.1833, 0.2, 0.2167, 0.2333, 0.25, 0.2667, 0.2833, 0.3, 0.3167, 0.3333, 0.35, 0.3667, 0.3833, 0.4, 0.4167, 0.4333, 0.45, 0.4667, 0.4833, 0.5, 0.5167, 0.5333, 0.55, 0.5667, 0.5833, 0.6, 0.6167, 0.6333, 0.65, 0.6667, 0.6833, 0.7, 0.7167, 0.7333, 0.75, 0.7667, 0.7833, 0.8, 0.8167, 0.8333, 0.85, 0.8667, 0.8833, 0.9, 0.9167, 0.9333, 0.95, 0.9667, 0.9833, 1.0, 1.0167, 1.0333, 1.05, 1.0667, 1.0833, 1.1, 1.1167, 1.1333, 1.15, 1.1667, 1.1833, 1.2, 1.2167, 1.2333, 1.25, 1.2667, 1.2833, 1.3, 1.3167, 1.3333, 1.35, 1.3667, 1.3833, 1.4, 1.4167, 1.4333, 1.45, 1.4667, 1.4833, 1.5, 1.5167, 1.5333, 1.55, 1.5667, 1.5833, 1.6],
            "transform": [
                [1.0, 0.0, 1e-06, 0.0, 0.0, 0.999992, 0.004699, 0.374726, -1e-06, -0.004699, 0.999986, -0.0, 0.0, 0.0, 0.0, 1.0],
                [1.0, -0.0, 1e-06, 0.0, 0.0, 0.999992, 0.004686, 0.374726, -1e-06, -0.004686, 0.999986, -0.0, 0.0, 0.0, 0.0, 1.0],
                [1.0, -0.0, 1e-06, 0.0, -0.0, 0.978114, 0.20808, 0.374726, -1e-06, -0.208081, 0.978109, -0.0, 0.0, 0.0, 0.0, 1.0],
                [1.0, -0.0, 1e-06, 0.0, -0.0, 0.936871, 0.34968, 0.374726, -1e-06, -0.349681, 0.936866, 0.0, 0.0, 0.0, 0.0, 1.0],
                [1.0, -0.0, 1e-06, 0.0, -0.0, 0.899141, 0.437664, 0.374726, -1e-06, -0.437665, 0.899136, 0.0, 0.0, 0.0, 0.0, 1.0],
                [1.0, -0.0, 1e-06, 0.0, -0.0, 0.864863, 0.502013, 0.374726, -1e-06, -0.502014, 0.864857, 0.0, 0.0, 0.0, 0.0, 1.0],
                [1.0, -0.0, 1e-06, -0.0, -0.0, 0.834053, 0.551687, 0.374726, -1e-06, -0.551688, 0.834048, -0.0, 0.0, 0.0, 0.0, 1.0],
                [1.0, -0.0, 1e-06, -0.0, -0.0, 0.806715, 0.590943, 0.374726, -1e-06, -0.590944, 0.80671, 0.0, 0.0, 0.0, 0.0, 1.0],
                [1.0, -0.0, 1e-06, -0.0, -0.0, 0.782849, 0.622214, 0.374726, -1e-06, -0.622216, 0.782844, 0.0, 0.0, 0.0, 0.0, 1.0],
                [1.0, -0.0, 1e-06, 0.0, -0.0, 0.762454, 0.647044, 0.374726, -1e-06, -0.647045, 0.76245, 0.0, 0.0, 0.0, 0.0, 1.0],
                [1.0, -0.0, 1e-06, 0.0, -0.0, 0.745531, 0.666473, 0.374726, -1e-06, -0.666474, 0.745526, 0.0, 0.0, 0.0, 0.0, 1.0],
                [1.0, -0.0, 1e-06, 0.0, -0.0, 0.732079, 0.681221, 0.374726, -1e-06, -0.681222, 0.732075, 0.0, 0.0, 0.0, 0.0, 1.0],
                [1.0, -0.0, 1e-06, 0.0, -0.0, 0.722097, 0.691793, 0.374726, -1e-06, -0.691794, 0.722093, -0.0, 0.0, 0.0, 0.0, 1.0],
                [1.0, -0.0, 1e-06, -0.0, -0.0, 0.740183, 0.672407, 0.374726, -1e-06, -0.672408, 0.740179, -0.0, 0.0, 0.0, 0.0, 1.0],
                [1.0, -0.0, 1e-06, 0.0, -0.0, 0.758614, 0.651542, 0.374726, -1e-06, -0.651543, 0.758609, -0.0, 0.0, 0.0, 0.0, 1.0],
                [1.0, -0.0, 1e-06, 0.0, -0.0, 0.777391, 0.629019, 0.374726, -1e-06, -0.629021, 0.777387, -0.0, 0.0, 0.0, 0.0, 1.0],
                [1.0, -0.0, 1e-06, 0.0, -0.0, 0.796512, 0.604626, 0.374726, -1e-06, -0.604627, 0.796506, 0.0, 0.0, 0.0, 0.0, 1.0],
                [1.0, -0.0, 1e-06, -0.0, -0.0, 0.815978, 0.578086, 0.374726, -1e-06, -0.578087, 0.815973, 0.0, 0.0, 0.0, 0.0, 1.0],
                [1.0, -0.0, 1e-06, 0.0, -0.0, 0.835788, 0.549056, 0.374726, -1e-06, -0.549056, 0.835783, 0.0, 0.0, 0.0, 0.0, 1.0],
                [1.0, -0.0, 1e-06, 0.0, -0.0, 0.855943, 0.517075, 0.374726, -1e-06, -0.517075, 0.855937, -0.0, 0.0, 0.0, 0.0, 1.0],
                [1.0, -0.0, 1e-06, 0.0, -0.0, 0.87644, 0.481514, 0.374726, -1e-06, -0.481515, 0.876436, 0.0, 0.0, 0.0, 0.0, 1.0],
                [1.0, -0.0, 1e-06, -0.0, -0.0, 0.897282, 0.441462, 0.374726, -1e-06, -0.441463, 0.897277, 0.0, 0.0, 0.0, 0.0, 1.0],
                [1.0, -0.0, 1e-06, 0.0, -0.0, 0.918463, 0.395513, 0.374726, -1e-06, -0.395514, 0.918457, -0.0, 0.0, 0.0, 0.0, 1.0],
                [1.0, -0.0, 1e-06, 0.0, -0.0, 0.939969, 0.341269, 0.374726, -1e-06, -0.341269, 0.939963, -0.0, 0.0, 0.0, 0.0, 1.0],
                [1.0, -0.0, 1e-06, 0.0, -0.0, 0.961842, 0.273616, 0.374726, -1e-06, -0.273617, 0.961836, 0.0, 0.0, 0.0, 0.0, 1.0],
                [1.000001, 0.0, 1e-06, -0.0, -0.0, 0.999916, 0.013215, 0.374726, -1e-06, -0.013215, 0.99991, -0.0, 0.0, 0.0, 0.0, 1.0],
                [1.0, -0.0, 1e-06, -0.0, -0.0, 0.999992, 0.004691, 0.374726, -1e-06, -0.004691, 0.999986, 0.0, 0.0, 0.0, 0.0, 1.0],
                [1.0, -0.0, 1e-06, -0.0, 0.0, 0.999992, 0.004702, 0.374726, -1e-06, -0.004702, 0.999986, -0.0, 0.0, 0.0, 0.0, 1.0],
                [1.0, 0.0, 1e-06, -0.0, 0.0, 0.999992, 0.004713, 0.374726, -1e-06, -0.004713, 0.999986, -0.0, 0.0, 0.0, 0.0, 1.0],
                [1.0, -0.0, 1e-06, 0.0, -0.0, 0.999991, 0.004725, 0.374726, -1e-06, -0.004725, 0.999986, -0.0, 0.0, 0.0, 0.0, 1.0],
                [1.0, -0.0, 1e-06, 0.0, 0.0, 0.999992, 0.004736, 0.374726, -1e-06, -0.004736, 0.999986, 0.0, 0.0, 0.0, 0.0, 1.0],
                [1.0, 0.0, 1e-06, 0.0, -0.0, 0.999991, 0.004747, 0.374726, -1e-06, -0.004748, 0.999986, 0.0, 0.0, 0.0, 0.0, 1.0],
                [1.0, -0.0, 1e-06, -0.0, -0.0, 0.999992, 0.004759, 0.374726, -1e-06, -0.004759, 0.999985, 0.0, 0.0, 0.0, 0.0, 1.0],
                [1.0, 0.0, 1e-06, -0.0, 0.0, 0.999991, 0.00477, 0.374726, -1e-06, -0.00477, 0.999986, 0.0, 0.0, 0.0, 0.0, 1.0],
                [1.0, -0.0, 1e-06, -0.0, -0.0, 0.999992, 0.004781, 0.374726, -1e-06, -0.004782, 0.999985, 0.0, 0.0, 0.0, 0.0, 1.0],
                [1.0, -0.0, 1e-06, 0.0, -0.0, 0.999991, 0.004793, 0.374726, -1e-06, -0.004793, 0.999985, 0.0, 0.0, 0.0, 0.0, 1.0],
                [1.0, -0.0, 1e-06, -0.0, -0.0, 0.999991, 0.004804, 0.374726, -1e-06, -0.004804, 0.999985, 0.0, 0.0, 0.0, 0.0, 1.0],
                [1.0, -0.0, 1e-06, 0.0, -0.0, 0.999991, 0.004794, 0.374726, -1e-06, -0.004794, 0.999985, 0.0, 0.0, 0.0, 0.0, 1.0],
                [1.0, -0.0, 1e-06, -0.0, -0.0, 0.999991, 0.004784, 0.374726, -1e-06, -0.004784, 0.999986, 0.0, 0.0, 0.0, 0.0, 1.0],
                [1.0, 0.0, 1e-06, -0.0, 0.0, 0.999992, 0.004775, 0.374726, -1e-06, -0.004775, 0.999986, 0.0, 0.0, 0.0, 0.0, 1.0],
                [1.0, -0.0, 1e-06, 0.0, 0.0, 0.999991, 0.004765, 0.374726, -1e-06, -0.004766, 0.999986, 0.0, 0.0, 0.0, 0.0, 1.0],
                [1.0, -0.0, 1e-06, 0.0, 0.0, 0.999992, 0.004756, 0.374726, -1e-06, -0.004756, 0.999985, -0.0, 0.0, 0.0, 0.0, 1.0],
                [1.0, 0.0, 1e-06, -0.0, 0.0, 0.999992, 0.004747, 0.374726, -1e-06, -0.004747, 0.999986, -0.0, 0.0, 0.0, 0.0, 1.0],
                [1.0, -0.0, 1e-06, 0.0, 0.0, 0.999992, 0.004738, 0.374726, -1e-06, -0.004739, 0.999986, -0.0, 0.0, 0.0, 0.0, 1.0],
                [1.0, -0.0, 1e-06, -0.0, -0.0, 0.999992, 0.00473, 0.374726, -1e-06, -0.00473, 0.999986, 0.0, 0.0, 0.0, 0.0, 1.0],
                [1.0, -0.0, 1e-06, -0.0, 0.0, 0.999992, 0.004722, 0.374726, -1e-06, -0.004722, 0.999986, -0.0, 0.0, 0.0, 0.0, 1.0],
