{
    "animation": [
        {
            "name": "Root",
            "time": [0.0, 0.0167, 0.0333, 0.05, 0.0667, 0.0833, 0.1, 0.1167, 0.1333, 0.15, 0.1667, 0.1833, 0.2, 0.2167, 0.2333, 0.25, 0.2667, 0.2833, 0.3, 0.3167, 0.3333, 0.35, 0.3667, 0.3833, 0.4, 0.4167, 0.4333, 0.45, 0.4667, 0.4833, 0.5, 0.5167, 0.5333, 0.55, 0.5667, 0.5833, 0.6, 0.6167, 0.6333, 0.65, 0.6667, 0.6833, 0.7, 0.7167, 0.7333, 0.75, 0.7667, 0.7833, 0.8, 0.8167, 0.8333, 0.85, 0.8667, 0.8833, 0.9, 0.9167, 0.9333, 0.95, 0.9667, 0.9833, 1.0, 1.0167, 1.0333, 1.05, 1.0667, 1.0833, 1.1],
            "transform": [
                [0.941787, 0.0, -0.336209, 0.009031, -0.336209, 0.0, -0.941787, -0.017044, 0.0, 1.0, 0.0, 0.763972, 0.0, 0.0, 0.0, 1.0],
                [0.952886, 0.0, -0.303328, 0.009031, -0.303328, 0.0, -0.952886, -0.017044, 0.0, 1.0, 0.0, 0.763972, 0.0, 0.0, 0.0, 1.0],
                [0.962866, 0.0, -0.269981, 0.009031, -0.269981, 0.0, -0.962866, -0.017044, 0.0, 1.0, 0.0, 0.763972, 0.0, 0.0, 0.0, 1.0],
                [0.971699, 0.0, -0.236224, 0.009031, -0.236224, 0.0, -0.971699, -0.017044, 0.0, 1.0, 0.0, 0.763972, 0.0, 0.0, 0.0, 1.0],
                [0.979362, 0.0, -0.202116, 0.009031, -0.202116, 0.0, -0.979362, -0.017044, 0.0, 1.0, 0.0, 0.763972, 0.0, 0.0, 0.0, 1.0],
                [0.985835, 0.0, -0.167719, 0.009031, -0.167719, 0.0, -0.985835, -0.017044, 0.0, 1.0, 0.0, 0.763972, 0.0, 0.0, 0.0, 1.0],
                [0.991103, 0.0, -0.133095, 0.009031, -0.133095, 0.0, -0.991103, -0.017044, 0.0, 1.0, 0.0, 0.763972, 0.0, 0.0, 0.0, 1.0],
                [0.995156, 0.0, -0.098309, 0.009031, -0.098309, 0.0, -0.995156, -0.017044, 0.0, 1.0, 0.0, 0.763972, 0.0, 0.0, 0.0, 1.0],
                [0.997987, 0.0, -0.063422, 0.009031, -0.063422, 0.0, -0.997987, -0.017044, 0.0, 1.0, 0.0, 0.763972, 0.0, 0.0, 0.0, 1.0],
                [0.999594, 0.0, -0.028502, 0.009031, -0.028502, 0.0, -0.999594, -0.017044, 0.0, 1.0, 0.0, 0.763972, 0.0, 0.0, 0.0, 1.0],
                [0.999979, 0.0, 0.00639, 0.009031, 0.00639, 0.0, -0.999979, -0.017044, 0.0, 1.0, 0.0, 0.763972, 0.0, 0.0, 0.0, 1.0],
                [0.999151, 0.0, 0.041189, 0.009031, 0.041189, 0.0, -0.999151, -0.017044, 0.0, 1.0, 0.0, 0.763972, 0.0, 0.0, 0.0, 1.0],
                [0.99712, 0.0, 0.075832, 0.009031, 0.075832, 0.0, -0.99712, -0.017044, 0.0, 1.0, 0.0, 0.763972, 0.0, 0.0, 0.0, 1.0],
                [0.988743, 0.0, 0.149627, 0.009031, 0.149627, 0.0, -0.988743, -0.017044, 0.0, 1.0, 0.0, 0.763972, 0.0, 0.0, 0.0, 1.0],
                [0.974818, 0.0, 0.223002, 0.009031, 0.223002, 0.0, -0.974818, -0.017044, 0.0, 1.0, 0.0, 0.763972, 0.0, 0.0, 0.0, 1.0],
                [0.955395, 0.0, 0.295333, 0.009031, 0.295333, 0.0, -0.955395, -0.017044, 0.0, 1.0, 0.0, 0.763972, 0.0, 0.0, 0.0, 1.0],
                [0.930612, 0.0, 0.366007, 0.009031, 0.366007, 0.0, -0.930612, -0.017044, 0.0, 1.0, 0.0, 0.763972, 0.0, 0.0, 0.0, 1.0],
                [0.900701, 0.0, 0.43444, 0.009031, 0.43444, 0.0, -0.900701, -0.017044, 0.0, 1.0, 0.0, 0.763972, 0.0, 0.0, 0.0, 1.0],
                [0.865974, 0.0, 0.500089, 0.009031, 0.500089, 0.0, -0.865974, -0.017044, 0.0, 1.0, 0.0, 0.763972, 0.0, 0.0, 0.0, 1.0],
                [0.8767, 0.0, 0.481037, 0.009031, 0.481037, 0.0, -0.8767, -0.018748, 0.0, 1.0, 0.0, 0.7625, 0.0, 0.0, 0.0, 1.0],
                [0.887073, 0.0, 0.461629, 0.009031, 0.461629, 0.0, -0.887073, -0.020452, 0.0, 1.0, 0.0, 0.761028, 0.0, 0.0, 0.0, 1.0],
                [0.897077, 0.0, 0.441874, 0.009031, 0.441874, 0.0, -0.897077, -0.022156, 0.0, 1.0, 0.0, 0.759556, 0.0, 0.0, 0.0, 1.0],
                [0.906697, 0.0, 0.421782, 0.009031, 0.421782, 0.0, -0.906697, -0.023861, 0.0, 1.0, 0.0, 0.758084, 0.0, 0.0, 0.0, 1.0],
                [0.915919, 0.0, 0.401362, 0.009031, 0.401362, 0.0, -0.915919, -0.025565, 0.0, 1.0, 0.0, 0.756612, 0.0, 0.0, 0.0, 1.0],
                [0.924729, 0.0, 0.380626, 0.009031, 0.380626, 0.0, -0.924729, -0.027269, 0.0, 1.0, 0.0, 0.75514, 0.0, 0.0, 0.0, 1.0],
                [0.933112, 0.0, 0.359585, 0.009031, 0.359585, 0.0, -0.933112, -0.028974, 0.0, 1.0, 0.0, 0.753668, 0.0, 0.0, 0.0, 1.0],
                [0.941056, 0.0, 0.338252, 0.009031, 0.338252, 0.0, -0.941056, -0.030678, 0.0, 1.0, 0.0, 0.752196, 0.0, 0.0, 0.0, 1.0],
                [0.948546, 0.0, 0.316639, 0.009031, 0.316639, 0.0, -0.948546, -0.032382, 0.0, 1.0, 0.0, 0.750725, 0.0, 0.0, 0.0, 1.0],
                [0.955571, 0.0, 0.294762, 0.009031, 0.294762, 0.0, -0.955571, -0.034087, 0.0, 1.0, 0.0, 0.749253, 0.0, 0.0, 0.0, 1.0],
                [0.962118, 0.0, 0.272633, 0.009031, 0.272633, 0.0, -0.962118, -0.035791, 0.0, 1.0, 0.0, 0.747781, 0.0, 0.0, 0.0, 1.0],
                [0.968176, 0.0, 0.250268, 0.009031, 0.250268, 0.0, -0.968176, -0.037495, 0.0, 1.0, 0.0, 0.746309, 0.0, 0.0, 0.0, 1.0],
                [0.973735, 0.0, 0.227684, 0.009031, 0.227684, 0.0, -0.973735, -0.039199, 0.0, 1.0, 0.0, 0.744837, 0.0, 0.0, 0.0, 1.0],
                [0.978784, 0.0, 0.204897, 0.009031, 0.204897, 0.0, -0.978784, -0.040904, 0.0, 1.0, 0.0, 0.743365, 0.0, 0.0, 0.0, 1.0],
                [0.985322, 0.0, 0.170704, 0.009031, 0.170704, 0.0, -0.985322, -0.043025, 0.0, 1.0, 0.0, 0.741533, 0.0, 0.0, 0.0, 1.0],
                [0.990697, 0.0, 0.136083, 0.009031, 0.136083, 0.0, -0.990697, -0.045146, 0.0, 1.0, 0.0, 0.739702, 0.0, 0.0, 0.0, 1.0],
                [0.994877, 0.0, 0.101093, 0.009031, 0.101093, 0.0, -0.994877, -0.047266, 0.0, 1.0, 0.0, 0.73787, 0.0, 0.0, 0.0, 1.0],
                [0.997833, 0.0, 0.065795, 0.009031, 0.065795, 0.0, -0.997833, -0.049387, 0.0, 1.0, 0.0, 0.736038, 0.0, 0.0, 0.0, 1.0],
                [0.999542, 0.0, 0.030253, 0.009031, 0.030253, 0.0, -0.999542, -0.051508, 0.0, 1.0, 0.0, 0.734207, 0.0, 0.0, 0.0, 1.0],
                [0.999985, 0.0, -0.005469, 0.009031, -0.005469, 0.0, -0.999985, -0.053629, 0.0, 1.0, 0.0, 0.732375, 0.0, 0.0, 0.0, 1.0],
                [0.999147, 0.0, -0.041302, 0.009031, -0.041302, 0.0, -0.999147, -0.05575, 0.0, 1.0, 0.0, 0.730543, 0.0, 0.0, 0.0, 1.0],
                [0.997017, 0.0, -0.077177, 0.009031, -0.077177, 0.0, -0.997017, -0.057871, 0.0, 1.0, 0.0, 0.728712, 0.0, 0.0, 0.0, 1.0],
                [0.993592, 0.0, -0.113025, 0.009031, -0.113025, 0.0, -0.993592, -0.059992, 0.0, 1.0, 0.0, 0.72688, 0.0, 0.0, 0.0, 1.0],
                [0.988871, 0.0, -0.148776, 0.009031, -0.148776, 0.0, -0.988871, -0.062113, 0.0, 1.0, 0.0, 0.725048, 0.0, 0.0, 0.0, 1.0],
                [0.982859, 0.0, -0.184359, 0.009031, -0.184359, 0.0, -0.982859, -0.064234, 0.0, 1.0, 0.0, 0.723217, 0.0, 0.0, 0.0, 1.0],
                [0.975566, 0.0, -0.219705, 0.009031, -0.219705, 0.0, -0.975566, -0.066355, 0.0, 1.0, 0.0, 0.721385, 0.0, 0.0, 0.0, 1.0],
                [0.967008, 0.0, -0.254745, 0.009031, -0.254745, 0.0, -0.967008, -0.068475, 0.0, 1.0, 0.0, 0.719553, 0.0, 0.0, 0.0, 1.0],
                [0.957205, 0.0, -0.289412, 0.009031, -0.289412, 0.0, -0.957205, -0.070596, 0.0, 1.0, 0.0, 0.717721, 0.0, 0.0, 0.0, 1.0],
                [0.949989, 0.0, -0.312282, 0.009031, -0.312282, 0.0, -0.949989, -0.07201, 0.0, 1.0, 0.0, 0.7165, 0.0, 0.0, 0.0, 1.0],
                [0.94224, 0.0, -0.334939, 0.009031, -0.334939, 0.0, -0.94224, -0.073424, 0.0, 1.0, 0.0, 0.715279, 0.0, 0.0, 0.0, 1.0],
                [0.933966, 0.0, -0.357363, 0.009031, -0.357363, 0.0, -0.933966, -0.074838, 0.0, 1.0, 0.0, 0.714058, 0.0, 0.0, 0.0, 1.0],
                [0.925177, 0.0, -0.379537, 0.009031, -0.379537, 0.0, -0.925177, -0.076252, 0.0, 1.0, 0.0, 0.712837, 0.0, 0.0, 0.0, 1.0],
                [0.915884, 0.0, -0.401442, 0.009031, -0.401442, 0.0, -0.915884, -0.077666, 0.0, 1.0, 0.0, 0.711616, 0.0, 0.0, 0.0, 1.0],
                [0.9061, 0.0, -0.423063, 0.009031, -0.423063, 0.0, -0.9061, -0.07908, 0.0, 1.0, 0.0, 0.710395, 0.0, 0.0, 0.0, 1.0],
                [0.895837, 0.0, -0.444383, 0.009031, -0.444383, 0.0, -0.895837, -0.080494, 0.0, 1.0, 0.0, 0.709174, 0.0, 0.0, 0.0, 1.0],
                [0.885107, 0.0, -0.465388, 0.009031, -0.465388, 0.0, -0.885107, -0.081908, 0.0, 1.0, 0.0, 0.707952, 0.0, 0.0, 0.0, 1.0],
                [0.873925, 0.0, -0.486061, 0.009031, -0.486061, 0.0, -0.873925, -0.083322, 0.0, 1.0, 0.0, 0.706731, 0.0, 0.0, 0.0, 1.0],
                [0.862305, 0.0, -0.50639, 0.009031, -0.50639, 0.0, -0.862305, -0.084736, 0.0, 1.0, 0.0, 0.70551, 0.0, 0.0, 0.0, 1.0],
                [0.850261, 0.0, -0.526361, 0.009031, -0.526361, 0.0, -0.850261, -0.08615, 0.0, 1.0, 0.0, 0.704289, 0.0, 0.0, 0.0, 1.0],
                [0.837809, 0.0, -0.545963, 0.009031, -0.545963, 0.0, -0.837809, -0.087564, 0.0, 1.0, 0.0, 0.703068, 0.0, 0.0, 0.0, 1.0],
                [0.798843, 0.0, -0.60154, 0.013477, -0.60154, 0.0, -0.798843, -0.10578, 0.0, 1.0, 0.0, 0.693633, 0.0, 0.0, 0.0, 1.0],
                [0.756302, 0.0, -0.654222, 0.017922, -0.654222, 0.0, -0.756302, -0.123996, 0.0, 1.0, 0.0, 0.684198, 0.0, 0.0, 0.0, 1.0],
                [0.710517, 0.0, -0.70368, 0.022367, -0.70368, 0.0, -0.710517, -0.142213, 0.0, 1.0, 0.0, 0.674763, 0.0, 0.0, 0.0, 1.0],
                [0.661855, 0.0, -0.749632, 0.026812, -0.749632, 0.0, -0.661855, -0.160429, 0.0, 1.0, 0.0, 0.665328, 0.0, 0.0, 0.0, 1.0],
                [0.610711, 0.0, -0.791854, 0.031258, -0.791854, 0.0, -0.610711, -0.178645, 0.0, 1.0, 0.0, 0.655893, 0.0, 0.0, 0.0, 1.0],
                [0.557499, 0.0, -0.830178, 0.035703, -0.830178, 0.0, -0.557499, -0.196862, 0.0, 1.0, 0.0, 0.646458, 0.0, 0.0, 0.0, 1.0],
                [0.502642, 0.0, -0.864494, 0.040148, -0.864494, 0.0, -0.502642, -0.215078, 0.0, 1.0, 0.0, 0.637023, 0.0, 0.0, 0.0, 1.0],
                [0.446565, 0.0, -0.894751, 0.044593, -0.894751, 0.0, -0.446565, -0.233295, 0.0, 1.0, 0.0, 0.627589, 0.0, 0.0, 0.0, 1.0]
            ]
        },
        {
            "name": "Thigh_R",
            "time": [0.0, 0.0167, 0.0333, 0.05, 0.0667, 0.0833, 0.1, 0.1167, 0.1333, 0.15, 0.1667, 0.1833, 0.2, 0.2167, 0.2333, 0.25, 0.2667, 0.2833, 0.3, 0.3167, 0.3333, 0.35, 0.3667, 0.3833, 0.4, 0.4167, 0.4333, 0.45, 0.4667, 0.4833, 0.5, 0.5167, 0.5333, 0.55, 0.5667, 0.5833, 0.6, 0.6167, 0.6333, 0.65, 0.6667, 0.6833, 0.7, 0.7167, 0.7333, 0.75, 0.7667, 0.7833, 0.8, 0.8167, 0.8333, 0.85, 0.8667, 0.8833, 0.9, 0.9167, 0.9333, 0.95, 0.9667, 0.9833, 1.0, 1.0167, 1.0333, 1.05, 1.0667, 1.0833, 1.1],
            "transform": [
                [0.989256, 0.144953, 0.018998, 0.124994, 0.143085, -0.986666, 0.077542, -0.002831, 0.029985, -0.073991, -0.996808, -1.2e-05, 0.0, 0.0, 0.0, 1.0],
                [0.987558, 0.147259, 0.055156, 0.124994, 0.143381, -0.987279, 0.068698, -0.002831, 0.064571, -0.059935, -0.996112, -1.2e-05, 0.0, 0.0, 0.0, 1.0],
                [0.984589, 0.14894, 0.09166, 0.124994, 0.143899, -0.987807, 0.059382, -0.002831, 0.099387, -0.045277, -0.994018, -1.2e-05, 0.0, 0.0, 0.0, 1.0],
                [0.980318, 0.149925, 0.128446, 0.124994, 0.144642, -0.98824, 0.049568, -0.002831, 0.134367, -0.030014, -0.990477, -1.2e-05, 0.0, 0.0, 0.0, 1.0],
                [0.974723, 0.150142, 0.165444, 0.124994, 0.145616, -0.988561, 0.039229, -0.002831, 0.169442, -0.014147, -0.985439, -1.2e-05, 0.0, 0.0, 0.0, 1.0],
                [0.967784, 0.149514, 0.202583, 0.124994, 0.146822, -0.988755, 0.028338, -0.002831, 0.204542, 0.002319, -0.978855, -1.2e-05, 0.0, 0.0, 0.0, 1.0],
                [0.959486, 0.147916, 0.239806, 0.124994, 0.148263, -0.988805, 0.016697, -0.002831, 0.239592, 0.019534, -0.970677, -1.2e-05, 0.0, 0.0, 0.0, 1.0],
                [0.94982, 0.145291, 0.277006, 0.124994, 0.149941, -0.988683, 0.004444, -0.002831, 0.274517, 0.037314, -0.960858, -1.2e-05, 0.0, 0.0, 0.0, 1.0],
                [0.938782, 0.141493, 0.314115, 0.124994, 0.151854, -0.988364, -0.008629, -0.002831, 0.309239, 0.055801, -0.949346, -1.2e-05, 0.0, 0.0, 0.0, 1.0],
                [0.926373, 0.136298, 0.351079, 0.124994, 0.154002, -0.987804, -0.022862, -0.002831, 0.343681, 0.075245, -0.936067, -1.2e-05, 0.0, 0.0, 0.0, 1.0],
                [0.9126, 0.129504, 0.387801, 0.124994, 0.156382, -0.986947, -0.038424, -0.002831, 0.377763, 0.09571, -0.920942, -1.2e-05, 0.0, 0.0, 0.0, 1.0],
                [0.897478, 0.120722, 0.424216, 0.124994, 0.158992, -0.985697, -0.055859, -0.002831, 0.411405, 0.117579, -0.903837, -1.2e-05, 0.0, 0.0, 0.0, 1.0],
                [0.881025, 0.108999, 0.460342, 0.124994, 0.161827, -0.983827, -0.076763, -0.002831, 0.44453, 0.142125, -0.884417, -1.2e-05, 0.0, 0.0, 0.0, 1.0],
                [0.8412, 0.068116, 0.536416, 0.124994, 0.168668, -0.975589, -0.14062, -0.002831, 0.513744, 0.208765, -0.832157, -1.2e-05, 0.0, 0.0, 0.0, 1.0],
                [0.794888, 0.051764, 0.604544, 0.124994, 0.176588, -0.972959, -0.148878, -0.002831, 0.580491, 0.225095, -0.782536, -1.2e-05, 0.0, 0.0, 0.0, 1.0],
                [0.742288, 0.034233, 0.669206, 0.124994, 0.185535, -0.970147, -0.15617, -0.002831, 0.643882, 0.240084, -0.726482, -1.2e-05, 0.0, 0.0, 0.0, 1.0],
                [0.683764, 0.015683, 0.729535, 0.124994, 0.195433, -0.967179, -0.16238, -0.002831, 0.703045, 0.253603, -0.664389, -1.2e-05, 0.0, 0.0, 0.0, 1.0],
                [0.619839, -0.003708, 0.784721, 0.124994, 0.206174, -0.964087, -0.16741, -0.002831, 0.75716, 0.265555, -0.596815, -1.2e-05, 0.0, 0.0, 0.0, 1.0],
                [0.551186, -0.023754, 0.834045, 0.124994, 0.21763, -0.9609, -0.17119, -0.002831, 0.8055, 0.27587, -0.524466, -1.2e-05, 0.0, 0.0, 0.0, 1.0],
                [0.57092, -0.020285, 0.820755, 0.124994, 0.216852, -0.960465, -0.174582, -0.002831, 0.791849, 0.277654, -0.543951, -1.2e-05, 0.0, 0.0, 0.0, 1.0],
                [0.590393, -0.016638, 0.806944, 0.124994, 0.216089, -0.960029, -0.177894, -0.002831, 0.777651, 0.279399, -0.5632, -1.2e-05, 0.0, 0.0, 0.0, 1.0],
                [0.609582, -0.012811, 0.79262, 0.124994, 0.215346, -0.959592, -0.181126, -0.002831, 0.762912, 0.281098, -0.582192, -1.2e-05, 0.0, 0.0, 0.0, 1.0],
                [0.628464, -0.008802, 0.777789, 0.124994, 0.214627, -0.959153, -0.184277, -0.002831, 0.747642, 0.282745, -0.600905, -1.2e-05, 0.0, 0.0, 0.0, 1.0],
                [0.647015, -0.004614, 0.762464, 0.124994, 0.213938, -0.958712, -0.187346, -0.002831, 0.731848, 0.284335, -0.619315, -1.2e-05, 0.0, 0.0, 0.0, 1.0],
                [0.665213, -0.000244, 0.746654, 0.124994, 0.213282, -0.95827, -0.190333, -0.002831, 0.715543, 0.285859, -0.637403, -1.2e-05, 0.0, 0.0, 0.0, 1.0],
                [0.683036, 0.004306, 0.730372, 0.124994, 0.212666, -0.957825, -0.193236, -0.002831, 0.698737, 0.287312, -0.655147, -1.2e-05, 0.0, 0.0, 0.0, 1.0],
                [0.700463, 0.009036, 0.713632, 0.124994, 0.212093, -0.957379, -0.196057, -0.002831, 0.681446, 0.288687, -0.672526, -1.2e-05, 0.0, 0.0, 0.0, 1.0],
                [0.717472, 0.013945, 0.696449, 0.124994, 0.211569, -0.95693, -0.198796, -0.002831, 0.663681, 0.289977, -0.689522, -1.2e-05, 0.0, 0.0, 0.0, 1.0],
                [0.734043, 0.019031, 0.678837, 0.124994, 0.211099, -0.956479, -0.201452, -0.002831, 0.64546, 0.291175, -0.706115, -1.2e-05, 0.0, 0.0, 0.0, 1.0],
                [0.750156, 0.024293, 0.660814, 0.124994, 0.210687, -0.956024, -0.204026, -0.002831, 0.626798, 0.292275, -0.722287, -1.2e-05, 0.0, 0.0, 0.0, 1.0],
                [0.765794, 0.037813, 0.641974, 0.124994, 0.210338, -0.958089, -0.194474, -0.002831, 0.607715, 0.283958, -0.741654, -1.2e-05, 0.0, 0.0, 0.0, 1.0],
                [0.780938, 0.067579, 0.620942, 0.124994, 0.210057, -0.964639, -0.159196, -0.002831, 0.588228, 0.254755, -0.767521, -1.2e-05, 0.0, 0.0, 0.0, 1.0],
                [0.795571, 0.08494, 0.599876, 0.124994, 0.209848, -0.967466, -0.141317, -0.002831, 0.568357, 0.23831, -0.787514, -1.2e-05, 0.0, 0.0, 0.0, 1.0],
                [0.816553, 0.104743, 0.567688, 0.124994, 0.209051, -0.970305, -0.121667, -0.002831, 0.538087, 0.218022, -0.814204, -1.2e-05, 0.0, 0.0, 0.0, 1.0],
                [0.836364, 0.121037, 0.534644, 0.124994, 0.208431, -0.97228, -0.105944, -0.002831, 0.507002, 0.200044, -0.83841, -1.2e-05, 0.0, 0.0, 0.0, 1.0],
                [0.854954, 0.135073, 0.500808, 0.124994, 0.208004, -0.973746, -0.092464, -0.002831, 0.475171, 0.183222, -0.860606, -1.2e-05, 0.0, 0.0, 0.0, 1.0],
                [0.872278, 0.147388, 0.466269, 0.124994, 0.207784, -0.97485, -0.080563, -0.002831, 0.442669, 0.167156, -0.880967, -1.2e-05, 0.0, 0.0, 0.0, 1.0],
                [0.8883, 0.158404, 0.431082, 0.124994, 0.207783, -0.975691, -0.069639, -0.002831, 0.409572, 0.151432, -0.899622, -1.2e-05, 0.0, 0.0, 0.0, 1.0],
                [0.902985, 0.168239, 0.395364, 0.124994, 0.208014, -0.976304, -0.059642, -0.002831, 0.375962, 0.136096, -0.916587, -1.2e-05, 0.0, 0.0, 0.0, 1.0],
                [0.91631, 0.177091, 0.359185, 0.124994, 0.208486, -0.976729, -0.050301, -0.002831, 0.341919, 0.120976, -0.93191, -1.2e-05, 0.0, 0.0, 0.0, 1.0],
                [0.928255, 0.185071, 0.322632, 0.124994, 0.209211, -0.976988, -0.041497, -0.002831, 0.307528, 0.106018, -0.945615, -1.2e-05, 0.0, 0.0, 0.0, 1.0],
                [0.938807, 0.192257, 0.285794, 0.124994, 0.210196, -0.977095, -0.033169, -0.002831, 0.272871, 0.091211, -0.957717, -1.2e-05, 0.0, 0.0, 0.0, 1.0],
                [0.947961, 0.198718, 0.248759, 0.124994, 0.211448, -0.977061, -0.025264, -0.002831, 0.238033, 0.076549, -0.968236, -1.2e-05, 0.0, 0.0, 0.0, 1.0],
                [0.955716, 0.204513, 0.211616, 0.124994, 0.212975, -0.976895, -0.017746, -0.002831, 0.203098, 0.062028, -0.977192, -1.2e-05, 0.0, 0.0, 0.0, 1.0],
                [0.962078, 0.209694, 0.174448, 0.124994, 0.21478, -0.976603, -0.010585, -0.002831, 0.168147, 0.047651, -0.984609, -1.2e-05, 0.0, 0.0, 0.0, 1.0],
                [0.967062, 0.214307, 0.13734, 0.124994, 0.216866, -0.976192, -0.003766, -0.002831, 0.133263, 0.033426, -0.990517, -1.2e-05, 0.0, 0.0, 0.0, 1.0],
                [0.970684, 0.218397, 0.10037, 0.124994, 0.219236, -0.975666, 0.002724, -0.002831, 0.098523, 0.019361, -0.994946, -1.2e-05, 0.0, 0.0, 0.0, 1.0],
                [0.969231, 0.228389, 0.091814, 0.124994, 0.228884, -0.973438, 0.005241, -0.002831, 0.090573, 0.015935, -0.995763, -1.2e-05, 0.0, 0.0, 0.0, 1.0],
                [0.967218, 0.239181, 0.085333, 0.124994, 0.239429, -0.970883, 0.007468, -0.002831, 0.084634, 0.013208, -0.996325, -1.2e-05, 0.0, 0.0, 0.0, 1.0],
                [0.96459, 0.250925, 0.081251, 0.124994, 0.250985, -0.967941, 0.009654, -0.002831, 0.081069, 0.01108, -0.996647, -1.2e-05, 0.0, 0.0, 0.0, 1.0],
                [0.96126, 0.263787, 0.079966, 0.124994, 0.263681, -0.964533, 0.01208, -0.002831, 0.080316, 0.009473, -0.996725, -1.2e-05, 0.0, 0.0, 0.0, 1.0],
                [0.957092, 0.277951, 0.081965, 0.124994, 0.277667, -0.960557, 0.015073, -0.002831, 0.082922, 0.008332, -0.996521, -1.2e-05, 0.0, 0.0, 0.0, 1.0],
                [0.951874, 0.293628, 0.087846, 0.124994, 0.29311, -0.955888, 0.019037, -0.002831, 0.089561, 0.007627, -0.995952, -1.2e-05, 0.0, 0.0, 0.0, 1.0],
                [0.945287, 0.311063, 0.098345, 0.124994, 0.310186, -0.950359, 0.02448, -0.002831, 0.101078, 0.007364, -0.994852, -1.2e-05, 0.0, 0.0, 0.0, 1.0],
                [0.936836, 0.330544, 0.114359, 0.124994, 0.329074, -0.943758, 0.03206, -0.002831, 0.118525, 0.007597, -0.992922, -1.2e-05, 0.0, 0.0, 0.0, 1.0],
                [0.925769, 0.352405, 0.136972, 0.124994, 0.349918, -0.935808, 0.042639, -0.002831, 0.143206, 0.008455, -0.989657, -1.2e-05, 0.0, 0.0, 0.0, 1.0],
                [0.910942, 0.37702, 0.167451, 0.124994, 0.372771, -0.926148, 0.057351, -0.002831, 0.176707, 0.010177, -0.984211, -1.2e-05, 0.0, 0.0, 0.0, 1.0],
                [0.890632, 0.404781, 0.207185, 0.124994, 0.397479, -0.914317, 0.07767, -0.002831, 0.220872, 0.013176, -0.975214, -1.2e-05, 0.0, 0.0, 0.0, 1.0],
                [0.862309, 0.436029, 0.257489, 0.124994, 0.423474, -0.899748, 0.105449, -0.002831, 0.277654, 0.01811, -0.960511, -1.2e-05, 0.0, 0.0, 0.0, 1.0],
                [0.825819, 0.482991, 0.291104, 0.124994, 0.451659, -0.875565, 0.171425, -0.002831, 0.337677, -0.010087, -0.941208, -1.2e-05, 0.0, 0.0, 0.0, 1.0],
                [0.797056, 0.522748, 0.30238, 0.124994, 0.471743, -0.851564, 0.228683, -0.002831, 0.37704, -0.039628, -0.925349, -1.2e-05, 0.0, 0.0, 0.0, 1.0],
                [0.776646, 0.555727, 0.296628, 0.124994, 0.486698, -0.82831, 0.277533, -0.002831, 0.399933, -0.071177, -0.913777, -1.2e-05, 0.0, 0.0, 0.0, 1.0],
                [0.763638, 0.582565, 0.27834, 0.124994, 0.498622, -0.805998, 0.318967, -0.002831, 0.410161, -0.104789, -0.905973, -1.2e-05, 0.0, 0.0, 0.0, 1.0],
                [0.75653, 0.603885, 0.250964, 0.124994, 0.508873, -0.784648, 0.354081, -0.002831, 0.410743, -0.140165, -0.900913, -1.2e-05, 0.0, 0.0, 0.0, 1.0],
                [0.753782, 0.620236, 0.217067, 0.124994, 0.518291, -0.764221, 0.383847, -0.002831, 0.403963, -0.176833, -0.897521, -1.2e-05, 0.0, 0.0, 0.0, 1.0],
                [0.754026, 0.632103, 0.178574, 0.124994, 0.527386, -0.744671, 0.409057, -0.002831, 0.391545, -0.214262, -0.894866, -1.2e-05, 0.0, 0.0, 0.0, 1.0],
                [0.756128, 0.639931, 0.136953, 0.124994, 0.536463, -0.725965, 0.430326, -0.002831, 0.374803, -0.251912, -0.892224, -1.2e-05, 0.0, 0.0, 0.0, 1.0]
            ]
        },
        {
            "name": "Leg_R",
            "time": [0.0, 0.0167, 0.0333, 0.05, 0.0667, 0.0833, 0.1, 0.1167, 0.1333, 0.15, 0.1667, 0.1833, 0.2, 0.2167, 0.2333, 0.25, 0.2667, 0.2833, 0.3, 0.3167, 0.3333, 0.35, 0.3667, 0.3833, 0.4, 0.4167, 0.4333, 0.45, 0.4667, 0.4833, 0.5, 0.5167, 0.5333, 0.55, 0.5667, 0.5833, 0.6, 0.6167, 0.6333, 0.65, 0.6667, 0.6833, 0.7, 0.7167, 0.7333, 0.75, 0.7667, 0.7833, 0.8, 0.8167, 0.8333, 0.85, 0.8667, 0.8833, 0.9, 0.9167, 0.9333, 0.95, 0.9667, 0.9833, 1.0, 1.0167, 1.0333, 1.05, 1.0667, 1.0833, 1.1],
            "transform": [
                [1.0, -0.0, 1e-06, 0.0, -0.0, 0.955234, 0.295858, 0.374726, -1e-06, -0.295859, 0.955229, 0.0, 0.0, 0.0, 0.0, 1.0],
                [1.0, -0.0, 1e-06, -0.0, -0.0, 0.957092, 0.289791, 0.374726, -1e-06, -0.289791, 0.957087, -0.0, 0.0, 0.0, 0.0, 1.0],
                [1.0, -0.0, 1e-06, 0.0, -0.0, 0.959199, 0.28274, 0.374726, -1e-06, -0.282741, 0.959194, 0.0, 0.0, 0.0, 0.0, 1.0],
                [1.0, -0.0, 1e-06, 0.0, -0.0, 0.961553, 0.274627, 0.374726, -1e-06, -0.274627, 0.961548, -0.0, 0.0, 0.0, 0.0, 1.0],
                [1.0, -0.0, 1e-06, 0.0, -0.0, 0.964152, 0.26536, 0.374726, -1e-06, -0.265361, 0.964146, 0.0, 0.0, 0.0, 0.0, 1.0],
                [1.0, -0.0, 1e-06, 0.0, -0.0, 0.966983, 0.254851, 0.374726, -1e-06, -0.254851, 0.966978, 0.0, 0.0, 0.0, 0.0, 1.0],
                [1.0, -0.0, 1e-06, 0.0, -0.0, 0.97011, 0.242673, 0.374726, -1e-06, -0.242673, 0.970105, -0.0, 0.0, 0.0, 0.0, 1.0],
                [1.0, -0.0, 1e-06, 0.0, -0.0, 0.973417, 0.229049, 0.374726, -1e-06, -0.229049, 0.973412, -0.0, 0.0, 0.0, 0.0, 1.0],
                [1.0, -0.0, 1e-06, 0.0, -0.0, 0.97694, 0.213527, 0.374726, -1e-06, -0.213528, 0.976934, 0.0, 0.0, 0.0, 0.0, 1.0],
                [1.0, -0.0, 1e-06, -0.0, -0.0, 0.98073, 0.195381, 0.374726, -1e-06, -0.195382, 0.980724, -0.0, 0.0, 0.0, 0.0, 1.0],
                [1.0, -0.0, 1e-06, -0.0, -0.0, 0.984711, 0.174211, 0.374726, -1e-06, -0.174212, 0.984706, -0.0, 0.0, 0.0, 0.0, 1.0],
                [1.0, -0.0, 1e-06, -0.0, -0.0, 0.988862, 0.148855, 0.374726, -1e-06, -0.148855, 0.988856, -0.0, 0.0, 0.0, 0.0, 1.0],
                [1.0, -0.0, 1e-06, 0.0, -0.0, 0.993251, 0.116007, 0.374726, -1e-06, -0.116007, 0.993246, -0.0, 0.0, 0.0, 0.0, 1.0],
                [1.0, 0.0, 1e-06, -0.0, 0.0, 0.999992, 0.004681, 0.374726, -1e-06, -0.004681, 0.999986, 0.0, 0.0, 0.0, 0.0, 1.0],
                [1.0, -0.0, 1e-06, 0.0, 0.0, 0.999992, 0.004684, 0.374726, -1e-06, -0.004684, 0.999986, 0.0, 0.0, 0.0, 0.0, 1.0],
                [1.0, -0.0, 1e-06, -0.0, 0.0, 0.999992, 0.004687, 0.374726, -1e-06, -0.004687, 0.999986, 0.0, 0.0, 0.0, 0.0, 1.0],
                [1.0, -0.0, 1e-06, 0.0, -0.0, 0.999992, 0.00469, 0.374726, -1e-06, -0.004691, 0.999986, -0.0, 0.0, 0.0, 0.0, 1.0],
                [1.0, 0.0, 1e-06, 0.0, -0.0, 0.999992, 0.004694, 0.374726, -1e-06, -0.004694, 0.999986, 0.0, 0.0, 0.0, 0.0, 1.0],
                [1.0, -0.0, 1e-06, -0.0, -0.0, 0.999992, 0.004698, 0.374726, -1e-06, -0.004698, 0.999986, -0.0, 0.0, 0.0, 0.0, 1.0],
                [1.0, 0.0, 1e-06, -0.0, 0.0, 0.999991, 0.004696, 0.374726, -1e-06, -0.004696, 0.999986, -0.0, 0.0, 0.0, 0.0, 1.0],
                [1.0, -0.0, 1e-06, 0.0, -0.0, 0.999991, 0.004695, 0.374726, -1e-06, -0.004695, 0.999986, -0.0, 0.0, 0.0, 0.0, 1.0],
                [1.0, 0.0, 1e-06, -0.0, -0.0, 0.999992, 0.004693, 0.374726, -1e-06, -0.004693, 0.999986, 0.0, 0.0, 0.0, 0.0, 1.0],
                [1.0, 0.0, 1e-06, 0.0, 0.0, 0.999992, 0.004692, 0.374726, -1e-06, -0.004692, 0.999986, -0.0, 0.0, 0.0, 0.0, 1.0],
                [1.000001, 0.0, 1e-06, -0.0, 0.0, 0.999992, 0.00469, 0.374726, -1e-06, -0.00469, 0.999986, 0.0, 0.0, 0.0, 0.0, 1.0],
                [1.0, -0.0, 1e-06, 0.0, 0.0, 0.999992, 0.004689, 0.374726, -1e-06, -0.004689, 0.999986, -0.0, 0.0, 0.0, 0.0, 1.0],
                [1.0, 0.0, 1e-06, -0.0, -0.0, 0.999991, 0.004687, 0.374726, -1e-06, -0.004687, 0.999986, 0.0, 0.0, 0.0, 0.0, 1.0],
                [1.0, 0.0, 1e-06, 0.0, 0.0, 0.999992, 0.004686, 0.374726, -1e-06, -0.004686, 0.999986, 0.0, 0.0, 0.0, 0.0, 1.0],
                [1.0, -0.0, 1e-06, 0.0, -0.0, 0.999992, 0.004684, 0.374726, -1e-06, -0.004684, 0.999986, 0.0, 0.0, 0.0, 0.0, 1.0],
                [1.0, -0.0, 1e-06, -0.0, -0.0, 0.999992, 0.004683, 0.374726, -1e-06, -0.004683, 0.999986, 0.0, 0.0, 0.0, 0.0, 1.0],
                [1.0, 0.0, 1e-06, 0.0, 0.0, 0.999992, 0.004681, 0.374726, -1e-06, -0.004681, 0.999986, 0.0, 0.0, 0.0, 0.0, 1.0],
                [1.0, -0.0, 1e-06, -0.0, -0.0, 0.999557, 0.029839, 0.374726, -1e-06, -0.029839, 0.999552, 0.0, 0.0, 0.0, 0.0, 1.0],
                [1.0, -0.0, 1e-06, -0.0, -0.0, 0.994151, 0.108025, 0.374726, -1e-06, -0.108026, 0.994145, 0.0, 0.0, 0.0, 0.0, 1.0],
                [1.0, -0.0, 1e-06, -0.0, -0.0, 0.988758, 0.149545, 0.374726, -1e-06, -0.149545, 0.988752, 0.0, 0.0, 0.0, 0.0, 1.0],
                [1.0, -0.0, 1e-06, 0.0, -0.0, 0.980994, 0.194053, 0.374726, -1e-06, -0.194054, 0.980988, -0.0, 0.0, 0.0, 0.0, 1.0],
                [1.0, -0.0, 1e-06, 0.0, -0.0, 0.973233, 0.229835, 0.374726, -1e-06, -0.229835, 0.973227, 0.0, 0.0, 0.0, 0.0, 1.0],
                [1.0, -0.0, 1e-06, 0.0, -0.0, 0.96549, 0.26045, 0.374726, -1e-06, -0.260451, 0.965484, 0.0, 0.0, 0.0, 0.0, 1.0],
                [1.0, -0.0, 1e-06, 0.0, -0.0, 0.957835, 0.287327, 0.374726, -1e-06, -0.287328, 0.957829, 0.0, 0.0, 0.0, 0.0, 1.0],
                [1.0, -0.0, 1e-06, -0.0, -0.0, 0.950174, 0.311727, 0.374726, -1e-06, -0.311728, 0.950169, -0.0, 0.0, 0.0, 0.0, 1.0],
                [1.0, -0.0, 1e-06, 0.0, -0.0, 0.942642, 0.333813, 0.374726, -1e-06, -0.333814, 0.942637, 0.0, 0.0, 0.0, 0.0, 1.0],
                [1.0, -0.0, 1e-06, 0.0, -0.0, 0.935187, 0.354159, 0.374726, -1e-06, -0.35416, 0.935182, -0.0, 0.0, 0.0, 0.0, 1.0],
                [1.0, -0.0, 1e-06, -0.0, -0.0, 0.927816, 0.373044, 0.374726, -1e-06, -0.373045, 0.927811, 0.0, 0.0, 0.0, 0.0, 1.0],
                [1.0, -0.0, 1e-06, 0.0, -0.0, 0.920552, 0.390625, 0.374726, -1e-06, -0.390626, 0.920547, 0.0, 0.0, 0.0, 0.0, 1.0],
                [1.0, -0.0, 1e-06, 0.0, -0.0, 0.913412, 0.407042, 0.374726, -1e-06, -0.407043, 0.913406, -0.0, 0.0, 0.0, 0.0, 1.0],
                [1.0, -0.0, 1e-06, -0.0, -0.0, 0.906411, 0.422402, 0.374726, -1e-06, -0.422403, 0.906406, 0.0, 0.0, 0.0, 0.0, 1.0],
                [1.0, -0.0, 1e-06, -0.0, -0.0, 0.899563, 0.436794, 0.374726, -1e-06, -0.436795, 0.899559, -0.0, 0.0, 0.0, 0.0, 1.0],
                [1.0, -0.0, 1e-06, -0.0, -0.0, 0.892888, 0.450283, 0.374726, -1e-06, -0.450284, 0.892883, -0.0, 0.0, 0.0, 0.0, 1.0],
                [1.0, -0.0, 1e-06, 0.0, -0.0, 0.886399, 0.462926, 0.374726, -1e-06, -0.462927, 0.886394, -0.0, 0.0, 0.0, 0.0, 1.0],
                [1.0, -0.0, 1e-06, -0.0, -0.0, 0.877295, 0.479954, 0.374726, -1e-06, -0.479955, 0.877291, -0.0, 0.0, 0.0, 0.0, 1.0],
                [1.0, -0.0, 1e-06, 0.0, -0.0, 0.868852, 0.495075, 0.374726, -1e-06, -0.495076, 0.868847, -0.0, 0.0, 0.0, 0.0, 1.0],
                [1.0, -0.0, 1e-06, 0.0, -0.0, 0.861078, 0.508476, 0.374726, -1e-06, -0.508477, 0.861073, -0.0, 0.0, 0.0, 0.0, 1.0],
                [1.0, -0.0, 1e-06, -0.0, -0.0, 0.853982, 0.520305, 0.374726, -1e-06, -0.520307, 0.853977, 0.0, 0.0, 0.0, 0.0, 1.0],
                [1.0, -0.0, 1e-06, 0.0, -0.0, 0.847573, 0.530681, 0.374726, -1e-06, -0.530683, 0.847569, -0.0, 0.0, 0.0, 0.0, 1.0],
                [1.0, -0.0, 1e-06, -0.0, -0.0, 0.84186, 0.539698, 0.374726, -1e-06, -0.539699, 0.841856, 0.0, 0.0, 0.0, 0.0, 1.0],
                [1.0, -0.0, 1e-06, -0.0, -0.0, 0.836855, 0.547427, 0.374726, -1e-06, -0.547428, 0.83685, -0.0, 0.0, 0.0, 0.0, 1.0],
                [1.0, -0.0, 1e-06, 0.0, -0.0, 0.832566, 0.553928, 0.374726, -1e-06, -0.553929, 0.832561, 0.0, 0.0, 0.0, 0.0, 1.0],
                [1.0, -0.0, 1e-06, -0.0, -0.0, 0.829005, 0.559243, 0.374726, -1e-06, -0.559245, 0.829001, -0.0, 0.0, 0.0, 0.0, 1.0],
                [1.0, -1e-06, 1e-06, -0.0, -0.0, 0.826182, 0.563405, 0.374726, -1e-06, -0.563406, 0.826178, -0.0, 0.0, 0.0, 0.0, 1.0],
                [1.0, -0.0, 1e-06, -0.0, -0.0, 0.824109, 0.566434, 0.374726, -1e-06, -0.566435, 0.824104, -0.0, 0.0, 0.0, 0.0, 1.0],
                [1.0, -0.0, 1e-06, -0.0, -0.0, 0.822795, 0.568342, 0.374726, -1e-06, -0.568343, 0.822789, 0.0, 0.0, 0.0, 0.0, 1.0],
                [1.0, -1e-06, 1e-06, 0.0, -0.0, 0.803092, 0.595857, 0.374726, -1e-06, -0.595859, 0.803087, 0.0, 0.0, 0.0, 0.0, 1.0],
                [1.0, -0.0, 1e-06, -0.0, -0.0, 0.785077, 0.6194, 0.374726, -1e-06, -0.619401, 0.785073, 0.0, 0.0, 0.0, 0.0, 1.0],
                [1.0, -0.0, 1e-06, 0.0, -0.0, 0.768882, 0.639393, 0.374726, -1e-06, -0.639394, 0.768878, -0.0, 0.0, 0.0, 0.0, 1.0],
                [1.0, -1e-06, 1e-06, 0.0, -0.0, 0.754629, 0.656153, 0.374726, -1e-06, -0.656155, 0.754625, 0.0, 0.0, 0.0, 0.0, 1.0],
                [1.0, -0.0, 1e-06, -0.0, -0.0, 0.742434, 0.669921, 0.374726, -1e-06, -0.669922, 0.74243, 0.0, 0.0, 0.0, 0.0, 1.0],
                [1.0, -1e-06, 1e-06, 0.0, -0.0, 0.732402, 0.680874, 0.374726, -1e-06, -0.680875, 0.732398, -0.0, 0.0, 0.0, 0.0, 1.0],
                [1.0, -1e-06, 1e-06, -0.0, -0.0, 0.724621, 0.689149, 0.374726, -1e-06, -0.689151, 0.724617, -0.0, 0.0, 0.0, 0.0, 1.0],
                [1.0, -0.0, 1e-06, 0.0, -0.0, 0.719169, 0.694837, 0.374726, -1e-06, -0.694838, 0.719165, 0.0, 0.0, 0.0, 0.0, 1.0]
            ]
        },
        {
            "name": "Knee_R",
            "time": [0.0, 1.1],
            "transform": [
                [1.0, 0.0, -0.0, -0.0, -0.0, 0.00567, -0.999984, 0.374726, -0.0, 0.999984, 0.00567, 0.0, 0.0, 0.0, 0.0, 1.0],
                [1.0, 0.0, -0.0, -0.0, -0.0, 0.00567, -0.999984, 0.399228, -0.0, 0.999984, 0.00567, -0.000139, 0.0, 0.0, 0.0, 1.0]
            ]
        },
        {
            "name": "Thigh_L",
            "time": [0.0, 0.0167, 0.0333, 0.05, 0.0667, 0.0833, 0.1, 0.1167, 0.1333, 0.15, 0.1667, 0.1833, 0.2, 0.2167, 0.2333, 0.25, 0.2667, 0.2833, 0.3, 0.3167, 0.3333, 0.35, 0.3667, 0.3833, 0.4, 0.4167, 0.4333, 0.45, 0.4667, 0.4833, 0.5, 0.5167, 0.5333, 0.55, 0.5667, 0.5833, 0.6, 0.6167, 0.6333, 0.65, 0.6667, 0.6833, 0.7, 0.7167, 0.7333, 0.75, 0.7667, 0.7833, 0.8, 0.8167, 0.8333, 0.85, 0.8667, 0.8833, 0.9, 0.9167, 0.9333, 0.95, 0.9667, 0.9833, 1.0, 1.0167, 1.0333, 1.05, 1.0667, 1.0833, 1.1],
            "transform": [
                [0.917534, -0.142743, -0.371152, -0.125006, -0.109461, -0.987956, 0.109361, -0.002831, -0.382293, -0.059715, -0.92211, -1.2e-05, 0.0, 0.0, 0.0, 1.0],
                [0.93141, -0.140624, -0.335708, -0.125006, -0.107411, -0.987467, 0.115629, -0.002831, -0.347761, -0.071639, -0.934842, -1.2e-05, 0.0, 0.0, 0.0, 1.0],
                [0.94391, -0.137868, -0.300042, -0.125006, -0.105562, -0.986972, 0.121418, -0.002831, -0.312873, -0.082935, -0.946167, -1.2e-05, 0.0, 0.0, 0.0, 1.0],
                [0.955029, -0.134545, -0.264229, -0.125006, -0.103915, -0.98648, 0.126722, -0.002831, -0.277707, -0.093566, -0.956098, -1.2e-05, 0.0, 0.0, 0.0, 1.0],
                [0.964764, -0.130723, -0.228345, -0.125006, -0.102471, -0.986002, 0.131521, -0.002831, -0.242342, -0.103488, -0.964656, -1.2e-05, 0.0, 0.0, 0.0, 1.0],
                [0.97312, -0.126472, -0.192461, -0.125006, -0.101231, -0.985551, 0.135792, -0.002831, -0.206854, -0.112659, -0.971864, -1.2e-05, 0.0, 0.0, 0.0, 1.0],
                [0.980108, -0.121862, -0.156647, -0.125006, -0.100193, -0.98514, 0.139496, -0.002831, -0.171319, -0.121026, -0.977753, -1.2e-05, 0.0, 0.0, 0.0, 1.0],
                [0.98574, -0.116953, -0.120987, -0.125006, -0.099356, -0.9848, 0.142464, -0.002831, -0.13581, -0.128412, -0.982378, -1.2e-05, 0.0, 0.0, 0.0, 1.0],
                [0.990038, -0.11185, -0.085521, -0.125006, -0.098716, -0.984519, 0.144833, -0.002831, -0.100397, -0.134948, -0.985753, -1.2e-05, 0.0, 0.0, 0.0, 1.0],
                [0.993025, -0.106625, -0.050325, -0.125006, -0.098271, -0.984329, 0.146414, -0.002831, -0.065148, -0.140448, -0.987942, -1.2e-05, 0.0, 0.0, 0.0, 1.0],
                [0.994728, -0.101372, -0.01546, -0.125006, -0.098018, -0.984251, 0.147109, -0.002831, -0.030129, -0.144818, -0.988999, -1.2e-05, 0.0, 0.0, 0.0, 1.0],
                [0.99518, -0.096201, 0.018991, -0.125006, -0.09795, -0.984346, 0.146519, -0.002831, 0.004599, -0.147673, -0.989025, -1.2e-05, 0.0, 0.0, 0.0, 1.0],
                [0.994416, -0.091263, 0.052976, -0.125006, -0.098063, -0.984636, 0.144481, -0.002831, 0.038977, -0.14887, -0.988088, -1.2e-05, 0.0, 0.0, 0.0, 1.0],
                [0.988823, -0.082764, 0.124011, -0.125006, -0.098894, -0.986553, 0.130126, -0.002831, 0.111573, -0.140936, -0.983711, -1.2e-05, 0.0, 0.0, 0.0, 1.0],
                [0.977973, -0.077316, 0.193882, -0.125006, -0.100505, -0.988525, 0.112763, -0.002831, 0.182939, -0.129765, -0.974523, -1.2e-05, 0.0, 0.0, 0.0, 1.0],
                [0.962101, -0.066808, 0.264381, -0.125006, -0.102859, -0.986816, 0.124948, -0.002831, 0.252548, -0.147407, -0.95629, -1.2e-05, 0.0, 0.0, 0.0, 1.0],
                [0.941505, -0.05502, 0.332476, -0.125006, -0.105909, -0.984903, 0.136927, -0.002831, 0.319923, -0.164129, -0.933119, -1.2e-05, 0.0, 0.0, 0.0, 1.0],
                [0.916537, -0.04207, 0.39773, -0.125006, -0.109598, -0.982804, 0.148605, -0.002831, 0.384639, -0.179792, -0.905388, -1.2e-05, 0.0, 0.0, 0.0, 1.0],
                [0.887592, -0.028094, 0.459772, -0.125006, -0.113863, -0.980544, 0.159898, -0.002831, 0.446335, -0.194276, -0.873523, -1.2e-05, 0.0, 0.0, 0.0, 1.0],
                [0.896559, -0.031283, 0.441818, -0.125006, -0.112627, -0.980816, 0.159101, -0.002831, 0.428366, -0.192404, -0.882883, -1.2e-05, 0.0, 0.0, 0.0, 1.0],
                [0.905238, -0.034506, 0.423501, -0.125006, -0.111434, -0.98109, 0.158255, -0.002831, 0.410032, -0.19045, -0.891965, -1.2e-05, 0.0, 0.0, 0.0, 1.0],
                [0.913614, -0.03776, 0.404824, -0.125006, -0.110286, -0.981363, 0.15736, -0.002831, 0.391337, -0.188413, -0.900753, -1.2e-05, 0.0, 0.0, 0.0, 1.0],
                [0.921673, -0.035751, 0.386317, -0.125006, -0.109187, -0.9794, 0.16986, -0.002831, 0.372286, -0.198736, -0.906591, -1.2e-05, 0.0, 0.0, 0.0, 1.0],
                [0.929397, -0.019714, 0.368555, -0.125006, -0.108138, -0.969294, 0.220847, -0.002831, 0.352884, -0.245109, -0.902992, -1.2e-05, 0.0, 0.0, 0.0, 1.0],
                [0.936771, -0.01478, 0.34963, -0.125006, -0.107142, -0.96324, 0.246349, -0.002831, 0.333137, -0.268232, -0.90392, -1.2e-05, 0.0, 0.0, 0.0, 1.0],
                [0.943779, -0.013018, 0.330318, -0.125006, -0.1062, -0.958196, 0.26567, -0.002831, 0.313051, -0.285814, -0.905709, -1.2e-05, 0.0, 0.0, 0.0, 1.0],
                [0.950407, -0.013154, 0.31073, -0.125006, -0.105316, -0.95369, 0.281751, -0.002831, 0.292634, -0.300503, -0.907779, -1.2e-05, 0.0, 0.0, 0.0, 1.0],
                [0.956638, -0.014698, 0.29091, -0.125006, -0.104491, -0.949568, 0.295636, -0.002831, 0.271893, -0.313214, -0.909929, -1.2e-05, 0.0, 0.0, 0.0, 1.0],
                [0.962455, -0.017317, 0.270887, -0.125006, -0.103728, -0.945686, 0.308087, -0.002831, 0.250839, -0.324618, -0.911977, -1.2e-05, 0.0, 0.0, 0.0, 1.0],
                [0.967845, -0.020888, 0.250678, -0.125006, -0.103029, -0.942041, 0.319286, -0.002831, 0.22948, -0.334846, -0.913902, -1.2e-05, 0.0, 0.0, 0.0, 1.0],
                [0.972791, -0.025262, 0.230301, -0.125006, -0.102395, -0.938563, 0.329565, -0.002831, 0.207827, -0.34418, -0.915614, -1.2e-05, 0.0, 0.0, 0.0, 1.0],
                [0.977279, -0.030353, 0.209771, -0.125006, -0.10183, -0.935229, 0.339081, -0.002831, 0.185892, -0.352737, -0.917072, -1.2e-05, 0.0, 0.0, 0.0, 1.0],
                [0.981294, -0.036096, 0.189101, -0.125006, -0.101335, -0.932023, 0.347943, -0.002831, 0.163687, -0.360597, -0.918246, -1.2e-05, 0.0, 0.0, 0.0, 1.0],
                [0.986352, -0.046062, 0.158076, -0.125006, -0.10071, -0.928311, 0.357905, -0.002831, 0.130258, -0.36894, -0.92028, -1.2e-05, 0.0, 0.0, 0.0, 1.0],
                [0.990297, -0.057064, 0.126708, -0.125006, -0.10025, -0.924794, 0.367021, -0.002831, 0.096235, -0.376162, -0.921542, -1.2e-05, 0.0, 0.0, 0.0, 1.0],
                [0.993078, -0.069011, 0.09504, -0.125006, -0.099961, -0.921453, 0.375409, -0.002831, 0.061667, -0.382311, -0.921974, -1.2e-05, 0.0, 0.0, 0.0, 1.0],
                [0.994646, -0.081819, 0.063114, -0.125006, -0.09985, -0.918267, 0.383165, -0.002831, 0.026605, -0.387416, -0.921521, -1.2e-05, 0.0, 0.0, 0.0, 1.0],
                [0.994955, -0.095415, 0.030978, -0.125006, -0.099922, -0.915221, 0.390365, -0.002831, -0.008895, -0.391491, -0.920139, -1.2e-05, 0.0, 0.0, 0.0, 1.0],
                [0.993961, -0.109726, -0.001319, -0.125006, -0.100185, -0.912303, 0.397072, -0.002831, -0.044773, -0.394542, -0.917787, -1.2e-05, 0.0, 0.0, 0.0, 1.0],
                [0.991623, -0.124685, -0.033724, -0.125006, -0.100642, -0.909498, 0.40334, -0.002831, -0.080962, -0.396567, -0.914428, -1.2e-05, 0.0, 0.0, 0.0, 1.0],
                [0.987905, -0.140225, -0.066181, -0.125006, -0.101298, -0.906795, 0.40922, -0.002831, -0.117395, -0.397567, -0.910032, -1.2e-05, 0.0, 0.0, 0.0, 1.0],
                [0.982776, -0.15628, -0.098631, -0.125006, -0.102158, -0.904182, 0.414751, -0.002831, -0.153998, -0.397532, -0.904574, -1.2e-05, 0.0, 0.0, 0.0, 1.0],
                [0.976207, -0.172783, -0.131015, -0.125006, -0.103223, -0.901647, 0.419972, -0.002831, -0.190694, -0.396456, -0.89803, -1.2e-05, 0.0, 0.0, 0.0, 1.0],
                [0.968178, -0.189669, -0.16327, -0.125006, -0.104496, -0.899181, 0.424916, -0.002831, -0.227402, -0.394333, -0.890387, -1.2e-05, 0.0, 0.0, 0.0, 1.0],
                [0.958671, -0.20687, -0.19533, -0.125006, -0.105978, -0.896771, 0.429616, -0.002831, -0.264041, -0.39116, -0.881632, -1.2e-05, 0.0, 0.0, 0.0, 1.0],
                [0.947677, -0.22432, -0.22713, -0.125006, -0.107669, -0.894406, 0.434101, -0.002831, -0.300524, -0.386933, -0.871761, -1.2e-05, 0.0, 0.0, 0.0, 1.0],
                [0.935192, -0.241951, -0.258603, -0.125006, -0.109569, -0.892077, 0.438398, -0.002831, -0.336764, -0.381651, -0.860774, -1.2e-05, 0.0, 0.0, 0.0, 1.0],
                [0.926041, -0.253773, -0.279369, -0.125006, -0.11095, -0.890537, 0.441172, -0.002831, -0.360746, -0.377547, -0.852831, -1.2e-05, 0.0, 0.0, 0.0, 1.0],
                [0.916231, -0.265625, -0.29994, -0.125006, -0.112423, -0.889006, 0.44388, -0.002831, -0.384554, -0.372976, -0.844397, -1.2e-05, 0.0, 0.0, 0.0, 1.0],
                [0.905765, -0.277488, -0.320294, -0.125006, -0.113985, -0.887478, 0.44653, -0.002831, -0.408161, -0.367943, -0.835477, -1.2e-05, 0.0, 0.0, 0.0, 1.0],
                [0.89465, -0.289342, -0.340413, -0.125006, -0.115635, -0.885952, 0.449129, -0.002831, -0.431542, -0.36245, -0.826076, -1.2e-05, 0.0, 0.0, 0.0, 1.0],
