{
    "animation": [
        {
            "name": "Root",
            "time": [0.0, 0.0167, 0.0333, 0.05, 0.0667, 0.0833, 0.1, 0.1167, 0.1333, 0.15, 0.1667, 0.1833, 0.2, 0.2167, 0.2333, 0.25, 0.2667, 0.2833, 0.3, 0.3167, 0.3333, 0.35, 0.3667, 0.3833, 0.4, 0.4167, 0.4333, 0.45, 0.4667, 0.4833, 0.5, 0.5167, 0.5333, 0.55, 0.5667, 0.5833, 0.6, 0.6167, 0.6333, 0.65, 0.6667, 0.6833, 0.7, 0.7167, 0.7333, 0.75, 0.7667, 0.7833, 0.8, 0.8167, 0.8333, 0.85, 0.8667, 0.8833, 0.9, 0.9167, 0.9333, 0.95, 0.9667, 0.9833, 1.0, 1.0167, 1.0333, 1.05, 1.0667, 1.0833, 1.1, 1.1167, 1.1333, 1.15, 1.1667],
            "transform": [
                [0.633209, 0.0, 0.773981, -5e-06, 0.773981, 0.0, -0.633209, 0.000946, 0.0, 1.0, 0.0, 0.698586, 0.0, 0.0, 0.0, 1.0],
                [0.635747, 0.0, 0.771898, -5e-06, 0.771898, 0.0, -0.635747, 0.000681, 0.0, 1.0, 0.0, 0.695725, 0.0, 0.0, 0.0, 1.0],
                [0.642814, 0.0, 0.766022, -5e-06, 0.766022, 0.0, -0.642814, -0.000486, 0.0, 1.0, 0.0, 0.687961, 0.0, 0.0, 0.0, 1.0],
                [0.65356, 0.0, 0.756875, -5e-06, 0.756875, 0.0, -0.65356, -0.003115, 0.0, 1.0, 0.0, 0.676518, 0.0, 0.0, 0.0, 1.0],
                [0.667112, 0.0, 0.744958, -5e-06, 0.744958, 0.0, -0.667112, -0.007765, 0.0, 1.0, 0.0, 0.662624, 0.0, 0.0, 0.0, 1.0],
                [0.682599, 0.0, 0.730793, -5e-06, 0.730793, 0.0, -0.682599, -0.014994, 0.0, 1.0, 0.0, 0.647503, 0.0, 0.0, 0.0, 1.0],
                [0.699175, 0.0, 0.714951, -5e-06, 0.714951, 0.0, -0.699175, -0.025361, 0.0, 1.0, 0.0, 0.632383, 0.0, 0.0, 0.0, 1.0],
                [0.716036, 0.0, 0.698064, -5e-06, 0.698064, 0.0, -0.716036, -0.039425, 0.0, 1.0, 0.0, 0.618488, 0.0, 0.0, 0.0, 1.0],
                [0.732435, 0.0, 0.680837, -5e-06, 0.680837, 0.0, -0.732435, -0.057746, 0.0, 1.0, 0.0, 0.607046, 0.0, 0.0, 0.0, 1.0],
                [0.747697, 0.0, 0.664041, -5e-06, 0.664041, 0.0, -0.747697, -0.080882, 0.0, 1.0, 0.0, 0.599281, 0.0, 0.0, 0.0, 1.0],
                [0.761211, 0.0, 0.648504, -5e-06, 0.648504, 0.0, -0.761211, -0.109392, 0.0, 1.0, 0.0, 0.59642, 0.0, 0.0, 0.0, 1.0],
                [0.772588, 0.0, 0.634907, -5e-06, 0.634907, 0.0, -0.772588, -0.14368, 0.0, 1.0, 0.0, 0.602247, 0.0, 0.0, 0.0, 1.0],
                [0.782077, 0.0, 0.623182, -5e-06, 0.623182, 0.0, -0.782077, -0.18353, 0.0, 1.0, 0.0, 0.618713, 0.0, 0.0, 0.0, 1.0],
                [0.790054, 0.0, 0.613037, -5e-06, 0.613037, 0.0, -0.790054, -0.22857, 0.0, 1.0, 0.0, 0.644298, 0.0, 0.0, 0.0, 1.0],
                [0.796867, 0.0, 0.604155, -5e-06, 0.604155, 0.0, -0.796867, -0.278429, 0.0, 1.0, 0.0, 0.677484, 0.0, 0.0, 0.0, 1.0],
                [0.80284, 0.0, 0.596195, -5e-06, 0.596195, 0.0, -0.80284, -0.332736, 0.0, 1.0, 0.0, 0.716748, 0.0, 0.0, 0.0, 1.0],
                [0.808277, 0.0, 0.588803, -5e-06, 0.588803, 0.0, -0.808277, -0.39112, 0.0, 1.0, 0.0, 0.760573, 0.0, 0.0, 0.0, 1.0],
                [0.813467, 0.0, 0.581611, -5e-06, 0.581611, 0.0, -0.813467, -0.453209, 0.0, 1.0, 0.0, 0.807438, 0.0, 0.0, 0.0, 1.0],
                [0.818684, 0.0, 0.574244, -5e-06, 0.574244, 0.0, -0.818684, -0.518631, 0.0, 1.0, 0.0, 0.855822, 0.0, 0.0, 0.0, 1.0],
                [0.82419, 0.0, 0.566313, -5e-06, 0.566313, 0.0, -0.82419, -0.587016, 0.0, 1.0, 0.0, 0.904207, 0.0, 0.0, 0.0, 1.0],
                [0.830231, 0.0, 0.55742, -5e-06, 0.55742, 0.0, -0.830231, -0.657992, 0.0, 1.0, 0.0, 0.951072, 0.0, 0.0, 0.0, 1.0],
                [0.837035, 0.0, 0.547149, -5e-06, 0.547149, 0.0, -0.837035, -0.731189, 0.0, 1.0, 0.0, 0.994896, 0.0, 0.0, 0.0, 1.0],
                [0.84481, 0.0, 0.535067, -5e-06, 0.535067, 0.0, -0.84481, -0.806233, 0.0, 1.0, 0.0, 1.034161, 0.0, 0.0, 0.0, 1.0],
                [0.853731, 0.0, 0.520714, -5e-06, 0.520714, 0.0, -0.853731, -0.882755, 0.0, 1.0, 0.0, 1.067346, 0.0, 0.0, 0.0, 1.0],
                [0.863936, 0.0, 0.503601, -5e-06, 0.503601, 0.0, -0.863936, -0.960383, 0.0, 1.0, 0.0, 1.092932, 0.0, 0.0, 0.0, 1.0],
                [0.875509, 0.0, 0.483201, -5e-06, 0.483201, 0.0, -0.875509, -1.038746, 0.0, 1.0, 0.0, 1.109398, 0.0, 0.0, 0.0, 1.0],
                [0.888464, 0.0, 0.458946, -5e-06, 0.458946, 0.0, -0.888464, -1.117472, 0.0, 1.0, 0.0, 1.115224, 0.0, 0.0, 0.0, 1.0],
                [0.90266, 0.0, 0.430355, -5e-06, 0.430355, 0.0, -0.90266, -1.196167, 0.0, 1.0, 0.0, 1.11194, 0.0, 0.0, 0.0, 1.0],
                [0.917624, 0.0, 0.397449, -5e-06, 0.397449, 0.0, -0.917624, -1.274351, 0.0, 1.0, 0.0, 1.102529, 0.0, 0.0, 0.0, 1.0],
                [0.932794, 0.0, 0.36041, -5e-06, 0.36041, 0.0, -0.932794, -1.351518, 0.0, 1.0, 0.0, 1.087653, 0.0, 0.0, 0.0, 1.0],
                [0.947596, 0.0, 0.31947, -5e-06, 0.31947, 0.0, -0.947596, -1.427165, 0.0, 1.0, 0.0, 1.067976, 0.0, 0.0, 0.0, 1.0],
                [0.961467, 0.0, 0.274922, -5e-06, 0.274922, 0.0, -0.961467, -1.500787, 0.0, 1.0, 0.0, 1.04416, 0.0, 0.0, 0.0, 1.0],
                [0.973865, 0.0, 0.227129, -5e-06, 0.227129, 0.0, -0.973865, -1.57188, 0.0, 1.0, 0.0, 1.016868, 0.0, 0.0, 0.0, 1.0],
                [0.984296, 0.0, 0.176526, -5e-06, 0.176526, 0.0, -0.984296, -1.639941, 0.0, 1.0, 0.0, 0.986763, 0.0, 0.0, 0.0, 1.0],
                [0.99233, 0.0, 0.123619, -5e-06, 0.123619, 0.0, -0.99233, -1.704464, 0.0, 1.0, 0.0, 0.954508, 0.0, 0.0, 0.0, 1.0],
                [0.997619, 0.0, 0.068973, -5e-06, 0.068973, 0.0, -0.997619, -1.764946, 0.0, 1.0, 0.0, 0.920766, 0.0, 0.0, 0.0, 1.0],
                [0.999913, 0.0, 0.013202, -5e-06, 0.013202, 0.0, -0.999913, -1.820882, 0.0, 1.0, 0.0, 0.886198, 0.0, 0.0, 0.0, 1.0],
                [0.999073, 0.0, -0.04305, -5e-06, -0.04305, 0.0, -0.999073, -1.871769, 0.0, 1.0, 0.0, 0.851468, 0.0, 0.0, 0.0, 1.0],
                [0.995074, 0.0, -0.099132, -5e-06, -0.099132, 0.0, -0.995074, -1.917102, 0.0, 1.0, 0.0, 0.817239, 0.0, 0.0, 0.0, 1.0],
                [0.988008, 0.0, -0.154404, -5e-06, -0.154404, 0.0, -0.988008, -1.956378, 0.0, 1.0, 0.0, 0.784174, 0.0, 0.0, 0.0, 1.0],
                [0.978073, 0.0, -0.208262, -5e-06, -0.208262, 0.0, -0.978073, -1.989091, 0.0, 1.0, 0.0, 0.752934, 0.0, 0.0, 0.0, 1.0],
                [0.965568, 0.0, -0.260151, -5e-06, -0.260151, 0.0, -0.965568, -2.014738, 0.0, 1.0, 0.0, 0.724184, 0.0, 0.0, 0.0, 1.0],
                [0.950872, 0.0, -0.309584, -5e-06, -0.309584, 0.0, -0.950872, -2.032815, 0.0, 1.0, 0.0, 0.698586, 0.0, 0.0, 0.0, 1.0],
                [0.934326, 0.0, -0.356419, -5e-06, -0.356419, 0.0, -0.934326, -2.04501, 0.0, 1.0, 0.0, 0.676641, 0.0, 0.0, 0.0, 1.0],
                [0.916242, 0.0, -0.400625, -5e-06, -0.400625, 0.0, -0.916242, -2.053765, 0.0, 1.0, 0.0, 0.658205, 0.0, 0.0, 0.0, 1.0],
                [0.897054, 0.0, -0.44192, -5e-06, -0.44192, 0.0, -0.897054, -2.059702, 0.0, 1.0, 0.0, 0.642973, 0.0, 0.0, 0.0, 1.0],
                [0.877256, 0.0, -0.480022, -5e-06, -0.480022, 0.0, -0.877256, -2.063448, 0.0, 1.0, 0.0, 0.630641, 0.0, 0.0, 0.0, 1.0],
                [0.857399, 0.0, -0.514652, -5e-06, -0.514652, 0.0, -0.857399, -2.065624, 0.0, 1.0, 0.0, 0.620902, 0.0, 0.0, 0.0, 1.0],
                [0.838085, 0.0, -0.545539, -5e-06, -0.545539, 0.0, -0.838085, -2.066854, 0.0, 1.0, 0.0, 0.613452, 0.0, 0.0, 0.0, 1.0],
                [0.819957, 0.0, -0.572425, -5e-06, -0.572425, 0.0, -0.819957, -2.067762, 0.0, 1.0, 0.0, 0.607985, 0.0, 0.0, 0.0, 1.0],
                [0.803683, 0.0, -0.595058, -5e-06, -0.595058, 0.0, -0.803683, -2.068973, 0.0, 1.0, 0.0, 0.604197, 0.0, 0.0, 0.0, 1.0],
                [0.789941, 0.0, -0.613182, -5e-06, -0.613182, 0.0, -0.789941, -2.071109, 0.0, 1.0, 0.0, 0.601781, 0.0, 0.0, 0.0, 1.0],
                [0.779397, 0.0, -0.62653, -5e-06, -0.62653, 0.0, -0.779397, -2.074794, 0.0, 1.0, 0.0, 0.600434, 0.0, 0.0, 0.0, 1.0],
                [0.772675, 0.0, -0.634802, -5e-06, -0.634802, 0.0, -0.772675, -2.080652, 0.0, 1.0, 0.0, 0.599849, 0.0, 0.0, 0.0, 1.0],
                [0.770328, 0.0, -0.637648, -5e-06, -0.637648, 0.0, -0.770328, -2.089308, 0.0, 1.0, 0.0, 0.599722, 0.0, 0.0, 0.0, 1.0],
                [0.772597, 0.0, -0.634896, -5e-06, -0.634896, 0.0, -0.772597, -2.101195, 0.0, 1.0, 0.0, 0.6007, 0.0, 0.0, 0.0, 1.0],
                [0.77896, 0.0, -0.627073, -5e-06, -0.627073, 0.0, -0.77896, -2.115995, 0.0, 1.0, 0.0, 0.603465, 0.0, 0.0, 0.0, 1.0],
                [0.788699, 0.0, -0.61478, -5e-06, -0.61478, 0.0, -0.788699, -2.1332, 0.0, 1.0, 0.0, 0.60776, 0.0, 0.0, 0.0, 1.0],
                [0.801055, 0.0, -0.59859, -5e-06, -0.59859, 0.0, -0.801055, -2.152302, 0.0, 1.0, 0.0, 0.613331, 0.0, 0.0, 0.0, 1.0],
                [0.815262, 0.0, -0.579092, -5e-06, -0.579092, 0.0, -0.815262, -2.172794, 0.0, 1.0, 0.0, 0.619922, 0.0, 0.0, 0.0, 1.0],
                [0.830575, 0.0, -0.556907, -5e-06, -0.556907, 0.0, -0.830575, -2.194167, 0.0, 1.0, 0.0, 0.62728, 0.0, 0.0, 0.0, 1.0],
                [0.846294, 0.0, -0.532716, -5e-06, -0.532716, 0.0, -0.846294, -2.215915, 0.0, 1.0, 0.0, 0.635147, 0.0, 0.0, 0.0, 1.0],
                [0.861791, 0.0, -0.507264, -5e-06, -0.507264, 0.0, -0.861791, -2.237529, 0.0, 1.0, 0.0, 0.643269, 0.0, 0.0, 0.0, 1.0],
                [0.876522, 0.0, -0.481362, -5e-06, -0.481362, 0.0, -0.876522, -2.258502, 0.0, 1.0, 0.0, 0.651392, 0.0, 0.0, 0.0, 1.0],
                [0.890043, 0.0, -0.455877, -5e-06, -0.455877, 0.0, -0.890043, -2.278326, 0.0, 1.0, 0.0, 0.659259, 0.0, 0.0, 0.0, 1.0],
                [0.902007, 0.0, -0.431722, -5e-06, -0.431722, 0.0, -0.902007, -2.296493, 0.0, 1.0, 0.0, 0.666616, 0.0, 0.0, 0.0, 1.0],
                [0.912159, 0.0, -0.409836, -5e-06, -0.409836, 0.0, -0.912159, -2.312495, 0.0, 1.0, 0.0, 0.673208, 0.0, 0.0, 0.0, 1.0],
                [0.920316, 0.0, -0.391175, -5e-06, -0.391175, 0.0, -0.920316, -2.325825, 0.0, 1.0, 0.0, 0.678779, 0.0, 0.0, 0.0, 1.0],
                [0.926338, 0.0, -0.376694, -5e-06, -0.376694, 0.0, -0.926338, -2.335975, 0.0, 1.0, 0.0, 0.683074, 0.0, 0.0, 0.0, 1.0],
                [0.930089, 0.0, -0.367333, -5e-06, -0.367333, 0.0, -0.930089, -2.342438, 0.0, 1.0, 0.0, 0.685838, 0.0, 0.0, 0.0, 1.0],
                [0.931393, 0.0, -0.364014, -5e-06, -0.364014, 0.0, -0.931393, -2.344705, 0.0, 1.0, 0.0, 0.686816, 0.0, 0.0, 0.0, 1.0]
            ]
        },
        {
            "name": "Thigh_R",
            "time": [0.0, 0.0167, 0.0333, 0.05, 0.0667, 0.0833, 0.1, 0.1167, 0.1333, 0.15, 0.1667, 0.1833, 0.2, 0.2167, 0.2333, 0.25, 0.2667, 0.2833, 0.3, 0.3167, 0.3333, 0.35, 0.3667, 0.3833, 0.4, 0.4167, 0.4333, 0.45, 0.4667, 0.4833, 0.5, 0.5167, 0.5333, 0.55, 0.5667, 0.5833, 0.6, 0.6167, 0.6333, 0.65, 0.6667, 0.6833, 0.7, 0.7167, 0.7333, 0.75, 0.7667, 0.7833, 0.8, 0.8167, 0.8333, 0.85, 0.8667, 0.8833, 0.9, 0.9167, 0.9333, 0.95, 0.9667, 0.9833, 1.0, 1.0167, 1.0333, 1.05, 1.0667, 1.0833, 1.1, 1.1167, 1.1333, 1.15, 1.1667],
            "transform": [
                [0.300443, 0.49743, 0.813817, 0.124994, 0.190104, -0.867347, 0.459967, -0.002831, 0.934663, 0.016516, -0.355151, -1.2e-05, 0.0, 0.0, 0.0, 1.0],
                [0.309001, 0.506273, 0.805113, 0.124994, 0.196064, -0.862267, 0.466964, -0.002831, 0.930633, 0.013561, -0.365703, -1.2e-05, 0.0, 0.0, 0.0, 1.0],
                [0.332202, 0.528035, 0.78155, 0.124994, 0.212169, -0.849207, 0.483562, -0.002831, 0.919035, 0.005181, -0.394141, -1.2e-05, 0.0, 0.0, 0.0, 1.0],
                [0.365648, 0.55528, 0.746971, 0.124994, 0.235661, -0.831627, 0.502853, -0.002831, 0.900425, -0.007835, -0.43494, -1.2e-05, 0.0, 0.0, 0.0, 1.0],
                [0.404669, 0.582484, 0.704951, 0.124994, 0.263723, -0.812473, 0.51994, -0.002831, 0.87561, -0.024492, -0.482397, -1.2e-05, 0.0, 0.0, 0.0, 1.0],
                [0.445079, 0.606565, 0.658774, 0.124994, 0.293601, -0.793837, 0.532561, -0.002831, 0.845992, -0.043615, -0.531409, -1.2e-05, 0.0, 0.0, 0.0, 1.0],
                [0.483741, 0.626235, 0.611413, 0.124994, 0.322703, -0.77699, 0.540509, -0.002831, 0.813547, -0.064161, -0.577949, -1.2e-05, 0.0, 0.0, 0.0, 1.0],
                [0.518823, 0.641179, 0.565431, 0.124994, 0.348626, -0.762606, 0.544878, -0.002831, 0.780566, -0.085571, -0.619189, -1.2e-05, 0.0, 0.0, 0.0, 1.0],
                [0.549735, 0.65138, 0.522968, 0.124994, 0.369123, -0.75104, 0.547438, -0.002831, 0.74936, -0.107906, -0.653312, -1.2e-05, 0.0, 0.0, 0.0, 1.0],
                [0.576793, 0.656662, 0.485907, 0.124994, 0.382026, -0.742605, 0.550086, -0.002831, 0.722057, -0.131656, -0.679191, -1.2e-05, 0.0, 0.0, 0.0, 1.0],
                [0.60073, 0.656458, 0.456274, 0.124994, 0.38519, -0.737789, 0.554343, -0.002831, 0.700536, -0.157259, -0.696073, -1.2e-05, 0.0, 0.0, 0.0, 1.0],
                [0.620806, 0.654834, 0.431036, 0.124994, 0.380744, -0.732461, 0.564389, -0.002831, 0.685299, -0.186262, -0.70404, -1.2e-05, 0.0, 0.0, 0.0, 1.0],
                [0.636844, 0.655523, 0.405856, 0.124994, 0.372606, -0.722531, 0.582335, -0.002831, 0.674978, -0.219632, -0.704391, -1.2e-05, 0.0, 0.0, 0.0, 1.0],
                [0.650004, 0.65727, 0.381433, 0.124994, 0.361145, -0.708803, 0.605948, -0.002831, 0.668632, -0.256117, -0.698094, -1.2e-05, 0.0, 0.0, 0.0, 1.0],
                [0.661078, 0.659056, 0.358638, 0.124994, 0.34662, -0.692172, 0.633051, -0.002831, 0.665455, -0.294185, -0.686021, -1.2e-05, 0.0, 0.0, 0.0, 1.0],
                [0.670632, 0.660097, 0.338413, 0.124994, 0.329252, -0.673696, 0.66161, -0.002831, 0.664715, -0.332274, -0.66914, -1.2e-05, 0.0, 0.0, 0.0, 1.0],
                [0.679092, 0.659823, 0.321665, 0.124994, 0.309271, -0.654593, 0.689826, -0.002831, 0.665722, -0.368974, -0.648593, -1.2e-05, 0.0, 0.0, 0.0, 1.0],
                [0.686793, 0.657827, 0.309159, 0.124994, 0.286954, -0.636179, 0.716194, -0.002831, 0.667813, -0.403163, -0.625689, -1.2e-05, 0.0, 0.0, 0.0, 1.0],
                [0.694019, 0.65382, 0.301426, 0.124994, 0.26265, -0.619747, 0.739547, -0.002831, 0.670338, -0.43409, -0.601842, -1.2e-05, 0.0, 0.0, 0.0, 1.0],
                [0.701027, 0.647581, 0.298664, 0.124994, 0.2368, -0.606423, 0.759063, -0.002831, 0.672671, -0.461401, -0.578466, -1.2e-05, 0.0, 0.0, 0.0, 1.0],
                [0.708071, 0.638932, 0.30067, 0.124994, 0.209942, -0.597018, 0.77427, -0.002831, 0.674211, -0.485115, -0.556869, -1.2e-05, 0.0, 0.0, 0.0, 1.0],
                [0.71541, 0.627747, 0.306794, 0.124994, 0.182718, -0.591896, 0.785031, -0.002831, 0.67439, -0.505563, -0.538149, -1.2e-05, 0.0, 0.0, 0.0, 1.0],
                [0.723328, 0.614005, 0.315904, 0.124994, 0.155864, -0.590874, 0.791564, -0.002831, 0.672684, -0.523322, -0.523097, -1.2e-05, 0.0, 0.0, 0.0, 1.0],
                [0.732129, 0.597877, 0.32639, 0.124994, 0.130202, -0.59316, 0.794486, -0.002831, 0.668606, -0.53917, -0.512114, -1.2e-05, 0.0, 0.0, 0.0, 1.0],
                [0.742144, 0.579818, 0.336203, 0.124994, 0.106622, -0.597362, 0.794853, -0.002831, 0.661705, -0.554049, -0.50515, -1.2e-05, 0.0, 0.0, 0.0, 1.0],
                [0.753722, 0.560604, 0.342966, 0.124994, 0.086083, -0.601587, 0.794156, -0.002831, 0.651531, -0.569049, -0.501688, -1.2e-05, 0.0, 0.0, 0.0, 1.0],
                [0.767215, 0.541181, 0.344244, 0.124994, 0.069608, -0.6038, 0.79409, -0.002831, 0.637601, -0.585276, -0.500916, -1.2e-05, 0.0, 0.0, 0.0, 1.0],
                [0.782718, 0.516579, 0.347129, 0.124994, 0.056748, -0.614661, 0.786748, -0.002831, 0.619784, -0.596103, -0.510421, -1.2e-05, 0.0, 0.0, 0.0, 1.0],
                [0.799793, 0.483167, 0.356204, 0.124994, 0.046559, -0.641545, 0.765672, -0.002831, 0.598468, -0.595794, -0.535598, -1.2e-05, 0.0, 0.0, 0.0, 1.0],
                [0.818043, 0.443722, 0.365946, 0.124994, 0.03919, -0.677777, 0.734222, -0.002831, 0.57382, -0.586284, -0.57184, -1.2e-05, 0.0, 0.0, 0.0, 1.0],
                [0.837139, 0.401638, 0.371329, 0.124994, 0.034626, -0.716408, 0.696822, -0.002831, 0.545893, -0.570479, -0.613641, -1.2e-05, 0.0, 0.0, 0.0, 1.0],
                [0.856803, 0.361502, 0.367703, 0.124994, 0.03278, -0.749836, 0.660811, -0.002831, 0.514601, -0.554132, -0.654312, -1.2e-05, 0.0, 0.0, 0.0, 1.0],
                [0.876779, 0.328556, 0.351154, 0.124994, 0.033562, -0.770239, 0.636872, -0.002831, 0.47972, -0.54661, -0.686357, -1.2e-05, 0.0, 0.0, 0.0, 1.0],
                [0.897556, 0.305026, 0.318359, 0.124994, 0.039564, -0.774873, 0.630878, -0.002831, 0.439122, -0.553653, -0.70756, -1.2e-05, 0.0, 0.0, 0.0, 1.0],
                [0.918828, 0.28474, 0.273272, 0.124994, 0.051396, -0.772865, 0.632486, -0.002831, 0.391296, -0.567101, -0.724765, -1.2e-05, 0.0, 0.0, 0.0, 1.0],
                [0.938949, 0.262252, 0.222706, 0.124994, 0.065814, -0.772251, 0.631899, -0.002831, 0.337702, -0.578664, -0.742365, -1.2e-05, 0.0, 0.0, 0.0, 1.0],
                [0.956363, 0.23566, 0.172725, 0.124994, 0.079245, -0.778207, 0.622988, -0.002831, 0.281229, -0.582116, -0.762923, -1.2e-05, 0.0, 0.0, 0.0, 1.0],
                [0.970146, 0.205072, 0.129466, 0.124994, 0.087978, -0.795065, 0.60011, -0.002831, 0.226, -0.570805, -0.789371, -1.2e-05, 0.0, 0.0, 0.0, 1.0],
                [0.980421, 0.171684, 0.096437, 0.124994, 0.089817, -0.825721, 0.556883, -0.002831, 0.175238, -0.537318, -0.824973, -1.2e-05, 0.0, 0.0, 0.0, 1.0],
                [0.988052, 0.139004, 0.066573, 0.124994, 0.088104, -0.863819, 0.496038, -0.002831, 0.126458, -0.484246, -0.865745, -1.2e-05, 0.0, 0.0, 0.0, 1.0],
                [0.993313, 0.111178, 0.031129, 0.124994, 0.087332, -0.899899, 0.427265, -0.002831, 0.075515, -0.42169, -0.90359, -1.2e-05, 0.0, 0.0, 0.0, 1.0],
                [0.995606, 0.091458, -0.020105, 0.124994, 0.091708, -0.908914, 0.406773, -0.002831, 0.018928, -0.40683, -0.913308, -1.2e-05, 0.0, 0.0, 0.0, 1.0],
                [0.993398, 0.068281, -0.092185, 0.124994, 0.105418, -0.86029, 0.498787, -0.002831, -0.045248, -0.505212, -0.861808, -1.2e-05, 0.0, 0.0, 0.0, 1.0],
                [0.985221, 0.037153, -0.16721, 0.124994, 0.129083, -0.802724, 0.582213, -0.002831, -0.112593, -0.595193, -0.795656, -1.2e-05, 0.0, 0.0, 0.0, 1.0],
                [0.971113, 0.006586, -0.238529, 0.124994, 0.159488, -0.761452, 0.628295, -0.002831, -0.17749, -0.648188, -0.740507, -1.2e-05, 0.0, 0.0, 0.0, 1.0],
                [0.951291, -0.021056, -0.307574, 0.124994, 0.195128, -0.73128, 0.653571, -0.002831, -0.238685, -0.681753, -0.691551, -1.2e-05, 0.0, 0.0, 0.0, 1.0],
                [0.926336, -0.044093, -0.374108, 0.124994, 0.234187, -0.710476, 0.663611, -0.002831, -0.295056, -0.702339, -0.647814, -1.2e-05, 0.0, 0.0, 0.0, 1.0],
                [0.897259, -0.061264, -0.437234, 0.124994, 0.274658, -0.697914, 0.661422, -0.002831, -0.345672, -0.713557, -0.609383, -1.2e-05, 0.0, 0.0, 0.0, 1.0],
                [0.8655, -0.071776, -0.49574, 0.124994, 0.314511, -0.69241, 0.649347, -0.002831, -0.389863, -0.717926, -0.576707, -1.2e-05, 0.0, 0.0, 0.0, 1.0],
                [0.832862, -0.075463, -0.548312, 0.124994, 0.35185, -0.692537, 0.629757, -0.002831, -0.42725, -0.717425, -0.550236, -1.2e-05, 0.0, 0.0, 0.0, 1.0],
                [0.801378, -0.072957, -0.593693, 0.124994, 0.385047, -0.696628, 0.60535, -0.002831, -0.457747, -0.713714, -0.530171, -1.2e-05, 0.0, 0.0, 0.0, 1.0],
                [0.773161, -0.065805, -0.630786, 0.124994, 0.412787, -0.702878, 0.579283, -0.002831, -0.481486, -0.70826, -0.516274, -1.2e-05, 0.0, 0.0, 0.0, 1.0],
                [0.750261, -0.05644, -0.658728, 0.124994, 0.434057, -0.709501, 0.55516, -0.002831, -0.498702, -0.702441, -0.507813, -1.2e-05, 0.0, 0.0, 0.0, 1.0],
                [0.734538, -0.047815, -0.676881, 0.124994, 0.448064, -0.714952, 0.536734, -0.002831, -0.509601, -0.697537, -0.503735, -1.2e-05, 0.0, 0.0, 0.0, 1.0],
                [0.727558, -0.042589, -0.684724, 0.124994, 0.45413, -0.718204, 0.527209, -0.002831, -0.514225, -0.694528, -0.503194, -1.2e-05, 0.0, 0.0, 0.0, 1.0],
                [0.728593, -0.038729, -0.683851, 0.124994, 0.453502, -0.720942, 0.524003, -0.002831, -0.513311, -0.691913, -0.50771, -1.2e-05, 0.0, 0.0, 0.0, 1.0],
                [0.735445, -0.032499, -0.676804, 0.124994, 0.448332, -0.725599, 0.52202, -0.002831, -0.508054, -0.68735, -0.519068, -1.2e-05, 0.0, 0.0, 0.0, 1.0],
                [0.747195, -0.023294, -0.664196, 0.124994, 0.439255, -0.73268, 0.519841, -0.002831, -0.498752, -0.680175, -0.537223, -1.2e-05, 0.0, 0.0, 0.0, 1.0],
                [0.762897, -0.010874, -0.646429, 0.124994, 0.426884, -0.742442, 0.516285, -0.002831, -0.485549, -0.669823, -0.561765, -1.1e-05, 0.0, 0.0, 0.0, 1.0],
                [0.781561, 0.004593, -0.623812, 0.124994, 0.411849, -0.754872, 0.51044, -0.002831, -0.468553, -0.655856, -0.59187, -1.2e-05, 0.0, 0.0, 0.0, 1.0],
                [0.802165, 0.022568, -0.596677, 0.124994, 0.394816, -0.769704, 0.501674, -0.002831, -0.447943, -0.638002, -0.626339, -1.2e-05, 0.0, 0.0, 0.0, 1.0],
                [0.823673, 0.042224, -0.565491, 0.124994, 0.376488, -0.786444, 0.489657, -0.002831, -0.424051, -0.616218, -0.663669, -1.2e-05, 0.0, 0.0, 0.0, 1.0],
                [0.845089, 0.062557, -0.530953, 0.124994, 0.357596, -0.804414, 0.474389, -0.002831, -0.39743, -0.590767, -0.702171, -1.2e-05, 0.0, 0.0, 0.0, 1.0],
                [0.865505, 0.082508, -0.494059, 0.124994, 0.338866, -0.822818, 0.456224, -0.002831, -0.368878, -0.562284, -0.740112, -1.2e-05, 0.0, 0.0, 0.0, 1.0],
                [0.88416, 0.101086, -0.456117, 0.124994, 0.320994, -0.840813, 0.435887, -0.002831, -0.339447, -0.531805, -0.77586, -1.2e-05, 0.0, 0.0, 0.0, 1.0],
                [0.900478, 0.117485, -0.418734, 0.124994, 0.304611, -0.857582, 0.414447, -0.002831, -0.310407, -0.500751, -0.80802, -1.1e-05, 0.0, 0.0, 0.0, 1.0],
                [0.914082, 0.131148, -0.38374, 0.124994, 0.290268, -0.872399, 0.393275, -0.002831, -0.283197, -0.470873, -0.835511, -1.2e-05, 0.0, 0.0, 0.0, 1.0],
                [0.924775, 0.141787, -0.35311, 0.124994, 0.278431, -0.884659, 0.373971, -0.002831, -0.259358, -0.444156, -0.857589, -1.2e-05, 0.0, 0.0, 0.0, 1.0],
                [0.932493, 0.14934, -0.328868, 0.124994, 0.2695, -0.893886, 0.358241, -0.002831, -0.24047, -0.422688, -0.87379, -1.2e-05, 0.0, 0.0, 0.0, 1.0],
                [0.93721, 0.153869, -0.312988, 0.124994, 0.263847, -0.899692, 0.347763, -0.002831, -0.228083, -0.408508, -0.883798, -1.2e-05, 0.0, 0.0, 0.0, 1.0],
                [0.938833, 0.155401, -0.307319, 0.124994, 0.261864, -0.901714, 0.344005, -0.002831, -0.223655, -0.403439, -0.887252, -1.2e-05, 0.0, 0.0, 0.0, 1.0]
            ]
        },
        {
            "name": "Leg_R",
            "time": [0.0, 0.0167, 0.0333, 0.05, 0.0667, 0.0833, 0.1, 0.1167, 0.1333, 0.15, 0.1667, 0.1833, 0.2, 0.2167, 0.2333, 0.25, 0.2667, 0.2833, 0.3, 0.3167, 0.3333, 0.35, 0.3667, 0.3833, 0.4, 0.4167, 0.4333, 0.45, 0.4667, 0.4833, 0.5, 0.5167, 0.5333, 0.55, 0.5667, 0.5833, 0.6, 0.6167, 0.6333, 0.65, 0.6667, 0.6833, 0.7, 0.7167, 0.7333, 0.75, 0.7667, 0.7833, 0.8, 0.8167, 0.8333, 0.85, 0.8667, 0.8833, 0.9, 0.9167, 0.9333, 0.95, 0.9667, 0.9833, 1.0, 1.0167, 1.0333, 1.05, 1.0667, 1.0833, 1.1, 1.1167, 1.1333, 1.15, 1.1667],
            "transform": [
                [1.0, -0.0, 1e-06, -0.0, -0.0, 0.83148, 0.555554, 0.374726, -1e-06, -0.555554, 0.83148, -0.0, 0.0, 0.0, 0.0, 1.0],
                [1.0, -0.0, 1e-06, 0.0, -0.0, 0.819153, 0.573574, 0.374726, -1e-06, -0.573575, 0.819153, 0.0, 0.0, 0.0, 0.0, 1.0],
                [1.0, -0.0, 1e-06, -0.0, -0.0, 0.786363, 0.617764, 0.374726, -1e-06, -0.617764, 0.786363, 0.0, 0.0, 0.0, 0.0, 1.0],
                [1.0, -1e-06, 1e-06, 0.0, -0.0, 0.739786, 0.672842, 0.374726, -1e-06, -0.672842, 0.739786, 0.0, 0.0, 0.0, 0.0, 1.0],
                [1.0, -1e-06, 1e-06, -0.0, -0.0, 0.685964, 0.727635, 0.374726, -1e-06, -0.727635, 0.685964, -0.0, 0.0, 0.0, 0.0, 1.0],
                [1.0, -1e-06, 1e-06, 0.0, -0.0, 0.630704, 0.776023, 0.374726, -1e-06, -0.776023, 0.630705, -0.0, 0.0, 0.0, 0.0, 1.0],
                [1.0, -1e-06, 1e-06, 0.0, -0.0, 0.578748, 0.815507, 0.374726, -1e-06, -0.815506, 0.578748, 0.0, 0.0, 0.0, 0.0, 1.0],
                [1.0, -1e-06, 1e-06, -0.0, -0.0, 0.533699, 0.845675, 0.374726, -1e-06, -0.845675, 0.533699, 0.0, 0.0, 0.0, 0.0, 1.0],
                [1.0, -1e-06, 1e-06, 0.0, -0.0, 0.498213, 0.867055, 0.374726, -1e-06, -0.867055, 0.498213, -0.0, 0.0, 0.0, 0.0, 1.0],
                [1.0, -1e-06, 1e-06, 0.0, -0.0, 0.47445, 0.880282, 0.374726, -1e-06, -0.880282, 0.47445, 0.0, 0.0, 0.0, 0.0, 1.0],
                [1.0, -1e-06, 1e-06, 0.0, -0.0, 0.46479, 0.885421, 0.374726, -1e-06, -0.885421, 0.46479, -0.0, 0.0, 0.0, 0.0, 1.0],
                [1.0, -1e-06, 1e-06, -0.0, -0.0, 0.462393, 0.886675, 0.374726, -1e-06, -0.886675, 0.462394, -0.0, 0.0, 0.0, 0.0, 1.0],
                [1.0, -1e-06, 1e-06, -0.0, -0.0, 0.459379, 0.88824, 0.374726, -1e-06, -0.88824, 0.45938, 0.0, 0.0, 0.0, 0.0, 1.0],
                [1.0, -1e-06, 1e-06, 0.0, -0.0, 0.457503, 0.889208, 0.374726, -1e-06, -0.889208, 0.457503, 0.0, 0.0, 0.0, 0.0, 1.0],
                [1.0, -1e-06, 0.0, 0.0, -0.0, 0.458581, 0.888653, 0.374726, -1e-06, -0.888652, 0.458581, -0.0, 0.0, 0.0, 0.0, 1.0],
                [1.0, -1e-06, 1e-06, -0.0, -0.0, 0.464259, 0.885699, 0.374726, -1e-06, -0.885699, 0.464259, -0.0, 0.0, 0.0, 0.0, 1.0],
                [1.0, -1e-06, 1e-06, 0.0, -0.0, 0.475811, 0.879547, 0.374726, -1e-06, -0.879547, 0.475811, -0.0, 0.0, 0.0, 0.0, 1.0],
                [1.0, -1e-06, 1e-06, -0.0, -0.0, 0.493992, 0.869466, 0.374726, -1e-06, -0.869466, 0.493993, -0.0, 0.0, 0.0, 0.0, 1.0],
                [1.0, -1e-06, 1e-06, -0.0, -0.0, 0.518939, 0.854811, 0.374726, -1e-06, -0.854812, 0.518939, -0.0, 0.0, 0.0, 0.0, 1.0],
                [1.0, -1e-06, 1e-06, 0.0, -0.0, 0.550103, 0.835096, 0.374726, -1e-06, -0.835097, 0.550103, 0.0, 0.0, 0.0, 0.0, 1.0],
                [1.0, -1e-06, 1e-06, -0.0, -0.0, 0.586248, 0.810131, 0.374726, -1e-06, -0.810132, 0.586248, -0.0, 0.0, 0.0, 0.0, 1.0],
                [1.0, -1e-06, 1e-06, 0.0, -0.0, 0.625479, 0.78024, 0.374726, -1e-06, -0.78024, 0.62548, -0.0, 0.0, 0.0, 0.0, 1.0],
                [1.0, -1e-06, 1e-06, 0.0, -0.0, 0.665325, 0.746553, 0.374726, -1e-06, -0.746553, 0.665325, 0.0, 0.0, 0.0, 0.0, 1.0],
                [1.0, -1e-06, 1e-06, 0.0, -0.0, 0.702856, 0.711332, 0.374726, -1e-06, -0.711332, 0.702857, -0.0, 0.0, 0.0, 0.0, 1.0],
                [1.0, -1e-06, 1e-06, -0.0, -0.0, 0.73487, 0.678207, 0.374726, -1e-06, -0.678208, 0.73487, -0.0, 0.0, 0.0, 0.0, 1.0],
                [1.0, -0.0, 1e-06, 0.0, -0.0, 0.75808, 0.652162, 0.374726, -1e-06, -0.652162, 0.75808, -0.0, 0.0, 0.0, 0.0, 1.0],
                [1.0, -0.0, 1e-06, 0.0, -0.0, 0.769397, 0.63877, 0.374726, -1e-06, -0.63877, 0.769398, 0.0, 0.0, 0.0, 0.0, 1.0],
                [1.0, -0.0, 1e-06, 0.0, -0.0, 0.782253, 0.62296, 0.374726, -1e-06, -0.62296, 0.782253, -0.0, 0.0, 0.0, 0.0, 1.0],
                [1.0, -0.0, 1e-06, -0.0, -0.0, 0.807063, 0.590465, 0.374726, -1e-06, -0.590465, 0.807064, 0.0, 0.0, 0.0, 0.0, 1.0],
                [1.0, -0.0, 1e-06, 0.0, -0.0, 0.837025, 0.547164, 0.374726, -1e-06, -0.547164, 0.837025, 0.0, 0.0, 0.0, 0.0, 1.0],
                [1.0, -0.0, 1e-06, 0.0, -0.0, 0.865245, 0.50135, 0.374726, -1e-06, -0.50135, 0.865245, -0.0, 0.0, 0.0, 0.0, 1.0],
                [1.0, -0.0, 1e-06, 0.0, -0.0, 0.884088, 0.467319, 0.374726, -1e-06, -0.467319, 0.884088, -0.0, 0.0, 0.0, 0.0, 1.0],
                [1.0, -0.0, 1e-06, 0.0, -0.0, 0.884991, 0.465608, 0.374726, -1e-06, -0.465608, 0.884991, 0.0, 0.0, 0.0, 0.0, 1.0],
                [1.0, -0.0, 1e-06, -0.0, -0.0, 0.863762, 0.5039, 0.374726, -1e-06, -0.5039, 0.863762, -0.0, 0.0, 0.0, 0.0, 1.0],
                [1.0, -0.0, 1e-06, -0.0, -0.0, 0.831871, 0.554968, 0.374726, -1e-06, -0.554968, 0.831872, 0.0, 0.0, 0.0, 0.0, 1.0],
                [1.0, -0.0, 1e-06, 0.0, -0.0, 0.80304, 0.595924, 0.374726, -1e-06, -0.595925, 0.80304, -0.0, 0.0, 0.0, 0.0, 1.0],
                [1.0, -0.0, 1e-06, -0.0, -0.0, 0.79002, 0.613081, 0.374726, -1e-06, -0.613081, 0.79002, -0.0, 0.0, 0.0, 0.0, 1.0],
                [1.0, -0.0, 1e-06, 0.0, -0.0, 0.804946, 0.593348, 0.374726, -1e-06, -0.593348, 0.804947, -0.0, 0.0, 0.0, 0.0, 1.0],
                [1.0, -0.0, 1e-06, -0.0, -0.0, 0.853847, 0.520524, 0.374726, -1e-06, -0.520524, 0.853847, 0.0, 0.0, 0.0, 0.0, 1.0],
                [1.0, -0.0, 1e-06, -0.0, -0.0, 0.917417, 0.397927, 0.374726, -1e-06, -0.397927, 0.917417, 0.0, 0.0, 0.0, 0.0, 1.0],
                [1.0, -0.0, 1e-06, -0.0, -0.0, 0.969215, 0.246215, 0.374726, -1e-06, -0.246215, 0.969215, -0.0, 0.0, 0.0, 0.0, 1.0],
                [1.0, -0.0, 1e-06, 0.0, -0.0, 0.981899, 0.189405, 0.374726, -1e-06, -0.189405, 0.981899, 0.0, 0.0, 0.0, 0.0, 1.0],
                [1.0, -0.0, 1e-06, -0.0, -0.0, 0.929095, 0.36984, 0.374726, -1e-06, -0.36984, 0.929095, -0.0, 0.0, 0.0, 0.0, 1.0],
                [1.0, -0.0, 1e-06, 0.0, -0.0, 0.848064, 0.529893, 0.374726, -1e-06, -0.529893, 0.848064, 0.0, 0.0, 0.0, 0.0, 1.0],
                [1.0, -0.0, 1e-06, -0.0, -0.0, 0.789778, 0.613393, 0.374726, -1e-06, -0.613393, 0.789777, 0.0, 0.0, 0.0, 0.0, 1.0],
                [1.0, -0.0, 1e-06, -0.0, -0.0, 0.751593, 0.659627, 0.374726, -1e-06, -0.659627, 0.751593, -0.0, 0.0, 0.0, 0.0, 1.0],
                [1.0, -1e-06, 1e-06, -0.0, -0.0, 0.730901, 0.682484, 0.374726, -1e-06, -0.682484, 0.730901, -0.0, 0.0, 0.0, 0.0, 1.0],
                [1.0, -0.0, 1e-06, 0.0, -0.0, 0.724903, 0.68885, 0.374726, -1e-06, -0.68885, 0.724904, -0.0, 0.0, 0.0, 0.0, 1.0],
                [1.0, -1e-06, 1e-06, -0.0, -0.0, 0.730472, 0.682943, 0.374726, -1e-06, -0.682943, 0.730472, 0.0, 0.0, 0.0, 0.0, 1.0],
                [1.0, -0.0, 1e-06, 0.0, -0.0, 0.744057, 0.668115, 0.374726, -1e-06, -0.668116, 0.744058, -0.0, 0.0, 0.0, 0.0, 1.0],
                [1.0, -1e-06, 1e-06, 0.0, -0.0, 0.76169, 0.647941, 0.374726, -1e-06, -0.647941, 0.76169, -0.0, 0.0, 0.0, 0.0, 1.0],
                [1.0, -0.0, 1e-06, 0.0, -0.0, 0.77906, 0.626949, 0.374726, -1e-06, -0.626949, 0.77906, 0.0, 0.0, 0.0, 0.0, 1.0],
                [1.0, -0.0, 1e-06, -0.0, -0.0, 0.791667, 0.610953, 0.374726, -1e-06, -0.610953, 0.791667, 0.0, 0.0, 0.0, 0.0, 1.0],
                [1.0, -0.0, 1e-06, -0.0, -0.0, 0.795063, 0.606526, 0.374726, -1e-06, -0.606526, 0.795063, -0.0, 0.0, 0.0, 0.0, 1.0],
                [1.0, -0.0, 1e-06, -0.0, -0.0, 0.785166, 0.619285, 0.374726, -1e-06, -0.619285, 0.785166, 0.0, 0.0, 0.0, 0.0, 1.0],
                [1.0, -1e-06, 1e-06, 0.0, -0.0, 0.76419, 0.644991, 0.374726, -1e-06, -0.644991, 0.76419, 0.0, 0.0, 0.0, 0.0, 1.0],
                [1.0, -1e-06, 1e-06, 0.0, -0.0, 0.738228, 0.674551, 0.374726, -1e-06, -0.674551, 0.738228, -0.0, 0.0, 0.0, 0.0, 1.0],
                [1.0, -0.0, 1e-06, 0.0, -0.0, 0.709586, 0.704619, 0.374726, -1e-06, -0.704619, 0.709586, -0.0, 0.0, 0.0, 0.0, 1.0],
                [1.0, -1e-06, 1e-06, 0.0, -0.0, 0.68051, 0.732738, 0.374726, -1e-06, -0.732738, 0.68051, 0.0, 0.0, 0.0, 0.0, 1.0],
                [1.0, -1e-06, 1e-06, -0.0, -0.0, 0.653034, 0.757328, 0.374726, -1e-06, -0.757328, 0.653035, 0.0, 0.0, 0.0, 0.0, 1.0],
                [1.0, -1e-06, 1e-06, -0.0, -0.0, 0.628844, 0.777531, 0.374726, -1e-06, -0.777531, 0.628844, -0.0, 0.0, 0.0, 0.0, 1.0],
                [1.0, -0.0, 1e-06, -0.0, -0.0, 0.60918, 0.793032, 0.374726, -1e-06, -0.793032, 0.60918, 0.0, 0.0, 0.0, 0.0, 1.0],
                [1.0, -0.0, 1e-06, 0.0, -0.0, 0.594776, 0.803891, 0.374726, -1e-06, -0.803891, 0.594777, 0.0, 0.0, 0.0, 0.0, 1.0],
                [1.0, -1e-06, 1e-06, -0.0, -0.0, 0.585834, 0.810431, 0.374726, -1e-06, -0.810431, 0.585834, -0.0, 0.0, 0.0, 0.0, 1.0],
                [1.0, -1e-06, 1e-06, 0.0, -0.0, 0.58203, 0.813167, 0.374726, -1e-06, -0.813167, 0.58203, -0.0, 0.0, 0.0, 0.0, 1.0],
                [1.0, -1e-06, 1e-06, 0.0, -0.0, 0.582568, 0.812781, 0.374726, -1e-06, -0.812781, 0.582569, 0.0, 0.0, 0.0, 0.0, 1.0],
                [1.0, -1e-06, 1e-06, -0.0, -0.0, 0.586265, 0.810119, 0.374726, -1e-06, -0.810119, 0.586265, 0.0, 0.0, 0.0, 0.0, 1.0],
                [1.0, -1e-06, 1e-06, -0.0, -0.0, 0.591664, 0.806184, 0.374726, -1e-06, -0.806184, 0.591664, 0.0, 0.0, 0.0, 0.0, 1.0],
                [1.0, -1e-06, 1e-06, -0.0, -0.0, 0.597197, 0.802094, 0.374726, -1e-06, -0.802094, 0.597197, -0.0, 0.0, 0.0, 0.0, 1.0],
                [1.0, -1e-06, 1e-06, -0.0, -0.0, 0.60136, 0.798978, 0.374726, -1e-06, -0.798978, 0.60136, 0.0, 0.0, 0.0, 0.0, 1.0],
                [1.0, -1e-06, 1e-06, 0.0, -0.0, 0.602938, 0.797788, 0.374726, -1e-06, -0.797788, 0.602938, -0.0, 0.0, 0.0, 0.0, 1.0]
            ]
        },
        {
            "name": "Knee_R",
            "time": [0.0, 1.1667],
            "transform": [
                [1.0, 0.0, -0.0, 0.0, -0.0, 0.00567, -0.999984, 0.380408, -0.0, 0.999984, 0.00567, -3.2e-05, 0.0, 0.0, 0.0, 1.0],
                [1.0, 0.0, -0.0, -0.0, -0.0, 0.00567, -0.999984, 0.415554, -0.0, 0.999984, 0.00567, -0.000232, 0.0, 0.0, 0.0, 1.0]
            ]
        },
        {
            "name": "Thigh_L",
            "time": [0.0, 0.0167, 0.0333, 0.05, 0.0667, 0.0833, 0.1, 0.1167, 0.1333, 0.15, 0.1667, 0.1833, 0.2, 0.2167, 0.2333, 0.25, 0.2667, 0.2833, 0.3, 0.3167, 0.3333, 0.35, 0.3667, 0.3833, 0.4, 0.4167, 0.4333, 0.45, 0.4667, 0.4833, 0.5, 0.5167, 0.5333, 0.55, 0.5667, 0.5833, 0.6, 0.6167, 0.6333, 0.65, 0.6667, 0.6833, 0.7, 0.7167, 0.7333, 0.75, 0.7667, 0.7833, 0.8, 0.8167, 0.8333, 0.85, 0.8667, 0.8833, 0.9, 0.9167, 0.9333, 0.95, 0.9667, 0.9833, 1.0, 1.0167, 1.0333, 1.05, 1.0667, 1.0833, 1.1, 1.1167, 1.1333, 1.15, 1.1667],
            "transform": [
                [0.968471, -0.221956, 0.113132, -0.125006, -0.248748, -0.886529, 0.390116, -0.002831, 0.013707, -0.405957, -0.913789, -1.2e-05, 0.0, 0.0, 0.0, 1.0],
                [0.968339, -0.223104, 0.111997, -0.125006, -0.249442, -0.882454, 0.398817, -0.002831, 0.009854, -0.414127, -0.910166, -1.2e-05, 0.0, 0.0, 0.0, 1.0],
                [0.968011, -0.226053, 0.108879, -0.125006, -0.250907, -0.871319, 0.421722, -0.002831, -0.000463, -0.43555, -0.900165, -1.2e-05, 0.0, 0.0, 0.0, 1.0],
                [0.96755, -0.2302, 0.104188, -0.125006, -0.252211, -0.854735, 0.453672, -0.002831, -0.015382, -0.465228, -0.885057, -1.2e-05, 0.0, 0.0, 0.0, 1.0],
                [0.96707, -0.234712, 0.098417, -0.125006, -0.252364, -0.834202, 0.490327, -0.002831, -0.032986, -0.499018, -0.865964, -1.2e-05, 0.0, 0.0, 0.0, 1.0],
                [0.966817, -0.238291, 0.092103, -0.125006, -0.250271, -0.811078, 0.528694, -0.002831, -0.05128, -0.534201, -0.843801, -1.2e-05, 0.0, 0.0, 0.0, 1.0],
                [0.967189, -0.239174, 0.085678, -0.125006, -0.244732, -0.786575, 0.566927, -0.002831, -0.068202, -0.569294, -0.8193, -1.2e-05, 0.0, 0.0, 0.0, 1.0],
                [0.968683, -0.235293, 0.079317, -0.125006, -0.234481, -0.76175, 0.603951, -0.002831, -0.081685, -0.603635, -0.793065, -1.2e-05, 0.0, 0.0, 0.0, 1.0],
                [0.971741, -0.224531, 0.072838, -0.125006, -0.218312, -0.737508, 0.639079, -0.002831, -0.089774, -0.636921, -0.765685, -1.2e-05, 0.0, 0.0, 0.0, 1.0],
                [0.976535, -0.205094, 0.065693, -0.125006, -0.195282, -0.714688, 0.67163, -0.002831, -0.090797, -0.668699, -0.737969, -1.2e-05, 0.0, 0.0, 0.0, 1.0],
                [0.982745, -0.175926, 0.057122, -0.125006, -0.165011, -0.694327, 0.700486, -0.002831, -0.083572, -0.697825, -0.711376, -1.2e-05, 0.0, 0.0, 0.0, 1.0],
                [0.988849, -0.140034, 0.050673, -0.125006, -0.132683, -0.673951, 0.726763, -0.002831, -0.06762, -0.725383, -0.685016, -1.2e-05, 0.0, 0.0, 0.0, 1.0],
                [0.993585, -0.102339, 0.048117, -0.125006, -0.103417, -0.650136, 0.752747, -0.002831, -0.045753, -0.752895, -0.656549, -1.2e-05, 0.0, 0.0, 0.0, 1.0],
                [0.996785, -0.065132, 0.046658, -0.125006, -0.077152, -0.623285, 0.77818, -0.002831, -0.021603, -0.779278, -0.626307, -1.2e-05, 0.0, 0.0, 0.0, 1.0],
                [0.998557, -0.030192, 0.044405, -0.125006, -0.053654, -0.594102, 0.802598, -0.002831, 0.002149, -0.803823, -0.594865, -1.2e-05, 0.0, 0.0, 0.0, 1.0],
                [0.999186, 0.00121, 0.040316, -0.125006, -0.032626, -0.563455, 0.825502, -0.002831, 0.023715, -0.826146, -0.562957, -1.2e-05, 0.0, 0.0, 0.0, 1.0],
                [0.999022, 0.028228, 0.034033, -0.125006, -0.013796, -0.532273, 0.84646, -0.002831, 0.042009, -0.846102, -0.531363, -1.2e-05, 0.0, 0.0, 0.0, 1.0],
                [0.998402, 0.050332, 0.025692, -0.125006, 0.003017, -0.501476, 0.865166, -0.002831, 0.056429, -0.863707, -0.500827, -1.2e-05, 0.0, 0.0, 0.0, 1.0],
                [0.997614, 0.06721, 0.015767, -0.125006, 0.017865, -0.47195, 0.881444, -0.002831, 0.066683, -0.87906, -0.472025, -1.2e-05, 0.0, 0.0, 0.0, 1.0],
                [0.996887, 0.07869, 0.004949, -0.125006, 0.030646, -0.444538, 0.895235, -0.002831, 0.072646, -0.892297, -0.445566, -1.2e-05, 0.0, 0.0, 0.0, 1.0],
                [0.99639, 0.084688, -0.005936, -0.125006, 0.041104, -0.420072, 0.90656, -0.002831, 0.074281, -0.903531, -0.422036, -1.2e-05, 0.0, 0.0, 0.0, 1.0],
                [0.99624, 0.085151, -0.015991, -0.125006, 0.048833, -0.399409, 0.915471, -0.002831, 0.071566, -0.91281, -0.402065, -1.2e-05, 0.0, 0.0, 0.0, 1.0],
                [0.996496, 0.080027, -0.024321, -0.125006, 0.053301, -0.383498, 0.922002, -0.002831, 0.064458, -0.920068, -0.38642, -1.2e-05, 0.0, 0.0, 0.0, 1.0],
                [0.997148, 0.069199, -0.030116, -0.125006, 0.053886, -0.373448, 0.926085, -0.002831, 0.052837, -0.925067, -0.376112, -1.2e-05, 0.0, 0.0, 0.0, 1.0],
                [0.998086, 0.05242, -0.032783, -0.125006, 0.049927, -0.370597, 0.927451, -0.002831, 0.036467, -0.927313, -0.372505, -1.2e-05, 0.0, 0.0, 0.0, 1.0],
                [0.999056, 0.029208, -0.032143, -0.125006, 0.040785, -0.376557, 0.925496, -0.002831, 0.014928, -0.925933, -0.377393, -1.2e-05, 0.0, 0.0, 0.0, 1.0],
                [0.999587, -0.001265, -0.028712, -0.125006, 0.025902, -0.393195, 0.91909, -0.002831, -0.012452, -0.919454, -0.392999, -1.2e-05, 0.0, 0.0, 0.0, 1.0],
                [0.99893, -0.040277, -0.022737, -0.125006, 0.003412, -0.426083, 0.904677, -0.002831, -0.046126, -0.903787, -0.42549, -1.2e-05, 0.0, 0.0, 0.0, 1.0],
                [0.995942, -0.088251, -0.017677, -0.125006, -0.026648, -0.476726, 0.878648, -0.002831, -0.085969, -0.874611, -0.477143, -1.2e-05, 0.0, 0.0, 0.0, 1.0],
                [0.989312, -0.144432, -0.020036, -0.125006, -0.061838, -0.540009, 0.839384, -0.002831, -0.132054, -0.829174, -0.543169, -1.2e-05, 0.0, 0.0, 0.0, 1.0],
                [0.977767, -0.206594, -0.035917, -0.125006, -0.099989, -0.609901, 0.786145, -0.002831, -0.184319, -0.765076, -0.616998, -1.2e-05, 0.0, 0.0, 0.0, 1.0],
                [0.960093, -0.27079, -0.069958, -0.125006, -0.139437, -0.680276, 0.71957, -0.002831, -0.242444, -0.6811, -0.690887, -1.2e-05, 0.0, 0.0, 0.0, 1.0],
                [0.935119, -0.331698, -0.124615, -0.125006, -0.179051, -0.745828, 0.641624, -0.002831, -0.305767, -0.577682, -0.756828, -1.2e-05, 0.0, 0.0, 0.0, 1.0],
                [0.901738, -0.383292, -0.199891, -0.125006, -0.218112, -0.802648, 0.555143, -0.002831, -0.373223, -0.456995, -0.807378, -1.2e-05, 0.0, 0.0, 0.0, 1.0],
                [0.859015, -0.419555, -0.293373, -0.125006, -0.256145, -0.848389, 0.463278, -0.002831, -0.443265, -0.322817, -0.836245, -1.2e-05, 0.0, 0.0, 0.0, 1.0],
                [0.806431, -0.435116, -0.400428, -0.125006, -0.29273, -0.882125, 0.369006, -0.002831, -0.513788, -0.180361, -0.838744, -1.2e-05, 0.0, 0.0, 0.0, 1.0],
                [0.744296, -0.425856, -0.514462, -0.125006, -0.32736, -0.904072, 0.274755, -0.002831, -0.582116, -0.036085, -0.812305, -1.2e-05, 0.0, 0.0, 0.0, 1.0],
                [0.674291, -0.38962, -0.627318, -0.125006, -0.359363, -0.915244, 0.182175, -0.002831, -0.645127, 0.102596, -0.757156, -1.2e-05, 0.0, 0.0, 0.0, 1.0],
                [0.600036, -0.327304, -0.729951, -0.125006, -0.38792, -0.917058, 0.092322, -0.002831, -0.699625, 0.227766, -0.677236, -1.2e-05, 0.0, 0.0, 0.0, 1.0],
                [0.527389, -0.246285, -0.813145, -0.125006, -0.412185, -0.91106, 0.008607, -0.002831, -0.742943, 0.330627, -0.581998, -1.2e-05, 0.0, 0.0, 0.0, 1.0],
                [0.464144, -0.188615, -0.865445, -0.125006, -0.431426, -0.901473, -0.03491, -0.002831, -0.77359, 0.389578, -0.499787, -1.2e-05, 0.0, 0.0, 0.0, 1.0],
