{
    "animation": [
        {
            "name": "Root",
            "time": [0.0, 0.0167, 0.0333, 0.05, 0.0667, 0.0833, 0.1, 0.1167, 0.1333, 0.15, 0.1667, 0.1833, 0.2, 0.2167, 0.2333, 0.25, 0.2667, 0.2833, 0.3, 0.3167, 0.3333, 0.35, 0.3667, 0.3833, 0.4, 0.4167, 0.4333, 0.45, 0.4667, 0.4833, 0.5, 0.5167, 0.5333, 0.55, 0.5667, 0.5833, 0.6, 0.6167, 0.6333, 0.65, 0.6667, 0.6833, 0.7, 0.7167, 0.7333, 0.75, 0.7667, 0.7833, 0.8, 0.8167, 0.8333, 0.85, 0.8667, 0.8833, 0.9, 0.9167, 0.9333, 0.95, 0.9667, 0.9833, 1.0, 1.0167, 1.0333, 1.05, 1.0667, 1.0833, 1.1, 1.1167, 1.1333, 1.15, 1.1667, 1.1833, 1.2, 1.2167, 1.2333, 1.25, 1.2667, 1.2833, 1.3],
            "transform": [
                [0.446565, 0.0, -0.894751, 0.044593, -0.894751, 0.0, -0.446565, -0.233295, 0.0, 1.0, 0.0, 0.627589, 0.0, 0.0, 0.0, 1.0],
                [0.513354, 0.0, -0.858177, 0.04197, -0.858177, 0.0, -0.513354, -0.196796, 0.0, 1.0, 0.0, 0.625853, 0.0, 0.0, 0.0, 1.0],
                [0.57871, 0.0, -0.815533, 0.039347, -0.815533, 0.0, -0.57871, -0.160298, 0.0, 1.0, 0.0, 0.624118, 0.0, 0.0, 0.0, 1.0],
                [0.641862, 0.0, -0.76682, 0.036723, -0.76682, 0.0, -0.641862, -0.123799, 0.0, 1.0, 0.0, 0.622383, 0.0, 0.0, 0.0, 1.0],
                [0.70201, 0.0, -0.712167, 0.0341, -0.712167, 0.0, -0.70201, -0.0873, 0.0, 1.0, 0.0, 0.620647, 0.0, 0.0, 0.0, 1.0],
                [0.758358, 0.0, -0.651838, 0.031476, -0.651838, 0.0, -0.758358, -0.050802, 0.0, 1.0, 0.0, 0.618912, 0.0, 0.0, 0.0, 1.0],
                [0.81014, 0.0, -0.586236, 0.028853, -0.586236, 0.0, -0.81014, -0.014303, 0.0, 1.0, 0.0, 0.617177, 0.0, 0.0, 0.0, 1.0],
                [0.85665, 0.0, -0.515899, 0.02623, -0.515899, 0.0, -0.85665, 0.022195, 0.0, 1.0, 0.0, 0.615442, 0.0, 0.0, 0.0, 1.0],
                [0.897269, 0.0, -0.441484, 0.023606, -0.441484, 0.0, -0.897269, 0.058694, 0.0, 1.0, 0.0, 0.613706, 0.0, 0.0, 0.0, 1.0],
                [0.931495, 0.0, -0.363753, 0.020983, -0.363753, 0.0, -0.931495, 0.095192, 0.0, 1.0, 0.0, 0.611971, 0.0, 0.0, 0.0, 1.0],
                [0.958959, 0.0, -0.283546, 0.018359, -0.283546, 0.0, -0.958959, 0.131691, 0.0, 1.0, 0.0, 0.610236, 0.0, 0.0, 0.0, 1.0],
                [0.979438, 0.0, -0.201746, 0.015736, -0.201746, 0.0, -0.979438, 0.168189, 0.0, 1.0, 0.0, 0.6085, 0.0, 0.0, 0.0, 1.0],
                [0.992864, 0.0, -0.119255, 0.013112, -0.119255, 0.0, -0.992864, 0.204688, 0.0, 1.0, 0.0, 0.606765, 0.0, 0.0, 0.0, 1.0],
                [0.999317, 0.0, -0.036957, 0.010489, -0.036957, 0.0, -0.999317, 0.241187, 0.0, 1.0, 0.0, 0.60503, 0.0, 0.0, 0.0, 1.0],
                [0.999018, 0.0, 0.044312, 0.007866, 0.044312, 0.0, -0.999018, 0.277685, 0.0, 1.0, 0.0, 0.603295, 0.0, 0.0, 0.0, 1.0],
                [0.992309, 0.0, 0.123786, 0.005242, 0.123786, 0.0, -0.992309, 0.314184, 0.0, 1.0, 0.0, 0.601559, 0.0, 0.0, 0.0, 1.0],
                [0.979635, 0.0, 0.200789, 0.002619, 0.200789, 0.0, -0.979635, 0.350682, 0.0, 1.0, 0.0, 0.599824, 0.0, 0.0, 0.0, 1.0],
                [0.961516, 0.0, 0.274748, -5e-06, 0.274748, 0.0, -0.961516, 0.387181, 0.0, 1.0, 0.0, 0.598089, 0.0, 0.0, 0.0, 1.0],
                [0.961516, 0.0, 0.274748, -5e-06, 0.274748, 0.0, -0.961516, 0.387181, 0.0, 1.0, 0.0, 0.598089, 0.0, 0.0, 0.0, 1.0],
                [0.961516, 0.0, 0.274748, -5e-06, 0.274748, 0.0, -0.961516, 0.387181, 0.0, 1.0, 0.0, 0.598089, 0.0, 0.0, 0.0, 1.0],
                [0.961516, 0.0, 0.274748, -5e-06, 0.274748, 0.0, -0.961516, 0.387181, 0.0, 1.0, 0.0, 0.598089, 0.0, 0.0, 0.0, 1.0],
                [0.961516, 0.0, 0.274748, -5e-06, 0.274748, 0.0, -0.961516, 0.387181, 0.0, 1.0, 0.0, 0.598089, 0.0, 0.0, 0.0, 1.0],
                [0.961516, 0.0, 0.274748, -5e-06, 0.274748, 0.0, -0.961516, 0.387181, 0.0, 1.0, 0.0, 0.598089, 0.0, 0.0, 0.0, 1.0],
                [0.961516, 0.0, 0.274748, -5e-06, 0.274748, 0.0, -0.961516, 0.387181, 0.0, 1.0, 0.0, 0.598089, 0.0, 0.0, 0.0, 1.0],
                [0.961516, 0.0, 0.274748, -5e-06, 0.274748, 0.0, -0.961516, 0.387181, 0.0, 1.0, 0.0, 0.598089, 0.0, 0.0, 0.0, 1.0],
                [0.961516, 0.0, 0.274748, -5e-06, 0.274748, 0.0, -0.961516, 0.387181, 0.0, 1.0, 0.0, 0.598089, 0.0, 0.0, 0.0, 1.0],
                [0.961516, 0.0, 0.274748, -5e-06, 0.274748, 0.0, -0.961516, 0.387181, 0.0, 1.0, 0.0, 0.598089, 0.0, 0.0, 0.0, 1.0],
                [0.961516, 0.0, 0.274748, -5e-06, 0.274748, 0.0, -0.961516, 0.387181, 0.0, 1.0, 0.0, 0.598089, 0.0, 0.0, 0.0, 1.0],
                [0.961516, 0.0, 0.274748, -5e-06, 0.274748, 0.0, -0.961516, 0.387181, 0.0, 1.0, 0.0, 0.598089, 0.0, 0.0, 0.0, 1.0],
                [0.961516, 0.0, 0.274748, -5e-06, 0.274748, 0.0, -0.961516, 0.387181, 0.0, 1.0, 0.0, 0.598089, 0.0, 0.0, 0.0, 1.0],
                [0.961516, 0.0, 0.274748, -5e-06, 0.274748, 0.0, -0.961516, 0.387181, 0.0, 1.0, 0.0, 0.598089, 0.0, 0.0, 0.0, 1.0],
                [0.961516, 0.0, 0.274748, -5e-06, 0.274748, 0.0, -0.961516, 0.387181, 0.0, 1.0, 0.0, 0.598089, 0.0, 0.0, 0.0, 1.0],
                [0.961516, 0.0, 0.274748, -5e-06, 0.274748, 0.0, -0.961516, 0.387181, 0.0, 1.0, 0.0, 0.598089, 0.0, 0.0, 0.0, 1.0],
                [0.961516, 0.0, 0.274748, -5e-06, 0.274748, 0.0, -0.961516, 0.387181, 0.0, 1.0, 0.0, 0.598089, 0.0, 0.0, 0.0, 1.0],
                [0.961516, 0.0, 0.274748, -5e-06, 0.274748, 0.0, -0.961516, 0.387181, 0.0, 1.0, 0.0, 0.598089, 0.0, 0.0, 0.0, 1.0],
                [0.961516, 0.0, 0.274748, -5e-06, 0.274748, 0.0, -0.961516, 0.387181, 0.0, 1.0, 0.0, 0.598089, 0.0, 0.0, 0.0, 1.0],
                [0.961516, 0.0, 0.274748, -5e-06, 0.274748, 0.0, -0.961516, 0.387181, 0.0, 1.0, 0.0, 0.598089, 0.0, 0.0, 0.0, 1.0],
                [0.961516, 0.0, 0.274748, -5e-06, 0.274748, 0.0, -0.961516, 0.387181, 0.0, 1.0, 0.0, 0.598089, 0.0, 0.0, 0.0, 1.0],
                [0.961516, 0.0, 0.274748, -5e-06, 0.274748, 0.0, -0.961516, 0.387181, 0.0, 1.0, 0.0, 0.598089, 0.0, 0.0, 0.0, 1.0],
                [0.961516, 0.0, 0.274748, -5e-06, 0.274748, 0.0, -0.961516, 0.387181, 0.0, 1.0, 0.0, 0.598089, 0.0, 0.0, 0.0, 1.0],
                [0.961516, 0.0, 0.274748, -5e-06, 0.274748, 0.0, -0.961516, 0.387181, 0.0, 1.0, 0.0, 0.598089, 0.0, 0.0, 0.0, 1.0],
                [0.961516, 0.0, 0.274748, -5e-06, 0.274748, 0.0, -0.961516, 0.387181, 0.0, 1.0, 0.0, 0.598089, 0.0, 0.0, 0.0, 1.0],
                [0.961516, 0.0, 0.274748, -5e-06, 0.274748, 0.0, -0.961516, 0.387181, 0.0, 1.0, 0.0, 0.598089, 0.0, 0.0, 0.0, 1.0],
                [0.961516, 0.0, 0.274748, -5e-06, 0.274748, 0.0, -0.961516, 0.387181, 0.0, 1.0, 0.0, 0.598089, 0.0, 0.0, 0.0, 1.0],
                [0.962137, 0.0, 0.272565, 0.000103, 0.272565, 0.0, -0.962137, 0.385971, 0.0, 1.0, 0.0, 0.598334, 0.0, 0.0, 0.0, 1.0],
                [0.963926, 0.0, 0.26617, 0.000416, 0.26617, 0.0, -0.963926, 0.382436, 0.0, 1.0, 0.0, 0.599051, 0.0, 0.0, 0.0, 1.0],
                [0.966736, 0.0, 0.255777, 0.000922, 0.255777, 0.0, -0.966736, 0.376716, 0.0, 1.0, 0.0, 0.60021, 0.0, 0.0, 0.0, 1.0],
                [0.970381, 0.0, 0.241579, 0.00161, 0.241579, 0.0, -0.970381, 0.368953, 0.0, 1.0, 0.0, 0.601784, 0.0, 0.0, 0.0, 1.0],
                [0.974644, 0.0, 0.223761, 0.002466, 0.223761, 0.0, -0.974644, 0.359287, 0.0, 1.0, 0.0, 0.603743, 0.0, 0.0, 0.0, 1.0],
                [0.979281, 0.0, 0.202505, 0.003478, 0.202505, 0.0, -0.979281, 0.347859, 0.0, 1.0, 0.0, 0.606059, 0.0, 0.0, 0.0, 1.0],
                [0.984031, 0.0, 0.177996, 0.004634, 0.177996, 0.0, -0.984031, 0.334811, 0.0, 1.0, 0.0, 0.608704, 0.0, 0.0, 0.0, 1.0],
                [0.98862, 0.0, 0.150433, 0.00592, 0.150433, 0.0, -0.98862, 0.320282, 0.0, 1.0, 0.0, 0.611649, 0.0, 0.0, 0.0, 1.0],
                [0.99277, 0.0, 0.120033, 0.007326, 0.120033, 0.0, -0.99277, 0.304415, 0.0, 1.0, 0.0, 0.614865, 0.0, 0.0, 0.0, 1.0],
                [0.996205, 0.0, 0.087035, 0.008837, 0.087035, 0.0, -0.996205, 0.28735, 0.0, 1.0, 0.0, 0.618324, 0.0, 0.0, 0.0, 1.0],
                [0.998662, 0.0, 0.051707, 0.010442, 0.051707, 0.0, -0.998662, 0.269228, 0.0, 1.0, 0.0, 0.621997, 0.0, 0.0, 0.0, 1.0],
                [0.999897, 0.0, 0.014343, 0.012128, 0.014343, 0.0, -0.999897, 0.250189, 0.0, 1.0, 0.0, 0.625856, 0.0, 0.0, 0.0, 1.0],
                [0.999694, 0.0, -0.024733, 0.013883, -0.024733, 0.0, -0.999694, 0.230376, 0.0, 1.0, 0.0, 0.629872, 0.0, 0.0, 0.0, 1.0],
                [0.997874, 0.0, -0.065171, 0.015694, -0.065171, 0.0, -0.997874, 0.209928, 0.0, 1.0, 0.0, 0.634017, 0.0, 0.0, 0.0, 1.0],
                [0.994302, 0.0, -0.106599, 0.017549, -0.106599, 0.0, -0.994302, 0.188987, 0.0, 1.0, 0.0, 0.638262, 0.0, 0.0, 0.0, 1.0],
                [0.988893, 0.0, -0.148628, 0.019434, -0.148628, 0.0, -0.988893, 0.167694, 0.0, 1.0, 0.0, 0.642578, 0.0, 0.0, 0.0, 1.0],
                [0.981617, 0.0, -0.190861, 0.021339, -0.190861, 0.0, -0.981617, 0.146189, 0.0, 1.0, 0.0, 0.646936, 0.0, 0.0, 0.0, 1.0],
                [0.972501, 0.0, -0.232899, 0.02325, -0.232899, 0.0, -0.972501, 0.124614, 0.0, 1.0, 0.0, 0.65131, 0.0, 0.0, 0.0, 1.0],
                [0.961629, 0.0, -0.274352, 0.025154, -0.274352, 0.0, -0.961629, 0.103109, 0.0, 1.0, 0.0, 0.655668, 0.0, 0.0, 0.0, 1.0],
                [0.949143, 0.0, -0.314846, 0.02704, -0.314846, 0.0, -0.949143, 0.081815, 0.0, 1.0, 0.0, 0.659985, 0.0, 0.0, 0.0, 1.0],
                [0.935233, 0.0, -0.354032, 0.028895, -0.354032, 0.0, -0.935233, 0.060874, 0.0, 1.0, 0.0, 0.664229, 0.0, 0.0, 0.0, 1.0],
                [0.920139, 0.0, -0.391592, 0.030706, -0.391592, 0.0, -0.920139, 0.040427, 0.0, 1.0, 0.0, 0.668374, 0.0, 0.0, 0.0, 1.0],
                [0.904137, 0.0, -0.427242, 0.032461, -0.427242, 0.0, -0.904137, 0.020613, 0.0, 1.0, 0.0, 0.67239, 0.0, 0.0, 0.0, 1.0],
                [0.887536, 0.0, -0.460738, 0.034147, -0.460738, 0.0, -0.887536, 0.001575, 0.0, 1.0, 0.0, 0.676249, 0.0, 0.0, 0.0, 1.0],
                [0.870666, 0.0, -0.491875, 0.035752, -0.491875, 0.0, -0.870666, -0.016547, 0.0, 1.0, 0.0, 0.679922, 0.0, 0.0, 0.0, 1.0],
                [0.853871, 0.0, -0.520485, 0.037263, -0.520485, 0.0, -0.853871, -0.033613, 0.0, 1.0, 0.0, 0.683381, 0.0, 0.0, 0.0, 1.0],
                [0.837501, 0.0, -0.546435, 0.038669, -0.546435, 0.0, -0.837501, -0.04948, 0.0, 1.0, 0.0, 0.686597, 0.0, 0.0, 0.0, 1.0],
                [0.821907, 0.0, -0.569622, 0.039955, -0.569622, 0.0, -0.821907, -0.064008, 0.0, 1.0, 0.0, 0.689542, 0.0, 0.0, 0.0, 1.0],
                [0.807431, 0.0, -0.589961, 0.041111, -0.589961, 0.0, -0.807431, -0.077057, 0.0, 1.0, 0.0, 0.692187, 0.0, 0.0, 0.0, 1.0],
                [0.794406, 0.0, -0.607388, 0.042123, -0.607388, 0.0, -0.794406, -0.088484, 0.0, 1.0, 0.0, 0.694503, 0.0, 0.0, 0.0, 1.0],
                [0.783145, 0.0, -0.621839, 0.042979, -0.621839, 0.0, -0.783145, -0.09815, 0.0, 1.0, 0.0, 0.696463, 0.0, 0.0, 0.0, 1.0],
                [0.773946, 0.0, -0.633251, 0.043667, -0.633251, 0.0, -0.773946, -0.105914, 0.0, 1.0, 0.0, 0.698036, 0.0, 0.0, 0.0, 1.0],
                [0.767083, 0.0, -0.641548, 0.044173, -0.641548, 0.0, -0.767083, -0.111633, 0.0, 1.0, 0.0, 0.699196, 0.0, 0.0, 0.0, 1.0],
                [0.762806, 0.0, -0.646627, 0.044486, -0.646627, 0.0, -0.762806, -0.115169, 0.0, 1.0, 0.0, 0.699912, 0.0, 0.0, 0.0, 1.0],
                [0.761337, 0.0, -0.648357, 0.044593, -0.648357, 0.0, -0.761337, -0.116378, 0.0, 1.0, 0.0, 0.700157, 0.0, 0.0, 0.0, 1.0]
            ]
        },
        {
            "name": "Thigh_R",
            "time": [0.0, 0.0167, 0.0333, 0.05, 0.0667, 0.0833, 0.1, 0.1167, 0.1333, 0.15, 0.1667, 0.1833, 0.2, 0.2167, 0.2333, 0.25, 0.2667, 0.2833, 0.3, 0.3167, 0.3333, 0.35, 0.3667, 0.3833, 0.4, 0.4167, 0.4333, 0.45, 0.4667, 0.4833, 0.5, 0.5167, 0.5333, 0.55, 0.5667, 0.5833, 0.6, 0.6167, 0.6333, 0.65, 0.6667, 0.6833, 0.7, 0.7167, 0.7333, 0.75, 0.7667, 0.7833, 0.8, 0.8167, 0.8333, 0.85, 0.8667, 0.8833, 0.9, 0.9167, 0.9333, 0.95, 0.9667, 0.9833, 1.0, 1.0167, 1.0333, 1.05, 1.0667, 1.0833, 1.1, 1.1167, 1.1333, 1.15, 1.1667, 1.1833, 1.2, 1.2167, 1.2333, 1.25, 1.2667, 1.2833, 1.3],
            "transform": [
                [0.756128, 0.639931, 0.136953, 0.124994, 0.536463, -0.725965, 0.430326, -0.002831, 0.374803, -0.251911, -0.892224, -1.2e-05, 0.0, 0.0, 0.0, 1.0],
                [0.793195, 0.599204, 0.108599, 0.124994, 0.502457, -0.744728, 0.439221, -0.002831, 0.34406, -0.293821, -0.891791, -1.2e-05, 0.0, 0.0, 0.0, 1.0],
                [0.829524, 0.551553, 0.087619, 0.124994, 0.461862, -0.765732, 0.44759, -0.002831, 0.313962, -0.330818, -0.889936, -1.2e-05, 0.0, 0.0, 0.0, 1.0],
                [0.862639, 0.50047, 0.073353, 0.124994, 0.416288, -0.784823, 0.459081, -0.002831, 0.287326, -0.365485, -0.885361, -1.2e-05, 0.0, 0.0, 0.0, 1.0],
                [0.890637, 0.449847, 0.066358, 0.124994, 0.368154, -0.799024, 0.475418, -0.002831, 0.266887, -0.398994, -0.877254, -1.2e-05, 0.0, 0.0, 0.0, 1.0],
                [0.912472, 0.403568, 0.067276, 0.124994, 0.32014, -0.806657, 0.496802, -0.002831, 0.254762, -0.43178, -0.865252, -1.2e-05, 0.0, 0.0, 0.0, 1.0],
                [0.92791, 0.364933, 0.076193, 0.124994, 0.27461, -0.807305, 0.522347, -0.002831, 0.252133, -0.463767, -0.849323, -1.2e-05, 0.0, 0.0, 0.0, 1.0],
                [0.937228, 0.336238, 0.092444, 0.124994, 0.233253, -0.801536, 0.550573, -0.002831, 0.259222, -0.494449, -0.829654, -1.2e-05, 0.0, 0.0, 0.0, 1.0],
                [0.940901, 0.318649, 0.114747, 0.124994, 0.197014, -0.790542, 0.57985, -0.002831, 0.275481, -0.522974, -0.806603, -1.2e-05, 0.0, 0.0, 0.0, 1.0],
                [0.93939, 0.312285, 0.141506, 0.124994, 0.166214, -0.775803, 0.608687, -0.002831, 0.299865, -0.548274, -0.78069, -1.2e-05, 0.0, 0.0, 0.0, 1.0],
                [0.933056, 0.316425, 0.171117, 0.124994, 0.140742, -0.758867, 0.635855, -0.002831, 0.331056, -0.569204, -0.752601, -1.2e-05, 0.0, 0.0, 0.0, 1.0],
                [0.92216, 0.329741, 0.202215, 0.124994, 0.120233, -0.741232, 0.660392, -0.002831, 0.367648, -0.584673, -0.723182, -1.2e-05, 0.0, 0.0, 0.0, 1.0],
                [0.906905, 0.350495, 0.233831, 0.124994, 0.104203, -0.724314, 0.681549, -0.002831, 0.408247, -0.593733, -0.693408, -1.2e-05, 0.0, 0.0, 0.0, 1.0],
                [0.88748, 0.376694, 0.26548, 0.124994, 0.092128, -0.709463, 0.698694, -0.002831, 0.451542, -0.595618, -0.66434, -1.2e-05, 0.0, 0.0, 0.0, 1.0],
                [0.864102, 0.406188, 0.297216, 0.124994, 0.083498, -0.69802, 0.711192, -0.002831, 0.496342, -0.589725, -0.637078, -1.2e-05, 0.0, 0.0, 0.0, 1.0],
                [0.837031, 0.436686, 0.329671, 0.124994, 0.077837, -0.691424, 0.718243, -0.002831, 0.54159, -0.57553, -0.612736, -1.2e-05, 0.0, 0.0, 0.0, 1.0],
                [0.806584, 0.465636, 0.364149, 0.124994, 0.074717, -0.6914, 0.718597, -0.002831, 0.586379, -0.5524, -0.592464, -1.2e-05, 0.0, 0.0, 0.0, 1.0],
                [0.773125, 0.489834, 0.402914, 0.124994, 0.073757, -0.70038, 0.709949, -0.002831, 0.62995, -0.51916, -0.577611, -1.2e-05, 0.0, 0.0, 0.0, 1.0],
                [0.773125, 0.489834, 0.402914, 0.124994, 0.073757, -0.70038, 0.709948, -0.002831, 0.62995, -0.51916, -0.577611, -1.2e-05, 0.0, 0.0, 0.0, 1.0],
                [0.773125, 0.489834, 0.402914, 0.124994, 0.073757, -0.70038, 0.709948, -0.002831, 0.62995, -0.51916, -0.577611, -1.2e-05, 0.0, 0.0, 0.0, 1.0],
                [0.773125, 0.489834, 0.402914, 0.124994, 0.073757, -0.70038, 0.709948, -0.002831, 0.62995, -0.51916, -0.577611, -1.2e-05, 0.0, 0.0, 0.0, 1.0],
                [0.773125, 0.489834, 0.402914, 0.124994, 0.073757, -0.70038, 0.709948, -0.002831, 0.62995, -0.51916, -0.577611, -1.2e-05, 0.0, 0.0, 0.0, 1.0],
                [0.773125, 0.489834, 0.402914, 0.124994, 0.073757, -0.70038, 0.709948, -0.002831, 0.62995, -0.51916, -0.577611, -1.2e-05, 0.0, 0.0, 0.0, 1.0],
                [0.773125, 0.489834, 0.402914, 0.124994, 0.073757, -0.70038, 0.709948, -0.002831, 0.62995, -0.51916, -0.577611, -1.2e-05, 0.0, 0.0, 0.0, 1.0],
                [0.773125, 0.489834, 0.402914, 0.124994, 0.073757, -0.70038, 0.709948, -0.002831, 0.62995, -0.51916, -0.577611, -1.2e-05, 0.0, 0.0, 0.0, 1.0],
                [0.773125, 0.489834, 0.402914, 0.124994, 0.073757, -0.70038, 0.709948, -0.002831, 0.62995, -0.51916, -0.577611, -1.2e-05, 0.0, 0.0, 0.0, 1.0],
                [0.773125, 0.489834, 0.402914, 0.124994, 0.073757, -0.70038, 0.709948, -0.002831, 0.62995, -0.51916, -0.577611, -1.2e-05, 0.0, 0.0, 0.0, 1.0],
                [0.773125, 0.489834, 0.402914, 0.124994, 0.073757, -0.70038, 0.709948, -0.002831, 0.62995, -0.51916, -0.577611, -1.2e-05, 0.0, 0.0, 0.0, 1.0],
                [0.773125, 0.489834, 0.402914, 0.124994, 0.073757, -0.70038, 0.709948, -0.002831, 0.62995, -0.51916, -0.577611, -1.2e-05, 0.0, 0.0, 0.0, 1.0],
                [0.773125, 0.489834, 0.402914, 0.124994, 0.073757, -0.70038, 0.709948, -0.002831, 0.62995, -0.51916, -0.577611, -1.2e-05, 0.0, 0.0, 0.0, 1.0],
                [0.773125, 0.489834, 0.402914, 0.124994, 0.073757, -0.70038, 0.709948, -0.002831, 0.62995, -0.51916, -0.577611, -1.2e-05, 0.0, 0.0, 0.0, 1.0],
                [0.773125, 0.489834, 0.402914, 0.124994, 0.073757, -0.70038, 0.709948, -0.002831, 0.62995, -0.51916, -0.577611, -1.2e-05, 0.0, 0.0, 0.0, 1.0],
                [0.773125, 0.489834, 0.402914, 0.124994, 0.073757, -0.70038, 0.709948, -0.002831, 0.62995, -0.51916, -0.577611, -1.2e-05, 0.0, 0.0, 0.0, 1.0],
                [0.773125, 0.489834, 0.402914, 0.124994, 0.073757, -0.70038, 0.709948, -0.002831, 0.62995, -0.51916, -0.577611, -1.2e-05, 0.0, 0.0, 0.0, 1.0],
                [0.773125, 0.489834, 0.402914, 0.124994, 0.073757, -0.70038, 0.709948, -0.002831, 0.62995, -0.51916, -0.577611, -1.2e-05, 0.0, 0.0, 0.0, 1.0],
                [0.773125, 0.489834, 0.402914, 0.124994, 0.073757, -0.70038, 0.709948, -0.002831, 0.62995, -0.51916, -0.577611, -1.2e-05, 0.0, 0.0, 0.0, 1.0],
                [0.773125, 0.489834, 0.402914, 0.124994, 0.073757, -0.70038, 0.709948, -0.002831, 0.62995, -0.51916, -0.577611, -1.2e-05, 0.0, 0.0, 0.0, 1.0],
                [0.773125, 0.489834, 0.402914, 0.124994, 0.073757, -0.70038, 0.709948, -0.002831, 0.62995, -0.51916, -0.577611, -1.2e-05, 0.0, 0.0, 0.0, 1.0],
                [0.773125, 0.489834, 0.402914, 0.124994, 0.073757, -0.70038, 0.709948, -0.002831, 0.62995, -0.51916, -0.577611, -1.2e-05, 0.0, 0.0, 0.0, 1.0],
                [0.773125, 0.489834, 0.402914, 0.124994, 0.073757, -0.70038, 0.709948, -0.002831, 0.62995, -0.51916, -0.577611, -1.2e-05, 0.0, 0.0, 0.0, 1.0],
                [0.773125, 0.489834, 0.402914, 0.124994, 0.073757, -0.70038, 0.709948, -0.002831, 0.62995, -0.51916, -0.577611, -1.2e-05, 0.0, 0.0, 0.0, 1.0],
                [0.773125, 0.489834, 0.402914, 0.124994, 0.073757, -0.70038, 0.709948, -0.002831, 0.62995, -0.51916, -0.577611, -1.2e-05, 0.0, 0.0, 0.0, 1.0],
                [0.773125, 0.489834, 0.402914, 0.124994, 0.073757, -0.70038, 0.709948, -0.002831, 0.62995, -0.51916, -0.577611, -1.2e-05, 0.0, 0.0, 0.0, 1.0],
                [0.773125, 0.489834, 0.402914, 0.124994, 0.073757, -0.70038, 0.709948, -0.002831, 0.62995, -0.51916, -0.577611, -1.2e-05, 0.0, 0.0, 0.0, 1.0],
                [0.774075, 0.488974, 0.402132, 0.124994, 0.073666, -0.700437, 0.709901, -0.002831, 0.628793, -0.519892, -0.578214, -1.2e-05, 0.0, 0.0, 0.0, 1.0],
                [0.776834, 0.486431, 0.399889, 0.124994, 0.073414, -0.700672, 0.709695, -0.002831, 0.62541, -0.521957, -0.580019, -1.2e-05, 0.0, 0.0, 0.0, 1.0],
                [0.781242, 0.482227, 0.39638, 0.124994, 0.073049, -0.701254, 0.709158, -0.002831, 0.619938, -0.525068, -0.583076, -1.2e-05, 0.0, 0.0, 0.0, 1.0],
                [0.787111, 0.476362, 0.391835, 0.124994, 0.072636, -0.702422, 0.708043, -0.002831, 0.612519, -0.528847, -0.587487, -1.2e-05, 0.0, 0.0, 0.0, 1.0],
                [0.794233, 0.468852, 0.386485, 0.124994, 0.072263, -0.704441, 0.706073, -0.002831, 0.603301, -0.532857, -0.593372, -1.2e-05, 0.0, 0.0, 0.0, 1.0],
                [0.80238, 0.459751, 0.380545, 0.124994, 0.07203, -0.707566, 0.702965, -0.002831, 0.59245, -0.536634, -0.600854, -1.2e-05, 0.0, 0.0, 0.0, 1.0],
                [0.811313, 0.449167, 0.374191, 0.124994, 0.072055, -0.712016, 0.698455, -0.002831, 0.580154, -0.539703, -0.610034, -1.2e-05, 0.0, 0.0, 0.0, 1.0],
                [0.820783, 0.437279, 0.367561, 0.124994, 0.072469, -0.717952, 0.692309, -0.002831, 0.566624, -0.541598, -0.620973, -1.2e-05, 0.0, 0.0, 0.0, 1.0],
                [0.830536, 0.424341, 0.360754, 0.124994, 0.073414, -0.725468, 0.684328, -0.002831, 0.552105, -0.541874, -0.633681, -1.2e-05, 0.0, 0.0, 0.0, 1.0],
                [0.840317, 0.41068, 0.353847, 0.124994, 0.075044, -0.734583, 0.674355, -0.002831, 0.536875, -0.540117, -0.648103, -1.2e-05, 0.0, 0.0, 0.0, 1.0],
                [0.849876, 0.396694, 0.346905, 0.124994, 0.077524, -0.745238, 0.662276, -0.002831, 0.521249, -0.535958, -0.664115, -1.2e-05, 0.0, 0.0, 0.0, 1.0],
                [0.85897, 0.382841, 0.340004, 0.124994, 0.081022, -0.757298, 0.648023, -0.002831, 0.505575, -0.529083, -0.681516, -1.2e-05, 0.0, 0.0, 0.0, 1.0],
                [0.867366, 0.369625, 0.333247, 0.124994, 0.085713, -0.770554, 0.631583, -0.002831, 0.490234, -0.519249, -0.700036, -1.2e-05, 0.0, 0.0, 0.0, 1.0],
                [0.874844, 0.357572, 0.326786, 0.124994, 0.091766, -0.784735, 0.613, -0.002831, 0.475632, -0.50629, -0.719335, -1.2e-05, 0.0, 0.0, 0.0, 1.0],
                [0.881199, 0.347206, 0.320833, 0.124994, 0.099343, -0.799509, 0.59238, -0.002831, 0.462187, -0.490132, -0.739021, -1.2e-05, 0.0, 0.0, 0.0, 1.0],
                [0.886241, 0.339015, 0.315666, 0.124994, 0.108586, -0.814506, 0.569901, -0.002831, 0.450317, -0.470792, -0.758663, -1.2e-05, 0.0, 0.0, 0.0, 1.0],
                [0.889789, 0.333416, 0.311621, 0.124994, 0.119608, -0.829327, 0.54581, -0.002831, 0.440419, -0.448383, -0.777807, -1.2e-05, 0.0, 0.0, 0.0, 1.0],
                [0.891681, 0.330717, 0.309081, 0.124994, 0.132478, -0.843565, 0.520429, -0.002831, 0.432845, -0.423109, -0.796005, -1.2e-05, 0.0, 0.0, 0.0, 1.0],
                [0.891767, 0.331082, 0.308439, 0.124994, 0.147202, -0.856829, 0.494139, -0.002831, 0.42788, -0.395254, -0.81283, -1.2e-05, 0.0, 0.0, 0.0, 1.0],
                [0.889926, 0.334505, 0.310062, 0.124994, 0.163712, -0.868766, 0.467377, -0.002831, 0.425712, -0.36517, -0.827901, -1.2e-05, 0.0, 0.0, 0.0, 1.0],
                [0.886065, 0.34079, 0.314246, 0.124994, 0.181846, -0.879089, 0.440605, -0.002831, 0.426404, -0.33326, -0.840902, -1.2e-05, 0.0, 0.0, 0.0, 1.0],
                [0.880148, 0.349555, 0.321169, 0.124994, 0.201342, -0.887597, 0.414282, -0.002831, 0.429883, -0.299965, -0.8516, -1.2e-05, 0.0, 0.0, 0.0, 1.0],
                [0.872215, 0.360249, 0.330851, 0.124994, 0.221839, -0.894201, 0.388831, -0.002831, 0.435924, -0.265748, -0.859854, -1.2e-05, 0.0, 0.0, 0.0, 1.0],
                [0.862396, 0.372194, 0.343138, 0.124994, 0.242889, -0.898925, 0.364603, -0.002831, 0.444159, -0.231087, -0.865633, -1.2e-05, 0.0, 0.0, 0.0, 1.0],
                [0.850941, 0.384639, 0.357703, 0.124994, 0.263984, -0.901916, 0.341843, -0.002831, 0.454105, -0.19646, -0.869018, -1.2e-05, 0.0, 0.0, 0.0, 1.0],
                [0.838209, 0.396834, 0.374069, 0.124994, 0.284595, -0.903419, 0.320683, -0.002831, 0.465199, -0.162341, -0.870193, -1.2e-05, 0.0, 0.0, 0.0, 1.0],
                [0.824667, 0.408091, 0.391644, 0.124994, 0.304209, -0.90375, 0.301147, -0.002831, 0.476845, -0.129204, -0.86944, -1.2e-05, 0.0, 0.0, 0.0, 1.0],
                [0.810851, 0.417856, 0.409775, 0.124994, 0.322369, -0.903262, 0.283183, -0.002831, 0.488464, -0.097521, -0.867118, -1.2e-05, 0.0, 0.0, 0.0, 1.0],
                [0.797338, 0.425748, 0.427773, 0.124994, 0.338697, -0.902298, 0.266722, -0.002831, 0.499535, -0.067782, -0.863638, -1.2e-05, 0.0, 0.0, 0.0, 1.0],
                [0.7847, 0.431596, 0.444939, 0.124994, 0.352905, -0.901155, 0.251746, -0.002831, 0.509612, -0.040524, -0.85945, -1.2e-05, 0.0, 0.0, 0.0, 1.0],
                [0.773468, 0.435455, 0.46057, 0.124994, 0.364788, -0.90006, 0.238368, -0.002831, 0.51834, -0.01636, -0.855018, -1.2e-05, 0.0, 0.0, 0.0, 1.0],
                [0.764121, 0.437602, 0.473944, 0.124994, 0.374204, -0.899158, 0.226899, -0.002831, 0.525443, 0.003973, -0.85082, -1.2e-05, 0.0, 0.0, 0.0, 1.0],
                [0.757065, 0.438502, 0.484323, 0.124994, 0.381054, -0.898514, 0.217871, -0.002831, 0.530708, 0.019611, -0.847328, -1.2e-05, 0.0, 0.0, 0.0, 1.0],
                [0.752636, 0.438712, 0.490989, 0.124994, 0.385244, -0.898138, 0.211974, -0.002831, 0.533972, 0.029611, -0.844984, -1.2e-05, 0.0, 0.0, 0.0, 1.0],
                [0.751109, 0.438715, 0.493318, 0.124994, 0.38667, -0.898014, 0.20989, -0.002831, 0.535089, 0.033101, -0.844147, -1.2e-05, 0.0, 0.0, 0.0, 1.0]
            ]
        },
        {
            "name": "Leg_R",
            "time": [0.0, 0.0167, 0.0333, 0.05, 0.0667, 0.0833, 0.1, 0.1167, 0.1333, 0.15, 0.1667, 0.1833, 0.2, 0.2167, 0.2333, 0.25, 0.2667, 0.2833, 0.3, 0.3167, 0.3333, 0.35, 0.3667, 0.3833, 0.4, 0.4167, 0.4333, 0.45, 0.4667, 0.4833, 0.5, 0.5167, 0.5333, 0.55, 0.5667, 0.5833, 0.6, 0.6167, 0.6333, 0.65, 0.6667, 0.6833, 0.7, 0.7167, 0.7333, 0.75, 0.7667, 0.7833, 0.8, 0.8167, 0.8333, 0.85, 0.8667, 0.8833, 0.9, 0.9167, 0.9333, 0.95, 0.9667, 0.9833, 1.0, 1.0167, 1.0333, 1.05, 1.0667, 1.0833, 1.1, 1.1167, 1.1333, 1.15, 1.1667, 1.1833, 1.2, 1.2167, 1.2333, 1.25, 1.2667, 1.2833, 1.3],
            "transform": [
                [1.0, -0.0, 1e-06, 0.0, -0.0, 0.719169, 0.694836, 0.374726, -1e-06, -0.694838, 0.719165, -0.0, 0.0, 0.0, 0.0, 1.0],
                [1.0, -1e-06, 1e-06, 0.0, -0.0, 0.632186, 0.774818, 0.374726, -1e-06, -0.774819, 0.632182, 0.0, 0.0, 0.0, 0.0, 1.0],
                [1.0, -1e-06, 1e-06, -0.0, -0.0, 0.558437, 0.829547, 0.374726, -1e-06, -0.829548, 0.558434, -0.0, 0.0, 0.0, 0.0, 1.0],
                [1.0, -1e-06, 1e-06, -0.0, -0.0, 0.49735, 0.86755, 0.374726, -1e-06, -0.867551, 0.497347, 0.0, 0.0, 0.0, 0.0, 1.0],
                [1.0, -1e-06, 1e-06, 0.0, -0.0, 0.448339, 0.893863, 0.374726, -1e-06, -0.893865, 0.448337, -0.0, 0.0, 0.0, 0.0, 1.0],
                [1.0, -0.0, 1e-06, 0.0, -0.0, 0.410829, 0.911712, 0.374726, -1e-06, -0.911714, 0.410827, -0.0, 0.0, 0.0, 0.0, 1.0],
                [1.0, -1e-06, 0.0, -0.0, -0.0, 0.384274, 0.923219, 0.374726, -1e-06, -0.92322, 0.384271, -0.0, 0.0, 0.0, 0.0, 1.0],
                [1.0, -1e-06, 0.0, 0.0, -0.0, 0.368177, 0.929755, 0.374726, -1e-06, -0.929757, 0.368174, -0.0, 0.0, 0.0, 0.0, 1.0],
                [1.0, -1e-06, 1e-06, -0.0, -0.0, 0.362116, 0.932132, 0.374726, -1e-06, -0.932134, 0.362114, -0.0, 0.0, 0.0, 0.0, 1.0],
                [1.0, -1e-06, 1e-06, 0.0, -0.0, 0.36576, 0.930709, 0.374726, -1e-06, -0.930711, 0.365758, -0.0, 0.0, 0.0, 0.0, 1.0],
                [1.0, -1e-06, 0.0, 0.0, -0.0, 0.378877, 0.925447, 0.374726, -1e-06, -0.925448, 0.378875, 0.0, 0.0, 0.0, 0.0, 1.0],
                [1.0, -1e-06, 0.0, 0.0, -0.0, 0.401351, 0.915924, 0.374726, -1e-06, -0.915926, 0.401349, -0.0, 0.0, 0.0, 0.0, 1.0],
                [1.0, -1e-06, 1e-06, 0.0, -0.0, 0.433179, 0.901307, 0.374726, -1e-06, -0.901309, 0.433177, 0.0, 0.0, 0.0, 0.0, 1.0],
                [1.0, -1e-06, 1e-06, -0.0, -0.0, 0.474466, 0.880274, 0.374726, -1e-06, -0.880275, 0.474463, -0.0, 0.0, 0.0, 0.0, 1.0],
                [1.000001, -1e-06, 1e-06, 0.0, -0.0, 0.52542, 0.850843, 0.374726, -1e-06, -0.850844, 0.525417, 0.0, 0.0, 0.0, 0.0, 1.0],
                [1.0, -1e-06, 1e-06, 0.0, -0.0, 0.586336, 0.810068, 0.374726, -1e-06, -0.81007, 0.586333, 0.0, 0.0, 0.0, 0.0, 1.0],
                [1.0, -1e-06, 1e-06, -0.0, -0.0, 0.657577, 0.753388, 0.374726, -1e-06, -0.75339, 0.657573, -0.0, 0.0, 0.0, 0.0, 1.0],
                [1.0, -0.0, 1e-06, -0.0, -0.0, 0.739561, 0.673091, 0.374726, -1e-06, -0.673092, 0.739557, 0.0, 0.0, 0.0, 0.0, 1.0],
                [1.0, -0.0, 1e-06, 0.0, -0.0, 0.739561, 0.673091, 0.374726, -1e-06, -0.673092, 0.739557, -0.0, 0.0, 0.0, 0.0, 1.0],
                [1.0, -0.0, 1e-06, 0.0, -0.0, 0.739561, 0.673091, 0.374726, -1e-06, -0.673092, 0.739557, -0.0, 0.0, 0.0, 0.0, 1.0],
                [1.0, -0.0, 1e-06, 0.0, -0.0, 0.739561, 0.673091, 0.374726, -1e-06, -0.673092, 0.739557, -0.0, 0.0, 0.0, 0.0, 1.0],
                [1.0, -0.0, 1e-06, 0.0, -0.0, 0.739561, 0.673091, 0.374726, -1e-06, -0.673092, 0.739557, -0.0, 0.0, 0.0, 0.0, 1.0],
                [1.0, -0.0, 1e-06, 0.0, -0.0, 0.739561, 0.673091, 0.374726, -1e-06, -0.673092, 0.739557, -0.0, 0.0, 0.0, 0.0, 1.0],
                [1.0, -0.0, 1e-06, 0.0, -0.0, 0.739561, 0.673091, 0.374726, -1e-06, -0.673092, 0.739557, -0.0, 0.0, 0.0, 0.0, 1.0],
                [1.0, -0.0, 1e-06, 0.0, -0.0, 0.739561, 0.673091, 0.374726, -1e-06, -0.673092, 0.739557, -0.0, 0.0, 0.0, 0.0, 1.0],
                [1.0, -0.0, 1e-06, 0.0, -0.0, 0.739561, 0.673091, 0.374726, -1e-06, -0.673092, 0.739557, -0.0, 0.0, 0.0, 0.0, 1.0],
                [1.0, -0.0, 1e-06, 0.0, -0.0, 0.739561, 0.673091, 0.374726, -1e-06, -0.673092, 0.739557, -0.0, 0.0, 0.0, 0.0, 1.0],
                [1.0, -0.0, 1e-06, 0.0, -0.0, 0.739561, 0.673091, 0.374726, -1e-06, -0.673092, 0.739557, -0.0, 0.0, 0.0, 0.0, 1.0],
                [1.0, -0.0, 1e-06, 0.0, -0.0, 0.739561, 0.673091, 0.374726, -1e-06, -0.673092, 0.739557, -0.0, 0.0, 0.0, 0.0, 1.0],
                [1.0, -0.0, 1e-06, 0.0, -0.0, 0.739561, 0.673091, 0.374726, -1e-06, -0.673092, 0.739557, -0.0, 0.0, 0.0, 0.0, 1.0],
                [1.0, -0.0, 1e-06, 0.0, -0.0, 0.739561, 0.673091, 0.374726, -1e-06, -0.673092, 0.739557, -0.0, 0.0, 0.0, 0.0, 1.0],
                [1.0, -0.0, 1e-06, 0.0, -0.0, 0.739561, 0.673091, 0.374726, -1e-06, -0.673092, 0.739557, -0.0, 0.0, 0.0, 0.0, 1.0],
                [1.0, -0.0, 1e-06, 0.0, -0.0, 0.739561, 0.673091, 0.374726, -1e-06, -0.673092, 0.739557, -0.0, 0.0, 0.0, 0.0, 1.0],
                [1.0, -0.0, 1e-06, 0.0, -0.0, 0.739561, 0.673091, 0.374726, -1e-06, -0.673092, 0.739557, -0.0, 0.0, 0.0, 0.0, 1.0],
                [1.0, -0.0, 1e-06, 0.0, -0.0, 0.739561, 0.673091, 0.374726, -1e-06, -0.673092, 0.739557, -0.0, 0.0, 0.0, 0.0, 1.0],
                [1.0, -0.0, 1e-06, 0.0, -0.0, 0.739561, 0.673091, 0.374726, -1e-06, -0.673092, 0.739557, -0.0, 0.0, 0.0, 0.0, 1.0],
                [1.0, -0.0, 1e-06, 0.0, -0.0, 0.739561, 0.673091, 0.374726, -1e-06, -0.673092, 0.739557, -0.0, 0.0, 0.0, 0.0, 1.0],
                [1.0, -0.0, 1e-06, 0.0, -0.0, 0.739561, 0.673091, 0.374726, -1e-06, -0.673092, 0.739557, -0.0, 0.0, 0.0, 0.0, 1.0],
                [1.0, -0.0, 1e-06, 0.0, -0.0, 0.739561, 0.673091, 0.374726, -1e-06, -0.673092, 0.739557, -0.0, 0.0, 0.0, 0.0, 1.0],
                [1.0, -0.0, 1e-06, 0.0, -0.0, 0.739561, 0.673091, 0.374726, -1e-06, -0.673092, 0.739557, -0.0, 0.0, 0.0, 0.0, 1.0],
                [1.0, -0.0, 1e-06, 0.0, -0.0, 0.739561, 0.673091, 0.374726, -1e-06, -0.673092, 0.739557, -0.0, 0.0, 0.0, 0.0, 1.0],
                [1.0, -0.0, 1e-06, 0.0, -0.0, 0.739561, 0.673091, 0.374726, -1e-06, -0.673092, 0.739557, -0.0, 0.0, 0.0, 0.0, 1.0],
                [1.0, -0.0, 1e-06, 0.0, -0.0, 0.739561, 0.673091, 0.374726, -1e-06, -0.673092, 0.739557, -0.0, 0.0, 0.0, 0.0, 1.0],
                [1.0, -0.0, 1e-06, 0.0, -0.0, 0.739561, 0.673091, 0.374726, -1e-06, -0.673092, 0.739557, -0.0, 0.0, 0.0, 0.0, 1.0],
                [1.0, -1e-06, 1e-06, 0.0, -0.0, 0.737389, 0.67547, 0.374726, -1e-06, -0.675472, 0.737384, 0.0, 0.0, 0.0, 0.0, 1.0],
                [1.0, -1e-06, 1e-06, -0.0, -0.0, 0.731116, 0.682254, 0.374726, -1e-06, -0.682256, 0.731112, -0.0, 0.0, 0.0, 0.0, 1.0],
                [1.0, -1e-06, 1e-06, 0.0, -0.0, 0.721207, 0.692721, 0.374726, -1e-06, -0.692722, 0.721203, -0.0, 0.0, 0.0, 0.0, 1.0],
                [1.0, -1e-06, 1e-06, 0.0, -0.0, 0.708232, 0.705981, 0.374726, -1e-06, -0.705983, 0.708227, -0.0, 0.0, 0.0, 0.0, 1.0],
                [1.0, -1e-06, 1e-06, -0.0, -0.0, 0.692829, 0.721103, 0.374726, -1e-06, -0.721105, 0.692825, -0.0, 0.0, 0.0, 0.0, 1.0],
                [1.0, -1e-06, 1e-06, 0.0, -0.0, 0.67569, 0.737187, 0.374726, -1e-06, -0.737188, 0.675686, -0.0, 0.0, 0.0, 0.0, 1.0],
                [1.0, -1e-06, 1e-06, 0.0, -0.0, 0.657525, 0.753434, 0.374726, -1e-06, -0.753435, 0.657522, -0.0, 0.0, 0.0, 0.0, 1.0],
                [1.0, -1e-06, 1e-06, -0.0, -0.0, 0.639043, 0.769172, 0.374726, -1e-06, -0.769173, 0.639039, -0.0, 0.0, 0.0, 0.0, 1.0],
                [1.0, -1e-06, 1e-06, 0.0, -0.0, 0.620932, 0.783865, 0.374726, -1e-06, -0.783867, 0.620928, 0.0, 0.0, 0.0, 0.0, 1.0],
                [1.0, -1e-06, 1e-06, 0.0, -0.0, 0.603842, 0.797104, 0.374726, -1e-06, -0.797106, 0.603839, -0.0, 0.0, 0.0, 0.0, 1.0],
                [1.0, -1e-06, 1e-06, 0.0, -0.0, 0.588372, 0.808591, 0.374726, -1e-06, -0.808592, 0.588368, 0.0, 0.0, 0.0, 0.0, 1.0],
                [1.0, -1e-06, 1e-06, 0.0, -0.0, 0.575054, 0.818115, 0.374726, -1e-06, -0.818117, 0.575051, 0.0, 0.0, 0.0, 0.0, 1.0],
                [1.0, -1e-06, 1e-06, 0.0, -0.0, 0.564353, 0.825534, 0.374726, -1e-06, -0.825535, 0.56435, -0.0, 0.0, 0.0, 0.0, 1.0],
                [1.0, -1e-06, 1e-06, 0.0, -0.0, 0.556653, 0.830745, 0.374726, -1e-06, -0.830747, 0.55665, 0.0, 0.0, 0.0, 0.0, 1.0],
                [1.000001, -1e-06, 1e-06, 0.0, -0.0, 0.552259, 0.833673, 0.374726, -1e-06, -0.833674, 0.552256, 0.0, 0.0, 0.0, 0.0, 1.0],
                [1.0, -1e-06, 1e-06, -0.0, -0.0, 0.551392, 0.834246, 0.374726, -1e-06, -0.834248, 0.551389, 0.0, 0.0, 0.0, 0.0, 1.0],
                [1.0, -1e-06, 1e-06, -0.0, -0.0, 0.554185, 0.832394, 0.374726, -1e-06, -0.832395, 0.554182, 0.0, 0.0, 0.0, 0.0, 1.0],
                [1.0, -1e-06, 1e-06, -0.0, -0.0, 0.560688, 0.828028, 0.374726, -1e-06, -0.828029, 0.560684, 0.0, 0.0, 0.0, 0.0, 1.0],
                [1.0, -1e-06, 1e-06, 0.0, -0.0, 0.570859, 0.821048, 0.374726, -1e-06, -0.82105, 0.570857, 0.0, 0.0, 0.0, 0.0, 1.0],
                [1.0, -1e-06, 1e-06, -0.0, -0.0, 0.584575, 0.81134, 0.374726, -1e-06, -0.811342, 0.584572, 0.0, 0.0, 0.0, 0.0, 1.0],
                [1.0, -1e-06, 1e-06, 0.0, -0.0, 0.60162, 0.798783, 0.374726, -1e-06, -0.798784, 0.601617, -0.0, 0.0, 0.0, 0.0, 1.0],
                [1.0, -1e-06, 1e-06, -0.0, -0.0, 0.621696, 0.78326, 0.374726, -1e-06, -0.783261, 0.621692, -0.0, 0.0, 0.0, 0.0, 1.0],
                [1.0, -1e-06, 1e-06, -0.0, -0.0, 0.644417, 0.764675, 0.374726, -1e-06, -0.764677, 0.644413, 0.0, 0.0, 0.0, 0.0, 1.0],
                [1.0, -1e-06, 1e-06, -0.0, -0.0, 0.669312, 0.742982, 0.374726, -1e-06, -0.742984, 0.669309, -0.0, 0.0, 0.0, 0.0, 1.0],
                [1.0, -1e-06, 1e-06, 0.0, -0.0, 0.695834, 0.718204, 0.374726, -1e-06, -0.718205, 0.69583, 0.0, 0.0, 0.0, 0.0, 1.0],
                [1.0, -0.0, 1e-06, 0.0, -0.0, 0.723361, 0.690471, 0.374726, -1e-06, -0.690473, 0.723357, -0.0, 0.0, 0.0, 0.0, 1.0],
                [1.0, -1e-06, 1e-06, 0.0, -0.0, 0.751205, 0.660071, 0.374726, -1e-06, -0.660072, 0.751201, -0.0, 0.0, 0.0, 0.0, 1.0],
                [1.0, -0.0, 1e-06, 0.0, -0.0, 0.778625, 0.627491, 0.374726, -1e-06, -0.627492, 0.778621, 0.0, 0.0, 0.0, 0.0, 1.0],
                [1.0, -0.0, 1e-06, -0.0, -0.0, 0.804841, 0.593493, 0.374726, -1e-06, -0.593494, 0.804836, -0.0, 0.0, 0.0, 0.0, 1.0],
                [1.0, -0.0, 1e-06, 0.0, -0.0, 0.829048, 0.55918, 0.374726, -1e-06, -0.559181, 0.829043, 0.0, 0.0, 0.0, 0.0, 1.0],
                [1.0, -0.0, 1e-06, 0.0, -0.0, 0.850444, 0.526069, 0.374726, -1e-06, -0.52607, 0.850439, -0.0, 0.0, 0.0, 0.0, 1.0],
                [1.0, -0.0, 1e-06, -0.0, -0.0, 0.868243, 0.496142, 0.374726, -1e-06, -0.496143, 0.868239, 0.0, 0.0, 0.0, 0.0, 1.0],
                [1.0, -0.0, 1e-06, -0.0, -0.0, 0.881709, 0.471798, 0.374726, -1e-06, -0.471799, 0.881704, 0.0, 0.0, 0.0, 0.0, 1.0],
                [1.0, -0.0, 1e-06, 0.0, -0.0, 0.890182, 0.455609, 0.374726, -1e-06, -0.45561, 0.890177, -0.0, 0.0, 0.0, 0.0, 1.0],
                [1.0, -0.0, 1e-06, -0.0, -0.0, 0.893109, 0.449845, 0.374726, -1e-06, -0.449846, 0.893104, 0.0, 0.0, 0.0, 0.0, 1.0]
            ]
        },
        {
            "name": "Knee_R",
            "time": [0.0, 1.3],
            "transform": [
                [1.0, 0.0, -0.0, 0.0, -0.0, 0.00567, -0.999984, 0.399228, -0.0, 0.999984, 0.00567, -0.000139, 0.0, 0.0, 0.0, 1.0],
                [1.0, 0.0, -0.0, -0.0, -0.0, 0.00567, -0.999984, 0.374726, -0.0, 0.999984, 0.00567, 0.0, 0.0, 0.0, 0.0, 1.0]
            ]
        },
        {
            "name": "Thigh_L",
            "time": [0.0, 0.0167, 0.0333, 0.05, 0.0667, 0.0833, 0.1, 0.1167, 0.1333, 0.15, 0.1667, 0.1833, 0.2, 0.2167, 0.2333, 0.25, 0.2667, 0.2833, 0.3, 0.3167, 0.3333, 0.35, 0.3667, 0.3833, 0.4, 0.4167, 0.4333, 0.45, 0.4667, 0.4833, 0.5, 0.5167, 0.5333, 0.55, 0.5667, 0.5833, 0.6, 0.6167, 0.6333, 0.65, 0.6667, 0.6833, 0.7, 0.7167, 0.7333, 0.75, 0.7667, 0.7833, 0.8, 0.8167, 0.8333, 0.85, 0.8667, 0.8833, 0.9, 0.9167, 0.9333, 0.95, 0.9667, 0.9833, 1.0, 1.0167, 1.0333, 1.05, 1.0667, 1.0833, 1.1, 1.1167, 1.1333, 1.15, 1.1667, 1.1833, 1.2, 1.2167, 1.2333, 1.25, 1.2667, 1.2833, 1.3],
            "transform": [
                [0.23691, -0.746103, -0.622257, -0.125006, -0.228024, -0.665302, 0.7109, -0.002831, -0.944393, -0.02653, -0.327746, -1.2e-05, 0.0, 0.0, 0.0, 1.0],
                [0.316013, -0.72312, -0.614193, -0.125006, -0.229031, -0.686365, 0.690251, -0.002831, -0.920695, -0.077459, -0.382518, -1.2e-05, 0.0, 0.0, 0.0, 1.0],
                [0.395469, -0.693212, -0.602544, -0.125006, -0.229457, -0.709789, 0.665995, -0.002831, -0.889355, -0.125123, -0.439762, -1.2e-05, 0.0, 0.0, 0.0, 1.0],
                [0.474267, -0.657058, -0.585956, -0.125006, -0.229337, -0.734798, 0.638338, -0.002831, -0.849985, -0.168362, -0.499179, -1.2e-05, 0.0, 0.0, 0.0, 1.0],
                [0.551268, -0.615526, -0.563232, -0.125006, -0.228723, -0.760703, 0.607467, -0.002831, -0.802364, -0.206053, -0.560136, -1.2e-05, 0.0, 0.0, 0.0, 1.0],
                [0.625243, -0.569692, -0.533405, -0.125006, -0.227679, -0.786895, 0.573549, -0.002831, -0.746481, -0.237162, -0.621708, -1.2e-05, 0.0, 0.0, 0.0, 1.0],
                [0.694916, -0.520836, -0.495803, -0.125006, -0.226282, -0.812845, 0.53673, -0.002831, -0.68256, -0.260791, -0.682715, -1.2e-05, 0.0, 0.0, 0.0, 1.0],
                [0.759028, -0.470412, -0.4501, -0.125006, -0.22462, -0.838097, 0.497131, -0.002831, -0.611083, -0.276234, -0.741803, -1.2e-05, 0.0, 0.0, 0.0, 1.0],
                [0.816397, -0.420001, -0.396353, -0.125006, -0.222787, -0.862265, 0.454822, -0.002831, -0.532787, -0.283013, -0.797522, -1.2e-05, 0.0, 0.0, 0.0, 1.0],
                [0.865988, -0.37126, -0.335007, -0.125006, -0.220879, -0.885018, 0.409824, -0.002831, -0.448639, -0.280906, -0.848419, -1.2e-05, 0.0, 0.0, 0.0, 1.0],
                [0.906971, -0.325852, -0.266878, -0.125006, -0.218981, -0.906058, 0.362084, -0.002831, -0.359793, -0.269958, -0.893124, -1.2e-05, 0.0, 0.0, 0.0, 1.0],
                [0.93876, -0.285381, -0.193097, -0.125006, -0.217164, -0.925108, 0.31147, -0.002831, -0.267524, -0.250462, -0.93043, -1.2e-05, 0.0, 0.0, 0.0, 1.0],
                [0.961039, -0.251334, -0.115047, -0.125006, -0.215468, -0.94188, 0.257749, -0.002831, -0.173141, -0.222918, -0.959338, -1.2e-05, 0.0, 0.0, 0.0, 1.0],
                [0.973748, -0.225034, -0.034268, -0.125006, -0.213885, -0.956046, 0.200569, -0.002831, -0.077897, -0.187974, -0.97908, -1.2e-05, 0.0, 0.0, 0.0, 1.0],
                [0.977049, -0.207614, 0.047653, -0.125006, -0.212321, -0.967204, 0.139407, -0.002831, 0.017147, -0.146325, -0.989088, -1.2e-05, 0.0, 0.0, 0.0, 1.0],
                [0.971232, -0.200012, 0.129242, -0.125006, -0.210529, -0.974822, 0.073478, -0.002831, 0.111292, -0.098573, -0.988887, -1.2e-05, 0.0, 0.0, 0.0, 1.0],
                [0.956515, -0.202996, 0.209453, -0.125006, -0.207917, -0.978145, 0.00151, -0.002831, 0.204569, -0.044993, -0.977817, -1.2e-05, 0.0, 0.0, 0.0, 1.0],
                [0.932485, -0.217188, 0.28862, -0.125006, -0.202927, -0.976015, -0.078832, -0.002831, 0.298819, 0.014941, -0.954193, -1.2e-05, 0.0, 0.0, 0.0, 1.0],
                [0.932485, -0.217187, 0.28862, -0.125006, -0.202927, -0.976015, -0.078831, -0.002831, 0.298819, 0.01494, -0.954193, -1.2e-05, 0.0, 0.0, 0.0, 1.0],
