{
    "animation": [
        {
            "name": "Root",
            "time": [0.0, 0.0167, 0.0333, 0.05, 0.0667, 0.0833, 0.1, 0.1167, 0.1333, 0.15, 0.1667, 0.1833, 0.2, 0.2167, 0.2333, 0.25, 0.2667, 0.2833, 0.3, 0.3167, 0.3333, 0.35, 0.3667, 0.3833, 0.4, 0.4167, 0.4333, 0.45, 0.4667, 0.4833, 0.5, 0.5167, 0.5333, 0.55, 0.5667, 0.5833, 0.6, 0.6167, 0.6333, 0.65, 0.6667, 0.6833, 0.7, 0.7167, 0.7333, 0.75, 0.7667, 0.7833, 0.8, 0.8167, 0.8333, 0.85, 0.8667, 0.8833, 0.9, 0.9167, 0.9333, 0.95, 0.9667, 0.9833],
            "transform": [
                [0.412332, 0.0, 0.911034, -5e-06, 0.911034, 0.0, -0.412332, 0.000946, 0.0, 1.0, 0.0, 0.698586, 0.0, 0.0, 0.0, 1.0],
                [0.412332, 0.0, 0.911034, -5e-06, 0.911034, 0.0, -0.412332, 0.00286, 0.0, 1.0, 0.0, 0.698586, 0.0, 0.0, 0.0, 1.0],
                [0.412332, 0.0, 0.911034, -5e-06, 0.911034, 0.0, -0.412332, 0.008427, 0.0, 1.0, 0.0, 0.698586, 0.0, 0.0, 0.0, 1.0],
                [0.412332, 0.0, 0.911034, -5e-06, 0.911034, 0.0, -0.412332, 0.017385, 0.0, 1.0, 0.0, 0.698586, 0.0, 0.0, 0.0, 1.0],
                [0.412332, 0.0, 0.911034, -5e-06, 0.911034, 0.0, -0.412332, 0.029471, 0.0, 1.0, 0.0, 0.698586, 0.0, 0.0, 0.0, 1.0],
                [0.412332, 0.0, 0.911034, -5e-06, 0.911034, 0.0, -0.412332, 0.044424, 0.0, 1.0, 0.0, 0.698586, 0.0, 0.0, 0.0, 1.0],
                [0.412332, 0.0, 0.911034, -5e-06, 0.911034, 0.0, -0.412332, 0.061981, 0.0, 1.0, 0.0, 0.698586, 0.0, 0.0, 0.0, 1.0],
                [0.412332, 0.0, 0.911034, -5e-06, 0.911034, 0.0, -0.412332, 0.08188, 0.0, 1.0, 0.0, 0.698586, 0.0, 0.0, 0.0, 1.0],
                [0.412332, 0.0, 0.911034, -5e-06, 0.911034, 0.0, -0.412332, 0.10386, 0.0, 1.0, 0.0, 0.698586, 0.0, 0.0, 0.0, 1.0],
                [0.412332, 0.0, 0.911034, -5e-06, 0.911034, 0.0, -0.412332, 0.127658, 0.0, 1.0, 0.0, 0.698586, 0.0, 0.0, 0.0, 1.0],
                [0.412332, 0.0, 0.911034, -5e-06, 0.911034, 0.0, -0.412332, 0.153011, 0.0, 1.0, 0.0, 0.698586, 0.0, 0.0, 0.0, 1.0],
                [0.412332, 0.0, 0.911034, -5e-06, 0.911034, 0.0, -0.412332, 0.179659, 0.0, 1.0, 0.0, 0.698586, 0.0, 0.0, 0.0, 1.0],
                [0.412332, 0.0, 0.911034, -5e-06, 0.911034, 0.0, -0.412332, 0.207338, 0.0, 1.0, 0.0, 0.698586, 0.0, 0.0, 0.0, 1.0],
                [0.412332, 0.0, 0.911034, -5e-06, 0.911034, 0.0, -0.412332, 0.235786, 0.0, 1.0, 0.0, 0.698586, 0.0, 0.0, 0.0, 1.0],
                [0.412332, 0.0, 0.911034, -5e-06, 0.911034, 0.0, -0.412332, 0.264742, 0.0, 1.0, 0.0, 0.698586, 0.0, 0.0, 0.0, 1.0],
                [0.412332, 0.0, 0.911034, -5e-06, 0.911034, 0.0, -0.412332, 0.293943, 0.0, 1.0, 0.0, 0.698586, 0.0, 0.0, 0.0, 1.0],
                [0.412332, 0.0, 0.911034, -5e-06, 0.911034, 0.0, -0.412332, 0.323128, 0.0, 1.0, 0.0, 0.698586, 0.0, 0.0, 0.0, 1.0],
                [0.412332, 0.0, 0.911034, -5e-06, 0.911034, 0.0, -0.412332, 0.352033, 0.0, 1.0, 0.0, 0.698586, 0.0, 0.0, 0.0, 1.0],
                [0.412332, 0.0, 0.911034, -5e-06, 0.911034, 0.0, -0.412332, 0.380398, 0.0, 1.0, 0.0, 0.698586, 0.0, 0.0, 0.0, 1.0],
                [0.412332, 0.0, 0.911034, -5e-06, 0.911034, 0.0, -0.412332, 0.407959, 0.0, 1.0, 0.0, 0.698586, 0.0, 0.0, 0.0, 1.0],
                [0.412332, 0.0, 0.911034, -5e-06, 0.911034, 0.0, -0.412332, 0.434455, 0.0, 1.0, 0.0, 0.698586, 0.0, 0.0, 0.0, 1.0],
                [0.412332, 0.0, 0.911034, -5e-06, 0.911034, 0.0, -0.412332, 0.459686, 0.0, 1.0, 0.0, 0.698586, 0.0, 0.0, 0.0, 1.0],
                [0.412332, 0.0, 0.911034, -5e-06, 0.911034, 0.0, -0.412332, 0.483708, 0.0, 1.0, 0.0, 0.698586, 0.0, 0.0, 0.0, 1.0],
                [0.412332, 0.0, 0.911034, -5e-06, 0.911034, 0.0, -0.412332, 0.506638, 0.0, 1.0, 0.0, 0.698586, 0.0, 0.0, 0.0, 1.0],
                [0.412332, 0.0, 0.911034, -5e-06, 0.911034, 0.0, -0.412332, 0.528593, 0.0, 1.0, 0.0, 0.698586, 0.0, 0.0, 0.0, 1.0],
                [0.412332, 0.0, 0.911034, -5e-06, 0.911034, 0.0, -0.412332, 0.549692, 0.0, 1.0, 0.0, 0.698586, 0.0, 0.0, 0.0, 1.0],
                [0.412332, 0.0, 0.911034, -5e-06, 0.911034, 0.0, -0.412332, 0.570052, 0.0, 1.0, 0.0, 0.698586, 0.0, 0.0, 0.0, 1.0],
                [0.412332, 0.0, 0.911034, -5e-06, 0.911034, 0.0, -0.412332, 0.589791, 0.0, 1.0, 0.0, 0.698586, 0.0, 0.0, 0.0, 1.0],
                [0.412332, 0.0, 0.911034, -5e-06, 0.911034, 0.0, -0.412332, 0.609027, 0.0, 1.0, 0.0, 0.698586, 0.0, 0.0, 0.0, 1.0],
                [0.412332, 0.0, 0.911034, -5e-06, 0.911034, 0.0, -0.412332, 0.627877, 0.0, 1.0, 0.0, 0.698586, 0.0, 0.0, 0.0, 1.0],
                [0.412332, 0.0, 0.911034, -5e-06, 0.911034, 0.0, -0.412332, 0.646459, 0.0, 1.0, 0.0, 0.698586, 0.0, 0.0, 0.0, 1.0],
                [0.412332, 0.0, 0.911034, -5e-06, 0.911034, 0.0, -0.412332, 0.664891, 0.0, 1.0, 0.0, 0.698586, 0.0, 0.0, 0.0, 1.0],
                [0.412332, 0.0, 0.911034, -5e-06, 0.911034, 0.0, -0.412332, 0.68329, 0.0, 1.0, 0.0, 0.698586, 0.0, 0.0, 0.0, 1.0],
                [0.412332, 0.0, 0.911034, -5e-06, 0.911034, 0.0, -0.412332, 0.701775, 0.0, 1.0, 0.0, 0.698586, 0.0, 0.0, 0.0, 1.0],
                [0.412332, 0.0, 0.911034, -5e-06, 0.911034, 0.0, -0.412332, 0.720462, 0.0, 1.0, 0.0, 0.698586, 0.0, 0.0, 0.0, 1.0],
                [0.412332, 0.0, 0.911034, -5e-06, 0.911034, 0.0, -0.412332, 0.73947, 0.0, 1.0, 0.0, 0.698586, 0.0, 0.0, 0.0, 1.0],
                [0.412332, 0.0, 0.911034, -5e-06, 0.911034, 0.0, -0.412332, 0.758917, 0.0, 1.0, 0.0, 0.698586, 0.0, 0.0, 0.0, 1.0],
                [0.412332, 0.0, 0.911034, -5e-06, 0.911034, 0.0, -0.412332, 0.77892, 0.0, 1.0, 0.0, 0.698586, 0.0, 0.0, 0.0, 1.0],
                [0.412332, 0.0, 0.911034, -5e-06, 0.911034, 0.0, -0.412332, 0.799597, 0.0, 1.0, 0.0, 0.698586, 0.0, 0.0, 0.0, 1.0],
                [0.412332, 0.0, 0.911034, -5e-06, 0.911034, 0.0, -0.412332, 0.821065, 0.0, 1.0, 0.0, 0.698586, 0.0, 0.0, 0.0, 1.0],
                [0.412332, 0.0, 0.911034, -5e-06, 0.911034, 0.0, -0.412332, 0.843443, 0.0, 1.0, 0.0, 0.698586, 0.0, 0.0, 0.0, 1.0],
                [0.412332, 0.0, 0.911034, -5e-06, 0.911034, 0.0, -0.412332, 0.866789, 0.0, 1.0, 0.0, 0.698586, 0.0, 0.0, 0.0, 1.0],
                [0.412332, 0.0, 0.911034, -5e-06, 0.911034, 0.0, -0.412332, 0.890927, 0.0, 1.0, 0.0, 0.698586, 0.0, 0.0, 0.0, 1.0],
                [0.412332, 0.0, 0.911034, -5e-06, 0.911034, 0.0, -0.412332, 0.915623, 0.0, 1.0, 0.0, 0.698586, 0.0, 0.0, 0.0, 1.0],
                [0.412332, 0.0, 0.911034, -5e-06, 0.911034, 0.0, -0.412332, 0.940641, 0.0, 1.0, 0.0, 0.698586, 0.0, 0.0, 0.0, 1.0],
                [0.412332, 0.0, 0.911034, -5e-06, 0.911034, 0.0, -0.412332, 0.965747, 0.0, 1.0, 0.0, 0.698586, 0.0, 0.0, 0.0, 1.0],
                [0.412332, 0.0, 0.911034, -5e-06, 0.911034, 0.0, -0.412332, 0.990706, 0.0, 1.0, 0.0, 0.698586, 0.0, 0.0, 0.0, 1.0],
                [0.412332, 0.0, 0.911034, -5e-06, 0.911034, 0.0, -0.412332, 1.015284, 0.0, 1.0, 0.0, 0.698586, 0.0, 0.0, 0.0, 1.0],
                [0.412332, 0.0, 0.911034, -5e-06, 0.911034, 0.0, -0.412332, 1.039244, 0.0, 1.0, 0.0, 0.698586, 0.0, 0.0, 0.0, 1.0],
                [0.412332, 0.0, 0.911034, -5e-06, 0.911034, 0.0, -0.412332, 1.062353, 0.0, 1.0, 0.0, 0.698586, 0.0, 0.0, 0.0, 1.0],
                [0.412332, 0.0, 0.911034, -5e-06, 0.911034, 0.0, -0.412332, 1.084376, 0.0, 1.0, 0.0, 0.698586, 0.0, 0.0, 0.0, 1.0],
                [0.412332, 0.0, 0.911034, -5e-06, 0.911034, 0.0, -0.412332, 1.105077, 0.0, 1.0, 0.0, 0.698586, 0.0, 0.0, 0.0, 1.0],
                [0.412332, 0.0, 0.911034, -5e-06, 0.911034, 0.0, -0.412332, 1.124222, 0.0, 1.0, 0.0, 0.698586, 0.0, 0.0, 0.0, 1.0],
                [0.412332, 0.0, 0.911034, -5e-06, 0.911034, 0.0, -0.412332, 1.141577, 0.0, 1.0, 0.0, 0.698586, 0.0, 0.0, 0.0, 1.0],
                [0.412332, 0.0, 0.911034, -5e-06, 0.911034, 0.0, -0.412332, 1.156906, 0.0, 1.0, 0.0, 0.698586, 0.0, 0.0, 0.0, 1.0],
                [0.412332, 0.0, 0.911034, -5e-06, 0.911034, 0.0, -0.412332, 1.169974, 0.0, 1.0, 0.0, 0.698586, 0.0, 0.0, 0.0, 1.0],
                [0.412332, 0.0, 0.911034, -5e-06, 0.911034, 0.0, -0.412332, 1.180547, 0.0, 1.0, 0.0, 0.698586, 0.0, 0.0, 0.0, 1.0],
                [0.412332, 0.0, 0.911034, -5e-06, 0.911034, 0.0, -0.412332, 1.18839, 0.0, 1.0, 0.0, 0.698586, 0.0, 0.0, 0.0, 1.0],
                [0.412332, 0.0, 0.911034, -5e-06, 0.911034, 0.0, -0.412332, 1.193268, 0.0, 1.0, 0.0, 0.698586, 0.0, 0.0, 0.0, 1.0],
                [0.412332, 0.0, 0.911034, -5e-06, 0.911034, 0.0, -0.412332, 1.194946, 0.0, 1.0, 0.0, 0.698586, 0.0, 0.0, 0.0, 1.0]
            ]
        },
        {
            "name": "Thigh_R",
            "time": [0.0, 0.0167, 0.0333, 0.05, 0.0667, 0.0833, 0.1, 0.1167, 0.1333, 0.15, 0.1667, 0.1833, 0.2, 0.2167, 0.2333, 0.25, 0.2667, 0.2833, 0.3, 0.3167, 0.3333, 0.35, 0.3667, 0.3833, 0.4, 0.4167, 0.4333, 0.45, 0.4667, 0.4833, 0.5, 0.5167, 0.5333, 0.55, 0.5667, 0.5833, 0.6, 0.6167, 0.6333, 0.65, 0.6667, 0.6833, 0.7, 0.7167, 0.7333, 0.75, 0.7667, 0.7833, 0.8, 0.8167, 0.8333, 0.85, 0.8667, 0.8833, 0.9, 0.9167, 0.9333, 0.95, 0.9667, 0.9833],
            "transform": [
                [0.546043, 0.321989, 0.773408, 0.124994, 0.138723, -0.945197, 0.295567, -0.002831, 0.826192, -0.054102, -0.560785, -1.2e-05, 0.0, 0.0, 0.0, 1.0],
                [0.545599, 0.332393, 0.769309, 0.124994, 0.139701, -0.941209, 0.307587, -0.002831, 0.826321, -0.060346, -0.559958, -1.2e-05, 0.0, 0.0, 0.0, 1.0],
                [0.544258, 0.359795, 0.757846, 0.124994, 0.142475, -0.929881, 0.339149, -0.002831, 0.826731, -0.07661, -0.557357, -1.2e-05, 0.0, 0.0, 0.0, 1.0],
                [0.541994, 0.398065, 0.740126, 0.124994, 0.146811, -0.912008, 0.382999, -0.002831, 0.827459, -0.098925, -0.552744, -1.2e-05, 0.0, 0.0, 0.0, 1.0],
                [0.538774, 0.442156, 0.717092, 0.124994, 0.152462, -0.888318, 0.433183, -0.002831, 0.82854, -0.124058, -0.546014, -1.2e-05, 0.0, 0.0, 0.0, 1.0],
                [0.534556, 0.48847, 0.689672, 0.124994, 0.159153, -0.859634, 0.48549, -0.002831, 0.830012, -0.149759, -0.537264, -1.2e-05, 0.0, 0.0, 0.0, 1.0],
                [0.529309, 0.534471, 0.658918, 0.124994, 0.166563, -0.82698, 0.536992, -0.002831, 0.831919, -0.174483, -0.526751, -1.2e-05, 0.0, 0.0, 0.0, 1.0],
                [0.523015, 0.578306, 0.626113, 0.124994, 0.17432, -0.791647, 0.585584, -0.002831, 0.834307, -0.197125, -0.514853, -1.2e-05, 0.0, 0.0, 0.0, 1.0],
                [0.515687, 0.618572, 0.59282, 0.124994, 0.181995, -0.755215, 0.629706, -0.002831, 0.837224, -0.216841, -0.502031, -1.2e-05, 0.0, 0.0, 0.0, 1.0],
                [0.507382, 0.654196, 0.560884, 0.124994, 0.189111, -0.719554, 0.668191, -0.002831, 0.840715, -0.232958, -0.488804, -1.2e-05, 0.0, 0.0, 0.0, 1.0],
                [0.498206, 0.684351, 0.532404, 0.124994, 0.19517, -0.68679, 0.700163, -0.002831, 0.844807, -0.244916, -0.475728, -1.2e-05, 0.0, 0.0, 0.0, 1.0],
                [0.488325, 0.708369, 0.50966, 0.124994, 0.199686, -0.659237, 0.724936, -0.002831, 0.849509, -0.252232, -0.463373, -1.2e-05, 0.0, 0.0, 0.0, 1.0],
                [0.477952, 0.725604, 0.495036, 0.124994, 0.202231, -0.639335, 0.741858, -0.002831, 0.854789, -0.254461, -0.452311, -1.2e-05, 0.0, 0.0, 0.0, 1.0],
                [0.467339, 0.735216, 0.49097, 0.124994, 0.202485, -0.629599, 0.75007, -0.002831, 0.860578, -0.251123, -0.443107, -1.2e-05, 0.0, 0.0, 0.0, 1.0],
                [0.456427, 0.732284, 0.505405, 0.124994, 0.199425, -0.637767, 0.743964, -0.002831, 0.867124, -0.238775, -0.43713, -1.2e-05, 0.0, 0.0, 0.0, 1.0],
                [0.445585, 0.713007, 0.541363, 0.124994, 0.193188, -0.667048, 0.719532, -0.002831, 0.874147, -0.216028, -0.434971, -1.2e-05, 0.0, 0.0, 0.0, 1.0],
                [0.435503, 0.676839, 0.593486, 0.124994, 0.185349, -0.712588, 0.676657, -0.002831, 0.880899, -0.184684, -0.435786, -1.2e-05, 0.0, 0.0, 0.0, 1.0],
                [0.426587, 0.622795, 0.655858, 0.124994, 0.177304, -0.768663, 0.61459, -0.002831, 0.886897, -0.14589, -0.438326, -1.2e-05, 0.0, 0.0, 0.0, 1.0],
                [0.41902, 0.55138, 0.721389, 0.124994, 0.170131, -0.828109, 0.534127, -0.002831, 0.891896, -0.101079, -0.440801, -1.2e-05, 0.0, 0.0, 0.0, 1.0],
                [0.412867, 0.481594, 0.773051, 0.124994, 0.164624, -0.874248, 0.456716, -0.002831, 0.89579, -0.0613, -0.44023, -1.2e-05, 0.0, 0.0, 0.0, 1.0],
                [0.408166, 0.508108, 0.758437, 0.124994, 0.161403, -0.857871, 0.48786, -0.002831, 0.898526, -0.076714, -0.432164, -1.2e-05, 0.0, 0.0, 0.0, 1.0],
                [0.404269, 0.542526, 0.736364, 0.124994, 0.159705, -0.834589, 0.527215, -0.002831, 0.90059, -0.095535, -0.424042, -1.2e-05, 0.0, 0.0, 0.0, 1.0],
                [0.400444, 0.556191, 0.728215, 0.124994, 0.158349, -0.824763, 0.542856, -0.002831, 0.902536, -0.102071, -0.418343, -1.2e-05, 0.0, 0.0, 0.0, 1.0],
                [0.396656, 0.561086, 0.726531, 0.124994, 0.157289, -0.821293, 0.548396, -0.002831, 0.904392, -0.103249, -0.414023, -1.2e-05, 0.0, 0.0, 0.0, 1.0],
                [0.392885, 0.560803, 0.728794, 0.124994, 0.156495, -0.821738, 0.547957, -0.002831, 0.906174, -0.101231, -0.410612, -1.2e-05, 0.0, 0.0, 0.0, 1.0],
                [0.389127, 0.556978, 0.733727, 0.124994, 0.155947, -0.824838, 0.543436, -0.002831, 0.907888, -0.097043, -0.407825, -1.2e-05, 0.0, 0.0, 0.0, 1.0],
                [0.385388, 0.550494, 0.740562, 0.124994, 0.155631, -0.829836, 0.535865, -0.002831, 0.909536, -0.091262, -0.405483, -1.2e-05, 0.0, 0.0, 0.0, 1.0],
                [0.381693, 0.541861, 0.748797, 0.124994, 0.15554, -0.836236, 0.52585, -0.002831, 0.911108, -0.084245, -0.403466, -1.2e-05, 0.0, 0.0, 0.0, 1.0],
                [0.378079, 0.53138, 0.758085, 0.124994, 0.155669, -0.843697, 0.513753, -0.002831, 0.912592, -0.076229, -0.401703, -1.2e-05, 0.0, 0.0, 0.0, 1.0],
                [0.374602, 0.519214, 0.768173, 0.124994, 0.156016, -0.851985, 0.499781, -0.002831, 0.913965, -0.067372, -0.400161, -1.2e-05, 0.0, 0.0, 0.0, 1.0],
                [0.371339, 0.50543, 0.778877, 0.124994, 0.156576, -0.860931, 0.484027, -0.002831, 0.9152, -0.057785, -0.398835, -1.2e-05, 0.0, 0.0, 0.0, 1.0],
                [0.368382, 0.490017, 0.79005, 0.124994, 0.157341, -0.870416, 0.466498, -0.002831, 0.916264, -0.047542, -0.397745, -1.2e-05, 0.0, 0.0, 0.0, 1.0],
                [0.365897, 0.483061, 0.795469, 0.124994, 0.158416, -0.874596, 0.458243, -0.002831, 0.917074, -0.041655, -0.396537, -1.2e-05, 0.0, 0.0, 0.0, 1.0],
                [0.363994, 0.492918, 0.790279, 0.124994, 0.159721, -0.868949, 0.46842, -0.002831, 0.917604, -0.044278, -0.395022, -1.2e-05, 0.0, 0.0, 0.0, 1.0],
                [0.362705, 0.51588, 0.776088, 0.124994, 0.161007, -0.854965, 0.493064, -0.002831, 0.91789, -0.053882, -0.39316, -1.2e-05, 0.0, 0.0, 0.0, 1.0],
                [0.362064, 0.547617, 0.754337, 0.124994, 0.162064, -0.833898, 0.527588, -0.002831, 0.917957, -0.06877, -0.390673, -1.2e-05, 0.0, 0.0, 0.0, 1.0],
                [0.362096, 0.583822, 0.726662, 0.124994, 0.162714, -0.807182, 0.567434, -0.002831, 0.917829, -0.087227, -0.387274, -1.2e-05, 0.0, 0.0, 0.0, 1.0],
                [0.362807, 0.620514, 0.695222, 0.124994, 0.162802, -0.776788, 0.608355, -0.002831, 0.917533, -0.107532, -0.382845, -1.2e-05, 0.0, 0.0, 0.0, 1.0],
                [0.364169, 0.654149, 0.662925, 0.124994, 0.162185, -0.74547, 0.646507, -0.002831, 0.917103, -0.127921, -0.37757, -1.2e-05, 0.0, 0.0, 0.0, 1.0],
                [0.36611, 0.681632, 0.633515, 0.124994, 0.160728, -0.716868, 0.67843, -0.002831, 0.916586, -0.146556, -0.37201, -1.2e-05, 0.0, 0.0, 0.0, 1.0],
                [0.368506, 0.700182, 0.611513, 0.124994, 0.158288, -0.69546, 0.700914, -0.002831, 0.91605, -0.161496, -0.367112, -1.2e-05, 0.0, 0.0, 0.0, 1.0],
                [0.373093, 0.703629, 0.604738, 0.124994, 0.155108, -0.689932, 0.707061, -0.002831, 0.914737, -0.17, -0.366547, -1.2e-05, 0.0, 0.0, 0.0, 1.0],
                [0.380976, 0.687732, 0.617966, 0.124994, 0.152227, -0.705907, 0.691753, -0.002831, 0.911967, -0.169471, -0.373625, -1.2e-05, 0.0, 0.0, 0.0, 1.0],
                [0.390988, 0.650319, 0.651317, 0.124994, 0.150328, -0.743268, 0.651886, -0.002831, 0.908036, -0.156968, -0.38837, -1.2e-05, 0.0, 0.0, 0.0, 1.0],
                [0.401926, 0.581523, 0.70731, 0.124994, 0.149576, -0.803769, 0.575832, -0.002831, 0.903373, -0.125645, -0.410038, -1.2e-05, 0.0, 0.0, 0.0, 1.0],
                [0.412614, 0.43334, 0.801228, 0.124994, 0.149716, -0.899895, 0.409603, -0.002831, 0.898518, -0.049051, -0.436188, -1.2e-05, 0.0, 0.0, 0.0, 1.0],
                [0.421942, 0.433587, 0.79622, 0.124994, 0.150263, -0.899525, 0.410214, -0.002831, 0.894084, -0.053444, -0.4447, -1.2e-05, 0.0, 0.0, 0.0, 1.0],
                [0.428835, 0.425497, 0.796902, 0.124994, 0.150689, -0.903464, 0.401305, -0.002831, 0.890726, -0.052009, -0.451555, -1.2e-05, 0.0, 0.0, 0.0, 1.0],
                [0.43213, 0.407938, 0.80427, 0.124994, 0.150596, -0.911959, 0.381645, -0.002831, 0.889148, -0.0438, -0.455519, -1.2e-05, 0.0, 0.0, 0.0, 1.0],
                [0.433191, 0.385045, 0.814914, 0.124994, 0.150166, -0.922349, 0.355982, -0.002831, 0.888705, -0.031836, -0.457374, -1.2e-05, 0.0, 0.0, 0.0, 1.0],
                [0.434289, 0.362472, 0.824626, 0.124994, 0.149721, -0.931777, 0.330721, -0.002831, 0.888244, -0.020165, -0.45893, -1.2e-05, 0.0, 0.0, 0.0, 1.0],
                [0.435408, 0.340598, 0.833315, 0.124994, 0.149267, -0.940167, 0.306279, -0.002831, 0.887773, -0.00897, -0.460195, -1.2e-05, 0.0, 0.0, 0.0, 1.0],
                [0.436527, 0.406224, 0.802762, 0.124994, 0.148811, -0.912575, 0.380872, -0.002831, 0.887299, -0.046801, -0.458814, -1.2e-05, 0.0, 0.0, 0.0, 1.0],
                [0.437621, 0.427003, 0.7913, 0.124994, 0.148366, -0.902274, 0.404833, -0.002831, 0.886835, -0.059762, -0.458207, -1.2e-05, 0.0, 0.0, 0.0, 1.0],
                [0.438657, 0.43506, 0.786322, 0.124994, 0.147944, -0.898022, 0.41433, -0.002831, 0.886393, -0.065417, -0.458288, -1.2e-05, 0.0, 0.0, 0.0, 1.0],
                [0.439597, 0.437843, 0.78425, 0.124994, 0.14756, -0.896481, 0.417789, -0.002831, 0.885992, -0.067934, -0.458699, -1.2e-05, 0.0, 0.0, 0.0, 1.0],
                [0.440399, 0.438099, 0.783657, 0.124994, 0.147233, -0.896287, 0.418322, -0.002831, 0.885647, -0.068848, -0.459226, -1.2e-05, 0.0, 0.0, 0.0, 1.0],
                [0.44102, 0.437345, 0.783729, 0.124994, 0.146979, -0.896643, 0.417646, -0.002831, 0.885381, -0.068999, -0.459718, -1.2e-05, 0.0, 0.0, 0.0, 1.0],
                [0.441418, 0.436516, 0.783967, 0.124994, 0.146816, -0.897055, 0.416818, -0.002831, 0.885209, -0.068892, -0.460064, -1.2e-05, 0.0, 0.0, 0.0, 1.0],
                [0.441557, 0.436172, 0.78408, 0.124994, 0.146759, -0.897228, 0.416466, -0.002831, 0.885149, -0.068822, -0.46019, -1.2e-05, 0.0, 0.0, 0.0, 1.0]
            ]
        },
        {
            "name": "Leg_R",
            "time": [0.0, 0.0167, 0.0333, 0.05, 0.0667, 0.0833, 0.1, 0.1167, 0.1333, 0.15, 0.1667, 0.1833, 0.2, 0.2167, 0.2333, 0.25, 0.2667, 0.2833, 0.3, 0.3167, 0.3333, 0.35, 0.3667, 0.3833, 0.4, 0.4167, 0.4333, 0.45, 0.4667, 0.4833, 0.5, 0.5167, 0.5333, 0.55, 0.5667, 0.5833, 0.6, 0.6167, 0.6333, 0.65, 0.6667, 0.6833, 0.7, 0.7167, 0.7333, 0.75, 0.7667, 0.7833, 0.8, 0.8167, 0.8333, 0.85, 0.8667, 0.8833, 0.9, 0.9167, 0.9333, 0.95, 0.9667, 0.9833],
            "transform": [
                [1.0, -0.0, 1e-06, 0.0, -0.0, 0.887891, 0.460053, 0.374726, -1e-06, -0.460053, 0.887891, 0.0, 0.0, 0.0, 0.0, 1.0],
                [1.0, -0.0, 1e-06, -0.0, -0.0, 0.878793, 0.477202, 0.374726, -1e-06, -0.477202, 0.878793, 0.0, 0.0, 0.0, 0.0, 1.0],
                [1.0, -0.0, 1e-06, 0.0, -0.0, 0.853868, 0.520489, 0.374726, -1e-06, -0.520489, 0.853868, 0.0, 0.0, 0.0, 0.0, 1.0],
                [1.0, -0.0, 1e-06, -0.0, -0.0, 0.816988, 0.576654, 0.374726, -1e-06, -0.576654, 0.816988, -0.0, 0.0, 0.0, 0.0, 1.0],
                [1.0, -0.0, 1e-06, -0.0, -0.0, 0.772244, 0.635325, 0.374726, -1e-06, -0.635325, 0.772244, -0.0, 0.0, 0.0, 0.0, 1.0],
                [1.0, -0.0, 1e-06, 0.0, -0.0, 0.723722, 0.690091, 0.374726, -1e-06, -0.690091, 0.723722, -0.0, 0.0, 0.0, 0.0, 1.0],
                [1.0, -1e-06, 1e-06, 0.0, -0.0, 0.675323, 0.737521, 0.374726, -1e-06, -0.737521, 0.675323, -0.0, 0.0, 0.0, 0.0, 1.0],
                [1.0, -1e-06, 1e-06, 0.0, -0.0, 0.630629, 0.776084, 0.374726, -1e-06, -0.776084, 0.630629, -0.0, 0.0, 0.0, 0.0, 1.0],
                [1.0, -1e-06, 1e-06, 0.0, -0.0, 0.592811, 0.805341, 0.374726, -1e-06, -0.805341, 0.592811, 0.0, 0.0, 0.0, 0.0, 1.0],
                [1.0, -1e-06, 1e-06, 0.0, -0.0, 0.564583, 0.825376, 0.374726, -1e-06, -0.825376, 0.564583, 0.0, 0.0, 0.0, 0.0, 1.0],
                [1.0, -1e-06, 1e-06, -0.0, -0.0, 0.548197, 0.836349, 0.374726, -1e-06, -0.836349, 0.548197, 0.0, 0.0, 0.0, 0.0, 1.0],
                [1.0, -1e-06, 1e-06, -0.0, -0.0, 0.545484, 0.838121, 0.374726, -1e-06, -0.838121, 0.545484, 0.0, 0.0, 0.0, 0.0, 1.0],
                [1.0, -1e-06, 1e-06, -0.0, -0.0, 0.55794, 0.829881, 0.374726, -1e-06, -0.829881, 0.55794, 0.0, 0.0, 0.0, 0.0, 1.0],
                [1.0, -1e-06, 1e-06, -0.0, -0.0, 0.586851, 0.809694, 0.374726, -1e-06, -0.809694, 0.586851, -0.0, 0.0, 0.0, 0.0, 1.0],
                [1.0, -1e-06, 1e-06, 0.0, -0.0, 0.641765, 0.766901, 0.374726, -1e-06, -0.766901, 0.641765, -0.0, 0.0, 0.0, 0.0, 1.0],
                [1.0, -1e-06, 1e-06, 0.0, -0.0, 0.721842, 0.692057, 0.374726, -1e-06, -0.692057, 0.721843, -0.0, 0.0, 0.0, 0.0, 1.0],
                [1.0, -0.0, 1e-06, 0.0, -0.0, 0.812519, 0.582934, 0.374726, -1e-06, -0.582934, 0.812519, 0.0, 0.0, 0.0, 0.0, 1.0],
                [1.0, -0.0, 1e-06, 0.0, -0.0, 0.898522, 0.438929, 0.374726, -1e-06, -0.438929, 0.898522, 0.0, 0.0, 0.0, 0.0, 1.0],
                [1.0, -0.0, 1e-06, 0.0, -0.0, 0.963852, 0.266435, 0.374726, -1e-06, -0.266436, 0.963852, -0.0, 0.0, 0.0, 0.0, 1.0],
                [1.0, -0.0, 1e-06, -0.0, -0.0, 0.99259, 0.121503, 0.374726, -1e-06, -0.121503, 0.992591, 0.0, 0.0, 0.0, 0.0, 1.0],
                [1.0, -0.0, 1e-06, -0.0, -0.0, 0.969913, 0.24345, 0.374726, -1e-06, -0.24345, 0.969913, 0.0, 0.0, 0.0, 0.0, 1.0],
                [1.0, -0.0, 1e-06, -0.0, -0.0, 0.920861, 0.389889, 0.374726, -1e-06, -0.389889, 0.920861, 0.0, 0.0, 0.0, 0.0, 1.0],
                [1.0, -0.0, 1e-06, -0.0, -0.0, 0.878375, 0.477971, 0.374726, -1e-06, -0.477971, 0.878375, -0.0, 0.0, 0.0, 0.0, 1.0],
                [1.0, -0.0, 1e-06, -0.0, -0.0, 0.841643, 0.540034, 0.374726, -1e-06, -0.540034, 0.841643, -0.0, 0.0, 0.0, 0.0, 1.0],
                [1.0, -0.0, 1e-06, -0.0, -0.0, 0.809977, 0.586461, 0.374726, -1e-06, -0.586461, 0.809977, -0.0, 0.0, 0.0, 0.0, 1.0],
                [1.0, -0.0, 1e-06, -0.0, -0.0, 0.782778, 0.6223, 0.374726, -1e-06, -0.6223, 0.782778, -0.0, 0.0, 0.0, 0.0, 1.0],
                [1.0, -0.0, 1e-06, -0.0, -0.0, 0.759535, 0.650466, 0.374726, -1e-06, -0.650466, 0.759535, 0.0, 0.0, 0.0, 0.0, 1.0],
                [1.0, -0.0, 1e-06, -0.0, -0.0, 0.739818, 0.672807, 0.374726, -1e-06, -0.672807, 0.739818, 0.0, 0.0, 0.0, 0.0, 1.0],
                [1.0, -0.0, 1e-06, -0.0, -0.0, 0.72327, 0.690565, 0.374726, -1e-06, -0.690565, 0.72327, 0.0, 0.0, 0.0, 0.0, 1.0],
                [1.0, -0.0, 1e-06, -0.0, -0.0, 0.709609, 0.704595, 0.374726, -1e-06, -0.704595, 0.709609, -0.0, 0.0, 0.0, 0.0, 1.0],
                [1.0, -1e-06, 1e-06, -0.0, -0.0, 0.698617, 0.715495, 0.374726, -1e-06, -0.715495, 0.698617, 0.0, 0.0, 0.0, 0.0, 1.0],
                [1.0, -1e-06, 1e-06, -0.0, -0.0, 0.690141, 0.723674, 0.374726, -1e-06, -0.723674, 0.690141, 0.0, 0.0, 0.0, 0.0, 1.0],
                [1.0, -1e-06, 1e-06, -0.0, -0.0, 0.676089, 0.73682, 0.374726, -1e-06, -0.736819, 0.676089, -0.0, 0.0, 0.0, 0.0, 1.0],
                [1.0, -1e-06, 1e-06, 0.0, -0.0, 0.649844, 0.760067, 0.374726, -1e-06, -0.760067, 0.649844, 0.0, 0.0, 0.0, 0.0, 1.0],
                [1.0, -1e-06, 1e-06, -0.0, -0.0, 0.614991, 0.788533, 0.374726, -1e-06, -0.788533, 0.614991, -0.0, 0.0, 0.0, 0.0, 1.0],
                [1.0, -1e-06, 1e-06, 0.0, -0.0, 0.576481, 0.81711, 0.374726, -1e-06, -0.81711, 0.576481, -0.0, 0.0, 0.0, 0.0, 1.0],
                [1.0, -1e-06, 1e-06, -0.0, -0.0, 0.539977, 0.841679, 0.374726, -1e-06, -0.841679, 0.539977, -0.0, 0.0, 0.0, 0.0, 1.0],
                [1.0, -1e-06, 1e-06, 0.0, -0.0, 0.511337, 0.85938, 0.374726, -1e-06, -0.85938, 0.511337, 0.0, 0.0, 0.0, 0.0, 1.0],
                [1.0, -1e-06, 1e-06, 0.0, -0.0, 0.496219, 0.868197, 0.374726, -1e-06, -0.868197, 0.496219, -0.0, 0.0, 0.0, 0.0, 1.0],
                [1.0, -1e-06, 1e-06, 0.0, -0.0, 0.499824, 0.866126, 0.374726, -1e-06, -0.866126, 0.499824, -0.0, 0.0, 0.0, 0.0, 1.0],
                [1.0, -1e-06, 1e-06, -0.0, -0.0, 0.526762, 0.850012, 0.374726, -1e-06, -0.850012, 0.526762, -0.0, 0.0, 0.0, 0.0, 1.0],
                [1.0, -1e-06, 1e-06, -0.0, -0.0, 0.587079, 0.809529, 0.374726, -1e-06, -0.809529, 0.587079, -0.0, 0.0, 0.0, 0.0, 1.0],
                [1.0, -1e-06, 1e-06, -0.0, -0.0, 0.68054, 0.732711, 0.374726, -1e-06, -0.732711, 0.68054, -0.0, 0.0, 0.0, 0.0, 1.0],
                [1.0, -0.0, 1e-06, -0.0, -0.0, 0.794674, 0.607036, 0.374726, -1e-06, -0.607035, 0.794674, -0.0, 0.0, 0.0, 0.0, 1.0],
                [1.0, -0.0, 1e-06, -0.0, -0.0, 0.915139, 0.403137, 0.374726, -1e-06, -0.403137, 0.915139, -0.0, 0.0, 0.0, 0.0, 1.0],
                [1.0, 0.0, 1e-06, -0.0, 0.0, 0.999989, 0.004687, 0.374726, -1e-06, -0.004687, 0.999989, 0.0, 0.0, 0.0, 0.0, 1.0],
                [1.0, 0.0, 1e-06, -0.0, -0.0, 0.999988, 0.00471, 0.374726, -1e-06, -0.00471, 0.999989, -0.0, 0.0, 0.0, 0.0, 1.0],
                [1.0, 0.0, 1e-06, -0.0, 0.0, 0.999988, 0.00472, 0.374726, -1e-06, -0.00472, 0.999989, -0.0, 0.0, 0.0, 0.0, 1.0],
                [1.0, 0.0, 1e-06, -0.0, -0.0, 0.999988, 0.004715, 0.374726, -1e-06, -0.004715, 0.999988, -0.0, 0.0, 0.0, 0.0, 1.0],
                [1.0, 0.0, 1e-06, 0.0, -0.0, 0.999988, 0.004703, 0.374726, -1e-06, -0.004703, 0.999989, -0.0, 0.0, 0.0, 0.0, 1.0],
                [1.0, 0.0, 1e-06, 0.0, 0.0, 0.999989, 0.004692, 0.374726, -1e-06, -0.004692, 0.999989, -0.0, 0.0, 0.0, 0.0, 1.0],
                [1.0, -0.0, 1e-06, -0.0, -0.0, 0.999989, 0.004682, 0.374726, -1e-06, -0.004682, 0.999989, -0.0, 0.0, 0.0, 0.0, 1.0],
                [1.0, -0.0, 1e-06, 0.0, -0.0, 0.977048, 0.213017, 0.374726, -1e-06, -0.213017, 0.977048, 0.0, 0.0, 0.0, 0.0, 1.0],
                [1.0, -0.0, 1e-06, -0.0, -0.0, 0.951542, 0.307518, 0.374726, -1e-06, -0.307518, 0.951542, 0.0, 0.0, 0.0, 0.0, 1.0],
                [1.0, -0.0, 1e-06, -0.0, -0.0, 0.930865, 0.365363, 0.374726, -1e-06, -0.365363, 0.930865, 0.0, 0.0, 0.0, 0.0, 1.0],
                [1.0, -0.0, 1e-06, -0.0, -0.0, 0.914522, 0.404535, 0.374726, -1e-06, -0.404535, 0.914522, 0.0, 0.0, 0.0, 0.0, 1.0],
                [1.0, -0.0, 1e-06, -0.0, -0.0, 0.902186, 0.431345, 0.374726, -1e-06, -0.431345, 0.902187, 0.0, 0.0, 0.0, 0.0, 1.0],
                [1.0, -0.0, 1e-06, -0.0, -0.0, 0.893548, 0.448967, 0.374726, -1e-06, -0.448967, 0.893548, -0.0, 0.0, 0.0, 0.0, 1.0],
                [1.0, -0.0, 1e-06, -0.0, -0.0, 0.888395, 0.459078, 0.374726, -1e-06, -0.459078, 0.888395, -0.0, 0.0, 0.0, 0.0, 1.0],
                [1.0, -0.0, 1e-06, -0.0, -0.0, 0.886662, 0.462417, 0.374726, -1e-06, -0.462417, 0.886662, -0.0, 0.0, 0.0, 0.0, 1.0]
            ]
        },
        {
            "name": "Knee_R",
            "time": [0.0, 0.9833],
            "transform": [
                [1.0, 0.0, -0.0, 0.0, -0.0, 0.00567, -0.999984, 0.374726, -0.0, 0.999984, 0.00567, 0.0, 0.0, 0.0, 0.0, 1.0],
                [1.0, 0.0, -0.0, -0.0, -0.0, 0.00567, -0.999984, 0.374726, -0.0, 0.999984, 0.00567, -0.0, 0.0, 0.0, 0.0, 1.0]
            ]
        },
        {
            "name": "Thigh_L",
            "time": [0.0, 0.0167, 0.0333, 0.05, 0.0667, 0.0833, 0.1, 0.1167, 0.1333, 0.15, 0.1667, 0.1833, 0.2, 0.2167, 0.2333, 0.25, 0.2667, 0.2833, 0.3, 0.3167, 0.3333, 0.35, 0.3667, 0.3833, 0.4, 0.4167, 0.4333, 0.45, 0.4667, 0.4833, 0.5, 0.5167, 0.5333, 0.55, 0.5667, 0.5833, 0.6, 0.6167, 0.6333, 0.65, 0.6667, 0.6833, 0.7, 0.7167, 0.7333, 0.75, 0.7667, 0.7833, 0.8, 0.8167, 0.8333, 0.85, 0.8667, 0.8833, 0.9, 0.9167, 0.9333, 0.95, 0.9667, 0.9833],
            "transform": [
                [0.978627, -0.205554, -0.006017, -0.125006, -0.187177, -0.902493, 0.387908, -0.002831, -0.085166, -0.378491, -0.921679, -1.2e-05, 0.0, 0.0, 0.0, 1.0],
                [0.978337, -0.206814, -0.009216, -0.125006, -0.187095, -0.90236, 0.388255, -0.002831, -0.088613, -0.37812, -0.921506, -1.2e-05, 0.0, 0.0, 0.0, 1.0],
                [0.977461, -0.210383, -0.017609, -0.125006, -0.187139, -0.902027, 0.389006, -0.002831, -0.097724, -0.376943, -0.921067, -1.2e-05, 0.0, 0.0, 0.0, 1.0],
                [0.975964, -0.215939, -0.029396, -0.125006, -0.187744, -0.901588, 0.389732, -0.002831, -0.110661, -0.374846, -0.920459, -1.2e-05, 0.0, 0.0, 0.0, 1.0],
                [0.973849, -0.22314, -0.042739, -0.125006, -0.189363, -0.901135, 0.389998, -0.002831, -0.125537, -0.371706, -0.919824, -1.2e-05, 0.0, 0.0, 0.0, 1.0],
                [0.97121, -0.231616, -0.055729, -0.125006, -0.192475, -0.900762, 0.389336, -0.002831, -0.140374, -0.3674, -0.919409, -1.2e-05, 0.0, 0.0, 0.0, 1.0],
                [0.968259, -0.240972, -0.066385, -0.125006, -0.197581, -0.900575, 0.387203, -0.002831, -0.15309, -0.361797, -0.919602, -1.2e-05, 0.0, 0.0, 0.0, 1.0],
                [0.965306, -0.250805, -0.07268, -0.125006, -0.205188, -0.900703, 0.382926, -0.002831, -0.161503, -0.354728, -0.920915, -1.2e-05, 0.0, 0.0, 0.0, 1.0],
                [0.96268, -0.260726, -0.072589, -0.125006, -0.21578, -0.901302, 0.375625, -0.002831, -0.16336, -0.345943, -0.923925, -1.2e-05, 0.0, 0.0, 0.0, 1.0],
                [0.960604, -0.270413, -0.06416, -0.125006, -0.229756, -0.902569, 0.364118, -0.002831, -0.156371, -0.335033, -0.92914, -1.2e-05, 0.0, 0.0, 0.0, 1.0],
                [0.959007, -0.279684, -0.045637, -0.125006, -0.24735, -0.90473, 0.346818, -0.002831, -0.138288, -0.321313, -0.936822, -1.2e-05, 0.0, 0.0, 0.0, 1.0],
                [0.957311, -0.288636, -0.01568, -0.125006, -0.268502, -0.908005, 0.321612, -0.002831, -0.107066, -0.303673, -0.946742, -1.2e-05, 0.0, 0.0, 0.0, 1.0],
                [0.954248, -0.297864, 0.026245, -0.125006, -0.292695, -0.91251, 0.285755, -0.002831, -0.061167, -0.280363, -0.957943, -1.2e-05, 0.0, 0.0, 0.0, 1.0],
                [0.947824, -0.308801, 0.079202, -0.125006, -0.318796, -0.918051, 0.235694, -0.002831, -7.2e-05, -0.248646, -0.968595, -1.2e-05, 0.0, 0.0, 0.0, 1.0],
                [0.933842, -0.322152, 0.155426, -0.125006, -0.348637, -0.916916, 0.194211, -0.002831, 0.079947, -0.23555, -0.968569, -1.2e-05, 0.0, 0.0, 0.0, 1.0],
                [0.907599, -0.331649, 0.257435, -0.125006, -0.381402, -0.907621, 0.175377, -0.002831, 0.17549, -0.257358, -0.950248, -1.2e-05, 0.0, 0.0, 0.0, 1.0],
                [0.868894, -0.333339, 0.365935, -0.125006, -0.412009, -0.89677, 0.161406, -0.002831, 0.274357, -0.291013, -0.916537, -1.2e-05, 0.0, 0.0, 0.0, 1.0],
                [0.822318, -0.328126, 0.464895, -0.125006, -0.436633, -0.887756, 0.145743, -0.002831, 0.364891, -0.322835, -0.873288, -1.2e-05, 0.0, 0.0, 0.0, 1.0],
                [0.776146, -0.317922, 0.54454, -0.125006, -0.453122, -0.881765, 0.131039, -0.002831, 0.438496, -0.348449, -0.828435, -1.2e-05, 0.0, 0.0, 0.0, 1.0],
                [0.739857, -0.303174, 0.600581, -0.125006, -0.460494, -0.879022, 0.123553, -0.002831, 0.490465, -0.367976, -0.789961, -1.2e-05, 0.0, 0.0, 0.0, 1.0],
                [0.722247, -0.282991, 0.631091, -0.125006, -0.457706, -0.879641, 0.129373, -0.002831, 0.518522, -0.382294, -0.764844, -1.2e-05, 0.0, 0.0, 0.0, 1.0],
                [0.723123, -0.253907, 0.642359, -0.125006, -0.445939, -0.881812, 0.15345, -0.002831, 0.527478, -0.397416, -0.750885, -1.2e-05, 0.0, 0.0, 0.0, 1.0],
                [0.735394, -0.216267, 0.642203, -0.125006, -0.428201, -0.882825, 0.19304, -0.002831, 0.525205, -0.416953, -0.741829, -1.2e-05, 0.0, 0.0, 0.0, 1.0],
                [0.756788, -0.175564, 0.629642, -0.125006, -0.404946, -0.882071, 0.240769, -0.002831, 0.513119, -0.437182, -0.738635, -1.2e-05, 0.0, 0.0, 0.0, 1.0],
                [0.785026, -0.137157, 0.604088, -0.125006, -0.376576, -0.879965, 0.289575, -0.002831, 0.491859, -0.454808, -0.742445, -1.2e-05, 0.0, 0.0, 0.0, 1.0],
                [0.817478, -0.105328, 0.566247, -0.125006, -0.343873, -0.877937, 0.333135, -0.002831, 0.462041, -0.467048, -0.753913, -1.2e-05, 0.0, 0.0, 0.0, 1.0],
                [0.851033, -0.082592, 0.518576, -0.125006, -0.308425, -0.877879, 0.366337, -0.002831, 0.42499, -0.471707, -0.772578, -1.2e-05, 0.0, 0.0, 0.0, 1.0],
                [0.882308, -0.069497, 0.465514, -0.125006, -0.272972, -0.88127, 0.38581, -0.002831, 0.383431, -0.467475, -0.796522, -1.2e-05, 0.0, 0.0, 0.0, 1.0],
                [0.908176, -0.065126, 0.413493, -0.125006, -0.241488, -0.888378, 0.390472, -0.002831, 0.341908, -0.454471, -0.82253, -1.2e-05, 0.0, 0.0, 0.0, 1.0],
                [0.926325, -0.068208, 0.3705, -0.125006, -0.218842, -0.897946, 0.38184, -0.002831, 0.306645, -0.434789, -0.846716, -1.2e-05, 0.0, 0.0, 0.0, 1.0],
                [0.935295, -0.078274, 0.345104, -0.125006, -0.210062, -0.907625, 0.363445, -0.002831, 0.284776, -0.412421, -0.865339, -1.2e-05, 0.0, 0.0, 0.0, 1.0],
                [0.933663, -0.096297, 0.344965, -0.125006, -0.219363, -0.91513, 0.338257, -0.002831, 0.283115, -0.391491, -0.875547, -1.2e-05, 0.0, 0.0, 0.0, 1.0],
                [0.925363, -0.113845, 0.361583, -0.125006, -0.239581, -0.914829, 0.3251, -0.002831, 0.293775, -0.387464, -0.873824, -1.2e-05, 0.0, 0.0, 0.0, 1.0],
                [0.915541, -0.123179, 0.3829, -0.125006, -0.26161, -0.905451, 0.334245, -0.002831, 0.305525, -0.406185, -0.861202, -1.2e-05, 0.0, 0.0, 0.0, 1.0],
                [0.903853, -0.128221, 0.408178, -0.125006, -0.285317, -0.891561, 0.351729, -0.002831, 0.318817, -0.434372, -0.842424, -1.2e-05, 0.0, 0.0, 0.0, 1.0],
                [0.890114, -0.132187, 0.436146, -0.125006, -0.310312, -0.876685, 0.3676, -0.002831, 0.333771, -0.462547, -0.821369, -1.2e-05, 0.0, 0.0, 0.0, 1.0],
                [0.874415, -0.137509, 0.465285, -0.125006, -0.335932, -0.863532, 0.376116, -0.002831, 0.350069, -0.485186, -0.801278, -1.2e-05, 0.0, 0.0, 0.0, 1.0],
                [0.857252, -0.146347, 0.493663, -0.125006, -0.361265, -0.854113, 0.374139, -0.002831, 0.366889, -0.499074, -0.785059, -1.2e-05, 0.0, 0.0, 0.0, 1.0],
                [0.839609, -0.160869, 0.518824, -0.125006, -0.38524, -0.849715, 0.359964, -0.002831, 0.382946, -0.502101, -0.775402, -1.2e-05, 0.0, 0.0, 0.0, 1.0],
                [0.82292, -0.183273, 0.537786, -0.125006, -0.406785, -0.850867, 0.332493, -0.002831, 0.396648, -0.492378, -0.774748, -1.2e-05, 0.0, 0.0, 0.0, 1.0],
                [0.808861, -0.21572, 0.547, -0.125006, -0.424974, -0.857398, 0.290286, -0.002831, 0.406376, -0.467262, -0.785191, -1.2e-05, 0.0, 0.0, 0.0, 1.0],
                [0.800794, -0.250715, 0.543941, -0.125006, -0.438377, -0.864167, 0.247067, -0.002831, 0.408112, -0.436301, -0.801926, -1.2e-05, 0.0, 0.0, 0.0, 1.0],
                [0.800043, -0.278578, 0.531343, -0.125006, -0.446942, -0.867568, 0.218102, -0.002831, 0.400218, -0.41197, -0.8186, -1.2e-05, 0.0, 0.0, 0.0, 1.0],
                [0.805311, -0.298957, 0.511955, -0.125006, -0.451418, -0.869001, 0.202632, -0.002831, 0.384311, -0.394288, -0.834771, -1.2e-05, 0.0, 0.0, 0.0, 1.0],
                [0.815414, -0.312193, 0.487479, -0.125006, -0.452045, -0.869438, 0.199334, -0.002831, 0.361601, -0.382902, -0.850077, -1.2e-05, 0.0, 0.0, 0.0, 1.0],
                [0.829242, -0.319064, 0.458863, -0.125006, -0.448778, -0.869472, 0.206441, -0.002831, 0.333101, -0.377117, -0.864192, -1.2e-05, 0.0, 0.0, 0.0, 1.0],
                [0.845724, -0.320584, 0.426588, -0.125006, -0.441462, -0.869427, 0.221832, -0.002831, 0.299771, -0.375931, -0.87682, -1.2e-05, 0.0, 0.0, 0.0, 1.0],
                [0.863806, -0.317838, 0.39092, -0.125006, -0.429969, -0.869484, 0.243157, -0.002831, 0.262614, -0.378124, -0.887725, -1.2e-05, 0.0, 0.0, 0.0, 1.0],
                [0.882466, -0.311848, 0.352144, -0.125006, -0.414306, -0.86979, 0.267984, -0.002831, 0.222721, -0.382382, -0.896761, -1.2e-05, 0.0, 0.0, 0.0, 1.0],
                [0.900749, -0.303487, 0.310721, -0.125006, -0.394704, -0.870515, 0.293961, -0.002831, 0.181274, -0.387428, -0.903902, -1.2e-05, 0.0, 0.0, 0.0, 1.0],
                [0.917823, -0.293438, 0.267385, -0.125006, -0.371665, -0.871847, 0.318979, -0.002831, 0.139518, -0.392145, -0.909262, -1.2e-05, 0.0, 0.0, 0.0, 1.0],
                [0.933039, -0.28221, 0.223148, -0.125006, -0.345971, -0.873961, 0.341316, -0.002831, 0.0987, -0.395664, -0.913076, -1.2e-05, 0.0, 0.0, 0.0, 1.0],
                [0.945973, -0.270194, 0.179252, -0.125006, -0.318649, -0.876953, 0.359744, -0.002831, 0.059995, -0.397427, -0.915671, -1.2e-05, 0.0, 0.0, 0.0, 1.0],
                [0.95644, -0.257745, 0.137074, -0.125006, -0.290903, -0.880794, 0.3736, -0.002831, 0.024441, -0.397202, -0.917406, -1.2e-05, 0.0, 0.0, 0.0, 1.0],
                [0.964487, -0.245266, 0.098027, -0.125006, -0.264035, -0.885298, 0.382798, -0.002831, -0.007105, -0.395086, -0.918617, -1.2e-05, 0.0, 0.0, 0.0, 1.0],
                [0.970336, -0.233281, 0.063473, -0.125006, -0.239364, -0.890121, 0.387801, -0.002831, -0.033968, -0.39149, -0.919555, -1.2e-05, 0.0, 0.0, 0.0, 1.0],
                [0.974324, -0.222464, 0.034675, -0.125006, -0.218169, -0.894797, 0.38954, -0.002831, -0.055632, -0.387104, -0.920357, -1.2e-05, 0.0, 0.0, 0.0, 1.0],
                [0.97683, -0.213636, 0.012781, -0.125006, -0.201659, -0.898777, 0.389275, -0.002831, -0.071676, -0.382833, -0.921033, -1.2e-05, 0.0, 0.0, 0.0, 1.0],
                [0.978191, -0.207705, -0.001136, -0.125006, -0.190971, -0.901503, 0.38836, -0.002831, -0.081688, -0.379674, -0.921507, -1.2e-05, 0.0, 0.0, 0.0, 1.0],
                [0.978628, -0.205554, -0.006017, -0.125006, -0.187177, -0.902493, 0.387908, -0.002831, -0.085166, -0.378491, -0.921679, -1.2e-05, 0.0, 0.0, 0.0, 1.0]
            ]
        },
        {
            "name": "Leg_L",
            "time": [0.0, 0.0167, 0.0333, 0.05, 0.0667, 0.0833, 0.1, 0.1167, 0.1333, 0.15, 0.1667, 0.1833, 0.2, 0.2167, 0.2333, 0.25, 0.2667, 0.2833, 0.3, 0.3167, 0.3333, 0.35, 0.3667, 0.3833, 0.4, 0.4167, 0.4333, 0.45, 0.4667, 0.4833, 0.5, 0.5167, 0.5333, 0.55, 0.5667, 0.5833, 0.6, 0.6167, 0.6333, 0.65, 0.6667, 0.6833, 0.7, 0.7167, 0.7333, 0.75, 0.7667, 0.7833, 0.8, 0.8167, 0.8333, 0.85, 0.8667, 0.8833, 0.9, 0.9167, 0.9333, 0.95, 0.9667, 0.9833],
            "transform": [
                [1.0, -0.0, 1e-06, 0.0, -0.0, 0.842926, 0.538029, 0.374726, -1e-06, -0.538029, 0.842926, -0.0, 0.0, 0.0, 0.0, 1.0],
                [1.0, -0.0, 1e-06, -0.0, -0.0, 0.843092, 0.537769, 0.374726, -1e-06, -0.537769, 0.843092, 0.0, 0.0, 0.0, 0.0, 1.0],
                [1.0, -0.0, 1e-06, 0.0, -0.0, 0.84361, 0.536956, 0.374726, -1e-06, -0.536957, 0.84361, 0.0, 0.0, 0.0, 0.0, 1.0],
                [1.0, -0.0, 1e-06, -0.0, -0.0, 0.844521, 0.535523, 0.374726, -1e-06, -0.535523, 0.844521, -0.0, 0.0, 0.0, 0.0, 1.0],
                [1.0, -0.0, 1e-06, 0.0, -0.0, 0.845886, 0.533364, 0.374726, -1e-06, -0.533364, 0.845886, -0.0, 0.0, 0.0, 0.0, 1.0],
                [1.0, -0.0, 1e-06, 0.0, -0.0, 0.847799, 0.530318, 0.374726, -1e-06, -0.530318, 0.847799, 0.0, 0.0, 0.0, 0.0, 1.0],
                [1.0, -0.0, 1e-06, 0.0, -0.0, 0.850396, 0.526142, 0.374726, -1e-06, -0.526142, 0.850397, 0.0, 0.0, 0.0, 0.0, 1.0],
                [1.0, -0.0, 1e-06, 0.0, -0.0, 0.853877, 0.520475, 0.374726, -1e-06, -0.520476, 0.853877, 0.0, 0.0, 0.0, 0.0, 1.0],
                [1.0, -0.0, 1e-06, -0.0, -0.0, 0.858513, 0.512792, 0.374726, -1e-06, -0.512792, 0.858513, -0.0, 0.0, 0.0, 0.0, 1.0],
                [1.0, -0.0, 1e-06, 0.0, -0.0, 0.864675, 0.502331, 0.374726, -1e-06, -0.502331, 0.864676, -0.0, 0.0, 0.0, 0.0, 1.0],
                [1.0, -0.0, 1e-06, -0.0, -0.0, 0.872853, 0.487983, 0.374726, -1e-06, -0.487984, 0.872853, -0.0, 0.0, 0.0, 0.0, 1.0],
