{
    "animation": [
        {
            "name": "Root",
            "time": [0.0, 0.0167, 0.0333, 0.05, 0.0667, 0.0833, 0.1, 0.1167, 0.1333, 0.15, 0.1667, 0.1833, 0.2, 0.2167, 0.2333, 0.25, 0.2667, 0.2833, 0.3, 0.3167, 0.3333, 0.35, 0.3667, 0.3833, 0.4, 0.4167, 0.4333, 0.45, 0.4667, 0.4833, 0.5, 0.5167],
            "transform": [
                [0.831978, 0.248629, -0.495979, -5e-06, -0.554808, 0.372839, -0.74376, 0.000946, 0.0, 0.893966, 0.448136, 0.629113, 0.0, 0.0, 0.0, 1.0],
                [0.837058, 0.245165, -0.48911, -5e-06, -0.547114, 0.374838, -0.74844, 0.007432, -0.000154, 0.894087, 0.447894, 0.628643, 0.0, 0.0, 0.0, 1.0],
                [0.850645, 0.235555, -0.470018, -5e-06, -0.52574, 0.380203, -0.760949, 0.025215, -0.000543, 0.894405, 0.447259, 0.627354, 0.0, 0.0, 0.0, 1.0],
                [0.869983, 0.220908, -0.440827, -5e-06, -0.49308, 0.387863, -0.778739, 0.051784, -0.001049, 0.894853, 0.44636, 0.625429, 0.0, 0.0, 0.0, 1.0],
                [0.892223, 0.202357, -0.40372, -5e-06, -0.451593, 0.396708, -0.799179, 0.08463, -0.001561, 0.895363, 0.445335, 0.623048, 0.0, 0.0, 0.0, 1.0],
                [0.914736, 0.181155, -0.361165, -5e-06, -0.404046, 0.405731, -0.819835, 0.121241, -0.001982, 0.89586, 0.444332, 0.620394, 0.0, 0.0, 0.0, 1.0],
                [0.935387, 0.158712, -0.31601, -5e-06, -0.35362, 0.414149, -0.838709, 0.159108, -0.002238, 0.896265, 0.443513, 0.61765, 0.0, 0.0, 0.0, 1.0],
                [0.952715, 0.136577, -0.271442, -5e-06, -0.303857, 0.421479, -0.854416, 0.195719, -0.002287, 0.896494, 0.44305, 0.614996, 0.0, 0.0, 0.0, 1.0],
                [0.966001, 0.116382, -0.230862, -5e-06, -0.258529, 0.427562, -0.866229, 0.228565, -0.002106, 0.896463, 0.443114, 0.612616, 0.0, 0.0, 0.0, 1.0],
                [0.975165, 0.099778, -0.197731, -5e-06, -0.221473, 0.43252, -0.874, 0.255135, -0.001683, 0.896087, 0.443876, 0.61069, 0.0, 0.0, 0.0, 1.0],
                [0.980511, 0.088401, -0.17545, -5e-06, -0.19646, 0.436642, -0.877922, 0.272917, -0.001, 0.895281, 0.4455, 0.609401, 0.0, 0.0, 0.0, 1.0],
                [0.982332, 0.083867, -0.167302, -5e-06, -0.187145, 0.440218, -0.878171, 0.279403, 0.0, 0.893966, 0.448136, 0.608931, 0.0, 0.0, 0.0, 1.0],
                [0.982371, 0.083532, -0.167242, -5e-06, -0.186939, 0.443718, -0.876452, 0.279403, 0.000997, 0.892265, 0.451512, 0.608931, 0.0, 0.0, 0.0, 1.0],
                [0.982386, 0.083571, -0.167132, -5e-06, -0.186854, 0.447358, -0.874618, 0.279403, 0.001675, 0.890442, 0.455094, 0.608931, 0.0, 0.0, 0.0, 1.0],
                [0.982385, 0.083826, -0.167014, -5e-06, -0.186858, 0.450917, -0.872788, 0.279403, 0.002147, 0.888621, 0.458637, 0.608931, 0.0, 0.0, 0.0, 1.0],
                [0.982372, 0.084139, -0.166929, -5e-06, -0.186918, 0.454178, -0.871082, 0.279403, 0.002523, 0.886929, 0.461899, 0.608931, 0.0, 0.0, 0.0, 1.0],
                [0.982355, 0.084355, -0.166919, -5e-06, -0.187001, 0.456928, -0.869625, 0.279403, 0.002913, 0.885495, 0.46464, 0.608931, 0.0, 0.0, 0.0, 1.0],
                [0.98234, 0.084317, -0.167028, -5e-06, -0.187072, 0.458953, -0.868543, 0.279403, 0.003426, 0.884451, 0.466621, 0.608931, 0.0, 0.0, 0.0, 1.0],
                [0.982332, 0.083867, -0.167302, -5e-06, -0.187099, 0.460041, -0.867961, 0.279403, 0.004173, 0.883928, 0.467604, 0.608931, 0.0, 0.0, 0.0, 1.0],
                [0.985941, 0.077326, -0.148126, -5e-06, -0.167095, 0.455769, -0.874273, 0.274713, -9.3e-05, 0.886733, 0.462282, 0.610441, 0.0, 0.0, 0.0, 1.0],
                [0.993842, 0.060711, -0.092692, -5e-06, -0.110029, 0.44193, -0.890276, 0.261659, -0.013086, 0.894993, 0.445888, 0.614644, 0.0, 0.0, 0.0, 1.0],
                [0.999304, 0.03701, -0.004605, -5e-06, -0.01966, 0.417843, -0.908306, 0.24176, -0.031692, 0.907765, 0.41828, 0.621051, 0.0, 0.0, 0.0, 1.0],
                [0.993714, 0.010088, 0.111489, -5e-06, 0.099172, 0.38266, -0.918551, 0.216538, -0.051929, 0.923834, 0.379255, 0.629172, 0.0, 0.0, 0.0, 1.0],
                [0.96866, -0.015501, 0.247908, -5e-06, 0.238531, 0.336475, -0.910981, 0.187513, -0.069294, 0.941565, 0.329627, 0.638517, 0.0, 0.0, 0.0, 1.0],
                [0.918738, -0.035258, 0.39329, -5e-06, 0.386753, 0.281235, -0.878253, 0.156208, -0.079641, 0.958991, 0.272017, 0.648596, 0.0, 0.0, 0.0, 1.0],
                [0.84416, -0.045952, 0.534117, -5e-06, 0.530027, 0.220962, -0.818686, 0.124141, -0.080399, 0.974199, 0.210883, 0.658921, 0.0, 0.0, 0.0, 1.0],
                [0.751536, -0.046686, 0.658038, -5e-06, 0.655807, 0.160978, -0.737566, 0.092836, -0.071496, 0.985853, 0.151598, 0.669, 0.0, 0.0, 0.0, 1.0],
                [0.652089, -0.039125, 0.757132, -5e-06, 0.756118, 0.106495, -0.645712, 0.063811, -0.055367, 0.993543, 0.099027, 0.678345, 0.0, 0.0, 0.0, 1.0],
                [0.5584, -0.026755, 0.82914, -5e-06, 0.828789, 0.061407, -0.556182, 0.038589, -0.036035, 0.997754, 0.056464, 0.686466, 0.0, 0.0, 0.0, 1.0],
                [0.48167, -0.013707, 0.876245, -5e-06, 0.87617, 0.027953, -0.481191, 0.018691, -0.017898, 0.999515, 0.025474, 0.692873, 0.0, 0.0, 0.0, 1.0],
                [0.430687, -0.003794, 0.902493, -5e-06, 0.902488, 0.007204, -0.430654, 0.005636, -0.004868, 0.999967, 0.006526, 0.697076, 0.0, 0.0, 0.0, 1.0],
                [0.412332, -0.0, 0.911034, -5e-06, 0.911034, 0.0, -0.412332, 0.000946, -0.0, 1.0, 0.0, 0.698586, 0.0, 0.0, 0.0, 1.0]
            ]
        },
        {
            "name": "Thigh_R",
            "time": [0.0, 0.0167, 0.0333, 0.05, 0.0667, 0.0833, 0.1, 0.1167, 0.1333, 0.15, 0.1667, 0.1833, 0.2, 0.2167, 0.2333, 0.25, 0.2667, 0.2833, 0.3, 0.3167, 0.3333, 0.35, 0.3667, 0.3833, 0.4, 0.4167, 0.4333, 0.45, 0.4667, 0.4833, 0.5, 0.5167],
            "transform": [
                [0.847498, 0.512722, 0.137343, 0.124994, 0.292796, -0.667393, 0.684731, -0.002831, 0.442738, -0.540096, -0.715737, -1.2e-05, 0.0, 0.0, 0.0, 1.0],
                [0.839336, 0.519978, 0.158549, 0.124994, 0.285226, -0.669529, 0.685841, -0.002831, 0.462775, -0.530429, -0.710271, -1.2e-05, 0.0, 0.0, 0.0, 1.0],
                [0.817528, 0.536011, 0.210571, 0.124994, 0.266991, -0.676749, 0.686095, -0.002831, 0.510258, -0.504682, -0.696371, -1.2e-05, 0.0, 0.0, 0.0, 1.0],
                [0.786197, 0.552396, 0.277044, 0.124994, 0.244723, -0.689958, 0.681225, -0.002831, 0.567454, -0.467779, -0.677627, -1.2e-05, 0.0, 0.0, 0.0, 1.0],
                [0.748646, 0.564207, 0.348137, 0.124994, 0.22255, -0.70852, 0.66968, -0.002831, 0.6245, -0.423876, -0.655995, -1.2e-05, 0.0, 0.0, 0.0, 1.0],
                [0.707258, 0.569544, 0.418815, 0.124994, 0.202328, -0.730712, 0.652015, -0.002831, 0.677384, -0.376405, -0.632037, -1.2e-05, 0.0, 0.0, 0.0, 1.0],
                [0.664212, 0.568195, 0.485775, 0.124994, 0.184785, -0.754457, 0.629801, -0.002831, 0.724346, -0.328558, -0.606113, -1.2e-05, 0.0, 0.0, 0.0, 1.0],
                [0.621997, 0.561094, 0.546162, 0.124994, 0.170141, -0.77769, 0.605187, -0.002831, 0.764311, -0.2835, -0.579186, -1.2e-05, 0.0, 0.0, 0.0, 1.0],
                [0.583535, 0.550161, 0.597335, 0.124994, 0.158334, -0.798516, 0.580778, -0.002831, 0.796503, -0.244326, -0.553071, -1.2e-05, 0.0, 0.0, 0.0, 1.0],
                [0.552059, 0.538121, 0.636911, 0.124994, 0.149124, -0.815267, 0.559556, -0.002831, 0.820361, -0.21393, -0.530322, -1.2e-05, 0.0, 0.0, 0.0, 1.0],
                [0.53093, 0.528156, 0.662695, 0.124994, 0.142213, -0.82646, 0.544737, -0.002831, 0.835397, -0.194973, -0.513903, -1.2e-05, 0.0, 0.0, 0.0, 1.0],
                [0.523485, 0.5233, 0.6724, 0.124994, 0.137433, -0.830695, 0.539498, -0.002831, 0.840878, -0.19001, -0.506774, -1.2e-05, 0.0, 0.0, 0.0, 1.0],
                [0.526841, 0.521418, 0.671239, 0.124994, 0.134501, -0.83092, 0.539891, -0.002831, 0.839255, -0.194155, -0.507894, -1.2e-05, 0.0, 0.0, 0.0, 1.0],
                [0.535761, 0.518678, 0.666284, 0.124994, 0.133166, -0.831118, 0.539916, -0.002831, 0.833803, -0.20054, -0.514351, -1.2e-05, 0.0, 0.0, 0.0, 1.0],
                [0.550186, 0.514872, 0.657421, 0.124994, 0.133615, -0.831428, 0.539328, -0.002831, 0.824283, -0.20889, -0.526234, -1.2e-05, 0.0, 0.0, 0.0, 1.0],
                [0.570302, 0.50967, 0.644199, 0.124994, 0.136106, -0.832027, 0.53778, -0.002831, 0.81008, -0.219018, -0.543876, -1.2e-05, 0.0, 0.0, 0.0, 1.0],
                [0.596471, 0.502607, 0.625787, 0.124994, 0.140939, -0.833138, 0.534806, -0.002831, 0.790164, -0.230799, -0.567779, -1.2e-05, 0.0, 0.0, 0.0, 1.0],
                [0.629143, 0.49306, 0.600892, 0.124994, 0.148416, -0.835039, 0.529794, -0.002831, 0.762989, -0.244134, -0.598537, -1.2e-05, 0.0, 0.0, 0.0, 1.0],
                [0.668709, 0.480208, 0.567653, 0.124994, 0.158776, -0.838078, 0.521934, -0.002831, 0.726374, -0.258892, -0.636676, -1.2e-05, 0.0, 0.0, 0.0, 1.0],
                [0.704942, 0.465355, 0.535258, 0.124994, 0.164621, -0.841409, 0.514715, -0.002831, 0.689896, -0.274729, -0.669752, -1.2e-05, 0.0, 0.0, 0.0, 1.0],
                [0.730624, 0.448675, 0.514664, 0.124994, 0.158992, -0.844856, 0.510823, -0.002831, 0.66401, -0.291393, -0.688608, -1.2e-05, 0.0, 0.0, 0.0, 1.0],
                [0.747599, 0.429071, 0.506945, 0.124994, 0.143504, -0.849627, 0.507485, -0.002831, 0.648462, -0.306646, -0.696754, -1.2e-05, 0.0, 0.0, 0.0, 1.0],
                [0.754995, 0.408533, 0.512917, 0.124994, 0.121413, -0.855775, 0.5029, -0.002831, 0.644393, -0.317412, -0.695707, -1.2e-05, 0.0, 0.0, 0.0, 1.0],
                [0.750847, 0.391287, 0.532093, 0.124994, 0.097884, -0.862649, 0.496243, -0.002831, 0.653183, -0.320519, -0.686018, -1.2e-05, 0.0, 0.0, 0.0, 1.0],
                [0.734033, 0.381065, 0.562125, 0.124994, 0.079009, -0.870032, 0.486623, -0.002831, 0.674502, -0.312785, -0.66874, -1.2e-05, 0.0, 0.0, 0.0, 1.0],
                [0.705798, 0.378178, 0.599025, 0.124994, 0.069711, -0.87856, 0.472518, -0.002831, 0.704975, -0.291744, -0.646448, -1.2e-05, 0.0, 0.0, 0.0, 1.0],
                [0.67004, 0.378728, 0.638445, 0.124994, 0.071872, -0.889118, 0.452, -0.002831, 0.738838, -0.256972, -0.622965, -1.2e-05, 0.0, 0.0, 0.0, 1.0],
                [0.632235, 0.376697, 0.677037, 0.124994, 0.083885, -0.901992, 0.423526, -0.002831, 0.770223, -0.210975, -0.60187, -1.2e-05, 0.0, 0.0, 0.0, 1.0],
                [0.597706, 0.367366, 0.712593, 0.124994, 0.101596, -0.916378, 0.387207, -0.002831, 0.795252, -0.15904, -0.585048, -1.2e-05, 0.0, 0.0, 0.0, 1.0],
                [0.570347, 0.350246, 0.742989, 0.124994, 0.119798, -0.930332, 0.346598, -0.002831, 0.812621, -0.108672, -0.572571, -1.2e-05, 0.0, 0.0, 0.0, 1.0],
                [0.552514, 0.331128, 0.764907, 0.124994, 0.133503, -0.94101, 0.31093, -0.002831, 0.822742, -0.069676, -0.564128, -1.2e-05, 0.0, 0.0, 0.0, 1.0],
                [0.546043, 0.321989, 0.773408, 0.124994, 0.138723, -0.945197, 0.295567, -0.002831, 0.826192, -0.054102, -0.560785, -1.2e-05, 0.0, 0.0, 0.0, 1.0]
            ]
        },
        {
            "name": "Leg_R",
            "time": [0.0, 0.0167, 0.0333, 0.05, 0.0667, 0.0833, 0.1, 0.1167, 0.1333, 0.15, 0.1667, 0.1833, 0.2, 0.2167, 0.2333, 0.25, 0.2667, 0.2833, 0.3, 0.3167, 0.3333, 0.35, 0.3667, 0.3833, 0.4, 0.4167, 0.4333, 0.45, 0.4667, 0.4833, 0.5, 0.5167],
            "transform": [
                [1.0, -1e-06, 1e-06, -0.0, -0.0, 0.596691, 0.802471, 0.374726, -1e-06, -0.802471, 0.596692, 0.0, 0.0, 0.0, 0.0, 1.0],
                [1.0, -1e-06, 1e-06, 0.0, -0.0, 0.60011, 0.799918, 0.374726, -1e-06, -0.799917, 0.60011, -0.0, 0.0, 0.0, 0.0, 1.0],
                [1.0, -1e-06, 1e-06, -0.0, -0.0, 0.609644, 0.792675, 0.374726, -1e-06, -0.792675, 0.609645, 0.0, 0.0, 0.0, 0.0, 1.0],
                [1.0, -1e-06, 1e-06, -0.0, -0.0, 0.624309, 0.781177, 0.374726, -1e-06, -0.781177, 0.62431, 0.0, 0.0, 0.0, 0.0, 1.0],
                [1.0, -1e-06, 1e-06, -0.0, -0.0, 0.643124, 0.765761, 0.374726, -1e-06, -0.765762, 0.643125, -0.0, 0.0, 0.0, 0.0, 1.0],
                [1.0, -1e-06, 1e-06, -0.0, -0.0, 0.664978, 0.746862, 0.374726, -1e-06, -0.746862, 0.664979, 0.0, 0.0, 0.0, 0.0, 1.0],
                [1.0, -1e-06, 1e-06, 0.0, -0.0, 0.688545, 0.725193, 0.374726, -1e-06, -0.725193, 0.688546, 0.0, 0.0, 0.0, 0.0, 1.0],
                [1.0, -1e-06, 1e-06, -0.0, -0.0, 0.712251, 0.701925, 0.374726, -1e-06, -0.701925, 0.712251, -0.0, 0.0, 0.0, 0.0, 1.0],
                [1.0, -0.0, 1e-06, 0.0, -0.0, 0.734295, 0.678831, 0.374726, -1e-06, -0.678831, 0.734295, 0.0, 0.0, 0.0, 0.0, 1.0],
                [1.0, -0.0, 1e-06, 0.0, -0.0, 0.752718, 0.658342, 0.374726, -1e-06, -0.658342, 0.752719, 0.0, 0.0, 0.0, 0.0, 1.0],
                [1.0, -1e-06, 1e-06, -0.0, -0.0, 0.765496, 0.643442, 0.374726, -1e-06, -0.643442, 0.765495, -0.0, 0.0, 0.0, 0.0, 1.0],
                [1.0, -1e-06, 1e-06, -0.0, -0.0, 0.770647, 0.637262, 0.374726, -1e-06, -0.637262, 0.770647, 0.0, 0.0, 0.0, 0.0, 1.0],
                [1.0, -1e-06, 1e-06, 0.0, -0.0, 0.771241, 0.636542, 0.374726, -1e-06, -0.636543, 0.771242, -0.0, 0.0, 0.0, 0.0, 1.0],
                [1.0, -0.0, 1e-06, -0.0, -0.0, 0.771632, 0.636069, 0.374726, -1e-06, -0.636069, 0.771632, -0.0, 0.0, 0.0, 0.0, 1.0],
                [1.0, -1e-06, 1e-06, -0.0, -0.0, 0.771886, 0.635761, 0.374726, -1e-06, -0.635761, 0.771886, 0.0, 0.0, 0.0, 0.0, 1.0],
                [1.0, -0.0, 1e-06, 0.0, -0.0, 0.772073, 0.635533, 0.374726, -1e-06, -0.635534, 0.772073, 0.0, 0.0, 0.0, 0.0, 1.0],
                [1.0, -0.0, 1e-06, 0.0, -0.0, 0.772262, 0.635303, 0.374726, -1e-06, -0.635304, 0.772263, 0.0, 0.0, 0.0, 0.0, 1.0],
                [1.0, -0.0, 1e-06, -0.0, -0.0, 0.772521, 0.634988, 0.374726, -1e-06, -0.634988, 0.772522, 0.0, 0.0, 0.0, 0.0, 1.0],
                [1.0, -1e-06, 1e-06, 0.0, -0.0, 0.772917, 0.634507, 0.374726, -1e-06, -0.634507, 0.772916, 0.0, 0.0, 0.0, 0.0, 1.0],
                [1.0, -0.0, 1e-06, 0.0, -0.0, 0.761662, 0.647975, 0.374726, -1e-06, -0.647976, 0.761662, -0.0, 0.0, 0.0, 0.0, 1.0],
                [1.0, -1e-06, 1e-06, 0.0, -0.0, 0.732125, 0.68117, 0.374726, -1e-06, -0.68117, 0.732126, -0.0, 0.0, 0.0, 0.0, 1.0],
                [1.0, -1e-06, 1e-06, -0.0, -0.0, 0.694217, 0.719766, 0.374726, -1e-06, -0.719767, 0.694216, -0.0, 0.0, 0.0, 0.0, 1.0],
                [1.0, -1e-06, 1e-06, -0.0, -0.0, 0.658348, 0.752713, 0.374726, -1e-06, -0.752713, 0.658348, 0.0, 0.0, 0.0, 0.0, 1.0],
                [1.0, -1e-06, 1e-06, -0.0, -0.0, 0.633321, 0.773889, 0.374726, -1e-06, -0.773889, 0.633322, -0.0, 0.0, 0.0, 0.0, 1.0],
                [1.0, -1e-06, 1e-06, 0.0, -0.0, 0.625213, 0.780454, 0.374726, -1e-06, -0.780454, 0.625213, -0.0, 0.0, 0.0, 0.0, 1.0],
                [1.0, -1e-06, 1e-06, -0.0, -0.0, 0.637049, 0.770823, 0.374726, -1e-06, -0.770823, 0.63705, 0.0, 0.0, 0.0, 0.0, 1.0],
                [1.0, -1e-06, 1e-06, -0.0, -0.0, 0.668723, 0.743512, 0.374726, -1e-06, -0.743512, 0.668722, -0.0, 0.0, 0.0, 0.0, 1.0],
                [1.0, -0.0, 1e-06, 0.0, -0.0, 0.716733, 0.697348, 0.374726, -1e-06, -0.697348, 0.716733, 0.0, 0.0, 0.0, 0.0, 1.0],
                [1.0, -0.0, 1e-06, -0.0, -0.0, 0.773916, 0.633287, 0.374726, -1e-06, -0.633287, 0.773917, 0.0, 0.0, 0.0, 0.0, 1.0],
                [1.0, -0.0, 1e-06, 0.0, -0.0, 0.829754, 0.558129, 0.374726, -1e-06, -0.558129, 0.829754, -0.0, 0.0, 0.0, 0.0, 1.0],
                [1.0, -0.0, 1e-06, -0.0, -0.0, 0.871745, 0.489959, 0.374726, -1e-06, -0.489959, 0.871745, -0.0, 0.0, 0.0, 0.0, 1.0],
                [1.0, -0.0, 1e-06, 0.0, -0.0, 0.887891, 0.460053, 0.374726, -1e-06, -0.460053, 0.887891, 0.0, 0.0, 0.0, 0.0, 1.0]
            ]
        },
        {
            "name": "Knee_R",
            "time": [0.0, 0.5167],
            "transform": [
                [1.0, 0.0, -0.0, -0.0, -0.0, 0.00567, -0.999984, 0.416374, -0.0, 0.999984, 0.00567, -0.000236, 0.0, 0.0, 0.0, 1.0],
                [1.0, 0.0, -0.0, 0.0, -0.0, 0.00567, -0.999984, 0.374726, -0.0, 0.999984, 0.00567, 0.0, 0.0, 0.0, 0.0, 1.0]
            ]
        },
        {
            "name": "Thigh_L",
            "time": [0.0, 0.0167, 0.0333, 0.05, 0.0667, 0.0833, 0.1, 0.1167, 0.1333, 0.15, 0.1667, 0.1833, 0.2, 0.2167, 0.2333, 0.25, 0.2667, 0.2833, 0.3, 0.3167, 0.3333, 0.35, 0.3667, 0.3833, 0.4, 0.4167, 0.4333, 0.45, 0.4667, 0.4833, 0.5, 0.5167],
            "transform": [
                [0.876875, -0.428495, 0.217903, -0.125006, -0.377646, -0.333555, 0.863785, -0.002831, -0.297445, -0.839722, -0.454305, -1.2e-05, 0.0, 0.0, 0.0, 1.0],
                [0.880715, -0.428566, 0.201676, -0.125006, -0.358102, -0.323802, 0.875737, -0.002831, -0.310008, -0.843495, -0.438648, -1.2e-05, 0.0, 0.0, 0.0, 1.0],
                [0.888841, -0.426059, 0.168629, -0.125006, -0.315155, -0.301287, 0.899946, -0.002831, -0.332625, -0.853053, -0.402071, -1.2e-05, 0.0, 0.0, 0.0, 1.0],
                [0.898271, -0.416558, 0.139959, -0.125006, -0.271848, -0.276515, 0.921758, -0.002831, -0.345265, -0.866036, -0.361627, -1.2e-05, 0.0, 0.0, 0.0, 1.0],
                [0.908867, -0.398333, 0.12366, -0.125006, -0.239842, -0.256574, 0.936293, -0.002831, -0.341229, -0.880625, -0.328729, -1.2e-05, 0.0, 0.0, 0.0, 1.0],
                [0.920317, -0.372752, 0.118623, -0.125006, -0.220842, -0.244811, 0.944085, -0.002831, -0.32287, -0.895055, -0.307623, -1.2e-05, 0.0, 0.0, 0.0, 1.0],
                [0.931486, -0.342909, 0.121433, -0.125006, -0.212478, -0.241914, 0.946748, -0.002831, -0.295272, -0.907685, -0.2982, -1.2e-05, 0.0, 0.0, 0.0, 1.0],
                [0.94114, -0.312426, 0.129018, -0.125006, -0.211515, -0.246606, 0.945752, -0.002831, -0.26366, -0.917374, -0.298174, -1.2e-05, 0.0, 0.0, 0.0, 1.0],
                [0.948494, -0.284722, 0.138893, -0.125006, -0.214889, -0.256108, 0.94246, -0.002831, -0.232768, -0.923765, -0.304101, -1.2e-05, 0.0, 0.0, 0.0, 1.0],
                [0.953352, -0.26263, 0.148812, -0.125006, -0.219928, -0.266641, 0.938368, -0.002831, -0.206764, -0.927323, -0.311963, -1.2e-05, 0.0, 0.0, 0.0, 1.0],
                [0.955936, -0.24832, 0.156599, -0.125006, -0.224388, -0.274055, 0.93517, -0.002831, -0.189305, -0.929102, -0.317699, -1.2e-05, 0.0, 0.0, 0.0, 1.0],
                [0.956547, -0.243562, 0.160296, -0.125006, -0.22651, -0.274544, 0.934516, -0.002831, -0.183604, -0.930217, -0.317783, -1.2e-05, 0.0, 0.0, 0.0, 1.0],
                [0.956175, -0.246204, 0.15847, -0.125006, -0.224687, -0.269966, 0.936287, -0.002831, -0.187736, -0.930861, -0.313454, -1.2e-05, 0.0, 0.0, 0.0, 1.0],
                [0.955648, -0.253011, 0.15074, -0.125006, -0.218173, -0.26437, 0.939419, -0.002831, -0.197832, -0.930642, -0.307845, -1.2e-05, 0.0, 0.0, 0.0, 1.0],
                [0.954647, -0.264639, 0.136435, -0.125006, -0.206389, -0.257907, 0.943868, -0.002831, -0.214597, -0.92922, -0.300829, -1.2e-05, 0.0, 0.0, 0.0, 1.0],
                [0.952467, -0.282596, 0.113778, -0.125006, -0.187817, -0.250665, 0.94968, -0.002831, -0.239855, -0.925909, -0.291827, -1.2e-05, 0.0, 0.0, 0.0, 1.0],
                [0.94751, -0.309756, 0.079221, -0.125006, -0.159356, -0.242715, 0.956919, -0.002831, -0.277184, -0.919315, -0.279337, -1.2e-05, 0.0, 0.0, 0.0, 1.0],
                [0.935811, -0.351547, 0.025919, -0.125006, -0.114779, -0.234366, 0.965349, -0.002831, -0.333291, -0.906359, -0.259673, -1.2e-05, 0.0, 0.0, 0.0, 1.0],
                [0.906276, -0.418474, -0.059532, -0.125006, -0.041037, -0.227285, 0.972963, -0.002831, -0.420691, -0.87933, -0.223156, -1.2e-05, 0.0, 0.0, 0.0, 1.0],
                [0.843637, -0.502118, -0.190142, -0.125006, 0.073961, -0.24208, 0.967433, -0.002831, -0.531796, -0.830225, -0.16709, -1.2e-05, 0.0, 0.0, 0.0, 1.0],
                [0.739437, -0.574482, -0.351005, -0.125006, 0.20859, -0.300219, 0.930784, -0.002831, -0.640097, -0.761472, -0.102162, -1.2e-05, 0.0, 0.0, 0.0, 1.0],
                [0.624836, -0.604897, -0.493639, -0.125006, 0.306694, -0.391274, 0.867665, -0.002831, -0.717997, -0.693545, -0.058964, -1.2e-05, 0.0, 0.0, 0.0, 1.0],
                [0.568919, -0.580226, -0.582811, -0.125006, 0.333078, -0.485384, 0.80837, -0.002831, -0.751924, -0.654019, -0.082884, -1.2e-05, 0.0, 0.0, 0.0, 1.0],
                [0.59397, -0.517291, -0.616125, -0.125006, 0.301116, -0.567236, 0.766533, -0.002831, -0.746009, -0.640823, -0.181156, -1.2e-05, 0.0, 0.0, 0.0, 1.0],
                [0.673743, -0.436733, -0.596101, -0.125006, 0.234487, -0.638628, 0.732919, -0.002831, -0.700776, -0.633576, -0.327863, -1.2e-05, 0.0, 0.0, 0.0, 1.0],
                [0.771676, -0.355646, -0.527288, -0.125006, 0.150686, -0.703211, 0.69483, -0.002831, -0.617908, -0.615638, -0.48906, -1.2e-05, 0.0, 0.0, 0.0, 1.0],
                [0.859596, -0.287421, -0.422474, -0.125006, 0.062587, -0.76135, 0.645313, -0.002831, -0.507127, -0.58115, -0.636465, -1.2e-05, 0.0, 0.0, 0.0, 1.0],
                [0.922853, -0.239751, -0.301434, -0.125006, -0.01991, -0.811283, 0.584315, -0.002831, -0.384638, -0.533235, -0.753468, -1.2e-05, 0.0, 0.0, 0.0, 1.0],
                [0.95923, -0.21362, -0.185049, -0.125006, -0.089725, -0.851055, 0.517354, -0.002831, -0.268004, -0.479658, -0.835525, -1.2e-05, 0.0, 0.0, 0.0, 1.0],
                [0.974714, -0.204429, -0.090231, -0.125006, -0.142453, -0.879572, 0.45394, -0.002831, -0.172163, -0.429608, -0.886452, -1.2e-05, 0.0, 0.0, 0.0, 1.0],
                [0.978489, -0.204368, -0.028168, -0.125006, -0.175584, -0.896683, 0.406362, -0.002831, -0.108305, -0.392674, -0.913278, -1.2e-05, 0.0, 0.0, 0.0, 1.0],
                [0.978628, -0.205554, -0.006017, -0.125006, -0.187177, -0.902493, 0.387908, -0.002831, -0.085166, -0.378491, -0.921679, -1.2e-05, 0.0, 0.0, 0.0, 1.0]
            ]
        },
        {
            "name": "Leg_L",
            "time": [0.0, 0.0167, 0.0333, 0.05, 0.0667, 0.0833, 0.1, 0.1167, 0.1333, 0.15, 0.1667, 0.1833, 0.2, 0.2167, 0.2333, 0.25, 0.2667, 0.2833, 0.3, 0.3167, 0.3333, 0.35, 0.3667, 0.3833, 0.4, 0.4167, 0.4333, 0.45, 0.4667, 0.4833, 0.5, 0.5167],
            "transform": [
                [1.0, -1e-06, 1e-06, -0.0, -0.0, 0.73343, 0.679765, 0.374726, -1e-06, -0.679765, 0.733431, 0.0, 0.0, 0.0, 0.0, 1.0],
                [1.0, -1e-06, 1e-06, 0.0, -0.0, 0.717465, 0.696594, 0.374726, -1e-06, -0.696594, 0.717465, 0.0, 0.0, 0.0, 0.0, 1.0],
                [1.0, -1e-06, 1e-06, -0.0, -0.0, 0.674937, 0.737875, 0.374726, -1e-06, -0.737875, 0.674937, 0.0, 0.0, 0.0, 0.0, 1.0],
                [1.0, -1e-06, 1e-06, -0.0, -0.0, 0.614771, 0.788705, 0.374726, -1e-06, -0.788705, 0.614771, -0.0, 0.0, 0.0, 0.0, 1.0],
                [1.0, -1e-06, 1e-06, -0.0, -0.0, 0.545902, 0.837849, 0.374726, -1e-06, -0.837849, 0.545902, 0.0, 0.0, 0.0, 0.0, 1.0],
                [1.0, -1e-06, 1e-06, -0.0, -0.0, 0.476179, 0.879348, 0.374726, -1e-06, -0.879348, 0.47618, -0.0, 0.0, 0.0, 0.0, 1.0],
                [1.0, -1e-06, 1e-06, -0.0, -0.0, 0.41172, 0.91131, 0.374726, -1e-06, -0.91131, 0.411721, 0.0, 0.0, 0.0, 0.0, 1.0],
                [1.0, -1e-06, 0.0, 0.0, -0.0, 0.356653, 0.934237, 0.374726, -1e-06, -0.934237, 0.356653, -0.0, 0.0, 0.0, 0.0, 1.0],
                [1.0, -1e-06, 0.0, -0.0, -0.0, 0.3132, 0.949687, 0.374726, -1e-06, -0.949687, 0.3132, -0.0, 0.0, 0.0, 0.0, 1.0],
                [1.0, -1e-06, 0.0, -0.0, -0.0, 0.282066, 0.959395, 0.374726, -1e-06, -0.959395, 0.282066, 0.0, 0.0, 0.0, 0.0, 1.0],
                [1.0, -1e-06, 0.0, 0.0, -0.0, 0.263098, 0.964769, 0.374726, -1e-06, -0.96477, 0.263098, 0.0, 0.0, 0.0, 0.0, 1.0],
                [1.0, -1e-06, 0.0, -0.0, -0.0, 0.256241, 0.966613, 0.374726, -1e-06, -0.966613, 0.256241, -0.0, 0.0, 0.0, 0.0, 1.0],
                [1.0, -1e-06, 0.0, 0.0, -0.0, 0.255785, 0.966733, 0.374726, -1e-06, -0.966734, 0.255785, -0.0, 0.0, 0.0, 0.0, 1.0],
                [1.0, -1e-06, 0.0, -0.0, -0.0, 0.25548, 0.966814, 0.374726, -1e-06, -0.966814, 0.25548, 0.0, 0.0, 0.0, 0.0, 1.0],
                [1.0, -1e-06, 0.0, -0.0, -0.0, 0.255271, 0.966869, 0.374726, -1e-06, -0.96687, 0.255271, 0.0, 0.0, 0.0, 0.0, 1.0],
                [1.0, -1e-06, 0.0, 0.0, -0.0, 0.255104, 0.966914, 0.374726, -1e-06, -0.966914, 0.255104, -0.0, 0.0, 0.0, 0.0, 1.0],
                [1.0, -1e-06, 0.0, -0.0, -0.0, 0.254925, 0.966961, 0.374726, -1e-06, -0.966961, 0.254925, -0.0, 0.0, 0.0, 0.0, 1.0],
                [1.0, -1e-06, 0.0, 0.0, -0.0, 0.25468, 0.967025, 0.374726, -1e-06, -0.967025, 0.25468, -0.0, 0.0, 0.0, 0.0, 1.0],
                [1.0, -1e-06, 0.0, 0.0, -0.0, 0.254313, 0.967122, 0.374726, -1e-06, -0.967122, 0.254313, 0.0, 0.0, 0.0, 0.0, 1.0],
                [1.0, -1e-06, 0.0, 0.0, -0.0, 0.260975, 0.965345, 0.374726, -1e-06, -0.965346, 0.260975, 0.0, 0.0, 0.0, 0.0, 1.0],
                [1.0, -1e-06, 0.0, -0.0, -0.0, 0.281356, 0.959603, 0.374726, -1e-06, -0.959603, 0.281356, 0.0, 0.0, 0.0, 0.0, 1.0],
                [1.0, -1e-06, 1e-06, -0.0, -0.0, 0.315291, 0.948995, 0.374726, -1e-06, -0.948995, 0.315291, -0.0, 0.0, 0.0, 0.0, 1.0],
                [1.0, -1e-06, 1e-06, 0.0, -0.0, 0.362156, 0.932117, 0.374726, -1e-06, -0.932117, 0.362156, 0.0, 0.0, 0.0, 0.0, 1.0],
                [1.0, -1e-06, 1e-06, 0.0, -0.0, 0.419914, 0.907564, 0.374726, -1e-06, -0.907564, 0.419914, 0.0, 0.0, 0.0, 0.0, 1.0],
                [1.0, -1e-06, 1e-06, 0.0, -0.0, 0.485152, 0.87443, 0.374726, -1e-06, -0.87443, 0.485153, 0.0, 0.0, 0.0, 0.0, 1.0],
                [1.0, -1e-06, 1e-06, -0.0, -0.0, 0.553919, 0.83257, 0.374726, -1e-06, -0.83257, 0.55392, 0.0, 0.0, 0.0, 0.0, 1.0],
                [1.0, -1e-06, 1e-06, 0.0, -0.0, 0.622647, 0.782503, 0.374726, -1e-06, -0.782503, 0.622647, -0.0, 0.0, 0.0, 0.0, 1.0],
                [1.0, -0.0, 1e-06, -0.0, -0.0, 0.688319, 0.725408, 0.374726, -1e-06, -0.725408, 0.688318, 0.0, 0.0, 0.0, 0.0, 1.0],
                [1.0, -0.0, 1e-06, -0.0, -0.0, 0.747783, 0.663942, 0.374726, -1e-06, -0.663942, 0.747784, -0.0, 0.0, 0.0, 0.0, 1.0],
                [1.0, -0.0, 1e-06, 0.0, -0.0, 0.796942, 0.604056, 0.374726, -1e-06, -0.604056, 0.796942, 0.0, 0.0, 0.0, 0.0, 1.0],
                [1.0, -0.0, 1e-06, 0.0, -0.0, 0.830553, 0.55694, 0.374726, -1e-06, -0.55694, 0.830553, -0.0, 0.0, 0.0, 0.0, 1.0],
                [1.0, -0.0, 1e-06, -0.0, -0.0, 0.842926, 0.538029, 0.374726, -1e-06, -0.538029, 0.842926, -0.0, 0.0, 0.0, 0.0, 1.0]
            ]
        },
        {
            "name": "Knee_L",
            "time": [0.0, 0.5167],
            "transform": [
                [1.0, 0.0, -0.0, -0.0, -0.0, 0.00567, -0.999984, 0.397048, -0.0, 0.999984, 0.00567, -0.000127, 0.0, 0.0, 0.0, 1.0],
                [1.0, 0.0, -0.0, -0.0, -0.0, 0.00567, -0.999984, 0.37821, -0.0, 0.999984, 0.00567, -2e-05, 0.0, 0.0, 0.0, 1.0]
            ]
        },
        {
            "name": "Torso",
            "time": [0.0, 0.0167, 0.0333, 0.05, 0.0667, 0.0833, 0.1, 0.1167, 0.1333, 0.15, 0.1667, 0.1833, 0.2, 0.2167, 0.2333, 0.25, 0.2667, 0.2833, 0.3, 0.3167, 0.3333, 0.35, 0.3667, 0.3833, 0.4, 0.4167, 0.4333, 0.45, 0.4667, 0.4833, 0.5, 0.5167],
            "transform": [
                [1.0, 0.0, 0.0, -0.0, 0.0, 1.0, -0.0, 0.05, -0.0, 0.0, 1.0, -0.0, 0.0, 0.0, 0.0, 1.0],
                [1.0, -0.0, 0.0, 0.0, -0.0, 1.0, 0.0, 0.05, -0.0, 0.0, 1.0, 0.0, 0.0, 0.0, 0.0, 1.0],
                [1.0, -0.0, 0.0, -0.0, 0.0, 1.0, 0.0, 0.05, -0.0, -0.0, 1.0, 0.0, 0.0, 0.0, 0.0, 1.0],
                [1.0, -0.0, 0.0, -0.0, 0.0, 1.0, 0.0, 0.05, 0.0, -0.0, 1.0, -0.0, 0.0, 0.0, 0.0, 1.0],
                [1.0, -0.0, 0.0, -0.0, -0.0, 1.0, 0.0, 0.05, 0.0, 0.0, 1.0, 0.0, 0.0, 0.0, 0.0, 1.0],
                [1.0, -0.0, 0.0, -0.0, -0.0, 1.0, 0.0, 0.05, -0.0, 0.0, 1.0, 0.0, 0.0, 0.0, 0.0, 1.0],
                [1.0, 0.0, 0.0, -0.0, 0.0, 1.0, -0.0, 0.05, -0.0, 0.0, 1.0, -0.0, 0.0, 0.0, 0.0, 1.0],
                [1.0, -0.0, -0.0, -0.0, -0.0, 1.0, -0.0, 0.05, 0.0, 0.0, 1.0, 0.0, 0.0, 0.0, 0.0, 1.0],
                [1.0, -0.0, -0.0, 0.0, -0.0, 1.0, -0.0, 0.05, -0.0, 0.0, 1.0, -0.0, 0.0, 0.0, 0.0, 1.0],
                [1.0, 0.0, 0.0, -0.0, 0.0, 1.0, 0.0, 0.05, 0.0, 0.0, 1.0, -0.0, 0.0, 0.0, 0.0, 1.0],
                [1.0, 0.0, -0.0, -0.0, 0.0, 1.0, -0.0, 0.05, -0.0, 0.0, 1.0, 0.0, 0.0, 0.0, 0.0, 1.0],
                [1.0, -0.0, -0.0, -0.0, -0.0, 1.0, -0.0, 0.05, -0.0, 0.0, 1.0, 0.0, 0.0, 0.0, 0.0, 1.0],
                [1.0, 0.0, -0.0, -0.0, -0.0, 1.0, 0.0, 0.05, 0.0, 0.0, 1.0, 0.0, 0.0, 0.0, 0.0, 1.0],
                [1.0, -0.0, 0.0, -0.0, -0.0, 1.0, -0.0, 0.05, 0.0, -0.0, 1.0, -0.0, 0.0, 0.0, 0.0, 1.0],
                [1.0, 0.0, 0.0, -0.0, -0.0, 1.0, -0.0, 0.05, 0.0, -0.0, 1.0, -0.0, 0.0, 0.0, 0.0, 1.0],
                [1.0, 0.0, 0.0, -0.0, 0.0, 1.0, -0.0, 0.05, 0.0, -0.0, 1.0, 0.0, 0.0, 0.0, 0.0, 1.0],
                [1.0, -0.0, 0.0, -0.0, -0.0, 1.0, -0.0, 0.05, -0.0, 0.0, 1.0, -0.0, 0.0, 0.0, 0.0, 1.0],
                [1.0, 0.0, -0.0, -0.0, -0.0, 1.0, -0.0, 0.05, -0.0, 0.0, 1.0, 0.0, 0.0, 0.0, 0.0, 1.0],
                [1.0, 0.0, -0.0, 0.0, -0.0, 1.0, -0.0, 0.05, 0.0, -0.0, 1.0, 0.0, 0.0, 0.0, 0.0, 1.0],
                [1.0, -0.0, 0.0, 0.0, 0.0, 1.0, 0.0, 0.05, 0.0, 0.0, 1.0, 0.0, 0.0, 0.0, 0.0, 1.0],
                [1.0, -0.0, 0.0, 0.0, 0.0, 1.0, 0.0, 0.05, -0.0, -0.0, 1.0, 0.0, 0.0, 0.0, 0.0, 1.0],
                [1.0, -0.0, 0.0, -0.0, -0.0, 1.0, -0.0, 0.05, 0.0, -0.0, 1.0, -0.0, 0.0, 0.0, 0.0, 1.0],
                [1.0, 0.0, 0.0, -0.0, 0.0, 1.0, 0.0, 0.05, 0.0, -0.0, 1.0, 0.0, 0.0, 0.0, 0.0, 1.0],
                [1.0, -0.0, 0.0, 0.0, -0.0, 1.0, -0.0, 0.05, 0.0, 0.0, 1.0, 0.0, 0.0, 0.0, 0.0, 1.0],
                [1.0, -0.0, 0.0, -0.0, 0.0, 1.0, -0.0, 0.05, -0.0, 0.0, 1.0, 0.0, 0.0, 0.0, 0.0, 1.0],
                [1.0, -0.0, 0.0, -0.0, 0.0, 1.0, 0.0, 0.05, 0.0, 0.0, 1.0, 0.0, 0.0, 0.0, 0.0, 1.0],
                [1.0, 0.0, 0.0, -0.0, 0.0, 1.0, 0.0, 0.05, 0.0, 0.0, 1.0, 0.0, 0.0, 0.0, 0.0, 1.0],
                [1.0, -0.0, -0.0, -0.0, -0.0, 1.0, 0.0, 0.05, -0.0, -0.0, 1.0, -0.0, 0.0, 0.0, 0.0, 1.0],
                [1.0, -0.0, 0.0, 0.0, 0.0, 1.0, 0.0, 0.05, -0.0, 0.0, 1.0, -0.0, 0.0, 0.0, 0.0, 1.0],
                [1.0, -0.0, 0.0, 0.0, -0.0, 1.0, 0.0, 0.05, 0.0, 0.0, 1.0, -0.0, 0.0, 0.0, 0.0, 1.0],
                [1.0, -0.0, 0.0, 0.0, -0.0, 1.0, 0.0, 0.05, -0.0, 0.0, 1.0, -0.0, 0.0, 0.0, 0.0, 1.0],
                [1.0, 0.0, -0.0, -0.0, 0.0, 1.0, -0.0, 0.05, -0.0, 0.0, 1.0, -0.0, 0.0, 0.0, 0.0, 1.0]
            ]
        },
        {
            "name": "Chest",
            "time": [0.0, 0.0167, 0.0333, 0.05, 0.0667, 0.0833, 0.1, 0.1167, 0.1333, 0.15, 0.1667, 0.1833, 0.2, 0.2167, 0.2333, 0.25, 0.2667, 0.2833, 0.3, 0.3167, 0.3333, 0.35, 0.3667, 0.3833, 0.4, 0.4167, 0.4333, 0.45, 0.4667, 0.4833, 0.5, 0.5167],
            "transform": [
                [1.0, 0.0, 0.0, 0.0, 0.0, 0.862189, 0.506587, 0.3, -0.0, -0.506587, 0.862189, 0.0, 0.0, 0.0, 0.0, 1.0],
                [1.0, -0.0, -0.0, 0.0, -0.0, 0.862189, 0.506587, 0.3, -0.0, -0.506587, 0.862189, -0.0, 0.0, 0.0, 0.0, 1.0],
                [1.0, -0.0, -0.0, -0.0, 0.0, 0.862189, 0.506587, 0.3, -0.0, -0.506587, 0.862189, -0.0, 0.0, 0.0, 0.0, 1.0],
                [1.0, -0.0, 0.0, -0.0, 0.0, 0.862189, 0.506587, 0.3, 0.0, -0.506587, 0.862189, 0.0, 0.0, 0.0, 0.0, 1.0],
                [1.0, -0.0, -0.0, -0.0, -0.0, 0.862189, 0.506587, 0.3, 0.0, -0.506587, 0.862189, 0.0, 0.0, 0.0, 0.0, 1.0],
                [1.0, -0.0, 0.0, -0.0, -0.0, 0.862189, 0.506587, 0.3, -0.0, -0.506587, 0.862189, 0.0, 0.0, 0.0, 0.0, 1.0],
                [1.0, 0.0, 0.0, 0.0, 0.0, 0.862189, 0.506587, 0.3, -0.0, -0.506587, 0.862189, 0.0, 0.0, 0.0, 0.0, 1.0],
                [1.0, 0.0, 0.0, -0.0, -0.0, 0.862189, 0.506587, 0.3, 0.0, -0.506586, 0.862189, 0.0, 0.0, 0.0, 0.0, 1.0],
                [1.0, 0.0, 0.0, -0.0, -0.0, 0.862189, 0.506587, 0.3, -0.0, -0.506587, 0.862189, 0.0, 0.0, 0.0, 0.0, 1.0],
                [1.0, 0.0, -0.0, -0.0, 0.0, 0.862189, 0.506587, 0.3, 0.0, -0.506587, 0.862189, -0.0, 0.0, 0.0, 0.0, 1.0],
                [1.0, 0.0, 0.0, -0.0, 0.0, 0.862189, 0.506587, 0.3, -0.0, -0.506587, 0.862189, 0.0, 0.0, 0.0, 0.0, 1.0],
                [1.0, -0.0, -0.0, 0.0, -0.0, 0.862189, 0.506587, 0.3, -0.0, -0.506587, 0.862189, 0.0, 0.0, 0.0, 0.0, 1.0],
                [1.0, 0.0, -0.0, 0.0, -0.0, 0.862189, 0.506587, 0.3, 0.0, -0.506587, 0.862189, 0.0, 0.0, 0.0, 0.0, 1.0],
                [1.0, -0.0, -0.0, 0.0, -0.0, 0.862189, 0.506587, 0.3, 0.0, -0.506587, 0.862189, -0.0, 0.0, 0.0, 0.0, 1.0],
                [1.0, -0.0, 0.0, -0.0, -0.0, 0.862189, 0.506587, 0.3, 0.0, -0.506587, 0.862189, 0.0, 0.0, 0.0, 0.0, 1.0],
                [1.0, -0.0, -0.0, 0.0, 0.0, 0.862189, 0.506587, 0.3, 0.0, -0.506587, 0.862189, -0.0, 0.0, 0.0, 0.0, 1.0],
                [1.0, 0.0, -0.0, 0.0, -0.0, 0.862189, 0.506587, 0.3, -0.0, -0.506587, 0.862189, 0.0, 0.0, 0.0, 0.0, 1.0],
                [1.0, 0.0, -0.0, -0.0, -0.0, 0.862189, 0.506587, 0.3, -0.0, -0.506587, 0.862189, 0.0, 0.0, 0.0, 0.0, 1.0],
                [1.0, 0.0, 0.0, 0.0, -0.0, 0.862189, 0.506587, 0.3, 0.0, -0.506587, 0.862189, -0.0, 0.0, 0.0, 0.0, 1.0],
                [0.999998, 0.002139, 0.000576, 0.0, -0.002139, 0.864587, 0.502478, 0.3, 0.000576, -0.502478, 0.86459, 0.0, 0.0, 0.0, 0.0, 1.0],
                [0.999965, 0.008111, 0.002128, 0.0, -0.008111, 0.871141, 0.490966, 0.3, 0.002128, -0.490965, 0.871177, 0.0, 0.0, 0.0, 0.0, 1.0],
                [0.999842, 0.017263, 0.004343, -0.0, -0.017263, 0.880779, 0.473213, 0.3, 0.004343, -0.473213, 0.880937, -0.0, 0.0, 0.0, 0.0, 1.0],
                [0.999557, 0.028939, 0.006887, 0.0, -0.028939, 0.892371, 0.450373, 0.3, 0.006887, -0.450373, 0.892814, -0.0, 0.0, 0.0, 0.0, 1.0],
                [0.999053, 0.042463, 0.009444, -0.0, -0.042463, 0.904828, 0.423655, 0.3, 0.009444, -0.423655, 0.905775, 0.0, 0.0, 0.0, 0.0, 1.0],
                [0.998298, 0.057131, 0.011752, -0.0, -0.057131, 0.917179, 0.394359, 0.3, 0.011752, -0.394359, 0.918881, 0.0, 0.0, 0.0, 0.0, 1.0],
                [0.997296, 0.072217, 0.013626, 0.0, -0.072217, 0.928637, 0.363892, 0.3, 0.013626, -0.363892, 0.931341, 0.0, 0.0, 0.0, 0.0, 1.0],
                [0.996098, 0.086976, 0.014974, 0.0, -0.086976, 0.938638, 0.333757, 0.3, 0.014974, -0.333757, 0.94254, 0.0, 0.0, 0.0, 0.0, 1.0],
                [0.994795, 0.100662, 0.015797, 0.0, -0.100662, 0.946849, 0.305522, 0.3, 0.015797, -0.305522, 0.952054, -0.0, 0.0, 0.0, 0.0, 1.0],
                [0.993515, 0.11254, 0.016179, 0.0, -0.11254, 0.953148, 0.280792, 0.3, 0.016179, -0.280792, 0.959632, -0.0, 0.0, 0.0, 0.0, 1.0],
                [0.99241, 0.121892, 0.016263, 0.0, -0.121892, 0.957565, 0.261174, 0.3, 0.016263, -0.261174, 0.965155, -0.0, 0.0, 0.0, 0.0, 1.0],
                [0.99164, 0.128014, 0.016213, -0.0, -0.128014, 0.960197, 0.248261, 0.3, 0.016213, -0.248261, 0.968557, -0.0, 0.0, 0.0, 0.0, 1.0],
                [0.991354, 0.13021, 0.016175, -0.0, -0.13021, 0.961091, 0.243615, 0.3, 0.016175, -0.243615, 0.969737, -0.0, 0.0, 0.0, 0.0, 1.0]
            ]
        },
        {
            "name": "Head",
            "time": [0.0, 0.0167, 0.0333, 0.05, 0.0667, 0.0833, 0.1, 0.1167, 0.1333, 0.15, 0.1667, 0.1833, 0.2, 0.2167, 0.2333, 0.25, 0.2667, 0.2833, 0.3, 0.3167, 0.3333, 0.35, 0.3667, 0.3833, 0.4, 0.4167, 0.4333, 0.45, 0.4667, 0.4833, 0.5, 0.5167],
            "transform": [
                [0.981224, -0.044228, 0.187733, -0.0, 0.161868, 0.718096, -0.676858, 0.4, -0.104874, 0.694537, 0.711772, -0.0, 0.0, 0.0, 0.0, 1.0],
                [0.981224, -0.044228, 0.187733, -0.0, 0.161868, 0.718096, -0.676858, 0.4, -0.104874, 0.694537, 0.711772, -0.0, 0.0, 0.0, 0.0, 1.0],
                [0.981224, -0.044228, 0.187733, -0.0, 0.161868, 0.718096, -0.676858, 0.4, -0.104874, 0.694537, 0.711772, -0.0, 0.0, 0.0, 0.0, 1.0],
                [0.981224, -0.044228, 0.187733, -0.0, 0.161868, 0.718096, -0.676858, 0.4, -0.104874, 0.694537, 0.711772, -0.0, 0.0, 0.0, 0.0, 1.0],
                [0.981224, -0.044228, 0.187733, 0.0, 0.161868, 0.718096, -0.676858, 0.4, -0.104874, 0.694537, 0.711772, 0.0, 0.0, 0.0, 0.0, 1.0],
                [0.981224, -0.044228, 0.187733, -0.0, 0.161868, 0.718096, -0.676858, 0.4, -0.104874, 0.694537, 0.711772, 0.0, 0.0, 0.0, 0.0, 1.0],
                [0.981224, -0.044228, 0.187733, -0.0, 0.161868, 0.718096, -0.676858, 0.4, -0.104874, 0.694537, 0.711772, -0.0, 0.0, 0.0, 0.0, 1.0],
                [0.981224, -0.044228, 0.187733, 0.0, 0.161868, 0.718096, -0.676858, 0.4, -0.104874, 0.694537, 0.711772, 0.0, 0.0, 0.0, 0.0, 1.0],
                [0.981224, -0.044228, 0.187733, -0.0, 0.161868, 0.718096, -0.676858, 0.4, -0.104874, 0.694537, 0.711772, -0.0, 0.0, 0.0, 0.0, 1.0],
                [0.981224, -0.044228, 0.187733, 0.0, 0.161868, 0.718096, -0.676858, 0.4, -0.104874, 0.694537, 0.711772, -0.0, 0.0, 0.0, 0.0, 1.0],
                [0.981224, -0.044228, 0.187733, 0.0, 0.161868, 0.718096, -0.676858, 0.4, -0.104874, 0.694537, 0.711772, -0.0, 0.0, 0.0, 0.0, 1.0],
                [0.981224, -0.044228, 0.187733, 0.0, 0.161868, 0.718096, -0.676858, 0.4, -0.104874, 0.694537, 0.711772, -0.0, 0.0, 0.0, 0.0, 1.0],
                [0.981224, -0.044228, 0.187733, -0.0, 0.161868, 0.718096, -0.676858, 0.4, -0.104874, 0.694537, 0.711772, 0.0, 0.0, 0.0, 0.0, 1.0],
                [0.981224, -0.044228, 0.187733, -0.0, 0.161868, 0.718096, -0.676858, 0.4, -0.104874, 0.694537, 0.711772, 0.0, 0.0, 0.0, 0.0, 1.0],
                [0.981224, -0.044228, 0.187733, 0.0, 0.161868, 0.718096, -0.676858, 0.4, -0.104874, 0.694537, 0.711772, 0.0, 0.0, 0.0, 0.0, 1.0],
                [0.981224, -0.044228, 0.187733, 0.0, 0.161868, 0.718096, -0.676858, 0.4, -0.104874, 0.694537, 0.711772, -0.0, 0.0, 0.0, 0.0, 1.0],
                [0.981224, -0.044228, 0.187733, 0.0, 0.161868, 0.718096, -0.676858, 0.4, -0.104874, 0.694537, 0.711772, 0.0, 0.0, 0.0, 0.0, 1.0],
                [0.981224, -0.044228, 0.187733, 0.0, 0.161868, 0.718096, -0.676858, 0.4, -0.104874, 0.694537, 0.711772, 0.0, 0.0, 0.0, 0.0, 1.0],
                [0.981224, -0.044228, 0.187733, 0.0, 0.161868, 0.718096, -0.676858, 0.4, -0.104874, 0.694537, 0.711772, -0.0, 0.0, 0.0, 0.0, 1.0],
                [0.983391, -0.048978, 0.174769, -0.0, 0.155606, 0.723185, -0.672897, 0.4, -0.093434, 0.688916, 0.718794, -0.0, 0.0, 0.0, 0.0, 1.0],
                [0.988493, -0.061747, 0.138091, -0.0, 0.138422, 0.737375, -0.661148, 0.4, -0.061001, 0.672655, 0.737438, 0.0, 0.0, 0.0, 0.0, 1.0],
                [0.993539, -0.079824, 0.080678, 0.0, 0.113047, 0.758999, -0.641203, 0.4, -0.010051, 0.64618, 0.763119, 0.0, 0.0, 0.0, 0.0, 1.0],
                [0.994965, -0.100057, 0.005779, -0.0, 0.082618, 0.786174, -0.612458, 0.4, 0.056737, 0.609851, 0.790482, 0.0, 0.0, 0.0, 0.0, 1.0],
                [0.989445, -0.119201, -0.082398, 0.0, 0.050524, 0.816725, -0.574811, 0.4, 0.135814, 0.564581, 0.814127, -0.0, 0.0, 0.0, 0.0, 1.0],
                [0.974729, -0.134399, -0.178441, 0.0, 0.02008, 0.848256, -0.529206, 0.4, 0.222488, 0.512249, 0.829518, 0.0, 0.0, 0.0, 0.0, 1.0],
                [0.950337, -0.143717, -0.276053, -0.0, -0.005971, 0.87841, -0.477869, 0.4, 0.311166, 0.455785, 0.833928, -0.0, 0.0, 0.0, 0.0, 1.0],
                [0.917868, -0.146545, -0.368841, -0.0, -0.025924, 0.905215, -0.424163, 0.4, 0.396039, 0.398888, 0.827068, 0.0, 0.0, 0.0, 0.0, 1.0],
                [0.880767, -0.143682, -0.451227, -0.0, -0.039352, 0.927356, -0.372106, 0.4, 0.471913, 0.345495, 0.81113, 0.0, 0.0, 0.0, 0.0, 1.0],
                [0.843673, -0.137074, -0.519062, -0.0, -0.047016, 0.944275, -0.325783, 0.4, 0.534794, 0.299259, 0.790215, -0.0, 0.0, 0.0, 0.0, 1.0],
                [0.811634, -0.12931, -0.569675, 0.0, -0.050472, 0.956023, -0.288915, 0.4, 0.581982, 0.263246, 0.769414, -0.0, 0.0, 0.0, 0.0, 1.0],
                [0.789451, -0.123066, -0.60135, -0.0, -0.05153, 0.962949, -0.264715, 0.4, 0.611647, 0.239968, 0.753859, 0.0, 0.0, 0.0, 0.0, 1.0],
                [0.781279, -0.120611, -0.612419, -0.0, -0.051682, 0.965284, -0.256037, 0.4, 0.622039, 0.231687, 0.747923, 0.0, 0.0, 0.0, 0.0, 1.0]
            ]
        },
        {
            "name": "Shoulder_R",
            "time": [0.0, 0.0167, 0.0333, 0.05, 0.0667, 0.0833, 0.1, 0.1167, 0.1333, 0.15, 0.1667, 0.1833, 0.2, 0.2167, 0.2333, 0.25, 0.2667, 0.2833, 0.3, 0.3167, 0.3333, 0.35, 0.3667, 0.3833, 0.4, 0.4167, 0.4333, 0.45, 0.4667, 0.4833, 0.5, 0.5167],
            "transform": [
