{
    "animation": [
        {
            "name": "Root",
            "time": [0.0, 0.0167, 0.0333, 0.05, 0.0667, 0.0833, 0.1, 0.1167, 0.1333, 0.15, 0.1667, 0.1833, 0.2, 0.2167, 0.2333, 0.25, 0.2667, 0.2833, 0.3, 0.3167, 0.3333, 0.35, 0.3667, 0.3833, 0.4, 0.4167, 0.4333, 0.45, 0.4667, 0.4833, 0.5, 0.5167, 0.5333, 0.55, 0.5667, 0.5833, 0.6, 0.6167, 0.6333, 0.65, 0.6667, 0.6833, 0.7, 0.7167, 0.7333, 0.75, 0.7667, 0.7833, 0.8, 0.8167, 0.8333, 0.85, 0.8667, 0.8833, 0.9, 0.9167, 0.9333, 0.95, 0.9667, 0.9833, 1.0, 1.0167, 1.0333, 1.05, 1.0667, 1.0833, 1.1, 1.1167, 1.1333, 1.15, 1.1667],
            "transform": [
                [0.412332, 0.0, 0.911034, -5e-06, 0.911034, 0.0, -0.412332, 0.000946, 0.0, 1.0, 0.0, 0.698586, 0.0, 0.0, 0.0, 1.0],
                [0.420176, 0.0, 0.907443, -5e-06, 0.907443, 0.0, -0.420176, 0.000681, 0.0, 1.0, 0.0, 0.695725, 0.0, 0.0, 0.0, 1.0],
                [0.441836, 0.0, 0.897096, -5e-06, 0.897096, 0.0, -0.441836, -0.000486, 0.0, 1.0, 0.0, 0.687961, 0.0, 0.0, 0.0, 1.0],
                [0.474345, 0.0, 0.880339, -5e-06, 0.880339, 0.0, -0.474345, -0.003115, 0.0, 1.0, 0.0, 0.676518, 0.0, 0.0, 0.0, 1.0],
                [0.514611, 0.0, 0.857424, -5e-06, 0.857424, 0.0, -0.514611, -0.007765, 0.0, 1.0, 0.0, 0.662624, 0.0, 0.0, 0.0, 1.0],
                [0.559524, 0.0, 0.828815, -5e-06, 0.828815, 0.0, -0.559524, -0.014994, 0.0, 1.0, 0.0, 0.647503, 0.0, 0.0, 0.0, 1.0],
                [0.606096, 0.0, 0.795392, -5e-06, 0.795392, 0.0, -0.606096, -0.025361, 0.0, 1.0, 0.0, 0.632383, 0.0, 0.0, 0.0, 1.0],
                [0.651613, 0.0, 0.758552, -5e-06, 0.758552, 0.0, -0.651613, -0.039425, 0.0, 1.0, 0.0, 0.618488, 0.0, 0.0, 0.0, 1.0],
                [0.69377, 0.0, 0.720197, -5e-06, 0.720197, 0.0, -0.69377, -0.057746, 0.0, 1.0, 0.0, 0.607046, 0.0, 0.0, 0.0, 1.0],
                [0.730749, 0.0, 0.682647, -5e-06, 0.682647, 0.0, -0.730749, -0.080882, 0.0, 1.0, 0.0, 0.599281, 0.0, 0.0, 0.0, 1.0],
                [0.761211, 0.0, 0.648504, -5e-06, 0.648504, 0.0, -0.761211, -0.109392, 0.0, 1.0, 0.0, 0.59642, 0.0, 0.0, 0.0, 1.0],
                [0.785072, 0.0, 0.619404, -5e-06, 0.619404, 0.0, -0.785072, -0.14368, 0.0, 1.0, 0.0, 0.602247, 0.0, 0.0, 0.0, 1.0],
                [0.803644, 0.0, 0.595111, -5e-06, 0.595111, 0.0, -0.803644, -0.18353, 0.0, 1.0, 0.0, 0.618713, 0.0, 0.0, 0.0, 1.0],
                [0.817885, 0.0, 0.575381, -5e-06, 0.575381, 0.0, -0.817885, -0.22857, 0.0, 1.0, 0.0, 0.644298, 0.0, 0.0, 0.0, 1.0],
                [0.828626, 0.0, 0.559803, -5e-06, 0.559803, 0.0, -0.828626, -0.278429, 0.0, 1.0, 0.0, 0.677484, 0.0, 0.0, 0.0, 1.0],
                [0.836582, 0.0, 0.547842, -5e-06, 0.547842, 0.0, -0.836582, -0.332736, 0.0, 1.0, 0.0, 0.716748, 0.0, 0.0, 0.0, 1.0],
                [0.842379, 0.0, 0.538886, -5e-06, 0.538886, 0.0, -0.842379, -0.39112, 0.0, 1.0, 0.0, 0.760573, 0.0, 0.0, 0.0, 1.0],
                [0.846574, 0.0, 0.532271, -5e-06, 0.532271, 0.0, -0.846574, -0.453209, 0.0, 1.0, 0.0, 0.807438, 0.0, 0.0, 0.0, 1.0],
                [0.849677, 0.0, 0.527304, -5e-06, 0.527304, 0.0, -0.849677, -0.518631, 0.0, 1.0, 0.0, 0.855822, 0.0, 0.0, 0.0, 1.0],
                [0.852166, 0.0, 0.523272, -5e-06, 0.523272, 0.0, -0.852166, -0.587016, 0.0, 1.0, 0.0, 0.904207, 0.0, 0.0, 0.0, 1.0],
                [0.854499, 0.0, 0.519454, -5e-06, 0.519454, 0.0, -0.854499, -0.657992, 0.0, 1.0, 0.0, 0.951072, 0.0, 0.0, 0.0, 1.0],
                [0.857118, 0.0, 0.51512, -5e-06, 0.51512, 0.0, -0.857118, -0.731189, 0.0, 1.0, 0.0, 0.994896, 0.0, 0.0, 0.0, 1.0],
                [0.860453, 0.0, 0.50953, -5e-06, 0.50953, 0.0, -0.860453, -0.806233, 0.0, 1.0, 0.0, 1.034161, 0.0, 0.0, 0.0, 1.0],
                [0.86491, 0.0, 0.501926, -5e-06, 0.501926, 0.0, -0.86491, -0.882755, 0.0, 1.0, 0.0, 1.067346, 0.0, 0.0, 0.0, 1.0],
                [0.870865, 0.0, 0.491523, -5e-06, 0.491523, 0.0, -0.870865, -0.960383, 0.0, 1.0, 0.0, 1.092932, 0.0, 0.0, 0.0, 1.0],
                [0.878636, 0.0, 0.477492, -5e-06, 0.477492, 0.0, -0.878636, -1.038746, 0.0, 1.0, 0.0, 1.109398, 0.0, 0.0, 0.0, 1.0],
                [0.888464, 0.0, 0.458946, -5e-06, 0.458946, 0.0, -0.888464, -1.117472, 0.0, 1.0, 0.0, 1.115224, 0.0, 0.0, 0.0, 1.0],
                [0.900367, 0.0, 0.435131, -5e-06, 0.435131, 0.0, -0.900367, -1.196167, 0.0, 1.0, 0.0, 1.11194, 0.0, 0.0, 0.0, 1.0],
                [0.913846, 0.0, 0.406061, -5e-06, 0.406061, 0.0, -0.913846, -1.274351, 0.0, 1.0, 0.0, 1.102529, 0.0, 0.0, 0.0, 1.0],
                [0.928247, 0.0, 0.371964, -5e-06, 0.371964, 0.0, -0.928247, -1.351518, 0.0, 1.0, 0.0, 1.087653, 0.0, 0.0, 0.0, 1.0],
                [0.942887, 0.0, 0.333112, -5e-06, 0.333112, 0.0, -0.942887, -1.427165, 0.0, 1.0, 0.0, 1.067976, 0.0, 0.0, 0.0, 1.0],
                [0.957076, 0.0, 0.289838, -5e-06, 0.289838, 0.0, -0.957076, -1.500787, 0.0, 1.0, 0.0, 1.04416, 0.0, 0.0, 0.0, 1.0],
                [0.970138, 0.0, 0.242554, -5e-06, 0.242554, 0.0, -0.970138, -1.57188, 0.0, 1.0, 0.0, 1.016868, 0.0, 0.0, 0.0, 1.0],
                [0.981442, 0.0, 0.191757, -5e-06, 0.191757, 0.0, -0.981442, -1.639941, 0.0, 1.0, 0.0, 0.986763, 0.0, 0.0, 0.0, 1.0],
                [0.990427, 0.0, 0.138036, -5e-06, 0.138036, 0.0, -0.990427, -1.704464, 0.0, 1.0, 0.0, 0.954508, 0.0, 0.0, 0.0, 1.0],
                [0.996628, 0.0, 0.082058, -5e-06, 0.082058, 0.0, -0.996628, -1.764946, 0.0, 1.0, 0.0, 0.920766, 0.0, 0.0, 0.0, 1.0],
                [0.999699, 0.0, 0.024554, -5e-06, 0.024554, 0.0, -0.999699, -1.820882, 0.0, 1.0, 0.0, 0.886198, 0.0, 0.0, 0.0, 1.0],
                [0.999432, 0.0, -0.033699, -5e-06, -0.033699, 0.0, -0.999432, -1.871769, 0.0, 1.0, 0.0, 0.851468, 0.0, 0.0, 0.0, 1.0],
                [0.995767, 0.0, -0.091911, -5e-06, -0.091911, 0.0, -0.995767, -1.917102, 0.0, 1.0, 0.0, 0.817239, 0.0, 0.0, 0.0, 1.0],
                [0.988791, 0.0, -0.149307, -5e-06, -0.149307, 0.0, -0.988791, -1.956378, 0.0, 1.0, 0.0, 0.784174, 0.0, 0.0, 0.0, 1.0],
                [0.978731, 0.0, -0.20515, -5e-06, -0.20515, 0.0, -0.978731, -1.989091, 0.0, 1.0, 0.0, 0.752934, 0.0, 0.0, 0.0, 1.0],
                [0.965939, 0.0, -0.258771, -5e-06, -0.258771, 0.0, -0.965939, -2.014738, 0.0, 1.0, 0.0, 0.724184, 0.0, 0.0, 0.0, 1.0],
                [0.950872, 0.0, -0.309584, -5e-06, -0.309584, 0.0, -0.950872, -2.032815, 0.0, 1.0, 0.0, 0.698586, 0.0, 0.0, 0.0, 1.0],
                [0.933958, 0.0, -0.357383, -5e-06, -0.357383, 0.0, -0.933958, -2.04501, 0.0, 1.0, 0.0, 0.676641, 0.0, 0.0, 0.0, 1.0],
                [0.915562, 0.0, -0.402176, -5e-06, -0.402176, 0.0, -0.915562, -2.053765, 0.0, 1.0, 0.0, 0.658205, 0.0, 0.0, 0.0, 1.0],
                [0.896149, 0.0, -0.443754, -5e-06, -0.443754, 0.0, -0.896149, -2.059702, 0.0, 1.0, 0.0, 0.642973, 0.0, 0.0, 0.0, 1.0],
                [0.876226, 0.0, -0.481901, -5e-06, -0.481901, 0.0, -0.876226, -2.063448, 0.0, 1.0, 0.0, 0.630641, 0.0, 0.0, 0.0, 1.0],
                [0.856348, 0.0, -0.5164, -5e-06, -0.5164, 0.0, -0.856348, -2.065624, 0.0, 1.0, 0.0, 0.620902, 0.0, 0.0, 0.0, 1.0],
                [0.837107, 0.0, -0.547039, -5e-06, -0.547039, 0.0, -0.837107, -2.066854, 0.0, 1.0, 0.0, 0.613452, 0.0, 0.0, 0.0, 1.0],
                [0.819128, 0.0, -0.57361, -5e-06, -0.57361, 0.0, -0.819128, -2.067762, 0.0, 1.0, 0.0, 0.607985, 0.0, 0.0, 0.0, 1.0],
                [0.803055, 0.0, -0.595905, -5e-06, -0.595905, 0.0, -0.803055, -2.068973, 0.0, 1.0, 0.0, 0.604197, 0.0, 0.0, 0.0, 1.0],
                [0.789533, 0.0, -0.613708, -5e-06, -0.613708, 0.0, -0.789533, -2.071109, 0.0, 1.0, 0.0, 0.601781, 0.0, 0.0, 0.0, 1.0],
                [0.779192, 0.0, -0.626786, -5e-06, -0.626786, 0.0, -0.779192, -2.074794, 0.0, 1.0, 0.0, 0.600434, 0.0, 0.0, 0.0, 1.0],
                [0.772618, 0.0, -0.634871, -5e-06, -0.634871, 0.0, -0.772618, -2.080652, 0.0, 1.0, 0.0, 0.599849, 0.0, 0.0, 0.0, 1.0],
                [0.770328, 0.0, -0.637648, -5e-06, -0.637648, 0.0, -0.770328, -2.089308, 0.0, 1.0, 0.0, 0.599722, 0.0, 0.0, 0.0, 1.0],
                [0.772597, 0.0, -0.634896, -5e-06, -0.634896, 0.0, -0.772597, -2.101195, 0.0, 1.0, 0.0, 0.6007, 0.0, 0.0, 0.0, 1.0],
                [0.77896, 0.0, -0.627073, -5e-06, -0.627073, 0.0, -0.77896, -2.115995, 0.0, 1.0, 0.0, 0.603465, 0.0, 0.0, 0.0, 1.0],
                [0.788699, 0.0, -0.61478, -5e-06, -0.61478, 0.0, -0.788699, -2.1332, 0.0, 1.0, 0.0, 0.60776, 0.0, 0.0, 0.0, 1.0],
                [0.801055, 0.0, -0.59859, -5e-06, -0.59859, 0.0, -0.801055, -2.152302, 0.0, 1.0, 0.0, 0.613331, 0.0, 0.0, 0.0, 1.0],
                [0.815262, 0.0, -0.579092, -5e-06, -0.579092, 0.0, -0.815262, -2.172794, 0.0, 1.0, 0.0, 0.619922, 0.0, 0.0, 0.0, 1.0],
                [0.830575, 0.0, -0.556907, -5e-06, -0.556907, 0.0, -0.830575, -2.194167, 0.0, 1.0, 0.0, 0.62728, 0.0, 0.0, 0.0, 1.0],
                [0.846294, 0.0, -0.532716, -5e-06, -0.532716, 0.0, -0.846294, -2.215915, 0.0, 1.0, 0.0, 0.635147, 0.0, 0.0, 0.0, 1.0],
                [0.861791, 0.0, -0.507264, -5e-06, -0.507264, 0.0, -0.861791, -2.237529, 0.0, 1.0, 0.0, 0.643269, 0.0, 0.0, 0.0, 1.0],
                [0.876522, 0.0, -0.481362, -5e-06, -0.481362, 0.0, -0.876522, -2.258502, 0.0, 1.0, 0.0, 0.651392, 0.0, 0.0, 0.0, 1.0],
                [0.890043, 0.0, -0.455877, -5e-06, -0.455877, 0.0, -0.890043, -2.278326, 0.0, 1.0, 0.0, 0.659259, 0.0, 0.0, 0.0, 1.0],
                [0.902007, 0.0, -0.431722, -5e-06, -0.431722, 0.0, -0.902007, -2.296493, 0.0, 1.0, 0.0, 0.666616, 0.0, 0.0, 0.0, 1.0],
                [0.912159, 0.0, -0.409836, -5e-06, -0.409836, 0.0, -0.912159, -2.312495, 0.0, 1.0, 0.0, 0.673208, 0.0, 0.0, 0.0, 1.0],
                [0.920316, 0.0, -0.391175, -5e-06, -0.391175, 0.0, -0.920316, -2.325825, 0.0, 1.0, 0.0, 0.678779, 0.0, 0.0, 0.0, 1.0],
                [0.926338, 0.0, -0.376694, -5e-06, -0.376694, 0.0, -0.926338, -2.335975, 0.0, 1.0, 0.0, 0.683074, 0.0, 0.0, 0.0, 1.0],
                [0.930089, 0.0, -0.367333, -5e-06, -0.367333, 0.0, -0.930089, -2.342438, 0.0, 1.0, 0.0, 0.685838, 0.0, 0.0, 0.0, 1.0],
                [0.931393, 0.0, -0.364014, -5e-06, -0.364014, 0.0, -0.931393, -2.344705, 0.0, 1.0, 0.0, 0.686816, 0.0, 0.0, 0.0, 1.0]
            ]
        },
        {
            "name": "Thigh_R",
            "time": [0.0, 0.0167, 0.0333, 0.05, 0.0667, 0.0833, 0.1, 0.1167, 0.1333, 0.15, 0.1667, 0.1833, 0.2, 0.2167, 0.2333, 0.25, 0.2667, 0.2833, 0.3, 0.3167, 0.3333, 0.35, 0.3667, 0.3833, 0.4, 0.4167, 0.4333, 0.45, 0.4667, 0.4833, 0.5, 0.5167, 0.5333, 0.55, 0.5667, 0.5833, 0.6, 0.6167, 0.6333, 0.65, 0.6667, 0.6833, 0.7, 0.7167, 0.7333, 0.75, 0.7667, 0.7833, 0.8, 0.8167, 0.8333, 0.85, 0.8667, 0.8833, 0.9, 0.9167, 0.9333, 0.95, 0.9667, 0.9833, 1.0, 1.0167, 1.0333, 1.05, 1.0667, 1.0833, 1.1, 1.1167, 1.1333, 1.15, 1.1667],
            "transform": [
                [0.546043, 0.321989, 0.773408, 0.124994, 0.138723, -0.945197, 0.295567, -0.002831, 0.826192, -0.054102, -0.560785, -1.2e-05, 0.0, 0.0, 0.0, 1.0],
                [0.543531, 0.333891, 0.770124, 0.124994, 0.144518, -0.941005, 0.30598, -0.002831, 0.826855, -0.055013, -0.559719, -1.2e-05, 0.0, 0.0, 0.0, 1.0],
                [0.537208, 0.36409, 0.76082, 0.124994, 0.16071, -0.929693, 0.331428, -0.002831, 0.827998, -0.055775, -0.557951, -1.2e-05, 0.0, 0.0, 0.0, 1.0],
                [0.52918, 0.404539, 0.745867, 0.124994, 0.185748, -0.91294, 0.363371, -0.002831, 0.827929, -0.053745, -0.558252, -1.2e-05, 0.0, 0.0, 0.0, 1.0],
                [0.521871, 0.449713, 0.724851, 0.124994, 0.217813, -0.891827, 0.396489, -0.002831, 0.824747, -0.049034, -0.563372, -1.2e-05, 0.0, 0.0, 0.0, 1.0],
                [0.517762, 0.49612, 0.696985, 0.124994, 0.254395, -0.867118, 0.428241, -0.002831, 0.816827, -0.044418, -0.57517, -1.2e-05, 0.0, 0.0, 0.0, 1.0],
                [0.519012, 0.541137, 0.661663, 0.124994, 0.292299, -0.83978, 0.457527, -0.002831, 0.803236, -0.044058, -0.594029, -1.2e-05, 0.0, 0.0, 0.0, 1.0],
                [0.527195, 0.582328, 0.618837, 0.124994, 0.327941, -0.811274, 0.484035, -0.002831, 0.783913, -0.052239, -0.618669, -1.2e-05, 0.0, 0.0, 0.0, 1.0],
                [0.543266, 0.617166, 0.569182, 0.124994, 0.357674, -0.783488, 0.50815, -0.002831, 0.75956, -0.072479, -0.646387, -1.2e-05, 0.0, 0.0, 0.0, 1.0],
                [0.567714, 0.642902, 0.514176, 0.124994, 0.377944, -0.75842, 0.530996, -0.002831, 0.731341, -0.107124, -0.673547, -1.2e-05, 0.0, 0.0, 0.0, 1.0],
                [0.600731, 0.656458, 0.456273, 0.124994, 0.38519, -0.737789, 0.554343, -0.002831, 0.700537, -0.157259, -0.696074, -1.2e-05, 0.0, 0.0, 0.0, 1.0],
                [0.633547, 0.661408, 0.401444, 0.124994, 0.382436, -0.718749, 0.58064, -0.002831, 0.672577, -0.214336, -0.708307, -1.2e-05, 0.0, 0.0, 0.0, 1.0],
                [0.659076, 0.66376, 0.353613, 0.124994, 0.375448, -0.697786, 0.610027, -0.002831, 0.651658, -0.269291, -0.709101, -1.2e-05, 0.0, 0.0, 0.0, 1.0],
                [0.679178, 0.663811, 0.313165, 0.124994, 0.364549, -0.67541, 0.641035, -0.002831, 0.637041, -0.321212, -0.700715, -1.2e-05, 0.0, 0.0, 0.0, 1.0],
                [0.695116, 0.661921, 0.280491, 0.124994, 0.350037, -0.652426, 0.672171, -0.002831, 0.627923, -0.369055, -0.685208, -1.2e-05, 0.0, 0.0, 0.0, 1.0],
                [0.70776, 0.658481, 0.255887, 0.124994, 0.332228, -0.629902, 0.702032, -0.002831, 0.623459, -0.411857, -0.664585, -1.2e-05, 0.0, 0.0, 0.0, 1.0],
                [0.717724, 0.65385, 0.239484, 0.124994, 0.311492, -0.609072, 0.729386, -0.002831, 0.622772, -0.448901, -0.640815, -1.2e-05, 0.0, 0.0, 0.0, 1.0],
                [0.72547, 0.648268, 0.231176, 0.124994, 0.288263, -0.591204, 0.753248, -0.002831, 0.624979, -0.47982, -0.615772, -1.2e-05, 0.0, 0.0, 0.0, 1.0],
                [0.731383, 0.641805, 0.230579, 0.124994, 0.263042, -0.577434, 0.772903, -0.002831, 0.629197, -0.504636, -0.591147, -1.2e-05, 0.0, 0.0, 0.0, 1.0],
                [0.735832, 0.634338, 0.236997, 0.124994, 0.236402, -0.568601, 0.787913, -0.002831, 0.634559, -0.523745, -0.568354, -1.2e-05, 0.0, 0.0, 0.0, 1.0],
                [0.739214, 0.62559, 0.249399, 0.124994, 0.208976, -0.565109, 0.798111, -0.002831, 0.640227, -0.537857, -0.54847, -1.2e-05, 0.0, 0.0, 0.0, 1.0],
                [0.741983, 0.615218, 0.266399, 0.124994, 0.181451, -0.566817, 0.803614, -0.002831, 0.645396, -0.54793, -0.5322, -1.2e-05, 0.0, 0.0, 0.0, 1.0],
                [0.74466, 0.602955, 0.286227, 0.124994, 0.15456, -0.572964, 0.804875, -0.002831, 0.649301, -0.55512, -0.519856, -1.2e-05, 0.0, 0.0, 0.0, 1.0],
                [0.747841, 0.588789, 0.306693, 0.124994, 0.129079, -0.582115, 0.802796, -0.002831, 0.651208, -0.560776, -0.511329, -1.2e-05, 0.0, 0.0, 0.0, 1.0],
                [0.752186, 0.573127, 0.325179, 0.124994, 0.10583, -0.592144, 0.798853, -0.002831, 0.650397, -0.566472, -0.506057, -1.2e-05, 0.0, 0.0, 0.0, 1.0],
                [0.758403, 0.556867, 0.33871, 0.124994, 0.085689, -0.600339, 0.795142, -0.002831, 0.646129, -0.574014, -0.503016, -1.2e-05, 0.0, 0.0, 0.0, 1.0],
                [0.767215, 0.541181, 0.344244, 0.124994, 0.069608, -0.6038, 0.79409, -0.002831, 0.637601, -0.585276, -0.500916, -1.2e-05, 0.0, 0.0, 0.0, 1.0],
                [0.779042, 0.520387, 0.349702, 0.124994, 0.057062, -0.614297, 0.787009, -0.002831, 0.62437, -0.593159, -0.508257, -1.2e-05, 0.0, 0.0, 0.0, 1.0],
                [0.793479, 0.489958, 0.361014, 0.124994, 0.047083, -0.640833, 0.766235, -0.002831, 0.606772, -0.590994, -0.531557, -1.2e-05, 0.0, 0.0, 0.0, 1.0],
                [0.810048, 0.45262, 0.372769, 0.124994, 0.039848, -0.676755, 0.735129, -0.002831, 0.585007, -0.580636, -0.56624, -1.2e-05, 0.0, 0.0, 0.0, 1.0],
                [0.82831, 0.411798, 0.3799, 0.124994, 0.035363, -0.715141, 0.698085, -0.002831, 0.559152, -0.564797, -0.606921, -1.2e-05, 0.0, 0.0, 0.0, 1.0],
                [0.847864, 0.372178, 0.377637, 0.124994, 0.033554, -0.748472, 0.662317, -0.002831, 0.529151, -0.548883, -0.647091, -1.2e-05, 0.0, 0.0, 0.0, 1.0],
                [0.868318, 0.339165, 0.361926, 0.124994, 0.034341, -0.769035, 0.638283, -0.002831, 0.494817, -0.541804, -0.679415, -1.2e-05, 0.0, 0.0, 0.0, 1.0],
                [0.890044, 0.315193, 0.329355, 0.124994, 0.040312, -0.774056, 0.631832, -0.002831, 0.454088, -0.549082, -0.701651, -1.2e-05, 0.0, 0.0, 0.0, 1.0],
                [0.912598, 0.294185, 0.283938, 0.124994, 0.052071, -0.772438, 0.632953, -0.002831, 0.40553, -0.562846, -0.720243, -1.2e-05, 0.0, 0.0, 0.0, 1.0],
                [0.934138, 0.270709, 0.232601, 0.124994, 0.066376, -0.772099, 0.632026, -0.002831, 0.350687, -0.57496, -0.739216, -1.2e-05, 0.0, 0.0, 0.0, 1.0],
                [0.952924, 0.242869, 0.181523, 0.124994, 0.079669, -0.778194, 0.622951, -0.002831, 0.292555, -0.579163, -0.760908, -1.2e-05, 0.0, 0.0, 0.0, 1.0],
                [0.967886, 0.210813, 0.136949, 0.124994, 0.088264, -0.79506, 0.600074, -0.002831, 0.235387, -0.568715, -0.788135, -1.2e-05, 0.0, 0.0, 0.0, 1.0],
                [0.979072, 0.175836, 0.102467, 0.124994, 0.089984, -0.825626, 0.556996, -0.002831, 0.18254, -0.536119, -0.82417, -1.2e-05, 0.0, 0.0, 0.0, 1.0],
                [0.987365, 0.14165, 0.071032, 0.124994, 0.088183, -0.863601, 0.496404, -0.002831, 0.131659, -0.483868, -0.865181, -1.2e-05, 0.0, 0.0, 0.0, 1.0],
                [0.993062, 0.112584, 0.033948, 0.124994, 0.087354, -0.899568, 0.427956, -0.002831, 0.07872, -0.422022, -0.903162, -1.2e-05, 0.0, 0.0, 0.0, 1.0],
                [0.995578, 0.09203, -0.018838, 0.124994, 0.091705, -0.908699, 0.407256, -0.002831, 0.020362, -0.407183, -0.91312, -1.2e-05, 0.0, 0.0, 0.0, 1.0],
                [0.993398, 0.068281, -0.092185, 0.124994, 0.105418, -0.86029, 0.498787, -0.002831, -0.045248, -0.505212, -0.861808, -1.2e-05, 0.0, 0.0, 0.0, 1.0],
                [0.985102, 0.036574, -0.168038, 0.124994, 0.12911, -0.802749, 0.582172, -0.002831, -0.1136, -0.595194, -0.795512, -1.2e-05, 0.0, 0.0, 0.0, 1.0],
                [0.970805, 0.005567, -0.239803, 0.124994, 0.159554, -0.761476, 0.628249, -0.002831, -0.179107, -0.648169, -0.740133, -1.2e-05, 0.0, 0.0, 0.0, 1.0],
                [0.950793, -0.022325, -0.309023, 0.124994, 0.195231, -0.731305, 0.653512, -0.002831, -0.240579, -0.681686, -0.690961, -1.2e-05, 0.0, 0.0, 0.0, 1.0],
                [0.925691, -0.04543, -0.375542, 0.124994, 0.234318, -0.710508, 0.663531, -0.002831, -0.29697, -0.702222, -0.647066, -1.2e-05, 0.0, 0.0, 0.0, 1.0],
                [0.896539, -0.062521, -0.438531, 0.124994, 0.274803, -0.697955, 0.661318, -0.002831, -0.347421, -0.713407, -0.608563, -1.2e-05, 0.0, 0.0, 0.0, 1.0],
                [0.864786, -0.072851, -0.496828, 0.124994, 0.314654, -0.692458, 0.649227, -0.002831, -0.391329, -0.717771, -0.575905, -1.2e-05, 0.0, 0.0, 0.0, 1.0],
                [0.832228, -0.076297, -0.549158, 0.124994, 0.351978, -0.692585, 0.629633, -0.002831, -0.428378, -0.71729, -0.549534, -1.2e-05, 0.0, 0.0, 0.0, 1.0],
                [0.80088, -0.073536, -0.594293, 0.124994, 0.385149, -0.69667, 0.605237, -0.002831, -0.458532, -0.713614, -0.529626, -1.2e-05, 0.0, 0.0, 0.0, 1.0],
                [0.772827, -0.066149, -0.63116, 0.124994, 0.412859, -0.702908, 0.579196, -0.002831, -0.481961, -0.708199, -0.515916, -1.2e-05, 0.0, 0.0, 0.0, 1.0],
                [0.750086, -0.056594, -0.658915, 0.124994, 0.434099, -0.70952, 0.555103, -0.002831, -0.498928, -0.702409, -0.507633, -1.2e-05, 0.0, 0.0, 0.0, 1.0],
                [0.734484, -0.047846, -0.676937, 0.124994, 0.448081, -0.714961, 0.536706, -0.002831, -0.509663, -0.697525, -0.503689, -1.2e-05, 0.0, 0.0, 0.0, 1.0],
                [0.727557, -0.042589, -0.684723, 0.124994, 0.454129, -0.718204, 0.52721, -0.002831, -0.514224, -0.694529, -0.503194, -1.2e-05, 0.0, 0.0, 0.0, 1.0],
                [0.729015, -0.039448, -0.68336, 0.124994, 0.452964, -0.72068, 0.524829, -0.002831, -0.513187, -0.692145, -0.507518, -1.2e-05, 0.0, 0.0, 0.0, 1.0],
                [0.737009, -0.035067, -0.674973, 0.124994, 0.446314, -0.724703, 0.524985, -0.002831, -0.507564, -0.688169, -0.518461, -1.2e-05, 0.0, 0.0, 0.0, 1.0],
                [0.750467, -0.028449, -0.660295, 0.124994, 0.434953, -0.73096, 0.525845, -0.002831, -0.497609, -0.681827, -0.536187, -1.2e-05, 0.0, 0.0, 0.0, 1.0],
                [0.768291, -0.019007, -0.639819, 0.124994, 0.419614, -0.73987, 0.525849, -0.002831, -0.483378, -0.672482, -0.560459, -1.2e-05, 0.0, 0.0, 0.0, 1.0],
                [0.78933, -0.006644, -0.613934, 0.124994, 0.401049, -0.751556, 0.523759, -0.002831, -0.464885, -0.659636, -0.590561, -1.2e-05, 0.0, 0.0, 0.0, 1.0],
                [0.812388, 0.008287, -0.583059, 0.124994, 0.380064, -0.765858, 0.518665, -0.002831, -0.442242, -0.642957, -0.625324, -1.2e-05, 0.0, 0.0, 0.0, 1.0],
                [0.836258, 0.025073, -0.547764, 0.124994, 0.357519, -0.782353, 0.510004, -0.002831, -0.415757, -0.622331, -0.663213, -1.2e-05, 0.0, 0.0, 0.0, 1.0],
                [0.859779, 0.042761, -0.508872, 0.124994, 0.334317, -0.800393, 0.497597, -0.002831, -0.38602, -0.597949, -0.702457, -1.2e-05, 0.0, 0.0, 0.0, 1.0],
                [0.88192, 0.060301, -0.467527, 0.124994, 0.311364, -0.819165, 0.481686, -0.002831, -0.353936, -0.570379, -0.741213, -1.2e-05, 0.0, 0.0, 0.0, 1.0],
                [0.901841, 0.076695, -0.425206, 0.124994, 0.289521, -0.837769, 0.462949, -0.002831, -0.320718, -0.540613, -0.777739, -1.2e-05, 0.0, 0.0, 0.0, 1.0],
                [0.918955, 0.091126, -0.38369, 0.124994, 0.269566, -0.855301, 0.442488, -0.002831, -0.287848, -0.510056, -0.810547, -1.1e-05, 0.0, 0.0, 0.0, 1.0],
                [0.932935, 0.103043, -0.344986, 0.124994, 0.252161, -0.870932, 0.421773, -0.002831, -0.256998, -0.480479, -0.838506, -1.2e-05, 0.0, 0.0, 0.0, 1.0],
                [0.943688, 0.112195, -0.311231, 0.124994, 0.237854, -0.883959, 0.402545, -0.002831, -0.229952, -0.453905, -0.860867, -1.2e-05, 0.0, 0.0, 0.0, 1.0],
                [0.951286, 0.118581, -0.284592, 0.124994, 0.227099, -0.893814, 0.386682, -0.002831, -0.208519, -0.432476, -0.877202, -1.2e-05, 0.0, 0.0, 0.0, 1.0],
                [0.955849, 0.122346, -0.267177, 0.124994, 0.220309, -0.900036, 0.37603, -0.002831, -0.194463, -0.41829, -0.887253, -1.2e-05, 0.0, 0.0, 0.0, 1.0],
                [0.957403, 0.123606, -0.260964, 0.124994, 0.217931, -0.902207, 0.372195, -0.002831, -0.189438, -0.413213, -0.890713, -1.2e-05, 0.0, 0.0, 0.0, 1.0]
            ]
        },
        {
            "name": "Leg_R",
            "time": [0.0, 0.0167, 0.0333, 0.05, 0.0667, 0.0833, 0.1, 0.1167, 0.1333, 0.15, 0.1667, 0.1833, 0.2, 0.2167, 0.2333, 0.25, 0.2667, 0.2833, 0.3, 0.3167, 0.3333, 0.35, 0.3667, 0.3833, 0.4, 0.4167, 0.4333, 0.45, 0.4667, 0.4833, 0.5, 0.5167, 0.5333, 0.55, 0.5667, 0.5833, 0.6, 0.6167, 0.6333, 0.65, 0.6667, 0.6833, 0.7, 0.7167, 0.7333, 0.75, 0.7667, 0.7833, 0.8, 0.8167, 0.8333, 0.85, 0.8667, 0.8833, 0.9, 0.9167, 0.9333, 0.95, 0.9667, 0.9833, 1.0, 1.0167, 1.0333, 1.05, 1.0667, 1.0833, 1.1, 1.1167, 1.1333, 1.15, 1.1667],
            "transform": [
                [1.0, -0.0, 1e-06, 0.0, -0.0, 0.887891, 0.460053, 0.374726, -1e-06, -0.460053, 0.887891, 0.0, 0.0, 0.0, 0.0, 1.0],
                [0.999999, -0.0, 1e-06, -0.0, -0.0, 0.875468, 0.483276, 0.374726, -1e-06, -0.483276, 0.875468, -0.0, 0.0, 0.0, 0.0, 1.0],
                [1.0, -0.0, 1e-06, 0.0, -0.0, 0.842388, 0.538873, 0.374726, -1e-06, -0.538872, 0.842388, -0.0, 0.0, 0.0, 0.0, 1.0],
                [1.0, -0.0, 1e-06, 0.0, -0.0, 0.795745, 0.605632, 0.374726, -1e-06, -0.605632, 0.795745, 0.0, 0.0, 0.0, 0.0, 1.0],
                [1.0, -0.0, 1e-06, 0.0, -0.0, 0.742484, 0.669864, 0.374726, -1e-06, -0.669863, 0.742484, 0.0, 0.0, 0.0, 0.0, 1.0],
                [1.0, -1e-06, 1e-06, -0.0, -0.0, 0.688262, 0.725461, 0.374726, -1e-06, -0.725461, 0.688262, 0.0, 0.0, 0.0, 0.0, 1.0],
                [1.0, -1e-06, 1e-06, 0.0, -0.0, 0.636786, 0.771041, 0.374726, -1e-06, -0.771041, 0.636786, 0.0, 0.0, 0.0, 0.0, 1.0],
                [1.0, -1e-06, 1e-06, -0.0, -0.0, 0.589595, 0.807699, 0.374726, -1e-06, -0.807699, 0.589595, -0.0, 0.0, 0.0, 0.0, 1.0],
                [1.0, -1e-06, 1e-06, -0.0, -0.0, 0.546295, 0.837592, 0.374726, -1e-06, -0.837593, 0.546295, 0.0, 0.0, 0.0, 0.0, 1.0],
                [1.0, -1e-06, 1e-06, 0.0, -0.0, 0.505253, 0.862971, 0.374726, -1e-06, -0.862971, 0.505253, 0.0, 0.0, 0.0, 0.0, 1.0],
                [1.0, -1e-06, 1e-06, 0.0, -0.0, 0.46479, 0.885421, 0.374726, -1e-06, -0.885421, 0.46479, 0.0, 0.0, 0.0, 0.0, 1.0],
                [1.0, -1e-06, 1e-06, 0.0, -0.0, 0.428696, 0.903449, 0.374726, -1e-06, -0.903449, 0.428696, -0.0, 0.0, 0.0, 0.0, 1.0],
                [1.0, -1e-06, 1e-06, -0.0, -0.0, 0.401485, 0.915865, 0.374726, -1e-06, -0.915866, 0.401485, -0.0, 0.0, 0.0, 0.0, 1.0],
                [1.0, -1e-06, 0.0, 0.0, -0.0, 0.383739, 0.923442, 0.374726, -1e-06, -0.923442, 0.38374, -0.0, 0.0, 0.0, 0.0, 1.0],
                [1.0, -1e-06, 1e-06, 0.0, -0.0, 0.376118, 0.926572, 0.374726, -1e-06, -0.926572, 0.376118, -0.0, 0.0, 0.0, 0.0, 1.0],
                [1.0, -1e-06, 1e-06, -0.0, -0.0, 0.37913, 0.925343, 0.374726, -1e-06, -0.925343, 0.379131, -0.0, 0.0, 0.0, 0.0, 1.0],
                [1.0, -1e-06, 1e-06, -0.0, -0.0, 0.39295, 0.91956, 0.374726, -1e-06, -0.91956, 0.39295, 0.0, 0.0, 0.0, 0.0, 1.0],
                [1.0, -1e-06, 1e-06, 0.0, -0.0, 0.417269, 0.908783, 0.374726, -1e-06, -0.908783, 0.417269, -0.0, 0.0, 0.0, 0.0, 1.0],
                [1.0, -1e-06, 1e-06, 0.0, -0.0, 0.451207, 0.892419, 0.374726, -1e-06, -0.892419, 0.451207, -0.0, 0.0, 0.0, 0.0, 1.0],
                [1.0, -1e-06, 1e-06, 0.0, -0.0, 0.493247, 0.869889, 0.374726, -1e-06, -0.869889, 0.493247, -0.0, 0.0, 0.0, 0.0, 1.0],
                [1.0, -1e-06, 1e-06, 0.0, -0.0, 0.541228, 0.840875, 0.374726, -1e-06, -0.840876, 0.541228, 0.0, 0.0, 0.0, 0.0, 1.0],
                [1.0, -1e-06, 1e-06, 0.0, -0.0, 0.592378, 0.80566, 0.374726, -1e-06, -0.80566, 0.592378, 0.0, 0.0, 0.0, 0.0, 1.0],
                [1.0, -0.0, 1e-06, -0.0, -0.0, 0.643392, 0.765537, 0.374726, -1e-06, -0.765537, 0.643392, 0.0, 0.0, 0.0, 0.0, 1.0],
                [1.0, -1e-06, 1e-06, -0.0, -0.0, 0.690551, 0.723284, 0.374726, -1e-06, -0.723284, 0.690551, 0.0, 0.0, 0.0, 0.0, 1.0],
                [1.0, -0.0, 1e-06, -0.0, -0.0, 0.729897, 0.683557, 0.374726, -1e-06, -0.683557, 0.729897, 0.0, 0.0, 0.0, 0.0, 1.0],
                [1.0, -0.0, 1e-06, -0.0, -0.0, 0.757434, 0.652911, 0.374726, -1e-06, -0.652911, 0.757434, 0.0, 0.0, 0.0, 0.0, 1.0],
                [1.0, -0.0, 1e-06, 0.0, -0.0, 0.769397, 0.63877, 0.374726, -1e-06, -0.63877, 0.769398, -0.0, 0.0, 0.0, 0.0, 1.0],
                [1.0, -0.0, 1e-06, 0.0, -0.0, 0.780946, 0.624599, 0.374726, -1e-06, -0.624599, 0.780946, -0.0, 0.0, 0.0, 0.0, 1.0],
                [1.0, -0.0, 1e-06, -0.0, -0.0, 0.804696, 0.593687, 0.374726, -1e-06, -0.593686, 0.804696, -0.0, 0.0, 0.0, 0.0, 1.0],
                [1.0, -0.0, 1e-06, -0.0, -0.0, 0.833891, 0.551928, 0.374726, -1e-06, -0.551928, 0.833891, 0.0, 0.0, 0.0, 0.0, 1.0],
                [1.0, -0.0, 1e-06, 0.0, -0.0, 0.86164, 0.50752, 0.374726, -1e-06, -0.50752, 0.86164, -0.0, 0.0, 0.0, 0.0, 1.0],
                [1.0, -0.0, 1e-06, -0.0, -0.0, 0.880299, 0.474419, 0.374726, -1e-06, -0.474419, 0.880299, 0.0, 0.0, 0.0, 0.0, 1.0],
                [1.0, -0.0, 1e-06, 0.0, -0.0, 0.881266, 0.472622, 0.374726, -1e-06, -0.472622, 0.881266, -0.0, 0.0, 0.0, 0.0, 1.0],
                [1.0, -0.0, 1e-06, -0.0, -0.0, 0.8603, 0.509788, 0.374726, -1e-06, -0.509788, 0.8603, 0.0, 0.0, 0.0, 0.0, 1.0],
                [1.0, -0.0, 1e-06, 0.0, -0.0, 0.828804, 0.559539, 0.374726, -1e-06, -0.559539, 0.828804, -0.0, 0.0, 0.0, 0.0, 1.0],
                [1.0, -0.0, 1e-06, -0.0, -0.0, 0.800424, 0.599434, 0.374726, -1e-06, -0.599433, 0.800425, 0.0, 0.0, 0.0, 0.0, 1.0],
                [1.0, -0.0, 1e-06, 0.0, -0.0, 0.787855, 0.61586, 0.374726, -1e-06, -0.61586, 0.787856, -0.0, 0.0, 0.0, 0.0, 1.0],
                [1.0, -0.0, 1e-06, 0.0, -0.0, 0.803202, 0.595707, 0.374726, -1e-06, -0.595707, 0.803202, 0.0, 0.0, 0.0, 0.0, 1.0],
                [1.0, -0.0, 1e-06, 0.0, -0.0, 0.85249, 0.522743, 0.374726, -1e-06, -0.522743, 0.85249, 0.0, 0.0, 0.0, 0.0, 1.0],
                [1.0, -0.0, 1e-06, -0.0, -0.0, 0.916433, 0.400188, 0.374726, -1e-06, -0.400188, 0.916433, -0.0, 0.0, 0.0, 0.0, 1.0],
                [1.0, -0.0, 1e-06, -0.0, -0.0, 0.968596, 0.248641, 0.374726, -1e-06, -0.248641, 0.968596, 0.0, 0.0, 0.0, 0.0, 1.0],
                [1.0, -0.0, 1e-06, 0.0, -0.0, 0.981617, 0.19086, 0.374726, -1e-06, -0.19086, 0.981617, 0.0, 0.0, 0.0, 0.0, 1.0],
                [1.0, -0.0, 1e-06, 0.0, -0.0, 0.929095, 0.36984, 0.374726, -1e-06, -0.36984, 0.929095, 0.0, 0.0, 0.0, 0.0, 1.0],
                [1.0, -0.0, 1e-06, 0.0, -0.0, 0.848261, 0.529579, 0.374726, -1e-06, -0.529579, 0.848261, -0.0, 0.0, 0.0, 0.0, 1.0],
                [1.0, -0.0, 1e-06, -0.0, -0.0, 0.790089, 0.612992, 0.374726, -1e-06, -0.612992, 0.790089, -0.0, 0.0, 0.0, 0.0, 1.0],
                [1.0, -0.0, 1e-06, -0.0, -0.0, 0.75195, 0.65922, 0.374726, -1e-06, -0.659221, 0.75195, -0.0, 0.0, 0.0, 0.0, 1.0],
                [1.0, -1e-06, 1e-06, -0.0, -0.0, 0.731246, 0.682114, 0.374726, -1e-06, -0.682114, 0.731246, -0.0, 0.0, 0.0, 0.0, 1.0],
                [1.0, -1e-06, 1e-06, 0.0, -0.0, 0.725192, 0.688547, 0.374726, -1e-06, -0.688547, 0.725192, -0.0, 0.0, 0.0, 0.0, 1.0],
                [1.0, -0.0, 1e-06, 0.0, -0.0, 0.730671, 0.68273, 0.374726, -1e-06, -0.68273, 0.730671, -0.0, 0.0, 0.0, 0.0, 1.0],
                [1.0, -1e-06, 1e-06, -0.0, -0.0, 0.744149, 0.668013, 0.374726, -1e-06, -0.668013, 0.74415, -0.0, 0.0, 0.0, 0.0, 1.0],
                [1.0, -1e-06, 1e-06, 0.0, -0.0, 0.761679, 0.647954, 0.374726, -1e-06, -0.647955, 0.761679, 0.0, 0.0, 0.0, 0.0, 1.0],
                [1.0, -0.0, 1e-06, 0.0, -0.0, 0.778966, 0.627065, 0.374726, -1e-06, -0.627065, 0.778966, 0.0, 0.0, 0.0, 0.0, 1.0],
                [1.0, -0.0, 1e-06, -0.0, -0.0, 0.791536, 0.611122, 0.374726, -1e-06, -0.611122, 0.791536, 0.0, 0.0, 0.0, 0.0, 1.0],
                [1.0, -0.0, 1e-06, -0.0, -0.0, 0.794959, 0.606663, 0.374726, -1e-06, -0.606663, 0.794959, 0.0, 0.0, 0.0, 0.0, 1.0],
                [1.0, -0.0, 1e-06, 0.0, -0.0, 0.785166, 0.619285, 0.374726, -1e-06, -0.619285, 0.785166, 0.0, 0.0, 0.0, 0.0, 1.0],
                [1.0, -1e-06, 1e-06, 0.0, -0.0, 0.763489, 0.645821, 0.374726, -1e-06, -0.64582, 0.76349, -0.0, 0.0, 0.0, 0.0, 1.0],
                [1.0, -0.0, 1e-06, 0.0, -0.0, 0.735323, 0.677716, 0.374726, -1e-06, -0.677716, 0.735324, 0.0, 0.0, 0.0, 0.0, 1.0],
                [1.0, -0.0, 1e-06, 0.0, -0.0, 0.703317, 0.710876, 0.374726, -1e-06, -0.710876, 0.703317, -0.0, 0.0, 0.0, 0.0, 1.0],
                [1.0, -1e-06, 1e-06, 0.0, -0.0, 0.670107, 0.742264, 0.374726, -1e-06, -0.742264, 0.670107, -0.0, 0.0, 0.0, 0.0, 1.0],
                [1.0, -1e-06, 1e-06, -0.0, -0.0, 0.638111, 0.769944, 0.374726, -1e-06, -0.769944, 0.638111, 0.0, 0.0, 0.0, 0.0, 1.0],
                [1.0, -1e-06, 1e-06, -0.0, -0.0, 0.609373, 0.792884, 0.374726, -1e-06, -0.792884, 0.609373, 0.0, 0.0, 0.0, 0.0, 1.0],
                [1.0, -1e-06, 1e-06, 0.0, -0.0, 0.585434, 0.81072, 0.374726, -1e-06, -0.81072, 0.585434, -0.0, 0.0, 0.0, 0.0, 1.0],
                [1.0, -1e-06, 1e-06, 0.0, -0.0, 0.567257, 0.82354, 0.374726, -1e-06, -0.82354, 0.567257, 0.0, 0.0, 0.0, 0.0, 1.0],
                [1.0, -1e-06, 1e-06, -0.0, -0.0, 0.555192, 0.831722, 0.374726, -1e-06, -0.831721, 0.555193, -0.0, 0.0, 0.0, 0.0, 1.0],
                [1.0, -1e-06, 1e-06, -0.0, -0.0, 0.548982, 0.835834, 0.374726, -1e-06, -0.835834, 0.548982, 0.0, 0.0, 0.0, 0.0, 1.0],
                [1.0, -1e-06, 1e-06, -0.0, -0.0, 0.547819, 0.836596, 0.374726, -1e-06, -0.836597, 0.547819, 0.0, 0.0, 0.0, 0.0, 1.0],
                [1.0, -1e-06, 1e-06, -0.0, -0.0, 0.550438, 0.834876, 0.374726, -1e-06, -0.834876, 0.550437, 0.0, 0.0, 0.0, 0.0, 1.0],
                [1.0, -1e-06, 1e-06, -0.0, -0.0, 0.555254, 0.831681, 0.374726, -1e-06, -0.831681, 0.555254, 1e-06, 0.0, 0.0, 0.0, 1.0],
                [1.0, -1e-06, 1e-06, -0.0, -0.0, 0.560542, 0.828126, 0.374726, -1e-06, -0.828126, 0.560542, -0.0, 0.0, 0.0, 0.0, 1.0],
                [1.0, -1e-06, 1e-06, -0.0, -0.0, 0.564642, 0.825335, 0.374726, -1e-06, -0.825336, 0.564642, -0.0, 0.0, 0.0, 0.0, 1.0],
                [1.0, -1e-06, 1e-06, 0.0, -0.0, 0.566216, 0.824257, 0.374726, -1e-06, -0.824257, 0.566216, -0.0, 0.0, 0.0, 0.0, 1.0]
            ]
        },
        {
            "name": "Knee_R",
            "time": [0.0, 1.1667],
            "transform": [
                [1.0, 0.0, -0.0, 0.0, -0.0, 0.00567, -0.999984, 0.374726, -0.0, 0.999984, 0.00567, 0.0, 0.0, 0.0, 0.0, 1.0],
                [1.0, 0.0, -0.0, 0.0, -0.0, 0.00567, -0.999984, 0.420309, -0.0, 0.999984, 0.00567, -0.000259, 0.0, 0.0, 0.0, 1.0]
            ]
        },
        {
            "name": "Thigh_L",
            "time": [0.0, 0.0167, 0.0333, 0.05, 0.0667, 0.0833, 0.1, 0.1167, 0.1333, 0.15, 0.1667, 0.1833, 0.2, 0.2167, 0.2333, 0.25, 0.2667, 0.2833, 0.3, 0.3167, 0.3333, 0.35, 0.3667, 0.3833, 0.4, 0.4167, 0.4333, 0.45, 0.4667, 0.4833, 0.5, 0.5167, 0.5333, 0.55, 0.5667, 0.5833, 0.6, 0.6167, 0.6333, 0.65, 0.6667, 0.6833, 0.7, 0.7167, 0.7333, 0.75, 0.7667, 0.7833, 0.8, 0.8167, 0.8333, 0.85, 0.8667, 0.8833, 0.9, 0.9167, 0.9333, 0.95, 0.9667, 0.9833, 1.0, 1.0167, 1.0333, 1.05, 1.0667, 1.0833, 1.1, 1.1167, 1.1333, 1.15, 1.1667],
            "transform": [
                [0.978627, -0.205554, -0.006017, -0.125006, -0.187177, -0.902493, 0.387908, -0.002831, -0.085166, -0.378491, -0.921679, -1.2e-05, 0.0, 0.0, 0.0, 1.0],
                [0.978232, -0.207486, -0.003261, -0.125006, -0.189044, -0.897541, 0.398349, -0.002831, -0.085578, -0.389062, -0.917228, -1.2e-05, 0.0, 0.0, 0.0, 1.0],
                [0.977238, -0.212111, 0.004112, -0.125006, -0.193742, -0.88438, 0.42466, -0.002831, -0.086439, -0.415791, -0.905344, -1.2e-05, 0.0, 0.0, 0.0, 1.0],
                [0.975941, -0.217523, 0.014925, -0.125006, -0.199971, -0.865704, 0.458878, -0.002831, -0.086896, -0.450823, -0.888374, -1.2e-05, 0.0, 0.0, 0.0, 1.0],
                [0.974673, -0.221853, 0.028172, -0.125006, -0.206393, -0.843858, 0.495284, -0.002831, -0.086107, -0.488555, -0.868274, -1.2e-05, 0.0, 0.0, 0.0, 1.0],
                [0.973774, -0.223482, 0.042659, -0.125006, -0.211579, -0.82056, 0.530957, -0.002831, -0.083655, -0.526058, -0.846324, -1.2e-05, 0.0, 0.0, 0.0, 1.0],
                [0.973561, -0.221285, 0.056682, -0.125006, -0.214009, -0.796808, 0.565064, -0.002831, -0.079876, -0.562254, -0.823098, -1.2e-05, 0.0, 0.0, 0.0, 1.0],
                [0.974282, -0.214839, 0.06796, -0.125006, -0.212139, -0.772843, 0.59809, -0.002831, -0.075971, -0.597125, -0.798543, -1.2e-05, 0.0, 0.0, 0.0, 1.0],
                [0.976089, -0.204471, 0.073766, -0.125006, -0.204439, -0.748241, 0.631142, -0.002831, -0.073855, -0.631132, -0.772152, -1.2e-05, 0.0, 0.0, 0.0, 1.0],
                [0.978987, -0.191102, 0.071161, -0.125006, -0.189337, -0.722236, 0.665227, -0.002831, -0.075732, -0.664723, -0.743242, -1.2e-05, 0.0, 0.0, 0.0, 1.0],
                [0.982745, -0.175926, 0.057122, -0.125006, -0.165011, -0.694327, 0.700486, -0.002831, -0.083573, -0.697825, -0.711376, -1.2e-05, 0.0, 0.0, 0.0, 1.0],
                [0.986804, -0.156662, 0.040916, -0.125006, -0.13598, -0.664654, 0.734673, -0.002831, -0.087901, -0.730542, -0.677186, -1.2e-05, 0.0, 0.0, 0.0, 1.0],
                [0.990758, -0.131993, 0.031255, -0.125006, -0.108532, -0.633193, 0.766347, -0.002831, -0.081362, -0.762656, -0.641667, -1.2e-05, 0.0, 0.0, 0.0, 1.0],
                [0.99422, -0.104429, 0.0249, -0.125006, -0.082973, -0.600277, 0.795476, -0.002831, -0.068124, -0.792945, -0.605472, -1.2e-05, 0.0, 0.0, 0.0, 1.0],
                [0.996906, -0.076114, 0.0196, -0.125006, -0.059419, -0.566615, 0.821837, -0.002831, -0.051448, -0.82046, -0.569385, -1.2e-05, 0.0, 0.0, 0.0, 1.0],
                [0.998715, -0.048693, 0.01403, -0.125006, -0.037866, -0.533138, 0.84518, -0.002831, -0.033675, -0.844626, -0.534297, -1.2e-05, 0.0, 0.0, 0.0, 1.0],
                [0.999699, -0.023343, 0.007596, -0.125006, -0.018269, -0.500834, 0.86535, -0.002831, -0.016396, -0.865229, -0.50111, -1.2e-05, 0.0, 0.0, 0.0, 1.0],
                [1.0, -0.00087, 0.000233, -0.125006, -0.000615, -0.470621, 0.882335, -0.002831, -0.000658, -0.882336, -0.470621, -1.2e-05, 0.0, 0.0, 0.0, 1.0],
                [0.999805, 0.018176, -0.007778, -0.125006, 0.015031, -0.443275, 0.89626, -0.002831, 0.012843, -0.896202, -0.443462, -1.2e-05, 0.0, 0.0, 0.0, 1.0],
                [0.999315, 0.033396, -0.015942, -0.125006, 0.028491, -0.419412, 0.907349, -0.002831, 0.023616, -0.907182, -0.420077, -1.2e-05, 0.0, 0.0, 0.0, 1.0],
                [0.998731, 0.044464, -0.023648, -0.125006, 0.039473, -0.399514, 0.915877, -0.002831, 0.031276, -0.915648, -0.400762, -1.2e-05, 0.0, 0.0, 0.0, 1.0],
                [0.998238, 0.051056, -0.030236, -0.125006, 0.04757, -0.38399, 0.922111, -0.002831, 0.035469, -0.921925, -0.385742, -1.2e-05, 0.0, 0.0, 0.0, 1.0],
                [0.99799, 0.0528, -0.035055, -0.125006, 0.052283, -0.373266, 0.92625, -0.002831, 0.035821, -0.926221, -0.375276, -1.2e-05, 0.0, 0.0, 0.0, 1.0],
                [0.998082, 0.049221, -0.037533, -0.125006, 0.053054, -0.36789, 0.928354, -0.002831, 0.031886, -0.928566, -0.369796, -1.2e-05, 0.0, 0.0, 0.0, 1.0],
                [0.998518, 0.039672, -0.037269, -0.125006, 0.049294, -0.368636, 0.928266, -0.002831, 0.023087, -0.928727, -0.370046, -1.2e-05, 0.0, 0.0, 0.0, 1.0],
                [0.999145, 0.023258, -0.034178, -0.125006, 0.040425, -0.376591, 0.925497, -0.002831, 0.008655, -0.926088, -0.377209, -1.2e-05, 0.0, 0.0, 0.0, 1.0],
                [0.999587, -0.001265, -0.028712, -0.125006, 0.025902, -0.393195, 0.91909, -0.002831, -0.012452, -0.919454, -0.393, -1.2e-05, 0.0, 0.0, 0.0, 1.0],
                [0.999152, -0.035506, -0.020849, -0.125006, 0.003787, -0.424978, 0.905196, -0.002831, -0.041, -0.904507, -0.424483, -1.2e-05, 0.0, 0.0, 0.0, 1.0],
                [0.996703, -0.079958, -0.013762, -0.125006, -0.02593, -0.474661, 0.879787, -0.002831, -0.076878, -0.87653, -0.475169, -1.2e-05, 0.0, 0.0, 0.0, 1.0],
                [0.990898, -0.133899, -0.013879, -0.125006, -0.060814, -0.537244, 0.841232, -0.002831, -0.120096, -0.832731, -0.540496, -1.2e-05, 0.0, 0.0, 0.0, 1.0],
                [0.980395, -0.195122, -0.027421, -0.125006, -0.098703, -0.606775, 0.788722, -0.002831, -0.170535, -0.770553, -0.614139, -1.2e-05, 0.0, 0.0, 0.0, 1.0],
                [0.963887, -0.259629, -0.059284, -0.125006, -0.137941, -0.677156, 0.722795, -0.002831, -0.227803, -0.688515, -0.688515, -1.2e-05, 0.0, 0.0, 0.0, 1.0],
                [0.940086, -0.321933, -0.11224, -0.125006, -0.177402, -0.743025, 0.645324, -0.002831, -0.291149, -0.586748, -0.755619, -1.2e-05, 0.0, 0.0, 0.0, 1.0],
                [0.907756, -0.37573, -0.186565, -0.125006, -0.216378, -0.800375, 0.55909, -0.002831, -0.359388, -0.467149, -0.807844, -1.2e-05, 0.0, 0.0, 0.0, 1.0],
                [0.865833, -0.414646, -0.280007, -0.125006, -0.254399, -0.84674, 0.46724, -0.002831, -0.430832, -0.333318, -0.83862, -1.2e-05, 0.0, 0.0, 0.0, 1.0],
                [0.813682, -0.432924, -0.387943, -0.125006, -0.291051, -0.881088, 0.372791, -0.002831, -0.503202, -0.190422, -0.842928, -1.2e-05, 0.0, 0.0, 0.0, 1.0],
                [0.751526, -0.426098, -0.503635, -0.125006, -0.325826, -0.903556, 0.27825, -0.002831, -0.573625, -0.045015, -0.81788, -1.2e-05, 0.0, 0.0, 0.0, 1.0],
                [0.681012, -0.391768, -0.618661, -0.125006, -0.358044, -0.915119, 0.18537, -0.002831, -0.63877, 0.095269, -0.763477, -1.2e-05, 0.0, 0.0, 0.0, 1.0],
                [0.605785, -0.330747, -0.723624, -0.125006, -0.386869, -0.917192, 0.095351, -0.002831, -0.695239, 0.222186, -0.683576, -1.2e-05, 0.0, 0.0, 0.0, 1.0],
                [0.531804, -0.250586, -0.808944, -0.125006, -0.411428, -0.911365, 0.011837, -0.002831, -0.74021, 0.326527, -0.587766, -1.2e-05, 0.0, 0.0, 0.0, 1.0],
                [0.467027, -0.192718, -0.862986, -0.125006, -0.430961, -0.901809, -0.031838, -0.002831, -0.772113, 0.386783, -0.504223, -1.2e-05, 0.0, 0.0, 0.0, 1.0],
