{
    "animation": [
        {
            "name": "Root",
            "time": [0.0, 0.0167, 0.0333, 0.05, 0.0667, 0.0833, 0.1, 0.1167, 0.1333, 0.15, 0.1667, 0.1833, 0.2, 0.2167, 0.2333, 0.25, 0.2667],
            "transform": [
                [0.446565, 0.0, -0.894751, 0.044593, -0.894751, 0.0, -0.446565, -0.233295, 0.0, 1.0, 0.0, 0.627589, 0.0, 0.0, 0.0, 1.0],
                [0.446565, 0.0, -0.894751, 0.044593, -0.894751, 0.0, -0.446565, -0.232764, 0.0, 1.0, 0.0, 0.625996, 0.0, 0.0, 0.0, 1.0],
                [0.446565, 0.0, -0.894751, 0.044593, -0.894751, 0.0, -0.446565, -0.232233, 0.0, 1.0, 0.0, 0.624404, 0.0, 0.0, 0.0, 1.0],
                [0.446565, 0.0, -0.894751, 0.044593, -0.894751, 0.0, -0.446565, -0.231702, 0.0, 1.0, 0.0, 0.622811, 0.0, 0.0, 0.0, 1.0],
                [0.446565, 0.0, -0.894751, 0.044593, -0.894751, 0.0, -0.446565, -0.231171, 0.0, 1.0, 0.0, 0.621219, 0.0, 0.0, 0.0, 1.0],
                [0.446565, 0.0, -0.894751, 0.044593, -0.894751, 0.0, -0.446565, -0.23064, 0.0, 1.0, 0.0, 0.619626, 0.0, 0.0, 0.0, 1.0],
                [0.446565, 0.0, -0.894751, 0.044593, -0.894751, 0.0, -0.446565, -0.23011, 0.0, 1.0, 0.0, 0.618034, 0.0, 0.0, 0.0, 1.0],
                [0.446565, 0.0, -0.894751, 0.044593, -0.894751, 0.0, -0.446565, -0.229579, 0.0, 1.0, 0.0, 0.616441, 0.0, 0.0, 0.0, 1.0],
                [0.446565, 0.0, -0.894751, 0.044593, -0.894751, 0.0, -0.446565, -0.229048, 0.0, 1.0, 0.0, 0.614849, 0.0, 0.0, 0.0, 1.0],
                [0.446565, 0.0, -0.894751, 0.044593, -0.894751, 0.0, -0.446565, -0.229579, 0.0, 1.0, 0.0, 0.616441, 0.0, 0.0, 0.0, 1.0],
                [0.446565, 0.0, -0.894751, 0.044593, -0.894751, 0.0, -0.446565, -0.23011, 0.0, 1.0, 0.0, 0.618034, 0.0, 0.0, 0.0, 1.0],
                [0.446565, 0.0, -0.894751, 0.044593, -0.894751, 0.0, -0.446565, -0.23064, 0.0, 1.0, 0.0, 0.619626, 0.0, 0.0, 0.0, 1.0],
                [0.446565, 0.0, -0.894751, 0.044593, -0.894751, 0.0, -0.446565, -0.231171, 0.0, 1.0, 0.0, 0.621219, 0.0, 0.0, 0.0, 1.0],
                [0.446565, 0.0, -0.894751, 0.044593, -0.894751, 0.0, -0.446565, -0.231702, 0.0, 1.0, 0.0, 0.622811, 0.0, 0.0, 0.0, 1.0],
                [0.446565, 0.0, -0.894751, 0.044593, -0.894751, 0.0, -0.446565, -0.232233, 0.0, 1.0, 0.0, 0.624404, 0.0, 0.0, 0.0, 1.0],
                [0.446565, 0.0, -0.894751, 0.044593, -0.894751, 0.0, -0.446565, -0.232764, 0.0, 1.0, 0.0, 0.625996, 0.0, 0.0, 0.0, 1.0],
                [0.446565, 0.0, -0.894751, 0.044593, -0.894751, 0.0, -0.446565, -0.233295, 0.0, 1.0, 0.0, 0.627589, 0.0, 0.0, 0.0, 1.0]
            ]
        },
        {
            "name": "Thigh_R",
            "time": [0.0, 0.0167, 0.0333, 0.05, 0.0667, 0.0833, 0.1, 0.1167, 0.1333, 0.15, 0.1667, 0.1833, 0.2, 0.2167, 0.2333, 0.25, 0.2667],
            "transform": [
                [0.756128, 0.639931, 0.136953, 0.124994, 0.536463, -0.725965, 0.430326, -0.002831, 0.374803, -0.251911, -0.892224, -1.2e-05, 0.0, 0.0, 0.0, 1.0],
                [0.754298, 0.642409, 0.13544, 0.124994, 0.537746, -0.722883, 0.433899, -0.002831, 0.376648, -0.254456, -0.890724, -1.2e-05, 0.0, 0.0, 0.0, 1.0],
                [0.752456, 0.644879, 0.133934, 0.124994, 0.539027, -0.719794, 0.43743, -0.002831, 0.378495, -0.256953, -0.889223, -1.2e-05, 0.0, 0.0, 0.0, 1.0],
                [0.750604, 0.647343, 0.132435, 0.124994, 0.540307, -0.716697, 0.440922, -0.002831, 0.380343, -0.259402, -0.887722, -1.2e-05, 0.0, 0.0, 0.0, 1.0],
                [0.748741, 0.649799, 0.13094, 0.124994, 0.541585, -0.713593, 0.444375, -0.002831, 0.382193, -0.261806, -0.886221, -1.2e-05, 0.0, 0.0, 0.0, 1.0],
                [0.746867, 0.65225, 0.129451, 0.124994, 0.542862, -0.710481, 0.447789, -0.002831, 0.384044, -0.264164, -0.884719, -1.2e-05, 0.0, 0.0, 0.0, 1.0],
                [0.744982, 0.654694, 0.127967, 0.124994, 0.544137, -0.707362, 0.451167, -0.002831, 0.385896, -0.266479, -0.883218, -1.2e-05, 0.0, 0.0, 0.0, 1.0],
                [0.743087, 0.657131, 0.126487, 0.124994, 0.545411, -0.704236, 0.454508, -0.002831, 0.387748, -0.268751, -0.881717, -1.2e-05, 0.0, 0.0, 0.0, 1.0],
                [0.74118, 0.659563, 0.125011, 0.124994, 0.546683, -0.701101, 0.457814, -0.002831, 0.389603, -0.27098, -0.880216, -1.2e-05, 0.0, 0.0, 0.0, 1.0],
                [0.743087, 0.657131, 0.126487, 0.124994, 0.545411, -0.704236, 0.454508, -0.002831, 0.387748, -0.268751, -0.881717, -1.2e-05, 0.0, 0.0, 0.0, 1.0],
                [0.744982, 0.654694, 0.127967, 0.124994, 0.544137, -0.707362, 0.451167, -0.002831, 0.385896, -0.266479, -0.883218, -1.2e-05, 0.0, 0.0, 0.0, 1.0],
                [0.746867, 0.65225, 0.129451, 0.124994, 0.542862, -0.710481, 0.447789, -0.002831, 0.384044, -0.264164, -0.884719, -1.2e-05, 0.0, 0.0, 0.0, 1.0],
                [0.748741, 0.649799, 0.13094, 0.124994, 0.541585, -0.713593, 0.444375, -0.002831, 0.382193, -0.261806, -0.886221, -1.2e-05, 0.0, 0.0, 0.0, 1.0],
                [0.750604, 0.647343, 0.132435, 0.124994, 0.540307, -0.716697, 0.440922, -0.002831, 0.380343, -0.259402, -0.887722, -1.2e-05, 0.0, 0.0, 0.0, 1.0],
                [0.752456, 0.644879, 0.133934, 0.124994, 0.539027, -0.719794, 0.43743, -0.002831, 0.378495, -0.256953, -0.889223, -1.2e-05, 0.0, 0.0, 0.0, 1.0],
                [0.754298, 0.642409, 0.13544, 0.124994, 0.537746, -0.722883, 0.433899, -0.002831, 0.376648, -0.254456, -0.890724, -1.2e-05, 0.0, 0.0, 0.0, 1.0],
                [0.756128, 0.639931, 0.136953, 0.124994, 0.536463, -0.725965, 0.430326, -0.002831, 0.374803, -0.251911, -0.892224, -1.2e-05, 0.0, 0.0, 0.0, 1.0]
            ]
        },
        {
            "name": "Leg_R",
            "time": [0.0, 0.0167, 0.0333, 0.05, 0.0667, 0.0833, 0.1, 0.1167, 0.1333, 0.15, 0.1667, 0.1833, 0.2, 0.2167, 0.2333, 0.25, 0.2667],
            "transform": [
                [1.0, -0.0, 1e-06, 0.0, -0.0, 0.719169, 0.694836, 0.374726, -1e-06, -0.694838, 0.719165, -0.0, 0.0, 0.0, 0.0, 1.0],
                [1.0, -0.0, 1e-06, 0.0, -0.0, 0.713998, 0.700149, 0.374726, -1e-06, -0.70015, 0.713994, 0.0, 0.0, 0.0, 0.0, 1.0],
                [1.0, -0.0, 1e-06, -0.0, -0.0, 0.708848, 0.705363, 0.374726, -1e-06, -0.705365, 0.708843, 0.0, 0.0, 0.0, 0.0, 1.0],
                [1.0, -0.0, 1e-06, 0.0, -0.0, 0.703717, 0.710482, 0.374726, -1e-06, -0.710483, 0.703712, 0.0, 0.0, 0.0, 0.0, 1.0],
                [1.0, -1e-06, 1e-06, -0.0, -0.0, 0.698606, 0.715508, 0.374726, -1e-06, -0.715509, 0.698602, 0.0, 0.0, 0.0, 0.0, 1.0],
                [1.0, -0.0, 1e-06, -0.0, -0.0, 0.693515, 0.720443, 0.374726, -1e-06, -0.720444, 0.693511, 0.0, 0.0, 0.0, 0.0, 1.0],
                [1.0, -0.0, 1e-06, -0.0, -0.0, 0.688445, 0.72529, 0.374726, -1e-06, -0.725291, 0.688441, 0.0, 0.0, 0.0, 0.0, 1.0],
                [1.0, -1e-06, 1e-06, -0.0, -0.0, 0.683395, 0.73005, 0.374726, -1e-06, -0.730052, 0.68339, 0.0, 0.0, 0.0, 0.0, 1.0],
                [1.0, -1e-06, 1e-06, -0.0, -0.0, 0.678364, 0.734727, 0.374726, -1e-06, -0.734728, 0.67836, -0.0, 0.0, 0.0, 0.0, 1.0],
                [1.0, -1e-06, 1e-06, -0.0, -0.0, 0.683395, 0.73005, 0.374726, -1e-06, -0.730052, 0.68339, 0.0, 0.0, 0.0, 0.0, 1.0],
                [1.0, -0.0, 1e-06, -0.0, -0.0, 0.688445, 0.72529, 0.374726, -1e-06, -0.725291, 0.688441, 0.0, 0.0, 0.0, 0.0, 1.0],
                [1.0, -0.0, 1e-06, -0.0, -0.0, 0.693515, 0.720443, 0.374726, -1e-06, -0.720444, 0.693511, 0.0, 0.0, 0.0, 0.0, 1.0],
                [1.0, -1e-06, 1e-06, -0.0, -0.0, 0.698606, 0.715508, 0.374726, -1e-06, -0.715509, 0.698602, 0.0, 0.0, 0.0, 0.0, 1.0],
                [1.0, -0.0, 1e-06, 0.0, -0.0, 0.703717, 0.710482, 0.374726, -1e-06, -0.710483, 0.703712, 0.0, 0.0, 0.0, 0.0, 1.0],
                [1.0, -0.0, 1e-06, -0.0, -0.0, 0.708848, 0.705363, 0.374726, -1e-06, -0.705365, 0.708843, 0.0, 0.0, 0.0, 0.0, 1.0],
                [1.0, -0.0, 1e-06, 0.0, -0.0, 0.713998, 0.700149, 0.374726, -1e-06, -0.70015, 0.713994, 0.0, 0.0, 0.0, 0.0, 1.0],
                [1.0, -0.0, 1e-06, 0.0, -0.0, 0.719169, 0.694836, 0.374726, -1e-06, -0.694838, 0.719165, -0.0, 0.0, 0.0, 0.0, 1.0]
            ]
        },
        {
            "name": "Knee_R",
            "time": [0.0, 0.2667],
            "transform": [
                [1.0, 0.0, -0.0, 0.0, -0.0, 0.00567, -0.999984, 0.399228, -0.0, 0.999984, 0.00567, -0.000139, 0.0, 0.0, 0.0, 1.0],
                [1.0, 0.0, -0.0, 0.0, -0.0, 0.00567, -0.999984, 0.399228, -0.0, 0.999984, 0.00567, -0.000139, 0.0, 0.0, 0.0, 1.0]
            ]
        },
        {
            "name": "Thigh_L",
            "time": [0.0, 0.0167, 0.0333, 0.05, 0.0667, 0.0833, 0.1, 0.1167, 0.1333, 0.15, 0.1667, 0.1833, 0.2, 0.2167, 0.2333, 0.25, 0.2667],
            "transform": [
                [0.23691, -0.746103, -0.622257, -0.125006, -0.228024, -0.665302, 0.7109, -0.002831, -0.944393, -0.02653, -0.327746, -1.2e-05, 0.0, 0.0, 0.0, 1.0],
                [0.236155, -0.748951, -0.619115, -0.125006, -0.228544, -0.662072, 0.713742, -0.002831, -0.944457, -0.027059, -0.32752, -1.2e-05, 0.0, 0.0, 0.0, 1.0],
                [0.235397, -0.751766, -0.615983, -0.125006, -0.229066, -0.658853, 0.716548, -0.002831, -0.944519, -0.027572, -0.327297, -1.2e-05, 0.0, 0.0, 0.0, 1.0],
                [0.234635, -0.754549, -0.612864, -0.125006, -0.229592, -0.655643, 0.719319, -0.002831, -0.944581, -0.028069, -0.327075, -1.2e-05, 0.0, 0.0, 0.0, 1.0],
                [0.233869, -0.7573, -0.609756, -0.125006, -0.230119, -0.652442, 0.722055, -0.002831, -0.944643, -0.02855, -0.326855, -1.2e-05, 0.0, 0.0, 0.0, 1.0],
                [0.233098, -0.76002, -0.606658, -0.125006, -0.230649, -0.649251, 0.724757, -0.002831, -0.944704, -0.029014, -0.326638, -1.2e-05, 0.0, 0.0, 0.0, 1.0],
                [0.232324, -0.76271, -0.603572, -0.125006, -0.231182, -0.646069, 0.727427, -0.002831, -0.944765, -0.029464, -0.326422, -1.2e-05, 0.0, 0.0, 0.0, 1.0],
                [0.231545, -0.76537, -0.600496, -0.125006, -0.231717, -0.642895, 0.730064, -0.002831, -0.944825, -0.029897, -0.326208, -1.2e-05, 0.0, 0.0, 0.0, 1.0],
                [0.230762, -0.768001, -0.59743, -0.125006, -0.232255, -0.63973, 0.732669, -0.002831, -0.944884, -0.030316, -0.325997, -1.2e-05, 0.0, 0.0, 0.0, 1.0],
                [0.231545, -0.76537, -0.600496, -0.125006, -0.231717, -0.642895, 0.730064, -0.002831, -0.944825, -0.029897, -0.326208, -1.2e-05, 0.0, 0.0, 0.0, 1.0],
                [0.232324, -0.76271, -0.603572, -0.125006, -0.231182, -0.646069, 0.727427, -0.002831, -0.944765, -0.029464, -0.326422, -1.2e-05, 0.0, 0.0, 0.0, 1.0],
                [0.233098, -0.76002, -0.606658, -0.125006, -0.230649, -0.649251, 0.724757, -0.002831, -0.944704, -0.029014, -0.326638, -1.2e-05, 0.0, 0.0, 0.0, 1.0],
                [0.233869, -0.7573, -0.609756, -0.125006, -0.230119, -0.652442, 0.722055, -0.002831, -0.944643, -0.02855, -0.326855, -1.2e-05, 0.0, 0.0, 0.0, 1.0],
                [0.234635, -0.754549, -0.612864, -0.125006, -0.229592, -0.655643, 0.719319, -0.002831, -0.944581, -0.028069, -0.327075, -1.2e-05, 0.0, 0.0, 0.0, 1.0],
                [0.235397, -0.751766, -0.615983, -0.125006, -0.229066, -0.658853, 0.716548, -0.002831, -0.944519, -0.027572, -0.327297, -1.2e-05, 0.0, 0.0, 0.0, 1.0],
                [0.236155, -0.748951, -0.619115, -0.125006, -0.228544, -0.662072, 0.713742, -0.002831, -0.944457, -0.027059, -0.32752, -1.2e-05, 0.0, 0.0, 0.0, 1.0],
                [0.23691, -0.746103, -0.622257, -0.125006, -0.228024, -0.665302, 0.7109, -0.002831, -0.944393, -0.02653, -0.327746, -1.2e-05, 0.0, 0.0, 0.0, 1.0]
            ]
        },
        {
            "name": "Leg_L",
            "time": [0.0, 0.0167, 0.0333, 0.05, 0.0667, 0.0833, 0.1, 0.1167, 0.1333, 0.15, 0.1667, 0.1833, 0.2, 0.2167, 0.2333, 0.25, 0.2667],
            "transform": [
                [1.0, -1e-06, 1e-06, 0.0, -0.0, 0.507673, 0.86155, 0.374726, -1e-06, -0.86155, 0.507672, 0.0, 0.0, 0.0, 0.0, 1.0],
                [1.0, -1e-06, 1e-06, 0.0, -0.0, 0.500227, 0.865894, 0.374726, -1e-06, -0.865894, 0.500227, 0.0, 0.0, 0.0, 0.0, 1.0],
                [1.0, -1e-06, 1e-06, 0.0, -0.0, 0.492801, 0.870142, 0.374726, -1e-06, -0.870142, 0.492801, 0.0, 0.0, 0.0, 0.0, 1.0],
                [1.0, -1e-06, 1e-06, 0.0, -0.0, 0.485396, 0.874295, 0.374726, -1e-06, -0.874294, 0.485395, 0.0, 0.0, 0.0, 0.0, 1.0],
                [1.0, -1e-06, 1e-06, 0.0, -0.0, 0.47801, 0.878355, 0.374726, -1e-06, -0.878354, 0.47801, 0.0, 0.0, 0.0, 0.0, 1.0],
                [1.0, -1e-06, 1e-06, 0.0, -0.0, 0.470644, 0.882323, 0.374726, -1e-06, -0.882323, 0.470644, 0.0, 0.0, 0.0, 0.0, 1.0],
                [1.0, -1e-06, 1e-06, -0.0, -0.0, 0.463299, 0.886202, 0.374726, -1e-06, -0.886202, 0.463299, -0.0, 0.0, 0.0, 0.0, 1.0],
                [1.0, -1e-06, 1e-06, -0.0, -0.0, 0.455974, 0.889993, 0.374726, -1e-06, -0.889993, 0.455974, 0.0, 0.0, 0.0, 0.0, 1.0],
                [1.0, -1e-06, 1e-06, 0.0, -0.0, 0.448668, 0.893698, 0.374726, -1e-06, -0.893698, 0.448668, -0.0, 0.0, 0.0, 0.0, 1.0],
                [1.0, -1e-06, 1e-06, -0.0, -0.0, 0.455974, 0.889993, 0.374726, -1e-06, -0.889993, 0.455974, 0.0, 0.0, 0.0, 0.0, 1.0],
                [1.0, -1e-06, 1e-06, -0.0, -0.0, 0.463299, 0.886202, 0.374726, -1e-06, -0.886202, 0.463299, -0.0, 0.0, 0.0, 0.0, 1.0],
                [1.0, -1e-06, 1e-06, 0.0, -0.0, 0.470644, 0.882323, 0.374726, -1e-06, -0.882323, 0.470644, 0.0, 0.0, 0.0, 0.0, 1.0],
                [1.0, -1e-06, 1e-06, 0.0, -0.0, 0.47801, 0.878355, 0.374726, -1e-06, -0.878354, 0.47801, 0.0, 0.0, 0.0, 0.0, 1.0],
                [1.0, -1e-06, 1e-06, 0.0, -0.0, 0.485396, 0.874295, 0.374726, -1e-06, -0.874294, 0.485395, 0.0, 0.0, 0.0, 0.0, 1.0],
                [1.0, -1e-06, 1e-06, 0.0, -0.0, 0.492801, 0.870142, 0.374726, -1e-06, -0.870142, 0.492801, 0.0, 0.0, 0.0, 0.0, 1.0],
                [1.0, -1e-06, 1e-06, 0.0, -0.0, 0.500227, 0.865894, 0.374726, -1e-06, -0.865894, 0.500227, 0.0, 0.0, 0.0, 0.0, 1.0],
                [1.0, -1e-06, 1e-06, 0.0, -0.0, 0.507673, 0.86155, 0.374726, -1e-06, -0.86155, 0.507672, 0.0, 0.0, 0.0, 0.0, 1.0]
            ]
        },
        {
            "name": "Knee_L",
            "time": [0.0, 0.2667],
            "transform": [
                [1.0, 0.0, -0.0, 0.0, -0.0, 0.00567, -0.999984, 0.427602, -0.0, 0.999984, 0.00567, -0.0003, 0.0, 0.0, 0.0, 1.0],
                [1.0, 0.0, -0.0, 0.0, -0.0, 0.00567, -0.999984, 0.427602, -0.0, 0.999984, 0.00567, -0.0003, 0.0, 0.0, 0.0, 1.0]
            ]
        },
        {
            "name": "Torso",
            "time": [0.0, 0.0167, 0.0333, 0.05, 0.0667, 0.0833, 0.1, 0.1167, 0.1333, 0.15, 0.1667, 0.1833, 0.2, 0.2167, 0.2333, 0.25, 0.2667],
            "transform": [
                [1.0, 0.0, 0.0, -0.0, 0.0, 1.0, 0.0, 0.05, 0.0, 0.0, 1.0, 0.0, 0.0, 0.0, 0.0, 1.0],
                [1.0, 0.0, 0.0, -0.0, 0.0, 1.0, 0.0, 0.05, 0.0, 0.0, 1.0, 0.0, 0.0, 0.0, 0.0, 1.0],
                [1.0, 0.0, 0.0, -0.0, 0.0, 1.0, 0.0, 0.05, 0.0, 0.0, 1.0, 0.0, 0.0, 0.0, 0.0, 1.0],
                [1.0, 0.0, 0.0, -0.0, 0.0, 1.0, 0.0, 0.05, 0.0, 0.0, 1.0, 0.0, 0.0, 0.0, 0.0, 1.0],
                [1.0, 0.0, 0.0, -0.0, 0.0, 1.0, 0.0, 0.05, 0.0, 0.0, 1.0, 0.0, 0.0, 0.0, 0.0, 1.0],
                [1.0, 0.0, 0.0, -0.0, 0.0, 1.0, 0.0, 0.05, 0.0, 0.0, 1.0, 0.0, 0.0, 0.0, 0.0, 1.0],
                [1.0, 0.0, 0.0, -0.0, 0.0, 1.0, 0.0, 0.05, 0.0, 0.0, 1.0, 0.0, 0.0, 0.0, 0.0, 1.0],
                [1.0, 0.0, 0.0, -0.0, 0.0, 1.0, 0.0, 0.05, 0.0, 0.0, 1.0, 0.0, 0.0, 0.0, 0.0, 1.0],
                [1.0, 0.0, 0.0, -0.0, 0.0, 1.0, 0.0, 0.05, 0.0, 0.0, 1.0, 0.0, 0.0, 0.0, 0.0, 1.0],
                [1.0, 0.0, 0.0, -0.0, 0.0, 1.0, 0.0, 0.05, 0.0, 0.0, 1.0, 0.0, 0.0, 0.0, 0.0, 1.0],
                [1.0, 0.0, 0.0, -0.0, 0.0, 1.0, 0.0, 0.05, 0.0, 0.0, 1.0, 0.0, 0.0, 0.0, 0.0, 1.0],
                [1.0, 0.0, 0.0, -0.0, 0.0, 1.0, 0.0, 0.05, 0.0, 0.0, 1.0, 0.0, 0.0, 0.0, 0.0, 1.0],
                [1.0, 0.0, 0.0, -0.0, 0.0, 1.0, 0.0, 0.05, 0.0, 0.0, 1.0, 0.0, 0.0, 0.0, 0.0, 1.0],
                [1.0, 0.0, 0.0, -0.0, 0.0, 1.0, 0.0, 0.05, 0.0, 0.0, 1.0, 0.0, 0.0, 0.0, 0.0, 1.0],
                [1.0, 0.0, 0.0, -0.0, 0.0, 1.0, 0.0, 0.05, 0.0, 0.0, 1.0, 0.0, 0.0, 0.0, 0.0, 1.0],
                [1.0, 0.0, 0.0, -0.0, 0.0, 1.0, 0.0, 0.05, 0.0, 0.0, 1.0, 0.0, 0.0, 0.0, 0.0, 1.0],
                [1.0, 0.0, 0.0, -0.0, 0.0, 1.0, 0.0, 0.05, 0.0, 0.0, 1.0, 0.0, 0.0, 0.0, 0.0, 1.0]
            ]
        },
        {
            "name": "Chest",
            "time": [0.0, 0.0167, 0.0333, 0.05, 0.0667, 0.0833, 0.1, 0.1167, 0.1333, 0.15, 0.1667, 0.1833, 0.2, 0.2167, 0.2333, 0.25, 0.2667],
            "transform": [
                [0.997855, -0.065186, -0.006008, -0.0, 0.065186, 0.981024, 0.182598, 0.3, -0.006008, -0.182598, 0.983169, 0.0, 0.0, 0.0, 0.0, 1.0],
                [0.997855, -0.065186, -0.006008, -0.0, 0.065186, 0.981024, 0.182598, 0.3, -0.006008, -0.182598, 0.983169, 0.0, 0.0, 0.0, 0.0, 1.0],
                [0.997855, -0.065186, -0.006008, -0.0, 0.065186, 0.981024, 0.182598, 0.3, -0.006008, -0.182598, 0.983169, -0.0, 0.0, 0.0, 0.0, 1.0],
                [0.997855, -0.065186, -0.006008, -0.0, 0.065186, 0.981024, 0.182598, 0.3, -0.006008, -0.182598, 0.983169, -0.0, 0.0, 0.0, 0.0, 1.0],
                [0.997855, -0.065186, -0.006008, -0.0, 0.065186, 0.981024, 0.182598, 0.3, -0.006008, -0.182598, 0.983169, 0.0, 0.0, 0.0, 0.0, 1.0],
                [0.997855, -0.065186, -0.006008, -0.0, 0.065186, 0.981024, 0.182598, 0.3, -0.006008, -0.182598, 0.983169, -0.0, 0.0, 0.0, 0.0, 1.0],
                [0.997855, -0.065186, -0.006008, -0.0, 0.065186, 0.981024, 0.182598, 0.3, -0.006008, -0.182598, 0.983169, -0.0, 0.0, 0.0, 0.0, 1.0],
                [0.997855, -0.065186, -0.006008, -0.0, 0.065186, 0.981024, 0.182598, 0.3, -0.006008, -0.182598, 0.983169, -0.0, 0.0, 0.0, 0.0, 1.0],
                [0.997855, -0.065186, -0.006008, -0.0, 0.065186, 0.981024, 0.182598, 0.3, -0.006008, -0.182598, 0.983169, -0.0, 0.0, 0.0, 0.0, 1.0],
                [0.997855, -0.065186, -0.006008, -0.0, 0.065186, 0.981024, 0.182598, 0.3, -0.006008, -0.182598, 0.983169, -0.0, 0.0, 0.0, 0.0, 1.0],
                [0.997855, -0.065186, -0.006008, -0.0, 0.065186, 0.981024, 0.182598, 0.3, -0.006008, -0.182598, 0.983169, -0.0, 0.0, 0.0, 0.0, 1.0],
                [0.997855, -0.065186, -0.006008, -0.0, 0.065186, 0.981024, 0.182598, 0.3, -0.006008, -0.182598, 0.983169, -0.0, 0.0, 0.0, 0.0, 1.0],
                [0.997855, -0.065186, -0.006008, -0.0, 0.065186, 0.981024, 0.182598, 0.3, -0.006008, -0.182598, 0.983169, 0.0, 0.0, 0.0, 0.0, 1.0],
                [0.997855, -0.065186, -0.006008, -0.0, 0.065186, 0.981024, 0.182598, 0.3, -0.006008, -0.182598, 0.983169, -0.0, 0.0, 0.0, 0.0, 1.0],
                [0.997855, -0.065186, -0.006008, -0.0, 0.065186, 0.981024, 0.182598, 0.3, -0.006008, -0.182598, 0.983169, -0.0, 0.0, 0.0, 0.0, 1.0],
                [0.997855, -0.065186, -0.006008, -0.0, 0.065186, 0.981024, 0.182598, 0.3, -0.006008, -0.182598, 0.983169, 0.0, 0.0, 0.0, 0.0, 1.0],
                [0.997855, -0.065186, -0.006008, -0.0, 0.065186, 0.981024, 0.182598, 0.3, -0.006008, -0.182598, 0.983169, 0.0, 0.0, 0.0, 0.0, 1.0]
            ]
        },
        {
            "name": "Head",
            "time": [0.0, 0.0167, 0.0333, 0.05, 0.0667, 0.0833, 0.1, 0.1167, 0.1333, 0.15, 0.1667, 0.1833, 0.2, 0.2167, 0.2333, 0.25, 0.2667],
            "transform": [
                [0.458734, 0.028662, 0.888111, 0.0, 0.13288, 0.986028, -0.100459, 0.4, -0.878582, 0.164096, 0.448516, 0.0, 0.0, 0.0, 0.0, 1.0],
                [0.458734, 0.028662, 0.888111, 0.0, 0.13288, 0.986028, -0.100459, 0.4, -0.878582, 0.164096, 0.448516, 0.0, 0.0, 0.0, 0.0, 1.0],
                [0.458734, 0.028662, 0.888111, -0.0, 0.13288, 0.986028, -0.100459, 0.4, -0.878582, 0.164096, 0.448516, 0.0, 0.0, 0.0, 0.0, 1.0],
                [0.458734, 0.028662, 0.888111, 0.0, 0.13288, 0.986028, -0.100459, 0.4, -0.878582, 0.164096, 0.448516, 0.0, 0.0, 0.0, 0.0, 1.0],
                [0.458734, 0.028662, 0.888111, 0.0, 0.13288, 0.986028, -0.100459, 0.4, -0.878582, 0.164096, 0.448516, 0.0, 0.0, 0.0, 0.0, 1.0],
                [0.458734, 0.028662, 0.888111, -0.0, 0.13288, 0.986028, -0.100459, 0.4, -0.878582, 0.164096, 0.448516, 0.0, 0.0, 0.0, 0.0, 1.0],
                [0.458734, 0.028662, 0.888111, -0.0, 0.13288, 0.986028, -0.100459, 0.4, -0.878582, 0.164096, 0.448516, -0.0, 0.0, 0.0, 0.0, 1.0],
                [0.458734, 0.028662, 0.888111, 0.0, 0.13288, 0.986028, -0.100459, 0.4, -0.878582, 0.164096, 0.448516, 0.0, 0.0, 0.0, 0.0, 1.0],
                [0.458734, 0.028662, 0.888111, -0.0, 0.13288, 0.986028, -0.100459, 0.4, -0.878582, 0.164096, 0.448516, 0.0, 0.0, 0.0, 0.0, 1.0],
                [0.458734, 0.028662, 0.888111, 0.0, 0.13288, 0.986028, -0.100459, 0.4, -0.878582, 0.164096, 0.448516, 0.0, 0.0, 0.0, 0.0, 1.0],
                [0.458734, 0.028662, 0.888111, -0.0, 0.13288, 0.986028, -0.100459, 0.4, -0.878582, 0.164096, 0.448516, -0.0, 0.0, 0.0, 0.0, 1.0],
                [0.458734, 0.028662, 0.888111, -0.0, 0.13288, 0.986028, -0.100459, 0.4, -0.878582, 0.164096, 0.448516, -0.0, 0.0, 0.0, 0.0, 1.0],
                [0.458734, 0.028662, 0.888111, 0.0, 0.13288, 0.986028, -0.100459, 0.4, -0.878582, 0.164096, 0.448516, 0.0, 0.0, 0.0, 0.0, 1.0],
                [0.458734, 0.028662, 0.888111, 0.0, 0.13288, 0.986028, -0.100459, 0.4, -0.878582, 0.164096, 0.448516, 0.0, 0.0, 0.0, 0.0, 1.0],
                [0.458734, 0.028662, 0.888111, -0.0, 0.13288, 0.986028, -0.100459, 0.4, -0.878582, 0.164096, 0.448516, 0.0, 0.0, 0.0, 0.0, 1.0],
                [0.458734, 0.028662, 0.888111, 0.0, 0.13288, 0.986028, -0.100459, 0.4, -0.878582, 0.164096, 0.448516, 0.0, 0.0, 0.0, 0.0, 1.0],
                [0.458734, 0.028662, 0.888111, -0.0, 0.13288, 0.986028, -0.100459, 0.4, -0.878582, 0.164096, 0.448516, 0.0, 0.0, 0.0, 0.0, 1.0]
            ]
        },
        {
            "name": "Shoulder_R",
            "time": [0.0, 0.0167, 0.0333, 0.05, 0.0667, 0.0833, 0.1, 0.1167, 0.1333, 0.15, 0.1667, 0.1833, 0.2, 0.2167, 0.2333, 0.25, 0.2667],
            "transform": [
                [0.0, 0.952114, 0.305743, 0.0, 0.0, -0.305743, 0.952114, 0.4, 1.0, -0.0, -0.0, 0.0, 0.0, 0.0, 0.0, 1.0],
                [0.0, 0.952114, 0.305743, 0.0, 0.0, -0.305743, 0.952114, 0.4, 1.0, -0.0, -0.0, 0.0, 0.0, 0.0, 0.0, 1.0],
                [0.0, 0.952114, 0.305743, -0.0, 0.0, -0.305743, 0.952114, 0.4, 1.0, -0.0, -0.0, 0.0, 0.0, 0.0, 0.0, 1.0],
                [0.0, 0.952114, 0.305743, 0.0, 0.0, -0.305743, 0.952114, 0.4, 1.0, -0.0, -0.0, 0.0, 0.0, 0.0, 0.0, 1.0],
                [0.0, 0.952114, 0.305743, 0.0, 0.0, -0.305743, 0.952114, 0.4, 1.0, -0.0, -0.0, 0.0, 0.0, 0.0, 0.0, 1.0],
                [0.0, 0.952114, 0.305743, -0.0, 0.0, -0.305743, 0.952114, 0.4, 1.0, -0.0, -0.0, 0.0, 0.0, 0.0, 0.0, 1.0],
                [0.0, 0.952114, 0.305743, -0.0, 0.0, -0.305743, 0.952114, 0.4, 1.0, -0.0, -0.0, -0.0, 0.0, 0.0, 0.0, 1.0],
                [0.0, 0.952114, 0.305743, 0.0, 0.0, -0.305743, 0.952114, 0.4, 1.0, -0.0, -0.0, 0.0, 0.0, 0.0, 0.0, 1.0],
                [0.0, 0.952114, 0.305743, -0.0, 0.0, -0.305743, 0.952114, 0.4, 1.0, -0.0, -0.0, 0.0, 0.0, 0.0, 0.0, 1.0],
                [0.0, 0.952114, 0.305743, 0.0, 0.0, -0.305743, 0.952114, 0.4, 1.0, -0.0, -0.0, 0.0, 0.0, 0.0, 0.0, 1.0],
                [0.0, 0.952114, 0.305743, -0.0, 0.0, -0.305743, 0.952114, 0.4, 1.0, -0.0, -0.0, -0.0, 0.0, 0.0, 0.0, 1.0],
                [0.0, 0.952114, 0.305743, -0.0, 0.0, -0.305743, 0.952114, 0.4, 1.0, -0.0, -0.0, -0.0, 0.0, 0.0, 0.0, 1.0],
                [0.0, 0.952114, 0.305743, 0.0, 0.0, -0.305743, 0.952114, 0.4, 1.0, -0.0, -0.0, 0.0, 0.0, 0.0, 0.0, 1.0],
                [0.0, 0.952114, 0.305743, 0.0, 0.0, -0.305743, 0.952114, 0.4, 1.0, -0.0, -0.0, 0.0, 0.0, 0.0, 0.0, 1.0],
                [0.0, 0.952114, 0.305743, -0.0, 0.0, -0.305743, 0.952114, 0.4, 1.0, -0.0, -0.0, 0.0, 0.0, 0.0, 0.0, 1.0],
                [0.0, 0.952114, 0.305743, 0.0, 0.0, -0.305743, 0.952114, 0.4, 1.0, -0.0, -0.0, 0.0, 0.0, 0.0, 0.0, 1.0],
                [0.0, 0.952114, 0.305743, -0.0, 0.0, -0.305743, 0.952114, 0.4, 1.0, -0.0, -0.0, 0.0, 0.0, 0.0, 0.0, 1.0]
            ]
        },
        {
            "name": "Arm_R",
            "time": [0.0, 0.0167, 0.0333, 0.05, 0.0667, 0.0833, 0.1, 0.1167, 0.1333, 0.15, 0.1667, 0.1833, 0.2, 0.2167, 0.2333, 0.25, 0.2667],
            "transform": [
                [-0.597159, 0.057658, -0.800049, -0.0, 0.780954, 0.269429, -0.563489, 0.393861, 0.183066, -0.961293, -0.205921, -0.0, 0.0, 0.0, 0.0, 1.0],
                [-0.597159, 0.057659, -0.800048, -0.0, 0.780954, 0.269429, -0.563489, 0.39386, 0.183066, -0.961293, -0.205921, -0.0, 0.0, 0.0, 0.0, 1.0],
                [-0.597159, 0.057659, -0.800048, -0.0, 0.780954, 0.269428, -0.563489, 0.39386, 0.183065, -0.961293, -0.205921, -0.0, 0.0, 0.0, 0.0, 1.0],
                [-0.597159, 0.057659, -0.800049, -0.0, 0.780954, 0.269428, -0.563489, 0.393861, 0.183066, -0.961293, -0.205921, 0.0, 0.0, 0.0, 0.0, 1.0],
                [-0.597159, 0.057659, -0.800048, -0.0, 0.780954, 0.269428, -0.563489, 0.393861, 0.183065, -0.961293, -0.205921, 0.0, 0.0, 0.0, 0.0, 1.0],
                [-0.597159, 0.057659, -0.800049, -0.0, 0.780954, 0.269428, -0.563489, 0.393861, 0.183066, -0.961293, -0.205921, 0.0, 0.0, 0.0, 0.0, 1.0],
                [-0.597159, 0.057659, -0.800048, -0.0, 0.780954, 0.269428, -0.563489, 0.39386, 0.183065, -0.961293, -0.205921, -0.0, 0.0, 0.0, 0.0, 1.0],
                [-0.597158, 0.057659, -0.800048, -0.0, 0.780954, 0.269428, -0.563489, 0.393861, 0.183066, -0.961293, -0.205921, 0.0, 0.0, 0.0, 0.0, 1.0],
                [-0.597159, 0.057659, -0.800048, 0.0, 0.780954, 0.269428, -0.563489, 0.39386, 0.183065, -0.961293, -0.205921, 0.0, 0.0, 0.0, 0.0, 1.0],
                [-0.597158, 0.057659, -0.800048, -0.0, 0.780954, 0.269428, -0.563489, 0.393861, 0.183066, -0.961293, -0.205921, 0.0, 0.0, 0.0, 0.0, 1.0],
                [-0.597159, 0.057659, -0.800048, -0.0, 0.780954, 0.269428, -0.563489, 0.39386, 0.183065, -0.961293, -0.205921, -0.0, 0.0, 0.0, 0.0, 1.0],
                [-0.597158, 0.057659, -0.800049, -0.0, 0.780954, 0.269429, -0.563489, 0.393861, 0.183066, -0.961293, -0.205921, 0.0, 0.0, 0.0, 0.0, 1.0],
                [-0.597159, 0.057659, -0.800048, -0.0, 0.780954, 0.269428, -0.563489, 0.393861, 0.183065, -0.961293, -0.205921, 0.0, 0.0, 0.0, 0.0, 1.0],
                [-0.597159, 0.057659, -0.800049, -0.0, 0.780954, 0.269428, -0.563489, 0.393861, 0.183066, -0.961293, -0.205921, 0.0, 0.0, 0.0, 0.0, 1.0],
                [-0.597159, 0.057659, -0.800048, -0.0, 0.780954, 0.269428, -0.563489, 0.39386, 0.183065, -0.961293, -0.205921, -0.0, 0.0, 0.0, 0.0, 1.0],
                [-0.597159, 0.057659, -0.800048, -0.0, 0.780954, 0.269429, -0.563489, 0.39386, 0.183066, -0.961293, -0.205921, -0.0, 0.0, 0.0, 0.0, 1.0],
                [-0.597159, 0.057659, -0.800049, -0.0, 0.780954, 0.269428, -0.563489, 0.393861, 0.183066, -0.961293, -0.205921, -0.0, 0.0, 0.0, 0.0, 1.0]
            ]
        },
        {
            "name": "Hand_R",
            "time": [0.0, 0.0167, 0.0333, 0.05, 0.0667, 0.0833, 0.1, 0.1167, 0.1333, 0.15, 0.1667, 0.1833, 0.2, 0.2167, 0.2333, 0.25, 0.2667],
            "transform": [
                [1.0, -5e-06, 3e-06, -0.0, 5e-06, 0.422885, -0.906184, 0.300002, 3e-06, 0.906184, 0.422885, 0.0, 0.0, 0.0, 0.0, 1.0],
                [1.0, -4e-06, 3e-06, -0.0, 4e-06, 0.422883, -0.906184, 0.300002, 2e-06, 0.906184, 0.422884, -0.0, 0.0, 0.0, 0.0, 1.0],
                [1.0, -3e-06, 2e-06, -0.0, 3e-06, 0.422885, -0.906184, 0.300003, 2e-06, 0.906184, 0.422885, 0.0, 0.0, 0.0, 0.0, 1.0],
                [1.0, -4e-06, 3e-06, -0.0, 4e-06, 0.422884, -0.906184, 0.300002, 2e-06, 0.906184, 0.422884, -0.0, 0.0, 0.0, 0.0, 1.0],
                [1.0, -3e-06, 2e-06, -0.0, 3e-06, 0.422885, -0.906184, 0.300002, 2e-06, 0.906184, 0.422885, 0.0, 0.0, 0.0, 0.0, 1.0],
                [1.0, -4e-06, 3e-06, 0.0, 4e-06, 0.422884, -0.906184, 0.300003, 2e-06, 0.906184, 0.422884, -0.0, 0.0, 0.0, 0.0, 1.0],
                [1.0, -3e-06, 2e-06, 0.0, 3e-06, 0.422884, -0.906184, 0.300003, 2e-06, 0.906184, 0.422884, 0.0, 0.0, 0.0, 0.0, 1.0],
                [1.0, -4e-06, 3e-06, -0.0, 4e-06, 0.422884, -0.906184, 0.300003, 2e-06, 0.906184, 0.422885, -0.0, 0.0, 0.0, 0.0, 1.0],
                [1.0, -3e-06, 2e-06, -0.0, 3e-06, 0.422884, -0.906184, 0.300003, 2e-06, 0.906184, 0.422884, 0.0, 0.0, 0.0, 0.0, 1.0],
                [1.0, -4e-06, 3e-06, -0.0, 4e-06, 0.422884, -0.906184, 0.300003, 2e-06, 0.906184, 0.422885, -0.0, 0.0, 0.0, 0.0, 1.0],
                [1.0, -3e-06, 2e-06, 0.0, 3e-06, 0.422884, -0.906184, 0.300003, 2e-06, 0.906184, 0.422884, 0.0, 0.0, 0.0, 0.0, 1.0],
                [1.0, -5e-06, 3e-06, -0.0, 5e-06, 0.422884, -0.906184, 0.300003, 3e-06, 0.906184, 0.422884, -0.0, 0.0, 0.0, 0.0, 1.0],
                [1.0, -3e-06, 2e-06, -0.0, 3e-06, 0.422885, -0.906184, 0.300002, 2e-06, 0.906184, 0.422885, 0.0, 0.0, 0.0, 0.0, 1.0],
                [1.0, -4e-06, 3e-06, -0.0, 4e-06, 0.422884, -0.906184, 0.300002, 2e-06, 0.906184, 0.422884, -0.0, 0.0, 0.0, 0.0, 1.0],
                [1.0, -3e-06, 2e-06, -0.0, 3e-06, 0.422885, -0.906184, 0.300003, 2e-06, 0.906184, 0.422885, 0.0, 0.0, 0.0, 0.0, 1.0],
                [1.0, -4e-06, 3e-06, -0.0, 4e-06, 0.422883, -0.906184, 0.300002, 2e-06, 0.906184, 0.422884, -0.0, 0.0, 0.0, 0.0, 1.0],
                [0.999999, -4e-06, 3e-06, -0.0, 4e-06, 0.422885, -0.906184, 0.300003, 2e-06, 0.906184, 0.422885, -0.0, 0.0, 0.0, 0.0, 1.0]
            ]
        },
        {
            "name": "Tool_R",
            "time": [0.0, 0.0167, 0.0333, 0.05, 0.0667, 0.0833, 0.1, 0.1167, 0.1333, 0.15, 0.1667, 0.1833, 0.2, 0.2167, 0.2333, 0.25, 0.2667],
            "transform": [
                [0.809288, -0.47455, -0.346202, -0.019171, -0.535375, -0.353355, -0.767147, 0.212081, 0.241717, 0.806191, -0.540028, -0.026457, 0.0, 0.0, 0.0, 1.0],
                [0.809288, -0.47455, -0.346202, -0.019171, -0.535375, -0.353355, -0.767147, 0.212081, 0.241717, 0.806191, -0.540028, -0.026457, 0.0, 0.0, 0.0, 1.0],
                [0.809288, -0.47455, -0.346202, -0.019171, -0.535375, -0.353355, -0.767147, 0.212081, 0.241717, 0.806191, -0.540028, -0.026457, 0.0, 0.0, 0.0, 1.0],
                [0.809288, -0.47455, -0.346202, -0.019171, -0.535375, -0.353355, -0.767147, 0.212081, 0.241717, 0.806191, -0.540028, -0.026457, 0.0, 0.0, 0.0, 1.0],
                [0.809288, -0.47455, -0.346202, -0.019171, -0.535375, -0.353355, -0.767147, 0.212081, 0.241717, 0.806191, -0.540028, -0.026457, 0.0, 0.0, 0.0, 1.0],
                [0.809288, -0.47455, -0.346202, -0.019171, -0.535375, -0.353355, -0.767147, 0.212081, 0.241717, 0.806191, -0.540028, -0.026457, 0.0, 0.0, 0.0, 1.0],
                [0.809288, -0.47455, -0.346202, -0.019171, -0.535375, -0.353355, -0.767147, 0.212081, 0.241717, 0.806191, -0.540028, -0.026457, 0.0, 0.0, 0.0, 1.0],
                [0.809288, -0.47455, -0.346202, -0.019171, -0.535375, -0.353355, -0.767147, 0.212081, 0.241717, 0.806191, -0.540028, -0.026457, 0.0, 0.0, 0.0, 1.0],
                [0.809288, -0.47455, -0.346202, -0.019171, -0.535375, -0.353355, -0.767147, 0.212081, 0.241717, 0.806191, -0.540028, -0.026457, 0.0, 0.0, 0.0, 1.0],
                [0.809288, -0.47455, -0.346202, -0.019171, -0.535375, -0.353355, -0.767147, 0.212081, 0.241717, 0.806191, -0.540028, -0.026457, 0.0, 0.0, 0.0, 1.0],
                [0.809288, -0.47455, -0.346202, -0.019171, -0.535375, -0.353355, -0.767147, 0.212081, 0.241717, 0.806191, -0.540028, -0.026457, 0.0, 0.0, 0.0, 1.0],
                [0.809288, -0.47455, -0.346202, -0.019171, -0.535375, -0.353355, -0.767147, 0.212081, 0.241717, 0.806191, -0.540028, -0.026457, 0.0, 0.0, 0.0, 1.0],
                [0.809288, -0.47455, -0.346202, -0.019171, -0.535375, -0.353355, -0.767147, 0.212081, 0.241717, 0.806191, -0.540028, -0.026457, 0.0, 0.0, 0.0, 1.0],
                [0.809288, -0.47455, -0.346202, -0.019171, -0.535375, -0.353355, -0.767147, 0.212081, 0.241717, 0.806191, -0.540028, -0.026457, 0.0, 0.0, 0.0, 1.0],
                [0.809288, -0.47455, -0.346202, -0.019171, -0.535375, -0.353355, -0.767147, 0.212081, 0.241717, 0.806191, -0.540028, -0.026457, 0.0, 0.0, 0.0, 1.0],
                [0.809288, -0.47455, -0.346202, -0.019171, -0.535375, -0.353355, -0.767147, 0.212081, 0.241717, 0.806191, -0.540028, -0.026457, 0.0, 0.0, 0.0, 1.0],
                [0.809288, -0.47455, -0.346202, -0.019171, -0.535375, -0.353355, -0.767147, 0.212081, 0.241717, 0.806191, -0.540028, -0.026457, 0.0, 0.0, 0.0, 1.0]
            ]
        },
        {
            "name": "Elbow_R",
            "time": [0.0, 0.2667],
            "transform": [
                [-1.0, 0.0, -0.0, -0.0, 0.0, 0.003946, -0.999992, 0.405481, -0.0, -0.999992, -0.003946, -0.000836, 0.0, 0.0, 0.0, 1.0],
                [-1.0, 0.0, -0.0, 0.0, 0.0, 0.003946, -0.999992, 0.405481, -0.0, -0.999992, -0.003946, -0.000836, 0.0, 0.0, 0.0, 1.0]
            ]
        },
        {
            "name": "Shoulder_L",
            "time": [0.0, 0.0167, 0.0333, 0.05, 0.0667, 0.0833, 0.1, 0.1167, 0.1333, 0.15, 0.1667, 0.1833, 0.2, 0.2167, 0.2333, 0.25, 0.2667],
            "transform": [
                [0.564378, -0.813857, -0.138255, 0.0, -0.070539, -0.214409, 0.974194, 0.4, -0.822497, -0.540061, -0.178416, 0.0, 0.0, 0.0, 0.0, 1.0],
                [0.564378, -0.813857, -0.138255, 0.0, -0.07054, -0.214409, 0.974194, 0.4, -0.822497, -0.540061, -0.178416, 0.0, 0.0, 0.0, 0.0, 1.0],
                [0.564378, -0.813857, -0.138255, -0.0, -0.070539, -0.214409, 0.974194, 0.4, -0.822497, -0.540061, -0.178416, 0.0, 0.0, 0.0, 0.0, 1.0],
                [0.564378, -0.813857, -0.138255, 0.0, -0.070539, -0.214409, 0.974194, 0.4, -0.822497, -0.540061, -0.178416, 0.0, 0.0, 0.0, 0.0, 1.0],
                [0.564378, -0.813857, -0.138255, 0.0, -0.070539, -0.214409, 0.974194, 0.4, -0.822497, -0.540061, -0.178416, 0.0, 0.0, 0.0, 0.0, 1.0],
                [0.564378, -0.813857, -0.138255, -0.0, -0.070539, -0.214409, 0.974194, 0.4, -0.822497, -0.540061, -0.178416, 0.0, 0.0, 0.0, 0.0, 1.0],
                [0.564378, -0.813857, -0.138255, -0.0, -0.070539, -0.214409, 0.974194, 0.4, -0.822497, -0.540061, -0.178416, -0.0, 0.0, 0.0, 0.0, 1.0],
                [0.564378, -0.813857, -0.138255, 0.0, -0.070539, -0.214409, 0.974194, 0.4, -0.822497, -0.540061, -0.178416, 0.0, 0.0, 0.0, 0.0, 1.0],
                [0.564378, -0.813857, -0.138255, -0.0, -0.070539, -0.214409, 0.974194, 0.4, -0.822497, -0.540061, -0.178416, 0.0, 0.0, 0.0, 0.0, 1.0],
                [0.564378, -0.813857, -0.138255, 0.0, -0.07054, -0.214409, 0.974194, 0.4, -0.822497, -0.540061, -0.178416, 0.0, 0.0, 0.0, 0.0, 1.0],
                [0.564378, -0.813857, -0.138255, -0.0, -0.070539, -0.214409, 0.974194, 0.4, -0.822497, -0.540061, -0.178416, -0.0, 0.0, 0.0, 0.0, 1.0],
                [0.564378, -0.813857, -0.138255, -0.0, -0.070539, -0.214409, 0.974194, 0.4, -0.822497, -0.540061, -0.178416, -0.0, 0.0, 0.0, 0.0, 1.0],
                [0.564378, -0.813857, -0.138255, 0.0, -0.07054, -0.214409, 0.974194, 0.4, -0.822497, -0.540061, -0.178416, 0.0, 0.0, 0.0, 0.0, 1.0],
                [0.564378, -0.813857, -0.138255, 0.0, -0.070539, -0.214409, 0.974194, 0.4, -0.822497, -0.540061, -0.178416, 0.0, 0.0, 0.0, 0.0, 1.0],
                [0.564378, -0.813857, -0.138255, -0.0, -0.070539, -0.214409, 0.974194, 0.4, -0.822497, -0.540061, -0.178416, 0.0, 0.0, 0.0, 0.0, 1.0],
                [0.564378, -0.813857, -0.138255, 0.0, -0.07054, -0.214409, 0.974194, 0.4, -0.822497, -0.540061, -0.178416, 0.0, 0.0, 0.0, 0.0, 1.0],
                [0.564378, -0.813857, -0.138255, -0.0, -0.070539, -0.214409, 0.974194, 0.4, -0.822497, -0.540061, -0.178416, 0.0, 0.0, 0.0, 0.0, 1.0]
            ]
        },
        {
            "name": "Arm_L",
            "time": [0.0, 0.0167, 0.0333, 0.05, 0.0667, 0.0833, 0.1, 0.1167, 0.1333, 0.15, 0.1667, 0.1833, 0.2, 0.2167, 0.2333, 0.25, 0.2667],
            "transform": [
                [0.163509, 0.525041, 0.835222, 0.0, -0.834488, -0.377965, 0.400964, 0.39386, 0.526208, -0.762543, 0.37634, 0.0, 0.0, 0.0, 0.0, 1.0],
                [0.163509, 0.525041, 0.835222, 0.0, -0.834488, -0.377966, 0.400964, 0.39386, 0.526208, -0.762543, 0.37634, -0.0, 0.0, 0.0, 0.0, 1.0],
                [0.163509, 0.525041, 0.835222, -0.0, -0.834488, -0.377966, 0.400964, 0.39386, 0.526208, -0.762543, 0.37634, 0.0, 0.0, 0.0, 0.0, 1.0],
                [0.163509, 0.525041, 0.835222, 0.0, -0.834487, -0.377966, 0.400964, 0.39386, 0.526208, -0.762543, 0.37634, -0.0, 0.0, 0.0, 0.0, 1.0],
                [0.163509, 0.525041, 0.835222, -0.0, -0.834488, -0.377966, 0.400964, 0.39386, 0.526208, -0.762543, 0.37634, 0.0, 0.0, 0.0, 0.0, 1.0],
                [0.163509, 0.525041, 0.835222, 0.0, -0.834487, -0.377966, 0.400964, 0.39386, 0.526208, -0.762543, 0.37634, 0.0, 0.0, 0.0, 0.0, 1.0],
                [0.163509, 0.525041, 0.835222, 0.0, -0.834488, -0.377966, 0.400964, 0.39386, 0.526208, -0.762543, 0.37634, 0.0, 0.0, 0.0, 0.0, 1.0],
                [0.163509, 0.525041, 0.835222, 0.0, -0.834488, -0.377966, 0.400964, 0.39386, 0.526208, -0.762543, 0.37634, 0.0, 0.0, 0.0, 0.0, 1.0],
                [0.163509, 0.525041, 0.835222, 0.0, -0.834488, -0.377966, 0.400964, 0.39386, 0.526208, -0.762543, 0.37634, -0.0, 0.0, 0.0, 0.0, 1.0],
                [0.163509, 0.525041, 0.835222, 0.0, -0.834488, -0.377966, 0.400964, 0.39386, 0.526208, -0.762543, 0.37634, 0.0, 0.0, 0.0, 0.0, 1.0],
                [0.163509, 0.525041, 0.835222, 0.0, -0.834488, -0.377966, 0.400964, 0.39386, 0.526208, -0.762543, 0.37634, 0.0, 0.0, 0.0, 0.0, 1.0],
                [0.163509, 0.525041, 0.835222, 0.0, -0.834487, -0.377966, 0.400964, 0.39386, 0.526208, -0.762543, 0.37634, 0.0, 0.0, 0.0, 0.0, 1.0],
                [0.163509, 0.525041, 0.835222, 0.0, -0.834488, -0.377966, 0.400964, 0.39386, 0.526208, -0.762543, 0.37634, -0.0, 0.0, 0.0, 0.0, 1.0],
                [0.163509, 0.525041, 0.835222, 0.0, -0.834488, -0.377966, 0.400964, 0.39386, 0.526208, -0.762543, 0.37634, 0.0, 0.0, 0.0, 0.0, 1.0],
                [0.163509, 0.525041, 0.835222, 0.0, -0.834488, -0.377966, 0.400964, 0.393861, 0.526208, -0.762543, 0.37634, 0.0, 0.0, 0.0, 0.0, 1.0],
                [0.163509, 0.525041, 0.835222, 0.0, -0.834487, -0.377966, 0.400964, 0.39386, 0.526208, -0.762543, 0.37634, -0.0, 0.0, 0.0, 0.0, 1.0],
                [0.163509, 0.525041, 0.835222, 0.0, -0.834488, -0.377966, 0.400964, 0.39386, 0.526208, -0.762543, 0.37634, 0.0, 0.0, 0.0, 0.0, 1.0]
            ]
        },
        {
            "name": "Hand_L",
            "time": [0.0, 0.0167, 0.0333, 0.05, 0.0667, 0.0833, 0.1, 0.1167, 0.1333, 0.15, 0.1667, 0.1833, 0.2, 0.2167, 0.2333, 0.25, 0.2667],
            "transform": [
                [1.0, 0.0, -0.0, 0.0, -0.0, 1.0, -0.000992, 0.300003, -0.0, 0.000992, 0.999999, -0.0, 0.0, 0.0, 0.0, 1.0],
                [1.0, -0.0, -0.0, 0.0, -0.0, 1.0, -0.000992, 0.300003, -0.0, 0.000992, 1.0, 0.0, 0.0, 0.0, 0.0, 1.0],
                [1.0, -0.0, 0.0, 0.0, -0.0, 1.0, -0.000992, 0.300003, -0.0, 0.000992, 0.999999, -0.0, 0.0, 0.0, 0.0, 1.0],
                [1.0, -0.0, 0.0, -0.0, -0.0, 1.0, -0.000992, 0.300002, -0.0, 0.000992, 0.999999, 0.0, 0.0, 0.0, 0.0, 1.0],
                [1.0, -0.0, 0.0, 0.0, -0.0, 1.0, -0.000992, 0.300003, -0.0, 0.000992, 0.999999, 0.0, 0.0, 0.0, 0.0, 1.0],
                [1.0, -0.0, 0.0, -0.0, -0.0, 0.999999, -0.000992, 0.300003, -0.0, 0.000992, 1.0, 0.0, 0.0, 0.0, 0.0, 1.0],
                [1.0, 0.0, 0.0, -0.0, -0.0, 1.0, -0.000992, 0.300002, -0.0, 0.000992, 0.999999, 0.0, 0.0, 0.0, 0.0, 1.0],
                [1.0, 0.0, 0.0, 0.0, 0.0, 1.0, -0.000992, 0.300002, -0.0, 0.000992, 1.0, -0.0, 0.0, 0.0, 0.0, 1.0],
                [1.0, -0.0, -0.0, -0.0, -0.0, 1.0, -0.000992, 0.300003, -0.0, 0.000992, 1.0, -0.0, 0.0, 0.0, 0.0, 1.0],
                [1.0, -0.0, -0.0, -0.0, 0.0, 1.0, -0.000992, 0.300002, -0.0, 0.000992, 1.0, 0.0, 0.0, 0.0, 0.0, 1.0],
                [1.0, -0.0, 0.0, 0.0, -0.0, 1.0, -0.000992, 0.300002, -0.0, 0.000992, 1.0, 0.0, 0.0, 0.0, 0.0, 1.0],
