{
    "animation": [
        {
            "name": "Root",
            "time": [0.0, 0.0167, 0.0333, 0.05, 0.0667, 0.0833, 0.1, 0.1167, 0.1333, 0.15, 0.1667, 0.1833, 0.2, 0.2167, 0.2333, 0.25, 0.2667, 0.2833, 0.3, 0.3167, 0.3333, 0.35, 0.3667, 0.3833],
            "transform": [
                [0.831978, 0.248629, -0.495979, -5e-06, -0.554808, 0.372839, -0.74376, 0.000946, 0.0, 0.893966, 0.448136, 0.629113, 0.0, 0.0, 0.0, 1.0],
                [0.835165, 0.246463, -0.491686, -5e-06, -0.549999, 0.374094, -0.746696, 0.005006, -9.6e-05, 0.894041, 0.447985, 0.628819, 0.0, 0.0, 0.0, 1.0],
                [0.843952, 0.240353, -0.479558, -5e-06, -0.536419, 0.377564, -0.754785, 0.016371, -0.000351, 0.894246, 0.447576, 0.627995, 0.0, 0.0, 0.0, 1.0],
                [0.857041, 0.230844, -0.460642, -5e-06, -0.515247, 0.382746, -0.766828, 0.033825, -0.000709, 0.894548, 0.446971, 0.62673, 0.0, 0.0, 0.0, 1.0],
                [0.873049, 0.218469, -0.435955, -5e-06, -0.487631, 0.389099, -0.781548, 0.056151, -0.001114, 0.894915, 0.446235, 0.625112, 0.0, 0.0, 0.0, 1.0],
                [0.890598, 0.203784, -0.40658, -5e-06, -0.454789, 0.396087, -0.797673, 0.082129, -0.001512, 0.895314, 0.445433, 0.623229, 0.0, 0.0, 0.0, 1.0],
                [0.908414, 0.187401, -0.373718, -5e-06, -0.418068, 0.403222, -0.814022, 0.110543, -0.001858, 0.895708, 0.444638, 0.62117, 0.0, 0.0, 0.0, 1.0],
                [0.925405, 0.16999, -0.338717, -5e-06, -0.378974, 0.410096, -0.829578, 0.140175, -0.002113, 0.89606, 0.443927, 0.619022, 0.0, 0.0, 0.0, 1.0],
                [0.940723, 0.15228, -0.303068, -5e-06, -0.339167, 0.416415, -0.843543, 0.169806, -0.002253, 0.896331, 0.44338, 0.616874, 0.0, 0.0, 0.0, 1.0],
                [0.953804, 0.135044, -0.268368, -5e-06, -0.300422, 0.422005, -0.85537, 0.19822, -0.00226, 0.896479, 0.44308, 0.614815, 0.0, 0.0, 0.0, 1.0],
                [0.964361, 0.119077, -0.236282, -5e-06, -0.264583, 0.426817, -0.864768, 0.224199, -0.002125, 0.896464, 0.443111, 0.612932, 0.0, 0.0, 0.0, 1.0],
                [0.972352, 0.105184, -0.208491, -5e-06, -0.233514, 0.430907, -0.87166, 0.246524, -0.001844, 0.896245, 0.443555, 0.611314, 0.0, 0.0, 0.0, 1.0],
                [0.977902, 0.094161, -0.186659, -5e-06, -0.209059, 0.434405, -0.87612, 0.263978, -0.001411, 0.895782, 0.44449, 0.610049, 0.0, 0.0, 0.0, 1.0],
                [0.981195, 0.086794, -0.172405, -5e-06, -0.193018, 0.437468, -0.878275, 0.275344, -0.000807, 0.895036, 0.445994, 0.609225, 0.0, 0.0, 0.0, 1.0],
                [0.982332, 0.083867, -0.167302, -5e-06, -0.187145, 0.440218, -0.878171, 0.279403, 0.0, 0.893965, 0.448136, 0.608931, 0.0, 0.0, 0.0, 1.0],
                [0.982365, 0.083514, -0.167288, -5e-06, -0.186974, 0.442964, -0.876826, 0.279403, 0.000876, 0.892641, 0.450767, 0.608931, 0.0, 0.0, 0.0, 1.0],
                [0.982381, 0.083327, -0.167282, -5e-06, -0.186879, 0.445885, -0.875364, 0.279403, 0.001647, 0.891203, 0.453601, 0.608931, 0.0, 0.0, 0.0, 1.0],
                [0.982386, 0.083271, -0.167281, -5e-06, -0.186847, 0.448846, -0.873856, 0.279403, 0.002316, 0.889721, 0.4565, 0.608931, 0.0, 0.0, 0.0, 1.0],
                [0.982382, 0.083315, -0.167284, -5e-06, -0.186861, 0.451716, -0.872374, 0.279403, 0.002882, 0.888263, 0.459326, 0.608931, 0.0, 0.0, 0.0, 1.0],
                [0.982372, 0.083426, -0.167288, -5e-06, -0.186906, 0.45436, -0.87099, 0.279403, 0.003346, 0.886903, 0.461943, 0.608931, 0.0, 0.0, 0.0, 1.0],
                [0.982359, 0.083569, -0.167293, -5e-06, -0.186967, 0.456647, -0.86978, 0.279403, 0.003707, 0.885714, 0.464216, 0.608931, 0.0, 0.0, 0.0, 1.0],
                [0.982346, 0.083712, -0.167297, -5e-06, -0.18703, 0.458444, -0.86882, 0.279403, 0.003966, 0.884772, 0.466007, 0.608931, 0.0, 0.0, 0.0, 1.0],
                [0.982336, 0.083822, -0.1673, -5e-06, -0.187079, 0.459619, -0.868189, 0.279403, 0.004121, 0.884151, 0.467182, 0.608931, 0.0, 0.0, 0.0, 1.0],
                [0.982332, 0.083867, -0.167302, -5e-06, -0.187099, 0.460041, -0.867961, 0.279403, 0.004173, 0.883928, 0.467604, 0.608931, 0.0, 0.0, 0.0, 1.0]
            ]
        },
        {
            "name": "Thigh_R",
            "time": [0.0, 0.0167, 0.0333, 0.05, 0.0667, 0.0833, 0.1, 0.1167, 0.1333, 0.15, 0.1667, 0.1833, 0.2, 0.2167, 0.2333, 0.25, 0.2667, 0.2833, 0.3, 0.3167, 0.3333, 0.35, 0.3667, 0.3833],
            "transform": [
                [0.847498, 0.512722, 0.137343, 0.124994, 0.292796, -0.667393, 0.684731, -0.002831, 0.442738, -0.540096, -0.715737, -1.2e-05, 0.0, 0.0, 0.0, 1.0],
                [0.842377, 0.517365, 0.150782, 0.124994, 0.287991, -0.668693, 0.685501, -0.002831, 0.45548, -0.534026, -0.712287, -1.2e-05, 0.0, 0.0, 0.0, 1.0],
                [0.828274, 0.528663, 0.18568, 0.124994, 0.27564, -0.672943, 0.686418, -0.002831, 0.487836, -0.517362, -0.703102, -1.2e-05, 0.0, 0.0, 0.0, 1.0],
                [0.807238, 0.542154, 0.233313, 0.124994, 0.259213, -0.680779, 0.685091, -0.002831, 0.530259, -0.492554, -0.690084, -1.2e-05, 0.0, 0.0, 0.0, 1.0],
                [0.781156, 0.554422, 0.287076, 0.124994, 0.241468, -0.692315, 0.679995, -0.002831, 0.575751, -0.461863, -0.674681, -1.2e-05, 0.0, 0.0, 0.0, 1.0],
                [0.751487, 0.563552, 0.343038, 0.124994, 0.224054, -0.70705, 0.67073, -0.002831, 0.620538, -0.427186, -0.657606, -1.2e-05, 0.0, 0.0, 0.0, 1.0],
                [0.719359, 0.568696, 0.398882, 0.124994, 0.207815, -0.724122, 0.657617, -0.002831, 0.662824, -0.39017, -0.639087, -1.2e-05, 0.0, 0.0, 0.0, 1.0],
                [0.685806, 0.569648, 0.452958, 0.124994, 0.193155, -0.742525, 0.641364, -0.002831, 0.701684, -0.35236, -0.619258, -1.2e-05, 0.0, 0.0, 0.0, 1.0],
                [0.651955, 0.566662, 0.503834, 0.124994, 0.180253, -0.761237, 0.622918, -0.002831, 0.736521, -0.315297, -0.598435, -1.2e-05, 0.0, 0.0, 0.0, 1.0],
                [0.619098, 0.560387, 0.550167, 0.124994, 0.169152, -0.779282, 0.603413, -0.002831, 0.76688, -0.28051, -0.577242, -1.2e-05, 0.0, 0.0, 0.0, 1.0],
                [0.588689, 0.551837, 0.590697, 0.124994, 0.159801, -0.795759, 0.58415, -0.002831, 0.792407, -0.249489, -0.556638, -1.2e-05, 0.0, 0.0, 0.0, 1.0],
                [0.562296, 0.54233, 0.62426, 0.124994, 0.152085, -0.809853, 0.566576, -0.002831, 0.81283, -0.223642, -0.537857, -1.2e-05, 0.0, 0.0, 0.0, 1.0],
                [0.541546, 0.533391, 0.649786, 0.124994, 0.145857, -0.82083, 0.552236, -0.002831, 0.827921, -0.204286, -0.522316, -1.2e-05, 0.0, 0.0, 0.0, 1.0],
                [0.528074, 0.526584, 0.666218, 0.124994, 0.140987, -0.828004, 0.542708, -0.002831, 0.837413, -0.192662, -0.511489, -1.2e-05, 0.0, 0.0, 0.0, 1.0],
                [0.523485, 0.5233, 0.6724, 0.124994, 0.137432, -0.830695, 0.539499, -0.002831, 0.840878, -0.19001, -0.506774, -1.2e-05, 0.0, 0.0, 0.0, 1.0],
                [0.523864, 0.522217, 0.672946, 0.124994, 0.134452, -0.830817, 0.540061, -0.002831, 0.841124, -0.19244, -0.505448, -1.2e-05, 0.0, 0.0, 0.0, 1.0],
                [0.524247, 0.521279, 0.673375, 0.124994, 0.131341, -0.830782, 0.540879, -0.002831, 0.841377, -0.195112, -0.504, -1.2e-05, 0.0, 0.0, 0.0, 1.0],
                [0.524619, 0.520483, 0.6737, 0.124994, 0.128229, -0.830625, 0.541866, -0.002831, 0.841624, -0.197886, -0.502503, -1.2e-05, 0.0, 0.0, 0.0, 1.0],
                [0.52497, 0.519824, 0.673936, 0.124994, 0.125242, -0.830383, 0.542936, -0.002831, 0.841856, -0.20062, -0.50103, -1.2e-05, 0.0, 0.0, 0.0, 1.0],
                [0.525286, 0.519293, 0.674099, 0.124994, 0.122509, -0.830094, 0.544, -0.002831, 0.842061, -0.203172, -0.499655, -1.2e-05, 0.0, 0.0, 0.0, 1.0],
                [0.525553, 0.518889, 0.674202, 0.124994, 0.120158, -0.829798, 0.544975, -0.00283, 0.842233, -0.205403, -0.498452, -1.2e-05, 0.0, 0.0, 0.0, 1.0],
                [0.525761, 0.518607, 0.674257, 0.124994, 0.118319, -0.829535, 0.545777, -0.002831, 0.842363, -0.207171, -0.497498, -1.2e-05, 0.0, 0.0, 0.0, 1.0],
                [0.525895, 0.51844, 0.67428, 0.124994, 0.117121, -0.829347, 0.546321, -0.002831, 0.842447, -0.208335, -0.49687, -1.2e-05, 0.0, 0.0, 0.0, 1.0],
                [0.525943, 0.518386, 0.674285, 0.124994, 0.116693, -0.829275, 0.546521, -0.002831, 0.842477, -0.208754, -0.496643, -1.2e-05, 0.0, 0.0, 0.0, 1.0]
            ]
        },
        {
            "name": "Leg_R",
            "time": [0.0, 0.0167, 0.0333, 0.05, 0.0667, 0.0833, 0.1, 0.1167, 0.1333, 0.15, 0.1667, 0.1833, 0.2, 0.2167, 0.2333, 0.25, 0.2667, 0.2833, 0.3, 0.3167, 0.3333, 0.35, 0.3667, 0.3833],
            "transform": [
                [1.0, -1e-06, 1e-06, -0.0, -0.0, 0.596691, 0.802471, 0.374726, -1e-06, -0.802471, 0.596692, 0.0, 0.0, 0.0, 0.0, 1.0],
                [1.0, -1e-06, 1e-06, -0.0, -0.0, 0.598829, 0.800877, 0.374726, -1e-06, -0.800877, 0.598829, -0.0, 0.0, 0.0, 0.0, 1.0],
                [1.0, -1e-06, 1e-06, 0.0, -0.0, 0.604877, 0.796319, 0.374726, -1e-06, -0.796319, 0.604877, 0.0, 0.0, 0.0, 0.0, 1.0],
                [1.0, -1e-06, 1e-06, -0.0, -0.0, 0.614346, 0.789036, 0.374726, -1e-06, -0.789036, 0.614346, 0.0, 0.0, 0.0, 0.0, 1.0],
                [1.0, -1e-06, 1e-06, 0.0, -0.0, 0.626773, 0.779202, 0.374726, -1e-06, -0.779202, 0.626773, 0.0, 0.0, 0.0, 0.0, 1.0],
                [1.0, -1e-06, 1e-06, 0.0, -0.0, 0.641674, 0.766977, 0.374726, -1e-06, -0.766977, 0.641675, 0.0, 0.0, 0.0, 0.0, 1.0],
                [1.0, -0.0, 1e-06, -0.0, -0.0, 0.658508, 0.752573, 0.374726, -1e-06, -0.752573, 0.658508, -0.0, 0.0, 0.0, 0.0, 1.0],
                [1.0, -1e-06, 1e-06, 0.0, -0.0, 0.676653, 0.736301, 0.374726, -1e-06, -0.736302, 0.676654, -0.0, 0.0, 0.0, 0.0, 1.0],
                [1.0, -1e-06, 1e-06, -0.0, -0.0, 0.695391, 0.718631, 0.374726, -1e-06, -0.718631, 0.695391, -0.0, 0.0, 0.0, 0.0, 1.0],
                [1.0, -0.0, 1e-06, -0.0, -0.0, 0.713915, 0.700232, 0.374726, -1e-06, -0.700232, 0.713915, 0.0, 0.0, 0.0, 0.0, 1.0],
                [1.0, -1e-06, 1e-06, -0.0, -0.0, 0.731333, 0.68202, 0.374726, -1e-06, -0.68202, 0.731334, -0.0, 0.0, 0.0, 0.0, 1.0],
                [1.0, -0.0, 1e-06, -0.0, -0.0, 0.746692, 0.66517, 0.374726, -1e-06, -0.66517, 0.746692, -0.0, 0.0, 0.0, 0.0, 1.0],
                [1.0, -0.0, 1e-06, -0.0, -0.0, 0.759011, 0.651078, 0.374726, -1e-06, -0.651077, 0.759011, -0.0, 0.0, 0.0, 0.0, 1.0],
                [1.0, -0.0, 1e-06, 0.0, -0.0, 0.767311, 0.641275, 0.374726, -1e-06, -0.641275, 0.767311, -0.0, 0.0, 0.0, 0.0, 1.0],
                [1.0, -1e-06, 1e-06, -0.0, -0.0, 0.770647, 0.637262, 0.374726, -1e-06, -0.637262, 0.770647, 0.0, 0.0, 0.0, 0.0, 1.0],
                [1.0, -1e-06, 1e-06, -0.0, -0.0, 0.771166, 0.636634, 0.374726, -1e-06, -0.636634, 0.771166, 0.0, 0.0, 0.0, 0.0, 1.0],
                [1.0, -0.0, 1e-06, 0.0, -0.0, 0.77161, 0.636097, 0.374726, -1e-06, -0.636097, 0.77161, -0.0, 0.0, 0.0, 0.0, 1.0],
                [1.000001, -0.0, 1e-06, 0.0, -0.0, 0.77198, 0.635647, 0.374726, -1e-06, -0.635647, 0.77198, -0.0, 0.0, 0.0, 0.0, 1.0],
                [1.0, -0.0, 1e-06, 0.0, -0.0, 0.772281, 0.635281, 0.374726, -1e-06, -0.635281, 0.772281, -0.0, 0.0, 0.0, 0.0, 1.0],
                [1.0, -1e-06, 1e-06, 0.0, -0.0, 0.772522, 0.634988, 0.374726, -1e-06, -0.634988, 0.772522, -0.0, 0.0, 0.0, 0.0, 1.0],
                [1.0, -0.0, 1e-06, 0.0, -0.0, 0.772701, 0.63477, 0.374726, -1e-06, -0.63477, 0.772702, -0.0, 0.0, 0.0, 0.0, 1.0],
                [1.0, -1e-06, 1e-06, 0.0, -0.0, 0.772823, 0.634621, 0.374726, -1e-06, -0.634621, 0.772824, -0.0, 0.0, 0.0, 0.0, 1.0],
                [1.0, -0.0, 1e-06, 0.0, -0.0, 0.772894, 0.634535, 0.374726, -1e-06, -0.634535, 0.772894, -0.0, 0.0, 0.0, 0.0, 1.0],
                [1.0, -1e-06, 1e-06, -0.0, -0.0, 0.772918, 0.634506, 0.374726, -1e-06, -0.634506, 0.772918, -0.0, 0.0, 0.0, 0.0, 1.0]
            ]
        },
        {
            "name": "Knee_R",
            "time": [0.0, 0.3833],
            "transform": [
                [1.0, 0.0, -0.0, -0.0, -0.0, 0.00567, -0.999984, 0.416374, -0.0, 0.999984, 0.00567, -0.000236, 0.0, 0.0, 0.0, 1.0],
                [1.0, 0.0, -0.0, -0.0, -0.0, 0.00567, -0.999984, 0.390738, -0.0, 0.999984, 0.00567, -9.1e-05, 0.0, 0.0, 0.0, 1.0]
            ]
        },
        {
            "name": "Thigh_L",
            "time": [0.0, 0.0167, 0.0333, 0.05, 0.0667, 0.0833, 0.1, 0.1167, 0.1333, 0.15, 0.1667, 0.1833, 0.2, 0.2167, 0.2333, 0.25, 0.2667, 0.2833, 0.3, 0.3167, 0.3333, 0.35, 0.3667, 0.3833],
            "transform": [
                [0.876875, -0.428495, 0.217903, -0.125006, -0.377646, -0.333555, 0.863785, -0.002831, -0.297445, -0.839722, -0.454305, -1.2e-05, 0.0, 0.0, 0.0, 1.0],
                [0.879355, -0.428608, 0.207438, -0.125006, -0.365136, -0.327341, 0.871506, -0.002831, -0.305632, -0.842107, -0.444349, -1.2e-05, 0.0, 0.0, 0.0, 1.0],
                [0.885121, -0.427766, 0.18324, -0.125006, -0.334765, -0.31177, 0.889231, -0.002831, -0.323254, -0.848419, -0.419155, -1.2e-05, 0.0, 0.0, 0.0, 1.0],
                [0.892089, -0.42364, 0.157186, -0.125006, -0.298844, -0.292224, 0.908459, -0.002831, -0.338925, -0.8574, -0.387291, -1.2e-05, 0.0, 0.0, 0.0, 1.0],
                [0.899705, -0.41449, 0.136851, -0.125006, -0.266469, -0.273233, 0.924304, -0.002831, -0.345723, -0.868068, -0.356278, -1.2e-05, 0.0, 0.0, 0.0, 1.0],
                [0.908067, -0.399915, 0.124427, -0.125006, -0.241685, -0.257715, 0.935506, -0.002831, -0.342056, -0.879574, -0.330676, -1.2e-05, 0.0, 0.0, 0.0, 1.0],
                [0.91701, -0.380658, 0.119128, -0.125006, -0.225054, -0.247212, 0.942463, -0.002831, -0.329307, -0.891059, -0.312364, -1.2e-05, 0.0, 0.0, 0.0, 1.0],
                [0.926014, -0.358149, 0.119276, -0.125006, -0.215537, -0.242241, 0.945972, -0.002831, -0.309906, -0.901692, -0.301512, -1.2e-05, 0.0, 0.0, 0.0, 1.0],
                [0.934438, -0.334118, 0.123251, -0.125006, -0.211595, -0.242519, 0.946791, -0.002831, -0.286449, -0.910797, -0.297317, -1.2e-05, 0.0, 0.0, 0.0, 1.0],
                [0.941741, -0.310328, 0.129696, -0.125006, -0.211654, -0.247105, 0.94559, -0.002831, -0.261395, -0.917952, -0.298391, -1.2e-05, 0.0, 0.0, 0.0, 1.0],
                [0.947592, -0.288405, 0.137449, -0.125006, -0.214255, -0.254532, 0.943031, -0.002831, -0.23699, -0.923058, -0.302985, -1.2e-05, 0.0, 0.0, 0.0, 1.0],
                [0.95189, -0.269736, 0.145421, -0.125006, -0.218095, -0.262968, 0.939831, -0.002831, -0.215265, -0.926332, -0.309144, -1.2e-05, 0.0, 0.0, 0.0, 1.0],
                [0.954714, -0.255444, 0.152546, -0.125006, -0.222031, -0.270397, 0.936797, -0.002831, -0.198051, -0.928243, -0.314868, -1.2e-05, 0.0, 0.0, 0.0, 1.0],
                [0.956224, -0.246442, 0.157802, -0.125006, -0.225092, -0.274832, 0.934773, -0.002831, -0.186998, -0.929373, -0.318273, -1.2e-05, 0.0, 0.0, 0.0, 1.0],
                [0.956547, -0.243562, 0.160296, -0.125006, -0.22651, -0.274543, 0.934516, -0.002831, -0.183604, -0.930217, -0.317783, -1.2e-05, 0.0, 0.0, 0.0, 1.0],
                [0.956293, -0.244031, 0.161099, -0.125006, -0.226812, -0.271313, 0.935385, -0.002831, -0.184555, -0.931042, -0.314804, -1.2e-05, 0.0, 0.0, 0.0, 1.0],
                [0.956064, -0.244487, 0.161764, -0.125006, -0.226942, -0.267937, 0.936326, -0.002831, -0.185577, -0.931899, -0.31165, -1.2e-05, 0.0, 0.0, 0.0, 1.0],
                [0.955862, -0.244919, 0.162304, -0.125006, -0.226936, -0.264554, 0.937289, -0.002831, -0.186622, -0.932752, -0.308458, -1.2e-05, 0.0, 0.0, 0.0, 1.0],
                [0.955688, -0.245315, 0.162729, -0.125006, -0.22683, -0.261304, 0.938227, -0.002831, -0.18764, -0.933564, -0.30537, -1.2e-05, 0.0, 0.0, 0.0, 1.0],
                [0.955543, -0.245665, 0.163051, -0.125006, -0.226659, -0.258326, 0.939092, -0.002831, -0.188582, -0.9343, -0.302524, -1.2e-05, 0.0, 0.0, 0.0, 1.0],
                [0.955428, -0.245958, 0.163283, -0.125006, -0.226461, -0.255764, 0.93984, -0.00283, -0.1894, -0.934928, -0.300064, -1.2e-05, 0.0, 0.0, 0.0, 1.0],
                [0.955345, -0.246181, 0.163434, -0.125006, -0.226273, -0.253757, 0.94043, -0.002831, -0.190044, -0.935416, -0.29813, -1.2e-05, 0.0, 0.0, 0.0, 1.0],
                [0.955294, -0.246324, 0.163517, -0.125006, -0.226132, -0.252448, 0.940816, -0.002831, -0.190466, -0.935732, -0.296864, -1.2e-05, 0.0, 0.0, 0.0, 1.0],
                [0.955277, -0.246374, 0.163542, -0.125006, -0.226077, -0.25198, 0.940954, -0.002831, -0.190617, -0.935845, -0.296411, -1.2e-05, 0.0, 0.0, 0.0, 1.0]
            ]
        },
        {
            "name": "Leg_L",
            "time": [0.0, 0.0167, 0.0333, 0.05, 0.0667, 0.0833, 0.1, 0.1167, 0.1333, 0.15, 0.1667, 0.1833, 0.2, 0.2167, 0.2333, 0.25, 0.2667, 0.2833, 0.3, 0.3167, 0.3333, 0.35, 0.3667, 0.3833],
            "transform": [
                [1.0, -1e-06, 1e-06, -0.0, -0.0, 0.73343, 0.679765, 0.374726, -1e-06, -0.679765, 0.733431, 0.0, 0.0, 0.0, 0.0, 1.0],
                [1.0, -0.0, 1e-06, -0.0, -0.0, 0.723409, 0.69042, 0.374726, -1e-06, -0.69042, 0.723409, 0.0, 0.0, 0.0, 0.0, 1.0],
                [1.0, -1e-06, 1e-06, 0.0, -0.0, 0.695857, 0.71818, 0.374726, -1e-06, -0.71818, 0.695857, 0.0, 0.0, 0.0, 0.0, 1.0],
                [1.0, -1e-06, 1e-06, -0.0, -0.0, 0.654994, 0.755633, 0.374726, -1e-06, -0.755634, 0.654995, -0.0, 0.0, 0.0, 0.0, 1.0],
                [1.0, -1e-06, 1e-06, 0.0, -0.0, 0.605262, 0.796026, 0.374726, -1e-06, -0.796026, 0.605262, 0.0, 0.0, 0.0, 0.0, 1.0],
                [1.0, -1e-06, 1e-06, -0.0, -0.0, 0.550927, 0.834553, 0.374726, -1e-06, -0.834553, 0.550927, 0.0, 0.0, 0.0, 0.0, 1.0],
                [1.0, -1e-06, 1e-06, 0.0, -0.0, 0.495786, 0.868444, 0.374726, -1e-06, -0.868445, 0.495787, 0.0, 0.0, 0.0, 0.0, 1.0],
                [1.0, -1e-06, 1e-06, 0.0, -0.0, 0.442978, 0.896532, 0.374726, -1e-06, -0.896533, 0.442978, -0.0, 0.0, 0.0, 0.0, 1.0],
                [1.0, -1e-06, 1e-06, -0.0, -0.0, 0.394888, 0.918729, 0.374726, -1e-06, -0.918729, 0.394888, 0.0, 0.0, 0.0, 0.0, 1.0],
                [1.0, -1e-06, 0.0, -0.0, -0.0, 0.353138, 0.935571, 0.374726, -1e-06, -0.935571, 0.353138, -0.0, 0.0, 0.0, 0.0, 1.0],
                [1.0, -1e-06, 0.0, -0.0, -0.0, 0.318647, 0.947873, 0.374726, -1e-06, -0.947873, 0.318647, 0.0, 0.0, 0.0, 0.0, 1.0],
                [1.0, -1e-06, 0.0, 0.0, -0.0, 0.291763, 0.95649, 0.374726, -1e-06, -0.956491, 0.291764, -0.0, 0.0, 0.0, 0.0, 1.0],
                [1.0, -1e-06, 0.0, -0.0, -0.0, 0.272459, 0.962168, 0.374726, -1e-06, -0.962167, 0.272459, 0.0, 0.0, 0.0, 0.0, 1.0],
                [1.0, -1e-06, 0.0, -0.0, -0.0, 0.260591, 0.965449, 0.374726, -1e-06, -0.965449, 0.260591, -0.0, 0.0, 0.0, 0.0, 1.0],
                [1.0, -1e-06, 0.0, -0.0, -0.0, 0.256241, 0.966613, 0.374726, -1e-06, -0.966613, 0.256241, 0.0, 0.0, 0.0, 0.0, 1.0],
                [1.0, -1e-06, 0.0, 0.0, -0.0, 0.255836, 0.96672, 0.374726, -1e-06, -0.96672, 0.255837, -0.0, 0.0, 0.0, 0.0, 1.0],
                [1.0, -1e-06, 0.0, 0.0, -0.0, 0.255481, 0.966814, 0.374726, -1e-06, -0.966814, 0.255481, -0.0, 0.0, 0.0, 0.0, 1.0],
                [1.0, -1e-06, 0.0, 0.0, -0.0, 0.255172, 0.966895, 0.374726, -1e-06, -0.966896, 0.255173, 0.0, 0.0, 0.0, 0.0, 1.0],
                [1.0, -1e-06, 0.0, -0.0, -0.0, 0.25491, 0.966965, 0.374726, -1e-06, -0.966965, 0.25491, 0.0, 0.0, 0.0, 0.0, 1.0],
                [1.0, -1e-06, 0.0, 0.0, -0.0, 0.254696, 0.967021, 0.374726, -1e-06, -0.967021, 0.254696, -0.0, 0.0, 0.0, 0.0, 1.0],
                [1.0, -1e-06, 0.0, 0.0, -0.0, 0.254529, 0.967065, 0.374726, -1e-06, -0.967066, 0.254529, -0.0, 0.0, 0.0, 0.0, 1.0],
                [1.0, -1e-06, 0.0, -0.0, -0.0, 0.25441, 0.967096, 0.374726, -1e-06, -0.967096, 0.25441, -0.0, 0.0, 0.0, 0.0, 1.0],
                [1.0, -1e-06, 0.0, 0.0, -0.0, 0.254338, 0.967115, 0.374726, -1e-06, -0.967115, 0.254338, 0.0, 0.0, 0.0, 0.0, 1.0],
                [1.0, -1e-06, 0.0, 0.0, -0.0, 0.254314, 0.967121, 0.374726, -1e-06, -0.967122, 0.254313, 0.0, 0.0, 0.0, 0.0, 1.0]
            ]
        },
        {
            "name": "Knee_L",
            "time": [0.0, 0.3833],
            "transform": [
                [1.0, 0.0, -0.0, -0.0, -0.0, 0.00567, -0.999984, 0.397048, -0.0, 0.999984, 0.00567, -0.000127, 0.0, 0.0, 0.0, 1.0],
                [1.0, 0.0, -0.0, 0.0, -0.0, 0.00567, -0.999984, 0.456524, -0.0, 0.999984, 0.00567, -0.000464, 0.0, 0.0, 0.0, 1.0]
            ]
        },
        {
            "name": "Torso",
            "time": [0.0, 0.0167, 0.0333, 0.05, 0.0667, 0.0833, 0.1, 0.1167, 0.1333, 0.15, 0.1667, 0.1833, 0.2, 0.2167, 0.2333, 0.25, 0.2667, 0.2833, 0.3, 0.3167, 0.3333, 0.35, 0.3667, 0.3833],
            "transform": [
                [1.0, 0.0, 0.0, -0.0, 0.0, 1.0, -0.0, 0.05, -0.0, 0.0, 1.0, -0.0, 0.0, 0.0, 0.0, 1.0],
                [1.0, 0.0, -0.0, -0.0, -0.0, 1.0, 0.0, 0.05, 0.0, -0.0, 1.0, 0.0, 0.0, 0.0, 0.0, 1.0],
                [1.0, -0.0, 0.0, 0.0, 0.0, 1.0, 0.0, 0.05, -0.0, 0.0, 1.0, -0.0, 0.0, 0.0, 0.0, 1.0],
                [1.0, -0.0, 0.0, -0.0, -0.0, 1.0, -0.0, 0.05, -0.0, 0.0, 1.0, 0.0, 0.0, 0.0, 0.0, 1.0],
                [1.0, 0.0, 0.0, 0.0, 0.0, 1.0, -0.0, 0.05, 0.0, -0.0, 1.0, -0.0, 0.0, 0.0, 0.0, 1.0],
                [1.0, 0.0, 0.0, 0.0, -0.0, 1.0, -0.0, 0.05, -0.0, 0.0, 1.0, -0.0, 0.0, 0.0, 0.0, 1.0],
                [1.0, -0.0, -0.0, 0.0, -0.0, 1.0, 0.0, 0.05, -0.0, 0.0, 1.0, -0.0, 0.0, 0.0, 0.0, 1.0],
                [1.0, 0.0, -0.0, -0.0, 0.0, 1.0, 0.0, 0.05, -0.0, 0.0, 1.0, 0.0, 0.0, 0.0, 0.0, 1.0],
                [1.0, -0.0, 0.0, 0.0, 0.0, 1.0, -0.0, 0.05, -0.0, 0.0, 1.0, 0.0, 0.0, 0.0, 0.0, 1.0],
                [1.0, -0.0, 0.0, -0.0, 0.0, 1.0, -0.0, 0.05, 0.0, 0.0, 1.0, -0.0, 0.0, 0.0, 0.0, 1.0],
                [1.0, -0.0, -0.0, -0.0, -0.0, 1.0, 0.0, 0.05, -0.0, -0.0, 1.0, 0.0, 0.0, 0.0, 0.0, 1.0],
                [1.0, -0.0, 0.0, -0.0, 0.0, 1.0, -0.0, 0.05, -0.0, -0.0, 1.0, -0.0, 0.0, 0.0, 0.0, 1.0],
                [1.0, 0.0, 0.0, -0.0, -0.0, 1.0, 0.0, 0.05, 0.0, -0.0, 1.0, 0.0, 0.0, 0.0, 0.0, 1.0],
                [1.0, 0.0, 0.0, 0.0, 0.0, 1.0, -0.0, 0.05, -0.0, -0.0, 1.0, -0.0, 0.0, 0.0, 0.0, 1.0],
                [1.0, -0.0, -0.0, 0.0, 0.0, 1.0, -0.0, 0.05, 0.0, 0.0, 1.0, 0.0, 0.0, 0.0, 0.0, 1.0],
                [1.0, -0.0, 0.0, -0.0, -0.0, 1.0, -0.0, 0.05, -0.0, -0.0, 1.0, 0.0, 0.0, 0.0, 0.0, 1.0],
                [1.0, 0.0, 0.0, 0.0, 0.0, 1.0, 0.0, 0.05, 0.0, 0.0, 1.0, -0.0, 0.0, 0.0, 0.0, 1.0],
                [1.0, 0.0, 0.0, 0.0, 0.0, 1.0, 0.0, 0.05, -0.0, 0.0, 1.0, 0.0, 0.0, 0.0, 0.0, 1.0],
                [1.0, -0.0, 0.0, -0.0, 0.0, 1.0, -0.0, 0.05, -0.0, -0.0, 1.0, -0.0, 0.0, 0.0, 0.0, 1.0],
                [1.0, 0.0, -0.0, -0.0, 0.0, 1.0, 0.0, 0.05, 0.0, 0.0, 1.0, 0.0, 0.0, 0.0, 0.0, 1.0],
                [1.0, -0.0, 0.0, 0.0, -0.0, 1.0, 0.0, 0.05, -0.0, 0.0, 1.0, 0.0, 0.0, 0.0, 0.0, 1.0],
                [1.0, 0.0, 0.0, 0.0, -0.0, 1.0, -0.0, 0.05, 0.0, -0.0, 1.0, -0.0, 0.0, 0.0, 0.0, 1.0],
                [1.0, -0.0, 0.0, -0.0, -0.0, 1.0, -0.0, 0.05, 0.0, -0.0, 1.0, 0.0, 0.0, 0.0, 0.0, 1.0],
                [1.0, 0.0, -0.0, 0.0, 0.0, 1.0, -0.0, 0.05, -0.0, -0.0, 1.0, 0.0, 0.0, 0.0, 0.0, 1.0]
            ]
        },
        {
            "name": "Chest",
            "time": [0.0, 0.0167, 0.0333, 0.05, 0.0667, 0.0833, 0.1, 0.1167, 0.1333, 0.15, 0.1667, 0.1833, 0.2, 0.2167, 0.2333, 0.25, 0.2667, 0.2833, 0.3, 0.3167, 0.3333, 0.35, 0.3667, 0.3833],
            "transform": [
                [1.0, 0.0, 0.0, 0.0, 0.0, 0.862189, 0.506587, 0.3, -0.0, -0.506587, 0.862189, 0.0, 0.0, 0.0, 0.0, 1.0],
                [1.0, 0.0, -0.0, 0.0, -0.0, 0.862189, 0.506587, 0.3, 0.0, -0.506587, 0.862189, 0.0, 0.0, 0.0, 0.0, 1.0],
                [1.0, -0.0, 0.0, -0.0, 0.0, 0.862189, 0.506587, 0.3, -0.0, -0.506587, 0.862189, 0.0, 0.0, 0.0, 0.0, 1.0],
                [1.0, -0.0, 0.0, 0.0, -0.0, 0.862189, 0.506587, 0.3, -0.0, -0.506587, 0.862189, 0.0, 0.0, 0.0, 0.0, 1.0],
                [1.0, 0.0, 0.0, -0.0, 0.0, 0.862189, 0.506587, 0.3, 0.0, -0.506587, 0.862189, 0.0, 0.0, 0.0, 0.0, 1.0],
                [1.0, 0.0, 0.0, 0.0, -0.0, 0.862189, 0.506587, 0.3, -0.0, -0.506587, 0.862189, -0.0, 0.0, 0.0, 0.0, 1.0],
                [1.0, -0.0, -0.0, 0.0, -0.0, 0.862189, 0.506587, 0.3, -0.0, -0.506587, 0.862189, 0.0, 0.0, 0.0, 0.0, 1.0],
                [1.0, 0.0, -0.0, 0.0, 0.0, 0.862189, 0.506587, 0.3, -0.0, -0.506587, 0.862189, 0.0, 0.0, 0.0, 0.0, 1.0],
                [1.0, 0.0, 0.0, -0.0, 0.0, 0.862189, 0.506587, 0.3, -0.0, -0.506587, 0.862189, 0.0, 0.0, 0.0, 0.0, 1.0],
                [1.0, -0.0, 0.0, 0.0, 0.0, 0.862189, 0.506587, 0.3, 0.0, -0.506587, 0.862189, 0.0, 0.0, 0.0, 0.0, 1.0],
                [1.0, -0.0, -0.0, -0.0, -0.0, 0.862189, 0.506587, 0.3, -0.0, -0.506587, 0.862189, 0.0, 0.0, 0.0, 0.0, 1.0],
                [1.0, -0.0, 0.0, -0.0, 0.0, 0.862189, 0.506587, 0.3, -0.0, -0.506587, 0.862189, -0.0, 0.0, 0.0, 0.0, 1.0],
                [1.0, -0.0, 0.0, 0.0, -0.0, 0.862189, 0.506587, 0.3, 0.0, -0.506587, 0.862189, -0.0, 0.0, 0.0, 0.0, 1.0],
                [1.0, -0.0, 0.0, -0.0, 0.0, 0.862189, 0.506587, 0.3, -0.0, -0.506587, 0.862189, 0.0, 0.0, 0.0, 0.0, 1.0],
                [1.0, -0.0, -0.0, -0.0, 0.0, 0.862189, 0.506587, 0.3, 0.0, -0.506587, 0.862189, 0.0, 0.0, 0.0, 0.0, 1.0],
                [1.0, 0.0, 0.0, -0.0, -0.0, 0.862189, 0.506587, 0.3, -0.0, -0.506587, 0.862189, -0.0, 0.0, 0.0, 0.0, 1.0],
                [1.0, 0.0, 0.0, 0.0, 0.0, 0.862189, 0.506587, 0.3, 0.0, -0.506587, 0.862189, 0.0, 0.0, 0.0, 0.0, 1.0],
                [1.0, -0.0, 0.0, -0.0, 0.0, 0.862189, 0.506587, 0.3, -0.0, -0.506587, 0.862189, -0.0, 0.0, 0.0, 0.0, 1.0],
                [1.0, -0.0, 0.0, -0.0, 0.0, 0.862189, 0.506587, 0.3, -0.0, -0.506587, 0.862189, 0.0, 0.0, 0.0, 0.0, 1.0],
                [1.0, 0.0, -0.0, 0.0, 0.0, 0.862189, 0.506587, 0.3, 0.0, -0.506587, 0.862189, 0.0, 0.0, 0.0, 0.0, 1.0],
                [1.0, -0.0, 0.0, 0.0, -0.0, 0.862189, 0.506587, 0.3, -0.0, -0.506587, 0.862189, 0.0, 0.0, 0.0, 0.0, 1.0],
                [1.0, -0.0, -0.0, -0.0, -0.0, 0.862189, 0.506587, 0.3, 0.0, -0.506587, 0.862189, -0.0, 0.0, 0.0, 0.0, 1.0],
                [1.0, -0.0, 0.0, -0.0, -0.0, 0.862189, 0.506587, 0.3, 0.0, -0.506587, 0.862189, -0.0, 0.0, 0.0, 0.0, 1.0],
                [1.0, 0.0, 0.0, 0.0, 0.0, 0.862189, 0.506587, 0.3, -0.0, -0.506587, 0.862189, -0.0, 0.0, 0.0, 0.0, 1.0]
            ]
        },
        {
            "name": "Head",
            "time": [0.0, 0.0167, 0.0333, 0.05, 0.0667, 0.0833, 0.1, 0.1167, 0.1333, 0.15, 0.1667, 0.1833, 0.2, 0.2167, 0.2333, 0.25, 0.2667, 0.2833, 0.3, 0.3167, 0.3333, 0.35, 0.3667, 0.3833],
            "transform": [
                [0.981224, -0.044228, 0.187733, -0.0, 0.161868, 0.718096, -0.676858, 0.4, -0.104874, 0.694537, 0.711772, -0.0, 0.0, 0.0, 0.0, 1.0],
                [0.981224, -0.044228, 0.187733, 0.0, 0.161868, 0.718096, -0.676858, 0.4, -0.104874, 0.694537, 0.711772, 0.0, 0.0, 0.0, 0.0, 1.0],
                [0.981224, -0.044228, 0.187733, 0.0, 0.161868, 0.718096, -0.676858, 0.4, -0.104874, 0.694537, 0.711772, -0.0, 0.0, 0.0, 0.0, 1.0],
                [0.981224, -0.044228, 0.187733, 0.0, 0.161868, 0.718096, -0.676858, 0.4, -0.104874, 0.694537, 0.711772, 0.0, 0.0, 0.0, 0.0, 1.0],
                [0.981224, -0.044228, 0.187733, -0.0, 0.161868, 0.718096, -0.676858, 0.4, -0.104874, 0.694537, 0.711772, 0.0, 0.0, 0.0, 0.0, 1.0],
                [0.981224, -0.044228, 0.187733, -0.0, 0.161868, 0.718096, -0.676858, 0.4, -0.104874, 0.694537, 0.711772, -0.0, 0.0, 0.0, 0.0, 1.0],
                [0.981224, -0.044228, 0.187733, 0.0, 0.161868, 0.718096, -0.676858, 0.4, -0.104874, 0.694537, 0.711772, -0.0, 0.0, 0.0, 0.0, 1.0],
                [0.981224, -0.044228, 0.187733, -0.0, 0.161868, 0.718096, -0.676858, 0.4, -0.104874, 0.694537, 0.711772, -0.0, 0.0, 0.0, 0.0, 1.0],
                [0.981224, -0.044228, 0.187733, -0.0, 0.161868, 0.718096, -0.676858, 0.4, -0.104874, 0.694537, 0.711772, -0.0, 0.0, 0.0, 0.0, 1.0],
                [0.981224, -0.044228, 0.187733, 0.0, 0.161868, 0.718096, -0.676858, 0.4, -0.104874, 0.694537, 0.711772, -0.0, 0.0, 0.0, 0.0, 1.0],
                [0.981224, -0.044228, 0.187733, -0.0, 0.161868, 0.718096, -0.676858, 0.4, -0.104874, 0.694537, 0.711772, -0.0, 0.0, 0.0, 0.0, 1.0],
                [0.981224, -0.044228, 0.187733, -0.0, 0.161868, 0.718096, -0.676858, 0.4, -0.104874, 0.694537, 0.711772, 0.0, 0.0, 0.0, 0.0, 1.0],
                [0.981224, -0.044228, 0.187733, 0.0, 0.161868, 0.718096, -0.676858, 0.4, -0.104874, 0.694537, 0.711772, 0.0, 0.0, 0.0, 0.0, 1.0],
                [0.981224, -0.044228, 0.187733, -0.0, 0.161868, 0.718096, -0.676858, 0.4, -0.104874, 0.694537, 0.711772, 0.0, 0.0, 0.0, 0.0, 1.0],
                [0.981224, -0.044228, 0.187733, 0.0, 0.161868, 0.718096, -0.676858, 0.4, -0.104874, 0.694537, 0.711772, -0.0, 0.0, 0.0, 0.0, 1.0],
                [0.981224, -0.044228, 0.187733, 0.0, 0.161868, 0.718096, -0.676858, 0.4, -0.104874, 0.694537, 0.711772, -0.0, 0.0, 0.0, 0.0, 1.0],
                [0.981224, -0.044228, 0.187733, -0.0, 0.161868, 0.718096, -0.676858, 0.4, -0.104874, 0.694537, 0.711772, 0.0, 0.0, 0.0, 0.0, 1.0],
                [0.981224, -0.044228, 0.187733, 0.0, 0.161868, 0.718096, -0.676858, 0.4, -0.104874, 0.694537, 0.711772, -0.0, 0.0, 0.0, 0.0, 1.0],
                [0.981224, -0.044228, 0.187733, -0.0, 0.161868, 0.718096, -0.676858, 0.4, -0.104874, 0.694537, 0.711772, -0.0, 0.0, 0.0, 0.0, 1.0],
                [0.981224, -0.044228, 0.187733, 0.0, 0.161868, 0.718096, -0.676858, 0.4, -0.104874, 0.694537, 0.711772, 0.0, 0.0, 0.0, 0.0, 1.0],
                [0.981224, -0.044228, 0.187733, -0.0, 0.161868, 0.718096, -0.676858, 0.4, -0.104874, 0.694537, 0.711772, -0.0, 0.0, 0.0, 0.0, 1.0],
                [0.981224, -0.044228, 0.187733, 0.0, 0.161868, 0.718096, -0.676858, 0.4, -0.104874, 0.694537, 0.711772, 0.0, 0.0, 0.0, 0.0, 1.0],
                [0.981224, -0.044228, 0.187733, 0.0, 0.161868, 0.718096, -0.676858, 0.4, -0.104874, 0.694537, 0.711772, 0.0, 0.0, 0.0, 0.0, 1.0],
                [0.981224, -0.044228, 0.187733, -0.0, 0.161868, 0.718096, -0.676858, 0.4, -0.104874, 0.694537, 0.711772, 0.0, 0.0, 0.0, 0.0, 1.0]
            ]
        },
        {
            "name": "Shoulder_R",
            "time": [0.0, 0.0167, 0.0333, 0.05, 0.0667, 0.0833, 0.1, 0.1167, 0.1333, 0.15, 0.1667, 0.1833, 0.2, 0.2167, 0.2333, 0.25, 0.2667, 0.2833, 0.3, 0.3167, 0.3333, 0.35, 0.3667, 0.3833],
            "transform": [
                [0.0, 0.952114, 0.305743, -0.0, 0.0, -0.305743, 0.952114, 0.4, 1.0, 0.0, -0.0, -0.0, 0.0, 0.0, 0.0, 1.0],
                [0.0, 0.952114, 0.305743, 0.0, 0.0, -0.305743, 0.952114, 0.4, 1.0, -0.0, -0.0, 0.0, 0.0, 0.0, 0.0, 1.0],
                [0.0, 0.952114, 0.305743, 0.0, 0.0, -0.305743, 0.952114, 0.4, 1.0, 0.0, 0.0, -0.0, 0.0, 0.0, 0.0, 1.0],
                [0.0, 0.952114, 0.305743, 0.0, 0.0, -0.305743, 0.952114, 0.4, 1.0, 0.0, -0.0, 0.0, 0.0, 0.0, 0.0, 1.0],
                [0.0, 0.952114, 0.305743, -0.0, -0.0, -0.305743, 0.952114, 0.4, 1.0, 0.0, -0.0, 0.0, 0.0, 0.0, 0.0, 1.0],
                [0.0, 0.952114, 0.305743, -0.0, 0.0, -0.305743, 0.952114, 0.4, 1.0, -0.0, -0.0, -0.0, 0.0, 0.0, 0.0, 1.0],
                [0.0, 0.952114, 0.305743, 0.0, -0.0, -0.305743, 0.952114, 0.4, 1.0, 0.0, -0.0, -0.0, 0.0, 0.0, 0.0, 1.0],
                [0.0, 0.952114, 0.305743, -0.0, 0.0, -0.305743, 0.952114, 0.4, 1.0, -0.0, -0.0, -0.0, 0.0, 0.0, 0.0, 1.0],
                [0.0, 0.952114, 0.305743, -0.0, -0.0, -0.305743, 0.952114, 0.4, 1.0, 0.0, -0.0, -0.0, 0.0, 0.0, 0.0, 1.0],
                [0.0, 0.952114, 0.305743, 0.0, -0.0, -0.305743, 0.952114, 0.4, 1.0, 0.0, -0.0, -0.0, 0.0, 0.0, 0.0, 1.0],
                [0.0, 0.952114, 0.305743, -0.0, 0.0, -0.305743, 0.952114, 0.4, 1.0, -0.0, -0.0, -0.0, 0.0, 0.0, 0.0, 1.0],
                [0.0, 0.952114, 0.305743, -0.0, 0.0, -0.305743, 0.952114, 0.4, 1.0, -0.0, -0.0, 0.0, 0.0, 0.0, 0.0, 1.0],
                [0.0, 0.952114, 0.305743, 0.0, 0.0, -0.305743, 0.952114, 0.4, 1.0, 0.0, -0.0, 0.0, 0.0, 0.0, 0.0, 1.0],
                [0.0, 0.952114, 0.305743, -0.0, 0.0, -0.305743, 0.952114, 0.4, 1.0, 0.0, -0.0, 0.0, 0.0, 0.0, 0.0, 1.0],
                [0.0, 0.952114, 0.305743, 0.0, 0.0, -0.305743, 0.952114, 0.4, 1.0, 0.0, -0.0, -0.0, 0.0, 0.0, 0.0, 1.0],
                [0.0, 0.952114, 0.305743, 0.0, 0.0, -0.305743, 0.952114, 0.4, 1.0, -0.0, -0.0, -0.0, 0.0, 0.0, 0.0, 1.0],
                [0.0, 0.952114, 0.305743, -0.0, 0.0, -0.305743, 0.952114, 0.4, 1.0, 0.0, -0.0, 0.0, 0.0, 0.0, 0.0, 1.0],
                [0.0, 0.952114, 0.305743, 0.0, 0.0, -0.305743, 0.952114, 0.4, 1.0, 0.0, -0.0, -0.0, 0.0, 0.0, 0.0, 1.0],
                [0.0, 0.952114, 0.305743, -0.0, -0.0, -0.305743, 0.952114, 0.4, 1.0, -0.0, -0.0, -0.0, 0.0, 0.0, 0.0, 1.0],
                [0.0, 0.952114, 0.305743, 0.0, -0.0, -0.305743, 0.952114, 0.4, 1.0, 0.0, -0.0, 0.0, 0.0, 0.0, 0.0, 1.0],
                [0.0, 0.952114, 0.305743, -0.0, 0.0, -0.305743, 0.952114, 0.4, 1.0, 0.0, -0.0, -0.0, 0.0, 0.0, 0.0, 1.0],
                [0.0, 0.952114, 0.305743, 0.0, 0.0, -0.305743, 0.952114, 0.4, 1.0, -0.0, -0.0, 0.0, 0.0, 0.0, 0.0, 1.0],
                [0.0, 0.952114, 0.305743, 0.0, -0.0, -0.305743, 0.952114, 0.4, 1.0, -0.0, 0.0, 0.0, 0.0, 0.0, 0.0, 1.0],
                [0.0, 0.952114, 0.305743, -0.0, 0.0, -0.305743, 0.952114, 0.4, 1.0, 0.0, -0.0, 0.0, 0.0, 0.0, 0.0, 1.0]
            ]
        },
        {
            "name": "Arm_R",
            "time": [0.0, 0.0167, 0.0333, 0.05, 0.0667, 0.0833, 0.1, 0.1167, 0.1333, 0.15, 0.1667, 0.1833, 0.2, 0.2167, 0.2333, 0.25, 0.2667, 0.2833, 0.3, 0.3167, 0.3333, 0.35, 0.3667, 0.3833],
            "transform": [
                [0.639618, 0.22132, -0.736143, -0.0, 0.247771, 0.847184, 0.469988, 0.39386, 0.727666, -0.483008, 0.487038, 0.0, 0.0, 0.0, 0.0, 1.0],
                [0.641574, 0.243319, -0.727447, -0.0, 0.244333, 0.834133, 0.494494, 0.393861, 0.727107, -0.494994, 0.475707, -0.0, 0.0, 0.0, 0.0, 1.0],
                [0.648021, 0.292317, -0.703292, -0.0, 0.23335, 0.8028, 0.548689, 0.393861, 0.724994, -0.519675, 0.45202, -0.0, 0.0, 0.0, 0.0, 1.0],
                [0.660788, 0.34062, -0.668833, -0.0, 0.2122, 0.769963, 0.601771, 0.393861, 0.719952, -0.539569, 0.436503, 0.0, 0.0, 0.0, 0.0, 1.0],
                [0.682351, 0.365403, -0.63315, -0.0, 0.176634, 0.758037, 0.627837, 0.39386, 0.709364, -0.540241, 0.452705, 0.0, 0.0, 0.0, 0.0, 1.0],
                [0.714267, 0.348384, -0.607002, 0.0, 0.1222, 0.7919, 0.598299, 0.393861, 0.689123, -0.501521, 0.523056, -0.0, 0.0, 0.0, 0.0, 1.0],
                [0.754541, 0.279396, -0.593806, 0.0, 0.047724, 0.879086, 0.474268, 0.39386, 0.654515, -0.386194, 0.649973, 0.0, 0.0, 0.0, 0.0, 1.0],
                [0.796086, 0.173717, -0.579716, 0.0, -0.040051, 0.97094, 0.23595, 0.39386, 0.603857, -0.164618, 0.779909, 0.0, 0.0, 0.0, 0.0, 1.0],
                [0.830288, 0.073178, -0.552509, 0.0, -0.126293, 0.990259, -0.058633, 0.39386, 0.542837, 0.11846, 0.831442, 0.0, 0.0, 0.0, 0.0, 1.0],
                [0.853447, -0.001957, -0.521177, 0.0, -0.196439, 0.925035, -0.32515, 0.39386, 0.482743, 0.379878, 0.789084, -0.0, 0.0, 0.0, 0.0, 1.0],
                [0.86773, -0.063618, -0.492948, -0.0, -0.244284, 0.809139, -0.534434, 0.39386, 0.432862, 0.584164, 0.686574, -0.0, 0.0, 0.0, 0.0, 1.0],
                [0.877053, -0.125032, -0.463839, 0.0, -0.271405, 0.667717, -0.693177, 0.393861, 0.396382, 0.733841, 0.551689, 0.0, 0.0, 0.0, 0.0, 1.0],
                [0.884217, -0.189631, -0.42685, -0.0, -0.282224, 0.511268, -0.81176, 0.39386, 0.372169, 0.83824, 0.398553, 0.0, 0.0, 0.0, 0.0, 1.0],
                [0.890622, -0.253477, -0.377547, -0.0, -0.280585, 0.347048, -0.894891, 0.39386, 0.357861, 0.902944, 0.237967, -0.0, 0.0, 0.0, 0.0, 1.0],
                [0.896787, -0.30063, -0.324646, -0.0, -0.268513, 0.213399, -0.939342, 0.393861, 0.351673, 0.929561, 0.110651, -0.0, 0.0, 0.0, 0.0, 1.0],
                [0.902412, -0.32241, -0.285838, -0.0, -0.249825, 0.148984, -0.956761, 0.39386, 0.351055, 0.934802, 0.053899, 0.0, 0.0, 0.0, 0.0, 1.0],
                [0.907042, -0.337466, -0.251776, -0.0, -0.228887, 0.106693, -0.967588, 0.39386, 0.353391, 0.935272, 0.019534, 0.0, 0.0, 0.0, 0.0, 1.0],
                [0.910581, -0.34258, -0.231262, 0.0, -0.206893, 0.106599, -0.972539, 0.393861, 0.357825, 0.933422, 0.026189, 0.0, 0.0, 0.0, 0.0, 1.0],
                [0.913015, -0.348943, -0.211288, -0.0, -0.185016, 0.107392, -0.97685, 0.393861, 0.363555, 0.930971, 0.03349, -0.0, 0.0, 0.0, 0.0, 1.0],
                [0.914436, -0.355831, -0.19285, 0.0, -0.164441, 0.108745, -0.980374, 0.39386, 0.369819, 0.928202, 0.040927, -0.0, 0.0, 0.0, 0.0, 1.0],
                [0.915033, -0.353626, -0.194073, 0.0, -0.146357, 0.157284, -0.976648, 0.393861, 0.375893, 0.922069, 0.092165, -0.0, 0.0, 0.0, 0.0, 1.0],
                [0.915077, -0.354758, -0.191786, -0.0, -0.131964, 0.185973, -0.973653, 0.39386, 0.381078, 0.916276, 0.123364, 0.0, 0.0, 0.0, 0.0, 1.0],
                [0.914885, -0.356427, -0.189594, 0.0, -0.122458, 0.202494, -0.971597, 0.393861, 0.384695, 0.912117, 0.141611, -0.0, 0.0, 0.0, 0.0, 1.0],
                [0.914764, -0.357153, -0.188811, -0.0, -0.119027, 0.208351, -0.970784, 0.39386, 0.386058, 0.910512, 0.148081, 0.0, 0.0, 0.0, 0.0, 1.0]
            ]
        },
        {
            "name": "Hand_R",
            "time": [0.0, 0.0167, 0.0333, 0.05, 0.0667, 0.0833, 0.1, 0.1167, 0.1333, 0.15, 0.1667, 0.1833, 0.2, 0.2167, 0.2333, 0.25, 0.2667, 0.2833, 0.3, 0.3167, 0.3333, 0.35, 0.3667, 0.3833],
            "transform": [
                [1.0, -3e-06, 2e-06, -0.0, 3e-06, 0.560712, -0.828011, 0.300003, 2e-06, 0.828011, 0.560712, 0.0, 0.0, 0.0, 0.0, 1.0],
                [1.0, -3e-06, 2e-06, 0.0, 3e-06, 0.495629, -0.868535, 0.300003, 2e-06, 0.868534, 0.495629, -0.0, 0.0, 0.0, 0.0, 1.0],
                [1.0, -2e-06, 2e-06, 0.0, 2e-06, 0.324098, -0.946024, 0.300003, 2e-06, 0.946023, 0.324098, 0.0, 0.0, 0.0, 0.0, 1.0],
                [1.0, -5e-06, 5e-06, 0.0, 5e-06, 0.091155, -0.995837, 0.300003, 5e-06, 0.995837, 0.091154, 0.0, 0.0, 0.0, 0.0, 1.0],
                [1.0, 0.0, -0.0, 0.0, -0.0, -0.152699, -0.988272, 0.300003, -0.0, 0.988273, -0.152699, 0.0, 0.0, 0.0, 0.0, 1.0],
                [1.0, -2e-06, 3e-06, -0.0, 2e-06, -0.359281, -0.93323, 0.300003, 3e-06, 0.933229, -0.359281, -0.0, 0.0, 0.0, 0.0, 1.0],
                [1.0, -2e-06, 4e-06, -0.0, 2e-06, -0.489158, -0.872195, 0.300003, 4e-06, 0.872195, -0.489158, 0.0, 0.0, 0.0, 0.0, 1.0],
                [1.0, -5e-06, 8e-06, -0.0, 5e-06, -0.516121, -0.856516, 0.300003, 8e-06, 0.856516, -0.516121, -0.0, 0.0, 0.0, 0.0, 1.0],
                [1.0, -0.0, 1e-06, 0.0, 0.0, -0.430151, -0.902757, 0.300002, 1e-06, 0.902756, -0.430151, 0.0, 0.0, 0.0, 0.0, 1.0],
                [1.0, -4e-06, 5e-06, 0.0, 4e-06, -0.23875, -0.971081, 0.300003, 5e-06, 0.971081, -0.23875, 0.0, 0.0, 0.0, 0.0, 1.0],
                [1.0, -5e-06, 5e-06, -0.0, 5e-06, 0.032723, -0.999464, 0.300003, 5e-06, 0.999465, 0.032723, -0.0, 0.0, 0.0, 0.0, 1.0],
                [1.0, -1e-06, 0.0, -0.0, 1e-06, 0.343519, -0.939146, 0.300003, 0.0, 0.939146, 0.343519, -0.0, 0.0, 0.0, 0.0, 1.0],
                [1.0, -3e-06, 2e-06, 0.0, 3e-06, 0.641722, -0.766938, 0.300003, 2e-06, 0.766938, 0.641722, 0.0, 0.0, 0.0, 0.0, 1.0],
                [1.0, -2e-06, 1e-06, -0.0, 2e-06, 0.869708, -0.493566, 0.300003, 0.0, 0.493567, 0.869708, -0.0, 0.0, 0.0, 0.0, 1.0],
                [1.0, -0.0, 0.0, 0.0, 0.0, 0.974033, -0.226408, 0.300002, -0.0, 0.226408, 0.974032, -0.0, 0.0, 0.0, 0.0, 1.0],
                [1.0, -0.0, 0.0, -0.0, 0.0, 0.995872, -0.090772, 0.300003, -0.0, 0.090772, 0.995872, -0.0, 0.0, 0.0, 0.0, 1.0],
                [1.0, 0.0, 0.0, -0.0, -0.0, 1.0, -0.000992, 0.300003, -0.0, 0.000992, 0.999999, 0.0, 0.0, 0.0, 0.0, 1.0],
                [1.0, -0.0, 0.0, -0.0, -0.0, 1.0, -0.000992, 0.300002, -0.0, 0.000992, 1.0, -0.0, 0.0, 0.0, 0.0, 1.0],
                [1.0, -0.0, 0.0, 0.0, -0.0, 0.999999, -0.000992, 0.300003, -0.0, 0.000992, 1.0, -0.0, 0.0, 0.0, 0.0, 1.0],
                [1.0, 0.0, 0.0, 0.0, 0.0, 1.0, -0.000992, 0.300003, -0.0, 0.000992, 1.0, -0.0, 0.0, 0.0, 0.0, 1.0],
