{
    "animation": [
        {
            "name": "Root",
            "time": [0.0, 0.0167, 0.0333, 0.05, 0.0667, 0.0833, 0.1, 0.1167, 0.1333, 0.15, 0.1667, 0.1833, 0.2, 0.2167, 0.2333, 0.25, 0.2667, 0.2833, 0.3, 0.3167, 0.3333, 0.35, 0.3667, 0.3833, 0.4, 0.4167, 0.4333, 0.45, 0.4667, 0.4833, 0.5, 0.5167, 0.5333, 0.55, 0.5667, 0.5833, 0.6, 0.6167, 0.6333, 0.65, 0.6667, 0.6833, 0.7, 0.7167, 0.7333, 0.75],
            "transform": [
                [0.831978, 0.248629, -0.495979, -5e-06, -0.554808, 0.372839, -0.74376, 0.000946, 0.0, 0.893966, 0.448136, 0.629113, 0.0, 0.0, 0.0, 1.0],
                [0.839663, 0.243278, -0.485573, -5e-06, -0.543107, 0.375921, -0.750812, 0.007432, -0.000119, 0.894147, 0.447773, 0.629098, 0.0, 0.0, 0.0, 1.0],
                [0.859967, 0.228343, -0.456418, -5e-06, -0.51035, 0.384065, -0.769439, 0.025215, -0.000402, 0.894625, 0.446818, 0.628992, 0.0, 0.0, 0.0, 1.0],
                [0.888084, 0.205347, -0.411265, -5e-06, -0.45968, 0.395319, -0.795246, 0.051784, -0.00072, 0.895296, 0.445471, 0.628704, 0.0, 0.0, 0.0, 1.0],
                [0.918904, 0.175913, -0.353087, -5e-06, -0.39448, 0.407603, -0.823557, 0.08463, -0.000955, 0.896055, 0.443942, 0.628143, 0.0, 0.0, 0.0, 1.0],
                [0.947752, 0.142022, -0.28565, -5e-06, -0.319007, 0.419053, -0.850076, 0.121241, -0.001027, 0.896785, 0.442465, 0.627218, 0.0, 0.0, 0.0, 1.0],
                [0.971123, 0.106077, -0.213702, -5e-06, -0.238579, 0.428348, -0.871549, 0.159108, -0.000913, 0.897366, 0.441287, 0.625838, 0.0, 0.0, 0.0, 1.0],
                [0.987227, 0.070785, -0.14273, -5e-06, -0.159317, 0.434937, -0.886255, 0.195719, -0.000655, 0.897675, 0.440659, 0.623912, 0.0, 0.0, 0.0, 1.0],
                [0.996155, 0.03893, -0.07849, -5e-06, -0.087613, 0.439095, -0.894159, 0.228565, -0.000345, 0.897597, 0.440817, 0.62135, 0.0, 0.0, 0.0, 1.0],
                [0.999561, 0.013168, -0.026521, -5e-06, -0.02961, 0.441782, -0.896633, 0.255135, -9.1e-05, 0.897026, 0.441979, 0.618059, 0.0, 0.0, 0.0, 1.0],
                [0.999959, -0.004043, 0.008093, -5e-06, 0.009047, 0.44433, -0.895817, 0.272917, 2.6e-05, 0.895854, 0.444348, 0.61395, 0.0, 0.0, 0.0, 1.0],
                [0.999733, -0.010352, 0.020651, -5e-06, 0.0231, 0.448016, -0.893727, 0.279403, 0.0, 0.893965, 0.448136, 0.608931, 0.0, 0.0, 0.0, 1.0],
                [0.999733, -0.010403, 0.020637, -5e-06, 0.02311, 0.452917, -0.891253, 0.278746, -7.5e-05, 0.891492, 0.453037, 0.602121, 0.0, 0.0, 0.0, 1.0],
                [0.999733, -0.010442, 0.020609, -5e-06, 0.023102, 0.458216, -0.88854, 0.276818, -0.000165, 0.888779, 0.458335, 0.593415, 0.0, 0.0, 0.0, 1.0],
                [0.999733, -0.010466, 0.020578, -5e-06, 0.023085, 0.463526, -0.885783, 0.27368, -0.000268, 0.886021, 0.463644, 0.583886, 0.0, 0.0, 0.0, 1.0],
                [0.999734, -0.010473, 0.020556, -5e-06, 0.023067, 0.468465, -0.883181, 0.269397, -0.00038, 0.88342, 0.468582, 0.574607, 0.0, 0.0, 0.0, 1.0],
                [0.999734, -0.010458, 0.020553, -5e-06, 0.023055, 0.472661, -0.880943, 0.264029, -0.000502, 0.881182, 0.472776, 0.566651, 0.0, 0.0, 0.0, 1.0],
                [0.999734, -0.010419, 0.020581, -5e-06, 0.023059, 0.475744, -0.879282, 0.257641, -0.00063, 0.879522, 0.475858, 0.56109, 0.0, 0.0, 0.0, 1.0],
                [0.999733, -0.010352, 0.020651, -5e-06, 0.023088, 0.477343, -0.878414, 0.250294, -0.000764, 0.878656, 0.477454, 0.558998, 0.0, 0.0, 0.0, 1.0],
                [0.999626, -0.011297, 0.024905, -5e-06, 0.027278, 0.476524, -0.878738, 0.242055, -0.001941, 0.879089, 0.476654, 0.559559, 0.0, 0.0, 0.0, 1.0],
                [0.99921, -0.014168, 0.037118, -5e-06, 0.039404, 0.472713, -0.880335, 0.233008, -0.005073, 0.881103, 0.472898, 0.561183, 0.0, 0.0, 0.0, 1.0],
                [0.998211, -0.01873, 0.05678, -5e-06, 0.05896, 0.466021, -0.882807, 0.223241, -0.009926, 0.884576, 0.466291, 0.563785, 0.0, 0.0, 0.0, 1.0],
                [0.99621, -0.024693, 0.083404, -5e-06, 0.085459, 0.456511, -0.885604, 0.212841, -0.016207, 0.889375, 0.456891, 0.567282, 0.0, 0.0, 0.0, 1.0],
                [0.992686, -0.031715, 0.11648, -5e-06, 0.118396, 0.444223, -0.888059, 0.201897, -0.023578, 0.895355, 0.444729, 0.571586, 0.0, 0.0, 0.0, 1.0],
                [0.987057, -0.039417, 0.15545, -5e-06, 0.157213, 0.429197, -0.889424, 0.190495, -0.03166, 0.902351, 0.429838, 0.576614, 0.0, 0.0, 0.0, 1.0],
                [0.978717, -0.047386, 0.199667, -5e-06, 0.201269, 0.411493, -0.888912, 0.178725, -0.040039, 0.91018, 0.412273, 0.582281, 0.0, 0.0, 0.0, 1.0],
                [0.96709, -0.055192, 0.248377, -5e-06, 0.249812, 0.39122, -0.885743, 0.166672, -0.048284, 0.918641, 0.392132, 0.5885, 0.0, 0.0, 0.0, 1.0],
                [0.951674, -0.062402, 0.300704, -5e-06, 0.301969, 0.368549, -0.879196, 0.154427, -0.055961, 0.927511, 0.369582, 0.595188, 0.0, 0.0, 0.0, 1.0],
                [0.932095, -0.068606, 0.355658, -5e-06, 0.356754, 0.34373, -0.868663, 0.142075, -0.062655, 0.936559, 0.344864, 0.602258, 0.0, 0.0, 0.0, 1.0],
                [0.908152, -0.073438, 0.412149, -5e-06, 0.413082, 0.317092, -0.853707, 0.129705, -0.067995, 0.945547, 0.318304, 0.609627, 0.0, 0.0, 0.0, 1.0],
                [0.879853, -0.076601, 0.469032, -5e-06, 0.46981, 0.289048, -0.834104, 0.117405, -0.07168, 0.954245, 0.290308, 0.617208, 0.0, 0.0, 0.0, 1.0],
                [0.847433, -0.077892, 0.525157, -5e-06, 0.52579, 0.260074, -0.80988, 0.105262, -0.073497, 0.962442, 0.26135, 0.624916, 0.0, 0.0, 0.0, 1.0],
                [0.811359, -0.077214, 0.579426, -5e-06, 0.579929, 0.230695, -0.781321, 0.093364, -0.073342, 0.969958, 0.231955, 0.632668, 0.0, 0.0, 0.0, 1.0],
                [0.772306, -0.074585, 0.630857, -5e-06, 0.631245, 0.201453, -0.748963, 0.081799, -0.071227, 0.976654, 0.202665, 0.640377, 0.0, 0.0, 0.0, 1.0],
                [0.731123, -0.070139, 0.678631, -5e-06, 0.678921, 0.172882, -0.713567, 0.070656, -0.067274, 0.982442, 0.174017, 0.647958, 0.0, 0.0, 0.0, 1.0],
                [0.688781, -0.06411, 0.722129, -5e-06, 0.722338, 0.14548, -0.676064, 0.06002, -0.061713, 0.987282, 0.146513, 0.655326, 0.0, 0.0, 0.0, 1.0],
                [0.646316, -0.056816, 0.760952, -5e-06, 0.761095, 0.119686, -0.637502, 0.049981, -0.054855, 0.991185, 0.120598, 0.662396, 0.0, 0.0, 0.0, 1.0],
                [0.604779, -0.048637, 0.794906, -5e-06, 0.795001, 0.095869, -0.598985, 0.040626, -0.047074, 0.994205, 0.096646, 0.669084, 0.0, 0.0, 0.0, 1.0],
                [0.565187, -0.039987, 0.823993, -5e-06, 0.824051, 0.074319, -0.56162, 0.032043, -0.038781, 0.996432, 0.074956, 0.675304, 0.0, 0.0, 0.0, 1.0],
                [0.528491, -0.031295, 0.848362, -5e-06, 0.848394, 0.055258, -0.526473, 0.02432, -0.030402, 0.997981, 0.055754, 0.68097, 0.0, 0.0, 0.0, 1.0],
                [0.495562, -0.022983, 0.868269, -5e-06, 0.868285, 0.038842, -0.494543, 0.017544, -0.022359, 0.998981, 0.039205, 0.685998, 0.0, 0.0, 0.0, 1.0],
                [0.46718, -0.015454, 0.884027, -5e-06, 0.884034, 0.025185, -0.466744, 0.011803, -0.015051, 0.999563, 0.025428, 0.690303, 0.0, 0.0, 0.0, 1.0],
                [0.444049, -0.009079, 0.895957, -5e-06, 0.895959, 0.014375, -0.443904, 0.007185, -0.008849, 0.999855, 0.014517, 0.693799, 0.0, 0.0, 0.0, 1.0],
                [0.426806, -0.004191, 0.904334, -5e-06, 0.904334, 0.006497, -0.426776, 0.003778, -0.004087, 0.99997, 0.006563, 0.696402, 0.0, 0.0, 0.0, 1.0],
                [0.416044, -0.001082, 0.909344, -5e-06, 0.909344, 0.001657, -0.416042, 0.001669, -0.001056, 0.999998, 0.001673, 0.698026, 0.0, 0.0, 0.0, 1.0],
                [0.412332, -0.0, 0.911034, -5e-06, 0.911034, 0.0, -0.412332, 0.000946, -0.0, 1.0, 0.0, 0.698586, 0.0, 0.0, 0.0, 1.0]
            ]
        },
        {
            "name": "Thigh_R",
            "time": [0.0, 0.0167, 0.0333, 0.05, 0.0667, 0.0833, 0.1, 0.1167, 0.1333, 0.15, 0.1667, 0.1833, 0.2, 0.2167, 0.2333, 0.25, 0.2667, 0.2833, 0.3, 0.3167, 0.3333, 0.35, 0.3667, 0.3833, 0.4, 0.4167, 0.4333, 0.45, 0.4667, 0.4833, 0.5, 0.5167, 0.5333, 0.55, 0.5667, 0.5833, 0.6, 0.6167, 0.6333, 0.65, 0.6667, 0.6833, 0.7, 0.7167, 0.7333, 0.75],
            "transform": [
                [0.847498, 0.512722, 0.137343, 0.124994, 0.292796, -0.667393, 0.684731, -0.002831, 0.442738, -0.540096, -0.715737, -1.2e-05, 0.0, 0.0, 0.0, 1.0],
                [0.838287, 0.520048, 0.163785, 0.124994, 0.283641, -0.672502, 0.683585, -0.002831, 0.465643, -0.526584, -0.711256, -1.2e-05, 0.0, 0.0, 0.0, 1.0],
                [0.814614, 0.533792, 0.226871, 0.124994, 0.262816, -0.688408, 0.676034, -0.002831, 0.517041, -0.491082, -0.701076, -1.2e-05, 0.0, 0.0, 0.0, 1.0],
                [0.78063, 0.543779, 0.308094, 0.124994, 0.238226, -0.714625, 0.657693, -0.002831, 0.577811, -0.440018, -0.6874, -1.2e-05, 0.0, 0.0, 0.0, 1.0],
                [0.737632, 0.544991, 0.398603, 0.124994, 0.213537, -0.748338, 0.628006, -0.002831, 0.640547, -0.378121, -0.668374, -1.2e-05, 0.0, 0.0, 0.0, 1.0],
                [0.68659, 0.535115, 0.492185, 0.124994, 0.190677, -0.785803, 0.58835, -0.002831, 0.701595, -0.310107, -0.641559, -1.2e-05, 0.0, 0.0, 0.0, 1.0],
                [0.629799, 0.513934, 0.58243, 0.124994, 0.171017, -0.823167, 0.541433, -0.002831, 0.757698, -0.241389, -0.606322, -1.2e-05, 0.0, 0.0, 0.0, 1.0],
                [0.571146, 0.483897, 0.663051, 0.124994, 0.155392, -0.856895, 0.491512, -0.002831, 0.806006, -0.177693, -0.564606, -1.2e-05, 0.0, 0.0, 0.0, 1.0],
                [0.515659, 0.450449, 0.728828, 0.124994, 0.143981, -0.884107, 0.444549, -0.002831, 0.844609, -0.124298, -0.520754, -1.2e-05, 0.0, 0.0, 0.0, 1.0],
                [0.468835, 0.421664, 0.77614, 0.124994, 0.136382, -0.902717, 0.408047, -0.002831, 0.872693, -0.085455, -0.480733, -1.2e-05, 0.0, 0.0, 0.0, 1.0],
                [0.436063, 0.406784, 0.80273, 0.124994, 0.131873, -0.911261, 0.390145, -0.002831, 0.890201, -0.06427, -0.451011, -1.2e-05, 0.0, 0.0, 0.0, 1.0],
                [0.422326, 0.413404, 0.806683, 0.124994, 0.129817, -0.908353, 0.397544, -0.002831, 0.8971, -0.063173, -0.437288, -1.2e-05, 0.0, 0.0, 0.0, 1.0],
                [0.419441, 0.436792, 0.79579, 0.124994, 0.128833, -0.8964, 0.42411, -0.002831, 0.898594, -0.075365, -0.43226, -1.2e-05, 0.0, 0.0, 0.0, 1.0],
                [0.416437, 0.465648, 0.780866, 0.124994, 0.127579, -0.880314, 0.456913, -0.002831, 0.900169, -0.090654, -0.426003, -1.2e-05, 0.0, 0.0, 0.0, 1.0],
                [0.413785, 0.495617, 0.76364, 0.124994, 0.125794, -0.8619, 0.491227, -0.002831, 0.901642, -0.107201, -0.418987, -1.2e-05, 0.0, 0.0, 0.0, 1.0],
                [0.411998, 0.523719, 0.745638, 0.124994, 0.123167, -0.842816, 0.523919, -0.002831, 0.902822, -0.124016, -0.411744, -1.2e-05, 0.0, 0.0, 0.0, 1.0],
                [0.411638, 0.547868, 0.728282, 0.124994, 0.119332, -0.824649, 0.552914, -0.002831, 0.903501, -0.140693, -0.404835, -1.2e-05, 0.0, 0.0, 0.0, 1.0],
                [0.413278, 0.566453, 0.712974, 0.124994, 0.113898, -0.808974, 0.576704, -0.002831, 0.903454, -0.157133, -0.398849, -1.2e-05, 0.0, 0.0, 0.0, 1.0],
                [0.417465, 0.57801, 0.701161, 0.124994, 0.106485, -0.797417, 0.593959, -0.002831, 0.902432, -0.173294, -0.394443, -1.2e-05, 0.0, 0.0, 0.0, 1.0],
                [0.429812, 0.586887, 0.686167, 0.124994, 0.087699, -0.783485, 0.615191, -0.002831, 0.898649, -0.20424, -0.388221, -1.2e-05, 0.0, 0.0, 0.0, 1.0],
                [0.454943, 0.593901, 0.663558, 0.124994, 0.051295, -0.761374, 0.64628, -0.002831, 0.889042, -0.259983, -0.376846, -1.2e-05, 0.0, 0.0, 0.0, 1.0],
                [0.494268, 0.59206, 0.636526, 0.124994, 0.002432, -0.733158, 0.680054, -0.002831, 0.869306, -0.334581, -0.363816, -1.2e-05, 0.0, 0.0, 0.0, 1.0],
                [0.55306, 0.574661, 0.603232, 0.124994, -0.050856, -0.699409, 0.71291, -0.002831, 0.831588, -0.42496, -0.35759, -1.2e-05, 0.0, 0.0, 0.0, 1.0],
                [0.641855, 0.532353, 0.551927, 0.124994, -0.094753, -0.659179, 0.745993, -0.002831, 0.760949, -0.531116, -0.372655, -1.2e-05, 0.0, 0.0, 0.0, 1.0],
                [0.771723, 0.446531, 0.452829, 0.124994, -0.105746, -0.61203, 0.783732, -0.002831, 0.627106, -0.652709, -0.425099, -1.2e-05, 0.0, 0.0, 0.0, 1.0],
                [0.917565, 0.295458, 0.266044, 0.124994, -0.055453, -0.567503, 0.821502, -0.002831, 0.3937, -0.768534, -0.504337, -1.2e-05, 0.0, 0.0, 0.0, 1.0],
                [0.990472, 0.130209, 0.044847, 0.124994, 0.034758, -0.551464, 0.833474, -0.002831, 0.133257, -0.823974, -0.550736, -1.2e-05, 0.0, 0.0, 0.0, 1.0],
                [0.995849, 0.086205, -0.029218, 0.124994, 0.073084, -0.565935, 0.821204, -0.00283, 0.054257, -0.819931, -0.569886, -1.2e-05, 0.0, 0.0, 0.0, 1.0],
                [0.990991, 0.13259, 0.018883, 0.124994, 0.063729, -0.590852, 0.804259, -0.002831, 0.117794, -0.79581, -0.593979, -1.2e-05, 0.0, 0.0, 0.0, 1.0],
                [0.981266, 0.179, 0.071245, 0.124994, 0.055928, -0.618542, 0.783759, -0.002831, 0.184361, -0.765091, -0.616966, -1.2e-05, 0.0, 0.0, 0.0, 1.0],
                [0.966235, 0.223987, 0.127355, 0.124994, 0.050165, -0.648347, 0.75969, -0.002831, 0.252731, -0.727651, -0.637692, -1.2e-05, 0.0, 0.0, 0.0, 1.0],
                [0.945745, 0.266069, 0.186477, 0.124994, 0.046808, -0.679521, 0.732162, -0.002831, 0.32152, -0.68371, -0.655108, -1.2e-05, 0.0, 0.0, 0.0, 1.0],
                [0.919966, 0.303842, 0.247674, 0.124994, 0.046081, -0.711269, 0.701408, -0.002831, 0.38928, -0.633859, -0.668344, -1.2e-05, 0.0, 0.0, 0.0, 1.0],
                [0.889404, 0.336082, 0.309853, 0.124994, 0.048035, -0.742796, 0.667793, -0.002831, 0.454591, -0.579053, -0.67679, -1.2e-05, 0.0, 0.0, 0.0, 1.0],
                [0.854872, 0.36185, 0.371831, 0.124994, 0.052548, -0.773359, 0.631788, -0.002831, 0.516171, -0.520559, -0.680137, -1.2e-05, 0.0, 0.0, 0.0, 1.0],
                [0.817434, 0.38056, 0.432406, 0.124994, 0.059329, -0.80231, 0.593953, -0.002831, 0.572958, -0.459863, -0.678413, -1.2e-05, 0.0, 0.0, 0.0, 1.0],
                [0.778321, 0.392032, 0.490435, 0.124994, 0.067956, -0.829124, 0.554919, -0.002831, 0.624177, -0.398578, -0.671966, -1.2e-05, 0.0, 0.0, 0.0, 1.0],
                [0.738845, 0.396494, 0.544886, 0.124994, 0.077905, -0.853421, 0.515369, -0.002831, 0.669357, -0.338329, -0.661434, -1.2e-05, 0.0, 0.0, 0.0, 1.0],
                [0.700311, 0.394566, 0.59488, 0.124994, 0.088598, -0.874954, 0.47603, -0.002831, 0.708319, -0.280664, -0.647698, -1.2e-05, 0.0, 0.0, 0.0, 1.0],
                [0.663955, 0.38723, 0.639701, 0.124994, 0.099443, -0.8936, 0.43771, -0.002831, 0.741131, -0.227006, -0.631817, -1.2e-05, 0.0, 0.0, 0.0, 1.0],
                [0.630902, 0.375795, 0.678779, 0.124994, 0.109863, -0.909325, 0.401319, -0.002831, 0.768045, -0.17862, -0.614981, -1.2e-05, 0.0, 0.0, 0.0, 1.0],
                [0.602148, 0.361877, 0.711663, 0.124994, 0.119321, -0.922157, 0.367953, -0.002831, 0.789418, -0.136646, -0.598454, -1.2e-05, 0.0, 0.0, 0.0, 1.0],
                [0.578561, 0.34738, 0.737967, 0.124994, 0.127331, -0.932145, 0.338958, -0.002831, 0.805639, -0.102142, -0.583535, -1.2e-05, 0.0, 0.0, 0.0, 1.0],
                [0.560905, 0.334456, 0.757314, 0.124994, 0.133468, -0.939329, 0.315987, -0.002831, 0.817051, -0.076161, -0.571513, -1.2e-05, 0.0, 0.0, 0.0, 1.0],
                [0.549857, 0.32534, 0.769292, 0.124994, 0.137367, -0.943705, 0.300917, -0.002831, 0.823885, -0.059786, -0.563594, -1.2e-05, 0.0, 0.0, 0.0, 1.0],
                [0.546043, 0.321988, 0.773408, 0.124994, 0.138723, -0.945197, 0.295566, -0.002831, 0.826192, -0.054102, -0.560785, -1.2e-05, 0.0, 0.0, 0.0, 1.0]
            ]
        },
        {
            "name": "Leg_R",
            "time": [0.0, 0.0167, 0.0333, 0.05, 0.0667, 0.0833, 0.1, 0.1167, 0.1333, 0.15, 0.1667, 0.1833, 0.2, 0.2167, 0.2333, 0.25, 0.2667, 0.2833, 0.3, 0.3167, 0.3333, 0.35, 0.3667, 0.3833, 0.4, 0.4167, 0.4333, 0.45, 0.4667, 0.4833, 0.5, 0.5167, 0.5333, 0.55, 0.5667, 0.5833, 0.6, 0.6167, 0.6333, 0.65, 0.6667, 0.6833, 0.7, 0.7167, 0.7333, 0.75],
            "transform": [
                [1.0, -1e-06, 1e-06, -0.0, -0.0, 0.596691, 0.802471, 0.374726, -1e-06, -0.802471, 0.596692, 0.0, 0.0, 0.0, 0.0, 1.0],
                [1.0, -1e-06, 1e-06, 0.0, -0.0, 0.602789, 0.7979, 0.374726, -1e-06, -0.797901, 0.602789, 0.0, 0.0, 0.0, 0.0, 1.0],
                [1.0, -1e-06, 1e-06, -0.0, -0.0, 0.619619, 0.784902, 0.374726, -1e-06, -0.784903, 0.619619, -0.0, 0.0, 0.0, 0.0, 1.0],
                [1.0, -1e-06, 1e-06, 0.0, -0.0, 0.64524, 0.76398, 0.374726, -1e-06, -0.76398, 0.64524, 0.0, 0.0, 0.0, 0.0, 1.0],
                [1.0, -1e-06, 1e-06, -0.0, -0.0, 0.677698, 0.73534, 0.374726, -1e-06, -0.73534, 0.677698, -0.0, 0.0, 0.0, 0.0, 1.0],
                [1.0, -0.0, 1e-06, -0.0, -0.0, 0.71466, 0.699471, 0.374726, -1e-06, -0.699471, 0.714661, -0.0, 0.0, 0.0, 0.0, 1.0],
                [1.0, -0.0, 1e-06, -0.0, -0.0, 0.753207, 0.657784, 0.374726, -1e-06, -0.657784, 0.753207, -0.0, 0.0, 0.0, 0.0, 1.0],
                [1.0, -0.0, 1e-06, 0.0, -0.0, 0.789779, 0.613391, 0.374726, -1e-06, -0.613391, 0.78978, 0.0, 0.0, 0.0, 0.0, 1.0],
                [1.0, -0.0, 1e-06, 0.0, -0.0, 0.82031, 0.57192, 0.374726, -1e-06, -0.57192, 0.820309, -0.0, 0.0, 0.0, 0.0, 1.0],
                [1.0, -0.0, 1e-06, 0.0, -0.0, 0.840458, 0.541876, 0.374726, -1e-06, -0.541876, 0.840458, 0.0, 0.0, 0.0, 0.0, 1.0],
                [1.0, -0.0, 1e-06, 0.0, -0.0, 0.845901, 0.53334, 0.374726, -1e-06, -0.53334, 0.845901, -0.0, 0.0, 0.0, 0.0, 1.0],
                [1.0, -0.0, 1e-06, 0.0, -0.0, 0.832577, 0.55391, 0.374726, -1e-06, -0.55391, 0.832577, 0.0, 0.0, 0.0, 0.0, 1.0],
                [1.0, -0.0, 1e-06, -0.0, -0.0, 0.801456, 0.598054, 0.374726, -1e-06, -0.598054, 0.801456, 0.0, 0.0, 0.0, 0.0, 1.0],
                [1.0, -1e-06, 1e-06, 0.0, -0.0, 0.75941, 0.650612, 0.374726, -1e-06, -0.650612, 0.75941, -0.0, 0.0, 0.0, 0.0, 1.0],
                [1.0, -0.0, 1e-06, 0.0, -0.0, 0.711471, 0.702715, 0.374726, -1e-06, -0.702715, 0.711472, 0.0, 0.0, 0.0, 0.0, 1.0],
                [1.0, -1e-06, 1e-06, 0.0, -0.0, 0.66244, 0.749115, 0.374726, -1e-06, -0.749116, 0.662439, -0.0, 0.0, 0.0, 0.0, 1.0],
                [1.0, -1e-06, 1e-06, -0.0, -0.0, 0.616862, 0.787071, 0.374726, -1e-06, -0.787071, 0.616862, -0.0, 0.0, 0.0, 0.0, 1.0],
                [1.0, -1e-06, 1e-06, 0.0, -0.0, 0.579078, 0.815272, 0.374726, -1e-06, -0.815272, 0.579078, -0.0, 0.0, 0.0, 0.0, 1.0],
                [1.0, -1e-06, 1e-06, 0.0, -0.0, 0.553368, 0.832937, 0.374726, -1e-06, -0.832937, 0.553369, 0.0, 0.0, 0.0, 0.0, 1.0],
                [1.0, -1e-06, 1e-06, 0.0, -0.0, 0.517493, 0.855687, 0.374726, -1e-06, -0.855687, 0.517493, 0.0, 0.0, 0.0, 0.0, 1.0],
                [1.0, -1e-06, 1e-06, -0.0, -0.0, 0.457325, 0.889299, 0.374726, -1e-06, -0.8893, 0.457325, -0.0, 0.0, 0.0, 0.0, 1.0],
                [1.0, -1e-06, 1e-06, 0.0, -0.0, 0.39033, 0.920675, 0.374726, -1e-06, -0.920675, 0.39033, -0.0, 0.0, 0.0, 0.0, 1.0],
                [1.0, -1e-06, 0.0, 0.0, -0.0, 0.331917, 0.943308, 0.374726, -1e-06, -0.943309, 0.331917, 0.0, 0.0, 0.0, 0.0, 1.0],
                [1.0, -1e-06, 0.0, -0.0, -0.0, 0.292559, 0.956247, 0.374726, -1e-06, -0.956248, 0.292559, -0.0, 0.0, 0.0, 0.0, 1.0],
                [1.0, -1e-06, 0.0, -0.0, -0.0, 0.276388, 0.961046, 0.374726, -1e-06, -0.961046, 0.276389, 0.0, 0.0, 0.0, 0.0, 1.0],
                [1.0, -1e-06, 0.0, 0.0, -0.0, 0.281293, 0.959622, 0.374726, -1e-06, -0.959622, 0.281293, 0.0, 0.0, 0.0, 0.0, 1.0],
                [1.0, -1e-06, 0.0, -0.0, -0.0, 0.300494, 0.953784, 0.374726, -1e-06, -0.953784, 0.300494, -0.0, 0.0, 0.0, 0.0, 1.0],
                [1.0, -1e-06, 0.0, -0.0, -0.0, 0.325587, 0.945512, 0.374726, -1e-06, -0.945512, 0.325588, 0.0, 0.0, 0.0, 0.0, 1.0],
                [1.0, -1e-06, 1e-06, -0.0, -0.0, 0.352657, 0.935752, 0.374726, -1e-06, -0.935752, 0.352657, 0.0, 0.0, 0.0, 0.0, 1.0],
                [1.0, -1e-06, 1e-06, -0.0, -0.0, 0.382444, 0.923979, 0.374726, -1e-06, -0.923979, 0.382443, 0.0, 0.0, 0.0, 0.0, 1.0],
                [0.999999, -1e-06, 1e-06, 0.0, -0.0, 0.414819, 0.909903, 0.374726, -1e-06, -0.909904, 0.414819, -0.0, 0.0, 0.0, 0.0, 1.0],
                [1.0, -1e-06, 1e-06, -0.0, -0.0, 0.449608, 0.893226, 0.374726, -1e-06, -0.893226, 0.449608, -0.0, 0.0, 0.0, 0.0, 1.0],
                [1.0, -1e-06, 1e-06, 0.0, -0.0, 0.486563, 0.873646, 0.374726, -1e-06, -0.873645, 0.486563, -0.0, 0.0, 0.0, 0.0, 1.0],
                [1.0, -1e-06, 1e-06, -0.0, -0.0, 0.525351, 0.850885, 0.374726, -1e-06, -0.850886, 0.525351, 0.0, 0.0, 0.0, 0.0, 1.0],
                [1.0, -1e-06, 1e-06, 0.0, -0.0, 0.565539, 0.824721, 0.374726, -1e-06, -0.824722, 0.565539, 0.0, 0.0, 0.0, 0.0, 1.0],
                [1.0, -1e-06, 1e-06, -0.0, -0.0, 0.606589, 0.795015, 0.374726, -1e-06, -0.795016, 0.606589, -0.0, 0.0, 0.0, 0.0, 1.0],
                [1.0, -0.0, 1e-06, 0.0, -0.0, 0.647853, 0.761765, 0.374726, -1e-06, -0.761766, 0.647853, 0.0, 0.0, 0.0, 0.0, 1.0],
                [1.0, -1e-06, 1e-06, -0.0, -0.0, 0.688584, 0.725156, 0.374726, -1e-06, -0.725156, 0.688585, 0.0, 0.0, 0.0, 0.0, 1.0],
                [1.0, -0.0, 1e-06, -0.0, -0.0, 0.727957, 0.685622, 0.374726, -1e-06, -0.685622, 0.727958, -0.0, 0.0, 0.0, 0.0, 1.0],
                [1.0, -0.0, 1e-06, 0.0, -0.0, 0.765074, 0.643942, 0.374726, -1e-06, -0.643942, 0.765074, 0.0, 0.0, 0.0, 0.0, 1.0],
                [1.0, -0.0, 1e-06, 0.0, -0.0, 0.798996, 0.601335, 0.374726, -1e-06, -0.601335, 0.798996, -0.0, 0.0, 0.0, 0.0, 1.0],
                [1.0, -0.0, 1e-06, 0.0, -0.0, 0.828767, 0.559594, 0.374726, -1e-06, -0.559595, 0.828767, 0.0, 0.0, 0.0, 0.0, 1.0],
                [1.0, -0.0, 1e-06, 0.0, -0.0, 0.853433, 0.521202, 0.374726, -1e-06, -0.521202, 0.853433, 0.0, 0.0, 0.0, 0.0, 1.0],
                [1.0, -0.0, 1e-06, -0.0, -0.0, 0.872071, 0.489378, 0.374726, -1e-06, -0.489378, 0.872072, 0.0, 0.0, 0.0, 0.0, 1.0],
                [1.0, -0.0, 1e-06, -0.0, -0.0, 0.883819, 0.467828, 0.374726, -1e-06, -0.467828, 0.88382, -0.0, 0.0, 0.0, 0.0, 1.0],
                [1.0, -0.0, 1e-06, -0.0, -0.0, 0.887892, 0.460052, 0.374726, -1e-06, -0.460052, 0.887892, -0.0, 0.0, 0.0, 0.0, 1.0]
            ]
        },
        {
            "name": "Knee_R",
            "time": [0.0, 0.75],
            "transform": [
                [1.0, 0.0, -0.0, -0.0, -0.0, 0.00567, -0.999984, 0.416374, -0.0, 0.999984, 0.00567, -0.000236, 0.0, 0.0, 0.0, 1.0],
                [1.0, 0.0, -0.0, -0.0, -0.0, 0.00567, -0.999984, 0.374726, -0.0, 0.999984, 0.00567, -0.0, 0.0, 0.0, 0.0, 1.0]
            ]
        },
        {
            "name": "Thigh_L",
            "time": [0.0, 0.0167, 0.0333, 0.05, 0.0667, 0.0833, 0.1, 0.1167, 0.1333, 0.15, 0.1667, 0.1833, 0.2, 0.2167, 0.2333, 0.25, 0.2667, 0.2833, 0.3, 0.3167, 0.3333, 0.35, 0.3667, 0.3833, 0.4, 0.4167, 0.4333, 0.45, 0.4667, 0.4833, 0.5, 0.5167, 0.5333, 0.55, 0.5667, 0.5833, 0.6, 0.6167, 0.6333, 0.65, 0.6667, 0.6833, 0.7, 0.7167, 0.7333, 0.75],
            "transform": [
                [0.876875, -0.428495, 0.217903, -0.125006, -0.377646, -0.333555, 0.863785, -0.002831, -0.297445, -0.839722, -0.454305, -1.2e-05, 0.0, 0.0, 0.0, 1.0],
                [0.88139, -0.425201, 0.205807, -0.125006, -0.360695, -0.324427, 0.874441, -0.002831, -0.305043, -0.844957, -0.439314, -1.2e-05, 0.0, 0.0, 0.0, 1.0],
                [0.892108, -0.412951, 0.183341, -0.125006, -0.324431, -0.303049, 0.89605, -0.002831, -0.314463, -0.858855, -0.404327, -1.2e-05, 0.0, 0.0, 0.0, 1.0],
                [0.906005, -0.388072, 0.168986, -0.125006, -0.290181, -0.278833, 0.91545, -0.002831, -0.308141, -0.878438, -0.365235, -1.2e-05, 0.0, 0.0, 0.0, 1.0],
                [0.921292, -0.350173, 0.169116, -0.125006, -0.268503, -0.258234, 0.92802, -0.002831, -0.281296, -0.900386, -0.331931, -1.2e-05, 0.0, 0.0, 0.0, 1.0],
                [0.935651, -0.30238, 0.181997, -0.125006, -0.260661, -0.244416, 0.933979, -0.002831, -0.237934, -0.921318, -0.307507, -1.2e-05, 0.0, 0.0, 0.0, 1.0],
                [0.946636, -0.249772, 0.203704, -0.125006, -0.263944, -0.23804, 0.934704, -0.002831, -0.184974, -0.93859, -0.291263, -1.2e-05, 0.0, 0.0, 0.0, 1.0],
                [0.95279, -0.197931, 0.230248, -0.125006, -0.27455, -0.237781, 0.931709, -0.002831, -0.129665, -0.950939, -0.280897, -1.2e-05, 0.0, 0.0, 0.0, 1.0],
                [0.954207, -0.151868, 0.257729, -0.125006, -0.288613, -0.240763, 0.926679, -0.002831, -0.078681, -0.958629, -0.273569, -1.2e-05, 0.0, 0.0, 0.0, 1.0],
                [0.952384, -0.11543, 0.282205, -0.125006, -0.302549, -0.243057, 0.921622, -0.002831, -0.037791, -0.96312, -0.266407, -1.2e-05, 0.0, 0.0, 0.0, 1.0],
                [0.949614, -0.091335, 0.299819, -0.125006, -0.313197, -0.240261, 0.918794, -0.002831, -0.011883, -0.966402, -0.256762, -1.2e-05, 0.0, 0.0, 0.0, 1.0],
                [0.948117, -0.081881, 0.307197, -0.125006, -0.317879, -0.228129, 0.920277, -0.002831, -0.005273, -0.970182, -0.242321, -1.2e-05, 0.0, 0.0, 0.0, 1.0],
                [0.94767, -0.08033, 0.308978, -0.125006, -0.319071, -0.205922, 0.925089, -0.002831, -0.010687, -0.975266, -0.220777, -1.2e-05, 0.0, 0.0, 0.0, 1.0],
                [0.947038, -0.078321, 0.311423, -0.125006, -0.320637, -0.177416, 0.930438, -0.002831, -0.017621, -0.981015, -0.193132, -1.2e-05, 0.0, 0.0, 0.0, 1.0],
                [0.946274, -0.076062, 0.314293, -0.125006, -0.322368, -0.145611, 0.935348, -0.002831, -0.02538, -0.986414, -0.162308, -1.2e-05, 0.0, 0.0, 0.0, 1.0],
                [0.94545, -0.0737, 0.31732, -0.125006, -0.324069, -0.113483, 0.939203, -0.002831, -0.033209, -0.990803, -0.131176, -1.2e-05, 0.0, 0.0, 0.0, 1.0],
                [0.944664, -0.071348, 0.320187, -0.125006, -0.325556, -0.08402, 0.941782, -0.002831, -0.040292, -0.993906, -0.102598, -1.2e-05, 0.0, 0.0, 0.0, 1.0],
                [0.944031, -0.069133, 0.322532, -0.125006, -0.326667, -0.060264, 0.943216, -0.002831, -0.04577, -0.995786, -0.079475, -1.2e-05, 0.0, 0.0, 0.0, 1.0],
                [0.943677, -0.067263, 0.323958, -0.125006, -0.327251, -0.04537, 0.943848, -0.002831, -0.048788, -0.996704, -0.064826, -1.2e-05, 0.0, 0.0, 0.0, 1.0],
                [0.943387, -0.061602, 0.325922, -0.125006, -0.328544, -0.038462, 0.943705, -0.002831, -0.045599, -0.997359, -0.056524, -1.2e-05, 0.0, 0.0, 0.0, 1.0],
                [0.942771, -0.048276, 0.329929, -0.125006, -0.331761, -0.036574, 0.942654, -0.002831, -0.033441, -0.998164, -0.050497, -1.2e-05, 0.0, 0.0, 0.0, 1.0],
                [0.941527, -0.02803, 0.335769, -0.125006, -0.336687, -0.039905, 0.940771, -0.002831, -0.012971, -0.99881, -0.047009, -1.2e-05, 0.0, 0.0, 0.0, 1.0],
                [0.939193, -0.001694, 0.343385, -0.125006, -0.343055, -0.048713, 0.938051, -0.002831, 0.015138, -0.998811, -0.046332, -1.2e-05, 0.0, 0.0, 0.0, 1.0],
                [0.935198, 0.029809, 0.352869, -0.125006, -0.350552, -0.063275, 0.934403, -0.002831, 0.050182, -0.997551, -0.048725, -1.2e-05, 0.0, 0.0, 0.0, 1.0],
                [0.928918, 0.065439, 0.364456, -0.125006, -0.358827, -0.083865, 0.929629, -0.002831, 0.091399, -0.994326, -0.054423, -1.2e-05, 0.0, 0.0, 0.0, 1.0],
                [0.919734, 0.104012, 0.37851, -0.125006, -0.367501, -0.110719, 0.923409, -0.002831, 0.137954, -0.988394, -0.063608, -1.2e-05, 0.0, 0.0, 0.0, 1.0],
                [0.90708, 0.144178, 0.395497, -0.125006, -0.37618, -0.14403, 0.915283, -0.002831, 0.188927, -0.979014, -0.076409, -1.2e-05, 0.0, 0.0, 0.0, 1.0],
                [0.890496, 0.184385, 0.415956, -0.125006, -0.384469, -0.183946, 0.904626, -0.002831, 0.243313, -0.965488, -0.092913, -1.2e-05, 0.0, 0.0, 0.0, 1.0],
                [0.872808, 0.221813, 0.434748, -0.125006, -0.3863, -0.230452, 0.893121, -0.002831, 0.298294, -0.947466, -0.115454, -1.2e-05, 0.0, 0.0, 0.0, 1.0],
                [0.857315, 0.25539, 0.446976, -0.125006, -0.376592, -0.280845, 0.882782, -0.002831, 0.350985, -0.92515, -0.144595, -1.2e-05, 0.0, 0.0, 0.0, 1.0],
                [0.844664, 0.284885, 0.453192, -0.125006, -0.356368, -0.332463, 0.873196, -0.002831, 0.39943, -0.89906, -0.179296, -1.2e-05, 0.0, 0.0, 0.0, 1.0],
                [0.835976, 0.30874, 0.453678, -0.125006, -0.326766, -0.38412, 0.863525, -0.002831, 0.440872, -0.870133, -0.220229, -1.2e-05, 0.0, 0.0, 0.0, 1.0],
                [0.832793, 0.324417, 0.448563, -0.125006, -0.289317, -0.435759, 0.852297, -0.002831, 0.471965, -0.839564, -0.269038, -1.2e-05, 0.0, 0.0, 0.0, 1.0],
                [0.836829, 0.328886, 0.437665, -0.125006, -0.246216, -0.487935, 0.837435, -0.002831, 0.488973, -0.80855, -0.327342, -1.2e-05, 0.0, 0.0, 0.0, 1.0],
                [0.849436, 0.319203, 0.420199, -0.125006, -0.200569, -0.541237, 0.8166, -0.002831, 0.488088, -0.777928, -0.395724, -1.2e-05, 0.0, 0.0, 0.0, 1.0],
                [0.870796, 0.293136, 0.394697, -0.125006, -0.156508, -0.595766, 0.787761, -0.002831, 0.466069, -0.747753, -0.472912, -1.2e-05, 0.0, 0.0, 0.0, 1.0],
                [0.899048, 0.249938, 0.359504, -0.125006, -0.11896, -0.650751, 0.749915, -0.002831, 0.42138, -0.716976, -0.555324, -1.2e-05, 0.0, 0.0, 0.0, 1.0],
                [0.929968, 0.191203, 0.314007, -0.125006, -0.09279, -0.704391, 0.703722, -0.002831, 0.355737, -0.683576, -0.637319, -1.2e-05, 0.0, 0.0, 0.0, 1.0],
                [0.957956, 0.121369, 0.259978, -0.125006, -0.081311, -0.754129, 0.651673, -0.002831, 0.27515, -0.645413, -0.712554, -1.2e-05, 0.0, 0.0, 0.0, 1.0],
                [0.97829, 0.047121, 0.201812, -0.125006, -0.084832, -0.797431, 0.597417, -0.002831, 0.189082, -0.601568, -0.776121, -1.2e-05, 0.0, 0.0, 0.0, 1.0],
                [0.989124, -0.02437, 0.145053, -0.125006, -0.100374, -0.832697, 0.544556, -0.002831, 0.107514, -0.553193, -0.826086, -1.2e-05, 0.0, 0.0, 0.0, 1.0],
                [0.991702, -0.087318, 0.094353, -0.125006, -0.122869, -0.859681, 0.495834, -0.002831, 0.037817, -0.503313, -0.863276, -1.2e-05, 0.0, 0.0, 0.0, 1.0],
                [0.989018, -0.138145, 0.052532, -0.125006, -0.146879, -0.879166, 0.453314, -0.002831, -0.016439, -0.456052, -0.889801, -1.2e-05, 0.0, 0.0, 0.0, 1.0],
                [0.984312, -0.175176, 0.021054, -0.125006, -0.167763, -0.892282, 0.419152, -0.002831, -0.054639, -0.416109, -0.907672, -1.2e-05, 0.0, 0.0, 0.0, 1.0],
                [0.980241, -0.197802, 0.001049, -0.125006, -0.18202, -0.89993, 0.396226, -0.002831, -0.07743, -0.388588, -0.918152, -1.2e-05, 0.0, 0.0, 0.0, 1.0],
                [0.978627, -0.205554, -0.006017, -0.125006, -0.187177, -0.902493, 0.387907, -0.002831, -0.085166, -0.378491, -0.921679, -1.2e-05, 0.0, 0.0, 0.0, 1.0]
            ]
        },
        {
            "name": "Leg_L",
            "time": [0.0, 0.0167, 0.0333, 0.05, 0.0667, 0.0833, 0.1, 0.1167, 0.1333, 0.15, 0.1667, 0.1833, 0.2, 0.2167, 0.2333, 0.25, 0.2667, 0.2833, 0.3, 0.3167, 0.3333, 0.35, 0.3667, 0.3833, 0.4, 0.4167, 0.4333, 0.45, 0.4667, 0.4833, 0.5, 0.5167, 0.5333, 0.55, 0.5667, 0.5833, 0.6, 0.6167, 0.6333, 0.65, 0.6667, 0.6833, 0.7, 0.7167, 0.7333, 0.75],
            "transform": [
                [1.0, -1e-06, 1e-06, -0.0, -0.0, 0.73343, 0.679765, 0.374726, -1e-06, -0.679765, 0.733431, 0.0, 0.0, 0.0, 0.0, 1.0],
                [1.0, -0.0, 1e-06, 0.0, -0.0, 0.720147, 0.693821, 0.374726, -1e-06, -0.693821, 0.720148, 0.0, 0.0, 0.0, 0.0, 1.0],
                [1.0, -1e-06, 1e-06, -0.0, -0.0, 0.684698, 0.728827, 0.374726, -1e-06, -0.728827, 0.684698, 0.0, 0.0, 0.0, 0.0, 1.0],
                [1.0, -1e-06, 1e-06, 0.0, -0.0, 0.634489, 0.772932, 0.374726, -1e-06, -0.772932, 0.634489, -0.0, 0.0, 0.0, 0.0, 1.0],
                [1.0, -1e-06, 1e-06, 0.0, -0.0, 0.57682, 0.816871, 0.374726, -1e-06, -0.816871, 0.576821, -0.0, 0.0, 0.0, 0.0, 1.0],
                [1.0, -1e-06, 1e-06, -0.0, -0.0, 0.517819, 0.85549, 0.374726, -1e-06, -0.85549, 0.517819, 0.0, 0.0, 0.0, 0.0, 1.0],
                [1.0, -1e-06, 1e-06, -0.0, -0.0, 0.461927, 0.886917, 0.374726, -1e-06, -0.886918, 0.461927, -0.0, 0.0, 0.0, 0.0, 1.0],
                [1.0, -1e-06, 1e-06, 0.0, -0.0, 0.411814, 0.911268, 0.374726, -1e-06, -0.911268, 0.411814, 0.0, 0.0, 0.0, 0.0, 1.0],
                [1.0, -1e-06, 0.0, 0.0, -0.0, 0.368594, 0.929591, 0.374726, -1e-06, -0.92959, 0.368594, 0.0, 0.0, 0.0, 0.0, 1.0],
                [1.0, -1e-06, 0.0, 0.0, -0.0, 0.332196, 0.94321, 0.374726, -1e-06, -0.943211, 0.332196, -0.0, 0.0, 0.0, 0.0, 1.0],
                [1.0, -1e-06, 0.0, 0.0, -0.0, 0.301916, 0.953334, 0.374726, -1e-06, -0.953335, 0.301916, 0.0, 0.0, 0.0, 0.0, 1.0],
                [1.0, -1e-06, 0.0, -0.0, -0.0, 0.277154, 0.960826, 0.374726, -1e-06, -0.960825, 0.277154, -0.0, 0.0, 0.0, 0.0, 1.0],
                [1.0, -1e-06, 0.0, 0.0, -0.0, 0.250751, 0.968052, 0.374726, -1e-06, -0.968052, 0.250751, 0.0, 0.0, 0.0, 0.0, 1.0],
                [1.0, -1e-06, 0.0, 0.0, -0.0, 0.218537, 0.975829, 0.374726, -1e-06, -0.975828, 0.218537, -0.0, 0.0, 0.0, 0.0, 1.0],
                [1.0, -1e-06, 0.0, -0.0, -0.0, 0.184954, 0.982747, 0.374726, -1e-06, -0.982747, 0.184954, 0.0, 0.0, 0.0, 0.0, 1.0],
                [1.0, -1e-06, 0.0, -0.0, -0.0, 0.154214, 0.988037, 0.374726, -1e-06, -0.988038, 0.154213, 0.0, 0.0, 0.0, 0.0, 1.0],
                [1.0, -1e-06, 0.0, -0.0, -0.0, 0.130275, 0.991478, 0.374726, -1e-06, -0.991478, 0.130275, -0.0, 0.0, 0.0, 0.0, 1.0],
                [1.0, -1e-06, 0.0, -0.0, -0.0, 0.116894, 0.993145, 0.374726, -1e-06, -0.993144, 0.116894, -0.0, 0.0, 0.0, 0.0, 1.0],
                [1.0, -1e-06, 0.0, 0.0, -0.0, 0.117764, 0.993042, 0.374726, -1e-06, -0.993042, 0.117764, 0.0, 0.0, 0.0, 0.0, 1.0],
                [1.0, -1e-06, 0.0, 0.0, -0.0, 0.130938, 0.99139, 0.374726, -1e-06, -0.991391, 0.130939, -0.0, 0.0, 0.0, 0.0, 1.0],
                [1.0, -1e-06, 0.0, 0.0, -0.0, 0.151832, 0.988406, 0.374726, -1e-06, -0.988406, 0.151831, 0.0, 0.0, 0.0, 0.0, 1.0],
                [1.0, -1e-06, 0.0, -0.0, -0.0, 0.180308, 0.98361, 0.374726, -1e-06, -0.98361, 0.180308, 0.0, 0.0, 0.0, 0.0, 1.0],
                [1.0, -1e-06, 0.0, 0.0, -0.0, 0.21626, 0.976336, 0.374726, -1e-06, -0.976336, 0.21626, -0.0, 0.0, 0.0, 0.0, 1.0],
                [1.0, -1e-06, 0.0, 0.0, -0.0, 0.25957, 0.965724, 0.374726, -1e-06, -0.965725, 0.259571, 0.0, 0.0, 0.0, 0.0, 1.0],
                [1.0, -1e-06, 0.0, 0.0, -0.0, 0.310083, 0.950709, 0.374726, -1e-06, -0.950709, 0.310083, -0.0, 0.0, 0.0, 0.0, 1.0],
                [1.0, -1e-06, 0.0, 0.0, -0.0, 0.367564, 0.929998, 0.374726, -1e-06, -0.929998, 0.367564, -0.0, 0.0, 0.0, 0.0, 1.0],
                [1.0, -1e-06, 1e-06, 0.0, -0.0, 0.431671, 0.902031, 0.374726, -1e-06, -0.902031, 0.431671, 0.0, 0.0, 0.0, 0.0, 1.0],
                [1.0, -1e-06, 1e-06, 0.0, -0.0, 0.50193, 0.864908, 0.374726, -1e-06, -0.864908, 0.501931, -0.0, 0.0, 0.0, 0.0, 1.0],
                [1.0, -1e-06, 1e-06, 0.0, -0.0, 0.56616, 0.824295, 0.374726, -1e-06, -0.824295, 0.566161, -0.0, 0.0, 0.0, 0.0, 1.0],
                [1.0, -1e-06, 1e-06, 0.0, -0.0, 0.612121, 0.790764, 0.374726, -1e-06, -0.790764, 0.61212, -0.0, 0.0, 0.0, 0.0, 1.0],
                [1.0, -1e-06, 1e-06, 0.0, -0.0, 0.640816, 0.767694, 0.374726, -1e-06, -0.767695, 0.640816, -0.0, 0.0, 0.0, 0.0, 1.0],
                [1.0, -1e-06, 1e-06, -0.0, -0.0, 0.654935, 0.755685, 0.374726, -1e-06, -0.755685, 0.654935, -0.0, 0.0, 0.0, 0.0, 1.0],
                [1.0, -1e-06, 1e-06, -0.0, -0.0, 0.658224, 0.752822, 0.374726, -1e-06, -0.752822, 0.658224, 0.0, 0.0, 0.0, 0.0, 1.0],
                [1.0, -1e-06, 1e-06, -0.0, -0.0, 0.654942, 0.755679, 0.374726, -1e-06, -0.755679, 0.654942, 0.0, 0.0, 0.0, 0.0, 1.0],
                [1.0, -0.0, 1e-06, 0.0, -0.0, 0.649382, 0.760462, 0.374726, -1e-06, -0.760462, 0.649383, 0.0, 0.0, 0.0, 0.0, 1.0],
                [1.0, -0.0, 1e-06, -0.0, -0.0, 0.645462, 0.763792, 0.374726, -1e-06, -0.763792, 0.645463, 0.0, 0.0, 0.0, 0.0, 1.0],
                [1.0, -0.0, 1e-06, 0.0, -0.0, 0.646364, 0.763029, 0.374726, -1e-06, -0.763029, 0.646364, -0.0, 0.0, 0.0, 0.0, 1.0],
                [1.0, -0.0, 1e-06, 0.0, -0.0, 0.654259, 0.75627, 0.374726, -1e-06, -0.75627, 0.65426, -0.0, 0.0, 0.0, 0.0, 1.0],
                [1.0, -0.0, 1e-06, -0.0, -0.0, 0.670124, 0.742248, 0.374726, -1e-06, -0.742248, 0.670125, -0.0, 0.0, 0.0, 0.0, 1.0],
                [1.0, -0.0, 1e-06, 0.0, -0.0, 0.693633, 0.720328, 0.374726, -1e-06, -0.720328, 0.693633, 0.0, 0.0, 0.0, 0.0, 1.0],
                [1.0, -0.0, 1e-06, -0.0, -0.0, 0.723183, 0.690657, 0.374726, -1e-06, -0.690657, 0.723183, -0.0, 0.0, 0.0, 0.0, 1.0],
                [1.0, -0.0, 1e-06, -0.0, -0.0, 0.756028, 0.654539, 0.374726, -1e-06, -0.65454, 0.756028, -0.0, 0.0, 0.0, 0.0, 1.0],
                [1.0, -0.0, 1e-06, -0.0, -0.0, 0.788529, 0.614996, 0.374726, -1e-06, -0.614996, 0.78853, -0.0, 0.0, 0.0, 0.0, 1.0],
                [1.0, -0.0, 1e-06, -0.0, -0.0, 0.816536, 0.577294, 0.374726, -1e-06, -0.577294, 0.816536, -0.0, 0.0, 0.0, 0.0, 1.0],
                [1.0, -0.0, 1e-06, 0.0, -0.0, 0.835868, 0.548929, 0.374726, -1e-06, -0.548929, 0.835869, -0.0, 0.0, 0.0, 0.0, 1.0],
                [1.0, -0.0, 1e-06, 0.0, -0.0, 0.842926, 0.538028, 0.374726, -1e-06, -0.538028, 0.842927, -0.0, 0.0, 0.0, 0.0, 1.0]
            ]
        },
        {
            "name": "Knee_L",
            "time": [0.0, 0.75],
            "transform": [
                [1.0, 0.0, -0.0, -0.0, -0.0, 0.00567, -0.999984, 0.397048, -0.0, 0.999984, 0.00567, -0.000127, 0.0, 0.0, 0.0, 1.0],
                [1.0, 0.0, -0.0, 0.0, -0.0, 0.00567, -0.999984, 0.37821, -0.0, 0.999984, 0.00567, -2e-05, 0.0, 0.0, 0.0, 1.0]
            ]
        },
        {
            "name": "Torso",
            "time": [0.0, 0.0167, 0.0333, 0.05, 0.0667, 0.0833, 0.1, 0.1167, 0.1333, 0.15, 0.1667, 0.1833, 0.2, 0.2167, 0.2333, 0.25, 0.2667, 0.2833, 0.3, 0.3167, 0.3333, 0.35, 0.3667, 0.3833, 0.4, 0.4167, 0.4333, 0.45, 0.4667, 0.4833, 0.5, 0.5167, 0.5333, 0.55, 0.5667, 0.5833, 0.6, 0.6167, 0.6333, 0.65, 0.6667, 0.6833, 0.7, 0.7167, 0.7333, 0.75],
            "transform": [
                [1.0, 0.0, 0.0, -0.0, 0.0, 1.0, -0.0, 0.05, -0.0, 0.0, 1.0, -0.0, 0.0, 0.0, 0.0, 1.0],
                [1.0, 0.0, 0.0, 0.0, -0.0, 1.0, 0.0, 0.05, 0.0, -0.0, 1.0, 0.0, 0.0, 0.0, 0.0, 1.0],
                [1.0, -0.0, 0.0, -0.0, -0.0, 1.0, -0.0, 0.05, 0.0, 0.0, 1.0, -0.0, 0.0, 0.0, 0.0, 1.0],
                [1.0, 0.0, -0.0, 0.0, -0.0, 1.0, -0.0, 0.05, 0.0, 0.0, 1.0, 0.0, 0.0, 0.0, 0.0, 1.0],
                [1.0, -0.0, 0.0, -0.0, -0.0, 1.0, -0.0, 0.05, -0.0, -0.0, 1.0, -0.0, 0.0, 0.0, 0.0, 1.0],
                [1.0, -0.0, -0.0, -0.0, 0.0, 1.0, 0.0, 0.05, -0.0, -0.0, 1.0, -0.0, 0.0, 0.0, 0.0, 1.0],
                [1.0, -0.0, -0.0, -0.0, 0.0, 1.0, 0.0, 0.05, -0.0, 0.0, 1.0, 0.0, 0.0, 0.0, 0.0, 1.0],
                [1.0, 0.0, -0.0, -0.0, 0.0, 1.0, 0.0, 0.05, 0.0, -0.0, 1.0, 0.0, 0.0, 0.0, 0.0, 1.0],
                [1.0, -0.0, 0.0, 0.0, -0.0, 1.0, -0.0, 0.05, -0.0, 0.0, 1.0, 0.0, 0.0, 0.0, 0.0, 1.0],
                [1.0, 0.0, -0.0, 0.0, 0.0, 1.0, 0.0, 0.05, 0.0, 0.0, 1.0, -0.0, 0.0, 0.0, 0.0, 1.0],
                [1.0, 0.0, -0.0, 0.0, 0.0, 1.0, -0.0, 0.05, 0.0, -0.0, 1.0, 0.0, 0.0, 0.0, 0.0, 1.0],
                [1.0, -0.0, -0.0, -0.0, -0.0, 1.0, -0.0, 0.05, -0.0, -0.0, 1.0, -0.0, 0.0, 0.0, 0.0, 1.0],
                [1.0, -0.0, 0.0, 0.0, -0.0, 1.0, -0.0, 0.05, 0.0, -0.0, 1.0, -0.0, 0.0, 0.0, 0.0, 1.0],
                [1.0, -0.0, -0.0, 0.0, -0.0, 1.0, 0.0, 0.05, 0.0, -0.0, 1.0, -0.0, 0.0, 0.0, 0.0, 1.0],
                [1.0, -0.0, 0.0, -0.0, 0.0, 1.0, 0.0, 0.05, 0.0, -0.0, 1.0, 0.0, 0.0, 0.0, 0.0, 1.0],
                [1.0, 0.0, -0.0, -0.0, 0.0, 1.0, 0.0, 0.05, -0.0, 0.0, 1.0, 0.0, 0.0, 0.0, 0.0, 1.0],
                [1.0, 0.0, 0.0, 0.0, -0.0, 1.0, 0.0, 0.05, 0.0, 0.0, 1.0, -0.0, 0.0, 0.0, 0.0, 1.0],
                [1.0, -0.0, 0.0, 0.0, 0.0, 1.0, -0.0, 0.05, -0.0, 0.0, 1.0, -0.0, 0.0, 0.0, 0.0, 1.0],
                [1.0, -0.0, -0.0, -0.0, -0.0, 1.0, -0.0, 0.05, 0.0, 0.0, 1.0, 0.0, 0.0, 0.0, 0.0, 1.0],
                [1.0, -0.0, 0.0, -0.0, -0.0, 1.0, -0.0, 0.05, -0.0, -0.0, 1.0, 0.0, 0.0, 0.0, 0.0, 1.0],
                [1.0, 0.0, -0.0, 0.0, 0.0, 1.0, -0.0, 0.05, 0.0, 0.0, 1.0, -0.0, 0.0, 0.0, 0.0, 1.0],
