{
    "animation": [
        {
            "name": "Root",
            "time": [0.0, 0.0167, 0.0333, 0.05, 0.0667, 0.0833, 0.1, 0.1167, 0.1333, 0.15, 0.1667, 0.1833, 0.2, 0.2167, 0.2333, 0.25, 0.2667, 0.2833, 0.3, 0.3167, 0.3333, 0.35, 0.3667, 0.3833, 0.4, 0.4167, 0.4333, 0.45, 0.4667, 0.4833, 0.5, 0.5167, 0.5333, 0.55, 0.5667, 0.5833, 0.6, 0.6167, 0.6333, 0.65, 0.6667, 0.6833, 0.7, 0.7167, 0.7333, 0.75, 0.7667, 0.7833, 0.8, 0.8167, 0.8333, 0.85, 0.8667, 0.8833],
            "transform": [
                [0.446565, 0.0, -0.894751, 0.044593, -0.894751, 0.0, -0.446565, -0.233295, 0.0, 1.0, 0.0, 0.627589, 0.0, 0.0, 0.0, 1.0],
                [0.446565, 0.0, -0.894751, 0.044593, -0.894751, 0.0, -0.446565, -0.233797, 0.0, 1.0, 0.0, 0.626459, 0.0, 0.0, 0.0, 1.0],
                [0.446565, 0.0, -0.894751, 0.044593, -0.894751, 0.0, -0.446565, -0.234298, 0.0, 1.0, 0.0, 0.62533, 0.0, 0.0, 0.0, 1.0],
                [0.446565, 0.0, -0.894751, 0.044593, -0.894751, 0.0, -0.446565, -0.2348, 0.0, 1.0, 0.0, 0.624201, 0.0, 0.0, 0.0, 1.0],
                [0.446565, 0.0, -0.894751, 0.044593, -0.894751, 0.0, -0.446565, -0.235302, 0.0, 1.0, 0.0, 0.623071, 0.0, 0.0, 0.0, 1.0],
                [0.446565, 0.0, -0.894751, 0.044593, -0.894751, 0.0, -0.446565, -0.235804, 0.0, 1.0, 0.0, 0.621942, 0.0, 0.0, 0.0, 1.0],
                [0.446565, 0.0, -0.894751, 0.044593, -0.894751, 0.0, -0.446565, -0.236306, 0.0, 1.0, 0.0, 0.620813, 0.0, 0.0, 0.0, 1.0],
                [0.446565, 0.0, -0.894751, 0.044593, -0.894751, 0.0, -0.446565, -0.236808, 0.0, 1.0, 0.0, 0.619683, 0.0, 0.0, 0.0, 1.0],
                [0.446565, 0.0, -0.894751, 0.044593, -0.894751, 0.0, -0.446565, -0.23731, 0.0, 1.0, 0.0, 0.618554, 0.0, 0.0, 0.0, 1.0],
                [0.446565, 0.0, -0.894751, 0.044593, -0.894751, 0.0, -0.446565, -0.237812, 0.0, 1.0, 0.0, 0.617425, 0.0, 0.0, 0.0, 1.0],
                [0.446565, 0.0, -0.894751, 0.044593, -0.894751, 0.0, -0.446565, -0.238314, 0.0, 1.0, 0.0, 0.616295, 0.0, 0.0, 0.0, 1.0],
                [0.446565, 0.0, -0.894751, 0.044593, -0.894751, 0.0, -0.446565, -0.238816, 0.0, 1.0, 0.0, 0.615166, 0.0, 0.0, 0.0, 1.0],
                [0.446565, 0.0, -0.894751, 0.044593, -0.894751, 0.0, -0.446565, -0.239318, 0.0, 1.0, 0.0, 0.614037, 0.0, 0.0, 0.0, 1.0],
                [0.446565, 0.0, -0.894751, 0.044593, -0.894751, 0.0, -0.446565, -0.23982, 0.0, 1.0, 0.0, 0.612908, 0.0, 0.0, 0.0, 1.0],
                [0.446565, 0.0, -0.894751, 0.044593, -0.894751, 0.0, -0.446565, -0.240321, 0.0, 1.0, 0.0, 0.611778, 0.0, 0.0, 0.0, 1.0],
                [0.446565, 0.0, -0.894751, 0.044593, -0.894751, 0.0, -0.446565, -0.240823, 0.0, 1.0, 0.0, 0.610649, 0.0, 0.0, 0.0, 1.0],
                [0.446565, 0.0, -0.894751, 0.044593, -0.894751, 0.0, -0.446565, -0.241325, 0.0, 1.0, 0.0, 0.60952, 0.0, 0.0, 0.0, 1.0],
                [0.446565, 0.0, -0.894751, 0.044593, -0.894751, 0.0, -0.446565, -0.241827, 0.0, 1.0, 0.0, 0.60839, 0.0, 0.0, 0.0, 1.0],
                [0.446565, 0.0, -0.894751, 0.044593, -0.894751, 0.0, -0.446565, -0.242329, 0.0, 1.0, 0.0, 0.607261, 0.0, 0.0, 0.0, 1.0],
                [0.446565, 0.0, -0.894751, 0.044593, -0.894751, 0.0, -0.446565, -0.242831, 0.0, 1.0, 0.0, 0.606132, 0.0, 0.0, 0.0, 1.0],
                [0.446565, 0.0, -0.894751, 0.044593, -0.894751, 0.0, -0.446565, -0.243333, 0.0, 1.0, 0.0, 0.605002, 0.0, 0.0, 0.0, 1.0],
                [0.446565, 0.0, -0.894751, 0.044593, -0.894751, 0.0, -0.446565, -0.243835, 0.0, 1.0, 0.0, 0.603873, 0.0, 0.0, 0.0, 1.0],
                [0.446565, 0.0, -0.894751, 0.044593, -0.894751, 0.0, -0.446565, -0.244337, 0.0, 1.0, 0.0, 0.602744, 0.0, 0.0, 0.0, 1.0],
                [0.446565, 0.0, -0.894751, 0.044593, -0.894751, 0.0, -0.446565, -0.244839, 0.0, 1.0, 0.0, 0.601614, 0.0, 0.0, 0.0, 1.0],
                [0.446565, 0.0, -0.894751, 0.044593, -0.894751, 0.0, -0.446565, -0.245341, 0.0, 1.0, 0.0, 0.600485, 0.0, 0.0, 0.0, 1.0],
                [0.446565, 0.0, -0.894751, 0.044593, -0.894751, 0.0, -0.446565, -0.245843, 0.0, 1.0, 0.0, 0.599356, 0.0, 0.0, 0.0, 1.0],
                [0.446565, 0.0, -0.894751, 0.044593, -0.894751, 0.0, -0.446565, -0.246344, 0.0, 1.0, 0.0, 0.598226, 0.0, 0.0, 0.0, 1.0],
                [0.446565, 0.0, -0.894751, 0.044593, -0.894751, 0.0, -0.446565, -0.246292, 0.0, 1.0, 0.0, 0.598344, 0.0, 0.0, 0.0, 1.0],
                [0.446565, 0.0, -0.894751, 0.044593, -0.894751, 0.0, -0.446565, -0.24614, 0.0, 1.0, 0.0, 0.598686, 0.0, 0.0, 0.0, 1.0],
                [0.446565, 0.0, -0.894751, 0.044593, -0.894751, 0.0, -0.446565, -0.245897, 0.0, 1.0, 0.0, 0.599233, 0.0, 0.0, 0.0, 1.0],
                [0.446565, 0.0, -0.894751, 0.044593, -0.894751, 0.0, -0.446565, -0.24557, 0.0, 1.0, 0.0, 0.599969, 0.0, 0.0, 0.0, 1.0],
                [0.446565, 0.0, -0.894751, 0.044593, -0.894751, 0.0, -0.446565, -0.245168, 0.0, 1.0, 0.0, 0.600874, 0.0, 0.0, 0.0, 1.0],
                [0.446565, 0.0, -0.894751, 0.044593, -0.894751, 0.0, -0.446565, -0.244698, 0.0, 1.0, 0.0, 0.601932, 0.0, 0.0, 0.0, 1.0],
                [0.446565, 0.0, -0.894751, 0.044593, -0.894751, 0.0, -0.446565, -0.244168, 0.0, 1.0, 0.0, 0.603124, 0.0, 0.0, 0.0, 1.0],
                [0.446565, 0.0, -0.894751, 0.044593, -0.894751, 0.0, -0.446565, -0.243586, 0.0, 1.0, 0.0, 0.604432, 0.0, 0.0, 0.0, 1.0],
                [0.446565, 0.0, -0.894751, 0.044593, -0.894751, 0.0, -0.446565, -0.242961, 0.0, 1.0, 0.0, 0.605839, 0.0, 0.0, 0.0, 1.0],
                [0.446565, 0.0, -0.894751, 0.044593, -0.894751, 0.0, -0.446565, -0.2423, 0.0, 1.0, 0.0, 0.607326, 0.0, 0.0, 0.0, 1.0],
                [0.446565, 0.0, -0.894751, 0.044593, -0.894751, 0.0, -0.446565, -0.241611, 0.0, 1.0, 0.0, 0.608876, 0.0, 0.0, 0.0, 1.0],
                [0.446565, 0.0, -0.894751, 0.044593, -0.894751, 0.0, -0.446565, -0.240903, 0.0, 1.0, 0.0, 0.610471, 0.0, 0.0, 0.0, 1.0],
                [0.446565, 0.0, -0.894751, 0.044593, -0.894751, 0.0, -0.446565, -0.240182, 0.0, 1.0, 0.0, 0.612092, 0.0, 0.0, 0.0, 1.0],
                [0.446565, 0.0, -0.894751, 0.044593, -0.894751, 0.0, -0.446565, -0.239457, 0.0, 1.0, 0.0, 0.613723, 0.0, 0.0, 0.0, 1.0],
                [0.446565, 0.0, -0.894751, 0.044593, -0.894751, 0.0, -0.446565, -0.238737, 0.0, 1.0, 0.0, 0.615344, 0.0, 0.0, 0.0, 1.0],
                [0.446565, 0.0, -0.894751, 0.044593, -0.894751, 0.0, -0.446565, -0.238028, 0.0, 1.0, 0.0, 0.616939, 0.0, 0.0, 0.0, 1.0],
                [0.446565, 0.0, -0.894751, 0.044593, -0.894751, 0.0, -0.446565, -0.237339, 0.0, 1.0, 0.0, 0.618489, 0.0, 0.0, 0.0, 1.0],
                [0.446565, 0.0, -0.894751, 0.044593, -0.894751, 0.0, -0.446565, -0.236678, 0.0, 1.0, 0.0, 0.619976, 0.0, 0.0, 0.0, 1.0],
                [0.446565, 0.0, -0.894751, 0.044593, -0.894751, 0.0, -0.446565, -0.236053, 0.0, 1.0, 0.0, 0.621383, 0.0, 0.0, 0.0, 1.0],
                [0.446565, 0.0, -0.894751, 0.044593, -0.894751, 0.0, -0.446565, -0.235471, 0.0, 1.0, 0.0, 0.622691, 0.0, 0.0, 0.0, 1.0],
                [0.446565, 0.0, -0.894751, 0.044593, -0.894751, 0.0, -0.446565, -0.234941, 0.0, 1.0, 0.0, 0.623883, 0.0, 0.0, 0.0, 1.0],
                [0.446565, 0.0, -0.894751, 0.044593, -0.894751, 0.0, -0.446565, -0.234471, 0.0, 1.0, 0.0, 0.624941, 0.0, 0.0, 0.0, 1.0],
                [0.446565, 0.0, -0.894751, 0.044593, -0.894751, 0.0, -0.446565, -0.234069, 0.0, 1.0, 0.0, 0.625846, 0.0, 0.0, 0.0, 1.0],
                [0.446565, 0.0, -0.894751, 0.044593, -0.894751, 0.0, -0.446565, -0.233742, 0.0, 1.0, 0.0, 0.626582, 0.0, 0.0, 0.0, 1.0],
                [0.446565, 0.0, -0.894751, 0.044593, -0.894751, 0.0, -0.446565, -0.233499, 0.0, 1.0, 0.0, 0.627129, 0.0, 0.0, 0.0, 1.0],
                [0.446565, 0.0, -0.894751, 0.044593, -0.894751, 0.0, -0.446565, -0.233347, 0.0, 1.0, 0.0, 0.627471, 0.0, 0.0, 0.0, 1.0],
                [0.446565, 0.0, -0.894751, 0.044593, -0.894751, 0.0, -0.446565, -0.233295, 0.0, 1.0, 0.0, 0.627589, 0.0, 0.0, 0.0, 1.0]
            ]
        },
        {
            "name": "Thigh_R",
            "time": [0.0, 0.0167, 0.0333, 0.05, 0.0667, 0.0833, 0.1, 0.1167, 0.1333, 0.15, 0.1667, 0.1833, 0.2, 0.2167, 0.2333, 0.25, 0.2667, 0.2833, 0.3, 0.3167, 0.3333, 0.35, 0.3667, 0.3833, 0.4, 0.4167, 0.4333, 0.45, 0.4667, 0.4833, 0.5, 0.5167, 0.5333, 0.55, 0.5667, 0.5833, 0.6, 0.6167, 0.6333, 0.65, 0.6667, 0.6833, 0.7, 0.7167, 0.7333, 0.75, 0.7667, 0.7833, 0.8, 0.8167, 0.8333, 0.85, 0.8667, 0.8833],
            "transform": [
                [0.756128, 0.639931, 0.136953, 0.124994, 0.536463, -0.725965, 0.430326, -0.002831, 0.374803, -0.251911, -0.892224, -1.2e-05, 0.0, 0.0, 0.0, 1.0],
                [0.755872, 0.64082, 0.134183, 0.124994, 0.536643, -0.723807, 0.433723, -0.002831, 0.375061, -0.25583, -0.891, -1.2e-05, 0.0, 0.0, 0.0, 1.0],
                [0.755616, 0.641691, 0.131437, 0.124994, 0.536823, -0.721653, 0.437077, -0.002831, 0.37532, -0.259703, -0.889769, -1.2e-05, 0.0, 0.0, 0.0, 1.0],
                [0.755358, 0.642546, 0.128712, 0.124994, 0.537004, -0.719501, 0.440391, -0.002831, 0.37558, -0.263533, -0.888533, -1.2e-05, 0.0, 0.0, 0.0, 1.0],
                [0.7551, 0.643385, 0.12601, 0.124994, 0.537185, -0.717351, 0.443665, -0.002831, 0.375841, -0.26732, -0.88729, -1.2e-05, 0.0, 0.0, 0.0, 1.0],
                [0.75484, 0.644208, 0.123328, 0.124994, 0.537367, -0.715203, 0.446901, -0.002831, 0.376102, -0.271066, -0.886042, -1.2e-05, 0.0, 0.0, 0.0, 1.0],
                [0.75458, 0.645017, 0.120666, 0.124994, 0.537548, -0.713057, 0.450099, -0.002831, 0.376364, -0.274772, -0.884789, -1.2e-05, 0.0, 0.0, 0.0, 1.0],
                [0.754319, 0.64581, 0.118024, 0.124994, 0.537731, -0.710913, 0.453262, -0.002831, 0.376627, -0.278438, -0.88353, -1.2e-05, 0.0, 0.0, 0.0, 1.0],
                [0.754057, 0.64659, 0.115402, 0.124994, 0.537914, -0.708771, 0.456389, -0.002831, 0.37689, -0.282067, -0.882266, -1.2e-05, 0.0, 0.0, 0.0, 1.0],
                [0.753795, 0.647355, 0.112797, 0.124994, 0.538097, -0.706631, 0.459481, -0.002831, 0.377154, -0.285658, -0.880997, -1.2e-05, 0.0, 0.0, 0.0, 1.0],
                [0.753531, 0.648107, 0.110211, 0.124994, 0.538281, -0.704492, 0.46254, -0.002831, 0.377419, -0.289214, -0.879722, -1.2e-05, 0.0, 0.0, 0.0, 1.0],
                [0.753266, 0.648846, 0.107641, 0.124994, 0.538465, -0.702355, 0.465567, -0.002831, 0.377684, -0.292734, -0.878443, -1.2e-05, 0.0, 0.0, 0.0, 1.0],
                [0.753001, 0.649572, 0.105089, 0.124994, 0.538649, -0.700219, 0.468561, -0.002831, 0.37795, -0.29622, -0.877159, -1.2e-05, 0.0, 0.0, 0.0, 1.0],
                [0.752734, 0.650286, 0.102554, 0.124994, 0.538834, -0.698084, 0.471524, -0.002831, 0.378217, -0.299673, -0.87587, -1.2e-05, 0.0, 0.0, 0.0, 1.0],
                [0.752467, 0.650987, 0.100034, 0.124994, 0.53902, -0.69595, 0.474457, -0.002831, 0.378485, -0.303092, -0.874577, -1.2e-05, 0.0, 0.0, 0.0, 1.0],
                [0.752199, 0.651677, 0.09753, 0.124994, 0.539206, -0.693818, 0.47736, -0.002831, 0.378753, -0.306481, -0.873279, -1.2e-05, 0.0, 0.0, 0.0, 1.0],
                [0.75193, 0.652355, 0.09504, 0.124994, 0.539392, -0.691686, 0.480234, -0.002831, 0.379022, -0.309838, -0.871977, -1.2e-05, 0.0, 0.0, 0.0, 1.0],
                [0.75166, 0.653022, 0.092566, 0.124994, 0.539579, -0.689556, 0.48308, -0.002831, 0.379291, -0.313164, -0.87067, -1.2e-05, 0.0, 0.0, 0.0, 1.0],
                [0.751389, 0.653677, 0.090106, 0.124994, 0.539766, -0.687426, 0.485898, -0.002831, 0.379562, -0.316461, -0.869359, -1.2e-05, 0.0, 0.0, 0.0, 1.0],
                [0.751117, 0.654322, 0.08766, 0.124994, 0.539954, -0.685298, 0.488688, -0.002831, 0.379833, -0.319729, -0.868045, -1.2e-05, 0.0, 0.0, 0.0, 1.0],
                [0.750844, 0.654956, 0.085227, 0.124994, 0.540142, -0.68317, 0.491452, -0.002831, 0.380105, -0.322968, -0.866725, -1.2e-05, 0.0, 0.0, 0.0, 1.0],
                [0.75057, 0.65558, 0.082808, 0.124994, 0.54033, -0.681042, 0.49419, -0.002831, 0.380377, -0.32618, -0.865402, -1.2e-05, 0.0, 0.0, 0.0, 1.0],
                [0.750296, 0.656193, 0.080402, 0.124994, 0.540519, -0.678915, 0.496902, -0.002831, 0.38065, -0.329364, -0.864075, -1.2e-05, 0.0, 0.0, 0.0, 1.0],
                [0.75002, 0.656797, 0.078008, 0.124994, 0.540709, -0.676789, 0.499589, -0.002831, 0.380925, -0.332522, -0.862744, -1.2e-05, 0.0, 0.0, 0.0, 1.0],
                [0.749744, 0.657391, 0.075627, 0.124994, 0.540899, -0.674663, 0.502252, -0.002831, 0.381199, -0.335653, -0.861409, -1.2e-05, 0.0, 0.0, 0.0, 1.0],
                [0.749466, 0.657976, 0.073258, 0.124994, 0.541089, -0.672538, 0.50489, -0.002831, 0.381475, -0.338758, -0.86007, -1.2e-05, 0.0, 0.0, 0.0, 1.0],
                [0.749188, 0.658551, 0.0709, 0.124994, 0.54128, -0.670413, 0.507505, -0.002831, 0.381751, -0.341839, -0.858727, -1.2e-05, 0.0, 0.0, 0.0, 1.0],
                [0.749217, 0.658491, 0.071146, 0.124994, 0.54126, -0.670634, 0.507233, -0.002831, 0.381722, -0.341519, -0.858868, -1.2e-05, 0.0, 0.0, 0.0, 1.0],
                [0.749301, 0.658318, 0.071858, 0.124994, 0.541202, -0.671277, 0.506444, -0.002831, 0.381638, -0.340589, -0.859274, -1.2e-05, 0.0, 0.0, 0.0, 1.0],
                [0.749436, 0.658039, 0.073002, 0.124994, 0.54111, -0.672307, 0.505175, -0.002831, 0.381505, -0.339094, -0.859925, -1.2e-05, 0.0, 0.0, 0.0, 1.0],
                [0.749617, 0.65766, 0.074543, 0.124994, 0.540986, -0.673692, 0.503461, -0.002831, 0.381325, -0.337076, -0.860797, -1.2e-05, 0.0, 0.0, 0.0, 1.0],
                [0.749839, 0.657188, 0.076447, 0.124994, 0.540833, -0.675396, 0.501337, -0.002831, 0.381104, -0.334576, -0.861869, -1.2e-05, 0.0, 0.0, 0.0, 1.0],
                [0.750098, 0.656628, 0.07868, 0.124994, 0.540655, -0.677387, 0.498836, -0.002831, 0.380847, -0.331636, -0.863118, -1.2e-05, 0.0, 0.0, 0.0, 1.0],
                [0.750388, 0.655988, 0.081211, 0.124994, 0.540456, -0.679631, 0.495992, -0.002831, 0.380558, -0.328295, -0.864522, -1.2e-05, 0.0, 0.0, 0.0, 1.0],
                [0.750706, 0.655272, 0.084004, 0.124994, 0.540237, -0.682095, 0.492838, -0.002831, 0.380242, -0.324593, -0.866058, -1.2e-05, 0.0, 0.0, 0.0, 1.0],
                [0.751046, 0.654487, 0.087028, 0.124994, 0.540002, -0.684746, 0.489407, -0.002831, 0.379903, -0.320571, -0.867703, -1.2e-05, 0.0, 0.0, 0.0, 1.0],
                [0.751404, 0.65364, 0.090248, 0.124994, 0.539755, -0.687549, 0.485736, -0.002831, 0.379546, -0.316272, -0.869435, -1.2e-05, 0.0, 0.0, 0.0, 1.0],
                [0.751776, 0.652736, 0.093629, 0.124994, 0.539498, -0.690472, 0.481859, -0.002831, 0.379175, -0.311737, -0.871233, -1.2e-05, 0.0, 0.0, 0.0, 1.0],
                [0.752157, 0.651785, 0.097136, 0.124994, 0.539235, -0.693482, 0.477815, -0.002831, 0.378795, -0.307012, -0.873074, -1.2e-05, 0.0, 0.0, 0.0, 1.0],
                [0.752542, 0.650794, 0.100733, 0.124994, 0.538968, -0.696543, 0.473645, -0.002831, 0.37841, -0.302145, -0.874937, -1.2e-05, 0.0, 0.0, 0.0, 1.0],
                [0.752927, 0.649772, 0.104382, 0.124994, 0.538701, -0.699625, 0.469388, -0.002831, 0.378024, -0.297184, -0.876801, -1.2e-05, 0.0, 0.0, 0.0, 1.0],
                [0.753308, 0.648731, 0.108046, 0.124994, 0.538436, -0.702692, 0.465091, -0.002831, 0.377642, -0.292181, -0.878645, -1.2e-05, 0.0, 0.0, 0.0, 1.0],
                [0.753681, 0.64768, 0.111682, 0.124994, 0.538176, -0.70571, 0.460801, -0.002831, 0.377268, -0.287192, -0.880449, -1.2e-05, 0.0, 0.0, 0.0, 1.0],
                [0.754042, 0.646634, 0.115251, 0.124994, 0.537924, -0.708648, 0.456568, -0.002831, 0.376905, -0.282275, -0.882193, -1.2e-05, 0.0, 0.0, 0.0, 1.0],
                [0.754387, 0.645606, 0.118708, 0.124994, 0.537683, -0.711469, 0.452445, -0.002831, 0.376559, -0.277491, -0.883857, -1.2e-05, 0.0, 0.0, 0.0, 1.0],
                [0.754712, 0.64461, 0.122007, 0.124994, 0.537457, -0.71414, 0.448489, -0.002831, 0.376232, -0.272906, -0.885422, -1.2e-05, 0.0, 0.0, 0.0, 1.0],
                [0.755012, 0.643664, 0.125104, 0.124994, 0.537246, -0.716627, 0.444759, -0.002831, 0.375929, -0.268586, -0.886871, -1.2e-05, 0.0, 0.0, 0.0, 1.0],
                [0.755286, 0.642784, 0.12795, 0.124994, 0.537055, -0.718896, 0.441316, -0.002831, 0.375654, -0.264603, -0.888184, -1.2e-05, 0.0, 0.0, 0.0, 1.0],
                [0.755527, 0.641988, 0.130495, 0.124994, 0.536885, -0.720911, 0.438224, -0.002831, 0.37541, -0.261028, -0.889344, -1.2e-05, 0.0, 0.0, 0.0, 1.0],
                [0.755733, 0.641295, 0.132689, 0.124994, 0.536741, -0.722637, 0.435549, -0.002831, 0.375202, -0.257939, -0.890333, -1.2e-05, 0.0, 0.0, 0.0, 1.0],
                [0.7559, 0.640724, 0.134482, 0.124994, 0.536623, -0.724041, 0.433357, -0.002831, 0.375033, -0.255408, -0.891133, -1.2e-05, 0.0, 0.0, 0.0, 1.0],
                [0.756024, 0.640295, 0.135823, 0.124994, 0.536536, -0.725087, 0.431713, -0.002831, 0.374908, -0.253511, -0.891727, -1.2e-05, 0.0, 0.0, 0.0, 1.0],
                [0.756101, 0.640025, 0.136663, 0.124994, 0.536482, -0.725739, 0.430683, -0.002831, 0.37483, -0.252323, -0.892097, -1.2e-05, 0.0, 0.0, 0.0, 1.0],
                [0.756128, 0.639931, 0.136953, 0.124994, 0.536463, -0.725965, 0.430326, -0.002831, 0.374803, -0.251911, -0.892224, -1.2e-05, 0.0, 0.0, 0.0, 1.0]
            ]
        },
        {
            "name": "Leg_R",
            "time": [0.0, 0.0167, 0.0333, 0.05, 0.0667, 0.0833, 0.1, 0.1167, 0.1333, 0.15, 0.1667, 0.1833, 0.2, 0.2167, 0.2333, 0.25, 0.2667, 0.2833, 0.3, 0.3167, 0.3333, 0.35, 0.3667, 0.3833, 0.4, 0.4167, 0.4333, 0.45, 0.4667, 0.4833, 0.5, 0.5167, 0.5333, 0.55, 0.5667, 0.5833, 0.6, 0.6167, 0.6333, 0.65, 0.6667, 0.6833, 0.7, 0.7167, 0.7333, 0.75, 0.7667, 0.7833, 0.8, 0.8167, 0.8333, 0.85, 0.8667, 0.8833],
            "transform": [
                [1.0, -0.0, 1e-06, 0.0, -0.0, 0.719169, 0.694836, 0.374726, -1e-06, -0.694838, 0.719165, -0.0, 0.0, 0.0, 0.0, 1.0],
                [1.0, -1e-06, 1e-06, -0.0, -0.0, 0.713198, 0.700964, 0.374726, -1e-06, -0.700966, 0.713193, -0.0, 0.0, 0.0, 0.0, 1.0],
                [1.0, -0.0, 1e-06, 0.0, -0.0, 0.707238, 0.706977, 0.374726, -1e-06, -0.706978, 0.707234, 0.0, 0.0, 0.0, 0.0, 1.0],
                [1.0, -0.0, 1e-06, 0.0, -0.0, 0.701289, 0.712879, 0.374726, -1e-06, -0.71288, 0.701284, -0.0, 0.0, 0.0, 0.0, 1.0],
                [1.0, -1e-06, 1e-06, 0.0, -0.0, 0.69535, 0.718673, 0.374726, -1e-06, -0.718674, 0.695346, -0.0, 0.0, 0.0, 0.0, 1.0],
                [1.0, -1e-06, 1e-06, -0.0, -0.0, 0.689423, 0.724361, 0.374726, -1e-06, -0.724362, 0.689418, 0.0, 0.0, 0.0, 0.0, 1.0],
                [1.0, -0.0, 1e-06, -0.0, -0.0, 0.683506, 0.729946, 0.374726, -1e-06, -0.729948, 0.683502, 0.0, 0.0, 0.0, 0.0, 1.0],
                [1.0, -1e-06, 1e-06, -0.0, -0.0, 0.6776, 0.735432, 0.374726, -1e-06, -0.735434, 0.677595, -0.0, 0.0, 0.0, 0.0, 1.0],
                [1.0, -1e-06, 1e-06, 0.0, -0.0, 0.671705, 0.74082, 0.374726, -1e-06, -0.740821, 0.6717, 0.0, 0.0, 0.0, 0.0, 1.0],
                [1.0, -0.0, 1e-06, -0.0, -0.0, 0.665821, 0.746113, 0.374726, -1e-06, -0.746114, 0.665816, 0.0, 0.0, 0.0, 0.0, 1.0],
                [1.0, -1e-06, 1e-06, -0.0, -0.0, 0.659948, 0.751313, 0.374726, -1e-06, -0.751314, 0.659943, -0.0, 0.0, 0.0, 0.0, 1.0],
                [1.0, -1e-06, 1e-06, 0.0, -0.0, 0.654085, 0.756422, 0.374726, -1e-06, -0.756423, 0.654081, -0.0, 0.0, 0.0, 0.0, 1.0],
                [1.0, -0.0, 1e-06, 0.0, -0.0, 0.648234, 0.761442, 0.374726, -1e-06, -0.761444, 0.64823, -0.0, 0.0, 0.0, 0.0, 1.0],
                [1.0, -1e-06, 1e-06, -0.0, -0.0, 0.642393, 0.766376, 0.374726, -1e-06, -0.766378, 0.642389, -0.0, 0.0, 0.0, 0.0, 1.0],
                [1.0, -0.0, 1e-06, -0.0, -0.0, 0.636563, 0.771225, 0.374726, -1e-06, -0.771227, 0.636559, -0.0, 0.0, 0.0, 0.0, 1.0],
                [1.0, -1e-06, 1e-06, -0.0, -0.0, 0.630744, 0.775992, 0.374726, -1e-06, -0.775993, 0.63074, 0.0, 0.0, 0.0, 0.0, 1.0],
                [1.0, -1e-06, 1e-06, 0.0, -0.0, 0.624936, 0.780677, 0.374726, -1e-06, -0.780678, 0.624932, -0.0, 0.0, 0.0, 0.0, 1.0],
                [1.0, -1e-06, 1e-06, -0.0, -0.0, 0.619139, 0.785282, 0.374726, -1e-06, -0.785284, 0.619135, 0.0, 0.0, 0.0, 0.0, 1.0],
                [1.0, -1e-06, 1e-06, 0.0, -0.0, 0.613352, 0.78981, 0.374726, -1e-06, -0.789811, 0.613348, 0.0, 0.0, 0.0, 0.0, 1.0],
                [1.0, -1e-06, 1e-06, -0.0, -0.0, 0.607577, 0.794261, 0.374726, -1e-06, -0.794263, 0.607573, -0.0, 0.0, 0.0, 0.0, 1.0],
                [1.0, -0.0, 1e-06, 0.0, -0.0, 0.601812, 0.798638, 0.374726, -1e-06, -0.798639, 0.601809, 0.0, 0.0, 0.0, 0.0, 1.0],
                [1.0, -1e-06, 1e-06, -0.0, -0.0, 0.596058, 0.802941, 0.374726, -1e-06, -0.802943, 0.596055, 0.0, 0.0, 0.0, 0.0, 1.0],
                [1.0, -1e-06, 1e-06, 0.0, -0.0, 0.590316, 0.807173, 0.374726, -1e-06, -0.807174, 0.590312, 0.0, 0.0, 0.0, 0.0, 1.0],
                [1.0, -1e-06, 1e-06, -0.0, -0.0, 0.584584, 0.811334, 0.374726, -1e-06, -0.811335, 0.58458, 0.0, 0.0, 0.0, 0.0, 1.0],
                [1.0, -1e-06, 1e-06, -0.0, -0.0, 0.578863, 0.815425, 0.374726, -1e-06, -0.815427, 0.578859, 0.0, 0.0, 0.0, 0.0, 1.0],
                [1.0, -1e-06, 1e-06, -0.0, -0.0, 0.573153, 0.819449, 0.374726, -1e-06, -0.819451, 0.573149, -0.0, 0.0, 0.0, 0.0, 1.0],
                [1.0, -1e-06, 1e-06, -0.0, -0.0, 0.567453, 0.823406, 0.374726, -1e-06, -0.823408, 0.56745, -0.0, 0.0, 0.0, 0.0, 1.0],
                [1.0, -1e-06, 1e-06, 0.0, -0.0, 0.568047, 0.822996, 0.374726, -1e-06, -0.822998, 0.568044, -0.0, 0.0, 0.0, 0.0, 1.0],
                [1.0, -1e-06, 1e-06, 0.0, -0.0, 0.569771, 0.821804, 0.374726, -1e-06, -0.821805, 0.569767, -0.0, 0.0, 0.0, 0.0, 1.0],
                [1.0, -1e-06, 1e-06, -0.0, -0.0, 0.572534, 0.819881, 0.374726, -1e-06, -0.819882, 0.572531, -0.0, 0.0, 0.0, 0.0, 1.0],
                [1.0, -1e-06, 1e-06, -0.0, -0.0, 0.576251, 0.817273, 0.374726, -1e-06, -0.817275, 0.576248, 0.0, 0.0, 0.0, 0.0, 1.0],
                [1.0, -1e-06, 1e-06, -0.0, -0.0, 0.580834, 0.814023, 0.374726, -1e-06, -0.814024, 0.58083, -0.0, 0.0, 0.0, 0.0, 1.0],
                [1.0, -1e-06, 1e-06, 0.0, -0.0, 0.586195, 0.81017, 0.374726, -1e-06, -0.810172, 0.586191, 0.0, 0.0, 0.0, 0.0, 1.0],
                [1.0, -1e-06, 1e-06, -0.0, -0.0, 0.592248, 0.805756, 0.374726, -1e-06, -0.805758, 0.592244, -0.0, 0.0, 0.0, 0.0, 1.0],
                [1.0, -1e-06, 1e-06, -0.0, -0.0, 0.598906, 0.80082, 0.374726, -1e-06, -0.800821, 0.598902, -0.0, 0.0, 0.0, 0.0, 1.0],
                [1.0, -1e-06, 1e-06, 0.0, -0.0, 0.606082, 0.795403, 0.374726, -1e-06, -0.795404, 0.606078, 0.0, 0.0, 0.0, 0.0, 1.0],
                [1.0, -1e-06, 1e-06, -0.0, -0.0, 0.613686, 0.789551, 0.374726, -1e-06, -0.789552, 0.613682, 0.0, 0.0, 0.0, 0.0, 1.0],
                [1.0, -1e-06, 1e-06, -0.0, -0.0, 0.621631, 0.783311, 0.374726, -1e-06, -0.783312, 0.621628, -0.0, 0.0, 0.0, 0.0, 1.0],
                [1.0, -1e-06, 1e-06, -0.0, -0.0, 0.629827, 0.776736, 0.374726, -1e-06, -0.776737, 0.629824, 0.0, 0.0, 0.0, 0.0, 1.0],
                [1.0, -1e-06, 1e-06, 0.0, -0.0, 0.638183, 0.769885, 0.374726, -1e-06, -0.769887, 0.638179, 0.0, 0.0, 0.0, 0.0, 1.0],
                [1.0, -1e-06, 1e-06, -0.0, -0.0, 0.646608, 0.762823, 0.374726, -1e-06, -0.762825, 0.646604, 0.0, 0.0, 0.0, 0.0, 1.0],
                [1.0, -1e-06, 1e-06, 0.0, -0.0, 0.655009, 0.755622, 0.374726, -1e-06, -0.755623, 0.655005, -0.0, 0.0, 0.0, 0.0, 1.0],
                [1.0, -1e-06, 1e-06, -0.0, -0.0, 0.663292, 0.748361, 0.374726, -1e-06, -0.748363, 0.663288, -0.0, 0.0, 0.0, 0.0, 1.0],
                [1.0, -1e-06, 1e-06, 0.0, -0.0, 0.671365, 0.741128, 0.374726, -1e-06, -0.74113, 0.67136, 0.0, 0.0, 0.0, 0.0, 1.0],
                [1.0, -0.0, 1e-06, -0.0, -0.0, 0.67913, 0.734019, 0.374726, -1e-06, -0.734021, 0.679126, -0.0, 0.0, 0.0, 0.0, 1.0],
                [1.0, -0.0, 1e-06, -0.0, -0.0, 0.686491, 0.727139, 0.374726, -1e-06, -0.72714, 0.686487, -0.0, 0.0, 0.0, 0.0, 1.0],
                [1.0, -0.0, 1e-06, 0.0, -0.0, 0.693353, 0.720599, 0.374726, -1e-06, -0.7206, 0.693349, 0.0, 0.0, 0.0, 0.0, 1.0],
                [1.0, -0.0, 1e-06, -0.0, -0.0, 0.699617, 0.714519, 0.374726, -1e-06, -0.71452, 0.699613, 0.0, 0.0, 0.0, 0.0, 1.0],
                [1.0, -0.0, 1e-06, -0.0, -0.0, 0.705186, 0.709024, 0.374726, -1e-06, -0.709025, 0.705182, -0.0, 0.0, 0.0, 0.0, 1.0],
                [1.0, -0.0, 1e-06, 0.0, -0.0, 0.709961, 0.704242, 0.374726, -1e-06, -0.704244, 0.709956, -0.0, 0.0, 0.0, 0.0, 1.0],
                [1.0, -0.0, 1e-06, -0.0, -0.0, 0.713845, 0.700306, 0.374726, -1e-06, -0.700307, 0.71384, 0.0, 0.0, 0.0, 0.0, 1.0],
                [1.0, -1e-06, 1e-06, 0.0, -0.0, 0.716739, 0.697344, 0.374726, -1e-06, -0.697345, 0.716734, -0.0, 0.0, 0.0, 0.0, 1.0],
                [1.0, -1e-06, 1e-06, 0.0, -0.0, 0.718545, 0.695481, 0.374726, -1e-06, -0.695483, 0.718541, 0.0, 0.0, 0.0, 0.0, 1.0],
                [1.0, -0.0, 1e-06, 0.0, -0.0, 0.719169, 0.694836, 0.374726, -1e-06, -0.694838, 0.719165, -0.0, 0.0, 0.0, 0.0, 1.0]
            ]
        },
        {
            "name": "Knee_R",
            "time": [0.0, 0.8833],
            "transform": [
                [1.0, 0.0, -0.0, 0.0, -0.0, 0.00567, -0.999984, 0.399228, -0.0, 0.999984, 0.00567, -0.000139, 0.0, 0.0, 0.0, 1.0],
                [1.0, 0.0, -0.0, 0.0, -0.0, 0.00567, -0.999984, 0.399228, -0.0, 0.999984, 0.00567, -0.000139, 0.0, 0.0, 0.0, 1.0]
            ]
        },
        {
            "name": "Thigh_L",
            "time": [0.0, 0.0167, 0.0333, 0.05, 0.0667, 0.0833, 0.1, 0.1167, 0.1333, 0.15, 0.1667, 0.1833, 0.2, 0.2167, 0.2333, 0.25, 0.2667, 0.2833, 0.3, 0.3167, 0.3333, 0.35, 0.3667, 0.3833, 0.4, 0.4167, 0.4333, 0.45, 0.4667, 0.4833, 0.5, 0.5167, 0.5333, 0.55, 0.5667, 0.5833, 0.6, 0.6167, 0.6333, 0.65, 0.6667, 0.6833, 0.7, 0.7167, 0.7333, 0.75, 0.7667, 0.7833, 0.8, 0.8167, 0.8333, 0.85, 0.8667, 0.8833],
            "transform": [
                [0.23691, -0.746103, -0.622257, -0.125006, -0.228024, -0.665302, 0.7109, -0.002831, -0.944393, -0.02653, -0.327746, -1.2e-05, 0.0, 0.0, 0.0, 1.0],
                [0.236668, -0.748484, -0.619483, -0.125006, -0.22819, -0.662583, 0.713381, -0.002831, -0.944414, -0.027475, -0.327609, -1.2e-05, 0.0, 0.0, 0.0, 1.0],
                [0.236426, -0.750849, -0.616707, -0.125006, -0.228357, -0.659862, 0.715846, -0.002831, -0.944434, -0.028416, -0.327471, -1.2e-05, 0.0, 0.0, 0.0, 1.0],
                [0.236184, -0.753198, -0.61393, -0.125006, -0.228524, -0.657138, 0.718294, -0.002831, -0.944454, -0.029352, -0.32733, -1.2e-05, 0.0, 0.0, 0.0, 1.0],
                [0.235942, -0.75553, -0.61115, -0.125006, -0.228691, -0.654413, 0.720725, -0.002831, -0.944474, -0.030285, -0.327187, -1.2e-05, 0.0, 0.0, 0.0, 1.0],
                [0.2357, -0.757847, -0.608369, -0.125006, -0.228858, -0.651685, 0.723139, -0.002831, -0.944494, -0.031214, -0.327041, -1.2e-05, 0.0, 0.0, 0.0, 1.0],
                [0.235457, -0.760148, -0.605586, -0.125006, -0.229025, -0.648954, 0.725538, -0.002831, -0.944514, -0.032138, -0.326894, -1.2e-05, 0.0, 0.0, 0.0, 1.0],
                [0.235214, -0.762433, -0.602802, -0.125006, -0.229193, -0.646221, 0.72792, -0.002831, -0.944534, -0.033059, -0.326745, -1.2e-05, 0.0, 0.0, 0.0, 1.0],
                [0.234971, -0.764702, -0.600015, -0.125006, -0.22936, -0.643486, 0.730287, -0.002831, -0.944554, -0.033976, -0.326593, -1.2e-05, 0.0, 0.0, 0.0, 1.0],
                [0.234727, -0.766957, -0.597227, -0.125006, -0.229528, -0.640749, 0.732637, -0.002831, -0.944574, -0.03489, -0.32644, -1.2e-05, 0.0, 0.0, 0.0, 1.0],
                [0.234483, -0.769196, -0.594437, -0.125006, -0.229696, -0.638009, 0.734972, -0.002831, -0.944594, -0.035799, -0.326284, -1.2e-05, 0.0, 0.0, 0.0, 1.0],
                [0.234239, -0.771419, -0.591644, -0.125006, -0.229864, -0.635267, 0.737291, -0.002831, -0.944613, -0.036705, -0.326126, -1.2e-05, 0.0, 0.0, 0.0, 1.0],
                [0.233995, -0.773628, -0.58885, -0.125006, -0.230032, -0.632522, 0.739595, -0.002831, -0.944633, -0.037607, -0.325967, -1.2e-05, 0.0, 0.0, 0.0, 1.0],
                [0.23375, -0.775822, -0.586054, -0.125006, -0.2302, -0.629775, 0.741884, -0.002831, -0.944652, -0.038506, -0.325805, -1.2e-05, 0.0, 0.0, 0.0, 1.0],
                [0.233506, -0.778002, -0.583256, -0.125006, -0.230369, -0.627025, 0.744157, -0.002831, -0.944672, -0.039401, -0.325642, -1.2e-05, 0.0, 0.0, 0.0, 1.0],
                [0.233261, -0.780166, -0.580456, -0.125006, -0.230538, -0.624272, 0.746415, -0.002831, -0.944691, -0.040292, -0.325476, -1.2e-05, 0.0, 0.0, 0.0, 1.0],
                [0.233015, -0.782316, -0.577654, -0.125006, -0.230706, -0.621518, 0.748659, -0.002831, -0.944711, -0.04118, -0.325309, -1.2e-05, 0.0, 0.0, 0.0, 1.0],
                [0.23277, -0.784452, -0.57485, -0.125006, -0.230875, -0.61876, 0.750887, -0.002831, -0.94473, -0.042065, -0.325139, -1.2e-05, 0.0, 0.0, 0.0, 1.0],
                [0.232524, -0.786574, -0.572043, -0.125006, -0.231044, -0.616, 0.753101, -0.002831, -0.944749, -0.042946, -0.324968, -1.2e-05, 0.0, 0.0, 0.0, 1.0],
                [0.232278, -0.788681, -0.569235, -0.125006, -0.231214, -0.613238, 0.755301, -0.002831, -0.944768, -0.043824, -0.324795, -1.2e-05, 0.0, 0.0, 0.0, 1.0],
                [0.232031, -0.790774, -0.566425, -0.125006, -0.231383, -0.610473, 0.757485, -0.002831, -0.944788, -0.044699, -0.324621, -1.2e-05, 0.0, 0.0, 0.0, 1.0],
                [0.231784, -0.792854, -0.563612, -0.125006, -0.231552, -0.607705, 0.759656, -0.002831, -0.944807, -0.045571, -0.324444, -1.2e-05, 0.0, 0.0, 0.0, 1.0],
                [0.231537, -0.794919, -0.560797, -0.125006, -0.231722, -0.604935, 0.761812, -0.002831, -0.944826, -0.046439, -0.324266, -1.2e-05, 0.0, 0.0, 0.0, 1.0],
                [0.23129, -0.796971, -0.55798, -0.125006, -0.231892, -0.602162, 0.763955, -0.002831, -0.944844, -0.047304, -0.324085, -1.2e-05, 0.0, 0.0, 0.0, 1.0],
                [0.231043, -0.799009, -0.555161, -0.125006, -0.232062, -0.599387, 0.766083, -0.002831, -0.944863, -0.048166, -0.323903, -1.2e-05, 0.0, 0.0, 0.0, 1.0],
                [0.230795, -0.801033, -0.552339, -0.125006, -0.232232, -0.596608, 0.768197, -0.002831, -0.944882, -0.049025, -0.32372, -1.2e-05, 0.0, 0.0, 0.0, 1.0],
                [0.230547, -0.803044, -0.549516, -0.125006, -0.232402, -0.593827, 0.770297, -0.002831, -0.944901, -0.049881, -0.323534, -1.2e-05, 0.0, 0.0, 0.0, 1.0],
                [0.230573, -0.802835, -0.549811, -0.125006, -0.232384, -0.594118, 0.770079, -0.002831, -0.944899, -0.049792, -0.323554, -1.2e-05, 0.0, 0.0, 0.0, 1.0],
                [0.230648, -0.802227, -0.550665, -0.125006, -0.232333, -0.594959, 0.769444, -0.002831, -0.944893, -0.049533, -0.32361, -1.2e-05, 0.0, 0.0, 0.0, 1.0],
                [0.230768, -0.801252, -0.552034, -0.125006, -0.23225, -0.596307, 0.768425, -0.002831, -0.944884, -0.049118, -0.3237, -1.2e-05, 0.0, 0.0, 0.0, 1.0],
                [0.230929, -0.799936, -0.553872, -0.125006, -0.232139, -0.598117, 0.767051, -0.002831, -0.944872, -0.048559, -0.32382, -1.2e-05, 0.0, 0.0, 0.0, 1.0],
                [0.231128, -0.798308, -0.556133, -0.125006, -0.232003, -0.600344, 0.765351, -0.002831, -0.944857, -0.047869, -0.323966, -1.2e-05, 0.0, 0.0, 0.0, 1.0],
                [0.23136, -0.796395, -0.558773, -0.125006, -0.231844, -0.602942, 0.763353, -0.002831, -0.944839, -0.047061, -0.324136, -1.2e-05, 0.0, 0.0, 0.0, 1.0],
                [0.231621, -0.794225, -0.561745, -0.125006, -0.231665, -0.605868, 0.761088, -0.002831, -0.944819, -0.046147, -0.324326, -1.2e-05, 0.0, 0.0, 0.0, 1.0],
                [0.231907, -0.791826, -0.565005, -0.125006, -0.231468, -0.609076, 0.758583, -0.002831, -0.944797, -0.04514, -0.324532, -1.2e-05, 0.0, 0.0, 0.0, 1.0],
                [0.232214, -0.789225, -0.568507, -0.125006, -0.231257, -0.612521, 0.755868, -0.002831, -0.944773, -0.044052, -0.32475, -1.2e-05, 0.0, 0.0, 0.0, 1.0],
                [0.232538, -0.786452, -0.572206, -0.125006, -0.231035, -0.61616, 0.752974, -0.002831, -0.944748, -0.042896, -0.324978, -1.2e-05, 0.0, 0.0, 0.0, 1.0],
                [0.232875, -0.783535, -0.576056, -0.125006, -0.230803, -0.619947, 0.74993, -0.002831, -0.944722, -0.041685, -0.325212, -1.2e-05, 0.0, 0.0, 0.0, 1.0],
                [0.233222, -0.780506, -0.580015, -0.125006, -0.230564, -0.623838, 0.74677, -0.002831, -0.944695, -0.040433, -0.32545, -1.2e-05, 0.0, 0.0, 0.0, 1.0],
                [0.233574, -0.777397, -0.584035, -0.125006, -0.230322, -0.62779, 0.743526, -0.002831, -0.944666, -0.039152, -0.325687, -1.2e-05, 0.0, 0.0, 0.0, 1.0],
                [0.233927, -0.77424, -0.588073, -0.125006, -0.230079, -0.631758, 0.740233, -0.002831, -0.944638, -0.037857, -0.325922, -1.2e-05, 0.0, 0.0, 0.0, 1.0],
                [0.234278, -0.77107, -0.592085, -0.125006, -0.229837, -0.6357, 0.736926, -0.002831, -0.94461, -0.036562, -0.326151, -1.2e-05, 0.0, 0.0, 0.0, 1.0],
                [0.234622, -0.767922, -0.596027, -0.125006, -0.2296, -0.639571, 0.733643, -0.002831, -0.944582, -0.035281, -0.326373, -1.2e-05, 0.0, 0.0, 0.0, 1.0],
                [0.234957, -0.764833, -0.599854, -0.125006, -0.22937, -0.643328, 0.730423, -0.002831, -0.944555, -0.034029, -0.326584, -1.2e-05, 0.0, 0.0, 0.0, 1.0],
                [0.235277, -0.761842, -0.603524, -0.125006, -0.229149, -0.64693, 0.727304, -0.002831, -0.944529, -0.032821, -0.326784, -1.2e-05, 0.0, 0.0, 0.0, 1.0],
                [0.23558, -0.758988, -0.606992, -0.125006, -0.228941, -0.650333, 0.724329, -0.002831, -0.944504, -0.031672, -0.326969, -1.2e-05, 0.0, 0.0, 0.0, 1.0],
                [0.235861, -0.756312, -0.610214, -0.125006, -0.228747, -0.653494, 0.72154, -0.002831, -0.944481, -0.030598, -0.327138, -1.2e-05, 0.0, 0.0, 0.0, 1.0],
                [0.236116, -0.753855, -0.613148, -0.125006, -0.228571, -0.656372, 0.718979, -0.002831, -0.94446, -0.029615, -0.32729, -1.2e-05, 0.0, 0.0, 0.0, 1.0],
                [0.236343, -0.75166, -0.61575, -0.125006, -0.228414, -0.658923, 0.716691, -0.002831, -0.944441, -0.028739, -0.327422, -1.2e-05, 0.0, 0.0, 0.0, 1.0],
                [0.236537, -0.74977, -0.617976, -0.125006, -0.228281, -0.661106, 0.714721, -0.002831, -0.944425, -0.027986, -0.327534, -1.2e-05, 0.0, 0.0, 0.0, 1.0],
                [0.236694, -0.748227, -0.619784, -0.125006, -0.228172, -0.662877, 0.713113, -0.002831, -0.944412, -0.027373, -0.327624, -1.2e-05, 0.0, 0.0, 0.0, 1.0],
                [0.236811, -0.747074, -0.621129, -0.125006, -0.228091, -0.664196, 0.711911, -0.002831, -0.944402, -0.026915, -0.32769, -1.2e-05, 0.0, 0.0, 0.0, 1.0],
                [0.236884, -0.746352, -0.621968, -0.125006, -0.228041, -0.665018, 0.71116, -0.002831, -0.944395, -0.026628, -0.327731, -1.2e-05, 0.0, 0.0, 0.0, 1.0],
                [0.23691, -0.746103, -0.622257, -0.125006, -0.228024, -0.665302, 0.7109, -0.002831, -0.944393, -0.02653, -0.327746, -1.2e-05, 0.0, 0.0, 0.0, 1.0]
            ]
        },
        {
            "name": "Leg_L",
            "time": [0.0, 0.0167, 0.0333, 0.05, 0.0667, 0.0833, 0.1, 0.1167, 0.1333, 0.15, 0.1667, 0.1833, 0.2, 0.2167, 0.2333, 0.25, 0.2667, 0.2833, 0.3, 0.3167, 0.3333, 0.35, 0.3667, 0.3833, 0.4, 0.4167, 0.4333, 0.45, 0.4667, 0.4833, 0.5, 0.5167, 0.5333, 0.55, 0.5667, 0.5833, 0.6, 0.6167, 0.6333, 0.65, 0.6667, 0.6833, 0.7, 0.7167, 0.7333, 0.75, 0.7667, 0.7833, 0.8, 0.8167, 0.8333, 0.85, 0.8667, 0.8833],
            "transform": [
                [1.0, -1e-06, 1e-06, 0.0, -0.0, 0.507673, 0.86155, 0.374726, -1e-06, -0.86155, 0.507672, 0.0, 0.0, 0.0, 0.0, 1.0],
                [1.0, -1e-06, 1e-06, -0.0, -0.0, 0.503371, 0.864071, 0.374726, -1e-06, -0.86407, 0.503371, -0.0, 0.0, 0.0, 0.0, 1.0],
                [1.0, -1e-06, 1e-06, 0.0, -0.0, 0.49908, 0.866556, 0.374726, -1e-06, -0.866555, 0.49908, 0.0, 0.0, 0.0, 0.0, 1.0],
                [1.0, -1e-06, 1e-06, 0.0, -0.0, 0.4948, 0.869007, 0.374726, -1e-06, -0.869007, 0.4948, -0.0, 0.0, 0.0, 0.0, 1.0],
                [1.0, -1e-06, 1e-06, -0.0, -0.0, 0.490531, 0.871424, 0.374726, -1e-06, -0.871424, 0.49053, 0.0, 0.0, 0.0, 0.0, 1.0],
                [1.0, -1e-06, 1e-06, 0.0, -0.0, 0.486272, 0.873807, 0.374726, -1e-06, -0.873807, 0.486272, 0.0, 0.0, 0.0, 0.0, 1.0],
                [1.0, -1e-06, 1e-06, 0.0, -0.0, 0.482025, 0.876158, 0.374726, -1e-06, -0.876157, 0.482025, -0.0, 0.0, 0.0, 0.0, 1.0],
                [1.0, -1e-06, 1e-06, 0.0, -0.0, 0.477788, 0.878475, 0.374726, -1e-06, -0.878475, 0.477788, 0.0, 0.0, 0.0, 0.0, 1.0],
                [1.0, -1e-06, 1e-06, 0.0, -0.0, 0.473562, 0.88076, 0.374726, -1e-06, -0.88076, 0.473562, -0.0, 0.0, 0.0, 0.0, 1.0],
                [1.0, -1e-06, 1e-06, 0.0, -0.0, 0.469347, 0.883014, 0.374726, -1e-06, -0.883013, 0.469347, 0.0, 0.0, 0.0, 0.0, 1.0],
                [1.0, -1e-06, 1e-06, 0.0, -0.0, 0.465143, 0.885235, 0.374726, -1e-06, -0.885235, 0.465143, -0.0, 0.0, 0.0, 0.0, 1.0],
                [1.0, -1e-06, 1e-06, 0.0, -0.0, 0.46095, 0.887426, 0.374726, -1e-06, -0.887426, 0.46095, -0.0, 0.0, 0.0, 0.0, 1.0],
                [1.0, -1e-06, 1e-06, 0.0, -0.0, 0.456768, 0.889586, 0.374726, -1e-06, -0.889585, 0.456768, 0.0, 0.0, 0.0, 0.0, 1.0],
                [1.0, -1e-06, 1e-06, 0.0, -0.0, 0.452596, 0.891715, 0.374726, -1e-06, -0.891715, 0.452596, -0.0, 0.0, 0.0, 0.0, 1.0],
                [1.0, -1e-06, 1e-06, 0.0, -0.0, 0.448436, 0.893815, 0.374726, -1e-06, -0.893815, 0.448436, -0.0, 0.0, 0.0, 0.0, 1.0],
                [1.0, -1e-06, 1e-06, 0.0, -0.0, 0.444286, 0.895885, 0.374726, -1e-06, -0.895885, 0.444286, 0.0, 0.0, 0.0, 0.0, 1.0],
                [1.0, -1e-06, 1e-06, 0.0, -0.0, 0.440147, 0.897926, 0.374726, -1e-06, -0.897925, 0.440147, 0.0, 0.0, 0.0, 0.0, 1.0],
                [1.0, -1e-06, 1e-06, 0.0, -0.0, 0.436019, 0.899937, 0.374726, -1e-06, -0.899937, 0.436019, 0.0, 0.0, 0.0, 0.0, 1.0],
                [1.0, -1e-06, 1e-06, -0.0, -0.0, 0.431902, 0.90192, 0.374726, -1e-06, -0.90192, 0.431902, -0.0, 0.0, 0.0, 0.0, 1.0],
                [1.0, -1e-06, 1e-06, -0.0, -0.0, 0.427796, 0.903875, 0.374726, -1e-06, -0.903875, 0.427796, -0.0, 0.0, 0.0, 0.0, 1.0],
                [1.0, -1e-06, 1e-06, -0.0, -0.0, 0.423701, 0.905802, 0.374726, -1e-06, -0.905802, 0.423701, 0.0, 0.0, 0.0, 0.0, 1.0],
                [1.0, -1e-06, 1e-06, 0.0, -0.0, 0.419616, 0.907702, 0.374726, -1e-06, -0.907701, 0.419616, 0.0, 0.0, 0.0, 0.0, 1.0],
                [1.0, -1e-06, 1e-06, 0.0, -0.0, 0.415543, 0.909574, 0.374726, -1e-06, -0.909573, 0.415543, 0.0, 0.0, 0.0, 0.0, 1.0],
                [1.0, -1e-06, 1e-06, 0.0, -0.0, 0.41148, 0.911419, 0.374726, -1e-06, -0.911419, 0.41148, 0.0, 0.0, 0.0, 0.0, 1.0],
                [1.0, -1e-06, 1e-06, 0.0, -0.0, 0.407428, 0.913237, 0.374726, -1e-06, -0.913237, 0.407428, -0.0, 0.0, 0.0, 0.0, 1.0],
                [1.0, -1e-06, 1e-06, 0.0, -0.0, 0.403387, 0.915029, 0.374726, -1e-06, -0.915029, 0.403387, -0.0, 0.0, 0.0, 0.0, 1.0],
                [1.0, -1e-06, 1e-06, 0.0, -0.0, 0.399357, 0.916796, 0.374726, -1e-06, -0.916795, 0.399357, 0.0, 0.0, 0.0, 0.0, 1.0],
                [1.0, -1e-06, 1e-06, 0.0, -0.0, 0.399777, 0.916613, 0.374726, -1e-06, -0.916612, 0.399777, 0.0, 0.0, 0.0, 0.0, 1.0],
                [1.0, -1e-06, 1e-06, 0.0, -0.0, 0.400996, 0.91608, 0.374726, -1e-06, -0.91608, 0.400996, 0.0, 0.0, 0.0, 0.0, 1.0],
                [1.0, -1e-06, 1e-06, -0.0, -0.0, 0.40295, 0.915222, 0.374726, -1e-06, -0.915222, 0.40295, -0.0, 0.0, 0.0, 0.0, 1.0],
                [1.0, -1e-06, 1e-06, 0.0, -0.0, 0.40558, 0.91406, 0.374726, -1e-06, -0.914059, 0.40558, 0.0, 0.0, 0.0, 0.0, 1.0],
                [1.0, -1e-06, 1e-06, 0.0, -0.0, 0.408824, 0.912613, 0.374726, -1e-06, -0.912613, 0.408824, 0.0, 0.0, 0.0, 0.0, 1.0],
                [1.0, -1e-06, 1e-06, 0.0, -0.0, 0.412622, 0.910903, 0.374726, -1e-06, -0.910902, 0.412621, -0.0, 0.0, 0.0, 0.0, 1.0],
                [1.0, -1e-06, 1e-06, 0.0, -0.0, 0.416913, 0.908947, 0.374726, -1e-06, -0.908946, 0.416913, -0.0, 0.0, 0.0, 0.0, 1.0],
                [1.0, -1e-06, 0.0, 0.0, -0.0, 0.421637, 0.906765, 0.374726, -1e-06, -0.906764, 0.421637, 0.0, 0.0, 0.0, 0.0, 1.0],
                [1.0, -1e-06, 1e-06, -0.0, -0.0, 0.426734, 0.904377, 0.374726, -1e-06, -0.904377, 0.426733, -0.0, 0.0, 0.0, 0.0, 1.0],
