{
    "animation": [
        {
            "name": "Root",
            "time": [0.0, 0.0167, 0.0333, 0.05, 0.0667, 0.0833, 0.1, 0.1167, 0.1333, 0.15, 0.1667, 0.1833, 0.2, 0.2167, 0.2333, 0.25, 0.2667, 0.2833, 0.3, 0.3167, 0.3333, 0.35, 0.3667, 0.3833, 0.4, 0.4167, 0.4333, 0.45, 0.4667, 0.4833, 0.5, 0.5167, 0.5333, 0.55, 0.5667, 0.5833, 0.6, 0.6167, 0.6333, 0.65, 0.6667, 0.6833],
            "transform": [
                [0.941787, 0.0, -0.336209, 0.009031, -0.336209, 0.0, -0.941787, -0.017044, 0.0, 1.0, 0.0, 0.763972, 0.0, 0.0, 0.0, 1.0],
                [0.962866, 0.0, -0.269981, 0.009031, -0.269981, 0.0, -0.962866, -0.017044, 0.0, 1.0, 0.0, 0.763972, 0.0, 0.0, 0.0, 1.0],
                [0.979362, 0.0, -0.202116, 0.009031, -0.202116, 0.0, -0.979362, -0.017044, 0.0, 1.0, 0.0, 0.763972, 0.0, 0.0, 0.0, 1.0],
                [0.991103, 0.0, -0.133095, 0.009031, -0.133095, 0.0, -0.991103, -0.017044, 0.0, 1.0, 0.0, 0.763972, 0.0, 0.0, 0.0, 1.0],
                [0.997987, 0.0, -0.063422, 0.009031, -0.063422, 0.0, -0.997987, -0.017044, 0.0, 1.0, 0.0, 0.763972, 0.0, 0.0, 0.0, 1.0],
                [0.999979, 0.0, 0.00639, 0.009031, 0.00639, 0.0, -0.999979, -0.017044, 0.0, 1.0, 0.0, 0.763972, 0.0, 0.0, 0.0, 1.0],
                [0.99712, 0.0, 0.075832, 0.009031, 0.075832, 0.0, -0.99712, -0.017044, 0.0, 1.0, 0.0, 0.763972, 0.0, 0.0, 0.0, 1.0],
                [0.986401, 0.0, 0.164356, 0.009031, 0.164356, 0.0, -0.986401, -0.017044, 0.0, 1.0, 0.0, 0.763972, 0.0, 0.0, 0.0, 1.0],
                [0.967703, 0.0, 0.252094, 0.009031, 0.252094, 0.0, -0.967703, -0.017044, 0.0, 1.0, 0.0, 0.763972, 0.0, 0.0, 0.0, 1.0],
                [0.941155, 0.0, 0.337974, 0.009031, 0.337974, 0.0, -0.941155, -0.017044, 0.0, 1.0, 0.0, 0.763972, 0.0, 0.0, 0.0, 1.0],
                [0.90708, 0.0, 0.420959, 0.009031, 0.420959, 0.0, -0.90708, -0.017044, 0.0, 1.0, 0.0, 0.763972, 0.0, 0.0, 0.0, 1.0],
                [0.865974, 0.0, 0.500089, 0.009031, 0.500089, 0.0, -0.865974, -0.017044, 0.0, 1.0, 0.0, 0.763972, 0.0, 0.0, 0.0, 1.0],
                [0.887073, 0.0, 0.461629, 0.009031, 0.461629, 0.0, -0.887073, -0.020452, 0.0, 1.0, 0.0, 0.761028, 0.0, 0.0, 0.0, 1.0],
                [0.906697, 0.0, 0.421782, 0.009031, 0.421782, 0.0, -0.906697, -0.023861, 0.0, 1.0, 0.0, 0.758084, 0.0, 0.0, 0.0, 1.0],
                [0.924729, 0.0, 0.380626, 0.009031, 0.380626, 0.0, -0.924729, -0.027269, 0.0, 1.0, 0.0, 0.75514, 0.0, 0.0, 0.0, 1.0],
                [0.941056, 0.0, 0.338252, 0.009031, 0.338252, 0.0, -0.941056, -0.030678, 0.0, 1.0, 0.0, 0.752196, 0.0, 0.0, 0.0, 1.0],
                [0.955571, 0.0, 0.294762, 0.009031, 0.294762, 0.0, -0.955571, -0.034087, 0.0, 1.0, 0.0, 0.749253, 0.0, 0.0, 0.0, 1.0],
                [0.968176, 0.0, 0.250268, 0.009031, 0.250268, 0.0, -0.968176, -0.037495, 0.0, 1.0, 0.0, 0.746309, 0.0, 0.0, 0.0, 1.0],
                [0.978784, 0.0, 0.204897, 0.009031, 0.204897, 0.0, -0.978784, -0.040904, 0.0, 1.0, 0.0, 0.743365, 0.0, 0.0, 0.0, 1.0],
                [0.987245, 0.0, 0.159208, 0.009031, 0.159208, 0.0, -0.987245, -0.043732, 0.0, 1.0, 0.0, 0.740923, 0.0, 0.0, 0.0, 1.0],
                [0.993618, 0.0, 0.112794, 0.009031, 0.112794, 0.0, -0.993618, -0.046559, 0.0, 1.0, 0.0, 0.738481, 0.0, 0.0, 0.0, 1.0],
                [0.997833, 0.0, 0.065795, 0.009031, 0.065795, 0.0, -0.997833, -0.049387, 0.0, 1.0, 0.0, 0.736038, 0.0, 0.0, 0.0, 1.0],
                [0.999831, 0.0, 0.018362, 0.009031, 0.018362, 0.0, -0.999831, -0.052215, 0.0, 1.0, 0.0, 0.733596, 0.0, 0.0, 0.0, 1.0],
                [0.999569, 0.0, -0.029349, 0.009031, -0.029349, 0.0, -0.999569, -0.055043, 0.0, 1.0, 0.0, 0.731154, 0.0, 0.0, 0.0, 1.0],
                [0.997017, 0.0, -0.077177, 0.009031, -0.077177, 0.0, -0.997017, -0.057871, 0.0, 1.0, 0.0, 0.728712, 0.0, 0.0, 0.0, 1.0],
                [0.991393, 0.0, -0.130917, 0.009031, -0.130917, 0.0, -0.991393, -0.061052, 0.0, 1.0, 0.0, 0.725964, 0.0, 0.0, 0.0, 1.0],
                [0.982859, 0.0, -0.184359, 0.009031, -0.184359, 0.0, -0.982859, -0.064234, 0.0, 1.0, 0.0, 0.723217, 0.0, 0.0, 0.0, 1.0],
                [0.971444, 0.0, -0.237268, 0.009031, -0.237268, 0.0, -0.971444, -0.067415, 0.0, 1.0, 0.0, 0.720469, 0.0, 0.0, 0.0, 1.0],
                [0.957205, 0.0, -0.289411, 0.009031, -0.289411, 0.0, -0.957205, -0.070596, 0.0, 1.0, 0.0, 0.717721, 0.0, 0.0, 0.0, 1.0],
                [0.946181, 0.0, -0.323639, 0.009031, -0.323639, 0.0, -0.946181, -0.072717, 0.0, 1.0, 0.0, 0.71589, 0.0, 0.0, 0.0, 1.0],
                [0.933966, 0.0, -0.357363, 0.009031, -0.357363, 0.0, -0.933966, -0.074838, 0.0, 1.0, 0.0, 0.714058, 0.0, 0.0, 0.0, 1.0],
                [0.920593, 0.0, -0.390524, 0.009031, -0.390524, 0.0, -0.920593, -0.076959, 0.0, 1.0, 0.0, 0.712226, 0.0, 0.0, 0.0, 1.0],
                [0.9061, 0.0, -0.423063, 0.009031, -0.423063, 0.0, -0.9061, -0.07908, 0.0, 1.0, 0.0, 0.710395, 0.0, 0.0, 0.0, 1.0],
                [0.890529, 0.0, -0.454926, 0.009031, -0.454926, 0.0, -0.890529, -0.081201, 0.0, 1.0, 0.0, 0.708563, 0.0, 0.0, 0.0, 1.0],
                [0.873925, 0.0, -0.486061, 0.009031, -0.486061, 0.0, -0.873925, -0.083322, 0.0, 1.0, 0.0, 0.706731, 0.0, 0.0, 0.0, 1.0],
                [0.856335, 0.0, -0.516421, 0.009031, -0.516421, 0.0, -0.856335, -0.085443, 0.0, 1.0, 0.0, 0.7049, 0.0, 0.0, 0.0, 1.0],
                [0.837809, 0.0, -0.545963, 0.009031, -0.545963, 0.0, -0.837809, -0.087564, 0.0, 1.0, 0.0, 0.703068, 0.0, 0.0, 0.0, 1.0],
                [0.773727, 0.0, -0.633519, 0.016144, -0.633519, 0.0, -0.773727, -0.11671, 0.0, 1.0, 0.0, 0.687972, 0.0, 0.0, 0.0, 1.0],
                [0.701003, 0.0, -0.713159, 0.023256, -0.713159, 0.0, -0.701003, -0.145856, 0.0, 1.0, 0.0, 0.672876, 0.0, 0.0, 0.0, 1.0],
                [0.621118, 0.0, -0.783717, 0.030369, -0.783717, 0.0, -0.621118, -0.175002, 0.0, 1.0, 0.0, 0.65778, 0.0, 0.0, 0.0, 1.0],
                [0.53573, 0.0, -0.844389, 0.037481, -0.844389, 0.0, -0.53573, -0.204148, 0.0, 1.0, 0.0, 0.642684, 0.0, 0.0, 0.0, 1.0],
                [0.446565, 0.0, -0.894751, 0.044593, -0.894751, 0.0, -0.446565, -0.233295, 0.0, 1.0, 0.0, 0.627589, 0.0, 0.0, 0.0, 1.0]
            ]
        },
        {
            "name": "Thigh_R",
            "time": [0.0, 0.0167, 0.0333, 0.05, 0.0667, 0.0833, 0.1, 0.1167, 0.1333, 0.15, 0.1667, 0.1833, 0.2, 0.2167, 0.2333, 0.25, 0.2667, 0.2833, 0.3, 0.3167, 0.3333, 0.35, 0.3667, 0.3833, 0.4, 0.4167, 0.4333, 0.45, 0.4667, 0.4833, 0.5, 0.5167, 0.5333, 0.55, 0.5667, 0.5833, 0.6, 0.6167, 0.6333, 0.65, 0.6667, 0.6833],
            "transform": [
                [0.989256, 0.144953, 0.018998, 0.124994, 0.143085, -0.986666, 0.077542, -0.002831, 0.029985, -0.073991, -0.996808, -1.2e-05, 0.0, 0.0, 0.0, 1.0],
                [0.984589, 0.148939, 0.09166, 0.124994, 0.143899, -0.987808, 0.059381, -0.002831, 0.099387, -0.045276, -0.994019, -1.2e-05, 0.0, 0.0, 0.0, 1.0],
                [0.974723, 0.150142, 0.165444, 0.124994, 0.145616, -0.988561, 0.039229, -0.002831, 0.169442, -0.014147, -0.985439, -1.2e-05, 0.0, 0.0, 0.0, 1.0],
                [0.959486, 0.147916, 0.239806, 0.124994, 0.148263, -0.988805, 0.016697, -0.002831, 0.239592, 0.019534, -0.970677, -1.2e-05, 0.0, 0.0, 0.0, 1.0],
                [0.938782, 0.141493, 0.314115, 0.124994, 0.151854, -0.988364, -0.008629, -0.002831, 0.309239, 0.055801, -0.949346, -1.2e-05, 0.0, 0.0, 0.0, 1.0],
                [0.9126, 0.129504, 0.3878, 0.124994, 0.156382, -0.986947, -0.038424, -0.002831, 0.377763, 0.09571, -0.920942, -1.2e-05, 0.0, 0.0, 0.0, 1.0],
                [0.881025, 0.108999, 0.460342, 0.124994, 0.161827, -0.983827, -0.076763, -0.002831, 0.44453, 0.142125, -0.884417, -1.2e-05, 0.0, 0.0, 0.0, 1.0],
                [0.832452, 0.064947, 0.550277, 0.124994, 0.170167, -0.975079, -0.142342, -0.002831, 0.527319, 0.212132, -0.82276, -1.2e-05, 0.0, 0.0, 0.0, 1.0],
                [0.774586, 0.044885, 0.630874, 0.124994, 0.180047, -0.971854, -0.151917, -0.002831, 0.6063, 0.231259, -0.760868, -1.2e-05, 0.0, 0.0, 0.0, 1.0],
                [0.707855, 0.023214, 0.705977, 0.124994, 0.191366, -0.968383, -0.160032, -0.002831, 0.679941, 0.248379, -0.689919, -1.2e-05, 0.0, 0.0, 0.0, 1.0],
                [0.633025, 0.000229, 0.774131, 0.124994, 0.203964, -0.964714, -0.166502, -0.002831, 0.746778, 0.263294, -0.610737, -1.2e-05, 0.0, 0.0, 0.0, 1.0],
                [0.551186, -0.023754, 0.834045, 0.124994, 0.21763, -0.9609, -0.17119, -0.002831, 0.805501, 0.27587, -0.524466, -1.2e-05, 0.0, 0.0, 0.0, 1.0],
                [0.590393, -0.016638, 0.806944, 0.124994, 0.216089, -0.960029, -0.177894, -0.002831, 0.777651, 0.279399, -0.5632, -1.2e-05, 0.0, 0.0, 0.0, 1.0],
                [0.628464, -0.008803, 0.777789, 0.124994, 0.214627, -0.959153, -0.184277, -0.002831, 0.747642, 0.282746, -0.600905, -1.2e-05, 0.0, 0.0, 0.0, 1.0],
                [0.665213, -0.000244, 0.746654, 0.124994, 0.213282, -0.95827, -0.190333, -0.002831, 0.715543, 0.285859, -0.637403, -1.2e-05, 0.0, 0.0, 0.0, 1.0],
                [0.700463, 0.009036, 0.713632, 0.124994, 0.212093, -0.957379, -0.196058, -0.002831, 0.681446, 0.288687, -0.672526, -1.2e-05, 0.0, 0.0, 0.0, 1.0],
                [0.734043, 0.019031, 0.678837, 0.124994, 0.211099, -0.956479, -0.201452, -0.002831, 0.64546, 0.291175, -0.706115, -1.2e-05, 0.0, 0.0, 0.0, 1.0],
                [0.765794, 0.037811, 0.641974, 0.124994, 0.210338, -0.958088, -0.194478, -0.002831, 0.607715, 0.283961, -0.741653, -1.2e-05, 0.0, 0.0, 0.0, 1.0],
                [0.795571, 0.08494, 0.599876, 0.124994, 0.209849, -0.967466, -0.141317, -0.002831, 0.568357, 0.23831, -0.787514, -1.2e-05, 0.0, 0.0, 0.0, 1.0],
                [0.82329, 0.110469, 0.556768, 0.124994, 0.208823, -0.971033, -0.116122, -0.002831, 0.527812, 0.211868, -0.822512, -1.2e-05, 0.0, 0.0, 0.0, 1.0],
                [0.848896, 0.130575, 0.512177, 0.124994, 0.208124, -0.973297, -0.096817, -0.002831, 0.485859, 0.188784, -0.853406, -1.2e-05, 0.0, 0.0, 0.0, 1.0],
                [0.872278, 0.147388, 0.466269, 0.124994, 0.207784, -0.97485, -0.080563, -0.002831, 0.442669, 0.167156, -0.880967, -1.2e-05, 0.0, 0.0, 0.0, 1.0],
                [0.893345, 0.161799, 0.419233, 0.124994, 0.207834, -0.975918, -0.066225, -0.002831, 0.398422, 0.146292, -0.905461, -1.2e-05, 0.0, 0.0, 0.0, 1.0],
                [0.912021, 0.174243, 0.371291, 0.124994, 0.208301, -0.976607, -0.053349, -0.002831, 0.35331, 0.125995, -0.926983, -1.2e-05, 0.0, 0.0, 0.0, 1.0],
                [0.928255, 0.185071, 0.322632, 0.124994, 0.209211, -0.976988, -0.041497, -0.002831, 0.307528, 0.106018, -0.945615, -1.2e-05, 0.0, 0.0, 0.0, 1.0],
                [0.943559, 0.195574, 0.267296, 0.124994, 0.210788, -0.977095, -0.029166, -0.002831, 0.255469, 0.083862, -0.963173, -1.2e-05, 0.0, 0.0, 0.0, 1.0],
                [0.955716, 0.204513, 0.211616, 0.124994, 0.212975, -0.976895, -0.017746, -0.002831, 0.203098, 0.062028, -0.977192, -1.2e-05, 0.0, 0.0, 0.0, 1.0],
                [0.964742, 0.212069, 0.155881, 0.124994, 0.215787, -0.976413, -0.007133, -0.002831, 0.150692, 0.040518, -0.98775, -1.2e-05, 0.0, 0.0, 0.0, 1.0],
                [0.970684, 0.218397, 0.10037, 0.124994, 0.219237, -0.975666, 0.002724, -0.002831, 0.098523, 0.01936, -0.994947, -1.2e-05, 0.0, 0.0, 0.0, 1.0],
                [0.968297, 0.233676, 0.088296, 0.124994, 0.234038, -0.972205, 0.006375, -0.002831, 0.087331, 0.014491, -0.996074, -1.2e-05, 0.0, 0.0, 0.0, 1.0],
                [0.96459, 0.250925, 0.081251, 0.124994, 0.250985, -0.967941, 0.009654, -0.002831, 0.081069, 0.01108, -0.996647, -1.2e-05, 0.0, 0.0, 0.0, 1.0],
                [0.959292, 0.270694, 0.08052, 0.124994, 0.270503, -0.962623, 0.013483, -0.002831, 0.081161, 0.008847, -0.996662, -1.2e-05, 0.0, 0.0, 0.0, 1.0],
                [0.951874, 0.293628, 0.087846, 0.124994, 0.29311, -0.955888, 0.019037, -0.002831, 0.089561, 0.007627, -0.995952, -1.2e-05, 0.0, 0.0, 0.0, 1.0],
                [0.941334, 0.320528, 0.105599, 0.124994, 0.319393, -0.947208, 0.027955, -0.002831, 0.108985, 0.007413, -0.994016, -1.2e-05, 0.0, 0.0, 0.0, 1.0],
                [0.925769, 0.352405, 0.136972, 0.124994, 0.349918, -0.935808, 0.042639, -0.002831, 0.143206, 0.008455, -0.989657, -1.2e-05, 0.0, 0.0, 0.0, 1.0],
                [0.901609, 0.390483, 0.186073, 0.124994, 0.384916, -0.920537, 0.066703, -0.002831, 0.197334, 0.011482, -0.98027, -1.2e-05, 0.0, 0.0, 0.0, 1.0],
                [0.862309, 0.436029, 0.257489, 0.124994, 0.423474, -0.899748, 0.105449, -0.002831, 0.277654, 0.01811, -0.960511, -1.2e-05, 0.0, 0.0, 0.0, 1.0],
                [0.807545, 0.507692, 0.300198, 0.124994, 0.464472, -0.861095, 0.20683, -0.002831, 0.363506, -0.027591, -0.931184, -1.2e-05, 0.0, 0.0, 0.0, 1.0],
                [0.773496, 0.561565, 0.293849, 0.124994, 0.489272, -0.82377, 0.286378, -0.002831, 0.402884, -0.07774, -0.911943, -1.2e-05, 0.0, 0.0, 0.0, 1.0],
                [0.757556, 0.600035, 0.257032, 0.124994, 0.50691, -0.788843, 0.347515, -0.002831, 0.411279, -0.132969, -0.901759, -1.2e-05, 0.0, 0.0, 0.0, 1.0],
                [0.753589, 0.625495, 0.202131, 0.124994, 0.521947, -0.756298, 0.394439, -0.002831, 0.399592, -0.191744, -0.896415, -1.2e-05, 0.0, 0.0, 0.0, 1.0],
                [0.756128, 0.639931, 0.136953, 0.124994, 0.536463, -0.725965, 0.430326, -0.002831, 0.374803, -0.251911, -0.892224, -1.2e-05, 0.0, 0.0, 0.0, 1.0]
            ]
        },
        {
            "name": "Leg_R",
            "time": [0.0, 0.0167, 0.0333, 0.05, 0.0667, 0.0833, 0.1, 0.1167, 0.1333, 0.15, 0.1667, 0.1833, 0.2, 0.2167, 0.2333, 0.25, 0.2667, 0.2833, 0.3, 0.3167, 0.3333, 0.35, 0.3667, 0.3833, 0.4, 0.4167, 0.4333, 0.45, 0.4667, 0.4833, 0.5, 0.5167, 0.5333, 0.55, 0.5667, 0.5833, 0.6, 0.6167, 0.6333, 0.65, 0.6667, 0.6833],
            "transform": [
                [1.0, -0.0, 1e-06, 0.0, -0.0, 0.955234, 0.295858, 0.374726, -1e-06, -0.295859, 0.955229, 0.0, 0.0, 0.0, 0.0, 1.0],
                [1.0, -0.0, 1e-06, 0.0, -0.0, 0.9592, 0.282738, 0.374726, -1e-06, -0.282739, 0.959194, -0.0, 0.0, 0.0, 0.0, 1.0],
                [1.0, -0.0, 1e-06, -0.0, -0.0, 0.964152, 0.26536, 0.374726, -1e-06, -0.265361, 0.964146, 0.0, 0.0, 0.0, 0.0, 1.0],
                [1.0, -0.0, 1e-06, 0.0, -0.0, 0.97011, 0.242673, 0.374726, -1e-06, -0.242673, 0.970105, -0.0, 0.0, 0.0, 0.0, 1.0],
                [1.0, -0.0, 1e-06, 0.0, -0.0, 0.97694, 0.213527, 0.374726, -1e-06, -0.213528, 0.976934, 0.0, 0.0, 0.0, 0.0, 1.0],
                [1.0, -0.0, 1e-06, -0.0, -0.0, 0.984711, 0.174211, 0.374726, -1e-06, -0.174212, 0.984706, -0.0, 0.0, 0.0, 0.0, 1.0],
                [1.0, -0.0, 1e-06, 0.0, -0.0, 0.993251, 0.116007, 0.374726, -1e-06, -0.116007, 0.993246, -0.0, 0.0, 0.0, 0.0, 1.0],
                [1.0, -0.0, 1e-06, -0.0, -0.0, 0.999992, 0.004681, 0.374726, -1e-06, -0.004681, 0.999986, 0.0, 0.0, 0.0, 0.0, 1.0],
                [1.0, 0.0, 1e-06, -0.0, 0.0, 0.999992, 0.004685, 0.374726, -1e-06, -0.004685, 0.999986, 0.0, 0.0, 0.0, 0.0, 1.0],
                [1.0, 0.0, 1e-06, 0.0, 0.0, 0.999992, 0.004689, 0.374726, -1e-06, -0.004689, 0.999986, 0.0, 0.0, 0.0, 0.0, 1.0],
                [1.0, 0.0, 1e-06, -0.0, 0.0, 0.999992, 0.004693, 0.374726, -1e-06, -0.004693, 0.999986, 0.0, 0.0, 0.0, 0.0, 1.0],
                [1.0, -0.0, 1e-06, -0.0, 0.0, 0.999992, 0.004698, 0.374726, -1e-06, -0.004698, 0.999986, 0.0, 0.0, 0.0, 0.0, 1.0],
                [1.0, 0.0, 1e-06, 0.0, -0.0, 0.999991, 0.004695, 0.374726, -1e-06, -0.004695, 0.999986, -0.0, 0.0, 0.0, 0.0, 1.0],
                [1.0, -0.0, 1e-06, 0.0, -0.0, 0.999992, 0.004692, 0.374726, -1e-06, -0.004692, 0.999986, -0.0, 0.0, 0.0, 0.0, 1.0],
                [1.0, -0.0, 1e-06, -0.0, 0.0, 0.999992, 0.004689, 0.374726, -1e-06, -0.004689, 0.999986, 0.0, 0.0, 0.0, 0.0, 1.0],
                [1.0, 0.0, 1e-06, -0.0, 0.0, 0.999992, 0.004686, 0.374726, -1e-06, -0.004686, 0.999986, 0.0, 0.0, 0.0, 0.0, 1.0],
                [1.0, -0.0, 1e-06, -0.0, -0.0, 0.999992, 0.004683, 0.374726, -1e-06, -0.004683, 0.999986, 0.0, 0.0, 0.0, 0.0, 1.0],
                [1.0, -0.0, 1e-06, -0.0, -0.0, 0.999558, 0.029831, 0.374726, -1e-06, -0.029831, 0.999552, 0.0, 0.0, 0.0, 0.0, 1.0],
                [1.0, -0.0, 1e-06, 0.0, -0.0, 0.988758, 0.149546, 0.374726, -1e-06, -0.149546, 0.988752, 0.0, 0.0, 0.0, 0.0, 1.0],
                [1.0, -0.0, 1e-06, 0.0, -0.0, 0.978413, 0.206672, 0.374726, -1e-06, -0.206673, 0.978407, -0.0, 0.0, 0.0, 0.0, 1.0],
                [1.0, -0.0, 1e-06, -0.0, -0.0, 0.968095, 0.250595, 0.374726, -1e-06, -0.250596, 0.968089, -0.0, 0.0, 0.0, 0.0, 1.0],
                [1.0, -0.0, 1e-06, 0.0, -0.0, 0.957835, 0.287327, 0.374726, -1e-06, -0.287328, 0.957829, 0.0, 0.0, 0.0, 0.0, 1.0],
                [1.0, -0.0, 1e-06, -0.0, -0.0, 0.947656, 0.319302, 0.374726, -1e-06, -0.319302, 0.94765, 0.0, 0.0, 0.0, 0.0, 1.0],
                [1.0, -0.0, 1e-06, -0.0, -0.0, 0.937663, 0.347554, 0.374726, -1e-06, -0.347555, 0.937657, 0.0, 0.0, 0.0, 0.0, 1.0],
                [1.0, -0.0, 1e-06, -0.0, -0.0, 0.927816, 0.373044, 0.374726, -1e-06, -0.373045, 0.927811, -0.0, 0.0, 0.0, 0.0, 1.0],
                [1.0, -0.0, 1e-06, -0.0, -0.0, 0.916965, 0.398973, 0.374726, -1e-06, -0.398973, 0.91696, 0.0, 0.0, 0.0, 0.0, 1.0],
                [1.0, -0.0, 1e-06, -0.0, -0.0, 0.906411, 0.422402, 0.374726, -1e-06, -0.422403, 0.906406, 0.0, 0.0, 0.0, 0.0, 1.0],
                [1.0, -0.0, 1e-06, 0.0, -0.0, 0.896203, 0.443649, 0.374726, -1e-06, -0.44365, 0.896198, 0.0, 0.0, 0.0, 0.0, 1.0],
                [1.0, -0.0, 1e-06, 0.0, -0.0, 0.886399, 0.462927, 0.374726, -1e-06, -0.462928, 0.886393, 0.0, 0.0, 0.0, 0.0, 1.0],
                [1.0, -0.0, 1e-06, 0.0, -0.0, 0.872991, 0.48774, 0.374726, -1e-06, -0.487741, 0.872986, -0.0, 0.0, 0.0, 0.0, 1.0],
                [1.0, -0.0, 1e-06, 0.0, -0.0, 0.861078, 0.508476, 0.374726, -1e-06, -0.508477, 0.861073, 0.0, 0.0, 0.0, 0.0, 1.0],
                [1.0, -0.0, 1e-06, -0.0, -0.0, 0.850691, 0.52567, 0.374726, -1e-06, -0.525671, 0.850686, -0.0, 0.0, 0.0, 0.0, 1.0],
                [1.000001, -0.0, 1e-06, 0.0, -0.0, 0.841861, 0.539697, 0.374726, -1e-06, -0.539699, 0.841856, 0.0, 0.0, 0.0, 0.0, 1.0],
                [1.0, -0.0, 1e-06, 0.0, -0.0, 0.83462, 0.550828, 0.374726, -1e-06, -0.550829, 0.834615, 0.0, 0.0, 0.0, 0.0, 1.0],
                [1.0, -0.0, 1e-06, -0.0, -0.0, 0.829005, 0.559244, 0.374726, -1e-06, -0.559245, 0.829001, -0.0, 0.0, 0.0, 0.0, 1.0],
                [1.000001, -0.0, 1e-06, 0.0, -0.0, 0.825051, 0.565061, 0.374726, -1e-06, -0.565062, 0.825047, 0.0, 0.0, 0.0, 0.0, 1.0],
                [1.0, -0.0, 1e-06, 0.0, -0.0, 0.822795, 0.568342, 0.374726, -1e-06, -0.568343, 0.82279, 0.0, 0.0, 0.0, 0.0, 1.0],
                [1.0, -0.0, 1e-06, 0.0, -0.0, 0.792072, 0.61043, 0.374726, -1e-06, -0.610431, 0.792067, -0.0, 0.0, 0.0, 0.0, 1.0],
                [1.0, -0.0, 1e-06, 0.0, -0.0, 0.765872, 0.642995, 0.374726, -1e-06, -0.642996, 0.765868, -0.0, 0.0, 0.0, 0.0, 1.0],
                [1.0, -1e-06, 1e-06, 0.0, -0.0, 0.744704, 0.667397, 0.374726, -1e-06, -0.667398, 0.7447, 0.0, 0.0, 0.0, 0.0, 1.0],
                [1.0, -0.0, 1e-06, 0.0, -0.0, 0.729015, 0.684499, 0.374726, -1e-06, -0.6845, 0.729011, -0.0, 0.0, 0.0, 0.0, 1.0],
                [1.0, -0.0, 1e-06, 0.0, -0.0, 0.719169, 0.694836, 0.374726, -1e-06, -0.694838, 0.719165, -0.0, 0.0, 0.0, 0.0, 1.0]
            ]
        },
        {
            "name": "Knee_R",
            "time": [0.0, 0.6833],
            "transform": [
                [1.0, 0.0, -0.0, -0.0, -0.0, 0.00567, -0.999984, 0.374726, -0.0, 0.999984, 0.00567, 0.0, 0.0, 0.0, 0.0, 1.0],
                [1.0, 0.0, -0.0, 0.0, -0.0, 0.00567, -0.999984, 0.399228, -0.0, 0.999984, 0.00567, -0.000139, 0.0, 0.0, 0.0, 1.0]
            ]
        },
        {
            "name": "Thigh_L",
            "time": [0.0, 0.0167, 0.0333, 0.05, 0.0667, 0.0833, 0.1, 0.1167, 0.1333, 0.15, 0.1667, 0.1833, 0.2, 0.2167, 0.2333, 0.25, 0.2667, 0.2833, 0.3, 0.3167, 0.3333, 0.35, 0.3667, 0.3833, 0.4, 0.4167, 0.4333, 0.45, 0.4667, 0.4833, 0.5, 0.5167, 0.5333, 0.55, 0.5667, 0.5833, 0.6, 0.6167, 0.6333, 0.65, 0.6667, 0.6833],
            "transform": [
                [0.917534, -0.142743, -0.371152, -0.125006, -0.109461, -0.987956, 0.109361, -0.002831, -0.382293, -0.059715, -0.92211, -1.2e-05, 0.0, 0.0, 0.0, 1.0],
                [0.94391, -0.137867, -0.300042, -0.125006, -0.105562, -0.986972, 0.121417, -0.002831, -0.312872, -0.082934, -0.946167, -1.2e-05, 0.0, 0.0, 0.0, 1.0],
                [0.964764, -0.130723, -0.228345, -0.125006, -0.102471, -0.986002, 0.131521, -0.002831, -0.242342, -0.103488, -0.964656, -1.2e-05, 0.0, 0.0, 0.0, 1.0],
                [0.980108, -0.121862, -0.156647, -0.125006, -0.100193, -0.98514, 0.139496, -0.002831, -0.171319, -0.121026, -0.977753, -1.2e-05, 0.0, 0.0, 0.0, 1.0],
                [0.990038, -0.11185, -0.085521, -0.125006, -0.098716, -0.984519, 0.144833, -0.002831, -0.100397, -0.134948, -0.985753, -1.2e-05, 0.0, 0.0, 0.0, 1.0],
                [0.994728, -0.101372, -0.01546, -0.125006, -0.098018, -0.984251, 0.147109, -0.002831, -0.030129, -0.144818, -0.988999, -1.2e-05, 0.0, 0.0, 0.0, 1.0],
                [0.994416, -0.091263, 0.052976, -0.125006, -0.098063, -0.984636, 0.144481, -0.002831, 0.038977, -0.14887, -0.988088, -1.2e-05, 0.0, 0.0, 0.0, 1.0],
                [0.987067, -0.082014, 0.137738, -0.125006, -0.099155, -0.987492, 0.122581, -0.002831, 0.125962, -0.134653, -0.982854, -1.2e-05, 0.0, 0.0, 0.0, 1.0],
                [0.972212, -0.073273, 0.222339, -0.125006, -0.10136, -0.987867, 0.117655, -0.002831, 0.211021, -0.136922, -0.967844, -1.2e-05, 0.0, 0.0, 0.0, 1.0],
                [0.950289, -0.059882, 0.305556, -0.125006, -0.104609, -0.985692, 0.132166, -0.002831, 0.29327, -0.15756, -0.942957, -1.2e-05, 0.0, 0.0, 0.0, 1.0],
                [0.921862, -0.044746, 0.384925, -0.125006, -0.108812, -0.983238, 0.146297, -0.002831, 0.371927, -0.17675, -0.911279, -1.2e-05, 0.0, 0.0, 0.0, 1.0],
                [0.887592, -0.028094, 0.459772, -0.125006, -0.113863, -0.980544, 0.159898, -0.002831, 0.446335, -0.194276, -0.873523, -1.2e-05, 0.0, 0.0, 0.0, 1.0],
                [0.905238, -0.034505, 0.423501, -0.125006, -0.111434, -0.98109, 0.158254, -0.002831, 0.410032, -0.19045, -0.891965, -1.2e-05, 0.0, 0.0, 0.0, 1.0],
                [0.921673, -0.03575, 0.386317, -0.125006, -0.109187, -0.9794, 0.169864, -0.002831, 0.372286, -0.19874, -0.90659, -1.2e-05, 0.0, 0.0, 0.0, 1.0],
                [0.936771, -0.01478, 0.34963, -0.125006, -0.107142, -0.963241, 0.246348, -0.002831, 0.333137, -0.268232, -0.90392, -1.2e-05, 0.0, 0.0, 0.0, 1.0],
                [0.950407, -0.013154, 0.31073, -0.125006, -0.105316, -0.95369, 0.28175, -0.002831, 0.292634, -0.300502, -0.90778, -1.2e-05, 0.0, 0.0, 0.0, 1.0],
                [0.962455, -0.017317, 0.270887, -0.125006, -0.103728, -0.945686, 0.308087, -0.002831, 0.250839, -0.324618, -0.911977, -1.2e-05, 0.0, 0.0, 0.0, 1.0],
                [0.972791, -0.025262, 0.230301, -0.125006, -0.102395, -0.938563, 0.329565, -0.002831, 0.207827, -0.34418, -0.915613, -1.2e-05, 0.0, 0.0, 0.0, 1.0],
                [0.981294, -0.036096, 0.189101, -0.125006, -0.101335, -0.932023, 0.347943, -0.002831, 0.163687, -0.360596, -0.918246, -1.2e-05, 0.0, 0.0, 0.0, 1.0],
                [0.987793, -0.049619, 0.147656, -0.125006, -0.100538, -0.927118, 0.361031, -0.002831, 0.118981, -0.371469, -0.92079, -1.2e-05, 0.0, 0.0, 0.0, 1.0],
                [0.992284, -0.064929, 0.105627, -0.125006, -0.100038, -0.922548, 0.372688, -0.002831, 0.073248, -0.380379, -0.921925, -1.2e-05, 0.0, 0.0, 0.0, 1.0],
                [0.994646, -0.081819, 0.063114, -0.125006, -0.09985, -0.918267, 0.383165, -0.002831, 0.026605, -0.387416, -0.921521, -1.2e-05, 0.0, 0.0, 0.0, 1.0],
                [0.994771, -0.100109, 0.020227, -0.125006, -0.099988, -0.914235, 0.392652, -0.002831, -0.020816, -0.392621, -0.919465, -1.2e-05, 0.0, 0.0, 0.0, 1.0],
                [0.992554, -0.119631, -0.022914, -0.125006, -0.100467, -0.910421, 0.401297, -0.002831, -0.068869, -0.396006, -0.915662, -1.2e-05, 0.0, 0.0, 0.0, 1.0],
                [0.987905, -0.140225, -0.066181, -0.125006, -0.101298, -0.906795, 0.40922, -0.002831, -0.117395, -0.397567, -0.910032, -1.2e-05, 0.0, 0.0, 0.0, 1.0],
                [0.979672, -0.164479, -0.114836, -0.125006, -0.102664, -0.902905, 0.417398, -0.002831, -0.172339, -0.397124, -0.901438, -1.2e-05, 0.0, 0.0, 0.0, 1.0],
                [0.968178, -0.189669, -0.16327, -0.125006, -0.104496, -0.899181, 0.424916, -0.002831, -0.227402, -0.394333, -0.890387, -1.2e-05, 0.0, 0.0, 0.0, 1.0],
                [0.95336, -0.215568, -0.211267, -0.125006, -0.106798, -0.895583, 0.431884, -0.002831, -0.282307, -0.389179, -0.876836, -1.2e-05, 0.0, 0.0, 0.0, 1.0],
                [0.935192, -0.241951, -0.258603, -0.125006, -0.109569, -0.892076, 0.438398, -0.002831, -0.336765, -0.381652, -0.860774, -1.2e-05, 0.0, 0.0, 0.0, 1.0],
                [0.921218, -0.259696, -0.28968, -0.125006, -0.111675, -0.889771, 0.442533, -0.002831, -0.372673, -0.375319, -0.848675, -1.2e-05, 0.0, 0.0, 0.0, 1.0],
                [0.905765, -0.277488, -0.320294, -0.125006, -0.113985, -0.887478, 0.44653, -0.002831, -0.408161, -0.367943, -0.835477, -1.2e-05, 0.0, 0.0, 0.0, 1.0],
                [0.888852, -0.295259, -0.350378, -0.125006, -0.116494, -0.885188, 0.450412, -0.002831, -0.443139, -0.359533, -0.821197, -1.2e-05, 0.0, 0.0, 0.0, 1.0],
                [0.870499, -0.312944, -0.379864, -0.125006, -0.119197, -0.882889, 0.4542, -0.002831, -0.477517, -0.350102, -0.805857, -1.2e-05, 0.0, 0.0, 0.0, 1.0],
                [0.850741, -0.330477, -0.408687, -0.125006, -0.122088, -0.880573, 0.457914, -0.002831, -0.511209, -0.339671, -0.789487, -1.2e-05, 0.0, 0.0, 0.0, 1.0],
                [0.829614, -0.347795, -0.436783, -0.125006, -0.12516, -0.878227, 0.461574, -0.002831, -0.544128, -0.32826, -0.77212, -1.2e-05, 0.0, 0.0, 0.0, 1.0],
                [0.807164, -0.364834, -0.464093, -0.125006, -0.128405, -0.875845, 0.465196, -0.002831, -0.576193, -0.315897, -0.753797, -1.2e-05, 0.0, 0.0, 0.0, 1.0],
                [0.783443, -0.381538, -0.490556, -0.125006, -0.131815, -0.873414, 0.468798, -0.002831, -0.607323, -0.302614, -0.734563, -1.2e-05, 0.0, 0.0, 0.0, 1.0],
                [0.692563, -0.470179, -0.547071, -0.125006, -0.151316, -0.836209, 0.527121, -0.002831, -0.705308, -0.282284, -0.650274, -1.2e-05, 0.0, 0.0, 0.0, 1.0],
                [0.589194, -0.554627, -0.58757, -0.125006, -0.171136, -0.796361, 0.580103, -0.002831, -0.78966, -0.241239, -0.564128, -1.2e-05, 0.0, 0.0, 0.0, 1.0],
                [0.476439, -0.630777, -0.612475, -0.125006, -0.190812, -0.754201, 0.628307, -0.002831, -0.858251, -0.182483, -0.479691, -1.2e-05, 0.0, 0.0, 0.0, 1.0],
                [0.357818, -0.69535, -0.62326, -0.125006, -0.209901, -0.710264, 0.671912, -0.002831, -0.909894, -0.109599, -0.400101, -1.2e-05, 0.0, 0.0, 0.0, 1.0],
                [0.23691, -0.746103, -0.622257, -0.125006, -0.228024, -0.665302, 0.7109, -0.002831, -0.944393, -0.02653, -0.327746, -1.2e-05, 0.0, 0.0, 0.0, 1.0]
            ]
        },
        {
            "name": "Leg_L",
            "time": [0.0, 0.0167, 0.0333, 0.05, 0.0667, 0.0833, 0.1, 0.1167, 0.1333, 0.15, 0.1667, 0.1833, 0.2, 0.2167, 0.2333, 0.25, 0.2667, 0.2833, 0.3, 0.3167, 0.3333, 0.35, 0.3667, 0.3833, 0.4, 0.4167, 0.4333, 0.45, 0.4667, 0.4833, 0.5, 0.5167, 0.5333, 0.55, 0.5667, 0.5833, 0.6, 0.6167, 0.6333, 0.65, 0.6667, 0.6833],
            "transform": [
                [1.0, -0.0, 1e-06, 0.0, -0.0, 0.983608, 0.180323, 0.374726, -1e-06, -0.180323, 0.983607, -0.0, 0.0, 0.0, 0.0, 1.0],
                [1.0, -0.0, 1e-06, 0.0, -0.0, 0.982948, 0.183883, 0.374726, -1e-06, -0.183883, 0.982948, 0.0, 0.0, 0.0, 0.0, 1.0],
                [1.0, -0.0, 1e-06, 0.0, -0.0, 0.983171, 0.182692, 0.374726, -1e-06, -0.182692, 0.98317, -0.0, 0.0, 0.0, 0.0, 1.0],
                [1.0, -0.0, 1e-06, -0.0, -0.0, 0.984282, 0.1766, 0.374726, -1e-06, -0.1766, 0.984283, -0.0, 0.0, 0.0, 0.0, 1.0],
                [1.0, -0.0, 1e-06, 0.0, -0.0, 0.986332, 0.164773, 0.374726, -1e-06, -0.164773, 0.986331, -0.0, 0.0, 0.0, 0.0, 1.0],
                [1.0, -0.0, 1e-06, 0.0, -0.0, 0.989207, 0.146526, 0.374726, -1e-06, -0.146526, 0.989207, 0.0, 0.0, 0.0, 0.0, 1.0],
                [1.0, -0.0, 1e-06, -0.0, -0.0, 0.992979, 0.118288, 0.374726, -1e-06, -0.118288, 0.992979, -0.0, 0.0, 0.0, 0.0, 1.0],
                [1.0, -0.0, 1e-06, 0.0, -0.0, 0.999014, 0.044395, 0.374726, -1e-06, -0.044395, 0.999014, 0.0, 0.0, 0.0, 0.0, 1.0],
                [1.0, -0.0, 1e-06, -0.0, -0.0, 0.999989, 0.004682, 0.374726, -1e-06, -0.004682, 0.999989, 0.0, 0.0, 0.0, 0.0, 1.0],
                [1.0, -0.0, 1e-06, -0.0, 0.0, 0.999989, 0.004684, 0.374726, -1e-06, -0.004684, 0.999989, -0.0, 0.0, 0.0, 0.0, 1.0],
                [1.0, -0.0, 1e-06, -0.0, 0.0, 0.999989, 0.004687, 0.374726, -1e-06, -0.004687, 0.999989, 0.0, 0.0, 0.0, 0.0, 1.0],
                [1.0, -0.0, 1e-06, -0.0, 0.0, 0.999989, 0.00469, 0.374726, -1e-06, -0.00469, 0.999989, -0.0, 0.0, 0.0, 0.0, 1.0],
                [1.0, -0.0, 1e-06, -0.0, 0.0, 0.999989, 0.004685, 0.374726, -1e-06, -0.004685, 0.999989, 0.0, 0.0, 0.0, 0.0, 1.0],
                [1.0, -0.0, 1e-06, 0.0, -0.0, 0.999485, 0.032085, 0.374726, -1e-06, -0.032085, 0.999485, -0.0, 0.0, 0.0, 0.0, 1.0],
                [1.0, -0.0, 1e-06, 0.0, -0.0, 0.981336, 0.192302, 0.374726, -1e-06, -0.192302, 0.981336, 0.0, 0.0, 0.0, 0.0, 1.0],
                [1.0, -0.0, 1e-06, -0.0, -0.0, 0.963306, 0.268404, 0.374726, -1e-06, -0.268404, 0.963306, 0.0, 0.0, 0.0, 0.0, 1.0],
                [1.0, -0.0, 1e-06, -0.0, -0.0, 0.945431, 0.325823, 0.374726, -1e-06, -0.325823, 0.945431, 0.0, 0.0, 0.0, 0.0, 1.0],
                [1.0, -0.0, 1e-06, -0.0, -0.0, 0.927753, 0.373196, 0.374726, -1e-06, -0.373195, 0.927752, 0.0, 0.0, 0.0, 0.0, 1.0],
                [1.0, -0.0, 1e-06, 0.0, -0.0, 0.91022, 0.414124, 0.374726, -1e-06, -0.414124, 0.910221, -0.0, 0.0, 0.0, 0.0, 1.0],
                [1.0, -0.0, 1e-06, 0.0, -0.0, 0.895066, 0.445934, 0.374726, -1e-06, -0.445934, 0.895066, 0.0, 0.0, 0.0, 0.0, 1.0],
                [1.0, -0.0, 1e-06, -0.0, -0.0, 0.880098, 0.474793, 0.374726, -1e-06, -0.474793, 0.880097, 0.0, 0.0, 0.0, 0.0, 1.0],
                [1.0, -0.0, 1e-06, 0.0, -0.0, 0.865335, 0.501194, 0.374726, -1e-06, -0.501194, 0.865335, -0.0, 0.0, 0.0, 0.0, 1.0],
                [1.0, -0.0, 1e-06, 0.0, -0.0, 0.850796, 0.525497, 0.374726, -1e-06, -0.525497, 0.850796, -0.0, 0.0, 0.0, 0.0, 1.0],
                [1.0, -0.0, 1e-06, 0.0, -0.0, 0.836497, 0.547971, 0.374726, -1e-06, -0.547971, 0.836497, -0.0, 0.0, 0.0, 0.0, 1.0],
                [1.0, -0.0, 1e-06, 0.0, -0.0, 0.822455, 0.56883, 0.374726, -1e-06, -0.56883, 0.822455, -0.0, 0.0, 0.0, 0.0, 1.0],
                [1.0, -0.0, 1e-06, -0.0, -0.0, 0.806985, 0.590571, 0.374726, -1e-06, -0.590571, 0.806985, -0.0, 0.0, 0.0, 0.0, 1.0],
                [1.0, -0.0, 1e-06, -0.0, -0.0, 0.791881, 0.610675, 0.374726, -1e-06, -0.610675, 0.791881, -0.0, 0.0, 0.0, 0.0, 1.0],
                [1.0, -0.0, 1e-06, -0.0, -0.0, 0.777161, 0.629302, 0.374726, -1e-06, -0.629302, 0.777161, -0.0, 0.0, 0.0, 0.0, 1.0],
                [1.0, -0.0, 1e-06, -0.0, -0.0, 0.762843, 0.646584, 0.374726, -1e-06, -0.646584, 0.762843, 0.0, 0.0, 0.0, 0.0, 1.0],
                [1.0, -1e-06, 1e-06, 0.0, -0.0, 0.753527, 0.657417, 0.374726, -1e-06, -0.657416, 0.753527, 0.0, 0.0, 0.0, 0.0, 1.0],
                [1.0, -1e-06, 1e-06, -0.0, -0.0, 0.744399, 0.667735, 0.374726, -1e-06, -0.667734, 0.744399, 0.0, 0.0, 0.0, 0.0, 1.0],
                [1.0, -1e-06, 1e-06, 0.0, -0.0, 0.735462, 0.677566, 0.374726, -1e-06, -0.677566, 0.735462, -0.0, 0.0, 0.0, 0.0, 1.0],
                [1.0, -1e-06, 1e-06, -0.0, -0.0, 0.726719, 0.686935, 0.374726, -1e-06, -0.686934, 0.726719, 0.0, 0.0, 0.0, 0.0, 1.0],
                [1.000001, -0.0, 1e-06, -0.0, -0.0, 0.718171, 0.695867, 0.374726, -1e-06, -0.695867, 0.718171, -0.0, 0.0, 0.0, 0.0, 1.0],
                [1.0, -0.0, 1e-06, 0.0, -0.0, 0.709818, 0.704385, 0.374726, -1e-06, -0.704385, 0.709819, -0.0, 0.0, 0.0, 0.0, 1.0],
                [1.0, -0.0, 1e-06, -0.0, -0.0, 0.701665, 0.712507, 0.374726, -1e-06, -0.712507, 0.701665, -0.0, 0.0, 0.0, 0.0, 1.0],
                [1.0, -1e-06, 1e-06, 0.0, -0.0, 0.693706, 0.720258, 0.374726, -1e-06, -0.720258, 0.693706, 0.0, 0.0, 0.0, 0.0, 1.0],
                [1.0, -0.0, 1e-06, -0.0, -0.0, 0.640681, 0.767807, 0.374726, -1e-06, -0.767807, 0.640681, -0.0, 0.0, 0.0, 0.0, 1.0],
                [1.0, -1e-06, 1e-06, -0.0, -0.0, 0.594877, 0.803817, 0.374726, -1e-06, -0.803817, 0.594877, -0.0, 0.0, 0.0, 0.0, 1.0],
                [1.0, -1e-06, 1e-06, -0.0, -0.0, 0.557, 0.830512, 0.374726, -1e-06, -0.830512, 0.557, -0.0, 0.0, 0.0, 0.0, 1.0],
                [1.0, -1e-06, 1e-06, -0.0, -0.0, 0.527728, 0.849413, 0.374726, -1e-06, -0.849413, 0.527728, 0.0, 0.0, 0.0, 0.0, 1.0],
                [1.0, -1e-06, 1e-06, 0.0, -0.0, 0.507673, 0.86155, 0.374726, -1e-06, -0.86155, 0.507672, 0.0, 0.0, 0.0, 0.0, 1.0]
            ]
        },
        {
            "name": "Knee_L",
            "time": [0.0, 0.6833],
            "transform": [
                [1.0, 0.0, -0.0, -0.0, -0.0, 0.00567, -0.999984, 0.374726, -0.0, 0.999984, 0.00567, -0.0, 0.0, 0.0, 0.0, 1.0],
                [1.0, 0.0, -0.0, 0.0, -0.0, 0.00567, -0.999984, 0.427602, -0.0, 0.999984, 0.00567, -0.0003, 0.0, 0.0, 0.0, 1.0]
            ]
        },
        {
            "name": "Torso",
            "time": [0.0, 0.0167, 0.0333, 0.05, 0.0667, 0.0833, 0.1, 0.1167, 0.1333, 0.15, 0.1667, 0.1833, 0.2, 0.2167, 0.2333, 0.25, 0.2667, 0.2833, 0.3, 0.3167, 0.3333, 0.35, 0.3667, 0.3833, 0.4, 0.4167, 0.4333, 0.45, 0.4667, 0.4833, 0.5, 0.5167, 0.5333, 0.55, 0.5667, 0.5833, 0.6, 0.6167, 0.6333, 0.65, 0.6667, 0.6833],
            "transform": [
                [1.0, 0.0, 0.0, 0.0, 0.0, 1.0, 0.0, 0.05, 0.0, 0.0, 1.0, 0.0, 0.0, 0.0, 0.0, 1.0],
                [1.0, 0.0, 0.0, 0.0, 0.0, 1.0, 0.0, 0.05, -0.0, 0.0, 1.0, 0.0, 0.0, 0.0, 0.0, 1.0],
                [1.0, 0.0, 0.0, 0.0, 0.0, 1.0, 0.0, 0.05, 0.0, 0.0, 1.0, 0.0, 0.0, 0.0, 0.0, 1.0],
                [1.0, 0.0, 0.0, 0.0, 0.0, 1.0, 0.0, 0.05, 0.0, 0.0, 1.0, 0.0, 0.0, 0.0, 0.0, 1.0],
                [1.0, 0.0, 0.0, 0.0, 0.0, 1.0, 0.0, 0.05, 0.0, 0.0, 1.0, -0.0, 0.0, 0.0, 0.0, 1.0],
                [1.0, 0.0, 0.0, -0.0, 0.0, 1.0, 0.0, 0.05, 0.0, 0.0, 1.0, 0.0, 0.0, 0.0, 0.0, 1.0],
                [1.0, 0.0, 0.0, 0.0, 0.0, 1.0, 0.0, 0.05, 0.0, 0.0, 1.0, -0.0, 0.0, 0.0, 0.0, 1.0],
                [1.0, 0.0, 0.0, 0.0, 0.0, 1.0, 0.0, 0.05, 0.0, 0.0, 1.0, -0.0, 0.0, 0.0, 0.0, 1.0],
                [1.0, 0.0, 0.0, 0.0, 0.0, 1.0, 0.0, 0.05, 0.0, 0.0, 1.0, 0.0, 0.0, 0.0, 0.0, 1.0],
                [1.0, 0.0, 0.0, 0.0, 0.0, 1.0, 0.0, 0.05, 0.0, 0.0, 1.0, 0.0, 0.0, 0.0, 0.0, 1.0],
                [1.0, 0.0, 0.0, 0.0, 0.0, 1.0, 0.0, 0.05, 0.0, 0.0, 1.0, -0.0, 0.0, 0.0, 0.0, 1.0],
                [1.0, 0.0, 0.0, 0.0, 0.0, 1.0, 0.0, 0.05, 0.0, 0.0, 1.0, -0.0, 0.0, 0.0, 0.0, 1.0],
                [1.0, 0.0, 0.0, -0.0, 0.0, 1.0, 0.0, 0.05, 0.0, 0.0, 1.0, 0.0, 0.0, 0.0, 0.0, 1.0],
                [1.0, 0.0, 0.0, 0.0, 0.0, 1.0, 0.0, 0.05, 0.0, 0.0, 1.0, 0.0, 0.0, 0.0, 0.0, 1.0],
                [1.0, 0.0, 0.0, 0.0, 0.0, 1.0, 0.0, 0.05, 0.0, 0.0, 1.0, -0.0, 0.0, 0.0, 0.0, 1.0],
                [1.0, 0.0, 0.0, 0.0, 0.0, 1.0, 0.0, 0.05, 0.0, 0.0, 1.0, 0.0, 0.0, 0.0, 0.0, 1.0],
                [1.0, 0.0, 0.0, 0.0, 0.0, 1.0, 0.0, 0.05, 0.0, 0.0, 1.0, 0.0, 0.0, 0.0, 0.0, 1.0],
                [1.0, 0.0, 0.0, 0.0, 0.0, 1.0, 0.0, 0.05, 0.0, 0.0, 1.0, 0.0, 0.0, 0.0, 0.0, 1.0],
                [1.0, 0.0, -0.0, -0.0, 0.0, 1.0, 0.0, 0.05, 0.0, 0.0, 1.0, 0.0, 0.0, 0.0, 0.0, 1.0],
                [1.0, 0.0, 0.0, 0.0, 0.0, 1.0, 0.0, 0.05, 0.0, 0.0, 1.0, 0.0, 0.0, 0.0, 0.0, 1.0],
                [1.0, 0.0, 0.0, 0.0, 0.0, 1.0, 0.0, 0.05, 0.0, 0.0, 1.0, 0.0, 0.0, 0.0, 0.0, 1.0],
                [1.0, 0.0, 0.0, -0.0, 0.0, 1.0, 0.0, 0.05, 0.0, 0.0, 1.0, -0.0, 0.0, 0.0, 0.0, 1.0],
                [1.0, 0.0, 0.0, 0.0, 0.0, 1.0, 0.0, 0.05, 0.0, 0.0, 1.0, -0.0, 0.0, 0.0, 0.0, 1.0],
                [1.0, 0.0, 0.0, -0.0, 0.0, 1.0, 0.0, 0.05, 0.0, 0.0, 1.0, 0.0, 0.0, 0.0, 0.0, 1.0],
                [1.0, 0.0, 0.0, 0.0, 0.0, 1.0, 0.0, 0.05, 0.0, 0.0, 1.0, 0.0, 0.0, 0.0, 0.0, 1.0],
                [1.0, 0.0, 0.0, -0.0, 0.0, 1.0, 0.0, 0.05, 0.0, 0.0, 1.0, -0.0, 0.0, 0.0, 0.0, 1.0],
                [1.0, 0.0, 0.0, -0.0, 0.0, 1.0, 0.0, 0.05, 0.0, 0.0, 1.0, -0.0, 0.0, 0.0, 0.0, 1.0],
                [1.0, 0.0, 0.0, 0.0, 0.0, 1.0, 0.0, 0.05, 0.0, 0.0, 1.0, 0.0, 0.0, 0.0, 0.0, 1.0],
                [1.0, 0.0, 0.0, -0.0, 0.0, 1.0, 0.0, 0.05, 0.0, 0.0, 1.0, -0.0, 0.0, 0.0, 0.0, 1.0],
                [1.0, 0.0, 0.0, -0.0, 0.0, 1.0, 0.0, 0.05, 0.0, 0.0, 1.0, -0.0, 0.0, 0.0, 0.0, 1.0],
                [1.0, 0.0, 0.0, 0.0, 0.0, 1.0, 0.0, 0.05, 0.0, 0.0, 1.0, -0.0, 0.0, 0.0, 0.0, 1.0],
                [1.0, 0.0, 0.0, -0.0, 0.0, 1.0, 0.0, 0.05, 0.0, 0.0, 1.0, -0.0, 0.0, 0.0, 0.0, 1.0],
                [1.0, 0.0, 0.0, 0.0, 0.0, 1.0, 0.0, 0.05, 0.0, 0.0, 1.0, -0.0, 0.0, 0.0, 0.0, 1.0],
                [1.0, 0.0, 0.0, -0.0, 0.0, 1.0, 0.0, 0.05, 0.0, 0.0, 1.0, 0.0, 0.0, 0.0, 0.0, 1.0],
                [1.0, 0.0, 0.0, 0.0, 0.0, 1.0, 0.0, 0.05, 0.0, 0.0, 1.0, -0.0, 0.0, 0.0, 0.0, 1.0],
                [1.0, 0.0, 0.0, 0.0, 0.0, 1.0, 0.0, 0.05, 0.0, 0.0, 1.0, -0.0, 0.0, 0.0, 0.0, 1.0],
                [1.0, 0.0, 0.0, 0.0, 0.0, 1.0, 0.0, 0.05, 0.0, 0.0, 1.0, 0.0, 0.0, 0.0, 0.0, 1.0],
                [1.0, 0.0, 0.0, 0.0, 0.0, 1.0, 0.0, 0.05, 0.0, 0.0, 1.0, -0.0, 0.0, 0.0, 0.0, 1.0],
                [1.0, 0.0, 0.0, -0.0, 0.0, 1.0, 0.0, 0.05, 0.0, 0.0, 1.0, -0.0, 0.0, 0.0, 0.0, 1.0],
                [1.0, 0.0, 0.0, -0.0, 0.0, 1.0, 0.0, 0.05, 0.0, 0.0, 1.0, 0.0, 0.0, 0.0, 0.0, 1.0],
                [1.0, 0.0, 0.0, 0.0, 0.0, 1.0, 0.0, 0.05, 0.0, 0.0, 1.0, 0.0, 0.0, 0.0, 0.0, 1.0],
                [1.0, 0.0, 0.0, -0.0, 0.0, 1.0, 0.0, 0.05, 0.0, 0.0, 1.0, 0.0, 0.0, 0.0, 0.0, 1.0]
            ]
        },
        {
            "name": "Chest",
            "time": [0.0, 0.0167, 0.0333, 0.05, 0.0667, 0.0833, 0.1, 0.1167, 0.1333, 0.15, 0.1667, 0.1833, 0.2, 0.2167, 0.2333, 0.25, 0.2667, 0.2833, 0.3, 0.3167, 0.3333, 0.35, 0.3667, 0.3833, 0.4, 0.4167, 0.4333, 0.45, 0.4667, 0.4833, 0.5, 0.5167, 0.5333, 0.55, 0.5667, 0.5833, 0.6, 0.6167, 0.6333, 0.65, 0.6667, 0.6833],
            "transform": [
                [0.997855, -0.065186, -0.006008, 0.0, 0.065186, 0.981024, 0.182598, 0.3, -0.006008, -0.182598, 0.983169, 0.0, 0.0, 0.0, 0.0, 1.0],
                [0.997855, -0.065186, -0.006008, 0.0, 0.065186, 0.981024, 0.182598, 0.3, -0.006008, -0.182598, 0.983169, 0.0, 0.0, 0.0, 0.0, 1.0],
                [0.997855, -0.065186, -0.006008, 0.0, 0.065186, 0.981024, 0.182598, 0.3, -0.006008, -0.182598, 0.983169, 0.0, 0.0, 0.0, 0.0, 1.0],
                [0.997855, -0.065186, -0.006008, 0.0, 0.065186, 0.981024, 0.182598, 0.3, -0.006008, -0.182598, 0.983169, 0.0, 0.0, 0.0, 0.0, 1.0],
                [0.997855, -0.065186, -0.006008, 0.0, 0.065186, 0.981024, 0.182598, 0.3, -0.006008, -0.182598, 0.983169, 0.0, 0.0, 0.0, 0.0, 1.0],
                [0.997855, -0.065186, -0.006008, -0.0, 0.065186, 0.981024, 0.182598, 0.3, -0.006008, -0.182598, 0.983169, 0.0, 0.0, 0.0, 0.0, 1.0],
                [0.997855, -0.065186, -0.006008, 0.0, 0.065186, 0.981024, 0.182598, 0.3, -0.006008, -0.182598, 0.983169, -0.0, 0.0, 0.0, 0.0, 1.0],
                [0.997855, -0.065186, -0.006008, 0.0, 0.065186, 0.981024, 0.182598, 0.3, -0.006008, -0.182598, 0.983169, -0.0, 0.0, 0.0, 0.0, 1.0],
                [0.997855, -0.065186, -0.006008, 0.0, 0.065186, 0.981024, 0.182598, 0.3, -0.006008, -0.182598, 0.983169, 0.0, 0.0, 0.0, 0.0, 1.0],
                [0.997855, -0.065186, -0.006008, 0.0, 0.065186, 0.981024, 0.182598, 0.3, -0.006008, -0.182598, 0.983169, 0.0, 0.0, 0.0, 0.0, 1.0],
                [0.997855, -0.065186, -0.006008, 0.0, 0.065186, 0.981024, 0.182598, 0.3, -0.006008, -0.182598, 0.983169, -0.0, 0.0, 0.0, 0.0, 1.0],
