{
    "animation": [
        {
            "name": "Root",
            "time": [0.0, 0.0167, 0.0333, 0.05, 0.0667, 0.0833, 0.1, 0.1167, 0.1333, 0.15, 0.1667, 0.1833, 0.2, 0.2167, 0.2333, 0.25, 0.2667, 0.2833, 0.3, 0.3167, 0.3333, 0.35, 0.3667, 0.3833, 0.4, 0.4167, 0.4333, 0.45, 0.4667, 0.4833, 0.5, 0.5167, 0.5333, 0.55, 0.5667, 0.5833, 0.6, 0.6167, 0.6333, 0.65, 0.6667, 0.6833, 0.7, 0.7167, 0.7333, 0.75, 0.7667, 0.7833, 0.8, 0.8167, 0.8333, 0.85, 0.8667, 0.8833, 0.9, 0.9167, 0.9333, 0.95, 0.9667, 0.9833],
            "transform": [
                [0.633209, 0.0, 0.773981, -5e-06, 0.773981, 0.0, -0.633209, 0.000946, 0.0, 1.0, 0.0, 0.698586, 0.0, 0.0, 0.0, 1.0],
                [0.633209, 0.0, 0.773981, -5e-06, 0.773981, 0.0, -0.633209, 0.003684, 0.0, 1.0, 0.0, 0.698812, 0.0, 0.0, 0.0, 1.0],
                [0.633209, 0.0, 0.773981, -5e-06, 0.773981, 0.0, -0.633209, 0.011296, 0.0, 1.0, 0.0, 0.699396, 0.0, 0.0, 0.0, 1.0],
                [0.633209, 0.0, 0.773981, -5e-06, 0.773981, 0.0, -0.633209, 0.022878, 0.0, 1.0, 0.0, 0.700194, 0.0, 0.0, 0.0, 1.0],
                [0.633209, 0.0, 0.773981, -5e-06, 0.773981, 0.0, -0.633209, 0.037528, 0.0, 1.0, 0.0, 0.701064, 0.0, 0.0, 0.0, 1.0],
                [0.633209, 0.0, 0.773981, -5e-06, 0.773981, 0.0, -0.633209, 0.054342, 0.0, 1.0, 0.0, 0.701862, 0.0, 0.0, 0.0, 1.0],
                [0.633209, 0.0, 0.773981, -5e-06, 0.773981, 0.0, -0.633209, 0.072418, 0.0, 1.0, 0.0, 0.702446, 0.0, 0.0, 0.0, 1.0],
                [0.633209, 0.0, 0.773981, -5e-06, 0.773981, 0.0, -0.633209, 0.090852, 0.0, 1.0, 0.0, 0.702672, 0.0, 0.0, 0.0, 1.0],
                [0.633209, 0.0, 0.773981, -5e-06, 0.773981, 0.0, -0.633209, 0.108773, 0.0, 1.0, 0.0, 0.700738, 0.0, 0.0, 0.0, 1.0],
                [0.633209, 0.0, 0.773981, -5e-06, 0.773981, 0.0, -0.633209, 0.125438, 0.0, 1.0, 0.0, 0.695129, 0.0, 0.0, 0.0, 1.0],
                [0.633209, 0.0, 0.773981, -5e-06, 0.773981, 0.0, -0.633209, 0.140134, 0.0, 1.0, 0.0, 0.686141, 0.0, 0.0, 0.0, 1.0],
                [0.633209, 0.0, 0.773981, -5e-06, 0.773981, 0.0, -0.633209, 0.152151, 0.0, 1.0, 0.0, 0.674066, 0.0, 0.0, 0.0, 1.0],
                [0.633209, 0.0, 0.773981, -5e-06, 0.773981, 0.0, -0.633209, 0.161134, 0.0, 1.0, 0.0, 0.65943, 0.0, 0.0, 0.0, 1.0],
                [0.633209, 0.0, 0.773981, -5e-06, 0.773981, 0.0, -0.633209, 0.168157, 0.0, 1.0, 0.0, 0.643684, 0.0, 0.0, 0.0, 1.0],
                [0.633209, 0.0, 0.773981, -5e-06, 0.773981, 0.0, -0.633209, 0.174652, 0.0, 1.0, 0.0, 0.628509, 0.0, 0.0, 0.0, 1.0],
                [0.633209, 0.0, 0.773981, -5e-06, 0.773981, 0.0, -0.633209, 0.182049, 0.0, 1.0, 0.0, 0.615587, 0.0, 0.0, 0.0, 1.0],
                [0.633209, 0.0, 0.773981, -5e-06, 0.773981, 0.0, -0.633209, 0.19178, 0.0, 1.0, 0.0, 0.606601, 0.0, 0.0, 0.0, 1.0],
                [0.633209, 0.0, 0.773981, -5e-06, 0.773981, 0.0, -0.633209, 0.205277, 0.0, 1.0, 0.0, 0.603231, 0.0, 0.0, 0.0, 1.0],
                [0.633209, 0.0, 0.773981, -5e-06, 0.773981, 0.0, -0.633209, 0.223358, 0.0, 1.0, 0.0, 0.606571, 0.0, 0.0, 0.0, 1.0],
                [0.633209, 0.0, 0.773981, -5e-06, 0.773981, 0.0, -0.633209, 0.24439, 0.0, 1.0, 0.0, 0.615088, 0.0, 0.0, 0.0, 1.0],
                [0.633209, 0.0, 0.773981, -5e-06, 0.773981, 0.0, -0.633209, 0.266129, 0.0, 1.0, 0.0, 0.626531, 0.0, 0.0, 0.0, 1.0],
                [0.633209, 0.0, 0.773981, -5e-06, 0.773981, 0.0, -0.633209, 0.286328, 0.0, 1.0, 0.0, 0.638649, 0.0, 0.0, 0.0, 1.0],
                [0.633209, 0.0, 0.773981, -5e-06, 0.773981, 0.0, -0.633209, 0.303215, 0.0, 1.0, 0.0, 0.649579, 0.0, 0.0, 0.0, 1.0],
                [0.633209, 0.0, 0.773981, -5e-06, 0.773981, 0.0, -0.633209, 0.316899, 0.0, 1.0, 0.0, 0.659015, 0.0, 0.0, 0.0, 1.0],
                [0.633209, 0.0, 0.773981, -5e-06, 0.773981, 0.0, -0.633209, 0.327964, 0.0, 1.0, 0.0, 0.667036, 0.0, 0.0, 0.0, 1.0],
                [0.633209, 0.0, 0.773981, -5e-06, 0.773981, 0.0, -0.633209, 0.336992, 0.0, 1.0, 0.0, 0.673725, 0.0, 0.0, 0.0, 1.0],
                [0.633209, 0.0, 0.773981, -5e-06, 0.773981, 0.0, -0.633209, 0.344566, 0.0, 1.0, 0.0, 0.679162, 0.0, 0.0, 0.0, 1.0],
                [0.633209, 0.0, 0.773981, -5e-06, 0.773981, 0.0, -0.633209, 0.351267, 0.0, 1.0, 0.0, 0.683429, 0.0, 0.0, 0.0, 1.0],
                [0.633209, 0.0, 0.773981, -5e-06, 0.773981, 0.0, -0.633209, 0.357679, 0.0, 1.0, 0.0, 0.686606, 0.0, 0.0, 0.0, 1.0],
                [0.633209, 0.0, 0.773981, -5e-06, 0.773981, 0.0, -0.633209, 0.364384, 0.0, 1.0, 0.0, 0.688775, 0.0, 0.0, 0.0, 1.0],
                [0.633209, 0.0, 0.773981, -5e-06, 0.773981, 0.0, -0.633209, 0.371964, 0.0, 1.0, 0.0, 0.690017, 0.0, 0.0, 0.0, 1.0],
                [0.633209, 0.0, 0.773981, -5e-06, 0.773981, 0.0, -0.633209, 0.381002, 0.0, 1.0, 0.0, 0.690413, 0.0, 0.0, 0.0, 1.0],
                [0.633209, 0.0, 0.773981, -5e-06, 0.773981, 0.0, -0.633209, 0.391924, 0.0, 1.0, 0.0, 0.690032, 0.0, 0.0, 0.0, 1.0],
                [0.633209, 0.0, 0.773981, -5e-06, 0.773981, 0.0, -0.633209, 0.404535, 0.0, 1.0, 0.0, 0.688878, 0.0, 0.0, 0.0, 1.0],
                [0.633209, 0.0, 0.773981, -5e-06, 0.773981, 0.0, -0.633209, 0.418484, 0.0, 1.0, 0.0, 0.686931, 0.0, 0.0, 0.0, 1.0],
                [0.633209, 0.0, 0.773981, -5e-06, 0.773981, 0.0, -0.633209, 0.433418, 0.0, 1.0, 0.0, 0.684173, 0.0, 0.0, 0.0, 1.0],
                [0.633209, 0.0, 0.773981, -5e-06, 0.773981, 0.0, -0.633209, 0.448986, 0.0, 1.0, 0.0, 0.680585, 0.0, 0.0, 0.0, 1.0],
                [0.633209, 0.0, 0.773981, -5e-06, 0.773981, 0.0, -0.633209, 0.464837, 0.0, 1.0, 0.0, 0.676149, 0.0, 0.0, 0.0, 1.0],
                [0.633209, 0.0, 0.773981, -5e-06, 0.773981, 0.0, -0.633209, 0.480618, 0.0, 1.0, 0.0, 0.670846, 0.0, 0.0, 0.0, 1.0],
                [0.633209, 0.0, 0.773981, -5e-06, 0.773981, 0.0, -0.633209, 0.495979, 0.0, 1.0, 0.0, 0.664657, 0.0, 0.0, 0.0, 1.0],
                [0.633209, 0.0, 0.773981, -5e-06, 0.773981, 0.0, -0.633209, 0.510568, 0.0, 1.0, 0.0, 0.657563, 0.0, 0.0, 0.0, 1.0],
                [0.633209, 0.0, 0.773981, -5e-06, 0.773981, 0.0, -0.633209, 0.524033, 0.0, 1.0, 0.0, 0.649546, 0.0, 0.0, 0.0, 1.0],
                [0.633209, 0.0, 0.773981, -5e-06, 0.773981, 0.0, -0.633209, 0.536246, 0.0, 1.0, 0.0, 0.640718, 0.0, 0.0, 0.0, 1.0],
                [0.633209, 0.0, 0.773981, -5e-06, 0.773981, 0.0, -0.633209, 0.547975, 0.0, 1.0, 0.0, 0.631712, 0.0, 0.0, 0.0, 1.0],
                [0.633209, 0.0, 0.773981, -5e-06, 0.773981, 0.0, -0.633209, 0.560209, 0.0, 1.0, 0.0, 0.623293, 0.0, 0.0, 0.0, 1.0],
                [0.633209, 0.0, 0.773981, -5e-06, 0.773981, 0.0, -0.633209, 0.57394, 0.0, 1.0, 0.0, 0.616223, 0.0, 0.0, 0.0, 1.0],
                [0.633209, 0.0, 0.773981, -5e-06, 0.773981, 0.0, -0.633209, 0.590157, 0.0, 1.0, 0.0, 0.611268, 0.0, 0.0, 0.0, 1.0],
                [0.633209, 0.0, 0.773981, -5e-06, 0.773981, 0.0, -0.633209, 0.609852, 0.0, 1.0, 0.0, 0.609191, 0.0, 0.0, 0.0, 1.0],
                [0.633209, 0.0, 0.773981, -5e-06, 0.773981, 0.0, -0.633209, 0.633527, 0.0, 1.0, 0.0, 0.608896, 0.0, 0.0, 0.0, 1.0],
                [0.633209, 0.0, 0.773981, -5e-06, 0.773981, 0.0, -0.633209, 0.659736, 0.0, 1.0, 0.0, 0.608744, 0.0, 0.0, 0.0, 1.0],
                [0.633209, 0.0, 0.773981, -5e-06, 0.773981, 0.0, -0.633209, 0.686544, 0.0, 1.0, 0.0, 0.608688, 0.0, 0.0, 0.0, 1.0],
                [0.633209, 0.0, 0.773981, -5e-06, 0.773981, 0.0, -0.633209, 0.712017, 0.0, 1.0, 0.0, 0.60868, 0.0, 0.0, 0.0, 1.0],
                [0.633209, 0.0, 0.773981, -5e-06, 0.773981, 0.0, -0.633209, 0.734555, 0.0, 1.0, 0.0, 0.610787, 0.0, 0.0, 0.0, 1.0],
                [0.633209, 0.0, 0.773981, -5e-06, 0.773981, 0.0, -0.633209, 0.753885, 0.0, 1.0, 0.0, 0.616343, 0.0, 0.0, 0.0, 1.0],
                [0.633209, 0.0, 0.773981, -5e-06, 0.773981, 0.0, -0.633209, 0.770071, 0.0, 1.0, 0.0, 0.624197, 0.0, 0.0, 0.0, 1.0],
                [0.633209, 0.0, 0.773981, -5e-06, 0.773981, 0.0, -0.633209, 0.783175, 0.0, 1.0, 0.0, 0.6332, 0.0, 0.0, 0.0, 1.0],
                [0.633209, 0.0, 0.773981, -5e-06, 0.773981, 0.0, -0.633209, 0.793258, 0.0, 1.0, 0.0, 0.642203, 0.0, 0.0, 0.0, 1.0],
                [0.633209, 0.0, 0.773981, -5e-06, 0.773981, 0.0, -0.633209, 0.800384, 0.0, 1.0, 0.0, 0.650057, 0.0, 0.0, 0.0, 1.0],
                [0.633209, 0.0, 0.773981, -5e-06, 0.773981, 0.0, -0.633209, 0.804613, 0.0, 1.0, 0.0, 0.655613, 0.0, 0.0, 0.0, 1.0],
                [0.633209, 0.0, 0.773981, -5e-06, 0.773981, 0.0, -0.633209, 0.806009, 0.0, 1.0, 0.0, 0.65772, 0.0, 0.0, 0.0, 1.0]
            ]
        },
        {
            "name": "Thigh_R",
            "time": [0.0, 0.0167, 0.0333, 0.05, 0.0667, 0.0833, 0.1, 0.1167, 0.1333, 0.15, 0.1667, 0.1833, 0.2, 0.2167, 0.2333, 0.25, 0.2667, 0.2833, 0.3, 0.3167, 0.3333, 0.35, 0.3667, 0.3833, 0.4, 0.4167, 0.4333, 0.45, 0.4667, 0.4833, 0.5, 0.5167, 0.5333, 0.55, 0.5667, 0.5833, 0.6, 0.6167, 0.6333, 0.65, 0.6667, 0.6833, 0.7, 0.7167, 0.7333, 0.75, 0.7667, 0.7833, 0.8, 0.8167, 0.8333, 0.85, 0.8667, 0.8833, 0.9, 0.9167, 0.9333, 0.95, 0.9667, 0.9833],
            "transform": [
                [0.300443, 0.49743, 0.813817, 0.124994, 0.190104, -0.867347, 0.459967, -0.002831, 0.934663, 0.016516, -0.355151, -1.2e-05, 0.0, 0.0, 0.0, 1.0],
                [0.306339, 0.512798, 0.801994, 0.124994, 0.188194, -0.858496, 0.477041, -0.002831, 0.933134, 0.004794, -0.359496, -1.2e-05, 0.0, 0.0, 0.0, 1.0],
                [0.320687, 0.549474, 0.771517, 0.124994, 0.183102, -0.835135, 0.518674, -0.002831, 0.929319, -0.025066, -0.368427, -1.2e-05, 0.0, 0.0, 0.0, 1.0],
                [0.338506, 0.593383, 0.730281, 0.124994, 0.17585, -0.802319, 0.570405, -0.002831, 0.924387, -0.064666, -0.375936, -1.2e-05, 0.0, 0.0, 0.0, 1.0],
                [0.355892, 0.633786, 0.686772, 0.124994, 0.167213, -0.766214, 0.620448, -0.002831, 0.919446, -0.105976, -0.378667, -1.2e-05, 0.0, 0.0, 0.0, 1.0],
                [0.370331, 0.663738, 0.649851, 0.124994, 0.157559, -0.734339, 0.660244, -0.002831, 0.91544, -0.142119, -0.376526, -1.2e-05, 0.0, 0.0, 0.0, 1.0],
                [0.380316, 0.678788, 0.628178, 0.124994, 0.146905, -0.71493, 0.683589, -0.002831, 0.913115, -0.167697, -0.371617, -1.2e-05, 0.0, 0.0, 0.0, 1.0],
                [0.384781, 0.674769, 0.629786, 0.124994, 0.135074, -0.716138, 0.684764, -0.002831, 0.913071, -0.178417, -0.3667, -1.2e-05, 0.0, 0.0, 0.0, 1.0],
                [0.38518, 0.65913, 0.645898, 0.124994, 0.123964, -0.730513, 0.671553, -0.002831, 0.914478, -0.178601, -0.363087, -1.2e-05, 0.0, 0.0, 0.0, 1.0],
                [0.384055, 0.647331, 0.65838, 0.124994, 0.115269, -0.741102, 0.661424, -0.002831, 0.916087, -0.178133, -0.359241, -1.2e-05, 0.0, 0.0, 0.0, 1.0],
                [0.381885, 0.645622, 0.661313, 0.124994, 0.108517, -0.741919, 0.66165, -0.002831, 0.917817, -0.180911, -0.353389, -1.2e-05, 0.0, 0.0, 0.0, 1.0],
                [0.379113, 0.657578, 0.651049, 0.124994, 0.1033, -0.729248, 0.676407, -0.002831, 0.919567, -0.189181, -0.344395, -1.2e-05, 0.0, 0.0, 0.0, 1.0],
                [0.376096, 0.6806, 0.628757, 0.124994, 0.099314, -0.704278, 0.702943, -0.002831, 0.921243, -0.20193, -0.33247, -1.2e-05, 0.0, 0.0, 0.0, 1.0],
                [0.372812, 0.708079, 0.599697, 0.124994, 0.096544, -0.672382, 0.733882, -0.002831, 0.922871, -0.215703, -0.319033, -1.2e-05, 0.0, 0.0, 0.0, 1.0],
                [0.369102, 0.734879, 0.568962, 0.124994, 0.095064, -0.638831, 0.763452, -0.002831, 0.924514, -0.227704, -0.305654, -1.2e-05, 0.0, 0.0, 0.0, 1.0],
                [0.364777, 0.758054, 0.54064, 0.124994, 0.094973, -0.607914, 0.788303, -0.002831, 0.926238, -0.236209, -0.293748, -1.2e-05, 0.0, 0.0, 0.0, 1.0],
                [0.359645, 0.775889, 0.518317, 0.124994, 0.096403, -0.58341, 0.806436, -0.002831, 0.928096, -0.240063, -0.284618, -1.2e-05, 0.0, 0.0, 0.0, 1.0],
                [0.353529, 0.787078, 0.505495, 0.124994, 0.099527, -0.568974, 0.816311, -0.002831, 0.930114, -0.238279, -0.279485, -1.2e-05, 0.0, 0.0, 0.0, 1.0],
                [0.346221, 0.788303, 0.508634, 0.124994, 0.103952, -0.571063, 0.814298, -0.002831, 0.932376, -0.229054, -0.27966, -1.2e-05, 0.0, 0.0, 0.0, 1.0],
                [0.337994, 0.779206, 0.527824, 0.124994, 0.108905, -0.589444, 0.800435, -0.002831, 0.934826, -0.21306, -0.284088, -1.2e-05, 0.0, 0.0, 0.0, 1.0],
                [0.329514, 0.762413, 0.556908, 0.124994, 0.113978, -0.617659, 0.778143, -0.002831, 0.937246, -0.192934, -0.290426, -1.2e-05, 0.0, 0.0, 0.0, 1.0],
                [0.321553, 0.741116, 0.589365, 0.124994, 0.118711, -0.649063, 0.751416, -0.002831, 0.939421, -0.171656, -0.296687, -1.2e-05, 0.0, 0.0, 0.0, 1.0],
                [0.314204, 0.719196, 0.619704, 0.124994, 0.122407, -0.678005, 0.724793, -0.002831, 0.941431, -0.151877, -0.301067, -1.2e-05, 0.0, 0.0, 0.0, 1.0],
                [0.306949, 0.698224, 0.646734, 0.124994, 0.124871, -0.70321, 0.699931, -0.002831, 0.943498, -0.134085, -0.303038, -1.2e-05, 0.0, 0.0, 0.0, 1.0],
                [0.29967, 0.678833, 0.670361, 0.124994, 0.126332, -0.7247, 0.677385, -0.002831, 0.945642, -0.118303, -0.302929, -1.2e-05, 0.0, 0.0, 0.0, 1.0],
                [0.292218, 0.661526, 0.690646, 0.124994, 0.127015, -0.742616, 0.657563, -0.002831, 0.94788, -0.104429, -0.301029, -1.2e-05, 0.0, 0.0, 0.0, 1.0],
                [0.284463, 0.646696, 0.707718, 0.124994, 0.127158, -0.757146, 0.640751, -0.002831, 0.950216, -0.092278, -0.297613, -1.2e-05, 0.0, 0.0, 0.0, 1.0],
                [0.27635, 0.634631, 0.721716, 0.124994, 0.12704, -0.768493, 0.62712, -0.002831, 0.952623, -0.081618, -0.292997, -1.2e-05, 0.0, 0.0, 0.0, 1.0],
                [0.267951, 0.625496, 0.732773, 0.124994, 0.127007, -0.776881, 0.616705, -0.002831, 0.955025, -0.072179, -0.287608, -1.2e-05, 0.0, 0.0, 0.0, 1.0],
                [0.259512, 0.619289, 0.741037, 0.124994, 0.12748, -0.782578, 0.609361, -0.002831, 0.957289, -0.063669, -0.282035, -1.2e-05, 0.0, 0.0, 0.0, 1.0],
                [0.251449, 0.615789, 0.746711, 0.124994, 0.128958, -0.785936, 0.604711, -0.002831, 0.959241, -0.05576, -0.277034, -1.2e-05, 0.0, 0.0, 0.0, 1.0],
                [0.244241, 0.614527, 0.750135, 0.124994, 0.131967, -0.78743, 0.602111, -0.002831, 0.960693, -0.048067, -0.27342, -1.2e-05, 0.0, 0.0, 0.0, 1.0],
                [0.238428, 0.643181, 0.727647, 0.124994, 0.135398, -0.763953, 0.630907, -0.002831, 0.961675, -0.051904, -0.269233, -1.2e-05, 0.0, 0.0, 0.0, 1.0],
                [0.233881, 0.705259, 0.66926, 0.124994, 0.137515, -0.705427, 0.695314, -0.002831, 0.962491, -0.070587, -0.26197, -1.2e-05, 0.0, 0.0, 0.0, 1.0],
                [0.229739, 0.772027, 0.592617, 0.124994, 0.137612, -0.628554, 0.765495, -0.002831, 0.963474, -0.094313, -0.250644, -1.2e-05, 0.0, 0.0, 0.0, 1.0],
                [0.224843, 0.828479, 0.512903, 0.124994, 0.134559, -0.547737, 0.825759, -0.002831, 0.965059, -0.11665, -0.234634, -1.2e-05, 0.0, 0.0, 0.0, 1.0],
                [0.218101, 0.868035, 0.446035, 0.124994, 0.127009, -0.478397, 0.86891, -0.002831, 0.967626, -0.132859, -0.214587, -1.2e-05, 0.0, 0.0, 0.0, 1.0],
                [0.209457, 0.887891, 0.409607, 0.124994, 0.114398, -0.438274, 0.891532, -0.002831, 0.971103, -0.139879, -0.193372, -1.2e-05, 0.0, 0.0, 0.0, 1.0],
                [0.202096, 0.891206, 0.406091, 0.124994, 0.100032, -0.431262, 0.896664, -0.002831, 0.974244, -0.140591, -0.176305, -1.2e-05, 0.0, 0.0, 0.0, 1.0],
                [0.198714, 0.884397, 0.42232, 0.124994, 0.087617, -0.445219, 0.891125, -0.002831, 0.976133, -0.140076, -0.16596, -1.2e-05, 0.0, 0.0, 0.0, 1.0],
                [0.199079, 0.86891, 0.45317, 0.124994, 0.077927, -0.474999, 0.87653, -0.002831, 0.97688, -0.139185, -0.162274, -1.2e-05, 0.0, 0.0, 0.0, 1.0],
                [0.202203, 0.845893, 0.493537, 0.124994, 0.070865, -0.515263, 0.854097, -0.002831, 0.976776, -0.137727, -0.164133, -1.2e-05, 0.0, 0.0, 0.0, 1.0],
                [0.206744, 0.816736, 0.538701, 0.124994, 0.066009, -0.560986, 0.825189, -0.002831, 0.976166, -0.135044, -0.169892, -1.2e-05, 0.0, 0.0, 0.0, 1.0],
                [0.210783, 0.783017, 0.585196, 0.124994, 0.063107, -0.608297, 0.791197, -0.002831, 0.975494, -0.12984, -0.177633, -1.2e-05, 0.0, 0.0, 0.0, 1.0],
                [0.212445, 0.747602, 0.629252, 0.124994, 0.062004, -0.652967, 0.754844, -0.002831, 0.975204, -0.121347, -0.185074, -1.2e-05, 0.0, 0.0, 0.0, 1.0],
                [0.209984, 0.71562, 0.666179, 0.124994, 0.062665, -0.68982, 0.721264, -0.002831, 0.975694, -0.109708, -0.189696, -1.2e-05, 0.0, 0.0, 0.0, 1.0],
                [0.201542, 0.69444, 0.690749, 0.124994, 0.065256, -0.713174, 0.697943, -0.002831, 0.977304, -0.095589, -0.189051, -1.2e-05, 0.0, 0.0, 0.0, 1.0],
                [0.184779, 0.690732, 0.699104, 0.124994, 0.07023, -0.718815, 0.691645, -0.002831, 0.980267, -0.078703, -0.181332, -1.2e-05, 0.0, 0.0, 0.0, 1.0],
                [0.159792, 0.695007, 0.701022, 0.124994, 0.077505, -0.716788, 0.692971, -0.002831, 0.984103, -0.056398, -0.168404, -1.2e-05, 0.0, 0.0, 0.0, 1.0],
                [0.129242, 0.695273, 0.70703, 0.124994, 0.086284, -0.718191, 0.690476, -0.002831, 0.987852, -0.028233, -0.152812, -1.2e-05, 0.0, 0.0, 0.0, 1.0],
                [0.094418, 0.691374, 0.716301, 0.124994, 0.096138, -0.722485, 0.68467, -0.002831, 0.99088, 0.004219, -0.134683, -1.2e-05, 0.0, 0.0, 0.0, 1.0],
                [0.057515, 0.684015, 0.727197, 0.124994, 0.106405, -0.728454, 0.676781, -0.002831, 0.992658, 0.038452, -0.11468, -1.2e-05, 0.0, 0.0, 0.0, 1.0],
                [0.02205, 0.66937, 0.742602, 0.124994, 0.116102, -0.739472, 0.663101, -0.002831, 0.992993, 0.071597, -0.094021, -1.2e-05, 0.0, 0.0, 0.0, 1.0],
                [-0.009765, 0.645043, 0.764084, 0.124994, 0.124661, -0.757374, 0.640971, -0.002831, 0.992151, 0.101511, -0.073016, -1.2e-05, 0.0, 0.0, 0.0, 1.0],
                [-0.037021, 0.614026, 0.788417, 0.124994, 0.131888, -0.779054, 0.612927, -0.002831, 0.990573, 0.126674, -0.052142, -1.2e-05, 0.0, 0.0, 0.0, 1.0],
                [-0.059138, 0.57916, 0.813066, 0.124994, 0.137681, -0.801975, 0.581274, -0.002831, 0.988709, 0.14632, -0.032312, -1.2e-05, 0.0, 0.0, 0.0, 1.0],
                [-0.075884, 0.543609, 0.835901, 0.124994, 0.142025, -0.823878, 0.548684, -0.002831, 0.98695, 0.160355, -0.014686, -1.2e-05, 0.0, 0.0, 0.0, 1.0],
                [-0.087338, 0.511331, 0.854934, 0.124994, 0.144974, -0.842553, 0.518736, -0.002831, 0.985573, 0.169248, -0.000543, -1.2e-05, 0.0, 0.0, 0.0, 1.0],
                [-0.093827, 0.487477, 0.86808, 0.124994, 0.146637, -0.855651, 0.496346, -0.002831, 0.98473, 0.173863, 0.008801, -1.2e-05, 0.0, 0.0, 0.0, 1.0],
                [-0.095858, 0.478183, 0.873013, 0.124994, 0.147156, -0.860607, 0.487546, -0.002831, 0.984457, 0.175204, 0.012128, -1.2e-05, 0.0, 0.0, 0.0, 1.0]
            ]
        },
        {
            "name": "Leg_R",
            "time": [0.0, 0.0167, 0.0333, 0.05, 0.0667, 0.0833, 0.1, 0.1167, 0.1333, 0.15, 0.1667, 0.1833, 0.2, 0.2167, 0.2333, 0.25, 0.2667, 0.2833, 0.3, 0.3167, 0.3333, 0.35, 0.3667, 0.3833, 0.4, 0.4167, 0.4333, 0.45, 0.4667, 0.4833, 0.5, 0.5167, 0.5333, 0.55, 0.5667, 0.5833, 0.6, 0.6167, 0.6333, 0.65, 0.6667, 0.6833, 0.7, 0.7167, 0.7333, 0.75, 0.7667, 0.7833, 0.8, 0.8167, 0.8333, 0.85, 0.8667, 0.8833, 0.9, 0.9167, 0.9333, 0.95, 0.9667, 0.9833],
            "transform": [
                [1.0, -0.0, 1e-06, -0.0, -0.0, 0.83148, 0.555554, 0.374726, -1e-06, -0.555554, 0.83148, -0.0, 0.0, 0.0, 0.0, 1.0],
                [1.0, -0.0, 1e-06, -0.0, -0.0, 0.820602, 0.5715, 0.374726, -1e-06, -0.5715, 0.820602, 0.0, 0.0, 0.0, 0.0, 1.0],
                [1.0, -0.0, 1e-06, -0.0, -0.0, 0.795619, 0.605798, 0.374726, -1e-06, -0.605798, 0.795619, 0.0, 0.0, 0.0, 0.0, 1.0],
                [1.0, -0.0, 1e-06, -0.0, -0.0, 0.769326, 0.638856, 0.374726, -1e-06, -0.638856, 0.769326, -0.0, 0.0, 0.0, 0.0, 1.0],
                [1.0, -0.0, 1e-06, -0.0, -0.0, 0.75358, 0.657356, 0.374726, -1e-06, -0.657356, 0.75358, -0.0, 0.0, 0.0, 0.0, 1.0],
                [1.0, -0.0, 1e-06, -0.0, -0.0, 0.756947, 0.653476, 0.374726, -1e-06, -0.653476, 0.756947, 0.0, 0.0, 0.0, 0.0, 1.0],
                [1.0, -0.0, 1e-06, -0.0, -0.0, 0.783608, 0.621256, 0.374726, -1e-06, -0.621256, 0.783608, -0.0, 0.0, 0.0, 0.0, 1.0],
                [1.0, -0.0, 1e-06, 0.0, -0.0, 0.833488, 0.552537, 0.374726, -1e-06, -0.552537, 0.833488, 0.0, 0.0, 0.0, 0.0, 1.0],
                [1.0, -0.0, 1e-06, -0.0, -0.0, 0.885166, 0.465275, 0.374726, -1e-06, -0.465275, 0.885166, 0.0, 0.0, 0.0, 0.0, 1.0],
                [1.0, -0.0, 1e-06, -0.0, -0.0, 0.917983, 0.396619, 0.374726, -1e-06, -0.396619, 0.917983, 0.0, 0.0, 0.0, 0.0, 1.0],
                [1.0, -0.0, 1e-06, -0.0, -0.0, 0.931999, 0.362461, 0.374726, -1e-06, -0.362461, 0.931999, -0.0, 0.0, 0.0, 0.0, 1.0],
                [1.0, -0.0, 1e-06, -0.0, -0.0, 0.92873, 0.370755, 0.374726, -1e-06, -0.370755, 0.928731, -0.0, 0.0, 0.0, 0.0, 1.0],
                [1.0, -0.0, 1e-06, 0.0, -0.0, 0.91073, 0.413001, 0.374726, -1e-06, -0.413001, 0.91073, -0.0, 0.0, 0.0, 0.0, 1.0],
                [1.0, -0.0, 1e-06, -0.0, -0.0, 0.88133, 0.472502, 0.374726, -1e-06, -0.472502, 0.88133, 0.0, 0.0, 0.0, 0.0, 1.0],
                [1.0, -0.0, 1e-06, -0.0, -0.0, 0.843878, 0.536535, 0.374726, -1e-06, -0.536535, 0.843878, 0.0, 0.0, 0.0, 0.0, 1.0],
                [1.0, -0.0, 1e-06, -0.0, -0.0, 0.801651, 0.597793, 0.374726, -1e-06, -0.597793, 0.801651, -0.0, 0.0, 0.0, 0.0, 1.0],
                [1.0, -0.0, 1e-06, -0.0, -0.0, 0.75805, 0.652196, 0.374726, -1e-06, -0.652197, 0.75805, -0.0, 0.0, 0.0, 0.0, 1.0],
                [1.0, -0.0, 1e-06, 0.0, -0.0, 0.716914, 0.697162, 0.374726, -1e-06, -0.697162, 0.716913, -0.0, 0.0, 0.0, 0.0, 1.0],
                [1.0, -0.0, 1e-06, 0.0, -0.0, 0.688065, 0.725649, 0.374726, -1e-06, -0.725649, 0.688065, 0.0, 0.0, 0.0, 0.0, 1.0],
                [1.0, -0.0, 1e-06, -0.0, -0.0, 0.676955, 0.736024, 0.374726, -1e-06, -0.736024, 0.676955, -0.0, 0.0, 0.0, 0.0, 1.0],
                [1.0, -0.0, 1e-06, -0.0, -0.0, 0.680625, 0.732632, 0.374726, -1e-06, -0.732632, 0.680626, -0.0, 0.0, 0.0, 0.0, 1.0],
                [1.0, -0.0, 1e-06, -0.0, -0.0, 0.694378, 0.71961, 0.374726, -1e-06, -0.719611, 0.694378, -0.0, 0.0, 0.0, 0.0, 1.0],
                [1.0, -0.0, 1e-06, 0.0, -0.0, 0.712466, 0.701706, 0.374726, -1e-06, -0.701706, 0.712466, -0.0, 0.0, 0.0, 0.0, 1.0],
                [1.0, -0.0, 1e-06, -0.0, -0.0, 0.731847, 0.681469, 0.374726, -1e-06, -0.681469, 0.731847, 0.0, 0.0, 0.0, 0.0, 1.0],
                [1.0, -0.0, 1e-06, 0.0, -0.0, 0.750751, 0.660585, 0.374726, -1e-06, -0.660585, 0.750751, -0.0, 0.0, 0.0, 0.0, 1.0],
                [1.0, -0.0, 1e-06, 0.0, -0.0, 0.767824, 0.640661, 0.374726, -1e-06, -0.640661, 0.767824, 0.0, 0.0, 0.0, 0.0, 1.0],
                [1.0, -0.0, 1e-06, -0.0, -0.0, 0.782028, 0.623244, 0.374726, -1e-06, -0.623244, 0.782028, -0.0, 0.0, 0.0, 0.0, 1.0],
                [1.0, -0.0, 1e-06, 0.0, -0.0, 0.792555, 0.6098, 0.374726, -1e-06, -0.6098, 0.792555, 0.0, 0.0, 0.0, 0.0, 1.0],
                [1.0, -0.0, 1e-06, -0.0, -0.0, 0.798775, 0.60163, 0.374726, -1e-06, -0.60163, 0.798775, -0.0, 0.0, 0.0, 0.0, 1.0],
                [1.0, -0.0, 1e-06, -0.0, -0.0, 0.800204, 0.599727, 0.374726, -1e-06, -0.599727, 0.800204, 0.0, 0.0, 0.0, 0.0, 1.0],
                [1.0, -0.0, 1e-06, -0.0, -0.0, 0.796502, 0.604636, 0.374726, -1e-06, -0.604636, 0.796502, -0.0, 0.0, 0.0, 0.0, 1.0],
                [1.0, -0.0, 1e-06, -0.0, -0.0, 0.787485, 0.616333, 0.374726, -1e-06, -0.616334, 0.787485, -0.0, 0.0, 0.0, 0.0, 1.0],
                [1.0, -0.0, 1e-06, -0.0, -0.0, 0.736489, 0.67645, 0.374726, -1e-06, -0.676449, 0.736489, 0.0, 0.0, 0.0, 0.0, 1.0],
                [1.0, -1e-06, 1e-06, 0.0, -0.0, 0.629189, 0.777252, 0.374726, -1e-06, -0.777252, 0.629189, -0.0, 0.0, 0.0, 0.0, 1.0],
                [1.0, -1e-06, 1e-06, -0.0, -0.0, 0.49993, 0.866066, 0.374726, -1e-06, -0.866066, 0.499931, 0.0, 0.0, 0.0, 0.0, 1.0],
                [1.0, -1e-06, 0.0, 0.0, -0.0, 0.379734, 0.925096, 0.374726, -1e-06, -0.925096, 0.379734, 0.0, 0.0, 0.0, 0.0, 1.0],
                [1.0, -1e-06, 0.0, 0.0, -0.0, 0.293635, 0.955917, 0.374726, -1e-06, -0.955918, 0.293635, -0.0, 0.0, 0.0, 0.0, 1.0],
                [1.0, -1e-06, 0.0, -0.0, -0.0, 0.261547, 0.965191, 0.374726, -1e-06, -0.965191, 0.261547, 0.0, 0.0, 0.0, 0.0, 1.0],
                [1.0, -1e-06, 0.0, 0.0, -0.0, 0.279219, 0.960227, 0.374726, -1e-06, -0.960227, 0.279219, -0.0, 0.0, 0.0, 0.0, 1.0],
                [1.0, -1e-06, 1e-06, 0.0, -0.0, 0.324736, 0.945805, 0.374726, -1e-06, -0.945805, 0.324736, 0.0, 0.0, 0.0, 0.0, 1.0],
                [1.0, -1e-06, 1e-06, 0.0, -0.0, 0.390655, 0.920537, 0.374726, -1e-06, -0.920537, 0.390655, 0.0, 0.0, 0.0, 0.0, 1.0],
                [1.0, -1e-06, 0.0, 0.0, -0.0, 0.469674, 0.88284, 0.374726, -1e-06, -0.88284, 0.469674, 0.0, 0.0, 0.0, 0.0, 1.0],
                [1.0, -1e-06, 1e-06, -0.0, -0.0, 0.554067, 0.832472, 0.374726, -1e-06, -0.832472, 0.554066, 0.0, 0.0, 0.0, 0.0, 1.0],
                [1.0, -0.0, 1e-06, -0.0, -0.0, 0.635787, 0.771864, 0.374726, -1e-06, -0.771865, 0.635787, -0.0, 0.0, 0.0, 0.0, 1.0],
                [1.0, -0.0, 1e-06, -0.0, -0.0, 0.706184, 0.708028, 0.374726, -1e-06, -0.708028, 0.706184, -0.0, 0.0, 0.0, 0.0, 1.0],
                [1.0, -0.0, 1e-06, -0.0, -0.0, 0.75622, 0.654317, 0.374726, -1e-06, -0.654317, 0.75622, 0.0, 0.0, 0.0, 0.0, 1.0],
                [1.0, -0.0, 1e-06, -0.0, -0.0, 0.777061, 0.629425, 0.374726, -1e-06, -0.629425, 0.777061, -0.0, 0.0, 0.0, 0.0, 1.0],
                [1.0, -0.0, 1e-06, 0.0, -0.0, 0.76091, 0.648858, 0.374726, -1e-06, -0.648858, 0.76091, -0.0, 0.0, 0.0, 0.0, 1.0],
                [1.0, -0.0, 1e-06, -0.0, -0.0, 0.723448, 0.690379, 0.374726, -1e-06, -0.690379, 0.723448, -0.0, 0.0, 0.0, 0.0, 1.0],
                [1.0, -0.0, 1e-06, -0.0, -0.0, 0.687431, 0.72625, 0.374726, -1e-06, -0.72625, 0.687431, -0.0, 0.0, 0.0, 0.0, 1.0],
                [1.0, -0.0, 1e-06, -0.0, -0.0, 0.656101, 0.754673, 0.374726, -1e-06, -0.754673, 0.656101, 0.0, 0.0, 0.0, 0.0, 1.0],
                [1.0, -1e-06, 1e-06, -0.0, -0.0, 0.631275, 0.775559, 0.374726, -1e-06, -0.775559, 0.631275, 0.0, 0.0, 0.0, 0.0, 1.0],
                [1.0, -0.0, 1e-06, -0.0, -0.0, 0.62284, 0.782349, 0.374726, -1e-06, -0.782349, 0.62284, 0.0, 0.0, 0.0, 0.0, 1.0],
                [1.0, -1e-06, 1e-06, 0.0, -0.0, 0.635793, 0.771859, 0.374726, -1e-06, -0.771859, 0.635793, -0.0, 0.0, 0.0, 0.0, 1.0],
                [1.0, -0.0, 1e-06, 0.0, -0.0, 0.663807, 0.747904, 0.374726, -1e-06, -0.747904, 0.663807, -0.0, 0.0, 0.0, 0.0, 1.0],
                [1.0, -0.0, 1e-06, 0.0, -0.0, 0.700699, 0.713456, 0.374726, -1e-06, -0.713457, 0.700699, -0.0, 0.0, 0.0, 0.0, 1.0],
                [1.0, -0.0, 1e-06, -0.0, -0.0, 0.740276, 0.672302, 0.374726, -1e-06, -0.672303, 0.740276, -0.0, 0.0, 0.0, 0.0, 1.0],
                [1.0, -0.0, 1e-06, -0.0, -0.0, 0.776277, 0.630391, 0.374726, -1e-06, -0.630392, 0.776277, 0.0, 0.0, 0.0, 0.0, 1.0],
                [1.0, -0.0, 1e-06, -0.0, -0.0, 0.802403, 0.596782, 0.374726, -1e-06, -0.596783, 0.802403, 0.0, 0.0, 0.0, 0.0, 1.0],
                [1.0, -0.0, 1e-06, 0.0, -0.0, 0.812448, 0.583034, 0.374726, -1e-06, -0.583034, 0.812448, 0.0, 0.0, 0.0, 0.0, 1.0]
            ]
        },
        {
            "name": "Knee_R",
            "time": [0.0, 0.9833],
            "transform": [
                [1.0, 0.0, -0.0, 0.0, -0.0, 0.00567, -0.999984, 0.380408, -0.0, 0.999984, 0.00567, -3.2e-05, 0.0, 0.0, 0.0, 1.0],
                [1.0, 0.0, -0.0, 0.0, -0.0, 0.00567, -0.999984, 0.38392, -0.0, 0.999984, 0.00567, -5.2e-05, 0.0, 0.0, 0.0, 1.0]
            ]
        },
        {
            "name": "Thigh_L",
            "time": [0.0, 0.0167, 0.0333, 0.05, 0.0667, 0.0833, 0.1, 0.1167, 0.1333, 0.15, 0.1667, 0.1833, 0.2, 0.2167, 0.2333, 0.25, 0.2667, 0.2833, 0.3, 0.3167, 0.3333, 0.35, 0.3667, 0.3833, 0.4, 0.4167, 0.4333, 0.45, 0.4667, 0.4833, 0.5, 0.5167, 0.5333, 0.55, 0.5667, 0.5833, 0.6, 0.6167, 0.6333, 0.65, 0.6667, 0.6833, 0.7, 0.7167, 0.7333, 0.75, 0.7667, 0.7833, 0.8, 0.8167, 0.8333, 0.85, 0.8667, 0.8833, 0.9, 0.9167, 0.9333, 0.95, 0.9667, 0.9833],
            "transform": [
                [0.968471, -0.221956, 0.113132, -0.125006, -0.248748, -0.886529, 0.390116, -0.002831, 0.013707, -0.405957, -0.913789, -1.2e-05, 0.0, 0.0, 0.0, 1.0],
                [0.967814, -0.225971, 0.110783, -0.125006, -0.251421, -0.88759, 0.385968, -0.002831, 0.011112, -0.401398, -0.915836, -1.2e-05, 0.0, 0.0, 0.0, 1.0],
                [0.965901, -0.237096, 0.104023, -0.125006, -0.258883, -0.89039, 0.374414, -0.002831, 0.003849, -0.388576, -0.921409, -1.2e-05, 0.0, 0.0, 0.0, 1.0],
                [0.962744, -0.253898, 0.093054, -0.125006, -0.270313, -0.894282, 0.356639, -0.002831, -0.007333, -0.368506, -0.929596, -1.2e-05, 0.0, 0.0, 0.0, 1.0],
                [0.958315, -0.274875, 0.07795, -0.125006, -0.284889, -0.898586, 0.333739, -0.002831, -0.021692, -0.342034, -0.939437, -1.2e-05, 0.0, 0.0, 0.0, 1.0],
                [0.952605, -0.298467, 0.058837, -0.125006, -0.30177, -0.902662, 0.306818, -0.002831, -0.038465, -0.310032, -0.949948, -1.2e-05, 0.0, 0.0, 0.0, 1.0],
                [0.945679, -0.323095, 0.036065, -0.125006, -0.320092, -0.905962, 0.277083, -0.002831, -0.056851, -0.273576, -0.960169, -1.2e-05, 0.0, 0.0, 0.0, 1.0],
                [0.937721, -0.347235, 0.010349, -0.125006, -0.338974, -0.90808, 0.245942, -0.002831, -0.076002, -0.234133, -0.969229, -1.2e-05, 0.0, 0.0, 0.0, 1.0],
                [0.928652, -0.370659, -0.014759, -0.125006, -0.358348, -0.906671, 0.222564, -0.002831, -0.095877, -0.201396, -0.974806, -1.2e-05, 0.0, 0.0, 0.0, 1.0],
                [0.918316, -0.394321, -0.034735, -0.125006, -0.378291, -0.900044, 0.216371, -0.002831, -0.116582, -0.185558, -0.975693, -1.2e-05, 0.0, 0.0, 0.0, 1.0],
                [0.906988, -0.418458, -0.047605, -0.125006, -0.398107, -0.888736, 0.227289, -0.002831, -0.137419, -0.187197, -0.972663, -1.2e-05, 0.0, 0.0, 0.0, 1.0],
                [0.895106, -0.442768, -0.052358, -0.125006, -0.417065, -0.873032, 0.252731, -0.002831, -0.157612, -0.204385, -0.966119, -1.2e-05, 0.0, 0.0, 0.0, 1.0],
                [0.88914, -0.457026, -0.023624, -0.125006, -0.433717, -0.858014, 0.27514, -0.002831, -0.146016, -0.234392, -0.961114, -1.2e-05, 0.0, 0.0, 0.0, 1.0],
                [0.890745, -0.452033, 0.047317, -0.125006, -0.446396, -0.850529, 0.278086, -0.002831, -0.085459, -0.268826, -0.95939, -1.2e-05, 0.0, 0.0, 0.0, 1.0],
                [0.891214, -0.432897, 0.135415, -0.125006, -0.453582, -0.851068, 0.264476, -0.002831, 0.000757, -0.297127, -0.954838, -1.2e-05, 0.0, 0.0, 0.0, 1.0],
                [0.885648, -0.408883, 0.220096, -0.125006, -0.455294, -0.857813, 0.238463, -0.002831, 0.091298, -0.311403, -0.945882, -1.2e-05, 0.0, 0.0, 0.0, 1.0],
                [0.87457, -0.38957, 0.288725, -0.125006, -0.453236, -0.868391, 0.201186, -0.002831, 0.17235, -0.306812, -0.936035, -1.2e-05, 0.0, 0.0, 0.0, 1.0],
                [0.861012, -0.382392, 0.335312, -0.125006, -0.449381, -0.880739, 0.149518, -0.002831, 0.238148, -0.279419, -0.930167, -1.2e-05, 0.0, 0.0, 0.0, 1.0],
                [0.858918, -0.350862, 0.373037, -0.125006, -0.430577, -0.889122, 0.155135, -0.002831, 0.277245, -0.293869, -0.914755, -1.2e-05, 0.0, 0.0, 0.0, 1.0],
                [0.872879, -0.27557, 0.402671, -0.125006, -0.393085, -0.886062, 0.245719, -0.002831, 0.289079, -0.372767, -0.881747, -1.2e-05, 0.0, 0.0, 0.0, 1.0],
                [0.894072, -0.197545, 0.402009, -0.125006, -0.34965, -0.868757, 0.350723, -0.002831, 0.279964, -0.454134, -0.845803, -1.2e-05, 0.0, 0.0, 0.0, 1.0],
                [0.914142, -0.156406, 0.374009, -0.125006, -0.315861, -0.853108, 0.415258, -0.002831, 0.254121, -0.49774, -0.829263, -1.2e-05, 0.0, 0.0, 0.0, 1.0],
                [0.929438, -0.147743, 0.338109, -0.125006, -0.294872, -0.848244, 0.439924, -0.002831, 0.221803, -0.508581, -0.831955, -1.2e-05, 0.0, 0.0, 0.0, 1.0],
                [0.942246, -0.145642, 0.301596, -0.125006, -0.276364, -0.846791, 0.454498, -0.002831, 0.189194, -0.511599, -0.838136, -1.2e-05, 0.0, 0.0, 0.0, 1.0],
                [0.952482, -0.148283, 0.266063, -0.125006, -0.260759, -0.848411, 0.460656, -0.002831, 0.157424, -0.508145, -0.846762, -1.2e-05, 0.0, 0.0, 0.0, 1.0],
                [0.960225, -0.154211, 0.232781, -0.125006, -0.248415, -0.852476, 0.459973, -0.002831, 0.127508, -0.499504, -0.856877, -1.2e-05, 0.0, 0.0, 0.0, 1.0],
                [0.965685, -0.162371, 0.202703, -0.125006, -0.239586, -0.85822, 0.453936, -0.002831, 0.100257, -0.486924, -0.867671, -1.2e-05, 0.0, 0.0, 0.0, 1.0],
                [0.969148, -0.172085, 0.176463, -0.125006, -0.234401, -0.864848, 0.443954, -0.002831, 0.076216, -0.47162, -0.878502, -1.2e-05, 0.0, 0.0, 0.0, 1.0],
                [0.970916, -0.182982, 0.1544, -0.125006, -0.232864, -0.871607, 0.431365, -0.002831, 0.055644, -0.454773, -0.888867, -1.2e-05, 0.0, 0.0, 0.0, 1.0],
                [0.971262, -0.194917, 0.136592, -0.125006, -0.234871, -0.877831, 0.41743, -0.002831, 0.03854, -0.437516, -0.898384, -1.2e-05, 0.0, 0.0, 0.0, 1.0],
                [0.970399, -0.207885, 0.122919, -0.125006, -0.240241, -0.882956, 0.403327, -0.002831, 0.024686, -0.420918, -0.906763, -1.2e-05, 0.0, 0.0, 0.0, 1.0],
                [0.968471, -0.221956, 0.113132, -0.125006, -0.248748, -0.886529, 0.390116, -0.002831, 0.013707, -0.405957, -0.913789, -1.2e-05, 0.0, 0.0, 0.0, 1.0],
                [0.965636, -0.238035, 0.104332, -0.125006, -0.25988, -0.888802, 0.377484, -0.002831, 0.002876, -0.391626, -0.92012, -1.2e-05, 0.0, 0.0, 0.0, 1.0],
                [0.961933, -0.256661, 0.09386, -0.125006, -0.2731, -0.890152, 0.364756, -0.002831, -0.010069, -0.376505, -0.92636, -1.2e-05, 0.0, 0.0, 0.0, 1.0],
                [0.957269, -0.277385, 0.081811, -0.125006, -0.288125, -0.890408, 0.352362, -0.002831, -0.024895, -0.360877, -0.932281, -1.2e-05, 0.0, 0.0, 0.0, 1.0],
                [0.951562, -0.299764, 0.068352, -0.125006, -0.304664, -0.889414, 0.340768, -0.002831, -0.041356, -0.345087, -0.937659, -1.2e-05, 0.0, 0.0, 0.0, 1.0],
                [0.944747, -0.323363, 0.053747, -0.125006, -0.322411, -0.887034, 0.330487, -0.002831, -0.059192, -0.329556, -0.942279, -1.2e-05, 0.0, 0.0, 0.0, 1.0],
                [0.936796, -0.347765, 0.038373, -0.125006, -0.341044, -0.883154, 0.322069, -0.002831, -0.078115, -0.3148, -0.945938, -1.2e-05, 0.0, 0.0, 0.0, 1.0],
                [0.927722, -0.372578, 0.02273, -0.125006, -0.360226, -0.877684, 0.316083, -0.002831, -0.097816, -0.301426, -0.948459, -1.2e-05, 0.0, 0.0, 0.0, 1.0],
                [0.917598, -0.39744, 0.007444, -0.125006, -0.379605, -0.870558, 0.313096, -0.002831, -0.117956, -0.290122, -0.949692, -1.2e-05, 0.0, 0.0, 0.0, 1.0],
                [0.906558, -0.422027, -0.00675, -0.125006, -0.398823, -0.861729, 0.31363, -0.002831, -0.138177, -0.281632, -0.949521, -1.2e-05, 0.0, 0.0, 0.0, 1.0],
                [0.894808, -0.446044, -0.019036, -0.125006, -0.41752, -0.851162, 0.318121, -0.002831, -0.158099, -0.27671, -0.947859, -1.2e-05, 0.0, 0.0, 0.0, 1.0],
                [0.887726, -0.460317, -0.007169, -0.125006, -0.434819, -0.843464, 0.315437, -0.002831, -0.151248, -0.276904, -0.948919, -1.2e-05, 0.0, 0.0, 0.0, 1.0],
                [0.887886, -0.458144, 0.041969, -0.125006, -0.449273, -0.843806, 0.293505, -0.002831, -0.099054, -0.279455, -0.955036, -1.2e-05, 0.0, 0.0, 0.0, 1.0],
                [0.888377, -0.445049, 0.112774, -0.125006, -0.458799, -0.851448, 0.25405, -0.002831, -0.017043, -0.277433, -0.960594, -1.2e-05, 0.0, 0.0, 0.0, 1.0],
                [0.883447, -0.429002, 0.188359, -0.125006, -0.462227, -0.863756, 0.200681, -0.002831, 0.076604, -0.264356, -0.961378, -1.2e-05, 0.0, 0.0, 0.0, 1.0],
                [0.871935, -0.418516, 0.254112, -0.125006, -0.46063, -0.877115, 0.135974, -0.002831, 0.165978, -0.235613, -0.957569, -1.2e-05, 0.0, 0.0, 0.0, 1.0],
                [0.856344, -0.420594, 0.299626, -0.125006, -0.456637, -0.887695, 0.059002, -0.002831, 0.241161, -0.187346, -0.95223, -1.2e-05, 0.0, 0.0, 0.0, 1.0],
                [0.869434, -0.351713, 0.346961, -0.125006, -0.41931, -0.896711, 0.141737, -0.002831, 0.261273, -0.268715, -0.927108, -1.2e-05, 0.0, 0.0, 0.0, 1.0],
                [0.918185, -0.200825, 0.341475, -0.125006, -0.329395, -0.865896, 0.376461, -0.002831, 0.220079, -0.458141, -0.861204, -1.2e-05, 0.0, 0.0, 0.0, 1.0],
                [0.965234, -0.091458, 0.244866, -0.125006, -0.216284, -0.805505, 0.551709, -0.002831, 0.146783, -0.585489, -0.797282, -1.2e-05, 0.0, 0.0, 0.0, 1.0],
                [0.981712, -0.076585, 0.174286, -0.125006, -0.167029, -0.785761, 0.595551, -0.002831, 0.091337, -0.613771, -0.784183, -1.2e-05, 0.0, 0.0, 0.0, 1.0],
                [0.979451, -0.11147, 0.168078, -0.125006, -0.188775, -0.800047, 0.569464, -0.002831, 0.070992, -0.589491, -0.804649, -1.2e-05, 0.0, 0.0, 0.0, 1.0],
                [0.976918, -0.142041, 0.159547, -0.125006, -0.20665, -0.817579, 0.537458, -0.002831, 0.054102, -0.558023, -0.82806, -1.2e-05, 0.0, 0.0, 0.0, 1.0],
                [0.974496, -0.167598, 0.149226, -0.125006, -0.220675, -0.83644, 0.501667, -0.002831, 0.040741, -0.521804, -0.852092, -1.2e-05, 0.0, 0.0, 0.0, 1.0],
                [0.972441, -0.187934, 0.13798, -0.125006, -0.231113, -0.855035, 0.464222, -0.002831, 0.030735, -0.483318, -0.874905, -1.2e-05, 0.0, 0.0, 0.0, 1.0],
                [0.970883, -0.203185, 0.126893, -0.125006, -0.238375, -0.871929, 0.427688, -0.002831, 0.023742, -0.445484, -0.894975, -1.2e-05, 0.0, 0.0, 0.0, 1.0],
                [0.969847, -0.213669, 0.117225, -0.125006, -0.242946, -0.885753, 0.395499, -0.002831, 0.019327, -0.412054, -0.910955, -1.2e-05, 0.0, 0.0, 0.0, 1.0],
                [0.96929, -0.21975, 0.110395, -0.125006, -0.245332, -0.895126, 0.37224, -0.002831, 0.017018, -0.387892, -0.921548, -1.2e-05, 0.0, 0.0, 0.0, 1.0],
                [0.969126, -0.22173, 0.107843, -0.125006, -0.246023, -0.898595, 0.363319, -0.002831, 0.016348, -0.378634, -0.925402, -1.2e-05, 0.0, 0.0, 0.0, 1.0]
            ]
        },
        {
            "name": "Leg_L",
            "time": [0.0, 0.0167, 0.0333, 0.05, 0.0667, 0.0833, 0.1, 0.1167, 0.1333, 0.15, 0.1667, 0.1833, 0.2, 0.2167, 0.2333, 0.25, 0.2667, 0.2833, 0.3, 0.3167, 0.3333, 0.35, 0.3667, 0.3833, 0.4, 0.4167, 0.4333, 0.45, 0.4667, 0.4833, 0.5, 0.5167, 0.5333, 0.55, 0.5667, 0.5833, 0.6, 0.6167, 0.6333, 0.65, 0.6667, 0.6833, 0.7, 0.7167, 0.7333, 0.75, 0.7667, 0.7833, 0.8, 0.8167, 0.8333, 0.85, 0.8667, 0.8833, 0.9, 0.9167, 0.9333, 0.95, 0.9667, 0.9833],
            "transform": [
                [1.0, -0.0, 1e-06, -0.0, -0.0, 0.720162, 0.693806, 0.374726, -1e-06, -0.693806, 0.720162, -0.0, 0.0, 0.0, 0.0, 1.0],
                [1.0, -0.0, 1e-06, 0.0, -0.0, 0.723579, 0.690241, 0.374726, -1e-06, -0.690241, 0.723579, 0.0, 0.0, 0.0, 0.0, 1.0],
                [1.0, -0.0, 1e-06, -0.0, -0.0, 0.733143, 0.680075, 0.374726, -1e-06, -0.680075, 0.733143, 0.0, 0.0, 0.0, 0.0, 1.0],
                [1.0, -0.0, 1e-06, 0.0, -0.0, 0.748058, 0.663633, 0.374726, -1e-06, -0.663633, 0.748058, -0.0, 0.0, 0.0, 0.0, 1.0],
                [1.0, -0.0, 1e-06, 0.0, -0.0, 0.767625, 0.640899, 0.374726, -1e-06, -0.640899, 0.767625, -0.0, 0.0, 0.0, 0.0, 1.0],
                [1.0, -0.0, 1e-06, -0.0, -0.0, 0.791009, 0.611804, 0.374726, -1e-06, -0.611805, 0.791009, 0.0, 0.0, 0.0, 0.0, 1.0],
                [1.0, -0.0, 1e-06, -0.0, -0.0, 0.817074, 0.576532, 0.374726, -1e-06, -0.576532, 0.817074, -0.0, 0.0, 0.0, 0.0, 1.0],
                [1.0, -0.0, 1e-06, 0.0, -0.0, 0.844274, 0.535911, 0.374726, -1e-06, -0.535911, 0.844274, 0.0, 0.0, 0.0, 0.0, 1.0],
                [1.0, -0.0, 1e-06, -0.0, -0.0, 0.862665, 0.505776, 0.374726, -1e-06, -0.505776, 0.862665, -0.0, 0.0, 0.0, 0.0, 1.0],
                [1.0, -0.0, 1e-06, -0.0, -0.0, 0.863635, 0.504117, 0.374726, -1e-06, -0.504117, 0.863635, -0.0, 0.0, 0.0, 0.0, 1.0],
                [1.0, -0.0, 1e-06, 0.0, -0.0, 0.847254, 0.531187, 0.374726, -1e-06, -0.531187, 0.847255, -0.0, 0.0, 0.0, 0.0, 1.0],
