{
    "animation": [
        {
            "name": "Root",
            "time": [0.0, 0.0167, 0.0333, 0.05, 0.0667, 0.0833, 0.1, 0.1167, 0.1333, 0.15, 0.1667, 0.1833, 0.2, 0.2167, 0.2333, 0.25, 0.2667, 0.2833, 0.3, 0.3167, 0.3333, 0.35, 0.3667, 0.3833, 0.4, 0.4167, 0.4333, 0.45, 0.4667, 0.4833, 0.5, 0.5167, 0.5333, 0.55, 0.5667, 0.5833, 0.6, 0.6167, 0.6333, 0.65, 0.6667, 0.6833, 0.7, 0.7167, 0.7333, 0.75, 0.7667, 0.7833, 0.8, 0.8167, 0.8333, 0.85, 0.8667, 0.8833, 0.9, 0.9167, 0.9333, 0.95, 0.9667, 0.9833, 1.0, 1.0167, 1.0333, 1.05, 1.0667, 1.0833, 1.1, 1.1167, 1.1333, 1.15, 1.1667, 1.1833, 1.2, 1.2167, 1.2333, 1.25, 1.2667, 1.2833, 1.3, 1.3167, 1.3333, 1.35, 1.3667],
            "transform": [
                [0.876174, 0.0, 0.481995, -5e-06, 0.481995, 0.0, -0.876174, 0.000946, 0.0, 1.0, 0.0, 0.66998, 0.0, 0.0, 0.0, 1.0],
                [0.877297, 0.000127, 0.479948, -5e-06, 0.479946, 0.002093, -0.877295, 0.000968, -0.001116, 0.999998, 0.001776, 0.668452, 0.0, 0.0, 0.0, 1.0],
                [0.880377, 0.000504, 0.474273, -5e-06, 0.474255, 0.007881, -0.880352, 0.001117, -0.004181, 0.999969, 0.006699, 0.664228, 0.0, 0.0, 0.0, 1.0],
                [0.88496, 0.001144, 0.465665, -5e-06, 0.465584, 0.016621, -0.884847, 0.001521, -0.008752, 0.999861, 0.014176, 0.657847, 0.0, 0.0, 0.0, 1.0],
                [0.890584, 0.002068, 0.454815, -5e-06, 0.454592, 0.027569, -0.890273, 0.002309, -0.01438, 0.999618, 0.023613, 0.649849, 0.0, 0.0, 0.0, 1.0],
                [0.896799, 0.003278, 0.442426, -5e-06, 0.441957, 0.03998, -0.896145, 0.003607, -0.020626, 0.999195, 0.034405, 0.640773, 0.0, 0.0, 0.0, 1.0],
                [0.903187, 0.004748, 0.429221, -5e-06, 0.428393, 0.053103, -0.902031, 0.005544, -0.027076, 0.998578, 0.045928, 0.631157, 0.0, 0.0, 0.0, 1.0],
                [0.909369, 0.00641, 0.415942, -5e-06, 0.414652, 0.066194, -0.907569, 0.008247, -0.033351, 0.997786, 0.057537, 0.621541, 0.0, 0.0, 0.0, 1.0],
                [0.915012, 0.008155, 0.403345, -5e-06, 0.401527, 0.078515, -0.912475, 0.011844, -0.03911, 0.99688, 0.068567, 0.612464, 0.0, 0.0, 0.0, 1.0],
                [0.919827, 0.009833, 0.3922, -5e-06, 0.389843, 0.089336, -0.916538, 0.016463, -0.04405, 0.995953, 0.078341, 0.604466, 0.0, 0.0, 0.0, 1.0],
                [0.923562, 0.011265, 0.383283, -5e-06, 0.380445, 0.097943, -0.919602, 0.022231, -0.0479, 0.995128, 0.086171, 0.598085, 0.0, 0.0, 0.0, 1.0],
                [0.925982, 0.012259, 0.377368, -5e-06, 0.374188, 0.103627, -0.921545, 0.029276, -0.050403, 0.994541, 0.091369, 0.593862, 0.0, 0.0, 0.0, 1.0],
                [0.926847, 0.012628, 0.375227, -5e-06, 0.371918, 0.10568, -0.92223, 0.037726, -0.051299, 0.99432, 0.093252, 0.592334, 0.0, 0.0, 0.0, 1.0],
                [0.926077, 0.012422, 0.377129, 2e-06, 0.373822, 0.105826, -0.921443, 0.049948, -0.051356, 0.994307, 0.093359, 0.595943, 0.0, 0.0, 0.0, 1.0],
                [0.92377, 0.011818, 0.382765, 2.1e-05, 0.379464, 0.106256, -0.919085, 0.068062, -0.051533, 0.994269, 0.093672, 0.606356, 0.0, 0.0, 0.0, 1.0],
                [0.919863, 0.010824, 0.392091, 5.3e-05, 0.388799, 0.10696, -0.915093, 0.09183, -0.051843, 0.994204, 0.09418, 0.622956, 0.0, 0.0, 0.0, 1.0],
                [0.914206, 0.009436, 0.40514, 9.6e-05, 0.40186, 0.10793, -0.909318, 0.12101, -0.052307, 0.994114, 0.094878, 0.645124, 0.0, 0.0, 0.0, 1.0],
                [0.906556, 0.007637, 0.422016, 0.000151, 0.41875, 0.10916, -0.901517, 0.155361, -0.052952, 0.993995, 0.095762, 0.67224, 0.0, 0.0, 0.0, 1.0],
                [0.896563, 0.005397, 0.442883, 0.000217, 0.439635, 0.110644, -0.891335, 0.194642, -0.053813, 0.993845, 0.096826, 0.703687, 0.0, 0.0, 0.0, 1.0],
                [0.883741, 0.002671, 0.467968, 0.000293, 0.46474, 0.112374, -0.878287, 0.238615, -0.054934, 0.993662, 0.098068, 0.738846, 0.0, 0.0, 0.0, 1.0],
                [0.867439, -0.0006, 0.497543, 0.000379, 0.494339, 0.114341, -0.861716, 0.287037, -0.056373, 0.993441, 0.09948, 0.777098, 0.0, 0.0, 0.0, 1.0],
                [0.846788, -0.004497, 0.531912, 0.000474, 0.528737, 0.116525, -0.840749, 0.339668, -0.058201, 0.993178, 0.10105, 0.817825, 0.0, 0.0, 0.0, 1.0],
                [0.820634, -0.009122, 0.571382, 0.000579, 0.568242, 0.118897, -0.814226, 0.396268, -0.060508, 0.992865, 0.102754, 0.860407, 0.0, 0.0, 0.0, 1.0],
                [0.787451, -0.014605, 0.616204, 0.000692, 0.613107, 0.121401, -0.780616, 0.456595, -0.063407, 0.992496, 0.104552, 0.904227, 0.0, 0.0, 0.0, 1.0],
                [0.745231, -0.021106, 0.666472, 0.000813, 0.663428, 0.123952, -0.737902, 0.52041, -0.067037, 0.992064, 0.106375, 0.948665, 0.0, 0.0, 0.0, 1.0],
                [0.691341, -0.028818, 0.721954, 0.000942, 0.718976, 0.126407, -0.683443, 0.587472, -0.071565, 0.99156, 0.10811, 0.993103, 0.0, 0.0, 0.0, 1.0],
                [0.622389, -0.037964, 0.781787, 0.001077, 0.778893, 0.12854, -0.613843, 0.657541, -0.077186, 0.990977, 0.109572, 1.036923, 0.0, 0.0, 0.0, 1.0],
                [0.534134, -0.04878, 0.843991, 0.00122, 0.841205, 0.129997, -0.524857, 0.730375, -0.084114, 0.990314, 0.110469, 1.079505, 0.0, 0.0, 0.0, 1.0],
                [0.421564, -0.061471, 0.904713, 0.001368, 0.902065, 0.130244, -0.41148, 0.805734, -0.09254, 0.989575, 0.110357, 1.120232, 0.0, 0.0, 0.0, 1.0],
                [0.279421, -0.076123, 0.957146, 0.001523, 0.954675, 0.12851, -0.268479, 0.883377, -0.102565, 0.988782, 0.108581, 1.158484, 0.0, 0.0, 0.0, 1.0],
                [0.103614, -0.092532, 0.990304, 0.001682, 0.988056, 0.123753, -0.091816, 0.963065, -0.114057, 0.987989, 0.10425, 1.193642, 0.0, 0.0, 0.0, 1.0],
                [-0.105902, -0.109947, 0.98828, 0.001846, 0.986307, 0.11475, 0.118456, 1.044556, -0.126429, 0.987291, 0.096289, 1.22509, 0.0, 0.0, 0.0, 1.0],
                [-0.340684, -0.126788, 0.93159, 0.002015, 0.929938, 0.100402, 0.353745, 1.12761, -0.138384, 0.986835, 0.0837, 1.252206, 0.0, 0.0, 0.0, 1.0],
                [-0.579485, -0.14058, 0.802767, 0.002187, 0.801462, 0.080383, 0.592619, 1.211986, -0.147839, 0.986801, 0.066089, 1.274374, 0.0, 0.0, 0.0, 1.0],
                [-0.788724, -0.148474, 0.596548, 0.002363, 0.595577, 0.055895, 0.801352, 1.297444, -0.152323, 0.987336, 0.044342, 1.290974, 0.0, 0.0, 0.0, 1.0],
                [-0.932563, -0.148465, 0.329065, 0.002541, 0.328368, 0.0299, 0.944077, 1.383742, -0.150001, 0.988466, 0.020868, 1.301387, 0.0, 0.0, 0.0, 1.0],
                [-0.98941, -0.14059, 0.0361, 0.002722, 0.035582, 0.006198, 0.999348, 1.470642, -0.140722, 0.990049, -0.00113, 1.304996, 0.0, 0.0, 0.0, 1.0],
                [-0.961932, -0.12695, -0.242015, 0.002905, -0.242411, -0.012559, 0.970093, 1.557889, -0.126193, 0.99183, -0.018694, 1.302622, 0.0, 0.0, 0.0, 1.0],
                [-0.871923, -0.110414, -0.477032, 0.003088, -0.477322, -0.025514, 0.878359, 1.645182, -0.109154, 0.993558, -0.030457, 1.295732, 0.0, 0.0, 0.0, 1.0],
                [-0.746866, -0.093485, -0.658371, 0.003272, -0.658576, -0.033027, 0.751789, 1.732209, -0.092025, 0.995073, -0.036901, 1.284678, 0.0, 0.0, 0.0, 1.0],
                [-0.609658, -0.077765, -0.788841, 0.003456, -0.788983, -0.036266, 0.613343, 1.818654, -0.076305, 0.996312, -0.039245, 1.26981, 0.0, 0.0, 0.0, 1.0],
                [-0.475163, -0.063989, -0.877568, 0.003637, -0.877666, -0.036537, 0.477879, 1.904204, -0.062643, 0.997282, -0.038799, 1.251478, 0.0, 0.0, 0.0, 1.0],
                [-0.351205, -0.052313, -0.934836, 0.003817, -0.934901, -0.034935, 0.353184, 1.988547, -0.051135, 0.99802, -0.036638, 1.230032, 0.0, 0.0, 0.0, 1.0],
                [-0.240897, -0.042597, -0.969616, 0.003993, -0.969659, -0.03226, 0.242325, 2.071368, -0.041602, 0.998571, -0.033534, 1.205823, 0.0, 0.0, 0.0, 1.0],
                [-0.14468, -0.034583, -0.988874, 0.004165, -0.988902, -0.029049, 0.1457, 2.152354, -0.033765, 0.99898, -0.029997, 1.1792, 0.0, 0.0, 0.0, 1.0],
                [-0.061685, -0.027994, -0.997703, 0.004332, -0.997721, -0.025648, 0.062405, 2.23119, -0.027336, 0.999279, -0.026348, 1.150515, 0.0, 0.0, 0.0, 1.0],
                [0.009473, -0.022575, -0.999701, 0.004494, -0.999712, -0.022267, -0.008971, 2.307564, -0.022057, 0.999497, -0.022779, 1.120118, 0.0, 0.0, 0.0, 1.0],
                [0.070285, -0.01811, -0.997362, 0.004649, -0.99737, -0.019028, -0.06994, 2.381162, -0.017711, 0.999655, -0.0194, 1.088359, 0.0, 0.0, 0.0, 1.0],
                [0.122153, -0.014423, -0.992406, 0.004796, -0.992411, -0.016002, -0.121921, 2.45167, -0.014122, 0.999768, -0.016268, 1.055588, 0.0, 0.0, 0.0, 1.0],
                [0.166315, -0.011371, -0.986007, 0.004935, -0.98601, -0.013225, -0.166163, 2.518775, -0.011151, 0.999848, -0.013412, 1.022156, 0.0, 0.0, 0.0, 1.0],
                [0.203826, -0.008843, -0.978967, 0.005065, -0.978969, -0.010713, -0.203729, 2.582163, -0.008686, 0.999903, -0.010841, 0.988413, 0.0, 0.0, 0.0, 1.0],
                [0.235561, -0.006751, -0.971836, 0.005185, -0.971837, -0.008471, -0.235502, 2.64152, -0.006642, 0.999941, -0.008556, 0.954709, 0.0, 0.0, 0.0, 1.0],
                [0.262239, -0.005024, -0.96499, 0.005293, -0.96499, -0.006498, -0.262205, 2.696533, -0.004953, 0.999966, -0.006552, 0.921396, 0.0, 0.0, 0.0, 1.0],
                [0.284438, -0.003609, -0.958688, 0.005391, -0.958688, -0.00479, -0.28442, 2.746888, -0.003565, 0.999982, -0.004823, 0.888822, 0.0, 0.0, 0.0, 1.0],
                [0.302616, -0.002465, -0.95311, 0.005475, -0.95311, -0.003343, -0.302607, 2.792272, -0.00244, 0.999991, -0.003361, 0.857338, 0.0, 0.0, 0.0, 1.0],
                [0.317124, -0.001561, -0.948383, 0.005546, -0.948383, -0.002155, -0.317121, 2.832371, -0.001548, 0.999996, -0.002164, 0.827296, 0.0, 0.0, 0.0, 1.0],
                [0.328223, -0.000874, -0.9446, 0.005603, -0.9446, -0.001223, -0.328222, 2.866871, -0.000868, 0.999999, -0.001227, 0.799044, 0.0, 0.0, 0.0, 1.0],
                [0.336084, -0.000389, -0.941832, 0.005645, -0.941832, -0.00055, -0.336084, 2.895459, -0.000387, 1.0, -0.000551, 0.772934, 0.0, 0.0, 0.0, 1.0],
                [0.3408, -9.8e-05, -0.940136, 0.00567, -0.940136, -0.000139, -0.3408, 2.917821, -9.8e-05, 1.0, -0.000139, 0.749315, 0.0, 0.0, 0.0, 1.0],
                [0.342384, 0.0, -0.93956, 0.005679, -0.93956, -0.0, -0.342384, 2.933644, -0.0, 1.0, 0.0, 0.728539, 0.0, 0.0, 0.0, 1.0],
                [0.342384, -0.0, -0.93956, 0.005679, -0.93956, -0.0, -0.342384, 2.94516, 0.0, 1.0, -0.0, 0.710742, 0.0, 0.0, 0.0, 1.0],
                [0.342384, 0.0, -0.93956, 0.005679, -0.93956, 0.0, -0.342384, 2.954907, 0.0, 1.0, 0.0, 0.695678, 0.0, 0.0, 0.0, 1.0],
                [0.342384, -0.0, -0.93956, 0.005679, -0.93956, -0.0, -0.342384, 2.963035, 0.0, 1.0, -0.0, 0.683118, 0.0, 0.0, 0.0, 1.0],
                [0.342384, -0.0, -0.93956, 0.005679, -0.93956, 0.0, -0.342384, 2.969688, 0.0, 1.0, -0.0, 0.672834, 0.0, 0.0, 0.0, 1.0],
                [0.342384, 0.0, -0.93956, 0.005679, -0.93956, 0.0, -0.342384, 2.975017, 0.0, 1.0, 0.0, 0.6646, 0.0, 0.0, 0.0, 1.0],
                [0.342384, 0.0, -0.93956, 0.005679, -0.93956, 0.0, -0.342384, 2.979166, 0.0, 1.0, 0.0, 0.658187, 0.0, 0.0, 0.0, 1.0],
                [0.342384, 0.0, -0.93956, 0.005679, -0.93956, 0.0, -0.342384, 2.982284, 0.0, 1.0, 0.0, 0.653368, 0.0, 0.0, 0.0, 1.0],
                [0.342384, 0.0, -0.93956, 0.005679, -0.93956, 0.0, -0.342384, 2.984519, 0.0, 1.0, 0.0, 0.649915, 0.0, 0.0, 0.0, 1.0],
                [0.342384, 0.0, -0.93956, 0.005679, -0.93956, 0.0, -0.342384, 2.986016, 0.0, 1.0, 0.0, 0.6476, 0.0, 0.0, 0.0, 1.0],
                [0.342384, 0.0, -0.93956, 0.005679, -0.93956, 0.0, -0.342384, 2.986925, 0.0, 1.0, 0.0, 0.646196, 0.0, 0.0, 0.0, 1.0],
                [0.342384, 0.0, -0.93956, 0.005679, -0.93956, 0.0, -0.342384, 2.987391, 0.0, 1.0, 0.0, 0.645476, 0.0, 0.0, 0.0, 1.0],
                [0.342384, 0.0, -0.93956, 0.005679, -0.93956, 0.0, -0.342384, 2.987563, 0.0, 1.0, 0.0, 0.64521, 0.0, 0.0, 0.0, 1.0],
                [0.342384, 0.0, -0.93956, 0.005679, -0.93956, 0.0, -0.342384, 2.987588, 0.0, 1.0, 0.0, 0.645172, 0.0, 0.0, 0.0, 1.0],
                [0.342384, 0.0, -0.93956, 0.005679, -0.93956, 0.0, -0.342384, 2.986077, 0.0, 1.0, 0.0, 0.647506, 0.0, 0.0, 0.0, 1.0],
                [0.342384, 0.0, -0.93956, 0.005679, -0.93956, 0.0, -0.342384, 2.981977, 0.0, 1.0, 0.0, 0.653842, 0.0, 0.0, 0.0, 1.0],
                [0.342384, 0.0, -0.93956, 0.005679, -0.93956, 0.0, -0.342384, 2.975936, 0.0, 1.0, 0.0, 0.663179, 0.0, 0.0, 0.0, 1.0],
                [0.342384, 0.0, -0.93956, 0.005679, -0.93956, 0.0, -0.342384, 2.9686, 0.0, 1.0, 0.0, 0.674517, 0.0, 0.0, 0.0, 1.0],
                [0.342384, 0.0, -0.93956, 0.005679, -0.93956, 0.0, -0.342384, 2.960616, 0.0, 1.0, 0.0, 0.686855, 0.0, 0.0, 0.0, 1.0],
                [0.342384, 0.0, -0.93956, 0.005679, -0.93956, 0.0, -0.342384, 2.952632, 0.0, 1.0, 0.0, 0.699194, 0.0, 0.0, 0.0, 1.0],
                [0.342384, 0.0, -0.93956, 0.005679, -0.93956, 0.0, -0.342384, 2.945296, 0.0, 1.0, 0.0, 0.710532, 0.0, 0.0, 0.0, 1.0],
                [0.342384, 0.0, -0.93956, 0.005679, -0.93956, 0.0, -0.342384, 2.939254, 0.0, 1.0, 0.0, 0.719869, 0.0, 0.0, 0.0, 1.0],
                [0.342384, 0.0, -0.93956, 0.005679, -0.93956, 0.0, -0.342384, 2.935155, 0.0, 1.0, 0.0, 0.726205, 0.0, 0.0, 0.0, 1.0],
                [0.342384, 0.0, -0.93956, 0.005679, -0.93956, 0.0, -0.342384, 2.933644, 0.0, 1.0, 0.0, 0.728539, 0.0, 0.0, 0.0, 1.0]
            ]
        },
        {
            "name": "Thigh_R",
            "time": [0.0, 0.0167, 0.0333, 0.05, 0.0667, 0.0833, 0.1, 0.1167, 0.1333, 0.15, 0.1667, 0.1833, 0.2, 0.2167, 0.2333, 0.25, 0.2667, 0.2833, 0.3, 0.3167, 0.3333, 0.35, 0.3667, 0.3833, 0.4, 0.4167, 0.4333, 0.45, 0.4667, 0.4833, 0.5, 0.5167, 0.5333, 0.55, 0.5667, 0.5833, 0.6, 0.6167, 0.6333, 0.65, 0.6667, 0.6833, 0.7, 0.7167, 0.7333, 0.75, 0.7667, 0.7833, 0.8, 0.8167, 0.8333, 0.85, 0.8667, 0.8833, 0.9, 0.9167, 0.9333, 0.95, 0.9667, 0.9833, 1.0, 1.0167, 1.0333, 1.05, 1.0667, 1.0833, 1.1, 1.1167, 1.1333, 1.15, 1.1667, 1.1833, 1.2, 1.2167, 1.2333, 1.25, 1.2667, 1.2833, 1.3, 1.3167, 1.3333, 1.35, 1.3667],
            "transform": [
                [0.728324, 0.526963, 0.438012, 0.124994, 0.264558, -0.8059, 0.529656, -0.002831, 0.632102, -0.269882, -0.726368, -1.2e-05, 0.0, 0.0, 0.0, 1.0],
                [0.730068, 0.529993, 0.431402, 0.124994, 0.264837, -0.801378, 0.536334, -0.002831, 0.62997, -0.27731, -0.725422, -1.2e-05, 0.0, 0.0, 0.0, 1.0],
                [0.734856, 0.537813, 0.413213, 0.124994, 0.265701, -0.788844, 0.554192, -0.002831, 0.624012, -0.29746, -0.722584, -1.2e-05, 0.0, 0.0, 0.0, 1.0],
                [0.741971, 0.548196, 0.385952, 0.124994, 0.267239, -0.769798, 0.57965, -0.002831, 0.614867, -0.326943, -0.717668, -1.2e-05, 0.0, 0.0, 0.0, 1.0],
                [0.750678, 0.559006, 0.352128, 0.124994, 0.269557, -0.745759, 0.609247, -0.002831, 0.603176, -0.36243, -0.710509, -1.2e-05, 0.0, 0.0, 0.0, 1.0],
                [0.76025, 0.568589, 0.314209, 0.124994, 0.272726, -0.718336, 0.640011, -0.002831, 0.589611, -0.400876, -0.701184, -1.2e-05, 0.0, 0.0, 0.0, 1.0],
                [0.770009, 0.575913, 0.274609, 0.124994, 0.276741, -0.689273, 0.669565, -0.002831, 0.574892, -0.439576, -0.690125, -1.2e-05, 0.0, 0.0, 0.0, 1.0],
                [0.779354, 0.580567, 0.235688, 0.124994, 0.28149, -0.660462, 0.696098, -0.002831, 0.559795, -0.476163, -0.678158, -1.2e-05, 0.0, 0.0, 0.0, 1.0],
                [0.787779, 0.582673, 0.199739, 0.124994, 0.28675, -0.633913, 0.718282, -0.002831, 0.545141, -0.508572, -0.666465, -1.2e-05, 0.0, 0.0, 0.0, 1.0],
                [0.794881, 0.582758, 0.168989, 0.124994, 0.292181, -0.611713, 0.735145, -0.002831, 0.531784, -0.534977, -0.65651, -1.2e-05, 0.0, 0.0, 0.0, 1.0],
                [0.800351, 0.581582, 0.145603, 0.124994, 0.297359, -0.595962, 0.745928, -0.002831, 0.520592, -0.553708, -0.649917, -1.2e-05, 0.0, 0.0, 0.0, 1.0],
                [0.803948, 0.579934, 0.131698, 0.124994, 0.301819, -0.588698, 0.749893, -0.002831, 0.512419, -0.563127, -0.648318, -1.2e-05, 0.0, 0.0, 0.0, 1.0],
                [0.805449, 0.578372, 0.129375, 0.124994, 0.305124, -0.591813, 0.746094, -0.002831, 0.508086, -0.561465, -0.653151, -1.2e-05, 0.0, 0.0, 0.0, 1.0],
                [0.805429, 0.574939, 0.143976, 0.124994, 0.303055, -0.608259, 0.733606, -0.002831, 0.509353, -0.547235, -0.664148, -1.2e-05, 0.0, 0.0, 0.0, 1.0],
                [0.805126, 0.566345, 0.176141, 0.124994, 0.292897, -0.637905, 0.712242, -0.002831, 0.515736, -0.521854, -0.679474, -1.2e-05, 0.0, 0.0, 0.0, 1.0],
                [0.805132, 0.550465, 0.220794, 0.124994, 0.276437, -0.677658, 0.681441, -0.002831, 0.524732, -0.487615, -0.697773, -1.2e-05, 0.0, 0.0, 0.0, 1.0],
                [0.805902, 0.525426, 0.272855, 0.124994, 0.255054, -0.72402, 0.640892, -0.002831, 0.534294, -0.446903, -0.717501, -1.2e-05, 0.0, 0.0, 0.0, 1.0],
                [0.80781, 0.490202, 0.327329, 0.124994, 0.229631, -0.773164, 0.591174, -0.002831, 0.542874, -0.402392, -0.737135, -1.2e-05, 0.0, 0.0, 0.0, 1.0],
                [0.811218, 0.444964, 0.379384, 0.124994, 0.200641, -0.821226, 0.534163, -0.002831, 0.549244, -0.357203, -0.755471, -1.2e-05, 0.0, 0.0, 0.0, 1.0],
                [0.816544, 0.391279, 0.424448, 0.124994, 0.1683, -0.864662, 0.473322, -0.002831, 0.552205, -0.315054, -0.771888, -1.2e-05, 0.0, 0.0, 0.0, 1.0],
                [0.824375, 0.332206, 0.458307, 0.124994, 0.132744, -0.900548, 0.413995, -0.002831, 0.550259, -0.28045, -0.786487, -1.2e-05, 0.0, 0.0, 0.0, 1.0],
                [0.835608, 0.272256, 0.477112, 0.124994, 0.094246, -0.926715, 0.363753, -0.002831, 0.541181, -0.25899, -0.80003, -1.2e-05, 0.0, 0.0, 0.0, 1.0],
                [0.851655, 0.216916, 0.477107, 0.124994, 0.053564, -0.941588, 0.332479, -0.002831, 0.521359, -0.257602, -0.813527, -1.2e-05, 0.0, 0.0, 0.0, 1.0],
                [0.874307, 0.172998, 0.453495, 0.124994, 0.013082, -0.942384, 0.334277, -0.002831, 0.485196, -0.286329, -0.826197, -1.2e-05, 0.0, 0.0, 0.0, 1.0],
                [0.904133, 0.14109, 0.403283, 0.124994, -0.021578, -0.927618, 0.372907, -0.002831, 0.426706, -0.345859, -0.835646, -1.2e-05, 0.0, 0.0, 0.0, 1.0],
                [0.940104, 0.114284, 0.321158, 0.124994, -0.041335, -0.896958, 0.440179, -0.002831, 0.33837, -0.42709, -0.83851, -1.2e-05, 0.0, 0.0, 0.0, 1.0],
                [0.976505, 0.083701, 0.198575, 0.124994, -0.033341, -0.851705, 0.522961, -0.002831, 0.212899, -0.517295, -0.828903, -1.2e-05, 0.0, 0.0, 0.0, 1.0],
                [0.998466, 0.043988, 0.033623, 0.124994, 0.01496, -0.799029, 0.601107, -0.002831, 0.053307, -0.599682, -0.798461, -1.2e-05, 0.0, 0.0, 0.0, 1.0],
                [0.98855, 0.004739, -0.150821, 0.124994, 0.102683, -0.753519, 0.649358, -0.002831, -0.110569, -0.65741, -0.745377, -1.2e-05, 0.0, 0.0, 0.0, 1.0],
                [0.951443, -0.006447, -0.307757, 0.124994, 0.206403, -0.728368, 0.653359, -0.002831, -0.228372, -0.685156, -0.69167, -1.2e-05, 0.0, 0.0, 0.0, 1.0],
                [0.915949, 0.034625, -0.399799, 0.124994, 0.298463, -0.724747, 0.621017, -0.002831, -0.26825, -0.688145, -0.674165, -1.2e-05, 0.0, 0.0, 0.0, 1.0],
                [0.901649, 0.131506, -0.411989, 0.124994, 0.367147, -0.736202, 0.568516, -0.002831, -0.228544, -0.663863, -0.712077, -1.2e-05, 0.0, 0.0, 0.0, 1.0],
                [0.902825, 0.268877, -0.335579, 0.124994, 0.413531, -0.756853, 0.506129, -0.002831, -0.117897, -0.595718, -0.794494, -1.2e-05, 0.0, 0.0, 0.0, 1.0],
                [0.895038, 0.414649, -0.164238, 0.124994, 0.44282, -0.78239, 0.437924, -0.002831, 0.053087, -0.464687, -0.883883, -1.2e-05, 0.0, 0.0, 0.0, 1.0],
                [0.847109, 0.523664, 0.090457, 0.124994, 0.46042, -0.808221, 0.367141, -0.002831, 0.265368, -0.269361, -0.925756, -1.2e-05, 0.0, 0.0, 0.0, 1.0],
                [0.736443, 0.556684, 0.384389, 0.124994, 0.47009, -0.829714, 0.300983, -0.002831, 0.486485, -0.040959, -0.872729, -1.2e-05, 0.0, 0.0, 0.0, 1.0],
                [0.562105, 0.508663, 0.65215, 0.124994, 0.472414, -0.844687, 0.251652, -0.002831, 0.678869, 0.16663, -0.715102, -1.2e-05, 0.0, 0.0, 0.0, 1.0],
                [0.376793, 0.417238, 0.827007, 0.124994, 0.460549, -0.859021, 0.223559, -0.002831, 0.803693, 0.296641, -0.515831, -1.2e-05, 0.0, 0.0, 0.0, 1.0],
                [0.253002, 0.340444, 0.905587, 0.124994, 0.425574, -0.879778, 0.211845, -0.00283, 0.868836, 0.331797, -0.367469, -1.2e-05, 0.0, 0.0, 0.0, 1.0],
                [0.239408, 0.305776, 0.921512, 0.124994, 0.355093, -0.910936, 0.210013, -0.002831, 0.903655, 0.276943, -0.326663, -1.2e-05, 0.0, 0.0, 0.0, 1.0],
                [0.407938, 0.29035, 0.865611, 0.124994, 0.219903, -0.951422, 0.215499, -0.002831, 0.886132, 0.10244, -0.45197, -1.2e-05, 0.0, 0.0, 0.0, 1.0],
                [0.740656, 0.195312, 0.64287, 0.124994, 0.01647, -0.961807, 0.273234, -0.002831, 0.671682, -0.191785, -0.715585, -1.2e-05, 0.0, 0.0, 0.0, 1.0],
                [0.941603, 0.039468, 0.334402, 0.124994, -0.103095, -0.911623, 0.397888, -0.002831, 0.320552, -0.409128, -0.854318, -1.2e-05, 0.0, 0.0, 0.0, 1.0],
                [0.990915, -0.032711, 0.130452, 0.124994, -0.093683, -0.863823, 0.495009, -0.002831, 0.096495, -0.502733, -0.859039, -1.2e-05, 0.0, 0.0, 0.0, 1.0],
                [0.999492, -0.031208, 0.006379, 0.124994, -0.029662, -0.838889, 0.543494, -0.002831, -0.01161, -0.543408, -0.839388, -1.2e-05, 0.0, 0.0, 0.0, 1.0],
                [0.996966, 0.006173, -0.077587, 0.124993, 0.048456, -0.829328, 0.556657, -0.002831, -0.060908, -0.558728, -0.827111, -1.2e-05, 0.0, 0.0, 0.0, 1.0],
                [0.989193, 0.05705, -0.135065, 0.124994, 0.122549, -0.827436, 0.548025, -0.002831, -0.080493, -0.558654, -0.825486, -1.2e-05, 0.0, 0.0, 0.0, 1.0],
                [0.979474, 0.107754, -0.170352, 0.124994, 0.183194, -0.828414, 0.529311, -0.002831, -0.084087, -0.549654, -0.83115, -1.2e-05, 0.0, 0.0, 0.0, 1.0],
                [0.971024, 0.152598, -0.183922, 0.124994, 0.227113, -0.82877, 0.51143, -0.002831, -0.074386, -0.538381, -0.839412, -1.2e-05, 0.0, 0.0, 0.0, 1.0],
                [0.965131, 0.192792, -0.177068, 0.124994, 0.256951, -0.826905, 0.500205, -0.002831, -0.049982, -0.528261, -0.847609, -1.2e-05, 0.0, 0.0, 0.0, 1.0],
                [0.961381, 0.228863, -0.15287, 0.124994, 0.27494, -0.823796, 0.49575, -0.002831, -0.012474, -0.518635, -0.854905, -1.2e-05, 0.0, 0.0, 0.0, 1.0],
                [0.958609, 0.261343, -0.112993, 0.124994, 0.282317, -0.820968, 0.496293, -0.002831, 0.036939, -0.507651, -0.86077, -1.2e-05, 0.0, 0.0, 0.0, 1.0],
                [0.955177, 0.290199, -0.058495, 0.124994, 0.279727, -0.820083, 0.499216, -0.002831, 0.096901, -0.493202, -0.864501, -1.2e-05, 0.0, 0.0, 0.0, 1.0],
                [0.949203, 0.314534, 0.009065, 0.124994, 0.26778, -0.822566, 0.501676, -0.002831, 0.165251, -0.473765, -0.865008, -1.2e-05, 0.0, 0.0, 0.0, 1.0],
                [0.939003, 0.332861, 0.086467, 0.124994, 0.247728, -0.829061, 0.501287, -0.002831, 0.238545, -0.449289, -0.86095, -1.2e-05, 0.0, 0.0, 0.0, 1.0],
                [0.923747, 0.344242, 0.1679, 0.124993, 0.222075, -0.838565, 0.497486, -0.002831, 0.312051, -0.422265, -0.851069, -1.2e-05, 0.0, 0.0, 0.0, 1.0],
                [0.90405, 0.350636, 0.244434, 0.124994, 0.194836, -0.847066, 0.494489, -0.002831, 0.380437, -0.399418, -0.834106, -1.2e-05, 0.0, 0.0, 0.0, 1.0],
                [0.882076, 0.360023, 0.303853, 0.124994, 0.171282, -0.845916, 0.505063, -0.002831, 0.438868, -0.39346, -0.807827, -1.2e-05, 0.0, 0.0, 0.0, 1.0],
                [0.860922, 0.384295, 0.333362, 0.124994, 0.157394, -0.824327, 0.543795, -0.002831, 0.483777, -0.415696, -0.770167, -1.2e-05, 0.0, 0.0, 0.0, 1.0],
                [0.843607, 0.426522, 0.326199, 0.124994, 0.159505, -0.779124, 0.606237, -0.002831, 0.512723, -0.459396, -0.725307, -1.2e-05, 0.0, 0.0, 0.0, 1.0],
                [0.829671, 0.469108, 0.302629, 0.124994, 0.170961, -0.729561, 0.662203, -0.002831, 0.531431, -0.497673, -0.685495, -1.2e-05, 0.0, 0.0, 0.0, 1.0],
                [0.817233, 0.502014, 0.283042, 0.124994, 0.180724, -0.689595, 0.701283, -0.002831, 0.547238, -0.521959, -0.654286, -1.2e-05, 0.0, 0.0, 0.0, 1.0],
                [0.806411, 0.527879, 0.266543, 0.124994, 0.188899, -0.657063, 0.729784, -0.002831, 0.560374, -0.538157, -0.629578, -1.2e-05, 0.0, 0.0, 0.0, 1.0],
                [0.797245, 0.548175, 0.252794, 0.124994, 0.195608, -0.630771, 0.75091, -0.002831, 0.571085, -0.549211, -0.610107, -1.2e-05, 0.0, 0.0, 0.0, 1.0],
                [0.789707, 0.563915, 0.241585, 0.124994, 0.200987, -0.609874, 0.766588, -0.002831, 0.579627, -0.556825, -0.594962, -1.2e-05, 0.0, 0.0, 0.0, 1.0],
                [0.783715, 0.575876, 0.232717, 0.124994, 0.205178, -0.593671, 0.778111, -0.002831, 0.586253, -0.562069, -0.583426, -1.2e-05, 0.0, 0.0, 0.0, 1.0],
                [0.779142, 0.584702, 0.225969, 0.124994, 0.208328, -0.581526, 0.786401, -0.002831, 0.591217, -0.565642, -0.574902, -1.2e-05, 0.0, 0.0, 0.0, 1.0],
                [0.775828, 0.590941, 0.221088, 0.124994, 0.210586, -0.572839, 0.792155, -0.002831, 0.594765, -0.568018, -0.568868, -1.2e-05, 0.0, 0.0, 0.0, 1.0],
                [0.77359, 0.595084, 0.217793, 0.124994, 0.212098, -0.56702, 0.795929, -0.002831, 0.597138, -0.569529, -0.564857, -1.2e-05, 0.0, 0.0, 0.0, 1.0],
                [0.772225, 0.597582, 0.215786, 0.124994, 0.213015, -0.563493, 0.798185, -0.002831, 0.598575, -0.570413, -0.562438, -1.2e-05, 0.0, 0.0, 0.0, 1.0],
                [0.771523, 0.59886, 0.214753, 0.124994, 0.213486, -0.561683, 0.799335, -0.002831, 0.599313, -0.570859, -0.5612, -1.2e-05, 0.0, 0.0, 0.0, 1.0],
                [0.771264, 0.59933, 0.214372, 0.124994, 0.21366, -0.561015, 0.799757, -0.002831, 0.599585, -0.571021, -0.560744, -1.2e-05, 0.0, 0.0, 0.0, 1.0],
                [0.771227, 0.599398, 0.214317, 0.124994, 0.213685, -0.56092, 0.799817, -0.002831, 0.599623, -0.571044, -0.560679, -1.2e-05, 0.0, 0.0, 0.0, 1.0],
                [0.773498, 0.595252, 0.217659, 0.124994, 0.21216, -0.566784, 0.796081, -0.002831, 0.597234, -0.569589, -0.564695, -1.2e-05, 0.0, 0.0, 0.0, 1.0],
                [0.779594, 0.58384, 0.226636, 0.124994, 0.208019, -0.58272, 0.785599, -0.002831, 0.590729, -0.565304, -0.575735, -1.2e-05, 0.0, 0.0, 0.0, 1.0],
                [0.788388, 0.566587, 0.239631, 0.124994, 0.201916, -0.606279, 0.769192, -0.002831, 0.581097, -0.558037, -0.592386, -1.2e-05, 0.0, 0.0, 0.0, 1.0],
                [0.798764, 0.544904, 0.255062, 0.124994, 0.19451, -0.635057, 0.747575, -0.002831, 0.569335, -0.547524, -0.61325, -1.2e-05, 0.0, 0.0, 0.0, 1.0],
                [0.809674, 0.520313, 0.271482, 0.124994, 0.186464, -0.666688, 0.721636, -0.002831, 0.55647, -0.533669, -0.636819, -1.2e-05, 0.0, 0.0, 0.0, 1.0],
                [0.820189, 0.494535, 0.287621, 0.124994, 0.178441, -0.698813, 0.69269, -0.002831, 0.543553, -0.516813, -0.661404, -1.2e-05, 0.0, 0.0, 0.0, 1.0],
                [0.829501, 0.469585, 0.302354, 0.124994, 0.171097, -0.728993, 0.662794, -0.002831, 0.531652, -0.498057, -0.685045, -1.2e-05, 0.0, 0.0, 0.0, 1.0],
                [0.83692, 0.44789, 0.314579, 0.124994, 0.165074, -0.754551, 0.635141, -0.002831, 0.521839, -0.479633, -0.705433, -1.2e-05, 0.0, 0.0, 0.0, 1.0],
                [0.841826, 0.432412, 0.323031, 0.124994, 0.161002, -0.772409, 0.61438, -0.002831, 0.515178, -0.465193, -0.719853, -1.2e-05, 0.0, 0.0, 0.0, 1.0],
                [0.843607, 0.426522, 0.326199, 0.124994, 0.159505, -0.779124, 0.606238, -0.002831, 0.512724, -0.459396, -0.725307, -1.2e-05, 0.0, 0.0, 0.0, 1.0]
            ]
        },
        {
            "name": "Leg_R",
            "time": [0.0, 0.0167, 0.0333, 0.05, 0.0667, 0.0833, 0.1, 0.1167, 0.1333, 0.15, 0.1667, 0.1833, 0.2, 0.2167, 0.2333, 0.25, 0.2667, 0.2833, 0.3, 0.3167, 0.3333, 0.35, 0.3667, 0.3833, 0.4, 0.4167, 0.4333, 0.45, 0.4667, 0.4833, 0.5, 0.5167, 0.5333, 0.55, 0.5667, 0.5833, 0.6, 0.6167, 0.6333, 0.65, 0.6667, 0.6833, 0.7, 0.7167, 0.7333, 0.75, 0.7667, 0.7833, 0.8, 0.8167, 0.8333, 0.85, 0.8667, 0.8833, 0.9, 0.9167, 0.9333, 0.95, 0.9667, 0.9833, 1.0, 1.0167, 1.0333, 1.05, 1.0667, 1.0833, 1.1, 1.1167, 1.1333, 1.15, 1.1667, 1.1833, 1.2, 1.2167, 1.2333, 1.25, 1.2667, 1.2833, 1.3, 1.3167, 1.3333, 1.35, 1.3667],
            "transform": [
                [1.0, -0.0, 1e-06, -0.0, -0.0, 0.732654, 0.680601, 0.374726, -1e-06, -0.680601, 0.732654, 0.0, 0.0, 0.0, 0.0, 1.0],
                [1.0, -1e-06, 1e-06, 0.0, -0.0, 0.724819, 0.688939, 0.374726, -1e-06, -0.688939, 0.72482, 0.0, 0.0, 0.0, 0.0, 1.0],
                [1.0, -1e-06, 1e-06, 0.0, -0.0, 0.703217, 0.710975, 0.374726, -1e-06, -0.710975, 0.703218, 0.0, 0.0, 0.0, 0.0, 1.0],
                [1.0, -1e-06, 1e-06, 0.0, -0.0, 0.6708, 0.741637, 0.374726, -1e-06, -0.741637, 0.670801, 0.0, 0.0, 0.0, 0.0, 1.0],
                [1.0, -1e-06, 1e-06, 0.0, -0.0, 0.630543, 0.776154, 0.374726, -1e-06, -0.776154, 0.630543, 0.0, 0.0, 0.0, 0.0, 1.0],
                [1.0, -1e-06, 1e-06, 0.0, -0.0, 0.585342, 0.810786, 0.374726, -1e-06, -0.810787, 0.585342, -0.0, 0.0, 0.0, 0.0, 1.0],
                [1.0, -1e-06, 1e-06, -0.0, -0.0, 0.537943, 0.842981, 0.374726, -1e-06, -0.842981, 0.537943, 0.0, 0.0, 0.0, 0.0, 1.0],
                [1.0, -1e-06, 1e-06, -0.0, -0.0, 0.490907, 0.871212, 0.374726, -1e-06, -0.871212, 0.490907, -0.0, 0.0, 0.0, 0.0, 1.0],
                [1.0, -1e-06, 1e-06, -0.0, -0.0, 0.446601, 0.894733, 0.374726, -1e-06, -0.894733, 0.446601, -0.0, 0.0, 0.0, 0.0, 1.0],
                [1.0, -1e-06, 1e-06, -0.0, -0.0, 0.407237, 0.913322, 0.374726, -1e-06, -0.913323, 0.407238, 0.0, 0.0, 0.0, 0.0, 1.0],
                [1.0, -1e-06, 1e-06, 0.0, -0.0, 0.374932, 0.927052, 0.374726, -1e-06, -0.927052, 0.374932, 0.0, 0.0, 0.0, 0.0, 1.0],
                [1.0, -1e-06, 1e-06, -0.0, -0.0, 0.3518, 0.936075, 0.374726, -1e-06, -0.936075, 0.3518, 0.0, 0.0, 0.0, 0.0, 1.0],
                [1.0, -1e-06, 0.0, -0.0, -0.0, 0.340082, 0.940395, 0.374726, -1e-06, -0.940395, 0.340082, -0.0, 0.0, 0.0, 0.0, 1.0],
                [1.0, -1e-06, 0.0, 0.0, -0.0, 0.341609, 0.939842, 0.374726, -1e-06, -0.939842, 0.34161, -0.0, 0.0, 0.0, 0.0, 1.0],
                [1.0, -1e-06, 1e-06, 0.0, -0.0, 0.356122, 0.934439, 0.374726, -1e-06, -0.934439, 0.356122, -0.0, 0.0, 0.0, 0.0, 1.0],
                [1.0, -1e-06, 1e-06, -0.0, -0.0, 0.383246, 0.923646, 0.374726, -1e-06, -0.923646, 0.383247, -0.0, 0.0, 0.0, 0.0, 1.0],
                [1.0, -1e-06, 0.0, 0.0, -0.0, 0.422359, 0.906428, 0.374726, -1e-06, -0.906429, 0.422359, 0.0, 0.0, 0.0, 0.0, 1.0],
                [1.0, -1e-06, 1e-06, -0.0, -0.0, 0.471933, 0.881634, 0.374726, -1e-06, -0.881634, 0.471934, 0.0, 0.0, 0.0, 0.0, 1.0],
                [1.0, -1e-06, 1e-06, 0.0, -0.0, 0.529115, 0.84855, 0.374726, -1e-06, -0.84855, 0.529115, 0.0, 0.0, 0.0, 0.0, 1.0],
                [1.0, -1e-06, 1e-06, 0.0, -0.0, 0.589521, 0.807753, 0.374726, -1e-06, -0.807754, 0.58952, 0.0, 0.0, 0.0, 0.0, 1.0],
                [1.0, -1e-06, 1e-06, 0.0, -0.0, 0.647283, 0.76225, 0.374726, -1e-06, -0.76225, 0.647284, 0.0, 0.0, 0.0, 0.0, 1.0],
                [1.0, -0.0, 1e-06, -0.0, -0.0, 0.695314, 0.718706, 0.374726, -1e-06, -0.718706, 0.695314, 0.0, 0.0, 0.0, 0.0, 1.0],
                [1.0, -1e-06, 1e-06, 0.0, -0.0, 0.72579, 0.687916, 0.374726, -1e-06, -0.687916, 0.725791, -0.0, 0.0, 0.0, 0.0, 1.0],
                [1.0, -0.0, 1e-06, 0.0, -0.0, 0.730636, 0.682767, 0.374726, -1e-06, -0.682767, 0.730636, 0.0, 0.0, 0.0, 0.0, 1.0],
                [1.0, -1e-06, 1e-06, 0.0, -0.0, 0.710434, 0.703764, 0.374726, -1e-06, -0.703764, 0.710434, 0.0, 0.0, 0.0, 0.0, 1.0],
                [1.0, -1e-06, 1e-06, -0.0, -0.0, 0.671485, 0.741018, 0.374726, -1e-06, -0.741018, 0.671485, -0.0, 0.0, 0.0, 0.0, 1.0],
                [1.0, -1e-06, 1e-06, -0.0, -0.0, 0.62062, 0.784111, 0.374726, -1e-06, -0.784111, 0.620621, 0.0, 0.0, 0.0, 0.0, 1.0],
                [1.0, -1e-06, 1e-06, 0.0, -0.0, 0.564094, 0.82571, 0.374726, -1e-06, -0.82571, 0.564095, 0.0, 0.0, 0.0, 0.0, 1.0],
                [1.0, -1e-06, 1e-06, -0.0, -0.0, 0.50699, 0.861952, 0.374726, -1e-06, -0.861952, 0.50699, -0.0, 0.0, 0.0, 0.0, 1.0],
                [1.0, -1e-06, 1e-06, 0.0, -0.0, 0.453259, 0.891379, 0.374726, -1e-06, -0.891379, 0.453258, 0.0, 0.0, 0.0, 0.0, 1.0],
                [1.0, -1e-06, 0.0, -0.0, -0.0, 0.406436, 0.913679, 0.374726, -1e-06, -0.91368, 0.406436, -0.0, 0.0, 0.0, 0.0, 1.0],
                [1.0, -1e-06, 0.0, 0.0, -0.0, 0.37085, 0.928693, 0.374726, -1e-06, -0.928693, 0.37085, 0.0, 0.0, 0.0, 0.0, 1.0],
                [1.0, -1e-06, 1e-06, 0.0, -0.0, 0.352591, 0.935777, 0.374726, -1e-06, -0.935778, 0.352591, -0.0, 0.0, 0.0, 0.0, 1.0],
                [1.0, -1e-06, 1e-06, -0.0, -0.0, 0.358616, 0.933485, 0.374726, -1e-06, -0.933485, 0.358616, 0.0, 0.0, 0.0, 0.0, 1.0],
                [1.0, -1e-06, 1e-06, -0.0, -0.0, 0.39251, 0.919748, 0.374726, -1e-06, -0.919747, 0.392511, 0.0, 0.0, 0.0, 0.0, 1.0],
                [1.0, -1e-06, 0.0, 0.0, -0.0, 0.448334, 0.893866, 0.374726, -1e-06, -0.893866, 0.448334, -0.0, 0.0, 0.0, 0.0, 1.0],
                [1.0, -1e-06, 1e-06, -0.0, -0.0, 0.508502, 0.861061, 0.374726, -1e-06, -0.861061, 0.508501, 0.0, 0.0, 0.0, 0.0, 1.0],
                [1.0, -1e-06, 1e-06, 0.0, -0.0, 0.539684, 0.841868, 0.374726, -1e-06, -0.841868, 0.539683, 0.0, 0.0, 0.0, 0.0, 1.0],
                [1.0, -1e-06, 1e-06, 0.0, -0.0, 0.522477, 0.852654, 0.374726, -1e-06, -0.852654, 0.522476, -0.0, 0.0, 0.0, 0.0, 1.0],
                [1.0, -1e-06, 1e-06, 0.0, -0.0, 0.464197, 0.885731, 0.374726, -1e-06, -0.885731, 0.464198, 0.0, 0.0, 0.0, 0.0, 1.0],
                [1.0, -1e-06, 1e-06, 0.0, -0.0, 0.380794, 0.92466, 0.374726, -1e-06, -0.92466, 0.380794, -0.0, 0.0, 0.0, 0.0, 1.0],
                [1.0, -1e-06, 0.0, -0.0, -0.0, 0.290863, 0.956765, 0.374726, -1e-06, -0.956765, 0.290863, 0.0, 0.0, 0.0, 0.0, 1.0],
                [1.0, -1e-06, 0.0, 0.0, -0.0, 0.211011, 0.977484, 0.374726, -1e-06, -0.977484, 0.211011, -0.0, 0.0, 0.0, 0.0, 1.0],
                [1.0, -1e-06, 0.0, 0.0, -0.0, 0.153355, 0.988171, 0.374726, -1e-06, -0.988171, 0.153355, 0.0, 0.0, 0.0, 0.0, 1.0],
                [1.0, -1e-06, 0.0, -0.0, -0.0, 0.124671, 0.992198, 0.374726, -1e-06, -0.992198, 0.124671, 0.0, 0.0, 0.0, 0.0, 1.0],
                [1.0, -1e-06, 0.0, -0.0, -0.0, 0.126609, 0.991953, 0.374726, -1e-06, -0.991953, 0.126608, 0.0, 0.0, 0.0, 0.0, 1.0],
                [1.0, -1e-06, 0.0, -0.0, -0.0, 0.156593, 0.987663, 0.374726, -1e-06, -0.987663, 0.156593, -0.0, 0.0, 0.0, 0.0, 1.0],
                [1.0, -1e-06, 0.0, -0.0, -0.0, 0.209239, 0.977865, 0.374726, -1e-06, -0.977865, 0.209239, -0.0, 0.0, 0.0, 0.0, 1.0],
                [1.0, -1e-06, 0.0, -0.0, -0.0, 0.277737, 0.960657, 0.374726, -1e-06, -0.960657, 0.277737, 0.0, 0.0, 0.0, 0.0, 1.0],
                [1.0, -1e-06, 0.0, 0.0, -0.0, 0.355863, 0.934538, 0.374726, -1e-06, -0.934538, 0.355863, 0.0, 0.0, 0.0, 0.0, 1.0],
                [1.0, -1e-06, 1e-06, 0.0, -0.0, 0.439988, 0.898004, 0.374726, -1e-06, -0.898004, 0.439988, 0.0, 0.0, 0.0, 0.0, 1.0],
                [1.0, -1e-06, 1e-06, 1e-06, -0.0, 0.527768, 0.849388, 0.374726, -1e-06, -0.849389, 0.527768, 0.0, 0.0, 0.0, 0.0, 1.0],
                [1.0, -1e-06, 1e-06, -1e-06, -0.0, 0.616879, 0.787058, 0.374726, -1e-06, -0.787058, 0.616879, 0.0, 0.0, 0.0, 0.0, 1.0],
                [1.0, -1e-06, 1e-06, 0.0, -0.0, 0.704127, 0.710073, 0.374726, -1e-06, -0.710074, 0.704128, -0.0, 0.0, 0.0, 0.0, 1.0],
                [1.0, -0.0, 1e-06, 0.0, -0.0, 0.784938, 0.619574, 0.374726, -1e-06, -0.619575, 0.784938, 0.0, 0.0, 0.0, 0.0, 1.0],
                [1.0, -0.0, 1e-06, -1e-06, -0.0, 0.853236, 0.521525, 0.374726, -1e-06, -0.521525, 0.853236, 0.0, 0.0, 0.0, 0.0, 1.0],
                [1.0, -0.0, 1e-06, 0.0, -0.0, 0.901711, 0.432338, 0.374726, -1e-06, -0.432338, 0.901712, -0.0, 0.0, 0.0, 0.0, 1.0],
                [1.0, -0.0, 1e-06, 0.0, -0.0, 0.92248, 0.386045, 0.374726, -1e-06, -0.386045, 0.92248, 0.0, 0.0, 0.0, 0.0, 1.0],
                [1.0, -0.0, 1e-06, -0.0, -0.0, 0.90814, 0.418665, 0.374726, -1e-06, -0.418665, 0.908141, -0.0, 0.0, 0.0, 0.0, 1.0],
                [1.0, -0.0, 1e-06, 0.0, -0.0, 0.853139, 0.521683, 0.374726, -1e-06, -0.521683, 0.853139, -0.0, 0.0, 0.0, 0.0, 1.0],
                [1.0, -0.0, 1e-06, -0.0, -0.0, 0.784102, 0.620631, 0.374726, -1e-06, -0.620631, 0.784102, -0.0, 0.0, 0.0, 0.0, 1.0],
                [1.0, -0.0, 1e-06, 0.0, -0.0, 0.728162, 0.685405, 0.374726, -1e-06, -0.685405, 0.728162, -0.0, 0.0, 0.0, 0.0, 1.0],
                [1.0, -0.0, 1e-06, 0.0, -0.0, 0.683273, 0.730163, 0.374726, -1e-06, -0.730163, 0.683274, -0.0, 0.0, 0.0, 0.0, 1.0],
                [1.0, -1e-06, 1e-06, -0.0, -0.0, 0.647706, 0.761891, 0.374726, -1e-06, -0.761891, 0.647706, -0.0, 0.0, 0.0, 0.0, 1.0],
                [1.0, -1e-06, 1e-06, -0.0, -0.0, 0.619996, 0.784605, 0.374726, -1e-06, -0.784605, 0.619996, 0.0, 0.0, 0.0, 0.0, 1.0],
                [1.0, -1e-06, 1e-06, -0.0, -0.0, 0.59889, 0.800831, 0.374726, -1e-06, -0.800832, 0.59889, 0.0, 0.0, 0.0, 0.0, 1.0],
                [1.0, -1e-06, 1e-06, -0.0, -0.0, 0.583302, 0.812255, 0.374726, -1e-06, -0.812256, 0.583302, -0.0, 0.0, 0.0, 0.0, 1.0],
                [1.0, -1e-06, 1e-06, -0.0, -0.0, 0.572277, 0.82006, 0.374726, -1e-06, -0.82006, 0.572277, -0.0, 0.0, 0.0, 0.0, 1.0],
                [1.0, -1e-06, 1e-06, -0.0, -0.0, 0.564954, 0.825122, 0.374726, -1e-06, -0.825122, 0.564954, -0.0, 0.0, 0.0, 0.0, 1.0],
                [1.0, -1e-06, 1e-06, -0.0, -0.0, 0.560539, 0.828128, 0.374726, -1e-06, -0.828128, 0.560539, -0.0, 0.0, 0.0, 0.0, 1.0],
                [1.0, -1e-06, 1e-06, 0.0, -0.0, 0.55828, 0.829653, 0.374726, -1e-06, -0.829653, 0.55828, -0.0, 0.0, 0.0, 0.0, 1.0],
                [1.0, -1e-06, 1e-06, 0.0, -0.0, 0.557448, 0.830212, 0.374726, -1e-06, -0.830212, 0.557448, -0.0, 0.0, 0.0, 0.0, 1.0],
                [1.0, -1e-06, 1e-06, -0.0, -0.0, 0.557329, 0.830292, 0.374726, -1e-06, -0.830292, 0.55733, -0.0, 0.0, 0.0, 0.0, 1.0],
                [1.0, -1e-06, 1e-06, -0.0, -0.0, 0.564658, 0.825325, 0.374726, -1e-06, -0.825325, 0.564657, -0.0, 0.0, 0.0, 0.0, 1.0],
                [1.0, -1e-06, 1e-06, -0.0, -0.0, 0.584824, 0.81116, 0.374726, -1e-06, -0.81116, 0.584824, 0.0, 0.0, 0.0, 0.0, 1.0],
                [1.0, -1e-06, 1e-06, 0.0, -0.0, 0.615283, 0.788306, 0.374726, -1e-06, -0.788306, 0.615284, -0.0, 0.0, 0.0, 0.0, 1.0],
                [1.0, -1e-06, 1e-06, 0.0, -0.0, 0.653453, 0.756967, 0.374726, -1e-06, -0.756967, 0.653453, -0.0, 0.0, 0.0, 0.0, 1.0],
                [1.0, -1e-06, 1e-06, -0.0, -0.0, 0.696464, 0.717591, 0.374726, -1e-06, -0.717592, 0.696464, -0.0, 0.0, 0.0, 0.0, 1.0],
                [1.0, -1e-06, 1e-06, -0.0, -0.0, 0.741012, 0.671491, 0.374726, -1e-06, -0.671491, 0.741012, -0.0, 0.0, 0.0, 0.0, 1.0],
                [1.0, -0.0, 1e-06, 0.0, -0.0, 0.783304, 0.621639, 0.374726, -1e-06, -0.621639, 0.783304, -0.0, 0.0, 0.0, 0.0, 1.0],
                [1.0, -0.0, 1e-06, -0.0, -0.0, 0.819107, 0.573642, 0.374726, -1e-06, -0.573642, 0.819106, -0.0, 0.0, 0.0, 0.0, 1.0],
                [1.0, -0.0, 1e-06, -0.0, -0.0, 0.843901, 0.536498, 0.374726, -1e-06, -0.536498, 0.843902, 0.0, 0.0, 0.0, 0.0, 1.0],
                [1.0, -0.0, 1e-06, -0.0, -0.0, 0.853139, 0.521684, 0.374726, -1e-06, -0.521684, 0.853139, -0.0, 0.0, 0.0, 0.0, 1.0]
            ]
        },
        {
            "name": "Knee_R",
            "time": [0.0, 1.3667],
            "transform": [
                [1.0, 0.0, -0.0, -0.0, -0.0, 0.00567, -0.999984, 0.397168, -0.0, 0.999984, 0.00567, -0.000127, 0.0, 0.0, 0.0, 1.0],
                [1.0, 0.0, -0.0, -0.0, -0.0, 0.00567, -0.999984, 0.376185, -0.0, 0.999984, 0.00567, -8e-06, 0.0, 0.0, 0.0, 1.0]
            ]
        },
        {
            "name": "Thigh_L",
