{
    "animation": [
        {
            "name": "Root",
            "time": [0.0, 0.0167, 0.0333, 0.05, 0.0667, 0.0833, 0.1, 0.1167, 0.1333, 0.15, 0.1667, 0.1833, 0.2, 0.2167, 0.2333, 0.25, 0.2667, 0.2833, 0.3, 0.3167, 0.3333, 0.35, 0.3667, 0.3833, 0.4, 0.4167, 0.4333, 0.45, 0.4667, 0.4833, 0.5, 0.5167, 0.5333, 0.55, 0.5667, 0.5833, 0.6, 0.6167, 0.6333, 0.65, 0.6667, 0.6833, 0.7, 0.7167, 0.7333, 0.75, 0.7667, 0.7833, 0.8, 0.8167, 0.8333, 0.85, 0.8667, 0.8833, 0.9, 0.9167, 0.9333, 0.95, 0.9667, 0.9833, 1.0, 1.0167, 1.0333, 1.05, 1.0667, 1.0833, 1.1, 1.1167, 1.1333, 1.15, 1.1667, 1.1833, 1.2, 1.2167, 1.2333, 1.25, 1.2667, 1.2833, 1.3, 1.3167, 1.3333, 1.35, 1.3667, 1.3833, 1.4, 1.4167, 1.4333, 1.45, 1.4667, 1.4833, 1.5, 1.5167, 1.5333, 1.55, 1.5667, 1.5833, 1.6, 1.6167, 1.6333, 1.65, 1.6667, 1.6833, 1.7, 1.7167, 1.7333, 1.75, 1.7667, 1.7833, 1.8, 1.8167, 1.8333, 1.85, 1.8667, 1.8833, 1.9, 1.9167, 1.9333, 1.95, 1.9667, 1.9833, 2.0, 2.0167, 2.0333, 2.05, 2.0667, 2.0833, 2.1, 2.1167, 2.1333, 2.15, 2.1667, 2.1833, 2.2, 2.2167, 2.2333, 2.25, 2.2667, 2.2833, 2.3, 2.3167, 2.3333, 2.35, 2.3667, 2.3833, 2.4, 2.4167, 2.4333, 2.45, 2.4667],
            "transform": [
                [0.876174, 0.0, 0.481995, -5e-06, 0.481995, 0.0, -0.876174, 0.000946, 0.0, 1.0, 0.0, 0.66998, 0.0, 0.0, 0.0, 1.0],
                [0.877297, 0.000127, 0.479948, -5e-06, 0.479946, 0.002093, -0.877295, 0.000968, -0.001116, 0.999998, 0.001776, 0.668452, 0.0, 0.0, 0.0, 1.0],
                [0.880377, 0.000504, 0.474273, -5e-06, 0.474255, 0.007881, -0.880352, 0.001117, -0.004181, 0.999969, 0.006699, 0.664228, 0.0, 0.0, 0.0, 1.0],
                [0.88496, 0.001144, 0.465665, -5e-06, 0.465584, 0.016621, -0.884847, 0.001521, -0.008752, 0.999861, 0.014176, 0.657847, 0.0, 0.0, 0.0, 1.0],
                [0.890584, 0.002068, 0.454815, -5e-06, 0.454592, 0.027569, -0.890273, 0.002309, -0.01438, 0.999618, 0.023613, 0.649849, 0.0, 0.0, 0.0, 1.0],
                [0.896799, 0.003278, 0.442426, -5e-06, 0.441957, 0.03998, -0.896145, 0.003607, -0.020626, 0.999195, 0.034405, 0.640773, 0.0, 0.0, 0.0, 1.0],
                [0.903187, 0.004748, 0.429221, -5e-06, 0.428393, 0.053103, -0.902031, 0.005544, -0.027076, 0.998578, 0.045928, 0.631157, 0.0, 0.0, 0.0, 1.0],
                [0.909369, 0.00641, 0.415942, -5e-06, 0.414652, 0.066194, -0.907569, 0.008247, -0.033351, 0.997786, 0.057537, 0.621541, 0.0, 0.0, 0.0, 1.0],
                [0.915012, 0.008155, 0.403345, -5e-06, 0.401527, 0.078515, -0.912475, 0.011844, -0.03911, 0.99688, 0.068567, 0.612464, 0.0, 0.0, 0.0, 1.0],
                [0.919827, 0.009833, 0.3922, -5e-06, 0.389843, 0.089336, -0.916538, 0.016463, -0.04405, 0.995953, 0.078341, 0.604466, 0.0, 0.0, 0.0, 1.0],
                [0.923562, 0.011265, 0.383283, -5e-06, 0.380445, 0.097943, -0.919602, 0.022231, -0.0479, 0.995128, 0.086171, 0.598085, 0.0, 0.0, 0.0, 1.0],
                [0.925982, 0.012259, 0.377368, -5e-06, 0.374188, 0.103627, -0.921545, 0.029276, -0.050403, 0.994541, 0.091369, 0.593862, 0.0, 0.0, 0.0, 1.0],
                [0.926847, 0.012628, 0.375227, -5e-06, 0.371918, 0.10568, -0.92223, 0.037726, -0.051299, 0.99432, 0.093252, 0.592334, 0.0, 0.0, 0.0, 1.0],
                [0.92607, 0.012433, 0.377147, 2e-06, 0.373839, 0.105819, -0.921437, 0.050224, -0.051365, 0.994308, 0.093348, 0.595663, 0.0, 0.0, 0.0, 1.0],
                [0.923746, 0.011859, 0.382822, 2.3e-05, 0.379518, 0.106229, -0.919065, 0.069098, -0.051566, 0.994271, 0.093628, 0.605287, 0.0, 0.0, 0.0, 1.0],
                [0.91982, 0.010915, 0.392188, 5.6e-05, 0.38889, 0.106899, -0.915061, 0.094004, -0.051912, 0.99421, 0.094084, 0.620658, 0.0, 0.0, 0.0, 1.0],
                [0.914154, 0.009595, 0.405254, 0.000101, 0.401964, 0.107823, -0.909285, 0.124597, -0.05242, 0.994124, 0.09471, 0.641228, 0.0, 0.0, 0.0, 1.0],
                [0.906516, 0.007883, 0.422098, 0.000158, 0.418817, 0.108993, -0.901506, 0.160532, -0.053112, 0.994011, 0.095503, 0.666451, 0.0, 0.0, 0.0, 1.0],
                [0.896576, 0.005751, 0.442852, 0.000226, 0.439583, 0.110405, -0.891391, 0.201466, -0.054019, 0.99387, 0.096459, 0.695778, 0.0, 0.0, 0.0, 1.0],
                [0.883879, 0.003157, 0.467704, 0.000304, 0.464448, 0.11205, -0.878483, 0.247054, -0.05518, 0.993697, 0.097573, 0.728663, 0.0, 0.0, 0.0, 1.0],
                [0.86782, 4.6e-05, 0.496879, 0.000391, 0.49364, 0.113918, -0.862173, 0.29695, -0.056643, 0.99349, 0.098838, 0.764559, 0.0, 0.0, 0.0, 1.0],
                [0.847599, -0.003656, 0.530625, 0.000488, 0.527406, 0.115992, -0.841658, 0.350811, -0.058471, 0.993243, 0.100243, 0.802917, 0.0, 0.0, 0.0, 1.0],
                [0.822173, -0.008039, 0.569181, 0.000593, 0.565988, 0.118241, -0.81589, 0.408292, -0.060741, 0.992952, 0.101765, 0.843191, 0.0, 0.0, 0.0, 1.0],
                [0.790183, -0.013219, 0.612728, 0.000705, 0.609567, 0.120618, -0.783505, 0.469049, -0.063548, 0.992611, 0.103368, 0.884833, 0.0, 0.0, 0.0, 1.0],
                [0.749873, -0.019335, 0.661299, 0.000825, 0.65818, 0.123044, -0.742738, 0.532737, -0.067008, 0.992213, 0.104993, 0.927296, 0.0, 0.0, 0.0, 1.0],
                [0.69899, -0.026551, 0.714638, 0.00095, 0.711572, 0.125396, -0.691333, 0.599011, -0.071257, 0.991751, 0.106543, 0.970033, 0.0, 0.0, 0.0, 1.0],
                [0.634701, -0.035053, 0.771962, 0.001082, 0.768966, 0.127483, -0.626449, 0.667527, -0.076453, 0.991221, 0.107868, 1.012497, 0.0, 0.0, 0.0, 1.0],
                [0.553541, -0.045035, 0.831603, 0.001219, 0.828699, 0.129016, -0.544621, 0.737941, -0.082764, 0.990619, 0.108736, 1.054139, 0.0, 0.0, 0.0, 1.0],
                [0.451505, -0.056667, 0.890467, 0.00136, 0.887683, 0.129572, -0.441848, 0.809907, -0.090342, 0.989949, 0.108805, 1.094413, 0.0, 0.0, 0.0, 1.0],
                [0.324436, -0.07003, 0.943312, 0.001504, 0.940684, 0.128552, -0.313988, 0.883082, -0.099276, 0.989227, 0.107583, 1.132771, 0.0, 0.0, 0.0, 1.0],
                [0.16896, -0.085009, 0.98195, 0.001652, 0.979522, 0.125167, -0.157706, 0.957121, -0.109501, 0.988487, 0.104416, 1.168667, 0.0, 0.0, 0.0, 1.0],
                [-0.015703, -0.101123, 0.99475, 0.001803, 0.992569, 0.118482, 0.027713, 1.03168, -0.120662, 0.987794, 0.098511, 1.201552, 0.0, 0.0, 0.0, 1.0],
                [-0.224999, -0.117346, 0.967267, 0.001955, 0.965383, 0.107594, 0.237614, 1.106413, -0.131955, 0.987245, 0.089075, 1.230879, 0.0, 0.0, 0.0, 1.0],
                [-0.44613, -0.132014, 0.885179, 0.002109, 0.883626, 0.091998, 0.459067, 1.180976, -0.142038, 0.986969, 0.075608, 1.256102, 0.0, 0.0, 0.0, 1.0],
                [-0.657176, -0.143029, 0.740042, 0.002263, 0.738829, 0.072072, 0.670028, 1.255025, -0.149169, 0.987091, 0.05831, 1.276672, 0.0, 0.0, 0.0, 1.0],
                [-0.831129, -0.148477, 0.535892, 0.002417, 0.534988, 0.049403, 0.843414, 1.328215, -0.151702, 0.987681, 0.038373, 1.292043, 0.0, 0.0, 0.0, 1.0],
                [-0.945066, -0.147466, 0.291725, 0.00257, 0.291061, 0.026551, 0.956336, 1.400203, -0.148772, 0.988711, 0.017829, 1.301666, 0.0, 0.0, 0.0, 1.0],
                [-0.989409, -0.14059, 0.0361, 0.002722, 0.035582, 0.006198, 0.999347, 1.470642, -0.140722, 0.990049, -0.00113, 1.304996, 0.0, 0.0, 0.0, 1.0],
                [-0.970422, -0.129595, -0.203684, 0.002872, -0.204107, -0.010151, 0.978896, 1.539252, -0.128927, 0.991515, -0.0166, 1.30386, 0.0, 0.0, 0.0, 1.0],
                [-0.904466, -0.116422, -0.410352, 0.00302, -0.410688, -0.022202, 0.911506, 1.606003, -0.11523, 0.992952, -0.027732, 1.300529, 0.0, 0.0, 0.0, 1.0],
                [-0.80996, -0.102693, -0.577424, 0.003165, -0.577686, -0.030206, 0.8157, 1.670928, -0.101209, 0.994254, -0.034859, 1.295117, 0.0, 0.0, 0.0, 1.0],
                [-0.702369, -0.089506, -0.706163, 0.003308, -0.706365, -0.034868, 0.706989, 1.734059, -0.087902, 0.995376, -0.038734, 1.287736, 0.0, 0.0, 0.0, 1.0],
                [-0.592507, -0.077455, -0.801833, 0.003449, -0.801986, -0.037005, 0.596195, 1.795431, -0.07585, 0.996309, -0.040192, 1.278501, 0.0, 0.0, 0.0, 1.0],
                [-0.486927, -0.066771, -0.870887, 0.003586, -0.871003, -0.037354, 0.489855, 1.855076, -0.065239, 0.997069, -0.039969, 1.267525, 0.0, 0.0, 0.0, 1.0],
                [-0.389038, -0.057467, -0.919427, 0.003721, -0.919515, -0.036501, 0.391357, 1.913027, -0.05605, 0.99768, -0.038642, 1.254922, 0.0, 0.0, 0.0, 1.0],
                [-0.300223, -0.049444, -0.952586, 0.003852, -0.952652, -0.034881, 0.302055, 1.969318, -0.048162, 0.998168, -0.03663, 1.240806, 0.0, 0.0, 0.0, 1.0],
                [-0.220676, -0.042555, -0.974419, 0.003981, -0.974468, -0.032802, 0.222119, 2.023981, -0.041415, 0.998556, -0.03423, 1.22529, 0.0, 0.0, 0.0, 1.0],
                [-0.149957, -0.036647, -0.988013, 0.004106, -0.98805, -0.030474, 0.151093, 2.077049, -0.035646, 0.998863, -0.031639, 1.208488, 0.0, 0.0, 0.0, 1.0],
                [-0.087339, -0.031574, -0.995678, 0.004227, -0.995705, -0.02804, 0.088231, 2.128556, -0.030705, 0.999108, -0.028989, 1.190514, 0.0, 0.0, 0.0, 1.0],
                [-0.031995, -0.027209, -0.999118, 0.004344, -0.999138, -0.025594, 0.032692, 2.178535, -0.026461, 0.999302, -0.026366, 1.171481, 0.0, 0.0, 0.0, 1.0],
                [0.016898, -0.02344, -0.999582, 0.004458, -0.999597, -0.023196, -0.016354, 2.227018, -0.022803, 0.999456, -0.023823, 1.151503, 0.0, 0.0, 0.0, 1.0],
                [0.060102, -0.020177, -0.997988, 0.004568, -0.997999, -0.020885, -0.059681, 2.27404, -0.019638, 0.999578, -0.021392, 1.130694, 0.0, 0.0, 0.0, 1.0],
                [0.098304, -0.017341, -0.995005, 0.004673, -0.995013, -0.018682, -0.097979, 2.319632, -0.01689, 0.999675, -0.019091, 1.109167, 0.0, 0.0, 0.0, 1.0],
                [0.132107, -0.014869, -0.991124, 0.004774, -0.99113, -0.016602, -0.131859, 2.363828, -0.014494, 0.999752, -0.01693, 1.087036, 0.0, 0.0, 0.0, 1.0],
                [0.162037, -0.012707, -0.986703, 0.004871, -0.986707, -0.014651, -0.161849, 2.406662, -0.0124, 0.999812, -0.014912, 1.064414, 0.0, 0.0, 0.0, 1.0],
                [0.188545, -0.010813, -0.982005, 0.004963, -0.982008, -0.012831, -0.188404, 2.448165, -0.010563, 0.999859, -0.013037, 1.041416, 0.0, 0.0, 0.0, 1.0],
                [0.212018, -0.00915, -0.977223, 0.00505, -0.977225, -0.011142, -0.211915, 2.488372, -0.00895, 0.999896, -0.011304, 1.018155, 0.0, 0.0, 0.0, 1.0],
                [0.232789, -0.007688, -0.972497, 0.005133, -0.972498, -0.009582, -0.232714, 2.527315, -0.00753, 0.999925, -0.009707, 0.994745, 0.0, 0.0, 0.0, 1.0],
                [0.25114, -0.006403, -0.967929, 0.00521, -0.96793, -0.008149, -0.251086, 2.565028, -0.00628, 0.999946, -0.008244, 0.971299, 0.0, 0.0, 0.0, 1.0],
                [0.267313, -0.005274, -0.963595, 0.005281, -0.963596, -0.006839, -0.267276, 2.601543, -0.005181, 0.999963, -0.00691, 0.94793, 0.0, 0.0, 0.0, 1.0],
                [0.281512, -0.004285, -0.959548, 0.005348, -0.959548, -0.00565, -0.281487, 2.636894, -0.004215, 0.999975, -0.005702, 0.924754, 0.0, 0.0, 0.0, 1.0],
                [0.293912, -0.003421, -0.955826, 0.005409, -0.955826, -0.004578, -0.293896, 2.671114, -0.003371, 0.999984, -0.004615, 0.901883, 0.0, 0.0, 0.0, 1.0],
                [0.304662, -0.002671, -0.952457, 0.005464, -0.952457, -0.003622, -0.304652, 2.704236, -0.002636, 0.99999, -0.003647, 0.879431, 0.0, 0.0, 0.0, 1.0],
                [0.313885, -0.002026, -0.949459, 0.005513, -0.949459, -0.002779, -0.313879, 2.736292, -0.002003, 0.999994, -0.002796, 0.857512, 0.0, 0.0, 0.0, 1.0],
                [0.321685, -0.001478, -0.946846, 0.005556, -0.946846, -0.002048, -0.321682, 2.767317, -0.001464, 0.999997, -0.002059, 0.836238, 0.0, 0.0, 0.0, 1.0],
                [0.328148, -0.001022, -0.944626, 0.005593, -0.944626, -0.001428, -0.328146, 2.797342, -0.001014, 0.999998, -0.001434, 0.815725, 0.0, 0.0, 0.0, 1.0],
                [0.333345, -0.000653, -0.942805, 0.005623, -0.942805, -0.000919, -0.333344, 2.826402, -0.000648, 0.999999, -0.000922, 0.796086, 0.0, 0.0, 0.0, 1.0],
                [0.337331, -0.000367, -0.941386, 0.005647, -0.941386, -0.00052, -0.337331, 2.854529, -0.000365, 1.0, -0.000521, 0.777434, 0.0, 0.0, 0.0, 1.0],
                [0.340148, -0.000164, -0.940372, 0.005665, -0.940372, -0.000233, -0.340148, 2.881756, -0.000163, 1.0, -0.000233, 0.759883, 0.0, 0.0, 0.0, 1.0],
                [0.341826, -4.1e-05, -0.939763, 0.005675, -0.939763, -5.9e-05, -0.341826, 2.908117, -4.1e-05, 1.0, -5.9e-05, 0.743547, 0.0, 0.0, 0.0, 1.0],
                [0.342384, -0.0, -0.93956, 0.005679, -0.93956, 0.0, -0.342384, 2.933644, 0.0, 1.0, 0.0, 0.728539, 0.0, 0.0, 0.0, 1.0],
                [0.342384, 0.0, -0.93956, 0.005679, -0.93956, 0.0, -0.342384, 2.958337, 0.0, 1.0, 0.0, 0.714945, 0.0, 0.0, 0.0, 1.0],
                [0.342384, 0.0, -0.93956, 0.005679, -0.93956, -0.0, -0.342384, 2.982055, -0.0, 1.0, -0.0, 0.702741, 0.0, 0.0, 0.0, 1.0],
                [0.342384, -0.0, -0.93956, 0.005679, -0.93956, 0.0, -0.342384, 3.004624, 0.0, 1.0, -0.0, 0.691874, 0.0, 0.0, 0.0, 1.0],
                [0.342384, 0.0, -0.93956, 0.005679, -0.93956, 0.0, -0.342384, 3.02587, -0.0, 1.0, 0.0, 0.682291, 0.0, 0.0, 0.0, 1.0],
                [0.342384, 0.0, -0.93956, 0.005679, -0.93956, 0.0, -0.342384, 3.045619, 0.0, 1.0, 0.0, 0.67394, 0.0, 0.0, 0.0, 1.0],
                [0.342384, -0.0, -0.93956, 0.005679, -0.93956, -0.0, -0.342384, 3.063697, -0.0, 1.0, -0.0, 0.666768, 0.0, 0.0, 0.0, 1.0],
                [0.342384, 0.0, -0.93956, 0.005679, -0.93956, 0.0, -0.342384, 3.07993, 0.0, 1.0, 0.0, 0.660723, 0.0, 0.0, 0.0, 1.0],
                [0.342384, -0.0, -0.93956, 0.005679, -0.93956, -0.0, -0.342384, 3.094143, -0.0, 1.0, -0.0, 0.655753, 0.0, 0.0, 0.0, 1.0],
                [0.342384, 0.0, -0.93956, 0.005679, -0.93956, 0.0, -0.342384, 3.106163, 0.0, 1.0, 0.0, 0.651803, 0.0, 0.0, 0.0, 1.0],
                [0.342384, -0.0, -0.93956, 0.005679, -0.93956, -0.0, -0.342384, 3.115814, -0.0, 1.0, -0.0, 0.648823, 0.0, 0.0, 0.0, 1.0],
                [0.342384, 0.0, -0.93956, 0.005679, -0.93956, 0.0, -0.342384, 3.122924, 0.0, 1.0, 0.0, 0.64676, 0.0, 0.0, 0.0, 1.0],
                [0.342384, -0.0, -0.93956, 0.005679, -0.93956, -0.0, -0.342384, 3.127318, -0.0, 1.0, -0.0, 0.64556, 0.0, 0.0, 0.0, 1.0],
                [0.342384, 0.0, -0.93956, 0.005679, -0.93956, 0.0, -0.342384, 3.128821, 0.0, 1.0, 0.0, 0.645172, 0.0, 0.0, 0.0, 1.0],
                [0.342384, -0.0, -0.93956, 0.005679, -0.93956, -0.0, -0.342384, 3.124295, -0.0, 1.0, -0.0, 0.647314, 0.0, 0.0, 0.0, 1.0],
                [0.342384, 0.0, -0.93956, 0.005679, -0.93956, 0.0, -0.342384, 3.111861, 0.0, 1.0, 0.0, 0.653157, 0.0, 0.0, 0.0, 1.0],
                [0.342384, -0.0, -0.93956, 0.005679, -0.93956, -0.0, -0.342384, 3.093235, -0.0, 1.0, -0.0, 0.661831, 0.0, 0.0, 0.0, 1.0],
                [0.342384, 0.0, -0.93956, 0.005679, -0.93956, 0.0, -0.342384, 3.070134, 0.0, 1.0, 0.0, 0.672463, 0.0, 0.0, 0.0, 1.0],
                [0.342384, -0.0, -0.93956, 0.005679, -0.93956, -0.0, -0.342384, 3.044273, -0.0, 1.0, -0.0, 0.68418, 0.0, 0.0, 0.0, 1.0],
                [0.342384, 0.0, -0.93956, 0.005679, -0.93956, 0.0, -0.342384, 3.017369, 0.0, 1.0, 0.0, 0.696112, 0.0, 0.0, 0.0, 1.0],
                [0.342384, -0.0, -0.93956, 0.005679, -0.93956, -0.0, -0.342384, 2.991138, -0.0, 1.0, -0.0, 0.707386, 0.0, 0.0, 0.0, 1.0],
                [0.342384, 0.0, -0.93956, 0.005679, -0.93956, 0.0, -0.342384, 2.967296, 0.0, 1.0, 0.0, 0.71713, 0.0, 0.0, 0.0, 1.0],
                [0.342384, -0.0, -0.93956, 0.005679, -0.93956, -0.0, -0.342384, 2.947559, -0.0, 1.0, -0.0, 0.724471, 0.0, 0.0, 0.0, 1.0],
                [0.342384, 0.0, -0.93956, 0.005679, -0.93956, 0.0, -0.342384, 2.933644, 0.0, 1.0, 0.0, 0.728539, 0.0, 0.0, 0.0, 1.0],
                [0.343542, -5.7e-05, -0.939137, 0.005679, -0.939137, -0.000174, -0.343542, 2.923401, -0.000143, 1.0, -0.000114, 0.73064, 0.0, 0.0, 0.0, 1.0],
                [0.346961, -0.000226, -0.93788, 0.005679, -0.93788, -0.000687, -0.34696, 2.91353, -0.000566, 1.0, -0.00045, 0.732665, 0.0, 0.0, 0.0, 1.0],
                [0.352554, -0.000498, -0.935791, 0.005679, -0.93579, -0.001529, -0.352553, 2.904024, -0.001255, 0.999999, -0.001005, 0.734615, 0.0, 0.0, 0.0, 1.0],
                [0.360236, -0.000864, -0.932861, 0.005679, -0.932859, -0.002691, -0.360233, 2.894877, -0.002199, 0.999996, -0.001775, 0.736491, 0.0, 0.0, 0.0, 1.0],
                [0.369919, -0.001313, -0.929063, 0.005679, -0.929058, -0.004165, -0.369911, 2.886082, -0.003384, 0.99999, -0.002761, 0.738295, 0.0, 0.0, 0.0, 1.0],
                [0.381514, -0.001833, -0.924361, 0.005679, -0.924351, -0.005945, -0.381498, 2.877632, -0.004796, 0.999981, -0.003963, 0.740029, 0.0, 0.0, 0.0, 1.0],
                [0.394928, -0.002411, -0.918709, 0.005679, -0.91869, -0.008023, -0.394899, 2.86952, -0.006419, 0.999965, -0.005383, 0.741693, 0.0, 0.0, 0.0, 1.0],
                [0.410065, -0.003029, -0.912051, 0.005679, -0.912019, -0.010394, -0.410016, 2.861739, -0.008237, 0.999941, -0.007025, 0.743289, 0.0, 0.0, 0.0, 1.0],
                [0.426822, -0.003674, -0.904328, 0.005679, -0.904278, -0.01305, -0.426745, 2.854282, -0.010234, 0.999908, -0.008892, 0.744818, 0.0, 0.0, 0.0, 1.0],
                [0.445093, -0.004325, -0.895474, 0.005679, -0.895398, -0.015986, -0.444978, 2.847142, -0.01239, 0.999863, -0.010988, 0.746283, 0.0, 0.0, 0.0, 1.0],
                [0.464762, -0.004967, -0.885421, 0.005679, -0.885314, -0.019194, -0.464598, 2.840312, -0.014687, 0.999803, -0.013317, 0.747684, 0.0, 0.0, 0.0, 1.0],
                [0.485707, -0.005578, -0.874104, 0.005679, -0.873954, -0.022666, -0.485479, 2.833786, -0.017104, 0.999728, -0.015884, 0.749022, 0.0, 0.0, 0.0, 1.0],
                [0.507798, -0.00614, -0.861454, 0.005679, -0.861252, -0.026392, -0.507491, 2.827557, -0.019619, 0.999633, -0.01869, 0.7503, 0.0, 0.0, 0.0, 1.0],
                [0.530896, -0.006633, -0.847411, 0.005679, -0.847146, -0.030363, -0.530493, 2.821618, -0.022211, 0.999517, -0.021739, 0.751519, 0.0, 0.0, 0.0, 1.0],
                [0.554854, -0.007037, -0.831918, 0.005679, -0.831577, -0.034566, -0.554334, 2.815961, -0.024855, 0.999378, -0.025031, 0.752679, 0.0, 0.0, 0.0, 1.0],
                [0.579516, -0.007331, -0.814928, 0.005679, -0.814496, -0.038987, -0.578858, 2.81058, -0.027528, 0.999213, -0.028565, 0.753783, 0.0, 0.0, 0.0, 1.0],
                [0.604718, -0.007497, -0.796404, 0.005679, -0.795867, -0.043612, -0.603899, 2.805468, -0.030205, 0.99902, -0.032339, 0.754831, 0.0, 0.0, 0.0, 1.0],
                [0.630292, -0.007516, -0.776322, 0.005679, -0.775662, -0.048421, -0.629288, 2.800618, -0.032861, 0.998799, -0.036349, 0.755826, 0.0, 0.0, 0.0, 1.0],
                [0.656062, -0.00737, -0.754671, 0.005679, -0.753873, -0.053396, -0.654846, 2.796023, -0.03547, 0.998546, -0.040587, 0.756769, 0.0, 0.0, 0.0, 1.0],
                [0.681849, -0.007045, -0.731459, 0.005679, -0.730505, -0.058515, -0.680396, 2.791677, -0.038008, 0.998262, -0.045045, 0.75766, 0.0, 0.0, 0.0, 1.0],
                [0.707474, -0.006526, -0.706709, 0.005679, -0.70558, -0.063755, -0.705756, 2.787572, -0.04045, 0.997944, -0.04971, 0.758502, 0.0, 0.0, 0.0, 1.0],
                [0.732759, -0.005802, -0.680464, 0.005679, -0.679143, -0.069091, -0.730747, 2.783701, -0.042774, 0.997593, -0.054568, 0.759296, 0.0, 0.0, 0.0, 1.0],
                [0.757527, -0.004864, -0.652786, 0.005679, -0.651255, -0.074498, -0.755194, 2.780059, -0.044958, 0.997209, -0.059602, 0.760044, 0.0, 0.0, 0.0, 1.0],
                [0.781608, -0.003706, -0.623758, 0.005679, -0.621998, -0.079948, -0.778927, 2.776637, -0.046982, 0.996792, -0.064793, 0.760746, 0.0, 0.0, 0.0, 1.0],
                [0.804845, -0.002325, -0.593481, 0.005679, -0.591474, -0.085413, -0.801788, 2.773428, -0.048827, 0.996343, -0.070119, 0.761404, 0.0, 0.0, 0.0, 1.0],
                [0.827087, -0.000721, -0.562073, 0.005679, -0.559802, -0.090865, -0.823629, 2.770427, -0.050479, 0.995863, -0.075557, 0.762019, 0.0, 0.0, 0.0, 1.0],
                [0.848202, 0.001102, -0.529672, 0.005679, -0.527122, -0.096276, -0.844319, 2.767625, -0.051925, 0.995354, -0.08108, 0.762594, 0.0, 0.0, 0.0, 1.0],
                [0.868072, 0.003138, -0.496428, 0.005679, -0.493584, -0.101618, -0.863741, 2.765017, -0.053156, 0.994818, -0.086663, 0.763129, 0.0, 0.0, 0.0, 1.0],
                [0.8866, 0.005375, -0.462505, 0.005679, -0.459354, -0.106866, -0.881801, 2.762595, -0.054166, 0.994259, -0.092278, 0.763626, 0.0, 0.0, 0.0, 1.0],
                [0.903708, 0.007802, -0.428079, 0.005679, -0.424609, -0.111994, -0.898424, 2.760352, -0.054952, 0.993678, -0.097897, 0.764086, 0.0, 0.0, 0.0, 1.0],
                [0.919339, 0.010403, -0.39333, 0.005679, -0.389531, -0.11698, -0.913554, 2.758282, -0.055515, 0.99308, -0.103492, 0.764511, 0.0, 0.0, 0.0, 1.0],
                [0.933458, 0.013158, -0.358445, 0.005679, -0.35431, -0.121801, -0.927162, 2.756377, -0.055859, 0.992467, -0.109034, 0.764901, 0.0, 0.0, 0.0, 1.0],
                [0.946054, 0.016047, -0.323612, 0.005679, -0.319135, -0.126441, -0.939237, 2.754631, -0.05599, 0.991844, -0.114498, 0.76526, 0.0, 0.0, 0.0, 1.0],
                [0.957134, 0.019049, -0.289017, 0.005679, -0.284194, -0.130882, -0.949791, 2.753036, -0.055919, 0.991215, -0.119858, 0.765587, 0.0, 0.0, 0.0, 1.0],
                [0.966729, 0.022138, -0.254842, 0.005679, -0.249673, -0.135111, -0.958858, 2.751587, -0.055659, 0.990583, -0.125089, 0.765884, 0.0, 0.0, 0.0, 1.0],
                [0.974886, 0.025289, -0.221264, 0.005679, -0.215749, -0.139119, -0.966487, 2.750275, -0.055224, 0.989953, -0.130169, 0.766153, 0.0, 0.0, 0.0, 1.0],
                [0.981669, 0.028479, -0.188452, 0.005679, -0.182594, -0.142897, -0.972749, 2.749095, -0.054632, 0.989328, -0.135077, 0.766395, 0.0, 0.0, 0.0, 1.0],
                [0.98716, 0.03168, -0.156563, 0.005679, -0.150367, -0.14644, -0.977725, 2.748038, -0.053901, 0.988712, -0.139796, 0.766612, 0.0, 0.0, 0.0, 1.0],
                [0.99145, 0.034867, -0.125744, 0.005679, -0.119218, -0.149745, -0.981511, 2.747099, -0.053051, 0.98811, -0.144308, 0.766805, 0.0, 0.0, 0.0, 1.0],
                [0.994642, 0.038014, -0.096133, 0.005679, -0.089284, -0.152813, -0.984214, 2.74627, -0.052104, 0.987524, -0.1486, 0.766975, 0.0, 0.0, 0.0, 1.0],
                [0.996849, 0.041098, -0.067852, 0.005679, -0.060693, -0.155645, -0.985947, 2.745545, -0.051081, 0.986958, -0.15266, 0.767123, 0.0, 0.0, 0.0, 1.0],
                [0.998185, 0.044094, -0.041016, 0.005679, -0.033559, -0.158244, -0.98683, 2.744916, -0.050003, 0.986415, -0.156477, 0.767252, 0.0, 0.0, 0.0, 1.0],
                [0.998772, 0.046979, -0.015724, 0.005679, -0.007983, -0.160615, -0.986985, 2.744377, -0.048893, 0.985899, -0.160042, 0.767363, 0.0, 0.0, 0.0, 1.0],
                [0.998731, 0.049732, 0.007932, 0.005679, 0.01594, -0.162763, -0.986536, 2.743921, -0.047771, 0.985411, -0.16335, 0.767457, 0.0, 0.0, 0.0, 1.0],
                [0.998183, 0.052332, 0.02987, 0.005679, 0.038128, -0.164697, -0.985607, 2.74354, -0.046659, 0.984955, -0.166393, 0.767535, 0.0, 0.0, 0.0, 1.0],
                [0.997246, 0.054759, 0.050016, 0.005679, 0.058506, -0.166421, -0.984318, 2.743229, -0.045577, 0.984533, -0.169167, 0.767599, 0.0, 0.0, 0.0, 1.0],
                [0.996035, 0.056996, 0.068303, 0.005679, 0.077004, -0.167945, -0.982784, 2.742979, -0.044544, 0.984147, -0.171668, 0.76765, 0.0, 0.0, 0.0, 1.0],
                [0.994659, 0.059024, 0.084668, 0.005679, 0.09356, -0.169274, -0.981118, 2.742785, -0.043578, 0.9838, -0.173893, 0.76769, 0.0, 0.0, 0.0, 1.0],
                [0.993221, 0.060828, 0.099052, 0.005679, 0.108113, -0.170416, -0.979423, 2.742639, -0.042697, 0.983493, -0.175837, 0.767719, 0.0, 0.0, 0.0, 1.0],
                [0.991816, 0.062392, 0.111397, 0.005679, 0.120603, -0.171376, -0.977796, 2.742534, -0.041916, 0.983228, -0.177498, 0.767741, 0.0, 0.0, 0.0, 1.0],
                [0.990527, 0.063702, 0.121645, 0.005679, 0.130972, -0.172159, -0.976324, 2.742464, -0.041251, 0.983007, -0.178871, 0.767755, 0.0, 0.0, 0.0, 1.0],
                [0.989433, 0.064743, 0.129735, 0.005679, 0.139158, -0.172768, -0.975083, 2.742421, -0.040716, 0.982832, -0.179952, 0.767764, 0.0, 0.0, 0.0, 1.0],
                [0.988596, 0.065502, 0.135603, 0.005679, 0.145096, -0.173205, -0.974139, 2.7424, -0.040321, 0.982705, -0.180733, 0.767769, 0.0, 0.0, 0.0, 1.0],
                [0.988067, 0.065966, 0.139181, 0.005679, 0.148717, -0.173469, -0.973546, 2.742392, -0.040078, 0.982628, -0.181209, 0.76777, 0.0, 0.0, 0.0, 1.0],
                [0.987885, 0.066124, 0.140392, 0.005679, 0.149943, -0.173558, -0.973342, 2.742391, -0.039995, 0.982601, -0.18137, 0.76777, 0.0, 0.0, 0.0, 1.0]
            ]
        },
        {
            "name": "Thigh_R",
            "time": [0.0, 0.0167, 0.0333, 0.05, 0.0667, 0.0833, 0.1, 0.1167, 0.1333, 0.15, 0.1667, 0.1833, 0.2, 0.2167, 0.2333, 0.25, 0.2667, 0.2833, 0.3, 0.3167, 0.3333, 0.35, 0.3667, 0.3833, 0.4, 0.4167, 0.4333, 0.45, 0.4667, 0.4833, 0.5, 0.5167, 0.5333, 0.55, 0.5667, 0.5833, 0.6, 0.6167, 0.6333, 0.65, 0.6667, 0.6833, 0.7, 0.7167, 0.7333, 0.75, 0.7667, 0.7833, 0.8, 0.8167, 0.8333, 0.85, 0.8667, 0.8833, 0.9, 0.9167, 0.9333, 0.95, 0.9667, 0.9833, 1.0, 1.0167, 1.0333, 1.05, 1.0667, 1.0833, 1.1, 1.1167, 1.1333, 1.15, 1.1667, 1.1833, 1.2, 1.2167, 1.2333, 1.25, 1.2667, 1.2833, 1.3, 1.3167, 1.3333, 1.35, 1.3667, 1.3833, 1.4, 1.4167, 1.4333, 1.45, 1.4667, 1.4833, 1.5, 1.5167, 1.5333, 1.55, 1.5667, 1.5833, 1.6, 1.6167, 1.6333, 1.65, 1.6667, 1.6833, 1.7, 1.7167, 1.7333, 1.75, 1.7667, 1.7833, 1.8, 1.8167, 1.8333, 1.85, 1.8667, 1.8833, 1.9, 1.9167, 1.9333, 1.95, 1.9667, 1.9833, 2.0, 2.0167, 2.0333, 2.05, 2.0667, 2.0833, 2.1, 2.1167, 2.1333, 2.15, 2.1667, 2.1833, 2.2, 2.2167, 2.2333, 2.25, 2.2667, 2.2833, 2.3, 2.3167, 2.3333, 2.35, 2.3667, 2.3833, 2.4, 2.4167, 2.4333, 2.45, 2.4667],
            "transform": [
                [0.728324, 0.526963, 0.438012, 0.124994, 0.264558, -0.8059, 0.529656, -0.002831, 0.632102, -0.269882, -0.726368, -1.2e-05, 0.0, 0.0, 0.0, 1.0],
                [0.730068, 0.529993, 0.431402, 0.124994, 0.264837, -0.801378, 0.536334, -0.002831, 0.62997, -0.27731, -0.725422, -1.2e-05, 0.0, 0.0, 0.0, 1.0],
                [0.734856, 0.537813, 0.413213, 0.124994, 0.265701, -0.788844, 0.554192, -0.002831, 0.624012, -0.29746, -0.722584, -1.2e-05, 0.0, 0.0, 0.0, 1.0],
                [0.741971, 0.548196, 0.385952, 0.124994, 0.267239, -0.769798, 0.57965, -0.002831, 0.614867, -0.326943, -0.717668, -1.2e-05, 0.0, 0.0, 0.0, 1.0],
                [0.750678, 0.559006, 0.352128, 0.124994, 0.269557, -0.745759, 0.609247, -0.002831, 0.603176, -0.36243, -0.710509, -1.2e-05, 0.0, 0.0, 0.0, 1.0],
                [0.76025, 0.568589, 0.314209, 0.124994, 0.272726, -0.718336, 0.640011, -0.002831, 0.589611, -0.400876, -0.701184, -1.2e-05, 0.0, 0.0, 0.0, 1.0],
                [0.770009, 0.575913, 0.274609, 0.124994, 0.276741, -0.689273, 0.669565, -0.002831, 0.574892, -0.439576, -0.690125, -1.2e-05, 0.0, 0.0, 0.0, 1.0],
                [0.779354, 0.580567, 0.235688, 0.124994, 0.28149, -0.660462, 0.696098, -0.002831, 0.559795, -0.476163, -0.678158, -1.2e-05, 0.0, 0.0, 0.0, 1.0],
                [0.787779, 0.582673, 0.199739, 0.124994, 0.28675, -0.633913, 0.718282, -0.002831, 0.545141, -0.508572, -0.666465, -1.2e-05, 0.0, 0.0, 0.0, 1.0],
                [0.794881, 0.582758, 0.168989, 0.124994, 0.292181, -0.611713, 0.735145, -0.002831, 0.531784, -0.534977, -0.65651, -1.2e-05, 0.0, 0.0, 0.0, 1.0],
                [0.800351, 0.581582, 0.145603, 0.124994, 0.297359, -0.595962, 0.745928, -0.002831, 0.520592, -0.553708, -0.649917, -1.2e-05, 0.0, 0.0, 0.0, 1.0],
                [0.803948, 0.579934, 0.131698, 0.124994, 0.301819, -0.588698, 0.749893, -0.002831, 0.512419, -0.563127, -0.648318, -1.2e-05, 0.0, 0.0, 0.0, 1.0],
                [0.805449, 0.578372, 0.129375, 0.124994, 0.305124, -0.591813, 0.746094, -0.002831, 0.508086, -0.561465, -0.653151, -1.2e-05, 0.0, 0.0, 0.0, 1.0],
                [0.804779, 0.575654, 0.144751, 0.124994, 0.303579, -0.608727, 0.733001, -0.002831, 0.510069, -0.545961, -0.664648, -1.2e-05, 0.0, 0.0, 0.0, 1.0],
                [0.802549, 0.568958, 0.179446, 0.124994, 0.294946, -0.639856, 0.709642, -0.002831, 0.518575, -0.516596, -0.681328, -1.2e-05, 0.0, 0.0, 0.0, 1.0],
                [0.799369, 0.555599, 0.228734, 0.124994, 0.281003, -0.682192, 0.67502, -0.002831, 0.53108, -0.475316, -0.701448, -1.2e-05, 0.0, 0.0, 0.0, 1.0],
                [0.795788, 0.53282, 0.287794, 0.124994, 0.263172, -0.732301, 0.628073, -0.002831, 0.545401, -0.424074, -0.72298, -1.2e-05, 0.0, 0.0, 0.0, 1.0],
                [0.792418, 0.498371, 0.351711, 0.124994, 0.242346, -0.78636, 0.568249, -0.002831, 0.55977, -0.365055, -0.743903, -1.2e-05, 0.0, 0.0, 0.0, 1.0],
                [0.789984, 0.450883, 0.415486, 0.124994, 0.218862, -0.840381, 0.495842, -0.002831, 0.572733, -0.300774, -0.762569, -1.2e-05, 0.0, 0.0, 0.0, 1.0],
                [0.789347, 0.39011, 0.474072, 0.124994, 0.192566, -0.890523, 0.412174, -0.002831, 0.582965, -0.234059, -0.778054, -1.2e-05, 0.0, 0.0, 0.0, 1.0],
                [0.791524, 0.317135, 0.522412, 0.124994, 0.162907, -0.933379, 0.319789, -0.002831, 0.589025, -0.168016, -0.790456, -1.2e-05, 0.0, 0.0, 0.0, 1.0],
                [0.797712, 0.234705, 0.55549, 0.124994, 0.129039, -0.966251, 0.222953, -0.002831, 0.589071, -0.106173, -0.801076, -1.2e-05, 0.0, 0.0, 0.0, 1.0],
                [0.809262, 0.148043, 0.568488, 0.124994, 0.089973, -0.987543, 0.12909, -0.002831, 0.580518, -0.053319, -0.8125, -1.2e-05, 0.0, 0.0, 0.0, 1.0],
                [0.827515, 0.066775, 0.557459, 0.124994, 0.04489, -0.997593, 0.052859, -0.002831, 0.559647, -0.018718, -0.82852, -1.2e-05, 0.0, 0.0, 0.0, 1.0],
                [0.853566, 0.015914, 0.520742, 0.124994, -0.004927, -0.999242, 0.038612, -0.002831, 0.520962, -0.035523, -0.85284, -1.2e-05, 0.0, 0.0, 0.0, 1.0],
                [0.887253, 0.002573, 0.461275, 0.124994, -0.052774, -0.992853, 0.107046, -0.002831, 0.458254, -0.11932, -0.880776, -1.2e-05, 0.0, 0.0, 0.0, 1.0],
                [0.92674, 0.003755, 0.375684, 0.124994, -0.087448, -0.97033, 0.225415, -0.002831, 0.365384, -0.241754, -0.898916, -1.2e-05, 0.0, 0.0, 0.0, 1.0],
                [0.966445, 0.003608, 0.256846, 0.124994, -0.093395, -0.926533, 0.364436, -0.002831, 0.239291, -0.376196, -0.895107, -1.2e-05, 0.0, 0.0, 0.0, 1.0],
                [0.994482, -0.003506, 0.104845, 0.124994, -0.055411, -0.866197, 0.496621, -0.002831, 0.089075, -0.499691, -0.861612, -1.2e-05, 0.0, 0.0, 0.0, 1.0],
                [0.99811, -0.009372, -0.060735, 0.124994, 0.028462, -0.80542, 0.59202, -0.002831, -0.054465, -0.59263, -0.803631, -1.2e-05, 0.0, 0.0, 0.0, 1.0],
                [0.979164, 0.0088, -0.202882, 0.124994, 0.137735, -0.762913, 0.631659, -0.002831, -0.149223, -0.646441, -0.748229, -1.2e-05, 0.0, 0.0, 0.0, 1.0],
                [0.954727, 0.07237, -0.288546, 0.124994, 0.243759, -0.746313, 0.619353, -0.002831, -0.170523, -0.661649, -0.730166, -1.2e-05, 0.0, 0.0, 0.0, 1.0],
                [0.936541, 0.184251, -0.298231, 0.124994, 0.329842, -0.751263, 0.571671, -0.002831, -0.11872, -0.633763, -0.764363, -1.2e-05, 0.0, 0.0, 0.0, 1.0],
                [0.919579, 0.325315, -0.22033, 0.124994, 0.392866, -0.769293, 0.50383, -0.002831, -0.005595, -0.549872, -0.83523, -1.2e-05, 0.0, 0.0, 0.0, 1.0],
                [0.886939, 0.458716, -0.054028, 0.124994, 0.435811, -0.792378, 0.426855, -0.002831, 0.152995, -0.402141, -0.902704, -1.2e-05, 0.0, 0.0, 0.0, 1.0],
                [0.820467, 0.543018, 0.178788, 0.124994, 0.462455, -0.814263, 0.350871, -0.002831, 0.33611, -0.205197, -0.919197, -1.2e-05, 0.0, 0.0, 0.0, 1.0],
                [0.710907, 0.555312, 0.431556, 0.124994, 0.474873, -0.831642, 0.287867, -0.002831, 0.518755, 0.000288, -0.854922, -1.2e-05, 0.0, 0.0, 0.0, 1.0],
                [0.562105, 0.508663, 0.65215, 0.124994, 0.472414, -0.844687, 0.251652, -0.00283, 0.678869, 0.16663, -0.715102, -1.2e-05, 0.0, 0.0, 0.0, 1.0],
                [0.395628, 0.441508, 0.805325, 0.124994, 0.459815, -0.854276, 0.242453, -0.002831, 0.795015, 0.274379, -0.540987, -1.2e-05, 0.0, 0.0, 0.0, 1.0],
                [0.240319, 0.384876, 0.891132, 0.124994, 0.442523, -0.860528, 0.25232, -0.00283, 0.863957, 0.333709, -0.377118, -1.2e-05, 0.0, 0.0, 0.0, 1.0],
                [0.111092, 0.35489, 0.928284, 0.124994, 0.419123, -0.863667, 0.280027, -0.002831, 0.901107, 0.357957, -0.244689, -1.2e-05, 0.0, 0.0, 0.0, 1.0],
                [0.015243, 0.355628, 0.934503, 0.124994, 0.388847, -0.863151, 0.322132, -0.002831, 0.921176, 0.358469, -0.151441, -1.2e-05, 0.0, 0.0, 0.0, 1.0],
                [-0.043321, 0.384938, 0.921925, 0.124994, 0.351697, -0.857847, 0.374709, -0.002831, 0.935111, 0.340471, -0.098219, -1.2e-05, 0.0, 0.0, 0.0, 1.0],
                [-0.060234, 0.438206, 0.896854, 0.124994, 0.30877, -0.846239, 0.434213, -0.002831, 0.949227, 0.303076, -0.084332, -1.2e-05, 0.0, 0.0, 0.0, 1.0],
                [-0.028176, 0.508763, 0.860445, 0.124994, 0.262961, -0.826696, 0.497418, -0.002831, 0.964395, 0.240279, -0.110492, -1.2e-05, 0.0, 0.0, 0.0, 1.0],
                [0.063145, 0.585338, 0.808327, 0.124994, 0.220156, -0.79816, 0.560777, -0.002831, 0.973418, 0.142549, -0.179265, -1.2e-05, 0.0, 0.0, 0.0, 1.0],
                [0.220265, 0.64787, 0.729211, 0.124994, 0.190385, -0.761748, 0.619269, -0.002831, 0.95668, 0.002427, -0.291131, -1.2e-05, 0.0, 0.0, 0.0, 1.0],
                [0.426864, 0.669161, 0.608285, 0.124994, 0.186194, -0.723269, 0.664991, -0.002831, 0.88494, -0.170602, -0.433331, -1.2e-05, 0.0, 0.0, 0.0, 1.0],
                [0.629547, 0.636729, 0.445249, 0.124994, 0.214239, -0.693107, 0.688262, -0.002831, 0.746842, -0.337903, -0.572755, -1.2e-05, 0.0, 0.0, 0.0, 1.0],
                [0.772978, 0.574907, 0.268303, 0.124994, 0.267292, -0.678645, 0.684103, -0.002831, 0.575378, -0.457081, -0.678246, -1.2e-05, 0.0, 0.0, 0.0, 1.0],
                [0.846545, 0.520584, 0.111151, 0.124994, 0.330816, -0.678088, 0.656322, -0.002831, 0.41704, -0.518835, -0.746248, -1.2e-05, 0.0, 0.0, 0.0, 1.0],
                [0.871132, 0.490923, -0.01112, 0.124994, 0.393702, -0.684723, 0.613314, -0.00283, 0.293476, -0.538655, -0.789761, -1.2e-05, 0.0, 0.0, 0.0, 1.0],
                [0.869098, 0.484698, -0.098679, 0.124994, 0.450303, -0.692738, 0.563331, -0.002831, 0.204686, -0.534025, -0.820317, -1.2e-05, 0.0, 0.0, 0.0, 1.0],
                [0.855013, 0.494192, -0.157245, 0.124993, 0.498323, -0.698928, 0.513006, -0.002831, 0.143621, -0.516985, -0.84386, -1.2e-05, 0.0, 0.0, 0.0, 1.0],
                [0.837184, 0.511577, -0.193421, 0.124995, 0.537086, -0.702234, 0.46734, -0.002831, 0.103254, -0.495133, -0.86266, -1.2e-05, 0.0, 0.0, 0.0, 1.0],
                [0.820272, 0.530735, -0.213248, 0.124994, 0.566585, -0.702902, 0.430013, -0.002831, 0.07833, -0.473551, -0.877277, -1.2e-05, 0.0, 0.0, 0.0, 1.0],
                [0.806968, 0.547364, -0.221799, 0.124994, 0.586971, -0.701771, 0.40371, -0.002831, 0.065324, -0.455971, -0.887594, -1.2e-05, 0.0, 0.0, 0.0, 1.0],
                [0.798915, 0.55859, -0.222961, 0.124994, 0.598232, -0.699771, 0.390433, -0.002831, 0.06207, -0.445305, -0.893224, -1.2e-05, 0.0, 0.0, 0.0, 1.0],
                [0.797179, 0.56254, -0.219211, 0.124994, 0.599966, -0.697579, 0.391695, -0.002831, 0.067427, -0.44377, -0.8936, -1.2e-05, 0.0, 0.0, 0.0, 1.0],
                [0.802472, 0.558024, -0.2113, 0.124994, 0.591156, -0.695398, 0.408603, -0.002831, 0.081072, -0.452804, -0.887917, -1.2e-05, 0.0, 0.0, 0.0, 1.0],
                [0.815572, 0.544264, -0.196517, 0.124994, 0.56859, -0.690689, 0.446828, -0.002831, 0.10746, -0.476158, -0.872769, -1.2e-05, 0.0, 0.0, 0.0, 1.0],
                [0.834356, 0.524186, -0.170526, 0.124994, 0.531056, -0.681474, 0.50356, -0.002831, 0.14775, -0.510707, -0.846964, -1.2e-05, 0.0, 0.0, 0.0, 1.0],
                [0.854742, 0.502442, -0.130263, 0.124994, 0.480272, -0.670384, 0.565618, -0.002831, 0.196864, -0.54602, -0.814314, -1.2e-05, 0.0, 0.0, 0.0, 1.0],
                [0.872878, 0.482108, -0.075207, 0.124994, 0.419508, -0.662778, 0.620273, -0.00283, 0.249193, -0.572973, -0.780772, -1.2e-05, 0.0, 0.0, 0.0, 1.0],
                [0.886001, 0.463606, -0.008432, 0.124993, 0.354063, -0.664685, 0.657901, -0.002831, 0.299402, -0.585886, -0.753057, -1.2e-05, 0.0, 0.0, 0.0, 1.0],
                [0.892993, 0.445429, 0.064482, 0.124994, 0.290401, -0.679701, 0.673553, -0.002831, 0.343849, -0.582752, -0.736321, -1.2e-05, 0.0, 0.0, 0.0, 1.0],
                [0.894073, 0.426271, 0.137571, 0.124994, 0.234536, -0.707183, 0.666997, -0.002831, 0.381609, -0.564079, -0.732249, -1.2e-05, 0.0, 0.0, 0.0, 1.0],
                [0.889867, 0.40705, 0.206028, 0.124995, 0.190817, -0.742276, 0.642351, -0.002831, 0.414399, -0.532294, -0.738199, -1.2e-05, 0.0, 0.0, 0.0, 1.0],
                [0.880535, 0.392452, 0.265781, 0.124994, 0.161976, -0.776134, 0.60941, -0.002831, 0.445446, -0.493557, -0.746981, -1.2e-05, 0.0, 0.0, 0.0, 1.0],
                [0.86549, 0.393355, 0.310161, 0.124994, 0.150298, -0.794562, 0.588287, -0.002831, 0.477847, -0.46254, -0.746806, -1.2e-05, 0.0, 0.0, 0.0, 1.0],
                [0.843607, 0.426522, 0.3262, 0.124994, 0.159505, -0.779125, 0.606237, -0.002831, 0.512724, -0.459396, -0.725307, -1.2e-05, 0.0, 0.0, 0.0, 1.0],
                [0.817448, 0.4766, 0.323469, 0.124994, 0.180559, -0.745294, 0.641822, -0.002831, 0.546971, -0.466251, -0.695293, -1.2e-05, 0.0, 0.0, 0.0, 1.0],
                [0.790863, 0.520723, 0.321534, 0.124994, 0.20017, -0.716586, 0.668159, -0.002831, 0.578332, -0.46406, -0.670955, -1.2e-05, 0.0, 0.0, 0.0, 1.0],
                [0.764494, 0.559283, 0.320548, 0.124994, 0.218149, -0.692379, 0.687766, -0.002831, 0.606597, -0.455866, -0.651327, -1.2e-05, 0.0, 0.0, 0.0, 1.0],
                [0.738946, 0.592535, 0.320718, 0.124994, 0.234377, -0.672342, 0.702156, -0.002831, 0.631685, -0.443687, -0.635701, -1.2e-05, 0.0, 0.0, 0.0, 1.0],
                [0.714762, 0.620733, 0.322189, 0.124994, 0.248797, -0.656233, 0.712361, -0.002831, 0.653617, -0.429009, -0.623487, -1.2e-05, 0.0, 0.0, 0.0, 1.0],
                [0.692407, 0.644169, 0.324991, 0.124994, 0.2614, -0.6438, 0.71916, -0.002831, 0.67249, -0.412999, -0.614158, -1.2e-05, 0.0, 0.0, 0.0, 1.0],
                [0.672269, 0.663177, 0.329015, 0.124994, 0.272211, -0.634735, 0.723197, -0.002831, 0.688445, -0.396621, -0.607236, -1.2e-05, 0.0, 0.0, 0.0, 1.0],
                [0.654663, 0.678133, 0.333994, 0.124994, 0.281273, -0.62864, 0.72505, -0.002831, 0.701642, -0.38072, -0.602288, -1.2e-05, 0.0, 0.0, 0.0, 1.0],
                [0.639846, 0.689442, 0.339509, 0.124994, 0.288636, -0.625029, 0.725278, -0.002831, 0.71224, -0.366072, -0.59892, -1.2e-05, 0.0, 0.0, 0.0, 1.0],
                [0.628028, 0.697536, 0.344998, 0.124994, 0.294344, -0.623324, 0.724451, -0.002831, 0.720376, -0.353428, -0.59678, -1.2e-05, 0.0, 0.0, 0.0, 1.0],
                [0.619387, 0.702856, 0.34979, 0.124994, 0.298429, -0.622883, 0.723158, -0.002831, 0.726154, -0.343528, -0.595558, -1.2e-05, 0.0, 0.0, 0.0, 1.0],
                [0.614086, 0.705817, 0.353159, 0.124994, 0.300899, -0.623046, 0.721993, -0.002831, 0.729629, -0.337101, -0.594983, -1.2e-05, 0.0, 0.0, 0.0, 1.0],
                [0.612283, 0.706753, 0.354415, 0.124994, 0.301733, -0.623213, 0.721501, -0.002831, 0.730799, -0.334824, -0.594833, -1.2e-05, 0.0, 0.0, 0.0, 1.0],
                [0.6181, 0.702057, 0.35365, 0.124994, 0.299031, -0.626046, 0.720172, -0.002831, 0.727003, -0.339386, -0.596896, -1.2e-05, 0.0, 0.0, 0.0, 1.0],
                [0.634061, 0.688619, 0.351812, 0.124994, 0.291448, -0.634219, 0.716118, -0.002831, 0.716258, -0.351528, -0.60283, -1.2e-05, 0.0, 0.0, 0.0, 1.0],
                [0.65788, 0.667006, 0.349709, 0.124994, 0.279643, -0.647496, 0.708907, -0.002831, 0.69928, -0.368582, -0.612498, -1.2e-05, 0.0, 0.0, 0.0, 1.0],
                [0.687154, 0.637831, 0.347836, 0.124994, 0.264268, -0.66542, 0.698125, -0.002831, 0.676743, -0.387798, -0.625805, -1.2e-05, 0.0, 0.0, 0.0, 1.0],
