{
    "animation": [
        {
            "name": "Root",
            "time": [0.0, 0.0167, 0.0333, 0.05, 0.0667, 0.0833, 0.1, 0.1167, 0.1333, 0.15, 0.1667, 0.1833, 0.2, 0.2167, 0.2333, 0.25, 0.2667, 0.2833, 0.3, 0.3167, 0.3333, 0.35, 0.3667, 0.3833, 0.4, 0.4167, 0.4333, 0.45, 0.4667, 0.4833, 0.5, 0.5167, 0.5333, 0.55, 0.5667, 0.5833, 0.6, 0.6167, 0.6333, 0.65, 0.6667, 0.6833, 0.7, 0.7167, 0.7333, 0.75, 0.7667, 0.7833, 0.8, 0.8167, 0.8333, 0.85, 0.8667, 0.8833, 0.9, 0.9167, 0.9333, 0.95, 0.9667, 0.9833, 1.0, 1.0167, 1.0333, 1.05, 1.0667, 1.0833, 1.1, 1.1167, 1.1333, 1.15, 1.1667, 1.1833, 1.2, 1.2167, 1.2333, 1.25, 1.2667, 1.2833, 1.3, 1.3167, 1.3333, 1.35, 1.3667, 1.3833, 1.4, 1.4167, 1.4333, 1.45, 1.4667, 1.4833, 1.5, 1.5167, 1.5333, 1.55, 1.5667, 1.5833, 1.6, 1.6167, 1.6333],
            "transform": [
                [0.446565, 0.0, -0.894751, 0.044593, -0.894751, 0.0, -0.446565, -0.233295, 0.0, 1.0, 0.0, 0.627589, 0.0, 0.0, 0.0, 1.0],
                [0.525907, 0.0, -0.850542, 0.04197, -0.850542, 0.0, -0.525907, -0.196796, 0.0, 1.0, 0.0, 0.625853, 0.0, 0.0, 0.0, 1.0],
                [0.603672, 0.0, -0.797233, 0.039347, -0.797233, 0.0, -0.603672, -0.160298, 0.0, 1.0, 0.0, 0.624118, 0.0, 0.0, 0.0, 1.0],
                [0.678439, 0.0, -0.734657, 0.036723, -0.734657, 0.0, -0.678439, -0.123799, 0.0, 1.0, 0.0, 0.622383, 0.0, 0.0, 0.0, 1.0],
                [0.748683, 0.0, -0.662928, 0.0341, -0.662928, 0.0, -0.748683, -0.0873, 0.0, 1.0, 0.0, 0.620647, 0.0, 0.0, 0.0, 1.0],
                [0.812842, 0.0, -0.582485, 0.031476, -0.582485, 0.0, -0.812842, -0.050802, 0.0, 1.0, 0.0, 0.618912, 0.0, 0.0, 0.0, 1.0],
                [0.869402, 0.0, -0.494105, 0.028853, -0.494105, 0.0, -0.869402, -0.014303, 0.0, 1.0, 0.0, 0.617177, 0.0, 0.0, 0.0, 1.0],
                [0.916992, 0.0, -0.398907, 0.02623, -0.398907, 0.0, -0.916992, 0.022195, 0.0, 1.0, 0.0, 0.615442, 0.0, 0.0, 0.0, 1.0],
                [0.95447, 0.0, -0.298308, 0.023606, -0.298308, 0.0, -0.95447, 0.058694, 0.0, 1.0, 0.0, 0.613706, 0.0, 0.0, 0.0, 1.0],
                [0.981008, 0.0, -0.193967, 0.020983, -0.193967, 0.0, -0.981008, 0.095192, 0.0, 1.0, 0.0, 0.611971, 0.0, 0.0, 0.0, 1.0],
                [0.996148, 0.0, -0.087687, 0.018359, -0.087687, 0.0, -0.996148, 0.131691, 0.0, 1.0, 0.0, 0.610236, 0.0, 0.0, 0.0, 1.0],
                [0.999826, 0.0, 0.01868, 0.015736, 0.01868, 0.0, -0.999826, 0.168189, 0.0, 1.0, 0.0, 0.6085, 0.0, 0.0, 0.0, 1.0],
                [0.992364, 0.0, 0.123343, 0.013112, 0.123343, 0.0, -0.992364, 0.204688, 0.0, 1.0, 0.0, 0.606765, 0.0, 0.0, 0.0, 1.0],
                [0.974436, 0.0, 0.224665, 0.010489, 0.224665, 0.0, -0.974436, 0.241187, 0.0, 1.0, 0.0, 0.60503, 0.0, 0.0, 0.0, 1.0],
                [0.946999, 0.0, 0.321238, 0.007866, 0.321238, 0.0, -0.946999, 0.277685, 0.0, 1.0, 0.0, 0.603295, 0.0, 0.0, 0.0, 1.0],
                [0.911215, 0.0, 0.411932, 0.005242, 0.411932, 0.0, -0.911215, 0.314184, 0.0, 1.0, 0.0, 0.601559, 0.0, 0.0, 0.0, 1.0],
                [0.86837, 0.0, 0.495918, 0.002619, 0.495918, 0.0, -0.86837, 0.350682, 0.0, 1.0, 0.0, 0.599824, 0.0, 0.0, 0.0, 1.0],
                [0.819792, 0.0, 0.572662, -5e-06, 0.572662, 0.0, -0.819792, 0.387181, 0.0, 1.0, 0.0, 0.598089, 0.0, 0.0, 0.0, 1.0],
                [0.819792, 0.0, 0.572662, -5e-06, 0.572662, 0.0, -0.819792, 0.387181, 0.0, 1.0, 0.0, 0.598089, 0.0, 0.0, 0.0, 1.0],
                [0.819792, 0.0, 0.572662, -5e-06, 0.572662, 0.0, -0.819792, 0.387181, 0.0, 1.0, 0.0, 0.598089, 0.0, 0.0, 0.0, 1.0],
                [0.819792, 0.0, 0.572662, -5e-06, 0.572662, 0.0, -0.819792, 0.387181, 0.0, 1.0, 0.0, 0.598089, 0.0, 0.0, 0.0, 1.0],
                [0.819792, 0.0, 0.572662, -5e-06, 0.572662, 0.0, -0.819792, 0.387181, 0.0, 1.0, 0.0, 0.598089, 0.0, 0.0, 0.0, 1.0],
                [0.819792, 0.0, 0.572662, -5e-06, 0.572662, 0.0, -0.819792, 0.387181, 0.0, 1.0, 0.0, 0.598089, 0.0, 0.0, 0.0, 1.0],
                [0.819792, 0.0, 0.572662, -5e-06, 0.572662, 0.0, -0.819792, 0.387181, 0.0, 1.0, 0.0, 0.598089, 0.0, 0.0, 0.0, 1.0],
                [0.819792, 0.0, 0.572662, -5e-06, 0.572662, 0.0, -0.819792, 0.387181, 0.0, 1.0, 0.0, 0.598089, 0.0, 0.0, 0.0, 1.0],
                [0.819792, 0.0, 0.572662, -5e-06, 0.572662, 0.0, -0.819792, 0.387181, 0.0, 1.0, 0.0, 0.598089, 0.0, 0.0, 0.0, 1.0],
                [0.819792, 0.0, 0.572662, -5e-06, 0.572662, 0.0, -0.819792, 0.387181, 0.0, 1.0, 0.0, 0.598089, 0.0, 0.0, 0.0, 1.0],
                [0.819792, 0.0, 0.572662, -5e-06, 0.572662, 0.0, -0.819792, 0.387181, 0.0, 1.0, 0.0, 0.598089, 0.0, 0.0, 0.0, 1.0],
                [0.819792, 0.0, 0.572662, -5e-06, 0.572662, 0.0, -0.819792, 0.387181, 0.0, 1.0, 0.0, 0.598089, 0.0, 0.0, 0.0, 1.0],
                [0.819792, 0.0, 0.572662, -5e-06, 0.572662, 0.0, -0.819792, 0.387181, 0.0, 1.0, 0.0, 0.598089, 0.0, 0.0, 0.0, 1.0],
                [0.819792, 0.0, 0.572662, -5e-06, 0.572662, 0.0, -0.819792, 0.387181, 0.0, 1.0, 0.0, 0.598089, 0.0, 0.0, 0.0, 1.0],
                [0.819792, 0.0, 0.572662, -5e-06, 0.572662, 0.0, -0.819792, 0.387181, 0.0, 1.0, 0.0, 0.598089, 0.0, 0.0, 0.0, 1.0],
                [0.819792, 0.0, 0.572662, -5e-06, 0.572662, 0.0, -0.819792, 0.387181, 0.0, 1.0, 0.0, 0.598089, 0.0, 0.0, 0.0, 1.0],
                [0.819792, 0.0, 0.572662, -5e-06, 0.572662, 0.0, -0.819792, 0.387181, 0.0, 1.0, 0.0, 0.598089, 0.0, 0.0, 0.0, 1.0],
                [0.819792, 0.0, 0.572662, -5e-06, 0.572662, 0.0, -0.819792, 0.387181, 0.0, 1.0, 0.0, 0.598089, 0.0, 0.0, 0.0, 1.0],
                [0.819792, 0.0, 0.572662, -5e-06, 0.572662, 0.0, -0.819792, 0.387181, 0.0, 1.0, 0.0, 0.598089, 0.0, 0.0, 0.0, 1.0],
                [0.819792, 0.0, 0.572662, -5e-06, 0.572662, 0.0, -0.819792, 0.387181, 0.0, 1.0, 0.0, 0.598089, 0.0, 0.0, 0.0, 1.0],
                [0.819792, 0.0, 0.572662, -5e-06, 0.572662, 0.0, -0.819792, 0.387181, 0.0, 1.0, 0.0, 0.598089, 0.0, 0.0, 0.0, 1.0],
                [0.819792, 0.0, 0.572662, -5e-06, 0.572662, 0.0, -0.819792, 0.387181, 0.0, 1.0, 0.0, 0.598089, 0.0, 0.0, 0.0, 1.0],
                [0.819792, 0.0, 0.572662, -5e-06, 0.572662, 0.0, -0.819792, 0.387181, 0.0, 1.0, 0.0, 0.598089, 0.0, 0.0, 0.0, 1.0],
                [0.819792, 0.0, 0.572662, -5e-06, 0.572662, 0.0, -0.819792, 0.387181, 0.0, 1.0, 0.0, 0.598089, 0.0, 0.0, 0.0, 1.0],
                [0.819792, 0.0, 0.572662, -5e-06, 0.572662, 0.0, -0.819792, 0.387181, 0.0, 1.0, 0.0, 0.598089, 0.0, 0.0, 0.0, 1.0],
                [0.819792, 0.0, 0.572662, -5e-06, 0.572662, 0.0, -0.819792, 0.387181, 0.0, 1.0, 0.0, 0.598089, 0.0, 0.0, 0.0, 1.0],
                [0.819792, 0.0, 0.572662, -5e-06, 0.572662, 0.0, -0.819792, 0.387181, 0.0, 1.0, 0.0, 0.598089, 0.0, 0.0, 0.0, 1.0],
                [0.820477, 0.0, 0.57168, 3.9e-05, 0.57168, 0.0, -0.820477, 0.386687, 0.0, 1.0, 0.0, 0.598189, 0.0, 0.0, 0.0, 1.0],
                [0.822494, 0.0, 0.568773, 0.000168, 0.568773, 0.0, -0.822494, 0.385232, 0.0, 1.0, 0.0, 0.598484, 0.0, 0.0, 0.0, 1.0],
                [0.825778, 0.0, 0.563996, 0.000379, 0.563996, 0.0, -0.825778, 0.38285, 0.0, 1.0, 0.0, 0.598967, 0.0, 0.0, 0.0, 1.0],
                [0.830253, 0.0, 0.557387, 0.000669, 0.557387, 0.0, -0.830253, 0.379578, 0.0, 1.0, 0.0, 0.59963, 0.0, 0.0, 0.0, 1.0],
                [0.835837, 0.0, 0.548978, 0.001034, 0.548978, 0.0, -0.835837, 0.375452, 0.0, 1.0, 0.0, 0.600466, 0.0, 0.0, 0.0, 1.0],
                [0.842438, 0.0, 0.538794, 0.001472, 0.538794, 0.0, -0.842438, 0.37051, 0.0, 1.0, 0.0, 0.601468, 0.0, 0.0, 0.0, 1.0],
                [0.849958, 0.0, 0.526851, 0.001979, 0.526851, 0.0, -0.849958, 0.364787, 0.0, 1.0, 0.0, 0.602628, 0.0, 0.0, 0.0, 1.0],
                [0.858291, 0.0, 0.513164, 0.002552, 0.513164, 0.0, -0.858291, 0.358319, 0.0, 1.0, 0.0, 0.603939, 0.0, 0.0, 0.0, 1.0],
                [0.867323, 0.0, 0.497745, 0.003187, 0.497745, 0.0, -0.867323, 0.351142, 0.0, 1.0, 0.0, 0.605394, 0.0, 0.0, 0.0, 1.0],
                [0.876936, 0.0, 0.480607, 0.003882, 0.480607, 0.0, -0.876936, 0.343294, 0.0, 1.0, 0.0, 0.606984, 0.0, 0.0, 0.0, 1.0],
                [0.887003, 0.0, 0.461763, 0.004634, 0.461763, 0.0, -0.887003, 0.334811, 0.0, 1.0, 0.0, 0.608704, 0.0, 0.0, 0.0, 1.0],
                [0.897393, 0.0, 0.441232, 0.005438, 0.441232, 0.0, -0.897393, 0.325728, 0.0, 1.0, 0.0, 0.610545, 0.0, 0.0, 0.0, 1.0],
                [0.90797, 0.0, 0.419036, 0.006292, 0.419036, 0.0, -0.90797, 0.316082, 0.0, 1.0, 0.0, 0.6125, 0.0, 0.0, 0.0, 1.0],
                [0.918593, 0.0, 0.395205, 0.007193, 0.395205, 0.0, -0.918593, 0.305909, 0.0, 1.0, 0.0, 0.614562, 0.0, 0.0, 0.0, 1.0],
                [0.929119, 0.0, 0.36978, 0.008138, 0.36978, 0.0, -0.929119, 0.295246, 0.0, 1.0, 0.0, 0.616723, 0.0, 0.0, 0.0, 1.0],
                [0.939405, 0.0, 0.34281, 0.009122, 0.34281, 0.0, -0.939405, 0.284129, 0.0, 1.0, 0.0, 0.618977, 0.0, 0.0, 0.0, 1.0],
                [0.949305, 0.0, 0.314356, 0.010144, 0.314356, 0.0, -0.949305, 0.272595, 0.0, 1.0, 0.0, 0.621315, 0.0, 0.0, 0.0, 1.0],
                [0.958679, 0.0, 0.28449, 0.011199, 0.28449, 0.0, -0.958679, 0.260679, 0.0, 1.0, 0.0, 0.62373, 0.0, 0.0, 0.0, 1.0],
                [0.967388, 0.0, 0.253301, 0.012285, 0.253301, 0.0, -0.967388, 0.248418, 0.0, 1.0, 0.0, 0.626215, 0.0, 0.0, 0.0, 1.0],
                [0.975299, 0.0, 0.220887, 0.013398, 0.220887, 0.0, -0.975299, 0.235848, 0.0, 1.0, 0.0, 0.628763, 0.0, 0.0, 0.0, 1.0],
                [0.982291, 0.0, 0.187363, 0.014536, 0.187363, 0.0, -0.982291, 0.223006, 0.0, 1.0, 0.0, 0.631366, 0.0, 0.0, 0.0, 1.0],
                [0.988249, 0.0, 0.152855, 0.015694, 0.152855, 0.0, -0.988249, 0.209928, 0.0, 1.0, 0.0, 0.634017, 0.0, 0.0, 0.0, 1.0],
                [0.993072, 0.0, 0.117503, 0.01687, 0.117503, 0.0, -0.993072, 0.19665, 0.0, 1.0, 0.0, 0.636708, 0.0, 0.0, 0.0, 1.0],
                [0.996677, 0.0, 0.081456, 0.01806, 0.081456, 0.0, -0.996677, 0.183209, 0.0, 1.0, 0.0, 0.639433, 0.0, 0.0, 0.0, 1.0],
                [0.998993, 0.0, 0.044873, 0.019262, 0.044873, 0.0, -0.998993, 0.16964, 0.0, 1.0, 0.0, 0.642183, 0.0, 0.0, 0.0, 1.0],
                [0.999969, 0.0, 0.007922, 0.020472, 0.007922, 0.0, -0.999969, 0.155981, 0.0, 1.0, 0.0, 0.644952, 0.0, 0.0, 0.0, 1.0],
                [0.999573, 0.0, -0.029226, 0.021686, -0.029226, 0.0, -0.999573, 0.142267, 0.0, 1.0, 0.0, 0.647731, 0.0, 0.0, 0.0, 1.0],
                [0.997793, 0.0, -0.066396, 0.022902, -0.066396, 0.0, -0.997793, 0.128535, 0.0, 1.0, 0.0, 0.650515, 0.0, 0.0, 0.0, 1.0],
                [0.994639, 0.0, -0.103411, 0.024117, -0.103411, 0.0, -0.994639, 0.114821, 0.0, 1.0, 0.0, 0.653294, 0.0, 0.0, 0.0, 1.0],
                [0.990137, 0.0, -0.140101, 0.025327, -0.140101, 0.0, -0.990137, 0.101162, 0.0, 1.0, 0.0, 0.656063, 0.0, 0.0, 0.0, 1.0],
                [0.984337, 0.0, -0.176295, 0.026529, -0.176295, 0.0, -0.984337, 0.087594, 0.0, 1.0, 0.0, 0.658813, 0.0, 0.0, 0.0, 1.0],
                [0.977306, 0.0, -0.211833, 0.027719, -0.211833, 0.0, -0.977306, 0.074152, 0.0, 1.0, 0.0, 0.661538, 0.0, 0.0, 0.0, 1.0],
                [0.969127, 0.0, -0.246563, 0.028895, -0.246563, 0.0, -0.969127, 0.060874, 0.0, 1.0, 0.0, 0.664229, 0.0, 0.0, 0.0, 1.0],
                [0.9599, 0.0, -0.280344, 0.030053, -0.280344, 0.0, -0.9599, 0.047796, 0.0, 1.0, 0.0, 0.66688, 0.0, 0.0, 0.0, 1.0],
                [0.949738, 0.0, -0.313046, 0.031191, -0.313046, 0.0, -0.949738, 0.034954, 0.0, 1.0, 0.0, 0.669483, 0.0, 0.0, 0.0, 1.0],
                [0.938766, 0.0, -0.344556, 0.032304, -0.344556, 0.0, -0.938766, 0.022384, 0.0, 1.0, 0.0, 0.672031, 0.0, 0.0, 0.0, 1.0],
                [0.927117, 0.0, -0.374771, 0.03339, -0.374771, 0.0, -0.927117, 0.010124, 0.0, 1.0, 0.0, 0.674516, 0.0, 0.0, 0.0, 1.0],
                [0.914934, 0.0, -0.403604, 0.034445, -0.403604, 0.0, -0.914934, -0.001792, 0.0, 1.0, 0.0, 0.676931, 0.0, 0.0, 0.0, 1.0],
                [0.90236, 0.0, -0.430983, 0.035467, -0.430983, 0.0, -0.90236, -0.013327, 0.0, 1.0, 0.0, 0.679269, 0.0, 0.0, 0.0, 1.0],
                [0.889545, 0.0, -0.456847, 0.036451, -0.456847, 0.0, -0.889545, -0.024444, 0.0, 1.0, 0.0, 0.681523, 0.0, 0.0, 0.0, 1.0],
                [0.876638, 0.0, -0.48115, 0.037396, -0.48115, 0.0, -0.876638, -0.035107, 0.0, 1.0, 0.0, 0.683684, 0.0, 0.0, 0.0, 1.0],
                [0.863787, 0.0, -0.503857, 0.038296, -0.503857, 0.0, -0.863787, -0.045279, 0.0, 1.0, 0.0, 0.685746, 0.0, 0.0, 0.0, 1.0],
                [0.851139, 0.0, -0.524941, 0.039151, -0.524941, 0.0, -0.851139, -0.054925, 0.0, 1.0, 0.0, 0.687701, 0.0, 0.0, 0.0, 1.0],
                [0.838835, 0.0, -0.544386, 0.039955, -0.544386, 0.0, -0.838835, -0.064008, 0.0, 1.0, 0.0, 0.689542, 0.0, 0.0, 0.0, 1.0],
                [0.827014, 0.0, -0.562182, 0.040707, -0.562182, 0.0, -0.827014, -0.072492, 0.0, 1.0, 0.0, 0.691262, 0.0, 0.0, 0.0, 1.0],
                [0.815807, 0.0, -0.578324, 0.041402, -0.578324, 0.0, -0.815807, -0.08034, 0.0, 1.0, 0.0, 0.692852, 0.0, 0.0, 0.0, 1.0],
                [0.805343, 0.0, -0.592809, 0.042037, -0.592809, 0.0, -0.805343, -0.087516, 0.0, 1.0, 0.0, 0.694307, 0.0, 0.0, 0.0, 1.0],
                [0.795741, 0.0, -0.605637, 0.04261, -0.605637, 0.0, -0.795741, -0.093984, 0.0, 1.0, 0.0, 0.695618, 0.0, 0.0, 0.0, 1.0],
                [0.787115, 0.0, -0.616807, 0.043117, -0.616807, 0.0, -0.787115, -0.099708, 0.0, 1.0, 0.0, 0.696778, 0.0, 0.0, 0.0, 1.0],
                [0.779571, 0.0, -0.626314, 0.043555, -0.626314, 0.0, -0.779571, -0.10465, 0.0, 1.0, 0.0, 0.69778, 0.0, 0.0, 0.0, 1.0],
                [0.773209, 0.0, -0.634151, 0.04392, -0.634151, 0.0, -0.773209, -0.108775, 0.0, 1.0, 0.0, 0.698616, 0.0, 0.0, 0.0, 1.0],
                [0.768123, 0.0, -0.640302, 0.04421, -0.640302, 0.0, -0.768123, -0.112047, 0.0, 1.0, 0.0, 0.699279, 0.0, 0.0, 0.0, 1.0],
                [0.764398, 0.0, -0.644744, 0.044421, -0.644744, 0.0, -0.764398, -0.114429, 0.0, 1.0, 0.0, 0.699762, 0.0, 0.0, 0.0, 1.0],
                [0.762113, 0.0, -0.647444, 0.04455, -0.647444, 0.0, -0.762113, -0.115885, 0.0, 1.0, 0.0, 0.700057, 0.0, 0.0, 0.0, 1.0],
                [0.761337, 0.0, -0.648357, 0.044593, -0.648357, 0.0, -0.761337, -0.116378, 0.0, 1.0, 0.0, 0.700157, 0.0, 0.0, 0.0, 1.0]
            ]
        },
        {
            "name": "Thigh_R",
            "time": [0.0, 0.0167, 0.0333, 0.05, 0.0667, 0.0833, 0.1, 0.1167, 0.1333, 0.15, 0.1667, 0.1833, 0.2, 0.2167, 0.2333, 0.25, 0.2667, 0.2833, 0.3, 0.3167, 0.3333, 0.35, 0.3667, 0.3833, 0.4, 0.4167, 0.4333, 0.45, 0.4667, 0.4833, 0.5, 0.5167, 0.5333, 0.55, 0.5667, 0.5833, 0.6, 0.6167, 0.6333, 0.65, 0.6667, 0.6833, 0.7, 0.7167, 0.7333, 0.75, 0.7667, 0.7833, 0.8, 0.8167, 0.8333, 0.85, 0.8667, 0.8833, 0.9, 0.9167, 0.9333, 0.95, 0.9667, 0.9833, 1.0, 1.0167, 1.0333, 1.05, 1.0667, 1.0833, 1.1, 1.1167, 1.1333, 1.15, 1.1667, 1.1833, 1.2, 1.2167, 1.2333, 1.25, 1.2667, 1.2833, 1.3, 1.3167, 1.3333, 1.35, 1.3667, 1.3833, 1.4, 1.4167, 1.4333, 1.45, 1.4667, 1.4833, 1.5, 1.5167, 1.5333, 1.55, 1.5667, 1.5833, 1.6, 1.6167, 1.6333],
            "transform": [
                [0.756128, 0.639931, 0.136953, 0.124994, 0.536463, -0.725965, 0.430326, -0.002831, 0.374803, -0.251911, -0.892224, -1.2e-05, 0.0, 0.0, 0.0, 1.0],
                [0.787162, 0.604124, 0.124128, 0.124994, 0.503187, -0.745459, 0.437141, -0.002831, 0.35662, -0.281641, -0.890786, -1.2e-05, 0.0, 0.0, 0.0, 1.0],
                [0.817709, 0.562988, 0.119978, 0.124994, 0.463482, -0.767542, 0.442789, -0.002831, 0.341374, -0.306465, -0.888563, -1.2e-05, 0.0, 0.0, 0.0, 1.0],
                [0.845228, 0.519945, 0.123471, 0.124994, 0.418927, -0.788106, 0.450986, -0.002831, 0.331796, -0.32946, -0.88395, -1.2e-05, 0.0, 0.0, 0.0, 1.0],
                [0.867483, 0.478878, 0.134716, 0.124994, 0.371934, -0.804181, 0.463633, -0.002831, 0.33036, -0.352088, -0.875726, -1.2e-05, 0.0, 0.0, 0.0, 1.0],
                [0.882873, 0.443679, 0.153891, 0.124994, 0.325217, -0.814049, 0.481202, -0.002831, 0.338775, -0.374792, -0.862996, -1.2e-05, 0.0, 0.0, 0.0, 1.0],
                [0.890491, 0.417616, 0.180612, 0.124994, 0.281201, -0.817195, 0.503107, -0.002831, 0.357701, -0.397223, -0.845141, -1.2e-05, 0.0, 0.0, 0.0, 1.0],
                [0.889959, 0.402855, 0.213728, 0.124994, 0.241647, -0.814034, 0.528161, -0.002831, 0.386754, -0.418394, -0.821807, -1.2e-05, 0.0, 0.0, 0.0, 1.0],
                [0.881218, 0.40028, 0.251456, 0.124994, 0.207548, -0.805554, 0.554982, -0.002831, 0.42471, -0.436871, -0.792947, -1.2e-05, 0.0, 0.0, 0.0, 1.0],
                [0.864392, 0.409553, 0.291705, 0.124994, 0.179234, -0.792999, 0.582259, -0.002831, 0.469788, -0.451016, -0.75887, -1.2e-05, 0.0, 0.0, 0.0, 1.0],
                [0.83974, 0.42933, 0.332433, 0.124994, 0.156565, -0.777673, 0.60886, -0.002831, 0.519926, -0.459235, -0.720263, -1.2e-05, 0.0, 0.0, 0.0, 1.0],
                [0.807663, 0.45753, 0.371948, 0.124994, 0.139114, -0.760849, 0.63384, -0.002831, 0.572998, -0.460185, -0.67816, -1.2e-05, 0.0, 0.0, 0.0, 1.0],
                [0.768729, 0.491603, 0.409123, 0.124994, 0.126306, -0.743769, 0.656394, -0.002831, 0.626979, -0.452913, -0.633851, -1.2e-05, 0.0, 0.0, 0.0, 1.0],
                [0.723678, 0.528756, 0.443516, 0.124994, 0.117518, -0.727675, 0.675779, -0.002831, 0.680058, -0.436925, -0.588742, -1.2e-05, 0.0, 0.0, 0.0, 1.0],
                [0.673403, 0.566125, 0.475426, 0.124994, 0.112134, -0.713874, 0.691237, -0.002831, 0.730721, -0.41217, -0.544208, -1.2e-05, 0.0, 0.0, 0.0, 1.0],
                [0.618907, 0.600855, 0.505891, 0.124994, 0.109582, -0.703818, 0.701877, -0.002831, 0.777782, -0.378959, -0.501441, -1.2e-05, 0.0, 0.0, 0.0, 1.0],
                [0.561244, 0.630034, 0.536714, 0.124994, 0.10935, -0.699239, 0.706474, -0.002831, 0.820395, -0.337814, -0.461339, -1.2e-05, 0.0, 0.0, 0.0, 1.0],
                [0.501464, 0.650336, 0.570609, 0.124994, 0.110991, -0.702434, 0.703041, -0.002831, 0.858029, -0.289217, -0.424428, -1.2e-05, 0.0, 0.0, 0.0, 1.0],
                [0.501464, 0.650336, 0.57061, 0.124994, 0.110991, -0.702434, 0.703041, -0.002831, 0.858029, -0.289217, -0.424428, -1.2e-05, 0.0, 0.0, 0.0, 1.0],
                [0.501464, 0.650336, 0.57061, 0.124994, 0.110991, -0.702434, 0.703041, -0.002831, 0.858029, -0.289217, -0.424428, -1.2e-05, 0.0, 0.0, 0.0, 1.0],
                [0.501464, 0.650336, 0.57061, 0.124994, 0.110991, -0.702434, 0.703041, -0.002831, 0.858029, -0.289217, -0.424428, -1.2e-05, 0.0, 0.0, 0.0, 1.0],
                [0.501464, 0.650336, 0.57061, 0.124994, 0.110991, -0.702434, 0.703041, -0.002831, 0.858029, -0.289217, -0.424428, -1.2e-05, 0.0, 0.0, 0.0, 1.0],
                [0.501464, 0.650336, 0.57061, 0.124994, 0.110991, -0.702434, 0.703041, -0.002831, 0.858029, -0.289217, -0.424428, -1.2e-05, 0.0, 0.0, 0.0, 1.0],
                [0.501464, 0.650336, 0.57061, 0.124994, 0.110991, -0.702434, 0.703041, -0.002831, 0.858029, -0.289217, -0.424428, -1.2e-05, 0.0, 0.0, 0.0, 1.0],
                [0.501464, 0.650336, 0.57061, 0.124994, 0.110991, -0.702434, 0.703041, -0.002831, 0.858029, -0.289217, -0.424428, -1.2e-05, 0.0, 0.0, 0.0, 1.0],
                [0.501464, 0.650336, 0.57061, 0.124994, 0.110991, -0.702434, 0.703041, -0.002831, 0.858029, -0.289217, -0.424428, -1.2e-05, 0.0, 0.0, 0.0, 1.0],
                [0.501464, 0.650336, 0.57061, 0.124994, 0.110991, -0.702434, 0.703041, -0.002831, 0.858029, -0.289217, -0.424428, -1.2e-05, 0.0, 0.0, 0.0, 1.0],
                [0.501464, 0.650336, 0.57061, 0.124994, 0.110991, -0.702434, 0.703041, -0.002831, 0.858029, -0.289217, -0.424428, -1.2e-05, 0.0, 0.0, 0.0, 1.0],
                [0.501464, 0.650336, 0.57061, 0.124994, 0.110991, -0.702434, 0.703041, -0.002831, 0.858029, -0.289217, -0.424428, -1.2e-05, 0.0, 0.0, 0.0, 1.0],
                [0.501464, 0.650336, 0.57061, 0.124994, 0.110991, -0.702434, 0.703041, -0.002831, 0.858029, -0.289217, -0.424428, -1.2e-05, 0.0, 0.0, 0.0, 1.0],
                [0.501464, 0.650336, 0.57061, 0.124994, 0.110991, -0.702434, 0.703041, -0.002831, 0.858029, -0.289217, -0.424428, -1.2e-05, 0.0, 0.0, 0.0, 1.0],
                [0.501464, 0.650336, 0.57061, 0.124994, 0.110991, -0.702434, 0.703041, -0.002831, 0.858029, -0.289217, -0.424428, -1.2e-05, 0.0, 0.0, 0.0, 1.0],
                [0.501464, 0.650336, 0.57061, 0.124994, 0.110991, -0.702434, 0.703041, -0.002831, 0.858029, -0.289217, -0.424428, -1.2e-05, 0.0, 0.0, 0.0, 1.0],
                [0.501464, 0.650336, 0.57061, 0.124994, 0.110991, -0.702434, 0.703041, -0.002831, 0.858029, -0.289217, -0.424428, -1.2e-05, 0.0, 0.0, 0.0, 1.0],
                [0.501464, 0.650336, 0.57061, 0.124994, 0.110991, -0.702434, 0.703041, -0.002831, 0.858029, -0.289217, -0.424428, -1.2e-05, 0.0, 0.0, 0.0, 1.0],
                [0.501464, 0.650336, 0.57061, 0.124994, 0.110991, -0.702434, 0.703041, -0.002831, 0.858029, -0.289217, -0.424428, -1.2e-05, 0.0, 0.0, 0.0, 1.0],
                [0.501464, 0.650336, 0.57061, 0.124994, 0.110991, -0.702434, 0.703041, -0.002831, 0.858029, -0.289217, -0.424428, -1.2e-05, 0.0, 0.0, 0.0, 1.0],
                [0.501464, 0.650336, 0.57061, 0.124994, 0.110991, -0.702434, 0.703041, -0.002831, 0.858029, -0.289217, -0.424428, -1.2e-05, 0.0, 0.0, 0.0, 1.0],
                [0.501464, 0.650336, 0.57061, 0.124994, 0.110991, -0.702434, 0.703041, -0.002831, 0.858029, -0.289217, -0.424428, -1.2e-05, 0.0, 0.0, 0.0, 1.0],
                [0.501464, 0.650336, 0.57061, 0.124994, 0.110991, -0.702434, 0.703041, -0.002831, 0.858029, -0.289217, -0.424428, -1.2e-05, 0.0, 0.0, 0.0, 1.0],
                [0.501464, 0.650336, 0.57061, 0.124994, 0.110991, -0.702434, 0.703041, -0.002831, 0.858029, -0.289217, -0.424428, -1.2e-05, 0.0, 0.0, 0.0, 1.0],
                [0.501464, 0.650336, 0.57061, 0.124994, 0.110991, -0.702434, 0.703041, -0.002831, 0.858029, -0.289217, -0.424428, -1.2e-05, 0.0, 0.0, 0.0, 1.0],
                [0.501464, 0.650336, 0.57061, 0.124994, 0.110991, -0.702434, 0.703041, -0.002831, 0.858029, -0.289217, -0.424428, -1.2e-05, 0.0, 0.0, 0.0, 1.0],
                [0.501464, 0.650336, 0.57061, 0.124994, 0.110991, -0.702434, 0.703041, -0.002831, 0.858029, -0.289217, -0.424428, -1.2e-05, 0.0, 0.0, 0.0, 1.0],
                [0.502246, 0.649969, 0.57034, 0.124994, 0.110911, -0.702533, 0.702954, -0.002831, 0.857582, -0.289798, -0.424934, -1.2e-05, 0.0, 0.0, 0.0, 1.0],
                [0.504551, 0.648878, 0.569548, 0.124994, 0.110678, -0.702837, 0.702687, -0.002831, 0.856258, -0.291504, -0.426434, -1.2e-05, 0.0, 0.0, 0.0, 1.0],
                [0.508313, 0.647058, 0.568271, 0.124994, 0.110304, -0.703364, 0.702218, -0.002831, 0.854079, -0.294264, -0.428903, -1.2e-05, 0.0, 0.0, 0.0, 1.0],
                [0.513464, 0.644494, 0.566552, 0.124994, 0.109802, -0.704148, 0.701511, -0.002831, 0.851057, -0.297991, -0.432323, -1.2e-05, 0.0, 0.0, 0.0, 1.0],
                [0.519929, 0.641159, 0.564436, 0.124994, 0.109192, -0.705233, 0.700515, -0.002831, 0.847201, -0.302586, -0.436682, -1.2e-05, 0.0, 0.0, 0.0, 1.0],
                [0.527631, 0.637019, 0.561971, 0.124994, 0.108495, -0.706668, 0.699177, -0.002831, 0.842517, -0.307935, -0.441974, -1.2e-05, 0.0, 0.0, 0.0, 1.0],
                [0.536486, 0.63204, 0.559202, 0.124994, 0.107734, -0.708503, 0.697435, -0.002831, 0.837004, -0.313918, -0.448195, -1.2e-05, 0.0, 0.0, 0.0, 1.0],
                [0.546407, 0.626192, 0.556168, 0.124994, 0.106936, -0.710791, 0.695227, -0.002831, 0.830665, -0.320401, -0.455344, -1.2e-05, 0.0, 0.0, 0.0, 1.0],
                [0.557301, 0.619448, 0.552901, 0.124994, 0.106131, -0.713576, 0.692491, -0.002831, 0.8235, -0.327245, -0.46342, -1.2e-05, 0.0, 0.0, 0.0, 1.0],
                [0.56907, 0.611795, 0.549422, 0.124994, 0.10535, -0.716899, 0.68917, -0.002831, 0.815512, -0.334304, -0.47242, -1.2e-05, 0.0, 0.0, 0.0, 1.0],
                [0.581613, 0.60323, 0.545745, 0.124994, 0.10463, -0.72079, 0.68521, -0.002831, 0.806708, -0.341426, -0.482338, -1.2e-05, 0.0, 0.0, 0.0, 1.0],
                [0.594823, 0.593766, 0.541873, 0.124994, 0.104006, -0.725271, 0.680561, -0.002831, 0.7971, -0.348454, -0.493164, -1.2e-05, 0.0, 0.0, 0.0, 1.0],
                [0.608587, 0.583433, 0.537798, 0.124994, 0.103519, -0.730351, 0.675182, -0.002831, 0.786705, -0.355234, -0.50488, -1.2e-05, 0.0, 0.0, 0.0, 1.0],
                [0.622791, 0.572278, 0.533506, 0.124994, 0.103213, -0.736028, 0.669036, -0.002831, 0.77555, -0.361604, -0.517459, -1.2e-05, 0.0, 0.0, 0.0, 1.0],
                [0.637314, 0.56037, 0.528976, 0.124994, 0.10313, -0.742289, 0.662094, -0.002831, 0.763672, -0.367408, -0.530863, -1.2e-05, 0.0, 0.0, 0.0, 1.0],
                [0.652036, 0.547796, 0.524183, 0.124994, 0.103319, -0.749109, 0.654339, -0.002831, 0.751115, -0.372494, -0.545044, -1.2e-05, 0.0, 0.0, 0.0, 1.0],
                [0.666832, 0.534665, 0.519103, 0.124994, 0.103827, -0.756451, 0.645756, -0.002831, 0.737939, -0.376713, -0.559939, -1.2e-05, 0.0, 0.0, 0.0, 1.0],
                [0.681579, 0.521102, 0.513713, 0.124994, 0.104706, -0.764267, 0.636342, -0.002831, 0.724214, -0.379929, -0.575472, -1.2e-05, 0.0, 0.0, 0.0, 1.0],
                [0.696154, 0.507254, 0.507997, 0.124994, 0.106005, -0.772499, 0.626104, -0.002831, 0.710022, -0.382014, -0.591552, -1.2e-05, 0.0, 0.0, 0.0, 1.0],
                [0.710436, 0.493282, 0.501949, 0.124994, 0.107777, -0.781082, 0.615055, -0.002831, 0.69546, -0.382858, -0.608074, -1.2e-05, 0.0, 0.0, 0.0, 1.0],
                [0.724306, 0.47936, 0.495575, 0.124994, 0.110073, -0.789941, 0.603221, -0.002831, 0.680635, -0.382366, -0.624925, -1.2e-05, 0.0, 0.0, 0.0, 1.0],
                [0.737651, 0.465672, 0.488895, 0.124994, 0.112943, -0.798995, 0.590635, -0.002831, 0.665668, -0.380464, -0.641976, -1.2e-05, 0.0, 0.0, 0.0, 1.0],
                [0.750366, 0.452408, 0.48195, 0.124994, 0.116435, -0.808157, 0.577341, -0.002831, 0.650686, -0.3771, -0.659092, -1.2e-05, 0.0, 0.0, 0.0, 1.0],
                [0.762351, 0.439758, 0.474798, 0.124994, 0.120594, -0.81734, 0.563393, -0.002831, 0.635828, -0.372245, -0.676133, -1.2e-05, 0.0, 0.0, 0.0, 1.0],
                [0.773514, 0.427904, 0.467517, 0.124994, 0.125459, -0.826449, 0.548853, -0.002831, 0.621236, -0.365891, -0.692956, -1.2e-05, 0.0, 0.0, 0.0, 1.0],
                [0.783776, 0.417023, 0.460203, 0.124994, 0.131064, -0.835393, 0.533796, -0.002831, 0.607056, -0.35806, -0.709419, -1.2e-05, 0.0, 0.0, 0.0, 1.0],
                [0.793063, 0.40727, 0.452969, 0.124994, 0.137436, -0.84408, 0.518303, -0.002831, 0.593432, -0.348792, -0.725384, -1.2e-05, 0.0, 0.0, 0.0, 1.0],
                [0.801317, 0.398782, 0.445941, 0.124994, 0.14459, -0.852421, 0.502463, -0.002831, 0.580504, -0.338153, -0.740721, -1.2e-05, 0.0, 0.0, 0.0, 1.0],
                [0.808487, 0.391665, 0.439257, 0.124994, 0.152532, -0.860333, 0.486374, -0.002831, 0.568403, -0.326226, -0.755311, -1.2e-05, 0.0, 0.0, 0.0, 1.0],
                [0.814537, 0.385994, 0.433056, 0.124994, 0.161253, -0.867736, 0.470137, -0.002831, 0.557249, -0.313112, -0.769048, -1.2e-05, 0.0, 0.0, 0.0, 1.0],
                [0.819441, 0.38181, 0.427477, 0.124994, 0.170731, -0.874563, 0.453859, -0.002831, 0.547144, -0.298927, -0.781842, -1.2e-05, 0.0, 0.0, 0.0, 1.0],
                [0.823188, 0.379116, 0.42265, 0.124994, 0.180927, -0.880754, 0.437648, -0.002831, 0.53817, -0.283797, -0.79362, -1.2e-05, 0.0, 0.0, 0.0, 1.0],
                [0.825777, 0.377872, 0.418694, 0.124994, 0.191784, -0.886263, 0.421608, -0.002831, 0.530387, -0.267855, -0.804328, -1.2e-05, 0.0, 0.0, 0.0, 1.0],
                [0.827224, 0.378007, 0.415704, 0.124994, 0.20323, -0.891059, 0.405843, -0.002831, 0.523829, -0.251239, -0.81393, -1.2e-05, 0.0, 0.0, 0.0, 1.0],
                [0.827561, 0.379408, 0.413754, 0.124994, 0.215175, -0.895125, 0.390446, -0.002831, 0.5185, -0.234088, -0.822412, -1.2e-05, 0.0, 0.0, 0.0, 1.0],
                [0.826831, 0.381933, 0.412889, 0.124994, 0.227512, -0.898463, 0.375499, -0.002831, 0.514382, -0.216536, -0.829773, -1.2e-05, 0.0, 0.0, 0.0, 1.0],
                [0.825097, 0.385414, 0.413123, 0.124994, 0.240125, -0.90109, 0.361074, -0.002831, 0.511425, -0.198719, -0.836036, -1.2e-05, 0.0, 0.0, 0.0, 1.0],
                [0.822437, 0.389662, 0.41444, 0.124994, 0.252882, -0.903042, 0.347221, -0.002831, 0.509556, -0.180763, -0.841236, -1.2e-05, 0.0, 0.0, 0.0, 1.0],
                [0.818945, 0.394476, 0.416795, 0.124994, 0.265652, -0.90437, 0.333977, -0.002831, 0.508683, -0.162787, -0.845424, -1.2e-05, 0.0, 0.0, 0.0, 1.0],
                [0.814729, 0.399652, 0.420113, 0.124994, 0.278295, -0.905139, 0.32136, -0.002831, 0.508694, -0.144906, -0.848666, -1.2e-05, 0.0, 0.0, 0.0, 1.0],
                [0.80991, 0.404988, 0.424299, 0.124994, 0.290677, -0.905425, 0.309369, -0.002831, 0.509463, -0.127227, -0.851035, -1.2e-05, 0.0, 0.0, 0.0, 1.0],
                [0.804619, 0.410294, 0.429239, 0.124994, 0.302671, -0.905311, 0.297994, -0.002831, 0.51086, -0.109853, -0.852617, -1.2e-05, 0.0, 0.0, 0.0, 1.0],
                [0.798994, 0.415399, 0.434801, 0.124994, 0.314157, -0.904883, 0.287209, -0.002831, 0.512751, -0.092883, -0.853498, -1.2e-05, 0.0, 0.0, 0.0, 1.0],
                [0.793175, 0.420154, 0.440845, 0.124994, 0.325031, -0.904228, 0.276991, -0.002831, 0.515003, -0.076414, -0.853776, -1.2e-05, 0.0, 0.0, 0.0, 1.0],
                [0.787301, 0.424439, 0.447222, 0.124994, 0.335199, -0.903428, 0.267314, -0.002831, 0.517492, -0.060548, -0.853544, -1.2e-05, 0.0, 0.0, 0.0, 1.0],
                [0.78151, 0.428168, 0.453776, 0.124994, 0.344586, -0.902556, 0.258165, -0.002831, 0.520097, -0.045394, -0.8529, -1.2e-05, 0.0, 0.0, 0.0, 1.0],
                [0.77593, 0.431287, 0.46035, 0.124994, 0.353129, -0.901678, 0.249549, -0.002831, 0.522715, -0.031069, -0.851941, -1.2e-05, 0.0, 0.0, 0.0, 1.0],
                [0.770683, 0.43378, 0.466778, 0.124994, 0.360777, -0.900843, 0.241494, -0.002831, 0.52525, -0.017712, -0.850764, -1.2e-05, 0.0, 0.0, 0.0, 1.0],
                [0.765878, 0.435665, 0.472892, 0.124994, 0.367492, -0.90009, 0.23406, -0.002831, 0.527618, -0.005478, -0.849464, -1.2e-05, 0.0, 0.0, 0.0, 1.0],
                [0.761613, 0.436997, 0.478517, 0.124994, 0.373243, -0.899444, 0.227347, -0.002831, 0.52975, 0.005452, -0.848136, -1.2e-05, 0.0, 0.0, 0.0, 1.0],
                [0.757977, 0.437858, 0.483477, 0.124994, 0.378003, -0.898919, 0.221485, -0.002831, 0.531586, 0.014875, -0.846874, -1.2e-05, 0.0, 0.0, 0.0, 1.0],
                [0.755047, 0.438354, 0.487595, 0.124994, 0.38175, -0.898517, 0.216635, -0.002831, 0.533076, 0.022569, -0.845766, -1.2e-05, 0.0, 0.0, 0.0, 1.0],
                [0.75289, 0.438598, 0.490702, 0.124994, 0.384462, -0.898236, 0.212976, -0.002831, 0.534178, 0.028309, -0.844898, -1.2e-05, 0.0, 0.0, 0.0, 1.0],
                [0.75156, 0.438693, 0.49265, 0.124994, 0.386112, -0.898069, 0.21068, -0.002831, 0.534858, 0.031879, -0.84434, -1.2e-05, 0.0, 0.0, 0.0, 1.0],
                [0.751109, 0.438715, 0.493318, 0.124994, 0.38667, -0.898014, 0.20989, -0.002831, 0.535089, 0.033101, -0.844147, -1.2e-05, 0.0, 0.0, 0.0, 1.0]
            ]
        },
        {
            "name": "Leg_R",
            "time": [0.0, 0.0167, 0.0333, 0.05, 0.0667, 0.0833, 0.1, 0.1167, 0.1333, 0.15, 0.1667, 0.1833, 0.2, 0.2167, 0.2333, 0.25, 0.2667, 0.2833, 0.3, 0.3167, 0.3333, 0.35, 0.3667, 0.3833, 0.4, 0.4167, 0.4333, 0.45, 0.4667, 0.4833, 0.5, 0.5167, 0.5333, 0.55, 0.5667, 0.5833, 0.6, 0.6167, 0.6333, 0.65, 0.6667, 0.6833, 0.7, 0.7167, 0.7333, 0.75, 0.7667, 0.7833, 0.8, 0.8167, 0.8333, 0.85, 0.8667, 0.8833, 0.9, 0.9167, 0.9333, 0.95, 0.9667, 0.9833, 1.0, 1.0167, 1.0333, 1.05, 1.0667, 1.0833, 1.1, 1.1167, 1.1333, 1.15, 1.1667, 1.1833, 1.2, 1.2167, 1.2333, 1.25, 1.2667, 1.2833, 1.3, 1.3167, 1.3333, 1.35, 1.3667, 1.3833, 1.4, 1.4167, 1.4333, 1.45, 1.4667, 1.4833, 1.5, 1.5167, 1.5333, 1.55, 1.5667, 1.5833, 1.6, 1.6167, 1.6333],
            "transform": [
                [1.0, -0.0, 1e-06, 0.0, -0.0, 0.719169, 0.694836, 0.374726, -1e-06, -0.694838, 0.719165, -0.0, 0.0, 0.0, 0.0, 1.0],
                [1.0, -1e-06, 1e-06, 0.0, -0.0, 0.633267, 0.773933, 0.374726, -1e-06, -0.773935, 0.633264, 0.0, 0.0, 0.0, 0.0, 1.0],
                [1.0, -1e-06, 1e-06, -0.0, -0.0, 0.560918, 0.827872, 0.374726, -1e-06, -0.827873, 0.560914, -0.0, 0.0, 0.0, 0.0, 1.0],
                [1.0, -1e-06, 1e-06, -0.0, -0.0, 0.501346, 0.865247, 0.374726, -1e-06, -0.865249, 0.501343, -0.0, 0.0, 0.0, 0.0, 1.0],
                [1.0, -1e-06, 1e-06, 0.0, -0.0, 0.453723, 0.891143, 0.374726, -1e-06, -0.891145, 0.45372, -0.0, 0.0, 0.0, 0.0, 1.0],
                [1.0, -1e-06, 1e-06, 0.0, -0.0, 0.417212, 0.908809, 0.374726, -1e-06, -0.90881, 0.41721, 0.0, 0.0, 0.0, 0.0, 1.0],
                [1.0, -1e-06, 1e-06, 0.0, -0.0, 0.39101, 0.920386, 0.374726, -1e-06, -0.920388, 0.391008, 0.0, 0.0, 0.0, 0.0, 1.0],
                [1.0, -1e-06, 1e-06, -0.0, -0.0, 0.374396, 0.927268, 0.374726, -1e-06, -0.92727, 0.374393, -0.0, 0.0, 0.0, 0.0, 1.0],
                [1.0, -1e-06, 1e-06, 0.0, -0.0, 0.366781, 0.930307, 0.374726, -1e-06, -0.930309, 0.366779, 0.0, 0.0, 0.0, 0.0, 1.0],
                [1.0, -1e-06, 0.0, -0.0, -0.0, 0.367755, 0.929922, 0.374726, -1e-06, -0.929924, 0.367754, -0.0, 0.0, 0.0, 0.0, 1.0],
                [1.0, -1e-06, 0.0, -0.0, -0.0, 0.37711, 0.926168, 0.374726, -1e-06, -0.92617, 0.377108, 0.0, 0.0, 0.0, 0.0, 1.0],
                [1.0, -1e-06, 1e-06, 0.0, -0.0, 0.394852, 0.918744, 0.374726, -1e-06, -0.918746, 0.39485, -0.0, 0.0, 0.0, 0.0, 1.0],
                [1.0, -1e-06, 1e-06, -0.0, -0.0, 0.421199, 0.906968, 0.374726, -1e-06, -0.906969, 0.421197, 0.0, 0.0, 0.0, 0.0, 1.0],
                [1.0, -1e-06, 1e-06, 0.0, -0.0, 0.456552, 0.889697, 0.374726, -1e-06, -0.889699, 0.456549, 0.0, 0.0, 0.0, 0.0, 1.0],
                [1.0, -1e-06, 1e-06, 0.0, -0.0, 0.501462, 0.865179, 0.374726, -1e-06, -0.865181, 0.50146, 0.0, 0.0, 0.0, 0.0, 1.0],
                [1.0, -1e-06, 1e-06, -0.0, -0.0, 0.55659, 0.830788, 0.374726, -1e-06, -0.830789, 0.556586, -0.0, 0.0, 0.0, 0.0, 1.0],
                [1.0, -1e-06, 1e-06, -0.0, -0.0, 0.622649, 0.782502, 0.374726, -1e-06, -0.782503, 0.622645, 0.0, 0.0, 0.0, 0.0, 1.0],
                [1.0, -1e-06, 1e-06, -0.0, -0.0, 0.700374, 0.713777, 0.374726, -1e-06, -0.713778, 0.70037, -0.0, 0.0, 0.0, 0.0, 1.0],
                [1.0, -1e-06, 1e-06, -0.0, -0.0, 0.700375, 0.713776, 0.374726, -1e-06, -0.713778, 0.700371, 0.0, 0.0, 0.0, 0.0, 1.0],
                [1.0, -1e-06, 1e-06, -0.0, -0.0, 0.700375, 0.713776, 0.374726, -1e-06, -0.713778, 0.700371, 0.0, 0.0, 0.0, 0.0, 1.0],
                [1.0, -1e-06, 1e-06, -0.0, -0.0, 0.700375, 0.713776, 0.374726, -1e-06, -0.713778, 0.700371, 0.0, 0.0, 0.0, 0.0, 1.0],
                [1.0, -1e-06, 1e-06, -0.0, -0.0, 0.700375, 0.713776, 0.374726, -1e-06, -0.713778, 0.700371, 0.0, 0.0, 0.0, 0.0, 1.0],
                [1.0, -1e-06, 1e-06, -0.0, -0.0, 0.700375, 0.713776, 0.374726, -1e-06, -0.713778, 0.700371, 0.0, 0.0, 0.0, 0.0, 1.0],
                [1.0, -1e-06, 1e-06, -0.0, -0.0, 0.700375, 0.713776, 0.374726, -1e-06, -0.713778, 0.700371, 0.0, 0.0, 0.0, 0.0, 1.0],
                [1.0, -1e-06, 1e-06, -0.0, -0.0, 0.700375, 0.713776, 0.374726, -1e-06, -0.713778, 0.700371, 0.0, 0.0, 0.0, 0.0, 1.0],
                [1.0, -1e-06, 1e-06, -0.0, -0.0, 0.700375, 0.713776, 0.374726, -1e-06, -0.713778, 0.700371, 0.0, 0.0, 0.0, 0.0, 1.0],
                [1.0, -1e-06, 1e-06, -0.0, -0.0, 0.700375, 0.713776, 0.374726, -1e-06, -0.713778, 0.700371, 0.0, 0.0, 0.0, 0.0, 1.0],
                [1.0, -1e-06, 1e-06, -0.0, -0.0, 0.700375, 0.713776, 0.374726, -1e-06, -0.713778, 0.700371, 0.0, 0.0, 0.0, 0.0, 1.0],
                [1.0, -1e-06, 1e-06, -0.0, -0.0, 0.700375, 0.713776, 0.374726, -1e-06, -0.713778, 0.700371, 0.0, 0.0, 0.0, 0.0, 1.0],
                [1.0, -1e-06, 1e-06, -0.0, -0.0, 0.700375, 0.713776, 0.374726, -1e-06, -0.713778, 0.700371, 0.0, 0.0, 0.0, 0.0, 1.0],
                [1.0, -1e-06, 1e-06, -0.0, -0.0, 0.700375, 0.713776, 0.374726, -1e-06, -0.713778, 0.700371, 0.0, 0.0, 0.0, 0.0, 1.0],
                [1.0, -1e-06, 1e-06, -0.0, -0.0, 0.700375, 0.713776, 0.374726, -1e-06, -0.713778, 0.700371, 0.0, 0.0, 0.0, 0.0, 1.0],
                [1.0, -1e-06, 1e-06, -0.0, -0.0, 0.700375, 0.713776, 0.374726, -1e-06, -0.713778, 0.700371, 0.0, 0.0, 0.0, 0.0, 1.0],
                [1.0, -1e-06, 1e-06, -0.0, -0.0, 0.700375, 0.713776, 0.374726, -1e-06, -0.713778, 0.700371, 0.0, 0.0, 0.0, 0.0, 1.0],
                [1.0, -1e-06, 1e-06, -0.0, -0.0, 0.700375, 0.713776, 0.374726, -1e-06, -0.713778, 0.700371, 0.0, 0.0, 0.0, 0.0, 1.0],
                [1.0, -1e-06, 1e-06, -0.0, -0.0, 0.700375, 0.713776, 0.374726, -1e-06, -0.713778, 0.700371, 0.0, 0.0, 0.0, 0.0, 1.0],
                [1.0, -1e-06, 1e-06, -0.0, -0.0, 0.700375, 0.713776, 0.374726, -1e-06, -0.713778, 0.700371, 0.0, 0.0, 0.0, 0.0, 1.0],
                [1.0, -1e-06, 1e-06, -0.0, -0.0, 0.700375, 0.713776, 0.374726, -1e-06, -0.713778, 0.700371, 0.0, 0.0, 0.0, 0.0, 1.0],
                [1.0, -1e-06, 1e-06, -0.0, -0.0, 0.700375, 0.713776, 0.374726, -1e-06, -0.713778, 0.700371, 0.0, 0.0, 0.0, 0.0, 1.0],
                [1.0, -1e-06, 1e-06, -0.0, -0.0, 0.700375, 0.713776, 0.374726, -1e-06, -0.713778, 0.700371, 0.0, 0.0, 0.0, 0.0, 1.0],
                [1.0, -1e-06, 1e-06, -0.0, -0.0, 0.700375, 0.713776, 0.374726, -1e-06, -0.713778, 0.700371, 0.0, 0.0, 0.0, 0.0, 1.0],
                [1.0, -1e-06, 1e-06, -0.0, -0.0, 0.700375, 0.713776, 0.374726, -1e-06, -0.713778, 0.700371, 0.0, 0.0, 0.0, 0.0, 1.0],
                [1.0, -1e-06, 1e-06, -0.0, -0.0, 0.700375, 0.713776, 0.374726, -1e-06, -0.713778, 0.700371, 0.0, 0.0, 0.0, 0.0, 1.0],
                [1.0, -1e-06, 1e-06, -0.0, -0.0, 0.700375, 0.713776, 0.374726, -1e-06, -0.713778, 0.700371, 0.0, 0.0, 0.0, 0.0, 1.0],
                [1.0, -1e-06, 1e-06, -0.0, -0.0, 0.699555, 0.71458, 0.374726, -1e-06, -0.714581, 0.699551, 0.0, 0.0, 0.0, 0.0, 1.0],
                [1.0, -0.0, 1e-06, 0.0, -0.0, 0.697148, 0.716928, 0.374726, -1e-06, -0.716929, 0.697145, 0.0, 0.0, 0.0, 0.0, 1.0],
                [1.0, -1e-06, 1e-06, 0.0, -0.0, 0.693257, 0.720692, 0.374726, -1e-06, -0.720693, 0.693253, 0.0, 0.0, 0.0, 0.0, 1.0],
                [1.0, -1e-06, 1e-06, 0.0, -0.0, 0.688003, 0.725709, 0.374726, -1e-06, -0.72571, 0.687999, -0.0, 0.0, 0.0, 0.0, 1.0],
                [1.0, -0.0, 1e-06, 0.0, -0.0, 0.681529, 0.731792, 0.374726, -1e-06, -0.731794, 0.681525, -0.0, 0.0, 0.0, 0.0, 1.0],
                [1.0, -1e-06, 1e-06, -0.0, -0.0, 0.673992, 0.73874, 0.374726, -1e-06, -0.738741, 0.673988, 0.0, 0.0, 0.0, 0.0, 1.0],
                [1.0, -1e-06, 1e-06, -0.0, -0.0, 0.66556, 0.746345, 0.374726, -1e-06, -0.746347, 0.665556, 0.0, 0.0, 0.0, 0.0, 1.0],
                [1.0, -1e-06, 1e-06, 0.0, -0.0, 0.656411, 0.754404, 0.374726, -1e-06, -0.754406, 0.656408, 0.0, 0.0, 0.0, 0.0, 1.0],
                [1.0, -0.0, 1e-06, -0.0, -0.0, 0.646727, 0.762722, 0.374726, -1e-06, -0.762723, 0.646724, 0.0, 0.0, 0.0, 0.0, 1.0],
                [1.0, -0.0, 1e-06, -0.0, -0.0, 0.63669, 0.77112, 0.374726, -1e-06, -0.771122, 0.636687, -0.0, 0.0, 0.0, 0.0, 1.0],
                [1.0, -1e-06, 1e-06, 0.0, -0.0, 0.626485, 0.779434, 0.374726, -1e-06, -0.779436, 0.626481, -0.0, 0.0, 0.0, 0.0, 1.0],
                [1.0, -1e-06, 1e-06, -0.0, -0.0, 0.61629, 0.78752, 0.374726, -1e-06, -0.787521, 0.616287, 0.0, 0.0, 0.0, 0.0, 1.0],
                [1.0, -1e-06, 1e-06, -0.0, -0.0, 0.606277, 0.795254, 0.374726, -1e-06, -0.795255, 0.606273, -0.0, 0.0, 0.0, 0.0, 1.0],
                [1.0, -1e-06, 1e-06, 0.0, -0.0, 0.596612, 0.802531, 0.374726, -1e-06, -0.802532, 0.596608, -0.0, 0.0, 0.0, 0.0, 1.0],
                [1.0, -1e-06, 1e-06, 0.0, -0.0, 0.587449, 0.809261, 0.374726, -1e-06, -0.809263, 0.587446, -0.0, 0.0, 0.0, 0.0, 1.0],
                [1.0, -1e-06, 1e-06, 0.0, -0.0, 0.578933, 0.815375, 0.374726, -1e-06, -0.815377, 0.57893, -0.0, 0.0, 0.0, 0.0, 1.0],
                [1.0, -1e-06, 1e-06, 0.0, -0.0, 0.571194, 0.820815, 0.374726, -1e-06, -0.820816, 0.571191, -0.0, 0.0, 0.0, 0.0, 1.0],
                [1.0, -1e-06, 1e-06, -0.0, -0.0, 0.564352, 0.825535, 0.374726, -1e-06, -0.825536, 0.564349, 0.0, 0.0, 0.0, 0.0, 1.0],
