{
    "animation": [
        {
            "name": "Root",
            "time": [0.0, 0.2, 0.6167, 1.1667, 1.3833, 1.55, 2.4667],
            "transform": [
                [0.876174, 0.0, 0.481995, -5e-06, 0.481995, 0.0, -0.876174, 0.000946, 0.0, 1.0, 0.0, 0.66998, 0.0, 0.0, 0.0, 1.0],
                [0.926847, 0.012628, 0.375227, -5e-06, 0.371918, 0.10568, -0.92223, 0.037726, -0.051299, 0.99432, 0.093252, 0.592334, 0.0, 0.0, 0.0, 1.0],
                [-0.98941, -0.14059, 0.0361, 0.002722, 0.035582, 0.006198, 0.999348, 1.470642, -0.140722, 0.990049, -0.00113, 1.304996, 0.0, 0.0, 0.0, 1.0],
                [0.342384, 0.0, -0.93956, 0.005679, -0.93956, 0.0, -0.342384, 2.933644, 0.0, 1.0, 0.0, 0.728539, 0.0, 0.0, 0.0, 1.0],
                [0.342384, 0.0, -0.93956, 0.005679, -0.93956, 0.0, -0.342384, 3.128821, 0.0, 1.0, 0.0, 0.645172, 0.0, 0.0, 0.0, 1.0],
                [0.342384, 0.0, -0.93956, 0.005679, -0.93956, 0.0, -0.342384, 2.933644, 0.0, 1.0, 0.0, 0.728539, 0.0, 0.0, 0.0, 1.0],
                [0.987885, 0.066124, 0.140392, 0.005679, 0.149943, -0.173558, -0.973342, 2.742391, -0.039995, 0.982601, -0.18137, 0.76777, 0.0, 0.0, 0.0, 1.0]
            ]
        },
        {
            "name": "Thigh_R",
            "time": [0.0, 0.2, 0.6167, 1.1667, 1.3833, 1.55, 2.4667],
            "transform": [
                [0.728324, 0.526963, 0.438012, 0.124994, 0.264558, -0.8059, 0.529656, -0.002831, 0.632102, -0.269881, -0.726368, -1.2e-05, 0.0, 0.0, 0.0, 1.0],
                [0.805449, 0.578372, 0.129375, 0.124994, 0.305124, -0.591813, 0.746094, -0.002831, 0.508086, -0.561465, -0.653151, -1.2e-05, 0.0, 0.0, 0.0, 1.0],
                [0.562105, 0.508663, 0.65215, 0.124994, 0.472414, -0.844687, 0.251652, -0.002831, 0.678869, 0.16663, -0.715102, -1.2e-05, 0.0, 0.0, 0.0, 1.0],
                [0.843607, 0.426522, 0.326199, 0.124994, 0.159505, -0.779124, 0.606238, -0.002831, 0.512724, -0.459396, -0.725307, -1.2e-05, 0.0, 0.0, 0.0, 1.0],
                [0.612283, 0.706753, 0.354415, 0.124994, 0.301733, -0.623213, 0.721501, -0.002831, 0.730799, -0.334824, -0.594833, -1.2e-05, 0.0, 0.0, 0.0, 1.0],
                [0.843607, 0.426522, 0.326199, 0.124994, 0.159505, -0.779124, 0.606238, -0.002831, 0.512724, -0.459396, -0.725307, -1.2e-05, 0.0, 0.0, 0.0, 1.0],
                [0.623605, 0.405355, 0.668435, 0.124994, 0.433055, -0.891001, 0.136313, -0.002831, 0.650831, 0.204463, -0.731173, -1.1e-05, 0.0, 0.0, 0.0, 1.0]
            ]
        },
        {
            "name": "Leg_R",
            "time": [0.0, 0.2, 0.6167, 1.1667, 1.55, 2.4667],
            "transform": [
                [1.0, -0.0, 1e-06, -0.0, -0.0, 0.732654, 0.680601, 0.374726, -1e-06, -0.680601, 0.732654, -0.0, 0.0, 0.0, 0.0, 1.0],
                [1.0, -1e-06, 1e-06, 0.0, -0.0, 0.340083, 0.940395, 0.374726, -1e-06, -0.940395, 0.340083, 0.0, 0.0, 0.0, 0.0, 1.0],
                [1.0, -1e-06, 1e-06, -0.0, -0.0, 0.508502, 0.861061, 0.374726, -1e-06, -0.861061, 0.508502, 0.0, 0.0, 0.0, 0.0, 1.0],
                [1.0, -0.0, 1e-06, -0.0, -0.0, 0.853139, 0.521684, 0.374726, -1e-06, -0.521684, 0.853139, -0.0, 0.0, 0.0, 0.0, 1.0],
                [1.0, -0.0, 1e-06, -0.0, -0.0, 0.853139, 0.521684, 0.374726, -1e-06, -0.521684, 0.853139, -0.0, 0.0, 0.0, 0.0, 1.0],
                [1.0, -0.0, 1e-06, -0.0, -0.0, 0.928166, 0.372166, 0.374726, -1e-06, -0.372167, 0.928166, 0.0, 0.0, 0.0, 0.0, 1.0]
            ]
        },
        {
            "name": "Knee_R",
            "time": [0.0, 2.4667],
            "transform": [
                [1.0, 0.0, -0.0, 0.0, -0.0, 0.00567, -0.999984, 0.397168, -0.0, 0.999984, 0.00567, -0.000127, 0.0, 0.0, 0.0, 1.0],
                [1.0, 0.0, -0.0, 0.0, -0.0, 0.00567, -0.999984, 0.374726, -0.0, 0.999984, 0.00567, 0.0, 0.0, 0.0, 0.0, 1.0]
            ]
        },
        {
            "name": "Thigh_L",
            "time": [0.0, 0.2, 0.6167, 1.1667, 1.3833, 1.55, 2.4667],
            "transform": [
                [0.958322, -0.175898, 0.225117, -0.125006, -0.258145, -0.870724, 0.41857, -0.002831, 0.12239, -0.459238, -0.879841, -1.2e-05, 0.0, 0.0, 0.0, 1.0],
                [0.966012, -0.190637, 0.174582, -0.125006, -0.256644, -0.788054, 0.559557, -0.002831, 0.030908, -0.585344, -0.810196, -1.2e-05, 0.0, 0.0, 0.0, 1.0],
                [0.897648, -0.029666, 0.439714, -0.125006, -0.198957, -0.917553, 0.344255, -0.002831, 0.393249, -0.396504, -0.829542, -1.2e-05, 0.0, 0.0, 0.0, 1.0],
                [0.658458, -0.667387, -0.347891, -0.125006, -0.488544, -0.730637, 0.476964, -0.002831, -0.572502, -0.144101, -0.807141, -1.2e-05, 0.0, 0.0, 0.0, 1.0],
                [0.728835, -0.573998, -0.373264, -0.125006, -0.406384, -0.801401, 0.438872, -0.002831, -0.551046, -0.168177, -0.817353, -1.2e-05, 0.0, 0.0, 0.0, 1.0],
                [0.658458, -0.667387, -0.347891, -0.125006, -0.488544, -0.730637, 0.476964, -0.002831, -0.572502, -0.144101, -0.807141, -1.2e-05, 0.0, 0.0, 0.0, 1.0],
                [0.989858, -0.064873, 0.126382, -0.125006, -0.089365, -0.975921, 0.198979, -0.002831, 0.110431, -0.208255, -0.97182, -1.1e-05, 0.0, 0.0, 0.0, 1.0]
            ]
        },
        {
            "name": "Leg_L",
            "time": [0.0, 0.2, 0.6167, 1.1667, 1.55, 2.4667],
            "transform": [
                [1.0, -1e-06, 1e-06, 0.0, -0.0, 0.623992, 0.78143, 0.374726, -1e-06, -0.78143, 0.623993, -0.0, 0.0, 0.0, 0.0, 1.0],
                [1.0, -1e-06, 0.0, -0.0, -0.0, 0.336051, 0.941844, 0.374726, -1e-06, -0.941844, 0.336051, -0.0, 0.0, 0.0, 0.0, 1.0],
                [1.0, -1e-06, 1e-06, 0.0, -0.0, 0.449443, 0.893309, 0.374726, -1e-06, -0.893309, 0.449443, -0.0, 0.0, 0.0, 0.0, 1.0],
                [1.0, -0.0, 1e-06, -0.0, -0.0, 0.545479, 0.838124, 0.374726, -1e-06, -0.838124, 0.545479, 0.0, 0.0, 0.0, 0.0, 1.0],
                [1.0, -0.0, 1e-06, -0.0, -0.0, 0.545479, 0.838124, 0.374726, -1e-06, -0.838124, 0.545479, 0.0, 0.0, 0.0, 0.0, 1.0],
                [1.0, -0.0, 1e-06, 0.0, -0.0, 0.900087, 0.435708, 0.374726, -1e-06, -0.435709, 0.900088, 0.0, 0.0, 0.0, 0.0, 1.0]
            ]
        },
        {
            "name": "Knee_L",
            "time": [0.0, 2.4667],
            "transform": [
                [1.0, 0.0, -0.0, 0.0, -0.0, 0.00567, -0.999984, 0.412753, -0.0, 0.999984, 0.00567, -0.000216, 0.0, 0.0, 0.0, 1.0],
                [1.0, 0.0, -0.0, 0.0, -0.0, 0.00567, -0.999984, 0.374726, -0.0, 0.999984, 0.00567, 1e-06, 0.0, 0.0, 0.0, 1.0]
            ]
        },
        {
            "name": "Torso",
            "time": [0.0, 0.2, 0.6167, 1.1667, 1.3833, 1.55, 2.4667],
            "transform": [
                [1.0, 0.0, 0.0, 0.0, 0.0, 1.0, 0.0, 0.05, 0.0, 0.0, 1.0, 0.0, 0.0, 0.0, 0.0, 1.0],
                [1.0, -0.0, -0.0, 0.0, 0.0, 1.0, -0.0, 0.05, 0.0, 0.0, 1.0, 0.0, 0.0, 0.0, 0.0, 1.0],
                [0.999974, -0.006717, -0.002744, -0.0, 0.006983, 0.993642, 0.112365, 0.05, 0.001972, -0.112381, 0.993663, 0.0, 0.0, 0.0, 0.0, 1.0],
                [0.999567, 0.028745, 0.006343, 0.0, -0.029152, 0.936742, 0.348803, 0.05, 0.004085, -0.348837, 0.937174, 0.0, 0.0, 0.0, 0.0, 1.0],
                [0.999886, -0.013603, -0.006553, 0.0, 0.014754, 0.972471, 0.232555, 0.05, 0.003209, -0.232626, 0.972561, 0.0, 0.0, 0.0, 0.0, 1.0],
                [0.999886, -0.013603, -0.006553, 0.0, 0.014754, 0.972471, 0.232555, 0.05, 0.003209, -0.232626, 0.972561, 0.0, 0.0, 0.0, 0.0, 1.0],
                [0.999886, -0.013603, -0.006553, 0.0, 0.014754, 0.972471, 0.232555, 0.05, 0.003209, -0.232625, 0.972561, 0.0, 0.0, 0.0, 0.0, 1.0]
            ]
        },
        {
            "name": "Chest",
            "time": [0.0, 0.2, 0.6167, 1.1667, 1.3833, 1.55, 2.4667],
            "transform": [
                [1.0, 0.0, 0.0, 0.0, 0.0, 0.977873, 0.2092, 0.3, 0.0, -0.2092, 0.977873, 0.0, 0.0, 0.0, 0.0, 1.0],
                [0.99349, 0.108317, 0.035273, -0.0, -0.113299, 0.907387, 0.404737, 0.3, 0.011833, -0.406099, 0.913753, 0.0, 0.0, 0.0, 0.0, 1.0],
                [0.998232, 0.057368, 0.01556, 0.0, -0.059354, 0.947859, 0.313115, 0.3, 0.003214, -0.313485, 0.949588, 0.0, 0.0, 0.0, 0.0, 1.0],
                [1.0, 0.0, 0.0, -0.0, -0.0, 0.977873, 0.2092, 0.3, -0.0, -0.2092, 0.977873, -0.0, 0.0, 0.0, 0.0, 1.0],
                [1.0, 0.0, 0.0, -0.0, -0.0, 0.977873, 0.2092, 0.3, 0.0, -0.2092, 0.977873, -0.0, 0.0, 0.0, 0.0, 1.0],
                [1.0, 0.0, 0.0, 0.0, -0.0, 0.977873, 0.2092, 0.3, 0.0, -0.2092, 0.977873, -0.0, 0.0, 0.0, 0.0, 1.0],
                [0.998827, 0.041477, 0.02499, 0.0, -0.045725, 0.977741, 0.204773, 0.3, -0.01594, -0.205676, 0.97849, -0.0, 0.0, 0.0, 0.0, 1.0]
            ]
        },
        {
            "name": "Head",
            "time": [0.0, 0.2, 0.6167, 1.1667, 1.3833, 1.55, 2.4667],
            "transform": [
                [0.880066, 0.035092, -0.473553, -0.0, -0.099339, 0.988805, -0.11134, 0.4, 0.464344, 0.145029, 0.8737, 0.0, 0.0, 0.0, 0.0, 1.0],
                [0.924328, -0.055335, -0.377567, -0.0, -0.041696, 0.968861, -0.244068, 0.4, 0.379315, 0.241341, 0.893238, 0.0, 0.0, 0.0, 0.0, 1.0],
                [0.937694, 0.006314, -0.347404, 0.0, -0.022834, 0.998793, -0.043478, 0.4, 0.346711, 0.048702, 0.936707, 0.0, 0.0, 0.0, 0.0, 1.0],
                [0.939676, 0.067527, -0.335336, 0.0, -0.007692, 0.984244, 0.176646, 0.4, 0.341981, -0.163411, 0.92539, 0.0, 0.0, 0.0, 0.0, 1.0],
                [0.939676, 0.067527, -0.335336, 0.0, -0.007692, 0.984244, 0.176646, 0.4, 0.341981, -0.163411, 0.92539, 0.0, 0.0, 0.0, 0.0, 1.0],
                [0.939676, 0.067527, -0.335336, 0.0, -0.007692, 0.984244, 0.176646, 0.4, 0.341981, -0.163411, 0.92539, 0.0, 0.0, 0.0, 0.0, 1.0],
                [0.9332, 0.018632, -0.358873, 0.0, -0.05326, 0.994797, -0.086849, 0.4, 0.355388, 0.100161, 0.929337, -0.0, 0.0, 0.0, 0.0, 1.0]
            ]
        },
        {
            "name": "Shoulder_R",
            "time": [0.0, 0.2, 0.6167, 1.1667, 1.3833, 1.55, 2.4667],
            "transform": [
                [0.0, 0.952114, 0.305743, -0.0, 0.0, -0.305743, 0.952114, 0.4, 1.0, 0.0, -0.0, 0.0, 0.0, 0.0, 0.0, 1.0],
                [0.0, 0.952114, 0.305743, -0.0, 0.0, -0.305743, 0.952114, 0.4, 1.0, 0.0, -0.0, 0.0, 0.0, 0.0, 0.0, 1.0],
                [-0.397326, 0.810234, 0.430875, 0.0, -0.046915, -0.486848, 0.872226, 0.4, 0.916478, 0.326343, 0.231449, 0.0, 0.0, 0.0, 0.0, 1.0],
                [0.0, 0.952114, 0.305743, 0.0, -0.0, -0.305743, 0.952114, 0.4, 1.0, 0.0, 0.0, 0.0, 0.0, 0.0, 0.0, 1.0],
                [0.0, 0.952114, 0.305743, 0.0, 0.0, -0.305743, 0.952114, 0.4, 1.0, 0.0, 0.0, 0.0, 0.0, 0.0, 0.0, 1.0],
                [0.0, 0.952114, 0.305743, 0.0, 0.0, -0.305743, 0.952114, 0.4, 1.0, 0.0, 0.0, 0.0, 0.0, 0.0, 0.0, 1.0],
                [0.0, 0.952114, 0.305743, 0.0, -0.0, -0.305743, 0.952114, 0.4, 1.0, -0.0, -0.0, -0.0, 0.0, 0.0, 0.0, 1.0]
            ]
        },
        {
            "name": "Arm_R",
            "time": [0.0, 0.2, 0.6167, 1.1667, 1.3833, 1.55, 2.4667],
            "transform": [
                [0.373767, 0.249155, -0.893432, -0.0, 0.600803, 0.668817, 0.437861, 0.393861, 0.706637, -0.700434, 0.100288, -0.0, 0.0, 0.0, 0.0, 1.0],
                [0.473028, 0.200877, -0.857842, 0.0, 0.473972, 0.762746, 0.439965, 0.393861, 0.742694, -0.614709, 0.265591, -0.0, 0.0, 0.0, 0.0, 1.0],
                [0.290575, 0.696697, -0.65588, -0.0, -0.40201, 0.710914, 0.577053, 0.393861, 0.868305, 0.095993, 0.486654, 0.0, 0.0, 0.0, 0.0, 1.0],
                [-0.435224, -0.32149, -0.840966, -0.0, 0.216446, 0.869316, -0.444344, 0.393861, 0.873917, -0.375413, -0.308762, 0.0, 0.0, 0.0, 0.0, 1.0],
                [-0.530567, -0.834652, 0.147831, -0.0, 0.213587, -0.300418, -0.929586, 0.393859, 0.820292, -0.461634, 0.337663, -0.0, 0.0, 0.0, 0.0, 1.0],
                [-0.521352, -0.762461, -0.383206, 0.0, 0.214233, 0.317736, -0.92366, 0.393861, 0.826012, -0.563647, -0.002309, 0.0, 0.0, 0.0, 0.0, 1.0],
                [0.441716, 0.235654, -0.865652, 0.0, 0.65206, 0.578395, 0.490182, 0.39386, 0.616202, -0.780978, 0.101826, 0.0, 0.0, 0.0, 0.0, 1.0]
            ]
        },
        {
            "name": "Hand_R",
            "time": [0.0, 0.2, 0.6167, 1.1667, 1.3833, 1.55, 2.4667],
            "transform": [
                [1.0, -2e-06, 1e-06, -0.0, 2e-06, 0.743103, -0.669178, 0.300003, 1e-06, 0.669177, 0.743103, -0.0, 0.0, 0.0, 0.0, 1.0],
                [1.0, -7e-06, 6e-06, -0.0, 7e-06, 0.170147, -0.985419, 0.300003, 6e-06, 0.985418, 0.170147, -0.0, 0.0, 0.0, 0.0, 1.0],
                [1.0, -2e-06, 1e-06, 0.0, 2e-06, 0.237321, -0.971431, 0.300002, 1e-06, 0.971431, 0.237322, -0.0, 0.0, 0.0, 0.0, 1.0],
                [1.0, -3e-06, 3e-06, 0.0, 3e-06, -0.036203, -0.999345, 0.300003, 3e-06, 0.999344, -0.036203, -0.0, 0.0, 0.0, 0.0, 1.0],
                [1.0, -1e-06, 0.0, -0.0, 1e-06, 0.966576, -0.256379, 0.300002, 0.0, 0.256379, 0.966576, -0.0, 0.0, 0.0, 0.0, 1.0],
                [1.0, -3e-06, 2e-06, -0.0, 3e-06, 0.553405, -0.832912, 0.300002, 2e-06, 0.832912, 0.553405, 0.0, 0.0, 0.0, 0.0, 1.0],
                [1.0, -2e-06, 1e-06, -0.0, 2e-06, 0.682382, -0.730996, 0.300003, 1e-06, 0.730995, 0.682382, 0.0, 0.0, 0.0, 0.0, 1.0]
            ]
        },
        {
            "name": "Tool_R",
            "time": [0.0, 0.2, 0.3, 0.6167, 0.8667, 1.1667, 1.2667, 1.3833, 1.55, 1.8833, 2.2, 2.4667],
            "transform": [
                [1.0, 0.0, 0.0, -0.0, -0.0, -0.999559, -0.029689, 0.271711, 0.0, 0.029689, -0.999559, -0.028915, 0.0, 0.0, 0.0, 1.0],
                [1.0, -0.0, 0.0, -0.0, 0.0, -0.575984, -0.817461, 0.271711, 0.0, 0.817461, -0.575984, -0.028915, 0.0, 0.0, 0.0, 1.0],
                [0.999905, -0.011668, 0.007366, -0.001093, 0.00559, -0.145538, -0.989337, 0.278222, 0.012615, 0.989284, -0.145459, -0.020202, 0.0, 0.0, 0.0, 1.0],
                [0.99142, -0.067337, 0.112038, -0.004216, -0.00645, -0.881265, -0.47258, 0.296823, 0.130557, 0.467802, -0.874138, 0.004691, 0.0, 0.0, 0.0, 1.0],
                [0.970019, -0.197698, 0.141345, -0.00286, -0.121366, -0.897945, -0.423042, 0.295465, 0.210554, 0.393205, -0.895018, -0.012802, 0.0, 0.0, 0.0, 1.0],
                [0.965003, -0.187096, 0.183749, 0.103541, 0.053097, -0.54678, -0.835591, 0.042102, 0.256806, 0.816105, -0.51771, -0.201532, 0.0, 0.0, 0.0, 1.0],
                [0.923013, -0.219998, 0.315671, 0.05343, 0.245304, -0.295608, -0.923278, 0.22352, 0.296434, 0.929633, -0.218884, -0.055391, 0.0, 0.0, 0.0, 1.0],
                [0.970122, -0.164738, 0.178115, -0.009726, 0.027127, -0.655882, -0.754376, 0.452159, 0.241097, 0.736668, -0.631817, 0.12879, 0.0, 0.0, 0.0, 1.0],
                [0.965003, -0.187096, 0.183749, -0.009726, 0.053097, -0.54678, -0.835591, 0.452159, 0.256806, 0.816105, -0.51771, 0.12879, 0.0, 0.0, 0.0, 1.0],
                [0.875033, 0.166319, -0.454593, -0.007651, 0.308417, -0.915381, 0.258761, 0.413665, -0.373089, -0.366629, -0.852284, 0.095147, 0.0, 0.0, 0.0, 1.0],
                [0.526447, -0.588195, -0.613905, -0.003483, 0.782352, 0.052473, 0.620622, 0.336336, -0.332833, -0.807015, 0.4878, 0.027565, 0.0, 0.0, 0.0, 1.0],
                [1.0, -0.0, 0.0, 0.0, 0.0, -0.818152, -0.575002, 0.271711, 0.0, 0.575002, -0.818152, -0.028915, 0.0, 0.0, 0.0, 1.0]
            ]
        },
        {
            "name": "Elbow_R",
            "time": [0.0, 2.4667],
            "transform": [
                [-1.0, 0.0, -0.0, -0.0, -0.0, 0.003946, -0.999992, 0.367897, -0.0, -0.999992, -0.003946, -0.000984, 0.0, 0.0, 0.0, 1.0],
                [-1.0, 0.0, -0.0, -0.0, 0.0, 0.003946, -0.999992, 0.37602, -0.0, -0.999992, -0.003946, -0.000952, 0.0, 0.0, 0.0, 1.0]
            ]
        },
        {
            "name": "Shoulder_L",
            "time": [0.0, 0.2, 0.6167, 1.1667, 1.3833, 1.55, 2.4667],
            "transform": [
                [-0.0, -0.952114, -0.305743, -0.0, 0.0, -0.305743, 0.952114, 0.4, -1.0, -0.0, 0.0, 0.0, 0.0, 0.0, 0.0, 1.0],
                [-0.0, -0.952114, -0.305743, -0.0, 0.0, -0.305743, 0.952114, 0.4, -1.0, -0.0, 0.0, 0.0, 0.0, 0.0, 0.0, 1.0],
                [0.221098, -0.94192, -0.252791, 0.0, -0.005298, -0.260362, 0.965497, 0.4, -0.975237, -0.21213, -0.062555, 0.0, 0.0, 0.0, 0.0, 1.0],
                [0.447663, -0.875767, -0.18064, 0.0, -0.022695, -0.213075, 0.976772, 0.4, -0.893914, -0.433165, -0.115261, 0.0, 0.0, 0.0, 0.0, 1.0],
                [0.447662, -0.875767, -0.18064, 0.0, -0.022695, -0.213075, 0.976772, 0.4, -0.893915, -0.433165, -0.115261, 0.0, 0.0, 0.0, 0.0, 1.0],
                [0.447662, -0.875767, -0.18064, 0.0, -0.022695, -0.213075, 0.976772, 0.4, -0.893915, -0.433165, -0.115261, 0.0, 0.0, 0.0, 0.0, 1.0],
                [-0.0, -0.952114, -0.305743, 0.0, 0.0, -0.305743, 0.952114, 0.4, -1.0, 0.0, 0.0, -0.0, 0.0, 0.0, 0.0, 1.0]
            ]
        },
        {
            "name": "Arm_L",
            "time": [0.0, 0.2, 0.6167, 1.1667, 1.3833, 1.55, 2.4667],
            "transform": [
                [-0.369182, 0.325251, 0.870584, 0.0, -0.574371, 0.656584, -0.48887, 0.39386, -0.730617, -0.68052, -0.055584, -0.0, 0.0, 0.0, 0.0, 1.0],
                [-0.142078, 0.603307, 0.78475, -0.0, -0.733868, 0.467823, -0.492523, 0.39386, -0.664267, -0.64588, 0.376281, -0.0, 0.0, 0.0, 0.0, 1.0],
                [-0.271835, 0.035071, 0.961704, 0.0, -0.672608, 0.707794, -0.215931, 0.39386, -0.688262, -0.705547, -0.168814, 0.0, 0.0, 0.0, 0.0, 1.0],
                [-0.492444, 0.779779, 0.386578, 0.0, -0.784494, -0.205328, -0.585157, 0.393861, -0.376918, -0.591426, 0.712845, -0.0, 0.0, 0.0, 0.0, 1.0],
                [0.037081, 0.627919, 0.777394, -0.0, -0.811342, 0.473068, -0.343408, 0.393861, -0.583393, -0.617999, 0.526999, 0.0, 0.0, 0.0, 0.0, 1.0],
                [-0.194885, 0.642392, 0.741182, -0.0, -0.826664, 0.299115, -0.476609, 0.393861, -0.527869, -0.705593, 0.47275, -0.0, 0.0, 0.0, 0.0, 1.0],
                [-0.608066, 0.358025, 0.708571, 0.0, -0.549198, 0.454798, -0.701099, 0.39386, -0.573268, -0.81546, -0.079921, -0.0, 0.0, 0.0, 0.0, 1.0]
            ]
        },
        {
            "name": "Hand_L",
            "time": [0.0, 0.2, 0.6167, 1.1667, 1.3833, 1.55, 2.4667],
            "transform": [
                [1.0, 1e-06, -0.0, -0.0, -1e-06, 0.804541, -0.593898, 0.300002, -0.0, 0.593898, 0.80454, -0.0, 0.0, 0.0, 0.0, 1.0],
                [1.0, -3e-06, 2e-06, 0.0, 3e-06, 0.454073, -0.890965, 0.300003, 2e-06, 0.890964, 0.454074, -0.0, 0.0, 0.0, 0.0, 1.0],
                [1.0, 2e-06, -1e-06, -0.0, -2e-06, 0.466952, -0.884283, 0.300002, -1e-06, 0.884283, 0.466952, 0.0, 0.0, 0.0, 0.0, 1.0],
                [1.0, 0.0, 0.0, -0.0, -0.0, 0.874352, -0.485292, 0.300003, -0.0, 0.485292, 0.874352, 0.0, 0.0, 0.0, 0.0, 1.0],
                [1.0, -1e-06, 1e-06, 0.0, 1e-06, 0.182224, -0.983257, 0.300003, 1e-06, 0.983258, 0.182224, -0.0, 0.0, 0.0, 0.0, 1.0],
                [1.0, -1e-06, 0.0, 0.0, 1e-06, 0.503671, -0.863896, 0.300003, 0.0, 0.863897, 0.503671, -0.0, 0.0, 0.0, 0.0, 1.0],
                [1.0, 0.0, -0.0, 0.0, 0.0, 0.943615, -0.331047, 0.300003, 0.0, 0.331046, 0.943614, 0.0, 0.0, 0.0, 0.0, 1.0]
            ]
        },
        {
            "name": "Tool_L",
            "time": [0.0, 0.2, 0.6167, 1.1667, 1.3833, 1.55, 2.4667],
            "transform": [
                [1.0, -0.0, 0.0, -0.0, 0.0, -0.999559, -0.029689, 0.271711, 0.0, 0.029689, -0.99956, -0.028915, 0.0, 0.0, 0.0, 1.0],
                [1.0, -0.0, 0.0, -0.0, -0.0, -0.999559, -0.029689, 0.271711, 0.0, 0.029689, -0.999559, -0.028915, 0.0, 0.0, 0.0, 1.0],
                [1.0, 0.0, 0.0, 0.0, 0.0, -0.999559, -0.029689, 0.271711, 0.0, 0.029689, -0.999559, -0.028915, 0.0, 0.0, 0.0, 1.0],
                [1.0, -0.0, 0.0, -0.0, 0.0, -0.999559, -0.029689, 0.271711, 0.0, 0.029689, -0.999559, -0.028915, 0.0, 0.0, 0.0, 1.0],
                [1.0, -0.0, 0.0, 0.0, 0.0, -0.999559, -0.029689, 0.271711, 0.0, 0.029689, -0.999559, -0.028915, 0.0, 0.0, 0.0, 1.0],
                [1.0, -0.0, 0.0, 0.0, 0.0, -0.999559, -0.029689, 0.271711, 0.0, 0.029689, -0.999559, -0.028915, 0.0, 0.0, 0.0, 1.0],
                [1.0, 0.0, 0.0, 0.0, 0.0, -0.999559, -0.029689, 0.271711, 0.0, 0.029689, -0.999559, -0.028915, 0.0, 0.0, 0.0, 1.0]
            ]
        },
        {
            "name": "Elbow_L",
            "time": [0.0, 2.4667],
            "transform": [
                [-1.0, 0.0, 0.0, -0.0, 0.0, 0.003946, -0.999992, 0.358788, -0.0, -0.999992, -0.003946, -0.00102, 0.0, 0.0, 0.0, 1.0],
                [-1.0, 0.0, -0.0, 0.0, 0.0, 0.003946, -0.999992, 0.330817, -0.0, -0.999993, -0.003946, -0.001131, 0.0, 0.0, 0.0, 1.0]
            ]
        }
    ]
}